,participant_id,function_fid,system_timestamp,device_timestamp,valid_gaze_left,valid_gaze_right,gaze_left_eye,gaze_right_eye,valid_pd_left,valid_pd_right,pd_left,pd_right,irl_left_eye_coordinates,irl_right_eye_coordinates,irl_left_point_on_screen,irl_right_point_on_screen,geometry,-----------.1,std::list<int>.1,afunc.1,const.1,-----------.2,std::list<int>.2,numList.1,-----------.3,std::list<int>.3,edited.1,for.1,int.1,num.1,-----------.4,numList.2,if.1,num.2,==.1,0.1,-----------.6,edited.2,push_front.1,-----------.7,num.3,-----------.8,-----------.9,-----------.10,for.2,int.2,num.4,-----------.11,numList.3,if.2,num.5,!=.0,0.2,-----------.14,edited.3,push_back.1,num.6,-----------.15,-----------.16,-----------.17,return.1,edited.4,-----------.18,question,code,choices
0,11,15,65323839705,1522700035,1,1,"(0.447257399559021, 0.29707327485084534)","(0.4071333408355713, 0.2994120419025421)",1,1,2.765121459960937,2.4846954345703125,"(-61.92084503173828, -26.91952896118164, 651.7763671875)","(2.900242328643799, -25.88418960571289, 655.5905151367188)","(-18.006513595581055, 146.2716064453125, 42.596717834472656)","(-31.910972595214844, 145.84320068359375, 42.4407958984375)",POINT (0.4271953701972961 0.2982426583766937),,,,,,,,,,,,,,,,,,,,,,,,,,,,,,,,,,,,,,,,,,,,,,,,1,
0,11,15,65323856373,1522716702,1,1,"(0.43688124418258667, 0.283562034368515)","(0.4093674421310425, 0.2673328220844269)",1,1,2.790679931640625,2.424041748046875,"(-61.937644958496094, -26.930614471435547, 651.939453125)","(2.8880743980407715, -25.883392333984375, 655.7685546875)","(-21.60222625732422, 148.7464599609375, 43.49750900268555)","(-31.136768341064453, 151.71920776367188, 44.57947540283203)",POINT (0.4231243431568146 0.275447428226471),,,,,,,,,,,,,,,,,,,,,,,,,,,,,,,,,,,,,,,,,,,,,,,1,1,
0,11,15,65323873039,1522733368,1,1,"(0.44076988101005554, 0.26476550102233887)","(0.4145669937133789, 0.27864986658096313)",1,1,2.73553466796875,2.455810546875,"(-61.954315185546875, -26.930931091308594, 652.009033203125)","(2.879129648208618, -25.879762649536133, 655.720947265625)","(-20.25467300415039, 152.18946838378906, 44.75060272216797)","(-29.334938049316406, 149.646240234375, 43.82500076293945)",POINT (0.4276684373617172 0.271707683801651),,,,,,,,,,,,,,,,,,,,,,,,,,,,,,,,,,,,,,,,,,,,,,,1,1,
0,11,15,65323889707,1522750035,1,1,"(0.44332435727119446, 0.2819141745567322)","(0.4095841348171234, 0.3086669147014618)",1,1,2.7796783447265625,2.5286407470703125,"(-61.96514892578125, -26.928157806396484, 652.1503295898438)","(2.8742547035217285, -25.875022888183594, 655.72119140625)","(-19.369476318359375, 149.0482940673828, 43.607391357421875)","(-31.06168556213379, 144.14796447753906, 41.82381057739258)",POINT (0.4264542460441589 0.295290544629097),,,,,,,,,,,,,,,,,,,,,,,,,,,,,,,,,,,,,,,,,,,,,,,1,1,
0,11,15,65323906373,1522766701,1,1,"(0.43781518936157227, 0.2924937307834625)","(0.4092305898666382, 0.29334697127342224)",1,1,2.8071441650390625,2.5174102783203125,"(-61.97060775756836, -26.922327041625977, 652.2570190429688)","(2.870515823364258, -25.865129470825195, 655.6144409179688)","(-21.27858543395996, 147.11044311523438, 42.90206527709961)","(-31.184194564819336, 146.95413208007812, 42.84520721435547)",POINT (0.4235228896141052 0.2929203510284424),,,,,,,,,,,,,,,,,,,,,,,,,,,,,,,,,,,,,,,,,,,,,,,1,1,
0,11,15,65323923041,1522783368,1,1,"(0.4409354627132416, 0.27105164527893066)","(0.40764349699020386, 0.2753221094608307)",1,1,2.7889862060546875,2.4835357666015625,"(-61.97764587402344, -26.896203994750977, 652.3998413085938)","(2.8643670082092285, -25.836091995239258, 655.5554809570312)","(-20.197294235229492, 151.03802490234375, 44.3315315246582)","(-31.73417854309082, 150.2557830810547, 44.0468864440918)",POINT (0.4242894798517227 0.2731868773698807),,,,,,,,,,,,,,,,,,,,,,,,,,,,,,,,,,,,,,,,,,,,,,,1,1,
0,11,15,65323939708,1522800035,1,1,"(0.4343299865722656, 0.17441508173942566)","(0.4094599783420563, 0.29347261786460876)",1,1,2.654052734375,2.52996826171875,"(-61.954280853271484, -26.874671936035156, 652.3200073242188)","(2.8671975135803223, -25.79376220703125, 655.6268920898438)","(-22.486337661743164, 168.7390594482422, 50.77421951293945)","(-31.10470962524414, 146.93113708496094, 42.836788177490234)",POINT (0.421894982457161 0.2339438498020172),,,,,,,,,,,,,,,,,,,,,,,,,,,,,,,,,,,,,,,,,,,,,,,,1,
0,11,15,65323956375,1522816701,1,1,"(0.45012569427490234, 0.2836143970489502)","(0.408447265625, 0.3332850933074951)",1,1,2.829437255859375,2.555160522460937,"(-61.9281005859375, -26.859159469604492, 652.3364868164062)","(2.893618583679199, -25.763147354125977, 655.733642578125)","(-17.012535095214844, 148.73687744140625, 43.494022369384766)","(-31.455646514892578, 139.6386260986328, 40.18254470825195)",POINT (0.4292864799499512 0.3084497451782227),,,,,,,,,,,,,,,,,,,,,,,,,,,,,,,,,,,,,,,,,,,,,,,,1,
0,11,15,65323973047,1522833373,1,1,"(0.44370511174201965, 0.35576120018959045)","(0.4082614779472351, 0.278443843126297)",1,1,2.9265594482421875,2.4649200439453125,"(-61.89698028564453, -26.820804595947266, 652.3424072265625)","(2.918008327484131, -25.727027893066406, 655.8284912109375)","(-19.237504959106445, 135.52163696289062, 38.68408203125)","(-31.520009994506836, 149.68397521972656, 43.8387336730957)",POINT (0.4259832948446274 0.3171025216579437),,,,,,,,,,,,,,,,,,,,,,,,,,,,,,,,,,,,,,,,,,,,,,,,1,
0,11,15,65323989715,1522850040,1,1,"(0.4402252435684204, 0.30986765027046204)","(0.40646398067474365, 0.3325626254081726)",1,1,2.84991455078125,2.526519775390625,"(-61.8795166015625, -26.788894653320312, 652.4886474609375)","(2.9424593448638916, -25.71630859375, 655.81640625)","(-20.443416595458984, 143.9280548095703, 41.743709564208984)","(-32.142921447753906, 139.77096557617188, 40.230743408203125)",POINT (0.423344612121582 0.3212151378393173),,,,,,,,,,,,,,,,,,,,,,,,,,,,,,,,,,,,,,,,,,,,,,,,1,
0,11,15,65324006382,1522866707,1,1,"(0.43855035305023193, 0.22681711614131927)","(0.4013552665710449, 0.2812593877315521)",1,1,2.7278289794921875,2.4709930419921875,"(-61.83927917480469, -26.766944885253906, 652.4725341796875)","(2.990377902984619, -25.70724868774414, 655.6138305664062)","(-21.023813247680664, 159.1405029296875, 47.2806510925293)","(-33.91327667236328, 149.16822814941406, 43.651031494140625)",POINT (0.4199528098106384 0.2540382519364357),,,,,,,,,,,,,,,,,,,,,,,,,,,,,,,,,,,,,,,,,,,,,,,1,1,
0,11,15,65324023041,1522883365,1,1,"(0.44461363554000854, 0.3091673254966736)","(0.40553605556488037, 0.33074069023132324)",1,1,2.826690673828125,2.550933837890625,"(-61.8034553527832, -26.743621826171875, 652.515380859375)","(3.034482002258301, -25.693828582763672, 655.601318359375)","(-18.92266273498535, 144.05633544921875, 41.790409088134766)","(-32.46448516845703, 140.1046905517578, 40.352176666259766)",POINT (0.4250748455524445 0.3199540078639984),,,,,,,,,,,,,,,,,,,,,,,,,,,,,,,,,,,,,,,,,,,,,,,,1,
0,11,15,65324039716,1522900040,1,1,"(0.4415849447250366, 0.34234172105789185)","(0.39951279759407043, 0.3131990432739258)",1,1,2.911239624023437,2.511703491210937,"(-61.76373291015625, -26.729278564453125, 652.4629516601562)","(3.077847957611084, -25.681575775146484, 655.77880859375)","(-19.97222900390625, 137.97972106933594, 39.57874298095703)","(-34.55175018310547, 143.3177947998047, 41.52165603637695)",POINT (0.4205488711595535 0.3277703821659088),,,,,,,,,,,,,,,,,,,,,,,,,,,,,,,,,,,,,,,,,,,,,,,,1,
0,11,15,65324056383,1522916706,1,1,"(0.4386920630931854, 0.2806401550769806)","(0.40144869685173035, 0.3385835587978363)",1,1,2.8070068359375,2.5162811279296875,"(-61.74337387084961, -26.71565818786621, 652.419189453125)","(3.096881866455078, -25.6824893951416, 655.9093627929688)","(-20.974716186523438, 149.28167724609375, 43.69233322143555)","(-33.88090896606445, 138.66810607910156, 39.82927703857422)",POINT (0.4200703799724579 0.3096118569374084),,,,,,,,,,,,,,,,,,,,,,,,,,,,,,,,,,,,,,,,,,,,,,,,1,
0,11,15,65324073050,1522933373,1,1,"(0.4411543011665344, 0.2779328525066376)","(0.39735737442970276, 0.3248792290687561)",1,1,2.805694580078125,2.5102081298828125,"(-61.72345733642578, -26.707576751708984, 652.518798828125)","(3.1140477657318115, -25.68161392211914, 656.0516357421875)","(-20.1214599609375, 149.77757263183594, 43.87278747558594)","(-35.298702239990234, 141.1783447265625, 40.742950439453125)",POINT (0.4192558377981186 0.3014060407876968),,,,,,,,,,,,,,,,,,,,,,,,,,,,,,,,,,,,,,,,,,,,,,,,1,
0,11,15,65324089718,1522950040,1,1,"(0.41287752985954285, 0.1974382996559143)","(0.38370171189308167, 0.17825502157211304)",1,1,2.8084716796875,2.49481201171875,"(-61.70454406738281, -26.514074325561523, 652.521728515625)","(3.0104739665985107, -25.563549041748047, 655.9815673828125)","(-29.920387268066406, 164.52186584472656, 49.239288330078125)","(-40.0308952331543, 168.0356903076172, 50.51820755004883)",POINT (0.3982896208763123 0.1878466606140137),,,,,,,,,,,,,,,,,,,,,,,,,,,,,,,,,,,,,,,,,,,,,,,1,,
0,11,15,65324106382,1522966704,1,1,"(0.41610947251319885, 0.1952296644449234)","(0.38757210969924927, 0.19807906448841095)",1,1,2.773468017578125,2.499252319335937,"(-61.65681457519531, -26.453161239624023, 652.6025390625)","(2.9859070777893066, -25.50130844116211, 655.839111328125)","(-28.80040740966797, 164.92642211914062, 49.38654327392578)","(-38.68965148925781, 164.40447998046875, 49.196598052978516)",POINT (0.4018407911062241 0.1966543644666672),,,,,,,,,,,,,,,,,,,,,,,,,,,,,,,,,,,,,,,,,,,,,,,,,
0,11,15,65324123058,1522983379,1,1,"(0.4154753088951111, 0.16451223194599152)","(0.38529273867607117, 0.20673972368240356)",1,1,2.7667999267578125,2.513397216796875,"(-61.65208435058594, -26.44455337524414, 652.5795288085938)","(3.0398035049438477, -25.503459930419922, 655.8505859375)","(-29.020172119140625, 170.55296325683594, 51.434471130371094)","(-39.47952651977539, 162.81809997558594, 48.61919021606445)",POINT (0.4003840237855911 0.1856259778141975),,,,,,,,,,,,,,,,,,,,,,,,,,,,,,,,,,,,,,,,,,,,,,,1,,
0,11,15,65324139716,1523000037,1,1,"(0.4150937497615814, 0.1730426549911499)","(0.38097307085990906, 0.211018905043602)",1,1,2.7655792236328125,2.491241455078125,"(-61.6455078125, -26.416444778442383, 652.652587890625)","(3.078139543533325, -25.480764389038086, 656.052001953125)","(-29.152381896972656, 168.9904327392578, 50.86572265625)","(-40.97645568847656, 162.03428649902344, 48.33387756347656)",POINT (0.3980334103107452 0.192030780017376),,,,,,,,,,,,,,,,,,,,,,,,,,,,,,,,,,,,,,,,,,,,,,,,,
0,11,15,65324156384,1523016704,1,1,"(0.4071201980113983, 0.17578017711639404)","(0.3812108337879181, 0.2155802845954895)",1,1,2.72381591796875,2.49462890625,"(-61.62996292114258, -26.383224487304688, 652.7149658203125)","(3.104632616043091, -25.471282958984375, 656.1585693359375)","(-31.91552734375, 168.489013671875, 50.6832275390625)","(-40.89407730102539, 161.1987762451172, 48.0297737121582)",POINT (0.3941655158996582 0.1956802308559418),,,,,,,,,,,,,,,,,,,,,,,,,,,,,,,,,,,,,,,,,,,,,,,,,
0,11,15,65324173051,1523033371,1,1,"(0.3970872461795807, 0.12517739832401276)","(0.3652852773666382, 0.1755143105983734)",1,1,2.7017822265625,2.50848388671875,"(-61.647911071777344, -26.29599380493164, 652.7593994140625)","(3.0762736797332764, -25.431617736816406, 655.9920654296875)","(-35.392303466796875, 177.7579803466797, 54.05683135986328)","(-46.41285705566406, 168.53770446777344, 50.70094299316406)",POINT (0.3811862617731094 0.1503458544611931),,,,,,,,,,,,,,,,,,,,,,,,,,,,,,,,,,,,,,,,,,,,,,,1,,
0,11,15,65324189718,1523050037,1,1,"(0.34725043177604675, 0.03677523136138916)","(0.31344690918922424, 0.15532563626766205)",1,1,2.642318725585937,2.4975738525390625,"(-61.71868133544922, -26.167861938476562, 652.6973876953125)","(2.888947010040283, -25.256866455078125, 656.1838989257812)","(-52.6625862121582, 193.9507293701172, 59.95050811767578)","(-64.37674713134766, 172.23570251464844, 52.046871185302734)",POINT (0.3303486704826355 0.0960504338145256),,,,,,,,,,,,,,,,,,,,,,,,,,,,,,,,,,,,,,,,,,,,,,,,,
0,11,15,65324206394,1523066713,1,1,"(0.35179388523101807, 0.05448494479060173)","(0.3168988525867462, 0.17497508227825165)",1,1,2.663116455078125,2.5246734619140625,"(-61.714447021484375, -26.17453384399414, 652.74609375)","(2.898617744445801, -25.25824737548828, 656.1959838867188)","(-51.088111877441406, 190.70681762695312, 58.76981735229492)","(-63.18052673339844, 168.63648986816406, 50.73687744140625)",POINT (0.3343463689088821 0.1147300135344267),,,,,,1,,,,,,,,,,,,,,,,,,,,,,,,,,,,,,,,,,,,,,,,,,,
0,11,15,65324223061,1523083379,1,1,"(0.3366168439388275, 0.06364832073450089)","(0.3200385868549347, 0.1718408614397049)",1,1,2.64398193359375,2.52490234375,"(-61.70801544189453, -26.145648956298828, 652.86669921875)","(2.9236865043640137, -25.262989044189453, 656.124267578125)","(-56.3475227355957, 189.02833557128906, 58.158935546875)","(-62.09248733520508, 169.2105712890625, 50.945838928222656)",POINT (0.3283277153968811 0.1177445910871029),,,,,,,,,,,,,,,,,,,,,,,,,,,,,,,,,,,,,,,,,,,,,,,,,
0,11,15,65324239732,1523100050,1,1,"(0.3442152738571167, 0.0677369013428688)","(0.32751864194869995, 0.15901169180870056)",1,1,2.646636962890625,2.4932861328125,"(-61.698997497558594, -26.119434356689453, 652.9169921875)","(2.9359207153320312, -25.25834083557129, 656.1361083984375)","(-53.71438217163086, 188.27943420410156, 57.886329650878906)","(-59.50038528442383, 171.56051635742188, 51.80115509033203)",POINT (0.3358669579029083 0.1133742965757847),,,,,,1,,,,,,,,,,,,,,,,,,,,,,,,,,,,,,,,,,,,,,,,,,,
0,11,15,65324256401,1523116718,1,1,"(0.3453068733215332, 0.052558086812496185)","(0.32464995980262756, 0.16313737630844116)",1,1,2.608993530273437,2.50250244140625,"(-61.68367004394531, -26.11038589477539, 652.9673461914062)","(2.9799458980560303, -25.27326202392578, 656.1951904296875)","(-53.33609390258789, 191.05975341796875, 58.89832305908203)","(-60.49448013305664, 170.8048095703125, 51.52610397338867)",POINT (0.3349784165620804 0.1078477315604687),,,,,,1,,,,,,,,,,,,,,,,,,,,,,,,,,,,,,,,,,,,,,,,,,,
0,11,15,65324273058,1523133375,1,1,"(0.3481851816177368, 0.07845499366521835)","(0.3145001232624054, 0.15908759832382202)",1,1,2.661865234375,2.504989624023437,"(-61.66912078857422, -26.102842330932617, 653.1619873046875)","(3.0364890098571777, -25.276424407958984, 656.30224609375)","(-52.33865737915039, 186.31619262695312, 57.17176818847656)","(-64.01176452636719, 171.5465850830078, 51.796112060546875)",POINT (0.3313426524400711 0.1187712959945202),,,,,,,,,,,,,,,,,,,,,,,,,,,,,,,,,,,,,,,,,,,,,,,,,
0,11,15,65324289726,1523150042,1,1,"(0.34724196791648865, 0.05108059197664261)","(0.31164243817329407, 0.1505013257265091)",1,1,2.6008758544921875,2.486541748046875,"(-61.648582458496094, -26.090038299560547, 653.2131958007812)","(3.0699098110198975, -25.27287483215332, 656.4207763671875)","(-52.6655158996582, 191.3303985595703, 58.99679183959961)","(-65.00205993652344, 173.11936950683594, 52.368526458740234)",POINT (0.3294422030448914 0.1007909588515758),,,,,,1,,,,,,,,,,,,,,,,,,,,,,,,,,,,,,,,,,,,,,,,,,,
0,11,15,65324306393,1523166709,1,1,"(0.34443098306655884, 0.06779220700263977)","(0.31375133991241455, 0.16076824069023132)",1,1,2.623199462890625,2.486557006835937,"(-61.60694885253906, -26.09079360961914, 653.0780639648438)","(3.0954954624176025, -25.27022933959961, 656.4444580078125)","(-53.639625549316406, 188.26930236816406, 57.882659912109375)","(-64.27124786376953, 171.23876953125, 51.684017181396484)",POINT (0.3290911614894867 0.1142802238464356),,,,,,1,,,,,,,,,,,,,,,,,,,,,,,,,,,,,,,,,,,,,,,,,,,
0,11,15,65324323060,1523183375,1,1,"(0.3439095616340637, 0.07911843061447144)","(0.3222941756248474, 0.16225798428058624)",1,1,2.644134521484375,2.4775390625,"(-61.553184509277344, -26.088714599609375, 653.0162353515625)","(3.126168727874756, -25.27423095703125, 656.396484375)","(-53.8203239440918, 186.19468688964844, 57.12752914428711)","(-61.31083679199219, 170.96588134765625, 51.58470916748047)",POINT (0.3331018686294556 0.1206882074475288),,,,,,,,,,,,,,,,,,,,,,,,,,,,,,,,,,,,,,,,,,,,,,,,,
0,11,15,65324339727,1523200042,1,1,"(0.3459870517253876, 0.049270469695329666)","(0.3262438476085663, 0.15949326753616333)",1,1,2.593841552734375,2.4673614501953125,"(-61.51753616333008, -26.088455200195312, 653.0711669921875)","(3.159512758255005, -25.2924861907959, 656.419921875)","(-53.10039138793945, 191.6619415283203, 59.117515563964844)","(-59.942134857177734, 171.4722900390625, 51.76906204223633)",POINT (0.3361154496669769 0.1043818686157465),,,,,,1,,,,,,,,,,,,,,,,,,,,,,,,,,,,,,,,,,,,,,,,,,,
0,11,15,65324356397,1523216711,1,1,"(0.34560054540634155, 0.056900754570961)","(0.3245697021484375, 0.1602226048707962)",1,1,2.602325439453125,2.4850616455078125,"(-61.467979431152344, -26.095918655395508, 653.1884155273438)","(3.216125726699829, -25.331024169921875, 656.6575927734375)","(-53.23433303833008, 190.26429748535156, 58.608768463134766)","(-60.52228546142578, 171.3386993408203, 51.72044372558594)",POINT (0.3350851237773895 0.1085616797208786),,,,,,1,,,,,,,,,,,,,,,,,,,,,,,,,,,,,,,,,,,,,,,,,,,
0,11,15,65324373065,1523233379,1,1,"(0.31834572553634644, 0.0779319554567337)","(0.30073562264442444, 0.1446325033903122)",1,1,2.6150665283203125,2.447296142578125,"(-61.46659851074219, -26.113191604614258, 653.3082885742188)","(3.2103567123413086, -25.371686935424805, 656.7052612304688)","(-62.67911911010742, 186.4119873046875, 57.206607818603516)","(-68.78166961669922, 174.19439697265625, 52.75972366333008)",POINT (0.3095406740903854 0.111282229423523),,,,,,,,,,,,,,,,,,,,,,,,,,,,,,,,,,,,,,,,,,,,,,,,,
0,11,15,65324389732,1523250045,1,1,"(0.31953662633895874, 0.07353761792182922)","(0.3024084270000458, 0.14809978008270264)",1,1,2.610015869140625,2.4665069580078125,"(-61.451602935791016, -26.112092971801758, 653.33544921875)","(3.223245620727539, -25.387271881103516, 656.8001708984375)","(-62.26642608642578, 187.21688842773438, 57.49962615966797)","(-68.20198059082031, 173.5592498779297, 52.52864456176758)",POINT (0.3109725266695023 0.1108186990022659),,,,,,,,,,,,,,,,,,,,,,,,,,,,,,,,,,,,,,,,,,,,,,,,,
0,11,15,65324406399,1523266712,1,1,"(0.31576022505760193, 0.07507354021072388)","(0.29744645953178406, 0.16130030155181885)",1,1,2.6126861572265625,2.48004150390625,"(-61.39282989501953, -26.084293365478516, 653.3834228515625)","(3.2861194610595703, -25.38037109375, 656.7039794921875)","(-63.575096130371094, 186.93557739257812, 57.39722442626953)","(-69.9214859008789, 171.14129638671875, 51.648597717285156)",POINT (0.306603342294693 0.1181869208812714),,,,,,,,,,,,,,,,,,,,,,,,,,,,,,,,,,,,,,,,,,,,,,,,,
0,11,15,65324423067,1523283379,1,1,"(0.3147181570529938, 0.08473021537065506)","(0.29622846841812134, 0.15691004693508148)",1,1,2.6254119873046875,2.479736328125,"(-61.34339141845703, -26.06972312927246, 653.3441162109375)","(3.3399715423583984, -25.382266998291016, 656.668212890625)","(-63.93620300292969, 185.166748046875, 56.75341033935547)","(-70.34355926513672, 171.9454803466797, 51.941246032714844)",POINT (0.3054733127355576 0.1208201311528683),,,,,,,,,,,,,,,,,,,,,,,,,,,,,,,,,,,,,,,,,,,,,,,,,
0,11,15,65324439734,1523300046,1,1,"(0.32126644253730774, 0.08031713217496872)","(0.30053168535232544, 0.17069290578365326)",1,1,2.63507080078125,2.4793701171875,"(-61.29857635498047, -26.04592514038086, 653.4241943359375)","(3.378725528717041, -25.347089767456055, 656.7393798828125)","(-61.666988372802734, 185.97509765625, 57.04765319824219)","(-68.85233306884766, 169.4208526611328, 51.022342681884766)",POINT (0.3108990639448166 0.125505018979311),,,,,,,,,,,,,,,,,,,,,,,,,,,,,,,,,,,,,,,,,,,,,,,,,
0,11,15,65324456401,1523316712,1,1,"(0.3222779333591461, 0.0737626925110817)","(0.2992701828479767, 0.15537859499454498)",1,1,2.635589599609375,2.491943359375,"(-61.260284423828125, -26.03607940673828, 653.407470703125)","(3.4101762771606445, -25.358291625976562, 656.8583374023438)","(-61.316463470458984, 187.17567443847656, 57.4846076965332)","(-69.28948974609375, 172.2259979248047, 52.04336929321289)",POINT (0.3107740581035614 0.1145706437528133),,,,,,1,,,,,,,,,,,,,,,,,,,,,,,,,,,,,,,,,,,,,,,,,,,
0,11,15,65324473068,1523333379,1,1,"(0.31844422221183777, 0.06257375329732895)","(0.29865631461143494, 0.1735425740480423)",1,1,2.6113433837890625,2.520416259765625,"(-61.2266960144043, -26.024904251098633, 653.44970703125)","(3.4497270584106445, -25.343069076538086, 656.9293212890625)","(-62.644996643066406, 189.2251739501953, 58.23055648803711)","(-69.5022201538086, 168.89886474609375, 50.8323974609375)",POINT (0.3085502684116364 0.1180581636726856),,,,,,,,,,,,,,,,,,,,,,,,,,,,,,,,,,,,,,,,,,,,,,,,,
0,11,15,65324489743,1523350053,1,1,"(0.31302449107170105, 0.06831616908311844)","(0.29973629117012024, 0.16360953450202942)",1,1,2.636688232421875,2.4997711181640625,"(-61.216800689697266, -26.013174057006836, 653.583984375)","(3.475835084915161, -25.327587127685547, 656.8814697265625)","(-64.52312469482422, 188.17332458496094, 57.84771728515625)","(-69.12797546386719, 170.7183380126953, 51.494564056396484)",POINT (0.3063803911209106 0.1159628517925739),,,,,,1,,,,,,,,,,,,,,,,,,,,,,,,,,,,,,,,,,,,,,,,,,,
0,11,15,65324506410,1523366720,1,1,"(0.4012167155742645, 0.04141921550035477)","(0.3835991322994232, 0.17068856954574585)",1,1,2.59478759765625,2.503631591796875,"(-60.97500991821289, -25.976757049560547, 653.6170654296875)","(3.7250733375549316, -25.304706573486328, 656.8792724609375)","(-33.9612922668457, 193.10008239746094, 59.64091110229492)","(-40.06642532348633, 169.42164611816406, 51.02267837524414)",POINT (0.3924079239368439 0.1060538925230503),,,,,,,,,,,,,,,,,,,,,,,,,,,,,,,,,,,,,,,,,,,,,,,,,
0,11,15,65324523078,1523383387,1,1,"(0.4185373783111572, 0.06438639014959335)","(0.39375078678131104, 0.1470479518175125)",1,1,2.612533569335937,2.50262451171875,"(-60.73786926269531, -25.94267463684082, 653.505126953125)","(3.941293954849243, -25.34758949279785, 657.0906982421875)","(-27.95905876159668, 188.8931427001953, 58.109703063964844)","(-36.54850769042969, 173.75192260742188, 52.598777770996094)",POINT (0.4061440825462341 0.1057171709835529),,,,,,,1,,,,,,,,,,,,,,,,,,,,,,,,,,,,,,,,,,,,,,,,,,
0,11,15,65324539743,1523400052,1,1,"(0.4268801510334015, 0.06403649598360062)","(0.405644029378891, 0.1481127291917801)",1,1,2.63995361328125,2.4917755126953125,"(-60.70714569091797, -25.92693519592285, 653.546875)","(3.973965883255005, -25.347732543945312, 657.1258544921875)","(-25.067970275878906, 188.9572296142578, 58.133026123046875)","(-32.427059173583984, 173.55690002441406, 52.52775955200195)",POINT (0.4162620902061462 0.1060746125876904),,,,,,,,,,,,,,,,,,,,,,,,,,,,,,,,,,,,,,,,,,,,,,,,,
0,11,15,65324556412,1523416720,1,1,"(0.43425267934799194, 0.0548587329685688)","(0.41200101375579834, 0.14219151437282562)",1,1,2.6351776123046875,2.4954376220703125,"(-60.63835906982422, -25.92178726196289, 653.7042236328125)","(4.052617073059082, -25.373931884765625, 657.1848754882812)","(-22.513118743896484, 190.6383514404297, 58.74489212036133)","(-30.224132537841797, 174.6414794921875, 52.922542572021484)",POINT (0.4231268465518951 0.0985251236706972),,,,,,,1,,,,,,,,,,,,,,,,,,,,,,,,,,,,,,,,,,,,,,,,,,
0,11,15,65324573077,1523433385,1,1,"(0.43327340483665466, 0.060631029307842255)","(0.4068963825702667, 0.15437467396259308)",1,1,2.628326416015625,2.520843505859375,"(-60.54714584350586, -25.868844985961914, 653.565673828125)","(4.13294792175293, -25.366899490356445, 657.339111328125)","(-22.85247802734375, 189.58102416992188, 58.36006546020508)","(-31.993087768554688, 172.40989685058594, 52.110286712646484)",POINT (0.4200848937034607 0.1075028516352177),,,,,,,,,,,,,,,,,,,,,,,,,,,,,,,,,,,,,,,,,,,,,,,,,
0,11,15,65324589746,1523450053,1,1,"(0.4259873330593109, 0.04032221436500549)","(0.404931902885437, 0.14883248507976532)",1,1,2.643951416015625,2.501861572265625,"(-60.457305908203125, -25.82512092590332, 653.7864990234375)","(4.229038238525391, -25.32558250427246, 657.3140258789062)","(-25.37737274169922, 193.30101013183594, 59.71406555175781)","(-32.67384338378906, 173.425048828125, 52.479766845703125)",POINT (0.415459617972374 0.0945773497223854),,,,,,,,,,,,,,,,,,,,,,,,,,,,,,,,,,,,,,,,,,,,,,,,,
0,11,15,65324606413,1523466720,1,1,"(0.42763954401016235, 0.08952069282531738)","(0.4025537967681885, 0.1668969839811325)",1,1,2.6862945556640625,2.5203094482421875,"(-60.363258361816406, -25.712867736816406, 653.9107666015625)","(4.340351104736328, -25.289794921875, 657.825927734375)","(-24.804819107055664, 184.2892303466797, 56.43406677246094)","(-33.497947692871094, 170.11614990234375, 51.275474548339844)",POINT (0.4150966703891754 0.128208838403225),,,,,,,,,,,,,,,,,,,,,,,,,,,,,,,,,,,,,,,,,,,,,,,,,
0,11,15,65324623082,1523483388,1,1,"(0.42957833409309387, 0.07386458665132523)","(0.4059351980686188, 0.1444414258003235)",1,1,2.6709136962890625,2.5047760009765625,"(-60.23857879638672, -25.620731353759766, 654.066650390625)","(4.4696879386901855, -25.264820098876953, 657.2633666992188)","(-24.132953643798828, 187.15701293945312, 57.47786331176758)","(-32.32616424560547, 174.2293701171875, 52.772525787353516)",POINT (0.4177567660808563 0.1091530062258244),,,,,,,,,,,,,,,,,,,,,,,,,,,,,,,,,,,,,,,,,,,,,,,,,
0,11,15,65324639750,1523500056,1,1,"(0.43122604489326477, 0.05017276108264923)","(0.4122020900249481, 0.11952228844165802)",1,1,2.627548217773437,2.519927978515625,"(-60.12030792236328, -25.48179817199707, 654.087646484375)","(4.5718488693237305, -25.25192642211914, 657.9300537109375)","(-23.56195831298828, 191.49667358398438, 59.05733108520508)","(-30.15447235107422, 178.79383850097656, 54.43388366699219)",POINT (0.4217140674591064 0.0848475247621536),,,,,,,,,,,,,,,,,,,,,,,,,,,,,,,,,,,,,,,,,,,,,,,,,
0,11,15,65324656417,1523516722,1,1,"(0.4297642409801483, 0.05319789797067642)","(0.40251055359840393, 0.15649184584617615)",1,1,2.664581298828125,2.50482177734375,"(-59.9818115234375, -25.346363067626953, 654.26953125)","(4.723265171051025, -25.13050079345703, 657.9884033203125)","(-24.068531036376953, 190.9425506591797, 58.855648040771484)","(-33.51293182373047, 172.02206420898438, 51.96916961669922)",POINT (0.4161373972892761 0.1048448719084263),,,,,,,,,,,,,,,,,,,,,,,,,,,,,,,,,,,,,,,,,,,,,,,,,
0,11,15,65324673084,1523533389,1,1,"(0.4256950914859772, 0.04222114756703377)","(0.4067877233028412, 0.14667271077632904)",1,1,2.625717163085937,2.520782470703125,"(-59.82496643066406, -25.178539276123047, 654.4063720703125)","(4.866997718811035, -25.069400787353516, 658.2373046875)","(-25.478652954101562, 192.9531707763672, 59.58747863769531)","(-32.03073501586914, 173.82064819335938, 52.623802185058594)",POINT (0.4162414073944092 0.0944469291716814),,,,,,,,,,,,,,,,,,,,,,,,,,,,,,,,,,,,,,,,,,,,,,,,,
0,11,15,65324689752,1523550056,1,1,"(0.4342791438102722, 0.04704635217785835)","(0.40413716435432434, 0.1445830762386322)",1,1,2.62884521484375,2.49298095703125,"(-59.67776870727539, -24.941646575927734, 654.7216186523438)","(5.035635948181152, -24.915660858154297, 658.354736328125)","(-22.503955841064453, 192.06936645507812, 59.265743255615234)","(-32.949249267578125, 174.20343017578125, 52.763065338134766)",POINT (0.4192081540822983 0.0958147142082453),,,,,,,,,,,,,,,,,,,,,,,,,,,,,,,,,,,,,,,,,,,,,,,,,
0,11,15,65324706419,1523566723,1,1,"(0.43309006094932556, 0.06311240047216415)","(0.4037894904613495, 0.14082004129886627)",1,1,2.6246795654296875,2.504013061523437,"(-59.49806594848633, -24.63991355895996, 654.9818115234375)","(5.223033905029297, -24.770341873168945, 658.5195922851562)","(-22.91600799560547, 189.1265106201172, 58.19462585449219)","(-33.06973648071289, 174.89271545410156, 53.01396560668945)",POINT (0.4184397757053375 0.1019662208855152),,,,,,,,,,,,,,,,,,,,,,,,,,,,,,,,,,,,,,,,,,,,,,,,,
0,11,15,65324723086,1523583389,1,1,"(0.4608694911003113, 0.04760685935616493)","(0.4476158320903778, 0.15754298865795135)",1,1,2.627227783203125,2.5193023681640625,"(-59.17008590698242, -24.28896713256836, 655.0654296875)","(5.524271011352539, -24.51932144165039, 658.7784423828125)","(-13.289417266845703, 191.9666748046875, 59.228363037109375)","(-17.88230323791504, 171.82952880859375, 51.8990592956543)",POINT (0.4542426615953445 0.1025749240070581),,,,,,,,,,,,,,,,,,,,,,,,,,,,,,,,,,,,,,,,,,,,,,,,,
0,11,15,65324739753,1523600056,1,1,"(0.5394172668457031, 0.06047225743532181)","(0.5259460806846619, 0.1481839120388031)",1,1,2.6598358154296875,2.486434936523437,"(-58.68987274169922, -23.885271072387695, 655.3081665039062)","(5.993463516235352, -24.24730110168457, 659.418212890625)","(13.930270195007324, 189.61012268066406, 58.37064743041992)","(9.261983871459961, 173.54385375976562, 52.52304458618164)",POINT (0.5326816737651825 0.1043280847370624),,,,,,,,,,,,,,,,,,,,,,,,,,,,,,,,,,,,,,,,,,,,,,,,,
0,11,15,65324756435,1523616737,1,1,"(0.5433123111724854, 0.047659240663051605)","(0.5158310532569885, 0.15049108862876892)",1,1,2.6400909423828125,2.4925537109375,"(-58.4461784362793, -23.46941375732422, 655.6158447265625)","(6.222684860229492, -24.005233764648438, 659.7857055664062)","(15.280017852783203, 191.95709228515625, 59.224884033203125)","(5.756776332855225, 173.12123107910156, 52.36921691894531)",POINT (0.5295716822147369 0.0990751646459103),,,,,,,,,,,,,,,,,,,,,,,,,,,,,,,,,,,,,,,,,,,,,,,,,
0,11,15,65324773102,1523633404,1,1,"(0.5537139773368835, 0.05310073122382164)","(0.5206313729286194, 0.14129823446273804)",1,1,2.6131744384765625,2.5112457275390625,"(-58.200096130371094, -23.042009353637695, 655.718994140625)","(6.446649551391602, -23.73902702331543, 659.6854248046875)","(18.884578704833984, 190.96035766601562, 58.86213302612305)","(7.420258045196533, 174.80511474609375, 52.98208999633789)",POINT (0.5371726751327515 0.0971994828432798),,,,,,,,,,,,,,,,,,,,,,,,,,,,,,,,,,,,,,,,,,,,,,,,,
0,11,15,65324789770,1523650071,1,1,"(0.5464609861373901, 0.07619188725948334)","(0.5213497281074524, 0.15856167674064636)",1,1,2.667144775390625,2.48858642578125,"(-57.91142272949219, -22.591999053955078, 655.7210693359375)","(6.716832160949707, -23.423736572265625, 659.7171630859375)","(16.371179580688477, 186.73072814941406, 57.32263946533203)","(7.6691789627075195, 171.64295959472656, 51.83112335205078)",POINT (0.5339053571224213 0.1173767820000648),,,,,,,,,,,,,,,,,,,,,,,,,,,,,,,,,,,,,,,,,,,,,,,,,
0,11,15,65324806436,1523666737,1,1,"(0.543057918548584, 0.06283657252788544)","(0.5164039134979248, 0.15123416483402252)",1,1,2.651702880859375,2.4952850341796875,"(-57.628631591796875, -22.139036178588867, 655.8548583984375)","(7.014592170715332, -23.138202667236328, 659.7942504882812)","(15.19187068939209, 189.17703247070312, 58.21307373046875)","(5.9553046226501465, 172.98512268066406, 52.31966781616211)",POINT (0.5297309160232544 0.107035368680954),,,,,,,,,,,,,,,,,,,,,,,,,,,,,,,,,,,,,,,,,,,,,,,,,
0,11,15,65324823103,1523683403,1,1,"(0.5449876189231873, 0.09907691925764084)","(0.5225890874862671, 0.1608908772468567)",1,1,2.68792724609375,2.49322509765625,"(-57.36674499511719, -21.61290740966797, 656.2972412109375)","(7.334649085998535, -22.84326934814453, 660.34130859375)","(15.860581398010254, 182.53883361816406, 55.79696273803711)","(8.098658561706543, 171.21629333496094, 51.67588424682617)",POINT (0.5337883532047272 0.1299838982522488),,,,,,,,,,,,,,,,,,,,,,,,,,,,,,,,,,,,,,,,,,,,,,,,,
0,11,15,65324839769,1523700069,1,1,"(0.535999059677124, 0.1350460946559906)","(0.5177161693572998, 0.15850278735160828)",1,1,2.624130249023437,2.453109741210937,"(-57.038658142089844, -21.075302124023438, 656.716552734375)","(7.657037734985352, -22.458362579345703, 661.1654052734375)","(12.745698928833008, 175.95033264160156, 53.39892578125)","(6.410032272338867, 171.6537322998047, 51.835079193115234)",POINT (0.5268576145172119 0.1467744410037994),,,,,,,,,,,,,,,,,,,,,,,,,,,,,,,,,,,,,,,,,,,,,,,1,,
0,11,15,65324973102,1523833398,1,1,"(0.651764988899231, 0.15588265657424927)","(0.6376177668571472, 0.16297270357608795)",1,1,2.6861572265625,2.431182861328125,"(-53.764408111572266, -18.932605743408203, 657.9115600585938)","(10.82903003692627, -21.6998291015625, 662.7012939453125)","(52.86284255981445, 172.1336669921875, 52.0097541809082)","(47.96030807495117, 170.83497619628906, 51.53705596923828)",POINT (0.6446913778781891 0.1594276800751686),,,,,,,,,,,,,,,,,,,,,,,,,,,,,,,,,,,,,,,,,,,,,,,1,,
0,11,15,65324989777,1523850072,1,1,"(0.6505275964736938, 0.12402497231960297)","(0.6394227147102356, 0.16716891527175903)",1,1,2.712997436523437,2.501693725585937,"(-53.38631057739258, -18.914432525634766, 657.8164672851562)","(11.171541213989258, -21.78168487548828, 662.8837280273438)","(52.43403625488281, 177.96908569335938, 54.133689880371094)","(48.58578109741211, 170.06634521484375, 51.25731658935547)",POINT (0.6449751555919647 0.145596943795681),,,,,,,,,,,,,,,,,,,,,,,,,,,,,,,,,,,,,,,,,,,,,,,1,,
0,11,15,65325006442,1523866737,1,1,"(0.6575343012809753, 0.11197144538164139)","(0.6358004212379456, 0.1490614116191864)",1,1,2.6939697265625,2.499237060546875,"(-53.064693450927734, -18.855640411376953, 658.0755615234375)","(11.501367568969727, -21.854934692382812, 663.0186157226562)","(54.86214828491211, 180.17694091796875, 54.93727493286133)","(47.33055114746094, 173.38311767578125, 52.46451187133789)",POINT (0.6466673612594604 0.1305164285004139),,,,,,,,,,,,,,,,,,,,,,,,,,,,,,,,,,,,,,,,,,,,,,,,,
0,11,15,65325023114,1523883408,1,1,"(0.6606127023696899, 0.13325843214988708)","(0.637797474861145, 0.1561070829629898)",1,1,2.7085418701171875,2.498519897460937,"(-52.72239685058594, -18.78296661376953, 658.155517578125)","(11.817963600158691, -21.899890899658203, 663.1420288085938)","(55.928916931152344, 176.2777862548828, 53.5180549621582)","(48.022613525390625, 172.09254455566406, 51.994808197021484)",POINT (0.6492050886154175 0.1446827575564384),,,,,,,,,,,,,,,,,,,,,,,,,,,,,,,,,,,,,,,,,,,,,,,1,,
0,11,15,65325039781,1523900075,1,1,"(0.6578001976013184, 0.09593009948730469)","(0.6367535591125488, 0.14643582701683044)",1,1,2.683624267578125,2.4964752197265625,"(-52.41578674316406, -18.736339569091797, 658.520263671875)","(12.122976303100586, -21.96625518798828, 663.386474609375)","(54.954254150390625, 183.11524963378906, 56.00670623779297)","(47.66082763671875, 173.86402893066406, 52.639591217041016)",POINT (0.6472768783569336 0.1211829632520676),,,,,,,,,,,,,,,,,,,,,,,,,,,,,,,,,,,,,,,,,,,,,,,,,
0,11,15,65325056449,1523916742,1,1,"(0.6565455198287964, 0.10664231330156326)","(0.6350168585777283, 0.13665306568145752)",1,1,2.73089599609375,2.5139312744140625,"(-52.06895065307617, -18.712875366210938, 658.0549926757812)","(12.417840003967285, -22.051801681518555, 663.533203125)","(54.519466400146484, 181.15309143066406, 55.29254913330078)","(47.05900573730469, 175.65597534179688, 53.29178237915039)",POINT (0.6457811892032623 0.1216476894915104),,,,,,,,,,,,,,,,,,,,,,,,,,,,,,,,,,,,,,,,,,,,,,,,,
0,11,15,65325073115,1523933408,1,1,"(0.6537510752677917, 0.07251781970262527)","(0.643622100353241, 0.15149398148059845)",1,1,2.70086669921875,2.528915405273437,"(-51.79976272583008, -18.702510833740234, 658.5585327148438)","(12.682730674743652, -22.10577392578125, 663.8153076171875)","(53.551082611083984, 187.40371704101562, 57.56757736206055)","(50.04103088378906, 172.93753051757812, 52.30235290527344)",POINT (0.6486865878105164 0.1120059005916119),,,,,,,,,,,,,,,,,,,,,,,,,,,,,,,,,,,,,,,,,,,,,,,,,
0,11,15,65325089783,1523950075,1,1,"(0.6580002307891846, 0.06626715511083603)","(0.6326453685760498, 0.15179674327373505)",1,1,2.694671630859375,2.4868316650390625,"(-51.51287841796875, -18.658458709716797, 658.7012939453125)","(12.960481643676758, -22.156925201416016, 663.818115234375)","(55.02359390258789, 188.5486297607422, 57.98434829711914)","(46.23720169067383, 172.88206481933594, 52.28215408325195)",POINT (0.6453227996826172 0.1090319491922855),,,,,,,,,,,,,,,,,,,,,,,,,,,,,,,,,,,,,,,,,,,,,,,,,
0,11,15,65325106450,1523966742,1,1,"(0.6561753153800964, 0.07165917009115219)","(0.6396576762199402, 0.14071713387966156)",1,1,2.686996459960937,2.5125732421875,"(-51.228538513183594, -18.6009464263916, 658.7098388671875)","(13.220518112182617, -22.235769271850586, 664.173095703125)","(54.39118957519531, 187.56097412109375, 57.62487030029297)","(48.66722106933594, 174.91156005859375, 53.02082061767578)",POINT (0.6479164958000183 0.1061881519854069),,,,,,,,,,,,,,,,,,,,,,,,,,,,,,,,,,,,,,,,,,,,,,,,,
0,11,15,65325123118,1523983409,1,1,"(0.6506209969520569, 0.1086069643497467)","(0.6234237551689148, 0.13580694794654846)",1,1,2.7411041259765625,2.5458984375,"(-50.94266891479492, -18.56361961364746, 658.7789306640625)","(13.50831413269043, -22.325889587402344, 664.3441162109375)","(52.46641159057617, 180.793212890625, 55.161582946777344)","(43.04155731201172, 175.81094360351562, 53.348201751708984)",POINT (0.6370223760604858 0.1222069561481476),,,,,,,,,,,,,,,,,,,,,,,,,,,,,,,,,,,,,,,,,,,,,,,,,
0,11,15,65325139784,1524000075,1,1,"(0.6625416278839111, 0.11316227167844772)","(0.6360695958137512, 0.15341779589653015)",1,1,2.7679901123046875,2.538681030273437,"(-50.682125091552734, -18.54396629333496, 658.9169311523438)","(13.741218566894531, -22.35684585571289, 664.5184326171875)","(56.59732437133789, 179.9588165283203, 54.85788345336914)","(47.42380905151367, 172.5851593017578, 52.17406463623047)",POINT (0.6493056118488312 0.1332900337874889),,,,,,,,,,,,,,,,,,,,,,,,,,,,,,,,,,,,,,,,,,,,,,,,,
0,11,15,65325156454,1524016744,1,1,"(0.6604384779930115, 0.08990929275751114)","(0.6367567777633667, 0.15637850761413574)",1,1,2.735382080078125,2.582366943359375,"(-50.4365234375, -18.5364990234375, 658.9674682617188)","(13.97441291809082, -22.4542236328125, 664.777099609375)","(55.8685302734375, 184.21807861328125, 56.408164978027344)","(47.66195297241211, 172.0428466796875, 51.9766960144043)",POINT (0.6485976278781891 0.1231439001858234),,,,,,,,,,,,,,,,,,,,,,,,,,,,,,,,,,,,,,,,,,,,,,,,,
0,11,15,65325173121,1524033411,1,1,"(0.6532217264175415, 0.11767205595970154)","(0.6274490356445312, 0.1277487874031067)",1,1,2.8126220703125,2.581405639648437,"(-50.1826171875, -18.533302307128906, 659.0311889648438)","(14.203001022338867, -22.5408935546875, 664.6934204101562)","(53.36764907836914, 179.1327362060547, 54.557254791259766)","(44.436492919921875, 177.28697204589844, 53.88542556762695)",POINT (0.6403353810310364 0.1227104216814041),,,,,,,,,,,,,,,,,,,,,,,,,,,,,,,,,,,,,,,,,,,,,,,,,
0,11,15,65325189788,1524050077,1,1,"(0.6531446576118469, 0.1040058508515358)","(0.6325599551200867, 0.14666515588760376)",1,1,2.8095245361328125,2.584869384765625,"(-49.951133728027344, -18.521432876586914, 659.2611083984375)","(14.41085147857666, -22.566909790039062, 664.929443359375)","(53.34093475341797, 181.63601684570312, 55.46831512451172)","(46.207603454589844, 173.82203674316406, 52.62427520751953)",POINT (0.6428523063659668 0.1253355033695698),,,,,,,,,,,,,,,,,,,,,,,,,,,,,,,,,,,,,,,,,,,,,,,,,
0,11,15,65325206455,1524066744,1,1,"(0.6510270237922668, 0.08724858611822128)","(0.6370484232902527, 0.13864988088607788)",1,1,2.8044891357421875,2.5718536376953125,"(-49.74957275390625, -18.502155303955078, 659.4984741210938)","(14.602174758911133, -22.58911895751953, 665.6431884765625)","(52.607093811035156, 184.70545959472656, 56.58549118041992)","(47.76301956176758, 175.2902069091797, 53.158660888671875)",POINT (0.6440377235412598 0.1129492335021496),,,,,,,,,,,,,,,,,,,,,,,,,,,,,,,,,,,,,,,,,,,,,,,,,
0,11,15,65325223123,1524083411,1,1,"(0.6536686420440674, 0.0875549390912056)","(0.6430850625038147, 0.15291506052017212)",1,1,2.8410186767578125,2.60235595703125,"(-49.5550537109375, -18.469507217407227, 659.6981201171875)","(14.808792114257812, -22.59548568725586, 665.7933959960938)","(53.52254104614258, 184.64932250976562, 56.56509780883789)","(49.854923248291016, 172.67723083496094, 52.2076301574707)",POINT (0.648376852273941 0.1202349998056889),,,,,,,,,,,,,,,,,,,,,,,,,,,,,,,,,,,,,,,,,,,,,,,,,
0,11,15,65325239789,1524100077,1,1,"(0.7036948204040527, 0.08503877371549606)","(0.6938618421554565, 0.16527459025382996)",1,1,2.83489990234375,2.589691162109375,"(-49.22806167602539, -18.432397842407227, 659.7970581054688)","(15.085580825805664, -22.645160675048828, 665.965576171875)","(70.85842895507812, 185.1102294921875, 56.73283386230469)","(67.450927734375, 170.413330078125, 51.383609771728516)",POINT (0.6987783312797546 0.125156681984663),,,,,,,,,,,,,,,,,,,,,,,,,,,,,,,,,,,,,,,,,,,,,,,,,
0,11,15,65325256456,1524116743,1,1,"(0.6964207291603088, 0.12989096343517303)","(0.6724516749382019, 0.1735004484653473)",1,1,2.86041259765625,2.613494873046875,"(-49.06686019897461, -18.32635498046875, 660.0276489257812)","(15.246603965759277, -22.644428253173828, 665.970458984375)","(68.33768463134766, 176.89459228515625, 53.742584228515625)","(60.031551361083984, 168.90658569335938, 50.83518600463867)",POINT (0.6844362020492554 0.1516957059502602),,,,,,,,,,,,,,,,,,,,,,,,,,,,,,,,,,,,,,,,,,,,,,,1,,
0,11,15,65325273130,1524133417,1,1,"(0.6925922632217407, 0.11858085542917252)","(0.6751708984375, 0.1493394672870636)",1,1,2.8483123779296875,2.570663452148437,"(-48.9261589050293, -18.328433990478516, 660.2314453125)","(15.369568824768066, -22.678279876708984, 666.1116333007812)","(67.01100158691406, 178.96627807617188, 54.49661636352539)","(60.973838806152344, 173.33218383789062, 52.44600296020508)",POINT (0.6838815808296204 0.1339601613581181),,,,,,,,,,,,,,,,,,,,,,,,,,,,,,,,,,,,,,,,,,,,,,,,,
0,11,15,65325289797,1524150083,1,1,"(0.7081686854362488, 0.10676726698875427)","(0.6791825890541077, 0.15277980268001556)",1,1,2.8148651123046875,2.588958740234375,"(-48.79490661621094, -18.311519622802734, 660.1168212890625)","(15.508544921875, -22.72785186767578, 666.4002075195312)","(72.40876770019531, 181.13018798828125, 55.28422164916992)","(62.364036560058594, 172.70201110839844, 52.216636657714844)",POINT (0.6936756372451782 0.1297735348343849),,,,,,,,,,,,,,,,,,,,,,,,,,,,,,,,,,,,,,,,,,,,,,,,,
0,11,15,65325306463,1524166749,1,1,"(0.6908501386642456, 0.12272368371486664)","(0.6839705109596252, 0.14962418377399445)",1,1,2.876571655273437,2.6127471923828125,"(-48.66820526123047, -18.3134822845459, 660.2462158203125)","(15.592828750610352, -22.7480525970459, 666.505859375)","(66.40726470947266, 178.20742797851562, 54.220458984375)","(64.02324676513672, 173.280029296875, 52.42698669433594)",POINT (0.6874103248119354 0.1361739337444305),,,,,,,,,,,,,,,,,,,,,,,,,,,,,,,,,,,,,,,,,,,,,,,,,
0,11,15,65325323131,1524183416,1,1,"(0.7076405882835388, 0.11624367535114288)","(0.6729412078857422, 0.12781691551208496)",1,1,2.83349609375,2.583404541015625,"(-48.59033203125, -18.309696197509766, 660.22021484375)","(15.694759368896484, -22.791515350341797, 666.3413696289062)","(72.22578430175781, 179.39437866210938, 54.652469635009766)","(60.20118713378906, 177.27450561523438, 53.88083267211914)",POINT (0.6902908980846405 0.1220302954316139),,,,,,,,,,,,,,,,,,,,,,,,,,,,,,,,,,,,,,,,,,,,,,,,,
0,11,15,65325339798,1524200083,1,1,"(0.6968547701835632, 0.11653672903776169)","(0.6788886785507202, 0.13826267421245575)",1,1,2.8576812744140625,2.58563232421875,"(-48.54677963256836, -18.30493927001953, 660.6900024414062)","(15.77010726928711, -22.78739356994629, 666.96484375)","(68.48810577392578, 179.3406982421875, 54.63291549682617)","(62.26219177246094, 175.3611602783203, 53.1844482421875)",POINT (0.6878717243671417 0.1273997016251087),,,,,,,,,,,,,,,,,,,,,,,,,,,,,,,,,,,,,,,,,,,,,,,,,
0,11,15,65325356465,1524216749,1,1,"(0.6954767107963562, 0.113010935485363)","(0.6738793253898621, 0.16966846585273743)",1,1,2.791015625,2.5489959716796875,"(-48.52159881591797, -18.227630615234375, 660.4868774414062)","(15.8342924118042, -22.68340492248535, 667.0238037109375)","(68.01054382324219, 179.98651123046875, 54.86799240112305)","(60.52626419067383, 169.60850524902344, 51.09064865112305)",POINT (0.6846780180931091 0.1413397006690502),,,,,,,,,,,,,,,,,,,,,,,,,,,,,,,,,,,,,,,,,,,,,,,1,,
0,11,15,65325473138,1524333419,1,1,"(0.6665776968002319, 0.26024243235588074)","(0.6399742364883423, 0.1371278166770935)",1,1,2.683746337890625,2.4754180908203125,"(-48.80342102050781, -18.086097717285156, 661.1019287109375)","(15.527155876159668, -22.43126106262207, 667.5169677734375)","(57.99597930908203, 153.01795959472656, 45.052181243896484)","(48.776920318603516, 175.5690155029297, 53.260135650634766)",POINT (0.6532759666442871 0.1986851245164871),,,,,,,,,,,,,,,,,,,,,,,,,,,,,,,,,,,,,,,,,,,,,,,,,
0,11,15,65325489808,1524350088,1,1,"(0.6682464480400085, 0.04839818924665451)","(0.647993266582489, 0.17765232920646667)",1,1,2.687484741210937,2.45111083984375,"(-48.86758041381836, -18.170673370361328, 661.068359375)","(15.4746675491333, -22.52345085144043, 667.740966796875)","(58.574283599853516, 191.82171630859375, 59.175636291503906)","(51.555809020996094, 168.14608764648438, 50.55841827392578)",POINT (0.6581198573112488 0.1130252592265606),,,,,,,,,,,,,,,,,,,,,,,,,,,,,,,,,,,,,,,,,,,,,,,,,
0,11,15,65325506473,1524366753,1,1,"(0.6712837219238281, 0.1291922628879547)","(0.654099702835083, 0.1434800922870636)",1,1,2.743804931640625,2.47772216796875,"(-48.92298126220703, -18.270517349243164, 661.1336669921875)","(15.409516334533691, -22.576656341552734, 667.5092163085938)","(59.62680435180664, 177.0225830078125, 53.789161682128906)","(53.671913146972656, 174.40545654296875, 52.83662033081055)",POINT (0.6626917123794556 0.1363361775875092),,,,,,,,,,,,,,,,,,,,,,,,,,,,,,,,,,,,,,,,,,,,,,,,,
0,11,15,65325523140,1524383419,1,1,"(0.674446165561676, 0.1239522248506546)","(0.6420296430587769, 0.15355485677719116)",1,1,2.6961822509765625,2.473617553710937,"(-48.977806091308594, -18.323148727416992, 660.9547729492188)","(15.347999572753906, -22.605934143066406, 667.4886474609375)","(60.72270202636719, 177.98240661621094, 54.138511657714844)","(49.48920822143555, 172.56004333496094, 52.164947509765625)",POINT (0.6582379043102264 0.1387535408139229),,,,,,,,,,,,,,,,,,,,,,,,,,,,,,,,,,,,,,,,,,,,,,,,,
0,11,15,65325539814,1524400093,1,1,"(0.6737966537475586, 0.17897973954677582)","(0.6466721296310425, 0.14906834065914154)",1,1,2.786163330078125,2.485931396484375,"(-49.01678466796875, -18.37735366821289, 660.7538452148438)","(15.30184555053711, -22.614471435546875, 667.41650390625)","(60.497615814208984, 167.90293884277344, 50.469879150390625)","(51.09797668457031, 173.3818359375, 52.46406936645508)",POINT (0.6602343916893005 0.1640240401029587),,,,,,,,,,,,,,,,,,,,,,,,,,,,,,,,,,,,,,,,,,,,,,,1,,
0,11,15,65325556481,1524416759,1,1,"(0.6695524454116821, 0.12039199471473694)","(0.6479259729385376, 0.1477978527545929)",1,1,2.7104644775390625,2.4756622314453125,"(-49.08274841308594, -18.43036651611328, 660.9879760742188)","(15.239309310913086, -22.613964080810547, 667.6409912109375)","(59.02686309814453, 178.634521484375, 54.375885009765625)","(51.53248596191406, 173.6145477294922, 52.548789978027344)",POINT (0.6587392091751099 0.1340949237346649),,,,,,,,,,,,,,,,,,,,,,,,,,,,,,,,,,,,,,,,,,,,,,,,,
0,11,15,65325573148,1524433426,1,1,"(0.6727309226989746, 0.056086111813783646)","(0.6558979153633118, 0.1381475329399109)",1,1,2.650299072265625,2.490997314453125,"(-49.146507263183594, -18.483028411865234, 661.0149536132812)","(15.170835494995117, -22.60540008544922, 667.594482421875)","(60.128299713134766, 190.4135284423828, 58.66306686401367)","(54.29507827758789, 175.38223266601562, 53.19212341308594)",POINT (0.6643144190311432 0.0971168223768473),,,,,,,,,,,,,,,,,,,,,,,,,,,,,,,,,,,,,,,,,,,,,,,,,
0,11,15,65325589816,1524450093,1,1,"(0.6752079129219055, 0.08850762993097305)","(0.6484536528587341, 0.12485262006521225)",1,1,2.713897705078125,2.4864654541015625,"(-49.16447830200195, -18.50699806213379, 660.8413696289062)","(15.146586418151855, -22.596174240112305, 667.5462646484375)","(60.986671447753906, 184.47483825683594, 56.50154495239258)","(51.715335845947266, 177.81747436523438, 54.07849884033203)",POINT (0.6618307828903198 0.1066801249980926),,,,,,,,,,,,,,,,,,,,,,,,,,,,,,,,,,,,,,,,,,,,,,,,,
0,11,15,65325606483,1524466760,1,1,"(0.6712386608123779, 0.07496017217636108)","(0.6503676176071167, 0.1310732215642929)",1,1,2.692489624023437,2.482162475585937,"(-49.183837890625, -18.519975662231445, 660.7400512695312)","(15.1250638961792, -22.578510284423828, 667.27685546875)","(59.61117172241211, 186.95635986328125, 57.40471267700195)","(52.378597259521484, 176.67803955078125, 53.663753509521484)",POINT (0.6608031392097473 0.103016696870327),,,,,,,,,,,,,,,,,,,,,,,,,,,,,,,,,,,,,,,,,,,,,,,,,
0,11,15,65325623150,1524483426,1,1,"(0.675140917301178, 0.07590974867343903)","(0.6464661359786987, 0.12518036365509033)",1,1,2.6651763916015625,2.486068725585937,"(-49.193214416503906, -18.531116485595703, 660.5804443359375)","(15.114251136779785, -22.557567596435547, 667.1669921875)","(60.963462829589844, 186.78240966796875, 57.34147262573242)","(51.02660369873047, 177.7574462890625, 54.05665588378906)",POINT (0.6608035266399384 0.1005450561642647),,,,,,,,,,,,,,,,,,,,,,,,,,,,,,,,,,,,,,,,,,,,,,,,,
0,11,15,65325639817,1524500093,1,1,"(0.6758468151092529, 0.11436786502599716)","(0.6423287987709045, 0.12875573337078094)",1,1,2.736679077148437,2.490966796875,"(-49.18547821044922, -18.558780670166016, 660.3265380859375)","(15.110774040222168, -22.55179786682129, 667.0686645507812)","(61.208072662353516, 179.7379913330078, 54.7774772644043)","(49.59286880493164, 177.1025390625, 53.818302154541016)",POINT (0.6590878069400787 0.121561799198389),,,,,,,,,,,,,,,,,,,,,,,,,,,,,,,,,,,,,,,,,,,,,,,,,
0,11,15,65325656484,1524516759,1,1,"(0.6758111119270325, 0.10353551059961319)","(0.6440286040306091, 0.11644920706748962)",1,1,2.7418365478515625,2.502304077148437,"(-49.17702865600586, -18.6295108795166, 660.036376953125)","(15.106061935424805, -22.550716400146484, 667.0073852539062)","(61.19569396972656, 181.72215270996094, 55.49967956542969)","(50.18191146850586, 179.3567352294922, 54.638771057128906)",POINT (0.6599198579788208 0.1099923588335514),,,,,,,,,,,,,,,,,,,,,,,,,,,,,,,,,,,,,,,,,,,,,,,,,
0,11,15,65325673156,1524533431,1,1,"(0.674020528793335, 0.07616963982582092)","(0.6428888440132141, 0.12977181375026703)",1,1,2.7191619873046875,2.5089874267578125,"(-49.188873291015625, -18.705364227294922, 660.0103759765625)","(15.09573745727539, -22.560606002807617, 666.8850708007812)","(60.5752067565918, 186.73480224609375, 57.32415008544922)","(49.78694152832031, 176.9164276123047, 53.750526428222656)",POINT (0.6584546864032745 0.102970726788044),,,,,,,,,,,,,,,,,,,,,,,,,,,,,,,,,,,,,,,,,,,,,,,,,
0,11,15,65325689823,1524550097,1,1,"(0.6849898099899292, 0.08387143909931183)","(0.6489930152893066, 0.11895325034856796)",1,1,2.724349975585937,2.5104522705078125,"(-49.1739616394043, -18.742290496826172, 659.7083740234375)","(15.105708122253418, -22.56883430480957, 666.8597412109375)","(64.37645721435547, 185.3240509033203, 56.8106575012207)","(51.90224075317383, 178.8980712890625, 54.4717903137207)",POINT (0.6669914126396179 0.1014123447239399),,,,,,,,,,,,,,,,,,,,,,,,,,,,,,,,,,,,,,,,,,,,,,,,,
0,11,15,65325706491,1524566765,1,1,"(0.6874967217445374, 0.11234744638204575)","(0.6586313247680664, 0.14660362899303436)",1,1,2.7675933837890625,2.5434112548828125,"(-49.13331604003906, -18.771825790405273, 659.436279296875)","(15.115147590637207, -22.57079315185547, 666.6629028320312)","(65.24517822265625, 180.10804748535156, 54.91223907470703)","(55.24228286743164, 173.8332977294922, 52.62840270996094)",POINT (0.6730640232563019 0.12947553768754),,,,,,,,,,,,,,,,,,,,,,,,,,,,,,,,,,,,,,,,,,,,,,,,,
0,11,15,65325723158,1524583431,1,1,"(0.6921380162239075, 0.10933179408311844)","(0.65957111120224, 0.13181990385055542)",1,1,2.7642974853515625,2.537689208984375,"(-49.14593505859375, -18.787582397460938, 659.373046875)","(15.107458114624023, -22.571178436279297, 666.5401000976562)","(66.85355377197266, 180.6604461669922, 55.113250732421875)","(55.56795120239258, 176.54127502441406, 53.613983154296875)",POINT (0.6758545637130737 0.1205758489668369),,,,,,,,,,,,,,,,,,,,,,,,,,,,,,,,,,,,,,,,,,,,,,,,,
0,11,15,65325739824,1524600097,1,1,"(0.6836352944374084, 0.10417623817920685)","(0.6689944863319397, 0.14299263060092926)",1,1,2.773834228515625,2.5376434326171875,"(-49.144996643066406, -18.8162784576416, 659.2762451171875)","(15.10207748413086, -22.570764541625977, 666.4174194335938)","(63.90708923339844, 181.60479736328125, 55.456939697265625)","(58.8334846496582, 174.4947509765625, 52.86912155151367)",POINT (0.6763148903846741 0.123584434390068),,,,,,,,,,,,,,,,,,,,,,,,,,,,,,,,,,,,,,,,,,,,,,,,,
0,11,15,65325756492,1524616764,1,1,"(0.6833410263061523, 0.08831027895212173)","(0.6586041450500488, 0.1367390751838684)",1,1,2.7455596923828125,2.5698394775390625,"(-49.15077209472656, -18.835243225097656, 659.008544921875)","(15.088903427124023, -22.56696319580078, 666.2584228515625)","(63.805091857910156, 184.510986328125, 56.51472854614258)","(55.23286819458008, 175.6402130126953, 53.28605651855469)",POINT (0.6709725856781006 0.1125246770679951),,,,,,,,,,,,,,,,,,,,,,,,,,,,,,,,,,,,,,,,,,,,,,,,,
0,11,15,65325773159,1524633431,1,1,"(0.6945800185203552, 0.07240771502256393)","(0.657333254814148, 0.13184477388858795)",1,1,2.746490478515625,2.5606689453125,"(-49.178733825683594, -18.847579956054688, 658.7854614257812)","(15.060474395751953, -22.560394287109375, 666.0877685546875)","(67.6998291015625, 187.4238739013672, 57.574913024902344)","(54.79243850708008, 176.53672790527344, 53.61231231689453)",POINT (0.6759566366672516 0.1021262444555759),,,,,,,,,,,,,,,,,,,,,,,,,,,,,,,,,,,,,,,,,,,,,,,,,
0,11,15,65325789827,1524650098,1,1,"(0.6878662705421448, 0.09524164348840714)","(0.6632969975471497, 0.14157117903232574)",1,1,2.8184814453125,2.557723999023437,"(-49.20819091796875, -18.857139587402344, 658.6723022460938)","(15.034976959228516, -22.546693801879883, 665.8683471679688)","(65.37326049804688, 183.24136352539062, 56.0526008605957)","(56.859107971191406, 174.75511169433594, 52.96387481689453)",POINT (0.6755816340446472 0.1184064112603664),,,,,,,,,,,,,,,,,,,,,,,,,,,,,,,,,,,,,,,,,,,,,,,,,
0,11,15,65325806497,1524666768,1,1,"(0.6779260039329529, 0.09074355661869049)","(0.655470073223114, 0.12488274276256561)",1,1,2.8026580810546875,2.5755615234375,"(-49.263946533203125, -18.859338760375977, 658.7852172851562)","(14.998050689697266, -22.526227951049805, 665.6014404296875)","(61.9286003112793, 184.0652618408203, 56.35252380371094)","(54.146793365478516, 177.8119659423828, 54.07647705078125)",POINT (0.6666980385780334 0.107813149690628),,,,,,,,,,,,,,,,,,,,,,,,,,,,,,,,,,,,,,,,,,,,,,,,,
0,11,15,65325823164,1524683434,1,1,"(0.6861252188682556, 0.08263411372900009)","(0.6571984887123108, 0.13762502372264862)",1,1,2.776458740234375,2.56390380859375,"(-49.320716857910156, -18.84735107421875, 658.72802734375)","(14.948966979980469, -22.478927612304688, 665.3956298828125)","(64.76991271972656, 185.55068969726562, 56.893157958984375)","(54.745750427246094, 175.47792053222656, 53.22701644897461)",POINT (0.6716618537902832 0.1101295687258244),,,,,,,,,,,,,,,,,,,,,,,,,,,,,,,,,,,,,,,,,,,,,,,,,
0,11,15,65325839830,1524700100,1,1,"(0.6860572099685669, 0.07603182643651962)","(0.6521283984184265, 0.14225733280181885)",1,1,2.765594482421875,2.563995361328125,"(-49.34938049316406, -18.84765625, 658.4329833984375)","(14.927288055419922, -22.45391082763672, 665.5064697265625)","(64.7463607788086, 186.7600555419922, 57.333316802978516)","(52.98878860473633, 174.6294403076172, 52.918113708496094)",POINT (0.6690928041934967 0.1091445796191692),,,,,,,,,,,,,,,,,,,,,,,,,,,,,,,,,,,,,,,,,,,,,,,,,
0,11,15,65325856498,1524716767,1,1,"(0.6873484253883362, 0.07330075651407242)","(0.656904935836792, 0.15571542084217072)",1,1,2.782806396484375,2.539276123046875,"(-49.38059997558594, -18.8487548828125, 658.3433227539062)","(14.892768859863281, -22.420665740966797, 665.4594116210938)","(65.19381713867188, 187.2602996826172, 57.51542282104492)","(54.644020080566406, 172.164306640625, 52.020904541015625)",POINT (0.6721266806125641 0.1145080886781216),,,,,,,,,,,,,,,,,,,,,,,,,,,,,,,,,,,,,,,,,,,,,,,,,
0,11,15,65325873165,1524733434,1,1,"(0.7013666033744812, 0.08093366026878357)","(0.6694414019584656, 0.14955660700798035)",1,1,2.798858642578125,2.5326690673828125,"(-49.38166046142578, -18.85352325439453, 658.3433227539062)","(14.898601531982422, -22.416046142578125, 665.3978271484375)","(70.05162048339844, 185.86216735839844, 57.00652313232422)","(58.98837661743164, 173.29241943359375, 52.43149948120117)",POINT (0.6854040026664734 0.115245133638382),,,,,,,,,,,,,,,,,,,,,,,,,,,,,,,,,,,,,,,,,,,,,,,,,
0,11,15,65325889832,1524750100,1,1,"(0.7153326869010925, 0.08568113297224045)","(0.6797599196434021, 0.14071428775787354)",1,1,2.794662475585937,2.5110015869140625,"(-49.35879898071289, -18.91156768798828, 658.4562377929688)","(14.92642593383789, -22.45732307434082, 665.3721923828125)","(74.8913803100586, 184.99256896972656, 56.68998336791992)","(62.564125061035156, 174.9120635986328, 53.02102279663086)",POINT (0.6975463032722473 0.113197710365057),,,,,,,,,,,,,,,,,,,,,,,,,,,,,,,,,,,,,,,,,,,,,,,,,
0,11,15,65325906500,1524766768,1,1,"(0.7175136208534241, 0.08748074620962143)","(0.679374098777771, 0.1326373815536499)",1,1,2.7766265869140625,2.519134521484375,"(-49.39146041870117, -18.93402099609375, 658.52392578125)","(14.903367042541504, -22.491178512573242, 665.2996826171875)","(75.64714050292969, 184.66293334960938, 56.57003402709961)","(62.430423736572266, 176.3915252685547, 53.55950927734375)",POINT (0.6984438598155975 0.1100590638816357),,,,,,,,,,,,,,,,,,,,,,,,,,,,,,,,,,,,,,,,,,,,,,,,,
0,11,15,65325923167,1524783434,1,1,"(0.710944652557373, 0.11807004362344742)","(0.6819378733634949, 0.1402006447315216)",1,1,2.7721099853515625,2.5282135009765625,"(-49.414947509765625, -18.963123321533203, 658.3383178710938)","(14.869880676269531, -22.529769897460938, 665.1781005859375)","(73.37078094482422, 179.05984497070312, 54.530677795410156)","(63.31886291503906, 175.00616455078125, 53.05522155761719)",POINT (0.696441262960434 0.1291353441774845),,,,,,,,,,,,,,,,,,,,,,,,,,,,,,,,,,,,,,,,,,,,,,,,,
0,11,15,65325939843,1524800110,1,1,"(0.7079304456710815, 0.09348857402801514)","(0.6761373281478882, 0.1415875107049942)",1,1,2.76239013671875,2.5346221923828125,"(-49.42927551269531, -19.02593994140625, 658.2880249023438)","(14.846118927001953, -22.564044952392578, 665.2283935546875)","(72.32623291015625, 183.56246948242188, 56.169490814208984)","(61.308753967285156, 174.75213623046875, 52.96277618408203)",POINT (0.6920338869094849 0.1175380423665047),,,,,,,,,,,,,,,,,,,,,,,,,,,,,,,,,,,,,,,,,,,,,,,,,
0,11,15,65325956510,1524816776,1,1,"(0.704074501991272, 0.08528906852006912)","(0.6911581158638, 0.14433066546916962)",1,1,2.774200439453125,2.5303497314453125,"(-49.462646484375, -19.08898162841797, 658.3080444335938)","(14.815990447998047, -22.578731536865234, 665.3766479492188)","(70.99000549316406, 185.06439208984375, 56.71611785888672)","(66.51400756835938, 174.24964904785156, 52.779930114746094)",POINT (0.697616308927536 0.1148098669946194),,,,,,,,,,,,,,,,,,,,,,,,,,,,,,,,,,,,,,,,,,,,,,,,,
0,11,15,65325973177,1524833443,1,1,"(0.7111868858337402, 0.09162038564682007)","(0.6886445879936218, 0.14913859963417053)",1,1,2.7742919921875,2.51995849609375,"(-49.513389587402344, -19.13388442993164, 658.372314453125)","(14.772819519042969, -22.580562591552734, 665.3173828125)","(73.45470428466797, 183.9046630859375, 56.294036865234375)","(65.64298248291016, 173.36898803710938, 52.45939254760742)",POINT (0.699915736913681 0.1203794926404953),,,,,,,,,,,,,,,,,,,,,,,,,,,,,,,,,,,,,,,,,,,,,,,,,
0,11,15,65325989845,1524850110,1,1,"(0.7109026312828064, 0.09935310482978821)","(0.6834718585014343, 0.155978262424469)",1,1,2.7827606201171875,2.5077667236328125,"(-49.543514251708984, -19.14780044555664, 658.4525146484375)","(14.738679885864258, -22.58365249633789, 665.220947265625)","(73.35618591308594, 182.48826599121094, 55.77851104736328)","(63.850433349609375, 172.1161346435547, 52.0034065246582)",POINT (0.6971872448921204 0.1276656836271286),,,,,,,,,,,,,,,,,,,,,,,,,,,,,,,,,,,,,,,,,,,,,,,,,
0,11,15,65326006511,1524866776,1,1,"(0.7108933329582214, 0.09649206697940826)","(0.6800504326820374, 0.15426969528198242)",1,1,2.7785186767578125,2.524169921875,"(-49.59752655029297, -19.156513214111328, 658.6382446289062)","(14.70721435546875, -22.585491180419922, 665.1979370117188)","(73.35298919677734, 183.01229858398438, 55.969276428222656)","(62.664764404296875, 172.42910766601562, 52.117286682128906)",POINT (0.6954718828201294 0.1253808811306953),,,,,,,,,,,,,,,,,,,,,,,,,,,,,,,,,,,,,,,,,,,,,,,,,
0,11,15,65326023179,1524883443,1,1,"(0.7157028317451477, 0.08134038746356964)","(0.6761413812637329, 0.15393634140491486)",1,1,2.7321929931640625,2.528472900390625,"(-49.63285827636719, -19.155038833618164, 658.43896484375)","(14.682052612304688, -22.580806732177734, 665.1869506835938)","(75.01962280273438, 185.7876739501953, 56.979427337646484)","(61.310150146484375, 172.4901885986328, 52.139522552490234)",POINT (0.6959221065044403 0.1176383644342422),,,,,,,,,,,,,,,,,,,,,,,,,,,,,,,,,,,,,,,,,,,,,,,,,
0,11,15,65326039846,1524900110,1,1,"(0.7122682332992554, 0.11883392930030823)","(0.6820530295372009, 0.132145494222641)",1,1,2.79229736328125,2.5105133056640625,"(-49.669464111328125, -19.157699584960938, 658.3968505859375)","(14.647977828979492, -22.583166122436523, 665.4087524414062)","(73.82942962646484, 178.919921875, 54.47976303100586)","(63.3587532043457, 176.48162841796875, 53.59230422973633)",POINT (0.6971606314182281 0.1254897117614746),,,,,,,,,,,,,,,,,,,,,,,,,,,,,,,,,,,,,,,,,,,,,,,,,
0,11,15,65326056513,1524916776,1,1,"(0.7047665119171143, 0.08532283455133438)","(0.6831592321395874, 0.14054343104362488)",1,1,2.7569580078125,2.5081329345703125,"(-49.68509292602539, -19.15418815612793, 658.39501953125)","(14.6223783493042, -22.570755004882812, 665.5684814453125)","(71.22981262207031, 185.05819702148438, 56.71391677856445)","(63.742095947265625, 174.94334411621094, 53.03243637084961)",POINT (0.6939628720283508 0.1129331327974796),,,,,,,,,,,,,,,,,,,,,,,,,,,,,,,,,,,,,,,,,,,,,,,,,
0,11,15,65326073182,1524933445,1,1,"(0.7102826833724976, 0.11583869159221649)","(0.6888487339019775, 0.15792760252952576)",1,1,2.7976837158203125,2.539947509765625,"(-49.70624923706055, -19.154308319091797, 658.3790893554688)","(14.60004997253418, -22.56191635131836, 665.6671142578125)","(73.141357421875, 179.46856689453125, 54.6794548034668)","(65.71372985839844, 171.75909423828125, 51.87342071533203)",POINT (0.6995657086372375 0.1368831470608711),,,,,,,,,,,,,,,,,,,,,,,,,,,,,,,,,,,,,,,,,,,,,,,,,
0,11,15,65326089850,1524950112,1,1,"(0.7066492438316345, 0.10558620095252991)","(0.6837888956069946, 0.14791153371334076)",1,1,2.8044891357421875,2.5418701171875,"(-49.703216552734375, -19.1552734375, 658.3554077148438)","(14.600916862487793, -22.559234619140625, 665.67919921875)","(71.88225555419922, 181.34652709960938, 55.36295700073242)","(63.960296630859375, 173.59375, 52.54119110107422)",POINT (0.6952190697193146 0.1267488673329353),,,,,,,,,,,,,,,,,,,,,,,,,,,,,,,,,,,,,,,,,,,,,,,,,
0,11,15,65326106516,1524966778,1,1,"(0.7083736062049866, 0.09619905054569244)","(0.6843802332878113, 0.14066366851329803)",1,1,2.770721435546875,2.5178375244140625,"(-49.70655822753906, -19.160972595214844, 658.3914184570312)","(14.60039234161377, -22.559444427490234, 665.65478515625)","(72.47979736328125, 183.06597900390625, 55.988792419433594)","(64.16522979736328, 174.9213409423828, 53.0244140625)",POINT (0.6963769197463989 0.1184313595294952),,,,,,,,,,,,,,,,,,,,,,,,,,,,,,,,,,,,,,,,,,,,,,,,,
0,11,15,65326123184,1524983445,1,1,"(0.73772132396698, 0.09817111492156982)","(0.7063401937484741, 0.15759196877479553)",1,1,2.796966552734375,2.5318603515625,"(-49.647178649902344, -19.15625762939453, 658.6300048828125)","(14.682243347167969, -22.551448822021484, 665.2235107421875)","(82.64986419677734, 182.7047576904297, 55.857330322265625)","(71.77513122558594, 171.820556640625, 51.895816802978516)",POINT (0.722030758857727 0.1278815418481827),,,,,,,,,,,,,,,,,,,,,,,,,,,,,,,,,,,,,,,,,,,,,,,,,
0,11,15,65326139851,1525000112,1,1,"(0.7332249879837036, 0.12060332298278809)","(0.705622136592865, 0.14117828011512756)",1,1,2.8316192626953125,2.5250701904296875,"(-49.62481689453125, -19.162466049194336, 658.8395385742188)","(14.713851928710938, -22.549551010131836, 665.19775390625)","(81.09172821044922, 178.59580993652344, 54.361820220947266)","(71.52632904052734, 174.8270721435547, 52.990089416503906)",POINT (0.7194235622882843 0.1308908015489578),,,,,,,,,,,,,,,,,,,,,,,,,,,,,,,,,,,,,,,,,,,,,,,,,
0,11,15,65326156518,1525016778,1,1,"(0.7328177094459534, 0.08972028642892838)","(0.7091325521469116, 0.14009255170822144)",1,1,2.796905517578125,2.5480194091796875,"(-49.6331672668457, -19.155452728271484, 658.8018798828125)","(14.712139129638672, -22.53038215637207, 665.2471923828125)","(80.9505615234375, 184.25271606445312, 56.42070388793945)","(72.7427978515625, 175.02593994140625, 53.06249237060547)",POINT (0.7209751307964325 0.1149064190685749),,,,,,,,,,,,,,,,,,,,,,,,,,,,,,,,,,,,,,,,,,,,,,,,,
0,11,15,65326173185,1525033445,1,1,"(0.7340729236602783, 0.08777982741594315)","(0.7079938650131226, 0.14860059320926666)",1,1,2.812225341796875,2.5398712158203125,"(-49.63985061645508, -19.144981384277344, 658.7050170898438)","(14.70370864868164, -22.50442123413086, 665.357666015625)","(81.38554382324219, 184.60813903808594, 56.550106048583984)","(72.34820556640625, 173.46751403808594, 52.495277404785156)",POINT (0.7210333943367004 0.1181902103126049),,,,,,,,,,,,,,,,,,,,,,,,,,,,,,,,,,,,,,,,,,,,,,,,,
0,11,15,65326189859,1525050118,1,1,"(0.736487090587616, 0.08381892740726471)","(0.7125226855278015, 0.1563909500837326)",1,1,2.803009033203125,2.528961181640625,"(-49.64729309082031, -19.125873565673828, 658.6304931640625)","(14.695554733276367, -22.454742431640625, 665.4071044921875)","(82.2221450805664, 185.3336639404297, 56.814170837402344)","(73.91759490966797, 172.0405731201172, 51.9758186340332)",POINT (0.7245048880577087 0.1201049387454987),,,,,,,,,,,,,,,,,,,,,,,,,,,,,,,,,,,,,,,,,,,,,,,,,
0,11,15,65326206525,1525066784,1,1,"(0.7340659499168396, 0.11355993896722794)","(0.7094699144363403, 0.1576882004737854)",1,1,2.8548736572265625,2.514984130859375,"(-49.65947723388672, -19.12666130065918, 658.5196533203125)","(14.670557022094727, -22.414779663085938, 665.2978515625)","(81.38313293457031, 179.88595581054688, 54.831390380859375)","(72.85969543457031, 171.80294799804688, 51.88935852050781)",POINT (0.72176793217659 0.1356240697205067),,,,,,,,,,,,,,,,,,,,,,,,,,,,,,,,,,,,,,,,,,,,,,,,,
0,11,15,65326223193,1525083451,1,1,"(0.7326868772506714, 0.08683929592370987)","(0.7107186317443848, 0.16928203403949738)",1,1,2.8108673095703125,2.5714111328125,"(-49.6798095703125, -19.119644165039062, 658.5170288085938)","(14.646915435791016, -22.379423141479492, 665.0665283203125)","(80.90523529052734, 184.78042602539062, 56.61282730102539)","(73.29244995117188, 169.6792755126953, 51.116451263427734)",POINT (0.7217027544975281 0.1280606649816036),,,,,,,,,,,,,,,,,,,,,,,,,,,,,,,,,,,,,,,,,,,,,,,,,
0,11,15,65326239859,1525100117,1,1,"(0.7313854098320007, 0.13847973942756653)","(0.7157509922981262, 0.15335483849048615)",1,1,2.9220733642578125,2.542327880859375,"(-49.70667266845703, -19.134275436401367, 658.427490234375)","(14.625858306884766, -22.376293182373047, 665.0799560546875)","(80.4542236328125, 175.32138061523438, 53.16998291015625)","(75.03633880615234, 172.59669494628906, 52.178245544433594)",POINT (0.7235682010650635 0.1459172889590263),,,,,,,,,,,,,,,,,,,,,,,,,,,,,,,,,,,,,,,,,,,,,,,1,,
0,11,15,65326256527,1525116784,1,1,"(0.7283669114112854, 0.12811793386936188)","(0.7051645517349243, 0.16129955649375916)",1,1,2.9033203125,2.551254272460937,"(-49.73735809326172, -19.1490421295166, 658.3748168945312)","(14.608859062194824, -22.37749671936035, 665.1300048828125)","(79.40821075439453, 177.21934509277344, 53.86083984375)","(71.36772918701172, 171.14144897460938, 51.648624420166016)",POINT (0.7167657315731049 0.1447087451815605),,,,,,,,,,,,,,,,,,,,,,,,,,,,,,,,,,,,,,,,,,,,,,,1,,
0,11,15,65326273193,1525133450,1,1,"(0.7348687648773193, 0.1169053465127945)","(0.7110271453857422, 0.16178959608078003)",1,1,2.8970184326171875,2.5681610107421875,"(-49.79581832885742, -19.158838272094727, 658.7044677734375)","(14.585159301757812, -22.38146209716797, 665.1550903320312)","(81.66133117675781, 179.27317810058594, 54.60834884643555)","(73.39935302734375, 171.0516815185547, 51.61595916748047)",POINT (0.7229479551315308 0.1393474712967873),,,,,,,,,,,,,,,,,,,,,,,,,,,,,,,,,,,,,,,,,,,,,,,1,,
0,11,15,65326289861,1525150117,1,1,"(0.7345909476280212, 0.12956562638282776)","(0.7078373432159424, 0.15740810334682465)",1,1,2.877960205078125,2.560760498046875,"(-49.82512283325195, -19.17481231689453, 658.6637573242188)","(14.553916931152344, -22.401107788085938, 665.0587768554688)","(81.5650634765625, 176.95416259765625, 53.76432418823242)","(72.29396057128906, 171.854248046875, 51.908023834228516)",POINT (0.7212141454219818 0.1434868648648262),,,,,,,,,,,,,,,,,,,,,,,,,,,,,,,,,,,,,,,,,,,,,,,1,,
0,11,15,65326306528,1525166784,1,1,"(0.7393370270729065, 0.12272527813911438)","(0.7139473557472229, 0.14905957877635956)",1,1,2.8386383056640625,2.55450439453125,"(-49.842552185058594, -19.184558868408203, 658.1768798828125)","(14.520946502685547, -22.408645629882812, 664.87646484375)","(83.20976257324219, 178.20713806152344, 54.22034454345703)","(74.41131591796875, 173.38343811035156, 52.46465301513672)",POINT (0.7266421914100647 0.135892428457737),,,,,,,,,,,,,,,,,,,,,,,,,,,,,,,,,,,,,,,,,,,,,,,,,
0,11,15,65326323198,1525183453,1,1,"(0.7362200617790222, 0.13971328735351562)","(0.7080919146537781, 0.1599195897579193)",1,1,2.876678466796875,2.558319091796875,"(-49.88985824584961, -19.202171325683594, 658.1212768554688)","(14.4867582321167, -22.419902801513672, 664.8047485351562)","(82.12960052490234, 175.09544372558594, 53.08772277832031)","(72.38216400146484, 171.3942108154297, 51.74061584472656)",POINT (0.7221559882164001 0.1498164385557175),,,,,,,,,,,,,,,,,,,,,,,,,,,,,,,,,,,,,,,,,,,,,,,1,,
0,11,15,65326339865,1525200120,1,1,"(0.7358569502830505, 0.12518545985221863)","(0.7162580490112305, 0.15580683946609497)",1,1,2.89093017578125,2.566757202148437,"(-49.94334030151367, -19.233646392822266, 658.0888671875)","(14.439805030822754, -22.42656707763672, 664.6727294921875)","(82.00379943847656, 177.75650024414062, 54.056312561035156)","(75.2120590209961, 172.14755249023438, 52.01480484008789)",POINT (0.7260574996471405 0.1404961496591568),,,,,,,,,,,,,,,,,,,,,,,,,,,,,,,,,,,,,,,,,,,,,,,1,,
0,11,15,65326356533,1525216787,1,1,"(0.7407243251800537, 0.12027900665998459)","(0.7070139050483704, 0.16593995690345764)",1,1,2.9090576171875,2.569076538085937,"(-49.98908996582031, -19.255794525146484, 657.9479370117188)","(14.383113861083984, -22.407516479492188, 664.5654296875)","(83.69051361083984, 178.6552276611328, 54.38343811035156)","(72.00861358642578, 170.29144287109375, 51.339256286621094)",POINT (0.723869115114212 0.1431094817817211),,,,,,,,,,,,,,,,,,,,,,,,,,,,,,,,,,,,,,,,,,,,,,,1,,
0,11,15,65326373199,1525233453,1,1,"(0.7325997352600098, 0.10617957264184952)","(0.7115697264671326, 0.15921035408973694)",1,1,2.8677978515625,2.583465576171875,"(-50.054412841796875, -19.29203987121582, 657.9873046875)","(14.321596145629883, -22.42209243774414, 664.5557250976562)","(80.87503814697266, 181.2378387451172, 55.32341766357422)","(73.58737182617188, 171.5241241455078, 51.787879943847656)",POINT (0.7220847308635712 0.1326949633657932),,,,,,,,,,,,,,,,,,,,,,,,,,,,,,,,,,,,,,,,,,,,,,,,,
0,11,15,65326389867,1525250120,1,1,"(0.7296336889266968, 0.09870202094316483)","(0.7105531692504883, 0.1598968505859375)",1,1,2.884765625,2.580963134765625,"(-50.12623596191406, -19.3100528717041, 657.8067016601562)","(14.258581161499023, -22.408597946166992, 664.43603515625)","(79.8471908569336, 182.60751342773438, 55.82191848754883)","(73.23509216308594, 171.39837646484375, 51.742122650146484)",POINT (0.7200934290885925 0.1292994357645512),,,,,,,,,,,,,,,,,,,,,,,,,,,,,,,,,,,,,,,,,,,,,,,,,
0,11,15,65326406534,1525266787,1,1,"(0.7358315587043762, 0.12286257743835449)","(0.7077218294143677, 0.17504845559597015)",1,1,2.920867919921875,2.553558349609375,"(-50.22130584716797, -19.323530197143555, 657.9493408203125)","(14.183345794677734, -22.396432876586914, 664.390869140625)","(81.99500274658203, 178.18199157714844, 54.21115493774414)","(72.25395202636719, 168.623046875, 50.73197937011719)",POINT (0.721776694059372 0.1489555165171623),,,,,,,,,,,,,,,,,,,,,,,,,,,,,,,,,,,,,,,,,,,,,,,1,,
0,11,15,65326423201,1525283453,1,1,"(0.7101733684539795, 0.3595385253429413)","(0.6917252540588379, 0.3152260184288025)",1,1,2.8855438232421875,2.4727325439453125,"(-50.2828369140625, -19.584163665771484, 657.6375732421875)","(13.945592880249023, -22.66457748413086, 664.1688232421875)","(73.10348510742188, 134.82977294921875, 38.43223571777344)","(66.71054077148438, 142.946533203125, 41.38649368286133)",POINT (0.7009493112564087 0.3373822718858719),,,,,,,,,,,,,,,,,,,,,,,,,,,,,,,,,,,,,,,,,,,,,,,,1,
0,11,15,65326439868,1525300120,1,1,"(0.6613031029701233, 0.584086537361145)","(0.6506913900375366, 0.6188816428184509)",1,1,2.9143829345703125,2.594024658203125,"(-50.38731384277344, -19.941608428955078, 657.5146484375)","(13.581067085266113, -22.978586196899414, 664.2561645507812)","(56.16814041137695, 93.69900512695312, 23.461875915527344)","(52.490779876708984, 87.32556915283203, 21.14207649230957)",POINT (0.65599724650383 0.601484090089798),,,,,,,,,,,,,,,,,,,,,,,,,,,,,,,,,,,,,,,,,,,,,,,,1,
0,11,15,65326456541,1525316792,1,1,"(0.5866885185241699, 0.7114539742469788)","(0.5850376486778259, 0.7628626227378845)",1,1,2.9273834228515625,2.6345977783203125,"(-50.638771057128906, -20.129554748535156, 657.6452026367188)","(13.35331916809082, -23.14629364013672, 664.0466918945312)","(30.311477661132812, 70.36894989013672, 14.970454216003418)","(29.739368438720703, 60.95237731933594, 11.543073654174805)",POINT (0.5858630836009979 0.7371582984924316),,,,,,,,,,,,,,,,,,,,,,,,,,,,,,,,,,,,,,,,,,,,,,,,,1
0,11,15,65326473208,1525333459,1,1,"(0.5935059189796448, 0.7053877115249634)","(0.5954311490058899, 0.7495326399803162)",1,1,2.940536499023437,2.5973663330078125,"(-50.79084014892578, -20.130836486816406, 657.3917236328125)","(13.321757316589355, -23.095623016357422, 663.9141845703125)","(32.67395782470703, 71.4801254272461, 15.374847412109375)","(33.341094970703125, 63.39403533935547, 12.431756973266602)",POINT (0.5944685339927673 0.7274601757526398),,,,,,,,,,,,,,,,,,,,,,,,,,,,,,,,,,,,,,,,,,,,,,,,,1
0,11,15,65326489875,1525350125,1,1,"(0.6073734164237976, 0.7297244071960449)","(0.5788133144378662, 0.7763622403144836)",1,1,2.95159912109375,2.591659545898437,"(-50.88238525390625, -20.145557403564453, 657.6434326171875)","(13.307474136352539, -23.079383850097656, 663.8417358398438)","(37.47954559326172, 67.0223388671875, 13.752360343933105)","(27.582412719726562, 58.47962188720703, 10.643052101135254)",POINT (0.5930933654308319 0.7530433237552643),,,,,,,,,,,,,,,,,,,,,,,,,,,,,,,,,,,,,,,,,,,,,,,,,
0,11,15,65326506542,1525366792,1,1,"(0.5953223705291748, 0.7192710041999817)","(0.5842494964599609, 0.779139518737793)",1,1,2.92755126953125,2.590545654296875,"(-50.9405632019043, -20.141460418701172, 657.3804931640625)","(13.279951095581055, -23.058483123779297, 663.8549194335938)","(33.30340576171875, 68.9371109008789, 14.449252128601074)","(29.46626853942871, 57.970909118652344, 10.457859992980957)",POINT (0.5897859334945679 0.7492052614688873),,,,,,,,,,,,,,,,,,,,,,,,,,,,,,,,,,,,,,,,,,,,,,,,,1
0,11,15,65326523210,1525383459,1,1,"(0.5780492424964905, 0.7312297821044922)","(0.5770286321640015, 0.7663586735725403)",1,1,2.9288330078125,2.586700439453125,"(-51.06719970703125, -20.11627960205078, 657.4933471679688)","(13.18966293334961, -23.01754379272461, 663.6510009765625)","(27.317615509033203, 66.74659729003906, 13.652009963989258)","(26.963964462280273, 60.31197738647461, 11.310029029846191)",POINT (0.577538937330246 0.7487942278385162),,,,,,,,,,,,,,,,,,,,,,,,,,,,,,,,,,,,,,,,,,,,,,,,,1
0,11,15,65326539876,1525400125,1,1,"(0.4654974043369293, 0.6860876083374023)","(0.4457482695579529, 0.7314727902412415)",1,1,2.9144439697265625,2.6127166748046875,"(-51.391517639160156, -20.04053497314453, 657.5504760742188)","(12.876100540161133, -22.98543357849121, 664.088134765625)","(-11.685686111450195, 75.01535034179688, 16.661558151245117)","(-18.529483795166016, 66.70209503173828, 13.635777473449707)",POINT (0.4556228369474411 0.7087801992893219),,,,,,,,,,,,,,,,,,,,,,,,,,,,,,,,,,,,,,,,,,,,,,,,,1
0,11,15,65326556544,1525416792,1,1,"(0.43490687012672424, 0.6187408566474915)","(0.4187358021736145, 0.6961508989334106)",1,1,2.91961669921875,2.65570068359375,"(-51.62074661254883, -20.01140785217285, 657.5740966796875)","(12.63355541229248, -22.82276725769043, 663.757568359375)","(-22.286415100097656, 87.351318359375, 21.151525497436523)","(-27.890277862548828, 73.17202758789062, 15.990667343139648)",POINT (0.4268213361501694 0.657445877790451),,,,,,,,,,,,,,,,,,,,,,,,,,,,,,,,,,,,,,,,,,,,,,,,,1
0,11,15,65326573211,1525433459,1,1,"(0.2938794195652008, 0.3321477770805359)","(0.28833842277526855, 0.29910749197006226)",1,1,2.9452056884765625,2.5484161376953125,"(-51.982688903808594, -19.587787628173828, 657.9503784179688)","(12.116247177124023, -22.446090698242188, 663.824951171875)","(-71.15758514404297, 139.84695434570312, 40.25835418701172)","(-73.07776641845703, 145.89898681640625, 42.46111297607422)",POINT (0.2911089211702347 0.3156276345252991),,,,,,,,,,,,,,,,,,,,,,,,,,,,,,,,,,,,,,,,,,,,,,,,,
0,11,15,65326589886,1525450133,1,1,"(0.25721707940101624, 0.09025003761053085)","(0.2423272728919983, 0.1363012194633484)",1,1,2.8883514404296875,2.6950836181640625,"(-52.175968170166016, -19.280929565429688, 657.942626953125)","(11.770210266113281, -22.10369110107422, 664.1403198242188)","(-83.8624267578125, 184.15567016601562, 56.38541793823242)","(-89.02230072021484, 175.72044372558594, 53.3151969909668)",POINT (0.2497721761465073 0.1132756285369396),,,,,,,,,,,,,,,,,,,,,,,,,,,,,,,,,,,,,,,,,,,,,,,,,
0,11,15,65326606553,1525466800,1,1,"(0.2577412724494934, 0.016934648156166077)","(0.23247982561588287, 0.11220131814479828)",1,1,2.9248046875,2.713043212890625,"(-52.2277717590332, -19.311328887939453, 658.0072021484375)","(11.76086711883545, -22.100902557373047, 664.0430908203125)","(-83.68079376220703, 197.58493041992188, 61.2733039855957)","(-92.4347915649414, 180.13482666015625, 54.92192840576172)",POINT (0.2451105490326881 0.0645679831504822),,,,,,,,,,,,,,,,,,,,,,,,,,,,,,,,,,,,,,,,,,,,,,,,,
0,11,15,65326623219,1525483465,1,1,"(0.2570708990097046, 0.034287795424461365)","(0.23396846652030945, 0.10227841883897781)",1,1,2.9400177001953125,2.7187652587890625,"(-52.335243225097656, -19.369667053222656, 657.8074951171875)","(11.753302574157715, -22.143447875976562, 663.86181640625)","(-83.9130859375, 194.40635681152344, 60.116336822509766)","(-91.9189224243164, 181.95240783691406, 55.583534240722656)",POINT (0.245519682765007 0.0682831071317196),,,,,,,,,,,,,,,,,,,,,,,,,,,,,,,,,,,,,,,,,,,,,,,,,
0,11,15,65326639885,1525500131,1,1,"(0.26781994104385376, 0.052706025540828705)","(0.23235177993774414, 0.10751162469387054)",1,1,2.938217163085937,2.715789794921875,"(-52.42649841308594, -19.392641067504883, 657.684814453125)","(11.714014053344727, -22.167482376098633, 663.7049560546875)","(-80.18815612792969, 191.0326690673828, 58.8884162902832)","(-92.47916412353516, 180.99383544921875, 55.23463821411133)",POINT (0.250085860490799 0.0801088251173496),,,,,,,,,,,,,,,,,,,,,,,,,,,,,,,,,,,,,,,,,,,,,,,,,
0,11,15,65326656552,1525516797,1,1,"(0.2568678557872772, 0.038719385862350464)","(0.23746560513973236, 0.10471977293491364)",1,1,2.92822265625,2.7207183837890625,"(-52.49052429199219, -19.41372299194336, 657.6986083984375)","(11.691438674926758, -22.1772403717041, 663.5839233398438)","(-83.98345947265625, 193.59461975097656, 59.82086944580078)","(-90.70703887939453, 181.50523376464844, 55.42072677612305)",POINT (0.2471667304635048 0.071719579398632),,,,,,,,,,,,,,,,,,,,,,,,,,,,,,,,,,,,,,,,,,,,,,,,,
0,11,15,65326673219,1525533464,1,1,"(0.2669232189655304, 0.06425290554761887)","(0.2348618060350418, 0.11761949956417084)",1,1,2.961044311523437,2.7175750732421875,"(-52.5591926574707, -19.445140838623047, 657.578857421875)","(11.652751922607422, -22.163772583007812, 663.3787841796875)","(-80.49890899658203, 188.91758728027344, 58.118656158447266)","(-91.6093521118164, 179.1423797607422, 54.56071472167969)",POINT (0.2508925125002861 0.0909362025558948),,,,,,,,,,,,,,,,,,,,,,,,,,,,,,,,,,,,,,,,,,,,,,,,,
0,11,15,65326689887,1525550131,1,1,"(0.2575620412826538, 0.02611895464360714)","(0.23359212279319763, 0.12578678131103516)",1,1,2.9276580810546875,2.7371063232421875,"(-52.63179016113281, -19.472305297851562, 657.7001953125)","(11.619514465332031, -22.150333404541016, 663.45263671875)","(-83.7428970336914, 195.9026336669922, 60.660953521728516)","(-92.0493392944336, 177.64634704589844, 54.01624298095703)",POINT (0.2455770820379257 0.0759528679773212),,,,,,,,,,,,,,,,,,,,,,,,,,,,,,,,,,,,,,,,,,,,,,,,,
0,11,15,65326706553,1525566797,1,1,"(0.262288898229599, 0.03395199030637741)","(0.24213354289531708, 0.1287032514810562)",1,1,2.92694091796875,2.7355499267578125,"(-52.68156814575195, -19.493736267089844, 657.5712890625)","(11.588561058044434, -22.131771087646484, 663.5271606445312)","(-82.1048583984375, 194.46786499023438, 60.13874053955078)","(-89.08943176269531, 177.11216735839844, 53.82172775268555)",POINT (0.252211220562458 0.0813276208937168),,,,,,,,,,,,,,,,,,,,,,,,,,,,,,,,,,,,,,,,,,,,,,,,,
0,11,15,65326723226,1525583469,1,1,"(0.26347389817237854, 0.05015458166599274)","(0.2356969118118286, 0.11343705654144287)",1,1,2.957733154296875,2.7349395751953125,"(-52.735511779785156, -19.492813110351562, 657.513916015625)","(11.561729431152344, -22.11236572265625, 663.8798828125)","(-81.6942138671875, 191.5, 59.05853271484375)","(-91.31995391845703, 179.90846252441406, 54.83959197998047)",POINT (0.2495854049921036 0.0817958191037178),,,,,,,,,,,,,,,,,,,,,,,,,,,,,,,,,,,,,,,,,,,,,,,,,
0,11,15,65326739892,1525600135,1,1,"(0.267638236284256, 0.021952981129288673)","(0.2404487133026123, 0.10966219753026962)",1,1,2.9202880859375,2.715118408203125,"(-52.79408264160156, -19.50208854675293, 657.5770263671875)","(11.529130935668945, -22.098669052124023, 663.8194580078125)","(-80.25111389160156, 196.66574096679688, 60.93867111206055)","(-89.67328643798828, 180.59991455078125, 55.09126281738281)",POINT (0.2540434747934341 0.0658075893297792),,,,,,,,,,,,,,,,,,,,,,,,,,,,,,,,,,,,,,,,,,,,,,,,,
0,11,15,65326756559,1525616801,1,1,"(0.26213058829307556, 0.026744350790977478)","(0.2347896695137024, 0.10867585241794586)",1,1,2.928009033203125,2.7256011962890625,"(-52.84483337402344, -19.488182067871094, 657.65283203125)","(11.495035171508789, -22.080902099609375, 663.3712158203125)","(-82.15972137451172, 195.78811645507812, 60.619232177734375)","(-91.63435363769531, 180.78057861328125, 55.15699005126953)",POINT (0.248460128903389 0.0677101016044617),,,,,,,,,,,,,,,,,,,,,,,,,,,,,,,,,,,,,,,,,,,,,,,,,
0,11,15,65326773226,1525633468,1,1,"(0.2698032259941101, 0.04803812876343727)","(0.23323440551757812, 0.08800143003463745)",1,1,2.9374237060546875,2.708709716796875,"(-52.89691925048828, -19.45217514038086, 657.6084594726562)","(11.437381744384766, -22.055822372436523, 663.093505859375)","(-79.50086975097656, 191.8876495361328, 59.199676513671875)","(-92.17330932617188, 184.56753540039062, 56.53532028198242)",POINT (0.2515188157558441 0.0680197793990374),,,,,,,,,,,,,,,,,,,,,,,,,,,,,,,,,,,,,,,,,,,,,,,,,
0,11,15,65326789894,1525650135,1,1,"(0.2523084878921509, 0.07222394645214081)","(0.22570013999938965, 0.12183617800474167)",1,1,2.9373016357421875,2.7141265869140625,"(-52.96568298339844, -19.496013641357422, 657.6336059570312)","(11.342945098876953, -22.08685302734375, 663.72802734375)","(-85.5634536743164, 187.45755004882812, 57.58717727661133)","(-94.7842025756836, 178.37001037597656, 54.279579162597656)",POINT (0.2390043139457703 0.0970300622284412),,,,,,,,,,,,,,,,,,,,,,,,,,,,,,,,,,,,,,,,,,,,,,,,,
0,11,15,65326806561,1525666802,1,1,"(0.26126301288604736, 0.08108598738908768)","(0.23626036942005157, 0.1286698579788208)",1,1,2.944442749023437,2.7311553955078125,"(-53.0065803527832, -19.506237030029297, 657.602783203125)","(11.310649871826172, -22.072364807128906, 663.6571044921875)","(-82.46038818359375, 185.8342742919922, 56.99635696411133)","(-91.12470245361328, 177.11825561523438, 53.82402038574219)",POINT (0.2487616911530495 0.1048779226839542),,,,,,,,,,,,,,,,,,,,,,,,,,,,,,,,,,,,,,,,,,,,,,,,,
0,11,15,65326823231,1525683471,1,1,"(0.2562435567378998, 0.08696838468313217)","(0.2328321784734726, 0.12410752475261688)",1,1,2.94671630859375,2.70452880859375,"(-53.060630798339844, -19.463279724121094, 657.7391357421875)","(11.294600486755371, -22.009422302246094, 663.354248046875)","(-84.1998062133789, 184.7567901611328, 56.60420608520508)","(-92.31269836425781, 177.95394897460938, 54.12818145751953)",POINT (0.2445378676056862 0.1055379547178745),,,,,,,,,,,,,,,,,,,,,,,,,,,,,,,,,,,,,,,,,,,,,,,,,
0,11,15,65326839895,1525700135,1,1,"(0.2582315504550934, 0.10438727587461472)","(0.22857405245304108, 0.15888206660747528)",1,1,2.946395874023437,2.6922760009765625,"(-53.09663391113281, -19.44464111328125, 657.708984375)","(11.261517524719238, -21.949148178100586, 663.2823486328125)","(-83.5108871459961, 181.56613159179688, 55.442909240722656)","(-93.78828430175781, 171.58424377441406, 51.80982971191406)",POINT (0.2434028014540672 0.131634671241045),,,,,,,,,,1,,,,,,,,,,,,,,,,,,,,,,,,,,,,,,,,,,,,,,,
0,11,15,65326856567,1525716806,1,1,"(0.26314568519592285, 0.12351114302873611)","(0.22913995385169983, 0.15143071115016937)",1,1,2.9982147216796875,2.6991119384765625,"(-53.119606018066406, -19.459787368774414, 657.6204833984375)","(11.239924430847168, -21.930200576782227, 663.1370239257812)","(-81.80795288085938, 178.0631866455078, 54.16794967651367)","(-93.59217834472656, 172.9491424560547, 52.306541442871094)",POINT (0.2461428195238113 0.1374709270894527),,,,,,,,,,,,,,,,,,,,,,,,,,,,,,,,,,,,,,,,,,,,,,,,,
0,11,15,65326873234,1525733473,1,1,"(0.25505563616752625, 0.07659557461738586)","(0.23104743659496307, 0.1551554650068283)",1,1,2.92901611328125,2.6815948486328125,"(-53.138916015625, -19.484949111938477, 657.5442504882812)","(11.221227645874023, -21.926513671875, 663.089111328125)","(-84.61145782470703, 186.6567840576172, 57.29573440551758)","(-92.93118286132812, 172.26686096191406, 52.0582275390625)",POINT (0.2430515363812447 0.1158755198121071),,,,,,,,,,,,,,,,,,,,,,,,,,,,,,,,,,,,,,,,,,,,,,,,,
0,11,15,65326889901,1525750139,1,1,"(0.26221203804016113, 0.082372285425663)","(0.2270130068063736, 0.14057086408138275)",1,1,2.934417724609375,2.6622467041015625,"(-53.153785705566406, -19.542404174804688, 657.4334716796875)","(11.208953857421875, -21.962596893310547, 663.150634765625)","(-82.13150787353516, 185.59866333007812, 56.91059112548828)","(-94.32925415039062, 174.93836975097656, 53.03053665161133)",POINT (0.2446125224232674 0.1114715747535229),,,,,,,,,,,,,,,,,,,,,,,,,,,,,,,,,,,,,,,,,,,,,,,,,
0,11,15,65326906568,1525766806,1,1,"(0.2591862976551056, 0.099864162504673)","(0.22451485693454742, 0.1334172785282135)",1,1,2.956634521484375,2.666412353515625,"(-53.16660690307617, -19.571269989013672, 657.419189453125)","(11.200529098510742, -22.021455764770508, 663.0657958984375)","(-83.18003845214844, 182.39463806152344, 55.744468688964844)","(-95.1949462890625, 176.24867248535156, 53.50749588012695)",POINT (0.2418505772948265 0.1166407205164432),,,,,,,,,,,,,,,,,,,,,,,,,,,,,,,,,,,,,,,,,,,,,,,,,
0,11,15,65326923235,1525783472,1,1,"(0.25825759768486023, 0.10326306521892548)","(0.22426073253154755, 0.11806446313858032)",1,1,2.949432373046875,2.667221069335937,"(-53.21519470214844, -19.593589782714844, 657.6049194335938)","(11.16854476928711, -22.06686782836914, 663.0289306640625)","(-83.5018539428711, 181.7720489501953, 55.517860412597656)","(-95.28301239013672, 179.06085205078125, 54.531089782714844)",POINT (0.2412591651082039 0.1106637641787529),,,,,,,,,,,,,,,,,,,,,,,,,,,,,,,,,,,,,,,,,,,,,,,,,
0,11,15,65326939902,1525800139,1,1,"(0.26301267743110657, 0.11844499409198761)","(0.22670643031597137, 0.1469966024160385)",1,1,2.954986572265625,2.695175170898437,"(-53.26075744628906, -19.61931610107422, 657.54931640625)","(11.131972312927246, -22.091981887817383, 663.5410766601562)","(-81.85405731201172, 178.9911651611328, 54.50568771362305)","(-94.43549346923828, 173.76132202148438, 52.60219955444336)",POINT (0.244859553873539 0.1327207982540131),,,,,,,,,,1,,,,,,,,,,,,,,,,,,,,,,,,,,,,,,,,,,,,,,,
0,11,15,65326956571,1525816807,1,1,"(0.26193323731422424, 0.12176453322172165)","(0.22940216958522797, 0.1635686755180359)",1,1,2.9656219482421875,2.7008056640625,"(-53.31142044067383, -19.66942596435547, 657.5289306640625)","(11.084952354431152, -22.09813117980957, 663.5914306640625)","(-82.22811126708984, 178.38311767578125, 54.28438949584961)","(-93.50132751464844, 170.72581481933594, 51.497344970703125)",POINT (0.2456677034497261 0.1426666043698788),,,,,,,,,,1,,,,,,,,,,,,,,,,,,,,,,,,,,,,,,,,,,,,,1,,
0,11,15,65326973238,1525833474,1,1,"(0.26355230808258057, 0.07473133504390717)","(0.23309993743896484, 0.15911932289600372)",1,1,2.91595458984375,2.6798095703125,"(-53.37330627441406, -19.715587615966797, 657.4464111328125)","(11.002523422241211, -22.083641052246094, 662.6827392578125)","(-81.66704559326172, 186.9982452392578, 57.42002487182617)","(-92.21990203857422, 171.54078674316406, 51.79397964477539)",POINT (0.2483261227607727 0.1169253289699554),,,,,,,,,,,,,,,,,,,,,,,,,,,,,,,,,,,,,,,,,,,,,,,,,
0,11,15,65326989911,1525850146,1,1,"(0.2623870074748993, 0.07696360349655151)","(0.22556725144386292, 0.14230816066265106)",1,1,2.9373931884765625,2.6679840087890625,"(-53.45661544799805, -19.70274543762207, 657.4932861328125)","(10.940397262573242, -22.087697982788086, 662.9277954101562)","(-82.07087707519531, 186.58937072753906, 57.271202087402344)","(-94.83026885986328, 174.6201171875, 52.91474914550781)",POINT (0.2439771294593811 0.1096358820796013),,,,,,,,,,,,,,,,,,,,,,,,,,,,,,,,,,,,,,,,,,,,,,,,,
0,11,15,65327006577,1525866812,1,1,"(0.2576000690460205, 0.11199396103620529)","(0.22852468490600586, 0.1342540830373764)",1,1,2.937835693359375,2.7079010009765625,"(-53.57366180419922, -19.636104583740234, 657.6671142578125)","(10.86771011352539, -22.07080078125, 663.5744018554688)","(-83.72970581054688, 180.17279052734375, 54.93580627441406)","(-93.80538940429688, 176.0953826904297, 53.451744079589844)",POINT (0.2430623769760132 0.1231240220367908),,,,,,,,,,,,,,,,,,,,,,,,,,,,,,,,,,,,,,,,,,,,,,,,,
0,11,15,65327023245,1525883479,1,1,"(0.26507753133773804, 0.10742349922657013)","(0.2324691116809845, 0.17398379743099213)",1,1,2.925888061523437,2.67767333984375,"(-53.72782516479492, -19.50891876220703, 658.0045166015625)","(10.781488418579102, -21.86481475830078, 662.9205322265625)","(-81.13850402832031, 181.010009765625, 55.240474700927734)","(-92.43850708007812, 168.81805419921875, 50.802978515625)",POINT (0.2487733215093613 0.1407036483287811),,,,,,,,,,1,,,,,,,,,,,,,,,,,,,,,,,,,,,,,,,,,,,,,1,,
0,11,15,65327139919,1526000150,1,1,"(0.4111824333667755, 0.5635955333709717)","(0.3612838685512543, 0.14174383878707886)",1,1,2.900787353515625,2.570587158203125,"(-53.916996002197266, -19.298154830932617, 657.8997802734375)","(10.561837196350098, -21.540843963623047, 663.8999633789062)","(-30.507795333862305, 97.45236206054688, 24.827980041503906)","(-47.79948806762695, 174.7235107421875, 52.95233154296875)",POINT (0.3862331509590149 0.3526696860790253),,,,,,,,,,,,,,,,,,,,,,,,,,,,,,,,,,,,,,,,,,,,,,,,,
0,11,15,65327156586,1526016816,1,1,"(0.4017474949359894, 0.22809523344039917)","(0.3657933175563812, 0.1875620037317276)",1,1,2.9249267578125,2.5288238525390625,"(-54.0054931640625, -19.361204147338867, 657.9334716796875)","(10.462031364440918, -21.597503662109375, 663.6348876953125)","(-33.77737808227539, 158.9063720703125, 47.195457458496094)","(-46.236785888671875, 166.33091735839844, 49.89771270751953)",POINT (0.3837704062461853 0.2078286185860634),,,,,,,,,,,,,,,,,,,,,,,,,,,,,,,,,,,,,,,,,,,,,,,,,
0,11,15,65327173253,1526033483,1,1,"(0.39497271180152893, 0.14227019250392914)","(0.361082524061203, 0.18085598945617676)",1,1,2.91455078125,2.543563842773437,"(-54.112701416015625, -19.387271881103516, 657.9034423828125)","(10.377737045288086, -21.614011764526367, 663.5771484375)","(-36.12506103515625, 174.6270751953125, 52.917293548583984)","(-47.8692626953125, 167.55926513671875, 50.344825744628906)",POINT (0.378027617931366 0.161563090980053),,,,,,,,,,,,,,,,,,,,,,,,,,,,,,,,,,,,,,,,,,,,,,,1,,
0,11,15,65327189921,1526050150,1,1,"(0.3851213753223419, 0.08577888458967209)","(0.3644976317882538, 0.17893114686012268)",1,1,2.7124176025390625,2.5471649169921875,"(-54.206703186035156, -19.410411834716797, 657.9486083984375)","(10.273263931274414, -21.6175594329834, 663.53076171875)","(-39.53892517089844, 184.97467041015625, 56.683509826660156)","(-46.68580627441406, 167.91183471679688, 50.47312927246094)",POINT (0.3748095035552978 0.1323550157248974),,,,,,,,,,,,,,,,,,,,,,,,,,,,,,,,,,,,,,,,,,,,,,,,,
0,11,15,65327206588,1526066817,1,1,"(0.3962238132953644, 0.24049384891986847)","(0.3633922040462494, 0.16614271700382233)",1,1,3.002288818359375,2.5384674072265625,"(-54.301612854003906, -19.469074249267578, 657.945068359375)","(10.19416332244873, -21.621782302856445, 663.290771484375)","(-35.69151306152344, 156.6353302001953, 46.368812561035156)","(-47.068870544433594, 170.25430297851562, 51.32575607299805)",POINT (0.3798080086708069 0.2033182829618454),,,,,,,,,,,,,,,,,,,,,,,,,,,,,,,,,,,,,,,,,,,,,,,,,
0,11,15,65327223255,1526083483,1,1,"(0.39089885354042053, 0.19155146181583405)","(0.3646886646747589, 0.16311775147914886)",1,1,2.9582061767578125,2.552276611328125,"(-54.36616516113281, -19.517772674560547, 657.8009643554688)","(10.122410774230957, -21.62499237060547, 663.4754638671875)","(-37.536800384521484, 165.60015869140625, 49.63176345825195)","(-46.619598388671875, 170.8083953857422, 51.52742004394531)",POINT (0.3777937591075897 0.1773346066474915),,,,,,,,,,,,,,,,,,,,,,,,,,,,,,,,,,,,,,,,,,,,,,,1,,
0,11,15,65327239927,1526100155,1,1,"(0.3939487934112549, 0.1794898808002472)","(0.35943394899368286, 0.16129319369792938)",1,1,2.96356201171875,2.55426025390625,"(-54.44607162475586, -19.5474910736084, 657.8483276367188)","(10.037792205810547, -21.624332427978516, 663.4166259765625)","(-36.47990036010742, 167.8094940185547, 50.43586349487305)","(-48.4405517578125, 171.14259338378906, 51.649070739746094)",POINT (0.3766913712024689 0.1703915372490883),,,,,,,,,,,,,,,,,,,,,,,,,,,,,,,,,,,,,,,,,,,,,,,1,,
0,11,15,65327256594,1526116821,1,1,"(0.3890262544155121, 0.19309014081954956)","(0.3640587031841278, 0.15904834866523743)",1,1,3.036102294921875,2.564422607421875,"(-54.50110626220703, -19.571529388427734, 657.7903442382812)","(9.984317779541016, -21.624446868896484, 663.3455200195312)","(-38.18573760986328, 165.3183135986328, 49.52916717529297)","(-46.83790588378906, 171.55380249023438, 51.79868698120117)",POINT (0.37654247879982 0.1760692447423935),,,,,,,,,,,,,,,,,,,,,,,,,,,,,,,,,,,,,,,,,,,,,,,1,,
0,11,15,65327273261,1526133488,1,1,"(0.3958666920661926, 0.21447259187698364)","(0.35890933871269226, 0.16502562165260315)",1,1,3.024444580078125,2.568359375,"(-54.55352020263672, -19.580158233642578, 657.7694091796875)","(9.946690559387207, -21.613277435302734, 663.2496337890625)","(-35.815277099609375, 161.40167236328125, 48.10361099243164)","(-48.62234115600586, 170.4589385986328, 51.40019226074219)",POINT (0.3773880153894424 0.1897491067647934),,,,,,,,,,,,,,,,,,,,,,,,,,,,,,,,,,,,,,,,,,,,,,,,,
0,11,15,65327289928,1526150154,1,1,"(0.3944116532802582, 0.19386471807956696)","(0.3563794493675232, 0.14782217144966125)",1,1,2.9918365478515625,2.57952880859375,"(-54.59614944458008, -19.585155487060547, 657.8107299804688)","(9.906286239624023, -21.60833740234375, 663.2994384765625)","(-36.319496154785156, 165.1764373779297, 49.47753143310547)","(-49.499053955078125, 173.610107421875, 52.54713821411133)",POINT (0.3753955513238907 0.1708434447646141),,,,,,,,,,,,,,,,,,,,,,,,,,,,,,,,,,,,,,,,,,,,,,,1,,
0,11,15,65327306596,1526166822,1,1,"(0.3903317451477051, 0.15534406900405884)","(0.35738274455070496, 0.16038846969604492)",1,1,2.970062255859375,2.590911865234375,"(-54.605560302734375, -19.5968017578125, 657.7246704101562)","(9.875210762023926, -21.600433349609375, 663.178955078125)","(-37.73332214355469, 172.2322998046875, 52.04568862915039)","(-49.15137481689453, 171.30833435058594, 51.70935821533203)",POINT (0.373857244849205 0.1578662693500519),,,,,,,,,,,,,,,,,,,,,,,,,,,,,,,,,,,,,,,,,,,,,,,1,,
0,11,15,65327323263,1526183488,1,1,"(0.3860776424407959, 0.1633712351322174)","(0.35839182138442993, 0.15257397294044495)",1,1,2.974822998046875,2.617050170898437,"(-54.61790466308594, -19.605735778808594, 657.5531005859375)","(9.853269577026367, -21.60710906982422, 663.0210571289062)","(-39.207523345947266, 170.76197814941406, 51.51048278808594)","(-48.801692962646484, 172.73971557617188, 52.230369567871094)",POINT (0.3722347319126129 0.1579726040363312),,,,,,,,,,,,,,,,,,,,,,,,,,,,,,,,,,,,,,,,,,,,,,,1,,
0,11,15,65327339929,1526200154,1,1,"(0.3954058885574341, 0.2101670354604721)","(0.35799941420555115, 0.15155261754989624)",1,1,3.044906616210937,2.5992889404296875,"(-54.62812805175781, -19.61484146118164, 657.4668579101562)","(9.837310791015625, -21.609230041503906, 663.130615234375)","(-35.974945068359375, 162.19032287597656, 48.390689849853516)","(-48.937679290771484, 172.9268035888672, 52.298439025878906)",POINT (0.3767026513814926 0.1808598265051842),,,,,,,,,,,,,,,,,,,,,,,,,,,,,,,,,,,,,,,,,,,,,,,1,,
0,11,15,65327356597,1526216821,1,1,"(0.39578160643577576, 0.21813306212425232)","(0.36129137873649597, 0.15889041125774384)",1,1,3.04876708984375,2.620758056640625,"(-54.63582992553711, -19.63888168334961, 657.4290161132812)","(9.832332611083984, -21.623069763183594, 662.9608764648438)","(-35.84476089477539, 160.73117065429688, 47.859580993652344)","(-47.796878814697266, 171.5827178955078, 51.809234619140625)",POINT (0.3785364925861359 0.1885117366909981),,,,,,,,,,,,,,,,,,,,,,,,,,,,,,,,,,,,,,,,,,,,,,,,,
0,11,15,65327373269,1526233493,1,1,"(0.39583510160446167, 0.1962984800338745)","(0.35758641362190247, 0.15449203550815582)",1,1,3.074432373046875,2.6397705078125,"(-54.63277816772461, -19.706478118896484, 657.4540405273438)","(9.843395233154297, -21.641300201416016, 662.766845703125)","(-35.82622146606445, 164.7306365966797, 49.315311431884766)","(-49.080787658691406, 172.3883819580078, 52.10247802734375)",POINT (0.3767107576131821 0.1753952577710152),,,,,,,,,,,,,,,,,,,,,,,,,,,,,,,,,,,,,,,,,,,,,,,1,,
0,11,15,65327389937,1526250160,1,1,"(0.39519739151000977, 0.1722361296415329)","(0.3560682237148285, 0.15642432868480682)",1,1,3.048858642578125,2.62286376953125,"(-54.62263488769531, -19.74315071105957, 657.35888671875)","(9.84153938293457, -21.65206527709961, 662.7794189453125)","(-36.047203063964844, 169.13816833496094, 50.91947937011719)","(-49.60689163208008, 172.03443908691406, 51.97365951538086)",POINT (0.3756328076124191 0.1643302291631699),,,,,,,,,,,,,,,,,,,,,,,,,,,,,,,,,,,,,,,,,,,,,,,1,,
0,11,15,65327406603,1526266826,1,1,"(0.39017030596733093, 0.14781315624713898)","(0.36084190011024475, 0.1698000431060791)",1,1,3.027587890625,2.626068115234375,"(-54.610618591308594, -19.777692794799805, 657.25244140625)","(9.85535717010498, -21.663053512573242, 662.718505859375)","(-37.78927230834961, 173.61175537109375, 52.54775619506836)","(-47.95265579223633, 169.5843963623047, 51.0819206237793)",POINT (0.3755061030387878 0.158806599676609),,,,,,,,,,,,,,,,,,,,,,,,,,,,,,,,,,,,,,,,,,,,,,,1,,
0,11,15,65327423271,1526283493,1,1,"(0.38730552792549133, 0.14435797929763794)","(0.36075177788734436, 0.1731031835079193)",1,1,3.0308380126953125,2.6222381591796875,"(-54.58953857421875, -19.78913116455078, 657.2196044921875)","(9.870593070983887, -21.674367904663086, 662.7547607421875)","(-38.78203201293945, 174.24465942382812, 52.7780876159668)","(-47.983863830566406, 168.97933959960938, 50.861698150634766)",POINT (0.3740286529064178 0.1587305814027786),,,,,,,,,,,,,,,,,,,,,,,,,,,,,,,,,,,,,,,,,,,,,,,1,,
0,11,15,65327439938,1526300160,1,1,"(0.39257434010505676, 0.15900060534477234)","(0.3582134544849396, 0.18053719401359558)",1,1,3.05255126953125,2.672943115234375,"(-54.58004379272461, -19.797128677368164, 657.2821655273438)","(9.884842872619629, -21.6859073638916, 662.7178955078125)","(-36.95619201660156, 171.5625457763672, 51.80186462402344)","(-48.86349868774414, 167.61766052246094, 50.36607360839844)",POINT (0.3753938972949982 0.169768899679184),,,,,,,,,,,,,,,,,,,,,,,,,,,,,,,,,,,,,,,,,,,,,,,1,,
0,11,15,65327456606,1526316827,1,1,"(0.3921871781349182, 0.16084574162960052)","(0.358832985162735, 0.1711253821849823)",1,1,3.039703369140625,2.6568756103515625,"(-54.57672882080078, -19.795848846435547, 657.4513549804688)","(9.90655517578125, -21.688447952270508, 662.717041015625)","(-37.090370178222656, 171.22457885742188, 51.67887496948242)","(-48.648799896240234, 169.34164428710938, 50.99351119995117)",POINT (0.3755100816488266 0.1659855619072914),,,,,,,,,,,,,,,,,,,,,,,,,,,,,,,,,,,,,,,,,,,,,,,1,,
0,11,15,65327473272,1526333493,1,1,"(0.3952769637107849, 0.15662944316864014)","(0.35611629486083984, 0.18478716909885406)",1,1,3.0562744140625,2.687530517578125,"(-54.53929901123047, -19.80203628540039, 657.3369140625)","(9.939742088317871, -21.710227966308594, 662.8251953125)","(-36.01963424682617, 171.9968719482422, 51.95995330810547)","(-49.590240478515625, 166.8391876220703, 50.08271789550781)",POINT (0.3756966292858124 0.1707083061337471),,,,,,,,,,,,,,,,,,,,,,,,,,,,,,,,,,,,,,,,,,,,,,,1,,
0,11,15,65327489939,1526350159,1,1,"(0.39245396852493286, 0.14519552886486053)","(0.3588879704475403, 0.15977993607521057)",1,1,3.05859375,2.663482666015625,"(-54.51361846923828, -19.793682098388672, 657.3168334960938)","(9.95817756652832, -21.7020263671875, 662.8128051757812)","(-36.9979133605957, 174.0912322998047, 52.722286224365234)","(-48.6297492980957, 171.4197998046875, 51.74993133544922)",POINT (0.3756709694862366 0.1524877324700356),,,,,,,,,,,,,,,,,,,,,,,,,,,,,,,,,,,,,,,,,,,,,,,1,,
0,11,15,65327506611,1526366831,1,1,"(0.3956701457500458, 0.14650791883468628)","(0.35552969574928284, 0.1706506758928299)",1,1,3.041473388671875,2.650634765625,"(-54.47178649902344, -19.791242599487305, 657.1182250976562)","(9.981876373291016, -21.713088989257812, 662.7275390625)","(-35.883392333984375, 173.850830078125, 52.634796142578125)","(-49.79352569580078, 169.4285888671875, 51.025177001953125)",POINT (0.3755999207496643 0.1585792973637581),,,,,,,,,,,,,,,,,,,,,,,,,,,,,,,,,,,,,,,,,,,,,,,1,,
0,11,15,65327523279,1526383498,1,1,"(0.40113016963005066, 0.19816498458385468)","(0.3580281734466553, 0.1872514933347702)",1,1,3.0966033935546875,2.67431640625,"(-54.449302673339844, -19.790340423583984, 657.12158203125)","(10.00853157043457, -21.719980239868164, 662.8724365234375)","(-33.99128341674805, 164.38873291015625, 49.190887451171875)","(-48.927703857421875, 166.3878173828125, 49.918373107910156)",POINT (0.379579171538353 0.1927082389593124),,,,,,,,,,,,,,,,,,,,,,,,,,,,,,,,,,,,,,,,,,,,,,,,,
0,11,15,65327539946,1526400165,1,1,"(0.39893147349357605, 0.19644804298877716)","(0.35882484912872314, 0.19260217249393463)",1,1,3.113555908203125,2.6743316650390625,"(-54.45570755004883, -19.79435920715332, 657.2171630859375)","(10.014077186584473, -21.718685150146484, 662.82373046875)","(-34.753211975097656, 164.7032470703125, 49.305301666259766)","(-48.651634216308594, 165.40769958496094, 49.56172180175781)",POINT (0.3788781613111496 0.1945251077413559),,,,,,,,,,,,,,,,,,,,,,,,,,,,,,,,,,,,,,,,,,,,,,,,,
0,11,15,65327556613,1526416831,1,1,"(0.40093106031417847, 0.1895858496427536)","(0.36575552821159363, 0.1727713942527771)",1,1,3.0835113525390625,2.625152587890625,"(-54.464454650878906, -19.801380157470703, 657.3131103515625)","(10.01530933380127, -21.740337371826172, 662.9329833984375)","(-34.06028366088867, 165.96018981933594, 49.76282501220703)","(-46.24988555908203, 169.04013061523438, 50.883792877197266)",POINT (0.383343294262886 0.1811786219477654),,,,,,,,,,,,,,,,,,,,,,,,,,,,,,,,,,,,,,,,,,,,,,,1,,
0,11,15,65327573280,1526433498,1,1,"(0.40188464522361755, 0.2142886370420456)","(0.36476537585258484, 0.17236778140068054)",1,1,3.073837280273437,2.63323974609375,"(-54.451019287109375, -19.815353393554688, 657.315673828125)","(10.015894889831543, -21.803693771362305, 662.907470703125)","(-33.72982406616211, 161.4353790283203, 48.11588668823242)","(-46.593013763427734, 169.1140594482422, 50.91071701049805)",POINT (0.3833250105381012 0.1933282092213631),,,,,,,,,,,,,,,,,,,,,,,,,,,,,,,,,,,,,,,,,,,,,,,,,
0,11,15,65327589947,1526450164,1,1,"(0.40474802255630493, 0.2620030343532562)","(0.3676306903362274, 0.22926221787929535)",1,1,3.08392333984375,2.6575469970703125,"(-54.42619323730469, -19.883747100830078, 657.4166259765625)","(10.026626586914062, -21.860172271728516, 663.1375732421875)","(-32.73756408691406, 152.69544982910156, 44.93486022949219)","(-45.60007095336914, 158.692626953125, 47.11762619018555)",POINT (0.3861893564462662 0.2456326261162758),,,,,,,,,,,,,,,,,,,,,,,,,,,,,,,,,,,,,,,,,,,,,,,,1,
0,11,15,65327606614,1526466831,1,1,"(0.40291252732276917, 0.24275872111320496)","(0.3631422221660614, 0.20343410968780518)",1,1,3.08642578125,2.6105499267578125,"(-54.450050354003906, -19.936687469482422, 657.3646240234375)","(10.022505760192871, -21.877098083496094, 663.211181640625)","(-33.373634338378906, 156.22047424316406, 46.217796325683594)","(-47.15550231933594, 163.423583984375, 48.8395881652832)",POINT (0.3830273747444153 0.2230964154005051),,,,,,,,,,,,,,,,,,,,,,,,,,,,,,,,,,,,,,,,,,,,,,,,1,
0,11,15,65327623282,1526483498,1,1,"(0.4022141396999359, 0.17561021447181702)","(0.3636866807937622, 0.21957319974899292)",1,1,2.995697021484375,2.6152496337890625,"(-54.45391082763672, -19.988224029541016, 657.279296875)","(10.012259483337402, -21.891809463500977, 663.2482299804688)","(-33.61565017700195, 168.52015686035156, 50.69453811645508)","(-46.96682357788086, 160.46739196777344, 47.76357650756836)",POINT (0.3829504102468491 0.197591707110405),,,,,,,,,,,,,,,,,,,,,,,,,,,,,,,,,,,,,,,,,,,,,,,,,
0,11,15,65327639955,1526500171,1,1,"(0.40196311473846436, 0.18373633921146393)","(0.3653387427330017, 0.21300353109836578)",1,1,3.0061492919921875,2.6008453369140625,"(-54.473793029785156, -20.00484848022461, 657.2636108398438)","(9.987277030944824, -21.903783798217773, 663.0667724609375)","(-33.70262908935547, 167.03167724609375, 50.15275192260742)","(-46.394325256347656, 161.67076110839844, 48.20155334472656)",POINT (0.383650928735733 0.1983699351549149),,,,,,,,,,,,,,,,,,,,,,,,,,,,,,,,,,,,,,,,,,,,,,,,,
0,11,15,65327656622,1526516837,1,1,"(0.38800016045570374, 0.16880081593990326)","(0.36920055747032166, 0.21337440609931946)",1,1,2.9596710205078125,2.5951385498046875,"(-54.52252197265625, -20.01659393310547, 657.5219116210938)","(9.956789016723633, -21.932340621948242, 662.95849609375)","(-38.541316986083984, 169.7674102783203, 51.14854431152344)","(-45.056060791015625, 161.6028289794922, 48.176841735839844)",POINT (0.3786003589630127 0.1910876110196114),,,,,,,,,,,,,,,,,,,,,,,,,,,,,,,,,,,,,,,,,,,,,,,,,
0,11,15,65327673289,1526533504,1,1,"(0.3971707820892334, 0.21377712488174438)","(0.3674240708351135, 0.19768287241458893)",1,1,3.016220092773437,2.595458984375,"(-54.546287536621094, -20.030324935913086, 657.530029296875)","(9.942181587219238, -21.958171844482422, 662.934814453125)","(-35.363365173339844, 161.529052734375, 48.15000915527344)","(-45.67167663574219, 164.47708129882812, 49.22294616699219)",POINT (0.3822974264621735 0.2057299986481667),,,,,,,,,,,,,,,,,,,,,,,,,,,,,,,,,,,,,,,,,,,,,,,,,
0,11,15,65327689956,1526550170,1,1,"(0.40121224522590637, 0.20738600194454193)","(0.3661186695098877, 0.20284859836101532)",1,1,2.9913330078125,2.5774078369140625,"(-54.585872650146484, -20.03668212890625, 657.6083374023438)","(9.919255256652832, -21.957942962646484, 662.9963989257812)","(-33.96284484863281, 162.69972229003906, 48.57609939575195)","(-46.12405776977539, 163.53085327148438, 48.878578186035156)",POINT (0.383665457367897 0.2051173001527786),,,,,,,,,,,,,,,,,,,,,,,,,,,,,,,,,,,,,,,,,,,,,,,,,
0,11,15,65327706623,1526566837,1,1,"(0.40014731884002686, 0.21304088830947876)","(0.3708259165287018, 0.2386467009782791)",1,1,2.9790191650390625,2.6473388671875,"(-54.60807800292969, -20.037235260009766, 657.447265625)","(9.89218807220459, -21.960845947265625, 662.9974365234375)","(-34.331886291503906, 161.66392517089844, 48.19903564453125)","(-44.492820739746094, 156.97366333007812, 46.491943359375)",POINT (0.3854866176843643 0.2258437946438789),,,,,,,,,,,,,,,,,,,,,,,,,,,,,,,,,,,,,,,,,,,,,,,,1,
0,11,15,65327723291,1526583504,1,1,"(0.407514750957489, 0.1869012713432312)","(0.36680951714515686, 0.2196630984544754)",1,1,2.941497802734375,2.6255340576171875,"(-54.624412536621094, -20.03927993774414, 657.3353881835938)","(9.8671875, -21.950485229492188, 662.8768310546875)","(-31.77880859375, 166.45193481445312, 49.94180679321289)","(-45.88463592529297, 160.45089721679688, 47.7575798034668)",POINT (0.3871621340513229 0.2032821848988533),,,,,,,,,,,,,,,,,,,,,,,,,,,,,,,,,,,,,,,,,,,,,,,,,
0,11,15,65327739957,1526600170,1,1,"(0.3983466327190399, 0.12040898948907852)","(0.36932826042175293, 0.22253315150737762)",1,1,2.827987670898437,2.606292724609375,"(-54.65373229980469, -20.036151885986328, 657.29443359375)","(9.833447456359863, -21.937191009521484, 662.7811279296875)","(-34.95588302612305, 178.6314239501953, 54.374755859375)","(-45.011817932128906, 159.9252166748047, 47.56623458862305)",POINT (0.3838374465703964 0.1714710704982281),,,,,,,,,,,,,,,,,,,,,,,,,,,,,,,,,,,,,,,,,,,,,,,1,,
0,11,15,65327756625,1526616837,1,1,"(0.40382516384124756, 0.21525904536247253)","(0.36722350120544434, 0.21102699637413025)",1,1,2.98590087890625,2.5925750732421875,"(-54.69062423706055, -20.044513702392578, 657.3606567382812)","(9.798054695129395, -21.943872451782227, 662.76953125)","(-33.057369232177734, 161.25762939453125, 48.051151275634766)","(-45.74118423461914, 162.0327911376953, 48.333351135253906)",POINT (0.385524332523346 0.2131430208683014),,,,,,,,,,,,,,,,,,,,,,,,,,,,,,,,,,,,,,,,,,,,,,,,1,
0,11,15,65327773294,1526633506,1,1,"(0.4058254659175873, 0.253359854221344)","(0.3743923604488373, 0.21305030584335327)",1,1,3.044403076171875,2.6046295166015625,"(-54.7281608581543, -20.064952850341797, 657.4510498046875)","(9.767950057983398, -21.964820861816406, 662.6853637695312)","(-32.36419677734375, 154.2786102294922, 45.51111602783203)","(-43.25690841674805, 161.6621856689453, 48.19845962524414)",POINT (0.3901089131832123 0.2332050800323486),,,,,,,,,,,,,,,,,,,,,,,,,,,,,,,,,,,,,,,,,,,,,,,,1,
0,11,15,65327789961,1526650172,1,1,"(0.4037184417247772, 0.24218279123306274)","(0.3737465441226959, 0.22056016325950623)",1,1,3.054061889648437,2.6416473388671875,"(-54.756797790527344, -20.083023071289062, 657.349609375)","(9.735340118408203, -21.985322952270508, 662.7347412109375)","(-33.09435272216797, 156.32594299316406, 46.2562370300293)","(-43.480712890625, 160.28659057617188, 47.69778823852539)",POINT (0.3887324929237366 0.2313714772462845),,,,,,,,,,,,,,,,,,,,,,,,,,,,,,,,,,,,,,,,,,,,,,,,1,
0,11,15,65327806628,1526666839,1,1,"(0.39686062932014465, 0.2132711112499237)","(0.36735454201698303, 0.21748985350131989)",1,1,2.9935302734375,2.6219024658203125,"(-54.787506103515625, -20.088420867919922, 657.271728515625)","(9.71507453918457, -21.981184005737305, 662.6507568359375)","(-35.470829010009766, 161.62173461914062, 48.183746337890625)","(-45.69578170776367, 160.84901428222656, 47.90245819091797)",POINT (0.3821075856685638 0.2153804823756218),,,,,,,,,,,,,,,,,,,,,,,,,,,,,,,,,,,,,,,,,,,,,,,,1,
0,11,15,65327823295,1526683505,1,1,"(0.4050687551498413, 0.21222861111164093)","(0.36885103583335876, 0.22435861825942993)",1,1,2.970458984375,2.655487060546875,"(-54.823577880859375, -20.0987548828125, 657.2535400390625)","(9.637393951416016, -22.003887176513672, 663.005859375)","(-32.62642288208008, 161.81271362304688, 48.25322341918945)","(-45.177188873291016, 159.5908203125, 47.444580078125)",POINT (0.3869598954916 0.2182936146855354),,,,,,,,,,,,,,,,,,,,,,,,,,,,,,,,,,,,,,,,,,,,,,,,1,
0,11,15,65327839962,1526700172,1,1,"(0.40816667675971985, 0.2593258321285248)","(0.37144020199775696, 0.23318038880825043)",1,1,3.0587158203125,2.6492156982421875,"(-54.877037048339844, -20.09250259399414, 657.3165283203125)","(9.588567733764648, -21.976890563964844, 662.8858032226562)","(-31.552888870239258, 153.18585205078125, 45.113304138183594)","(-44.27994155883789, 157.97494506835938, 46.856361389160156)",POINT (0.3898034393787384 0.2462531104683876),,,,,,,,,,,,,,,,,,,,,,,,,,,,,,,,,,,,,,,,,,,,,,,1,1,
0,11,15,65327873296,1526733505,1,1,"(0.41083085536956787, 0.24219910800457)","(0.3797667622566223, 0.22893191874027252)",1,1,3.0316619873046875,2.624755859375,"(-54.93638610839844, -20.12908172607422, 657.0775756835938)","(9.558008193969727, -21.96874237060547, 662.7757568359375)","(-30.629642486572266, 156.32296752929688, 46.255123138427734)","(-41.39447784423828, 158.75311279296875, 47.13967514038086)",POINT (0.3952988088130951 0.2355655133724213),,,,,,,,,,,,,,,,,,,,,,,,,,,,,,,,,,,,,,,,,,,,,,,,1,
0,11,15,65327889965,1526750173,1,1,"(0.4381330609321594, 0.2619841992855072)","(0.3951231837272644, 0.20870420336723328)",1,1,3.1071014404296875,2.593505859375,"(-54.922462463378906, -20.147823333740234, 657.067626953125)","(9.563484191894531, -21.97970962524414, 662.7998657226562)","(-21.168424606323242, 152.6988983154297, 44.93607711791992)","(-36.07293701171875, 162.45828247070312, 48.488155364990234)",POINT (0.4166281223297119 0.2353442013263702),,,,,,,,,,,,,,,,,,,,,,,,,,,,,,,,,,,,,,,,,,,,,,,,1,
0,11,15,65327906636,1526766844,1,1,"(0.42682960629463196, 0.24225929379463196)","(0.39505836367607117, 0.21172012388706207)",1,1,3.069244384765625,2.605377197265625,"(-54.972503662109375, -20.150447845458984, 657.08349609375)","(9.516579627990723, -21.982589721679688, 662.752685546875)","(-25.085494995117188, 156.31195068359375, 46.2511100769043)","(-36.095375061035156, 161.9058380126953, 48.287147521972656)",POINT (0.4109439849853516 0.226989708840847),,,,,,,,,,,,,,,,,,,,,,,,,,,,,,,,,,,,,,,,,,,,,,,,1,
0,11,15,65327939970,1526800177,1,1,"(0.42411911487579346, 0.24069541692733765)","(0.3940005600452423, 0.19812902808189392)",1,1,3.0807342529296875,2.5792999267578125,"(-55.05513000488281, -20.179433822631836, 657.2024536132812)","(9.457550048828125, -21.97878646850586, 662.7544555664062)","(-26.024770736694336, 156.59840393066406, 46.35537338256836)","(-36.46194839477539, 164.3953399658203, 49.19325637817383)",POINT (0.4090598374605179 0.2194122225046158),,,,,,,,,,,,,,,,,,,,,,,,,,,,,,,,,,,,,,,,,,,,,,,,1,
0,11,15,65327956638,1526816844,1,1,"(0.4237848222255707, 0.23795855045318604)","(0.3987956941127777, 0.2145356684923172)",1,1,3.0724334716796875,2.5892486572265625,"(-55.10000228881836, -20.168949127197266, 657.1346435546875)","(9.420270919799805, -21.946285247802734, 662.6950073242188)","(-26.140626907348633, 157.09971618652344, 46.53784942626953)","(-34.80026626586914, 161.39013671875, 48.09939193725586)",POINT (0.4112902581691742 0.2262471094727516),,,,,,,,,,,,,,,,,,,,,,,,,,,,,,,,,,,,,,,,,,,,,,,,1,
0,11,15,65327973305,1526833511,1,1,"(0.43119215965270996, 0.2323688417673111)","(0.39580339193344116, 0.24335074424743652)",1,1,3.038803100585937,2.639755249023437,"(-55.12837219238281, -20.181785583496094, 657.0332641601562)","(9.387054443359375, -21.950944900512695, 662.6590576171875)","(-23.573711395263672, 158.12359619140625, 46.91048812866211)","(-35.83721160888672, 156.1120147705078, 46.178367614746094)",POINT (0.4134977757930756 0.2378597930073738),,,,,,,,,,,,,,,,,,,,,,,,,,,,,,,,,,,,,,,,,,,,,,,,1,
0,11,15,65327989972,1526850177,1,1,"(0.41436973214149475, 0.09582404047250748)","(0.3961687386035919, 0.2337694615125656)",1,1,2.82513427734375,2.618682861328125,"(-55.159271240234375, -20.183334350585938, 657.0516967773438)","(9.361856460571289, -21.94500160217285, 662.6477661132812)","(-29.403301239013672, 183.13467407226562, 56.01380920410156)","(-35.710601806640625, 157.86703491210938, 46.81713104248047)",POINT (0.4052692353725433 0.1647967509925365),,,,,,,,,,,,,,,,,,,,,,,,,,,,,,,,,,,,,,,,,,,,,,,1,,
0,11,15,65328006639,1526866844,1,1,"(0.4321308732032776, 0.2032957822084427)","(0.3925473988056183, 0.22672268748283386)",1,1,2.9975128173828125,2.6146240234375,"(-55.19401550292969, -20.190231323242188, 657.1666870117188)","(9.336930274963379, -21.951183319091797, 662.588134765625)","(-23.248414993286133, 163.44895935058594, 48.84877395629883)","(-36.965538024902344, 159.15780639648438, 47.286930084228516)",POINT (0.4123391360044479 0.2150092348456383),,,,,,,,,,,,,,,,,,,,,,,,,,,,,,,,,,,,,,,,,,,,,,,,1,
0,11,15,65328039978,1526900182,1,1,"(0.4250693619251251, 0.2081359177827835)","(0.3951103389263153, 0.1998084932565689)",1,1,2.9914093017578125,2.574127197265625,"(-55.2357177734375, -20.21893882751465, 657.22021484375)","(9.303632736206055, -21.99330711364746, 662.6495361328125)","(-25.69548225402832, 162.56236267089844, 48.526100158691406)","(-36.07737731933594, 164.08770751953125, 49.081295013427734)",POINT (0.4100898504257202 0.2039722055196762),,,,,,,,,,,,,,,,,,,,,,,,,,,,,,,,,,,,,,,,,,,,,,,,,
0,11,15,65328056646,1526916849,1,1,"(0.4306166172027588, 0.23631536960601807)","(0.3934521973133087, 0.21293039619922638)",1,1,3.043685913085937,2.60198974609375,"(-55.24530792236328, -20.22445297241211, 657.1953735351562)","(9.29252815246582, -22.010589599609375, 662.734619140625)","(-23.773160934448242, 157.4007110595703, 46.6473503112793)","(-36.6519889831543, 161.6841583251953, 48.206459045410156)",POINT (0.4120344072580338 0.2246228829026222),,,,,,,,,,,,,,,,,,,,,,,,,,,,,,,,,,,,,,,,,,,,,,,,1,
0,11,15,65328073313,1526933516,1,1,"(0.42301031947135925, 0.1950472742319107)","(0.4009333550930023, 0.20264093577861786)",1,1,2.9702911376953125,2.5920562744140625,"(-55.25951385498047, -20.242586135864258, 657.1558837890625)","(9.270853042602539, -22.05788803100586, 662.7711791992188)","(-26.409011840820312, 164.95982360839844, 49.3986930847168)","(-34.05949401855469, 163.5688934326172, 48.89243698120117)",POINT (0.4119718372821808 0.1988441050052643),,,,,,,,,,,,,,,,,,,,,,,,,,,,,,,,,,,,,,,,,,,,,,,,,
0,11,15,65328089980,1526950182,1,1,"(0.41624146699905396, 0.22626931965351105)","(0.3972340524196625, 0.2114379107952118)",1,1,3.013153076171875,2.5809783935546875,"(-55.2388916015625, -20.283451080322266, 657.0628051757812)","(9.282811164855957, -22.08477020263672, 662.6981201171875)","(-28.754663467407227, 159.2408447265625, 47.317169189453125)","(-35.34142303466797, 161.95751953125, 48.30598068237305)",POINT (0.4067377597093582 0.2188536152243614),,,,,,,,,,,,,,,,,,,,,,,,,,,,,,,,,,,,,,,,,,,,,,,,1,
0,11,15,65328106647,1526966849,1,1,"(0.4223461449146271, 0.20620529353618622)","(0.3937467336654663, 0.208072692155838)",1,1,2.994354248046875,2.552825927734375,"(-55.24362564086914, -20.37225914001465, 657.1832275390625)","(9.290121078491211, -22.134387969970703, 662.5528564453125)","(-26.639183044433594, 162.91600036621094, 48.654808044433594)","(-36.54991149902344, 162.57394409179688, 48.530277252197266)",POINT (0.4080464392900467 0.2071389928460121),,,,,,,,,,,,,,,,,,,,,,,,,,,,,,,,,,,,,,,,,,,,,,,,,
0,11,15,65328123315,1526983516,1,1,"(0.424562931060791, 0.20672844350337982)","(0.39590364694595337, 0.21269884705543518)",1,1,2.9941864013671875,2.584991455078125,"(-55.23804473876953, -20.43531608581543, 657.1719360351562)","(9.304944038391113, -22.213642120361328, 662.625)","(-25.8709774017334, 162.82017517089844, 48.61991500854492)","(-35.80247116088867, 161.72657775878906, 48.22188186645508)",POINT (0.4102332890033722 0.2097136452794075),,,,,,,,,,,,,,,,,,,,,,,,,,,,,,,,,,,,,,,,,,,,,,,,,
0,11,15,65328139981,1527000182,1,1,"(0.4123144745826721, 0.13254660367965698)","(0.38955962657928467, 0.20232728123664856)",1,1,2.833831787109375,2.5752105712890625,"(-55.217987060546875, -20.465335845947266, 657.1756591796875)","(9.334189414978027, -22.27811050415039, 662.830078125)","(-30.115516662597656, 176.4081573486328, 53.56554412841797)","(-38.00089645385742, 163.62632751464844, 48.913368225097656)",POINT (0.4009370505809784 0.1674369424581528),,,,,,,,,,,,,,,,,,,,,,,,,,,,,,,,,,,,,,,,,,,,,,,1,,
0,11,15,65328156652,1527016852,1,1,"(0.45834025740623474, 0.2510027289390564)","(0.4287149906158447, 0.21841761469841003)",1,1,3.0363006591796875,2.5818023681640625,"(-55.107215881347656, -20.48048210144043, 657.1219482421875)","(9.427064895629883, -22.294248580932617, 662.2816162109375)","(-14.165904998779297, 154.7104034423828, 45.66820526123047)","(-24.432140350341797, 160.67904663085938, 47.84062194824219)",POINT (0.4435276240110397 0.2347101718187332),,,,,,,,,,,,,,,,,,,,,,,,,,,,,,,,,,,,,,,,,,,,,,,,1,
0,11,15,65328173319,1527033519,1,1,"(0.4935007095336914, 0.22542744874954224)","(0.46101969480514526, 0.20446595549583435)",1,1,3.009246826171875,2.5758056640625,"(-54.946533203125, -20.52243423461914, 657.0771484375)","(9.580818176269531, -22.340686798095703, 662.969482421875)","(-1.981518268585205, 159.39505004882812, 47.373268127441406)","(-13.237370491027832, 163.23460388183594, 48.770755767822266)",POINT (0.4772602021694183 0.2149467021226883),,,,,,,,,,,,,,,,,,,,,,,,,,,,,,,,,,,,,,,,,,,,,,,,1,
0,11,15,65328189986,1527050185,1,1,"(0.4792736768722534, 0.1502276510000229)","(0.4572862982749939, 0.22550635039806366)",1,1,2.918548583984375,2.570220947265625,"(-54.92095184326172, -20.554847717285156, 657.0208740234375)","(9.588964462280273, -22.364728927612305, 662.7269287109375)","(-6.911713600158691, 173.16949462890625, 52.38676834106445)","(-14.531139373779297, 159.380615234375, 47.36801528930664)",POINT (0.4682799875736237 0.1878670006990433),,,,,,,,,,,,,,,,,,,,,,,,,,,,,,,,,,,,,,,,,,,,,,,1,,
0,11,15,65328206653,1527066852,1,1,"(0.49198490381240845, 0.23972144722938538)","(0.46068552136421204, 0.2188340723514557)",1,1,3.0726318359375,2.582626342773437,"(-54.911685943603516, -20.596843719482422, 657.0467529296875)","(9.5990629196167, -22.39046859741211, 662.76318359375)","(-2.5067977905273438, 156.7768096923828, 46.420326232910156)","(-13.353181838989258, 160.60276794433594, 47.8128662109375)",POINT (0.4763352125883102 0.2292777597904205),,,,,,,,,,,,,,,,,,,,,,,,,,,,,,,,,,,,,,,,,,,,,,,,1,
0,11,15,65328223320,1527083518,1,1,"(0.49285900592803955, 0.23445643484592438)","(0.46007078886032104, 0.19464030861854553)",1,1,3.0680084228515625,2.5642547607421875,"(-54.88648986816406, -20.632293701171875, 657.0391235351562)","(9.621344566345215, -22.438358306884766, 662.7864990234375)","(-2.203894853591919, 157.74119567871094, 46.771366119384766)","(-13.566205978393555, 165.0343780517578, 49.42583465576172)",POINT (0.4764648973941803 0.214548371732235),,,,,,,,,,,,,,,,,,,,,,,,,,,,,,,,,,,,,,,,,,,,,,,,1,
0,11,15,65328239987,1527100185,1,1,"(0.4773654639720917, 0.09392966330051422)","(0.4543794095516205, 0.18962113559246063)",1,1,2.862777709960937,2.5679168701171875,"(-54.862548828125, -20.657527923583984, 657.079345703125)","(9.643156051635742, -22.466630935668945, 662.749267578125)","(-7.572971820831299, 183.48167419433594, 56.14010238647461)","(-15.538481712341309, 165.95375061035156, 49.76041030883789)",POINT (0.4658724367618561 0.1417753994464874),,,,,,,,,,,,,,,,,,,,,,,,,,,,,,,,,,,,,,,,,,,,,,,1,,
0,11,15,65328256655,1527116852,1,1,"(0.4838201701641083, 0.19758424162864685)","(0.4590964913368225, 0.1848791539669037)",1,1,3.0398406982421875,2.59588623046875,"(-54.862770080566406, -20.662694931030273, 657.1275634765625)","(9.657115936279297, -22.49064064025879, 662.72412109375)","(-5.336185932159424, 164.49513244628906, 49.22957229614258)","(-13.903833389282227, 166.8223419189453, 50.076576232910156)",POINT (0.4714583307504654 0.1912316977977753),,,,,,,,,,,,,,,,,,,,,,,,,,,,,,,,,,,,,,,,,,,,,,,1,,
0,11,15,65328273322,1527133519,1,1,"(0.4844265282154083, 0.24015222489833832)","(0.45573773980140686, 0.17682775855064392)",1,1,3.083831787109375,2.5615234375,"(-54.84965133666992, -20.666343688964844, 657.117919921875)","(9.669632911682129, -22.504932403564453, 662.5301513671875)","(-5.126063823699951, 156.69789123535156, 46.3916130065918)","(-15.067767143249512, 168.297119140625, 50.613372802734375)",POINT (0.4700821340084076 0.2084899917244911),,,,,,,,,,,,,,,,,,,,,,,,,,,,,,,,,,,,,,,,,,,,,,,,,
0,11,15,65328289995,1527150191,1,1,"(0.48272889852523804, 0.15206794440746307)","(0.46039822697639465, 0.19363081455230713)",1,1,2.912200927734375,2.5702667236328125,"(-54.84516906738281, -20.66775131225586, 657.1790161132812)","(9.676224708557129, -22.507614135742188, 662.626708984375)","(-5.714352130889893, 172.83241271972656, 52.26408386230469)","(-13.452751159667969, 165.2192840576172, 49.49312210083008)",POINT (0.4715635627508164 0.1728493794798851),,,,,,,,,,,,,,,,,,,,,,,,,,,,,,,,,,,,,,,,,,,,,,,1,,
0,11,15,65328306662,1527166858,1,1,"(0.49328508973121643, 0.23783105611801147)","(0.46444258093833923, 0.20375512540340424)",1,1,3.0528564453125,2.5911407470703125,"(-54.847991943359375, -20.673398971557617, 657.2271728515625)","(9.682249069213867, -22.516740798950195, 662.7356567382812)","(-2.056230068206787, 157.12306213378906, 46.54635238647461)","(-12.051226615905762, 163.3647918701172, 48.818180084228516)",POINT (0.4788638353347778 0.2207930907607079),,,,,,,,,,,,,,,,,,,,,,,,,,,,,,,,,,,,,,,,,,,,,,,,1,
0,11,15,65328323330,1527183525,1,1,"(0.48566344380378723, 0.19155967235565186)","(0.46044331789016724, 0.2094399780035019)",1,1,2.9867401123046875,2.5841217041015625,"(-54.8394660949707, -20.678157806396484, 657.1551513671875)","(9.690421104431152, -22.522560119628906, 662.820068359375)","(-4.697416305541992, 165.59864807128906, 49.6312255859375)","(-13.437111854553223, 162.323486328125, 48.43916320800781)",POINT (0.4730533808469772 0.2004998251795769),,,,,,,,,,,,,,,,,,,,,,,,,,,,,,,,,,,,,,,,,,,,,,,1,,
0,11,15,65328339996,1527200191,1,1,"(0.4874274730682373, 0.24025581777095795)","(0.4618769586086273, 0.20450150966644287)",1,1,3.0473175048828125,2.5781707763671875,"(-54.83892059326172, -20.689823150634766, 657.1321411132812)","(9.695396423339844, -22.53007698059082, 662.856201171875)","(-4.086109638214111, 156.67892456054688, 46.38467788696289)","(-12.940299987792969, 163.2280731201172, 48.768409729003906)",POINT (0.4746522158384323 0.2223786637187004),,,,,,,,,,,,,,,,,,,,,,,,,,,,,,,,,,,,,,,,,,,,,,,,1,
0,11,15,65328356664,1527216858,1,1,"(0.4839892089366913, 0.25378870964050293)","(0.46682247519493103, 0.2016894817352295)",1,1,3.0775146484375,2.5733184814453125,"(-54.85696029663086, -20.68705940246582, 657.189697265625)","(9.682957649230957, -22.522550582885742, 662.7477416992188)","(-5.277592658996582, 154.20008850097656, 45.48247146606445)","(-11.2264986038208, 163.7431640625, 48.95586013793945)",POINT (0.4754058420658112 0.2277390956878662),,,,,,,,,,,,,,,,,,,,,,,,,,,,,,,,,,,,,,,,,,,,,,,,1,
0,11,15,65328373330,1527233524,1,1,"(0.4874940812587738, 0.18725088238716125)","(0.46379199624061584, 0.20174653828144073)",1,1,2.961410522460937,2.5882110595703125,"(-54.86781311035156, -20.670446395874023, 657.1271362304688)","(9.688068389892578, -22.50786018371582, 662.7842407226562)","(-4.063030242919922, 166.38790893554688, 49.9184684753418)","(-12.276677131652832, 163.7327117919922, 48.95208740234375)",POINT (0.4756430387496948 0.194498710334301),,,,,,,,,,,,,,,,,,,,,,,,,,,,,,,,,,,,,,,,,,,,,,,1,,
0,11,15,65328389998,1527250191,1,1,"(0.492473840713501, 0.2566390931606293)","(0.46297428011894226, 0.2057366818189621)",1,1,3.06048583984375,2.55364990234375,"(-54.96590042114258, -20.60688018798828, 657.521728515625)","(9.70011043548584, -22.406158447265625, 663.0271606445312)","(-2.337355613708496, 153.677978515625, 45.29243850708008)","(-12.560035705566406, 163.0018310546875, 48.686073303222656)",POINT (0.4777240604162216 0.2311878874897957),,,,,,,,,,,,,,,,,,,,,,,,,,,,,,,,,,,,,,,,,,,,,,,1,1,
0,11,15,65328523339,1527383529,1,1,"(0.48697322607040405, 0.32802483439445496)","(0.452467679977417, 0.23730413615703583)",1,1,2.794174194335937,2.57672119140625,"(-55.07001495361328, -20.488300323486328, 657.7823486328125)","(9.559589385986328, -22.37372398376465, 662.983154296875)","(-4.243529319763184, 140.60214233398438, 40.53324890136719)","(-16.200960159301758, 157.21957397460938, 46.581485748291016)",POINT (0.4697204530239105 0.2826644852757454),,,,,,,,,,,,,,,,,,,,,,,,,,,,,,,,,,,,,,,,,,,,,,,1,1,
0,11,15,65328540006,1527400195,1,1,"(0.4879220128059387, 0.2020392268896103)","(0.46653831005096436, 0.22017690539360046)",1,1,2.9572296142578125,2.590301513671875,"(-55.056007385253906, -20.573951721191406, 657.530517578125)","(9.542633056640625, -22.453853607177734, 663.0195922851562)","(-3.914740562438965, 163.67910766601562, 48.93254089355469)","(-11.32497787475586, 160.3568115234375, 47.723350524902344)",POINT (0.4772301614284515 0.2111080661416054),,,,,,,,,,,,,,,,,,,,,,,,,,,,,,,,,,,,,,,,,,,,,,,,,
0,11,15,65328556680,1527416869,1,1,"(0.482588529586792, 0.20408527553081512)","(0.4636661410331726, 0.22778049111366272)",1,1,3.035980224609375,2.6436767578125,"(-55.057918548583984, -20.635284423828125, 657.5424194335938)","(9.544962882995605, -22.50096321105957, 663.2498779296875)","(-5.762977600097656, 163.30430603027344, 48.796165466308594)","(-12.320273399353027, 158.9640350341797, 47.21641540527344)",POINT (0.4731273353099823 0.2159328833222389),,,,,,,,,,,,,,,,,,,,,,,,,,,,,,,,,,,,,,,,,,,,,,,,1,
0,11,15,65328573347,1527433535,1,1,"(0.48303017020225525, 0.2488376498222351)","(0.4573186933994293, 0.22894492745399475)",1,1,2.9822235107421875,2.62554931640625,"(-55.06132507324219, -20.675561904907227, 657.445068359375)","(9.545816421508789, -22.536190032958984, 663.3953857421875)","(-5.609951496124268, 155.1069793701172, 45.812557220458984)","(-14.51991081237793, 158.75076293945312, 47.13877487182617)",POINT (0.4701744318008423 0.2388912886381149),,,,,,,,,,,,,,,,,,,,,,,,,,,,,,,,,,,,,,,,,,,,,,,1,1,
0,11,15,65328590014,1527450202,1,1,"(0.4847095012664795, 0.26877453923225403)","(0.45539066195487976, 0.23145611584186554)",1,1,3.017730712890625,2.63507080078125,"(-55.062461853027344, -20.70153045654297, 657.445068359375)","(9.535924911499023, -22.553462982177734, 663.1168212890625)","(-5.027990818023682, 151.45510864257812, 44.483394622802734)","(-15.188041687011719, 158.290771484375, 46.97136688232422)",POINT (0.4700500816106796 0.2501153275370598),,,,,,,,,,,,,,,,,,,,,,,,,,,,,,,,,,,,,,,,,,,,,,,1,1,
0,11,15,65328606682,1527466869,1,1,"(0.4881199300289154, 0.21444205939769745)","(0.4592043161392212, 0.20088091492652893)",1,1,2.9415283203125,2.5981597900390625,"(-55.068817138671875, -20.720754623413086, 657.4075927734375)","(9.541552543640137, -22.577009201049805, 663.1897583007812)","(-3.846144437789917, 161.40725708007812, 48.105682373046875)","(-13.866479873657227, 163.8912811279297, 49.00974655151367)",POINT (0.4736621230840683 0.2076614871621132),,,,,,,,,,,,,,,,,,,,,,,,,,,,,,,,,,,,,,,,,,,,,,,,,
0,11,15,65328623348,1527483535,1,1,"(0.487185001373291, 0.2550472617149353)","(0.45281845331192017, 0.21728083491325378)",1,1,3.012542724609375,2.616928100585937,"(-55.059852600097656, -20.75891876220703, 657.2398681640625)","(9.548540115356445, -22.600038528442383, 663.2871704101562)","(-4.170138359069824, 153.9695587158203, 45.398555755615234)","(-16.079416275024414, 160.8872833251953, 47.91640853881836)",POINT (0.4700017273426056 0.2361640483140945),,,,,,,,,,,,,,,,,,,,,,,,,,,,,,,,,,,,,,,,,,,,,,,1,1,
0,11,15,65328640016,1527500202,1,1,"(0.48567506670951843, 0.2473098188638687)","(0.4552730321884155, 0.20941704511642456)",1,1,3.0304107666015625,2.6209259033203125,"(-55.058074951171875, -20.79727554321289, 657.2281494140625)","(9.534012794494629, -22.630014419555664, 663.129638671875)","(-4.693379878997803, 155.38682556152344, 45.91441345214844)","(-15.228804588317871, 162.32769775390625, 48.440696716308594)",POINT (0.470474049448967 0.2283634319901466),,,,,,,,,,,,,,,,,,,,,,,,,,,,,,,,,,,,,,,,,,,,,,,,1,
0,11,15,65328656682,1527516868,1,1,"(0.47708696126937866, 0.19956785440444946)","(0.45927879214286804, 0.19050975143909454)",1,1,2.9708404541015625,2.59100341796875,"(-55.067012786865234, -20.847732543945312, 657.21484375)","(9.52350902557373, -22.66331672668457, 663.0692749023438)","(-7.669475078582764, 164.1317901611328, 49.097320556640625)","(-13.840668678283691, 165.7909698486328, 49.70121383666992)",POINT (0.4681828767061234 0.195038802921772),,,,,,,,,,,,,,,,,,,,,,,,,,,,,,,,,,,,,,,,,,,,,,,1,,
0,11,15,65328673350,1527533535,1,1,"(0.48072487115859985, 0.16307811439037323)","(0.4559028446674347, 0.1872313767671585)",1,1,2.922271728515625,2.5948028564453125,"(-55.064674377441406, -20.87859344482422, 657.0941162109375)","(9.521017074584961, -22.69307518005371, 663.20263671875)","(-6.408812522888184, 170.815673828125, 51.5300407409668)","(-15.010557174682617, 166.39146423339844, 49.9198112487793)",POINT (0.4683138579130173 0.1751547455787659),,,,,,,,,,,,,,,,,,,,,,,,,,,,,,,,,,,,,,,,,,,,,,,1,,
0,11,15,65328690022,1527550207,1,1,"(0.4857090413570404, 0.18438290059566498)","(0.46410611271858215, 0.1905946582555771)",1,1,2.95684814453125,2.61871337890625,"(-55.062408447265625, -20.903560638427734, 657.0700073242188)","(9.519144058227539, -22.729286193847656, 663.2506713867188)","(-4.681620121002197, 166.91323852539062, 50.10965347290039)","(-12.167820930480957, 165.77542114257812, 49.69554901123047)",POINT (0.4749075770378113 0.187488779425621),,,,,,,,,,,,,,,,,,,,,,,,,,,,,,,,,,,,,,,,,,,,,,,1,,
0,11,15,65328706689,1527566873,1,1,"(0.485584020614624, 0.1283644586801529)","(0.4633318781852722, 0.22120146453380585)",1,1,2.865753173828125,2.6544952392578125,"(-55.06047821044922, -20.921476364135742, 657.0831298828125)","(9.514543533325195, -22.736347198486328, 663.093017578125)","(-4.724941730499268, 177.17420959472656, 53.84434509277344)","(-12.436120986938477, 160.16912841796875, 47.65503692626953)",POINT (0.4744579493999481 0.1747829616069794),,,,,,,,,,,,,,,,,,,,,,,,,,,,,,,,,,,,,,,,,,,,,,,1,,
0,11,15,65328723356,1527583540,1,1,"(0.48165765404701233, 0.22295689582824707)","(0.4622495770454407, 0.2234906405210495)",1,1,3.015594482421875,2.652862548828125,"(-55.0380744934082, -20.957786560058594, 656.965576171875)","(9.521660804748535, -22.754131317138672, 662.97119140625)","(-6.085577011108398, 159.8475799560547, 47.53802490234375)","(-12.811171531677246, 159.74981689453125, 47.50242614746094)",POINT (0.4719536155462265 0.2232237681746483),,,,,,,,,,,,,,,,,,,,,,,,,,,,,,,,,,,,,,,,,,,,,,,,1,
0,11,15,65328740024,1527600207,1,1,"(0.48493874073028564, 0.2039586752653122)","(0.45313963294029236, 0.20417481660842896)",1,1,3.0163726806640625,2.62078857421875,"(-55.017189025878906, -20.998565673828125, 657.0784912109375)","(9.555034637451172, -22.771488189697266, 662.7646484375)","(-4.9485554695129395, 163.3275146484375, 48.804595947265625)","(-15.968109130859375, 163.28793334960938, 48.79017639160156)",POINT (0.469039186835289 0.2040667459368706),,,,,,,,,,,,,,,,,,,,,,,,,,,,,,,,,,,,,,,,,,,,,,,,,
0,11,15,65328756691,1527616874,1,1,"(0.48639264702796936, 0.2211175113916397)","(0.4561607837677002, 0.20740599930286407)",1,1,3.072601318359375,2.6472930908203125,"(-54.9964485168457, -21.042911529541016, 657.022216796875)","(9.583276748657227, -22.795936584472656, 662.6671752929688)","(-4.444720268249512, 160.1844940185547, 47.6606330871582)","(-14.921152114868164, 162.69606018066406, 48.57474136352539)",POINT (0.4712767153978348 0.2142617553472519),,,,,,,,,,,,,,,,,,,,,,,,,,,,,,,,,,,,,,,,,,,,,,,,1,
0,11,15,65328773358,1527633540,1,1,"(0.46513545513153076, 0.18469375371932983)","(0.44202205538749695, 0.19317343831062317)",1,1,2.934661865234375,2.61083984375,"(-54.992088317871094, -21.102096557617188, 656.90185546875)","(9.543475151062012, -22.889888763427734, 662.534423828125)","(-11.811117172241211, 166.8562774658203, 50.08899688720703)","(-19.82074546813965, 165.30307006835938, 49.52363967895508)",POINT (0.4535787552595138 0.1889335960149765),,,,,,,,,,,,,,,,,,,,,,,,,,,,,,,,,,,,,,,,,,,,,,,1,,
0,11,15,65328806693,1527666874,1,1,"(0.4706178903579712, 0.29622989892959595)","(0.4289441704750061, 0.3115862011909485)",1,1,3.103378295898437,2.738754272460937,"(-54.95185852050781, -21.155059814453125, 656.6913452148438)","(9.617984771728516, -22.95998764038086, 662.2290649414062)","(-9.911245346069336, 146.4260711669922, 42.65296936035156)","(-24.352724075317383, 143.61322021484375, 41.629188537597656)",POINT (0.4497810304164886 0.3039080500602722),,,,,,,,,,,,,,,,,,,,,,,,,,,,,,,,,,,,,,,,,,,,,,,,1,
0,11,15,65328823362,1527683543,1,1,"(0.47246792912483215, 0.28684002161026)","(0.4354560077190399, 0.28947946429252625)",1,1,3.075103759765625,2.709625244140625,"(-54.942543029785156, -21.17163848876953, 656.717041015625)","(9.615154266357422, -22.960847854614258, 662.0596923828125)","(-9.2701416015625, 148.1460418701172, 43.27895736694336)","(-22.096128463745117, 147.6625518798828, 43.10300827026367)",POINT (0.453961968421936 0.2881597429513931),,,,,,,,,,,,,,,,,,,,,,,,,,,,,,,,,,,,,,,,,,,,,,,1,1,
0,11,15,65328840030,1527700210,1,1,"(0.46441274881362915, 0.26227495074272156)","(0.4345000982284546, 0.3124561607837677)",1,1,3.050384521484375,2.7302398681640625,"(-54.928794860839844, -21.205169677734375, 656.6346435546875)","(9.627510070800781, -22.98331642150879, 662.0477905273438)","(-12.061554908752441, 152.64564514160156, 44.91675567626953)","(-22.42737579345703, 143.4539031982422, 41.571163177490234)",POINT (0.4494564235210419 0.2873655557632446),,,,,,,,,,,,,,,,,,,,,,,,,,,,,,,,,,,,,,,,,,,,,,,1,1,
0,11,15,65328856697,1527716877,1,1,"(0.47052058577537537, 0.25923776626586914)","(0.4458410143852234, 0.33495044708251953)",1,1,3.062347412109375,2.74664306640625,"(-54.92317199707031, -21.215269088745117, 656.6118774414062)","(9.642245292663574, -22.997940063476562, 661.9749755859375)","(-9.944971084594727, 153.2019805908203, 45.11916732788086)","(-18.497346878051758, 139.3335723876953, 40.07151412963867)",POINT (0.4581808000802994 0.2970941066741943),,,,,,,,,,,,,,,,,,,,,,,,,,,,,,,,,,,,,,,,,,,,,,,,1,
0,11,15,65328873364,1527733543,1,1,"(0.4620935916900635, 0.18506138026714325)","(0.44044139981269836, 0.31087833642959595)",1,1,2.9016571044921875,2.722564697265625,"(-54.918426513671875, -21.244632720947266, 656.5042724609375)","(9.642410278320312, -23.035568237304688, 661.9027099609375)","(-12.865222930908203, 166.78897094726562, 50.064414978027344)","(-20.368511199951172, 143.742919921875, 41.676334381103516)",POINT (0.4512674957513809 0.2479698583483696),,,,,,,,,,,,,,,,,,,,,,,,,,,,,,,,,,,,,,,,,,,,,,,1,1,
0,11,15,65328890031,1527750210,1,1,"(0.4582654535770416, 0.24434135854244232)","(0.4466654062271118, 0.3230043053627014)",1,1,3.0293426513671875,2.74420166015625,"(-54.923912048339844, -21.263092041015625, 656.358642578125)","(9.63640308380127, -23.052536010742188, 661.7936401367188)","(-14.19182014465332, 155.93057250976562, 46.1123046875)","(-18.21166229248047, 141.5217742919922, 40.86793518066406)",POINT (0.4524654299020767 0.2836728319525719),,,,,,,,,,,,,,,,,,,,,,,,,,,,,,,,,,,,,,,,,,,,,,,1,1,
0,11,15,65328906698,1527766876,1,1,"(0.4669742286205292, 0.20121759176254272)","(0.4351748526096344, 0.27673956751823425)",1,1,2.9342803955078125,2.6734161376953125,"(-54.93593215942383, -21.283727645874023, 656.2118530273438)","(9.621674537658691, -23.07950210571289, 661.6732177734375)","(-11.173916816711426, 163.82960510253906, 48.98732376098633)","(-22.19354820251465, 149.99615478515625, 43.952335357666016)",POINT (0.4510745406150818 0.2389785796403885),,,,,,,,,,,,,,,,,,,,,,,,,,,,,,,,,,,,,,,,,,,,,,,1,1,
0,11,15,65328923365,1527783543,1,1,"(0.4715386927127838, 0.24202688038349152)","(0.43489280343055725, 0.23548808693885803)",1,1,3.0059356689453125,2.593658447265625,"(-54.960968017578125, -21.3011474609375, 656.1232299804688)","(9.608702659606934, -23.092384338378906, 661.5770874023438)","(-9.592151641845703, 156.35450744628906, 46.26662826538086)","(-22.291305541992188, 157.55224609375, 46.702537536621094)",POINT (0.4532157480716705 0.2387574836611748),,,,,,,,,,,,,,,,,,,,,,,,,,,,,,,,,,,,,,,,,,,,,,,1,1,
0,11,15,65328940033,1527800210,1,1,"(0.47183337807655334, 0.2511638402938843)","(0.43081632256507874, 0.25313839316368103)",1,1,3.016693115234375,2.6206817626953125,"(-54.98887634277344, -21.3114013671875, 656.082275390625)","(9.5968017578125, -23.11936378479004, 661.4926147460938)","(-9.490044593811035, 154.68087768554688, 45.657474517822266)","(-23.703950881958008, 154.31919860839844, 45.52582550048828)",POINT (0.451324850320816 0.2521511167287826),,,,,,,,,,,,,,,,,,,,,,,,,,,,,,,,,,,,,,,,,,,,,,,1,1,
0,11,15,65328956704,1527816881,1,1,"(0.4643264412879944, 0.25932008028030396)","(0.4315012991428375, 0.2367192655801773)",1,1,2.98431396484375,2.588409423828125,"(-54.99919128417969, -21.328060150146484, 655.9600830078125)","(9.583174705505371, -23.12651824951172, 661.2872924804688)","(-12.091477394104004, 153.18690490722656, 45.11369705200195)","(-23.466581344604492, 157.32672119140625, 46.620452880859375)",POINT (0.447913870215416 0.2480196729302406),,,,,,,,,,,,,,,,,,,,,,,,,,,,,,,,,,,,,,,,,,,,,,,1,1,
0,11,15,65328973371,1527833547,1,1,"(0.4667228162288666, 0.2940499186515808)","(0.43064916133880615, 0.22788551449775696)",1,1,3.0214385986328125,2.5817108154296875,"(-55.01850891113281, -21.349075317382812, 655.8726196289062)","(9.560277938842773, -23.125198364257812, 661.02197265625)","(-11.26103401184082, 146.8253936767578, 42.79827880859375)","(-23.76187515258789, 158.94480895996094, 47.209388732910156)",POINT (0.4486859887838364 0.2609677165746689),,,,,,,,,,,,,,,,,,,,,,,,,,,,,,,,,,,,,,,,,,,,,,,1,1,
0,11,15,65328990038,1527850214,1,1,"(0.46635356545448303, 0.2657566964626312)","(0.42831170558929443, 0.2469588816165924)",1,1,2.995758056640625,2.5736083984375,"(-55.03692626953125, -21.395444869995117, 655.845458984375)","(9.542441368103027, -23.13280487060547, 660.7568359375)","(-11.388995170593262, 152.00787353515625, 44.68459701538086)","(-24.571889877319336, 155.4510955810547, 45.93782043457031)",POINT (0.4473326355218887 0.2563577890396118),,,,,,,,,,,,,,,,,,,,,,,,,,,,,,,,,,,,,,,,,,,,,,,1,1,
0,11,15,65329006705,1527866880,1,1,"(0.4659954011440277, 0.2432234287261963)","(0.43425673246383667, 0.28731635212898254)",1,1,2.9520263671875,2.6313934326171875,"(-55.04474639892578, -21.421092987060547, 655.8560791015625)","(9.530710220336914, -23.135616302490234, 660.6603393554688)","(-11.513101577758789, 156.13534545898438, 46.18684768676758)","(-22.511728286743164, 148.0587921142578, 43.247196197509766)",POINT (0.4501260668039322 0.2652698904275894),,,,,,,,,,,,,,,,,,,,,,,,,,,,,,,,,,,,,,,,,,,,,,,1,1,
0,11,15,65329023372,1527883547,1,1,"(0.4614585041999817, 0.28269195556640625)","(0.4337756633758545, 0.3192819356918335)",1,1,3.01300048828125,2.689453125,"(-55.083229064941406, -21.444732666015625, 655.8499755859375)","(9.47999382019043, -23.15239906311035, 660.950927734375)","(-13.085314750671387, 148.90586853027344, 43.555503845214844)","(-22.678434371948242, 142.20361328125, 41.116111755371094)",POINT (0.4476170837879181 0.3009869456291199),,,,,,,,,,,,,,,,,,,,,,,,,,,,,,,,,,,,,,,,,,,,,,,,1,
0,11,15,65329040039,1527900213,1,1,"(0.4238797724246979, 0.2517956793308258)","(0.38661831617355347, 0.29605263471603394)",1,1,2.9535369873046875,2.59954833984375,"(-55.1854248046875, -21.479413986206055, 655.6639404296875)","(9.352546691894531, -23.150794982910156, 661.1114501953125)","(-26.10772132873535, 154.56515502929688, 45.61533737182617)","(-39.02017593383789, 146.45855712890625, 42.66474533081055)",POINT (0.4052490442991257 0.2739241570234299),,,,,,,,,,,,,,,,,,,,,,,,,,,,,,,,,,,,,,,,,,,,,,,1,1,
0,11,15,65329056706,1527916880,1,1,"(0.42672955989837646, 0.2774451971054077)","(0.3894492983818054, 0.2606918215751648)",1,1,2.9569854736328125,2.53826904296875,"(-55.19929504394531, -21.505321502685547, 655.7459716796875)","(9.339855194091797, -23.157228469848633, 660.978759765625)","(-25.12017059326172, 149.86688232421875, 43.90535354614258)","(-38.03914260864258, 152.93563842773438, 45.02224349975586)",POINT (0.4080894291400909 0.2690685093402862),,,,,,,,,,,,,,,,,,,,,,,,,,,,,,,,,,,,,,,,,,,,,,,1,1,
0,11,15,65329073374,1527933547,1,1,"(0.42577633261680603, 0.2853516638278961)","(0.3891713321208954, 0.23974795639514923)",1,1,2.98046875,2.496734619140625,"(-55.199424743652344, -21.514036178588867, 655.7459716796875)","(9.343090057373047, -23.185100555419922, 661.0274658203125)","(-25.45050048828125, 148.41867065429688, 43.378170013427734)","(-38.13546371459961, 156.77194213867188, 46.4185791015625)",POINT (0.4074738323688507 0.2625498101115227),,,,,,,,,,,,,,,,,,,,,,,,,,,,,,,,,,,,,,,,,,,,,,,1,1,
0,11,15,65329090046,1527950219,1,1,"(0.41944172978401184, 0.24474473297595978)","(0.38756904006004333, 0.2615245282649994)",1,1,2.909759521484375,2.563461303710937,"(-55.20634841918945, -21.529876708984375, 655.8058471679688)","(9.34947681427002, -23.211116790771484, 661.0281982421875)","(-27.645662307739258, 155.856689453125, 46.085418701171875)","(-38.69071960449219, 152.78311157226562, 44.966705322265625)",POINT (0.4035053849220276 0.2531346306204796),,,,,,,,,,,,,,,,,,,,,,,,,,,,,,,,,,,,,,,,,,,,,,,1,1,
0,11,15,65329106713,1527966885,1,1,"(0.41072264313697815, 0.25861963629722595)","(0.38892778754234314, 0.2453337013721466)",1,1,2.903045654296875,2.54937744140625,"(-55.204811096191406, -21.5413761138916, 655.8413696289062)","(9.356882095336914, -23.246623992919922, 661.1005859375)","(-30.667142868041992, 153.31520080566406, 45.1603889465332)","(-38.2198600769043, 155.74880981445312, 46.04613494873047)",POINT (0.3998252153396606 0.2519766688346863),,,,,,,,,,,,,,,,,,,,,,,,,,,,,,,,,,,,,,,,,,,,,,,1,1,
0,11,15,65329123380,1527983552,1,1,"(0.4182448089122772, 0.2827940583229065)","(0.3912853002548218, 0.23345302045345306)",1,1,2.9615020751953125,2.529281616210937,"(-55.205955505371094, -21.547840118408203, 655.793212890625)","(9.356740951538086, -23.25937843322754, 661.1004028320312)","(-28.060441970825195, 148.8871307373047, 43.548728942871094)","(-37.40290069580078, 157.9250030517578, 46.83820343017578)",POINT (0.4047650545835495 0.2581235393881798),,,,,,,,,,,,,,,,,,,,,,,,,,,,,,,,,,,,,,,,,,,,,,,1,1,
0,11,15,65329140047,1528000218,1,1,"(0.420454204082489, 0.3164096772670746)","(0.38447532057762146, 0.22147968411445618)",1,1,3.003814697265625,2.536285400390625,"(-55.20854568481445, -21.575130462646484, 655.7928466796875)","(9.353883743286133, -23.298856735229492, 661.113037109375)","(-27.294790267944336, 142.72972106933594, 41.307586669921875)","(-39.76278305053711, 160.11817932128906, 47.63645935058594)",POINT (0.4024647623300552 0.2689446806907654),,,,,,,,,,,,,,,,,,,,,,,,,,,,,,,,,,,,,,,,,,,,,,,1,1,
0,11,15,65329173382,1528033552,1,1,"(0.429341584444046, 0.2933332026004791)","(0.3832741379737854, 0.2300131916999817)",1,1,2.996444702148437,2.5501708984375,"(-55.2081298828125, -21.653545379638672, 655.6483154296875)","(9.343502044677734, -23.348628997802734, 660.955810546875)","(-24.21499252319336, 146.9566650390625, 42.846073150634766)","(-40.179054260253906, 158.55506896972656, 47.067562103271484)",POINT (0.4063078612089157 0.2616731971502304),,,,,,,,,,,,,,,,,,,,,,,,,,,,,,,,,,,,,,,,,,,,,,,1,1,
0,11,15,65329190049,1528050219,1,1,"(0.4165631830692291, 0.2646544873714447)","(0.38697314262390137, 0.2721709609031677)",1,1,2.9517974853515625,2.575180053710937,"(-55.20989990234375, -21.691844940185547, 655.672607421875)","(9.340211868286133, -23.356304168701172, 660.9072265625)","(-28.64318084716797, 152.2097930908203, 44.7580680847168)","(-38.897212982177734, 150.83297729492188, 44.256961822509766)",POINT (0.4017681628465652 0.2684127241373062),,,,,,,,,,,,,,,,,,,,,,,,,,,,,,,,,,,,,,,,,,,,,,,1,1,
0,11,15,65329206720,1528066889,1,1,"(0.4145893156528473, 0.19697606563568115)","(0.3858058452606201, 0.25948455929756165)",1,1,2.851898193359375,2.56488037109375,"(-55.21575927734375, -21.716522216796875, 655.7918090820312)","(9.347955703735352, -23.369770050048828, 661.0030517578125)","(-29.327198028564453, 164.60653686523438, 49.270103454589844)","(-39.30172348022461, 153.1567840576172, 45.10271072387695)",POINT (0.4001975804567337 0.2282303124666214),,,,,,,,,,,,,,,,,,,,,,,,,,,,,,,,,,,,,,,,,,,,,,,,1,
0,11,15,65329223387,1528083556,1,1,"(0.4286310374736786, 0.30098482966423035)","(0.38647791743278503, 0.2784159183502197)",1,1,3.014373779296875,2.570709228515625,"(-55.21754837036133, -21.723878860473633, 655.767578125)","(9.344257354736328, -23.3826904296875, 661.0032958984375)","(-24.461219787597656, 145.55511474609375, 42.33594512939453)","(-39.068817138671875, 149.6890869140625, 43.84060287475586)",POINT (0.4075544774532318 0.289700374007225),,,,,,,,,,,,,,,,,,,,,,,,,,,,,,,,,,,,,,,,,,,,,,,1,1,
0,11,15,65329240055,1528100223,1,1,"(0.41215723752975464, 0.2447788119316101)","(0.3810715675354004, 0.2550028860569)",1,1,2.9257354736328125,2.55126953125,"(-55.231998443603516, -21.729331970214844, 655.7052001953125)","(9.305047988891602, -23.388784408569336, 660.7634887695312)","(-30.170005798339844, 155.8504180908203, 46.083187103271484)","(-40.94232177734375, 153.97769165039062, 45.40152359008789)",POINT (0.3966144025325775 0.2498908489942551),,,,,,,,,,,,,,,,,,,,,,,,,,,,,,,,,,,,,,,,,,,,,,,1,1,
0,11,15,65329256721,1528116889,1,1,"(0.41332340240478516, 0.28336113691329956)","(0.3810056746006012, 0.26946821808815)",1,1,2.984588623046875,2.5552520751953125,"(-55.24264144897461, -21.735715866088867, 655.72705078125)","(9.295493125915527, -23.396421432495117, 660.8121948242188)","(-29.765899658203125, 148.78326416015625, 43.51089859008789)","(-40.96516799926758, 151.3280487060547, 44.437137603759766)",POINT (0.3971645385026932 0.2764146775007248),,,,,,,,,,,,,,,,,,,,,,,,,,,,,,,,,,,,,,,,,,,,,,,1,1,
0,11,15,65329273389,1528133556,1,1,"(0.421715646982193, 0.2968069612979889)","(0.3890754282474518, 0.2898264527320862)",1,1,3.018341064453125,2.5711212158203125,"(-55.26858901977539, -21.73699378967285, 655.7466430664062)","(9.275442123413086, -23.391956329345703, 660.8370361328125)","(-26.85767364501953, 146.32037353515625, 42.6144905090332)","(-38.16869354248047, 147.5989990234375, 43.07987976074219)",POINT (0.4053955376148224 0.2933167070150375),,,,,,,,,,,,,,,,,,,,,,,,,,,,,,,,,,,,,,,,,,,,,,,1,1,
0,11,15,65329290054,1528150222,1,1,"(0.41380104422569275, 0.28423917293548584)","(0.38205018639564514, 0.2710135281085968)",1,1,3.019134521484375,2.5616455078125,"(-55.30029296875, -21.737707138061523, 655.741455078125)","(9.245464324951172, -23.391584396362305, 661.3084716796875)","(-29.600372314453125, 148.6224365234375, 43.45238494873047)","(-40.60319137573242, 151.04498291015625, 44.3341064453125)",POINT (0.397925615310669 0.2776263505220413),,,,,,,,,,,,,,,,,,,,,,,,,,,,,,,,,,,,,,,,,,,,,,,1,1,
0,11,15,65329306722,1528166889,1,1,"(0.41683992743492126, 0.21694330871105194)","(0.381840318441391, 0.2760723829269409)",1,1,2.901580810546875,2.5833740234375,"(-55.367454528808594, -21.741134643554688, 656.0193481445312)","(9.216097831726074, -23.392433166503906, 661.8529052734375)","(-28.547285079956055, 160.94911193847656, 47.93891143798828)","(-40.675933837890625, 150.1183624267578, 43.99686050415039)",POINT (0.3993401229381561 0.2465078458189964),,,,,,,,,,,,,,,,,,,,,,,,,,,,,,,,,,,,,,,,,,,,,,,1,1,
0,11,15,65329323389,1528183556,1,1,"(0.41723915934562683, 0.2647564113140106)","(0.37770533561706543, 0.28772059082984924)",1,1,2.979705810546875,2.5982666015625,"(-55.42179489135742, -21.74203872680664, 656.1666259765625)","(9.179729461669922, -23.37842559814453, 661.8052368164062)","(-28.408931732177734, 152.19113159179688, 44.7512321472168)","(-42.10884475708008, 147.98475646972656, 43.220237731933594)",POINT (0.3974722474813461 0.2762385010719299),,,,,,,,,,,,,,,,,,,,,,,,,,,,,,,,,,,,,,,,,,,,,,,1,1,
0,11,15,65329340062,1528200228,1,1,"(0.41913217306137085, 0.2606923282146454)","(0.37488406896591187, 0.2500535845756531)",1,1,2.957992553710937,2.5197906494140625,"(-55.447898864746094, -21.74475860595703, 656.150146484375)","(9.154951095581055, -23.368560791015625, 661.4312744140625)","(-27.7529354095459, 152.935546875, 45.022216796875)","(-43.086509704589844, 154.88424682617188, 45.73149108886719)",POINT (0.3970081210136414 0.2553729563951492),,,,,,,,,,,,,,,,,,,,,,,,,,,,,,,,,,,,,,,,,,,,,,,1,1,
0,11,15,65329356728,1528216894,1,1,"(0.4724881947040558, 0.24839447438716888)","(0.4500879645347595, 0.3129941523075104)",1,1,2.899261474609375,2.62432861328125,"(-55.3201904296875, -21.763214111328125, 655.9429931640625)","(9.229340553283691, -23.392425537109375, 661.610595703125)","(-9.263110160827637, 155.1881561279297, 45.842063903808594)","(-17.02562141418457, 143.35536193847656, 41.53529357910156)",POINT (0.4612880796194076 0.2806943133473396),,,,,,,,,,,,,,,,,,,,,,,,,,,,,,,,,,,,,,,,,,,,,,,1,1,
0,11,15,65329373396,1528233561,1,1,"(0.4638572037220001, 0.29906725883483887)","(0.42720621824264526, 0.2559533417224884)",1,1,2.9779510498046875,2.51953125,"(-55.336788177490234, -21.765892028808594, 655.9522094726562)","(9.221389770507812, -23.396530151367188, 661.8165893554688)","(-12.254072189331055, 145.90635681152344, 42.46377182006836)","(-24.954984664916992, 153.8035888671875, 45.338134765625)",POINT (0.4455317109823227 0.2775103002786636),,,,,,,,,,,,,,,,,,,,,,,,,,,,,,,,,,,,,,,,,,,,,,,1,1,
0,11,15,65329390062,1528250227,1,1,"(0.4662465453147888, 0.302971214056015)","(0.4288193881511688, 0.3240998685359955)",1,1,2.9583892822265625,2.6199188232421875,"(-55.37487030029297, -21.781158447265625, 656.0059814453125)","(9.211393356323242, -23.395767211914062, 662.0103759765625)","(-11.426074981689453, 145.19125366210938, 42.20353317260742)","(-24.395965576171875, 141.3210906982422, 40.794891357421875)",POINT (0.4475329667329788 0.3135355412960052),,,,,,,,,,,,,,,,,,,,,,,,,,,,,,,,,,,,,,,,,,,,,,,,1,
0,11,15,65329406730,1528266894,1,1,"(0.4685407876968384, 0.3009886145591736)","(0.4260510504245758, 0.3081662356853485)",1,1,2.999618530273437,2.5888671875,"(-55.387786865234375, -21.794754028320312, 656.0640869140625)","(9.206809997558594, -23.400115966796875, 661.9620971679688)","(-10.63104248046875, 145.554443359375, 42.33564376831055)","(-25.355289459228516, 144.23968505859375, 41.8571662902832)",POINT (0.4472959190607071 0.304577425122261),,,,,,,,,,,,,,,,,,,,,,,,,,,,,,,,,,,,,,,,,,,,,,,,1,
0,11,15,65329423397,1528283561,1,1,"(0.47020113468170166, 0.31979092955589294)","(0.42322373390197754, 0.2914825677871704)",1,1,2.9891510009765625,2.5997772216796875,"(-55.40721893310547, -21.80710220336914, 656.0845947265625)","(9.193746566772461, -23.39517593383789, 661.9379272460938)","(-10.055665969848633, 142.11038208007812, 41.08213424682617)","(-26.335063934326172, 147.295654296875, 42.96946334838867)",POINT (0.4467124342918396 0.3056367486715317),,,,,,,,,,,,,,,,,,,,,,,,,,,,,,,,,,,,,,,,,,,,,,,,1,
0,11,15,65329440064,1528300227,1,1,"(0.46741724014282227, 0.312852144241333)","(0.42727354168891907, 0.3286266624927521)",1,1,3.0005645751953125,2.632354736328125,"(-55.42723846435547, -21.82526969909668, 656.0452270507812)","(9.178125381469727, -23.38738441467285, 661.78125)","(-11.020390510559082, 143.38136291503906, 41.544761657714844)","(-24.931655883789062, 140.49192810058594, 40.49311065673828)",POINT (0.4473453909158707 0.3207394033670425),,,,,,,,,,,,,,,,,,,,,,,,,,,,,,,,,,,,,,,,,,,,,,,,1,
0,11,15,65329456731,1528316894,1,1,"(0.4694643020629883, 0.29003608226776123)","(0.4253027141094208, 0.3187698423862457)",1,1,2.971343994140625,2.618804931640625,"(-55.43915939331055, -21.835783004760742, 655.98291015625)","(9.167579650878906, -23.382671356201172, 661.66015625)","(-10.311013221740723, 147.56060791015625, 43.065887451171875)","(-25.614608764648438, 142.2974090576172, 41.150245666503906)",POINT (0.4473835080862045 0.3044029623270035),,,,,,,,,,,,,,,,,,,,,,,,,,,,,,,,,,,,,,,,,,,,,,,,1,
0,11,15,65329473395,1528333557,1,1,"(0.4672776758670807, 0.3037171959877014)","(0.42980799078941345, 0.3173186182975769)",1,1,2.9949951171875,2.6363983154296875,"(-55.457950592041016, -21.84047508239746, 656.0159301757812)","(9.155670166015625, -23.377925872802734, 661.5037841796875)","(-11.06875228881836, 145.0546112060547, 42.1537971496582)","(-24.05337142944336, 142.563232421875, 41.247005462646484)",POINT (0.4485428333282471 0.3105179071426392),,,,,,,,,,,,,,,,,,,,,,,,,,,,,,,,,,,,,,,,,,,,,,,,1,
0,11,15,65329490070,1528350232,1,1,"(0.47436705231666565, 0.2911875545978546)","(0.42676296830177307, 0.28157177567481995)",1,1,2.975570678710937,2.568832397460937,"(-55.47509002685547, -21.849544525146484, 656.037109375)","(9.143722534179688, -23.37864875793457, 661.383056640625)","(-8.61203670501709, 147.34970092773438, 42.98911666870117)","(-25.108591079711914, 149.11102294921875, 43.63020706176758)",POINT (0.4505650103092194 0.2863796651363373),,,,,,,,,,,,,,,,,,,,,,,,,,,,,,,,,,,,,,,,,,,,,,,1,1,
0,11,15,65329506730,1528366891,1,1,"(0.46729549765586853, 0.31398487091064453)","(0.423555850982666, 0.28871986269950867)",1,1,2.995101928710937,2.5480194091796875,"(-55.468631744384766, -21.870561599731445, 655.9417724609375)","(9.140061378479004, -23.386886596679688, 661.3468017578125)","(-11.062592506408691, 143.1738739013672, 41.4692497253418)","(-26.21996307373047, 147.80169677734375, 43.15361404418945)",POINT (0.4454256743192673 0.3013523668050766),,,,,,,,,,,,,,,,,,,,,,,,,,,,,,,,,,,,,,,,,,,,,,,,1,
0,11,15,65329523404,1528383565,1,1,"(0.46564778685569763, 0.2998785078525543)","(0.4307421147823334, 0.3042261302471161)",1,1,3.0148162841796875,2.5891571044921875,"(-55.46863555908203, -21.88387680053711, 655.9420166015625)","(9.145508766174316, -23.390857696533203, 661.3707275390625)","(-11.633567810058594, 145.7577667236328, 42.409690856933594)","(-23.729673385620117, 144.96139526367188, 42.119850158691406)",POINT (0.4481949508190155 0.3020523190498352),,,,,,,,,,,,,,,,,,,,,,,,,,,,,,,,,,,,,,,,,,,,,,,,1,
0,11,15,65329540073,1528400233,1,1,"(0.4632887542247772, 0.2841888964176178)","(0.4264642298221588, 0.2775588035583496)",1,1,3.00299072265625,2.5334930419921875,"(-55.454124450683594, -21.912235260009766, 655.8482666015625)","(9.149999618530273, -23.410308837890625, 661.4195556640625)","(-12.451068878173828, 148.6316375732422, 43.45573043823242)","(-25.212112426757812, 149.84608459472656, 43.897762298583984)",POINT (0.444876492023468 0.2808738499879837),,,,,,,,,,,,,,,,,,,,,,,,,,,,,,,,,,,,,,,,,,,,,,,1,1,
0,11,15,65329556730,1528416890,1,1,"(0.47010257840156555, 0.2664080262184143)","(0.4227831959724426, 0.2933249771595001)",1,1,2.970611572265625,2.5787506103515625,"(-55.439674377441406, -21.92572021484375, 655.8387451171875)","(9.173579216003418, -23.43044662475586, 661.5040893554688)","(-10.089826583862305, 151.8885955810547, 44.64116287231445)","(-26.48772621154785, 146.9581756591797, 42.84667205810547)",POINT (0.4464428871870041 0.2798665016889572),,,,,,,,,,,,,,,,,,,,,,,,,,,,,,,,,,,,,,,,,,,,,,,1,1,
0,11,15,65329573406,1528433565,1,1,"(0.4680173695087433, 0.2996484637260437)","(0.4250729978084564, 0.30007272958755493)",1,1,3.053451538085937,2.577362060546875,"(-55.436431884765625, -21.935033798217773, 655.8634033203125)","(9.179645538330078, -23.448820114135742, 661.47998046875)","(-10.812426567077637, 145.7998809814453, 42.42509078979492)","(-25.69422721862793, 145.72218322753906, 42.39675521850586)",POINT (0.4465451836585998 0.2998605966567993),,,,,,,,,,,,,,,,,,,,,,,,,,,,,,,,,,,,,,,,,,,,,,,,1,
0,11,15,65329590073,1528450232,1,1,"(0.4653065502643585, 0.2279254049062729)","(0.43340426683425903, 0.26796942949295044)",1,1,2.899688720703125,2.549057006835937,"(-55.43392562866211, -21.94522476196289, 655.9482421875)","(9.18600845336914, -23.473819732666016, 661.4437866210938)","(-11.751830101013184, 158.9375, 47.206722259521484)","(-22.807130813598633, 151.60256958007812, 44.537078857421875)",POINT (0.4493554085493088 0.2479474171996117),,,,,,,,,,,,,,,,,,,,,,,,,,,,,,,,,,,,,,,,,,,,,,,1,1,
0,11,15,65329606746,1528466904,1,1,"(0.4720734655857086, 0.26667895913124084)","(0.43210145831108093, 0.2886906564235687)",1,1,2.967559814453125,2.5649566650390625,"(-55.424964904785156, -21.953472137451172, 656.0220947265625)","(9.193020820617676, -23.499679565429688, 661.3949584960938)","(-9.40683650970459, 151.83895874023438, 44.62308120727539)","(-23.25860023498535, 147.8070526123047, 43.15556716918945)",POINT (0.4520874619483948 0.2776848077774048),,,,,,,,,,,,,,,,,,,,,,,,,,,,,,,,,,,,,,,,,,,,,,,1,1,
0,11,15,65329623413,1528483571,1,1,"(0.47397419810295105, 0.30975833535194397)","(0.4329817593097687, 0.2552450895309448)",1,1,3.0288848876953125,2.552108764648437,"(-55.42021942138672, -21.959388732910156, 656.071044921875)","(9.200750350952148, -23.534563064575195, 661.4910278320312)","(-8.748174667358398, 143.94805908203125, 41.75102233886719)","(-22.953556060791016, 153.93333435058594, 45.385345458984375)",POINT (0.4534779787063599 0.2825017124414444),,,,,,,,,,,,,,,,,,,,,,,,,,,,,,,,,,,,,,,,,,,,,,,1,1,
0,11,15,65329640071,1528500228,1,1,"(0.4662855267524719, 0.3024675250053406)","(0.43358978629112244, 0.2684251368045807)",1,1,3.045745849609375,2.5612030029296875,"(-55.41693115234375, -21.960079193115234, 656.0836181640625)","(9.202736854553223, -23.546600341796875, 661.5032348632812)","(-11.412574768066406, 145.2835235595703, 42.237083435058594)","(-22.742835998535156, 151.51910400390625, 44.506683349609375)",POINT (0.4499376565217972 0.2854463309049606),,,,,,,,,,,,,,,,,,,,,,,,,,,,,,,,,,,,,,,,,,,,,,,1,1,
0,11,15,65329656738,1528516895,1,1,"(0.47008535265922546, 0.3057478368282318)","(0.4339601993560791, 0.2922125458717346)",1,1,3.0303497314453125,2.6137847900390625,"(-55.408447265625, -21.96753692626953, 656.049072265625)","(9.205968856811523, -23.581066131591797, 661.6839599609375)","(-10.09579849243164, 144.68264770507812, 42.01841735839844)","(-22.614484786987305, 147.1619415283203, 42.9207878112793)",POINT (0.4520227760076523 0.2989801913499832),,,,,,,,,,,,,,,,,,,,,,,,,,,,,,,,,,,,,,,,,,,,,,,,1,
0,11,15,65329673415,1528533571,1,1,"(0.480204313993454, 0.3455584943294525)","(0.4438646733760834, 0.38131341338157654)",1,1,3.02374267578125,2.7286529541015625,"(-55.35198211669922, -21.99532127380371, 655.7938842773438)","(9.22834587097168, -23.605009078979492, 661.6348876953125)","(-6.589200019836426, 137.39048767089844, 39.36427307128906)","(-19.18221664428711, 130.84121704101562, 36.98054885864258)",POINT (0.4620344936847687 0.3634359538555145),,,,,,,,,,,,,,,,,,,,,,,,,,,,,,,,,,,,,,,,,,,,,,,,,
0,11,15,65329690081,1528550237,1,1,"(0.4728499948978424, 0.3420698642730713)","(0.4375661313533783, 0.3496653735637665)",1,1,3.049041748046875,2.6654205322265625,"(-55.35894775390625, -22.014530181884766, 655.8648071289062)","(9.224903106689453, -23.616352081298828, 661.6596069335938)","(-9.137750625610352, 138.02951049804688, 39.596858978271484)","(-21.364887237548828, 136.6382293701172, 39.09048080444336)",POINT (0.4552080631256104 0.3458676189184189),,,,,,,,,,,,,,,,,,,,,,,,,,,,,,,,,,,,,,,,,,,,,,,,1,
0,11,15,65329706749,1528566904,1,1,"(0.4711538851261139, 0.3416285812854767)","(0.44065117835998535, 0.38485363125801086)",1,1,3.054428100585937,2.7295074462890625,"(-55.35862731933594, -22.001497268676758, 655.8046264648438)","(9.228344917297363, -23.610445022583008, 661.6351318359375)","(-9.725512504577637, 138.11033630371094, 39.626312255859375)","(-20.295814514160156, 130.1927490234375, 36.74451446533203)",POINT (0.4559025317430496 0.3632411062717438),,,,,,,,,,,,,,,,,,,,,,,,,,,,,,,,,,,,,,,,,,,,,,,,,
0,11,15,65329723415,1528583570,1,1,"(0.4775075614452362, 0.3500097990036011)","(0.4378361701965332, 0.3049525320529938)",1,1,3.050811767578125,2.58966064453125,"(-55.37035369873047, -22.00013542175293, 655.8629760742188)","(9.222723007202148, -23.610868453979492, 661.7798461914062)","(-7.523725509643555, 136.5751495361328, 39.0675163269043)","(-21.271316528320312, 144.82835388183594, 42.07143020629883)",POINT (0.4576718658208847 0.3274811655282974),,,,,,,,,,,,,,,,,,,,,,,,,,,,,,,,,,,,,,,,,,,,,,,,1,
0,11,15,65329740087,1528600241,1,1,"(0.4746738076210022, 0.34900951385498047)","(0.43312546610832214, 0.37185442447662354)",1,1,3.071762084960937,2.7301025390625,"(-55.38543701171875, -21.984989166259766, 655.907958984375)","(9.211580276489258, -23.606048583984375, 661.9013671875)","(-8.505732536315918, 136.75836181640625, 39.13421630859375)","(-22.90374183654785, 132.57383728027344, 37.61115264892578)",POINT (0.4538996368646622 0.360431969165802),,,,,,,,,,,,,,,,,,,,,,,,,,,,,,,,,,,,,,,,,,,,,,,,,
0,11,15,65329756754,1528616908,1,1,"(0.47822311520576477, 0.3541092872619629)","(0.4417189061641693, 0.34103870391845703)",1,1,3.078231811523437,2.671844482421875,"(-55.39964294433594, -21.98883056640625, 655.9664306640625)","(9.201239585876465, -23.605165481567383, 661.9381103515625)","(-7.275764465332031, 135.82423400878906, 38.79420852661133)","(-19.925806045532227, 138.21839904785156, 39.665592193603516)",POINT (0.459971010684967 0.34757399559021),,,,,,,,,,,,,,,,,,,,,,,,,,,,,,,,,,,,,,,,,,,,,,,,1,
0,11,15,65329773421,1528633574,1,1,"(0.4752750098705292, 0.35487642884254456)","(0.4435751140117645, 0.4041702151298523)",1,1,3.1090240478515625,2.7793426513671875,"(-55.41413497924805, -21.996013641357422, 655.9518432617188)","(9.190650939941406, -23.601608276367188, 661.8536376953125)","(-8.29738712310791, 135.68373107910156, 38.74303436279297)","(-19.28255271911621, 126.6545181274414, 35.456703186035156)",POINT (0.4594250619411468 0.3795233219861984),,,,,,,,,,,,,,,,,,,,,,,,,,,,,,,,,,,,,,,,,,,,,,,,,
0,11,15,65329790088,1528650241,1,1,"(0.4741224944591522, 0.35806918144226074)","(0.44732794165611267, 0.35772570967674255)",1,1,3.1165924072265625,2.6812286376953125,"(-55.42852020263672, -22.022554397583008, 655.8413696289062)","(9.172866821289062, -23.601539611816406, 661.5880126953125)","(-8.696783065795898, 135.09889221191406, 38.53019714355469)","(-17.982070922851562, 135.16180419921875, 38.553123474121094)",POINT (0.4607252180576324 0.3578974455595016),,,,,,,,,,,,,,,,,,,,,,,,,,,,,,,,,,,,,,,,,,,,,,,,1,
0,11,15,65329806756,1528666908,1,1,"(0.4698694050312042, 0.3560940623283386)","(0.4417508542537689, 0.3902876377105713)",1,1,3.0905914306640625,2.72711181640625,"(-55.439170837402344, -22.051177978515625, 655.81494140625)","(9.162515640258789, -23.604385375976562, 661.4307861328125)","(-10.170635223388672, 135.460693359375, 38.66188430786133)","(-19.914731979370117, 129.1973876953125, 36.382232666015625)",POINT (0.4558101296424866 0.373190850019455),,,,,,,,,,,,,,,,,,,,,,,,,,,,,,,,,,,,,,,,,,,,,,,,,
0,11,15,65329823422,1528683574,1,1,"(0.47291383147239685, 0.3312658965587616)","(0.43893468379974365, 0.3748437166213989)",1,1,3.090484619140625,2.698471069335937,"(-55.448604583740234, -22.082061767578125, 655.7894287109375)","(9.148224830627441, -23.61068344116211, 661.2381591796875)","(-9.115626335144043, 140.00848388671875, 40.317142486572266)","(-20.890628814697266, 132.0262908935547, 37.4118537902832)",POINT (0.4559242576360702 0.3530548065900803),,,,,,,,,,,,,,,,,,,,,,,,,,,,,,,,,,,,,,,,,,,,,,,,1,
0,11,15,65329840090,1528700241,1,1,"(0.47350263595581055, 0.3382842242717743)","(0.4396313726902008, 0.4023933410644531)",1,1,3.105941772460937,2.7480621337890625,"(-55.453224182128906, -22.089441299438477, 655.812744140625)","(9.142522811889648, -23.606388092041016, 661.189697265625)","(-8.91158390045166, 138.72293090820312, 39.84925842285156)","(-20.649221420288086, 126.97998809814453, 35.57516098022461)",POINT (0.4565670043230057 0.3703387826681137),,,,,,,,,,,,,,,,,,,,,,,,,,,,,,,,,,,,,,,,,,,,,,,,,
0,11,15,65329856757,1528716908,1,1,"(0.4704294502735138, 0.3388882875442505)","(0.4344506561756134, 0.36905068159103394)",1,1,3.115463256835937,2.6781158447265625,"(-55.447879791259766, -22.115385055541992, 655.7656860351562)","(9.145454406738281, -23.61892318725586, 661.1780395507812)","(-9.976547241210938, 138.61228942871094, 39.808982849121094)","(-22.44451332092285, 133.08740234375, 37.79808044433594)",POINT (0.4524400532245636 0.3539694845676422),,,,,,,,,,,,,,,,,,,,,,,,,,,,,,,,,,,,,,,,,,,,,,,,1,
0,11,15,65329873427,1528733577,1,1,"(0.4721369445323944, 0.3227315843105316)","(0.44285351037979126, 0.4053659737110138)",1,1,3.094390869140625,2.771331787109375,"(-55.42758560180664, -22.11318588256836, 655.6848754882812)","(9.17194652557373, -23.619564056396484, 661.382568359375)","(-9.384838104248047, 141.57171630859375, 40.88614273071289)","(-19.532615661621094, 126.43547821044922, 35.3769645690918)",POINT (0.4574952274560928 0.3640487790107727),,,,,,,,,,,,,,,,,,,,,,,,,,,,,,,,,,,,,,,,,,,,,,,,,
0,11,15,65329890093,1528750243,1,1,"(0.525283932685852, 0.3407807946205139)","(0.4934772849082947, 0.39906296133995056)",1,1,3.141098022460937,2.76239013671875,"(-55.29051971435547, -22.11206817626953, 655.6363525390625)","(9.285001754760742, -23.613740921020508, 660.740478515625)","(9.032546043395996, 138.26564025878906, 39.68281555175781)","(-1.9896304607391357, 127.59000396728516, 35.797183990478516)",POINT (0.5093806087970734 0.3699218779802322),,,,,,,,,,,,,,,,,,,,,,,,,,,,,,,,,,,,,,,,,,,,,,,,1,
0,11,15,65329906760,1528766909,1,1,"(0.5072370767593384, 0.32982137799263)","(0.4760258197784424, 0.4055407643318176)",1,1,3.1179962158203125,2.75592041015625,"(-55.25004577636719, -22.104320526123047, 655.6307373046875)","(9.3107271194458, -23.617599487304688, 660.7996826171875)","(2.778630495071411, 140.2730712890625, 40.413482666015625)","(-8.037206649780273, 126.40347290039062, 35.36531066894531)",POINT (0.4916314482688904 0.3676810711622238),,,,,,,,,,,,,,,,,,,,,,,,,,,,,,,,,,,,,,,,,,,,,,,,1,
0,11,15,65329923428,1528783577,1,1,"(0.5143334865570068, 0.34244921803474426)","(0.47946497797966003, 0.3762136399745941)",1,1,3.1151580810546875,2.70074462890625,"(-55.231109619140625, -22.108917236328125, 655.5860595703125)","(9.33679485321045, -23.61505889892578, 660.9556274414062)","(5.237800598144531, 137.96002197265625, 39.571556091308594)","(-6.845415115356445, 131.77536010742188, 37.320552825927734)",POINT (0.4968992322683334 0.3593314290046692),,,,,,,,,,,,,,,,,,,,,,,,,,,,,,,,,,,,,,,,,,,,,,,,1,
0,11,15,65329940095,1528800243,1,1,"(0.5175658464431763, 0.3307161033153534)","(0.478866308927536, 0.4060284197330475)",1,1,3.09552001953125,2.77783203125,"(-55.20915222167969, -22.104320526123047, 655.613525390625)","(9.369123458862305, -23.622695922851562, 661.208251953125)","(6.3579206466674805, 140.1092071533203, 40.353797912597656)","(-7.052872180938721, 126.31413269042969, 35.33283233642578)",POINT (0.4982160776853561 0.3683722615242004),,,,,,,,,,,,,,,,,,,,,,,,,,,,,,,,,,,,,,,,,,,,,,,,1,
0,11,15,65329956762,1528816910,1,1,"(0.5158786177635193, 0.3397812843322754)","(0.48018091917037964, 0.37127968668937683)",1,1,3.095458984375,2.7530059814453125,"(-55.18275833129883, -22.08763885498047, 655.5820922851562)","(9.414752960205078, -23.631450653076172, 661.48486328125)","(5.7732415199279785, 138.44871520996094, 39.74944305419922)","(-6.597314357757568, 132.6791229248047, 37.64946365356445)",POINT (0.4980297684669495 0.3555304855108261),,,,,,,,,,,,,,,,,,,,,,,,,,,,,,,,,,,,,,,,,,,,,,,,1,
0,11,15,65329973430,1528833577,1,1,"(0.5215204358100891, 0.34364834427833557)","(0.47905418276786804, 0.41033002734184265)",1,1,3.10137939453125,2.789459228515625,"(-55.155548095703125, -22.065589904785156, 655.5984497070312)","(9.439695358276367, -23.63009262084961, 661.4970703125)","(7.728336811065674, 137.74038696289062, 39.49161911010742)","(-6.987771034240723, 125.5262222290039, 35.046016693115234)",POINT (0.5002873092889786 0.3769891858100891),,,,,,,,,,,,,,,,,,,,,,,,,,,,,,,,,,,,,,,,,,,,,,,,1,
0,11,15,65329990096,1528850243,1,1,"(0.5167505741119385, 0.3562915325164795)","(0.48198097944259644, 0.3831658363342285)",1,1,3.0848846435546875,2.7452392578125,"(-55.11115264892578, -22.044082641601562, 655.6177978515625)","(9.469417572021484, -23.619577407836914, 661.12158203125)","(6.075414657592773, 135.4245147705078, 38.64872741699219)","(-5.973520278930664, 130.5019073486328, 36.85703659057617)",POINT (0.4993657767772675 0.369728684425354),,,,,,,,,,,,,,,,,,,,,,,,,,,,,,,,,,,,,,,,,,,,,,,,1,
0,11,15,65330006772,1528866918,1,1,"(0.5217406153678894, 0.34827637672424316)","(0.4831152856349945, 0.3991982042789459)",1,1,3.072540283203125,2.7347412109375,"(-55.08431625366211, -22.042997360229492, 655.7550048828125)","(9.506828308105469, -23.614391326904297, 660.782470703125)","(7.804641246795654, 136.89266967773438, 39.18305587768555)","(-5.5804548263549805, 127.56524658203125, 35.788177490234375)",POINT (0.502427950501442 0.3737372905015945),,,,,,,,,,,,,,,,,,,,,,,,,,,,,,,,,,,,,,,,,,,,,,,,1,
0,11,15,65330023438,1528883584,1,1,"(0.5192131400108337, 0.3648484945297241)","(0.4805753529071808, 0.4108048379421234)",1,1,3.116928100585937,2.750228881835937,"(-55.037445068359375, -22.0447998046875, 655.702880859375)","(9.5506010055542, -23.61652374267578, 660.9739990234375)","(6.9287896156311035, 133.85711669921875, 38.07826232910156)","(-6.460630893707275, 125.43923950195312, 35.01437759399414)",POINT (0.4998942464590073 0.3878266662359238),,,,,,,,,,,,,,,,,,,,,,,,,,,,,,,,,,,,,,,,,,,,,,,,,
0,11,15,65330040106,1528900251,1,1,"(0.5203026533126831, 0.35558512806892395)","(0.47937965393066406, 0.39886096119880676)",1,1,3.0877685546875,2.7428436279296875,"(-55.002586364746094, -22.023876190185547, 655.8173828125)","(9.600594520568848, -23.615737915039062, 661.3345947265625)","(7.30633544921875, 135.55389404296875, 38.69581985473633)","(-6.874988079071045, 127.62702178955078, 35.8106575012207)",POINT (0.4998411536216736 0.3772230446338654),,,,,,,,,,,,,,,,,,,,,,,,,,,,,,,,,,,,,,,,,,,,,,,,,
0,11,15,65330056773,1528916918,1,1,"(0.5121402144432068, 0.35749563574790955)","(0.4739775061607361, 0.36748653650283813)",1,1,3.099105834960937,2.690826416015625,"(-54.9578857421875, -22.012205123901367, 655.764892578125)","(9.64698600769043, -23.629932403564453, 661.5875244140625)","(4.477750301361084, 135.20394897460938, 38.568443298339844)","(-8.747024536132812, 133.3739013671875, 37.90235137939453)",POINT (0.4930588603019714 0.3624910861253738),,,,,,,,,,,,,,,,,,,,,,,,,,,,,,,,,,,,,,,,,,,,,,,,1,
0,11,15,65330073440,1528933584,1,1,"(0.5189241170883179, 0.35006988048553467)","(0.4805876314640045, 0.39540281891822815)",1,1,3.0887451171875,2.743865966796875,"(-54.921268463134766, -21.995594024658203, 655.782958984375)","(9.682994842529297, -23.626216888427734, 661.1760864257812)","(6.828632354736328, 136.5641326904297, 39.06352996826172)","(-6.456371784210205, 128.2604522705078, 36.04117965698242)",POINT (0.4997558742761612 0.3727363497018814),,,,,,,,,,,,,,,,,,,,,,,,,,,,,,,,,,,,,,,,,,,,,,,,1,
0,11,15,65330090107,1528950251,1,1,"(0.5163108706474304, 0.3498498797416687)","(0.48092710971832275, 0.41610345244407654)",1,1,3.0742950439453125,2.757232666015625,"(-54.862159729003906, -21.982030868530273, 655.4801025390625)","(9.723495483398438, -23.626060485839844, 660.8250732421875)","(5.923041343688965, 136.6044158935547, 39.078189849853516)","(-6.338736534118652, 124.46869659423828, 34.66110610961914)",POINT (0.4986189901828766 0.3829766660928726),,,,,,,,,,,,,,,,,,,,,,,,,,,,,,,,,,,,,,,,,,,,,,,,,
0,11,15,65330106774,1528966917,1,1,"(0.5607293844223022, 0.3317665457725525)","(0.5256762504577637, 0.402134507894516)",1,1,3.0687255859375,2.741912841796875,"(-54.74996566772461, -21.977336883544922, 655.9683837890625)","(9.868242263793945, -23.63925552368164, 661.4846801757812)","(21.315690994262695, 139.91677856445312, 40.28377914428711)","(9.168475151062012, 127.02738952636719, 35.59241485595703)",POINT (0.543202817440033 0.3669505268335342),,,,,,,,,,,,,,,,,,,,,,,,,,,,,,,,,,,,,,,,,,,,,,,,1,
0,11,15,65330123444,1528983588,1,1,"(0.554383397102356, 0.3544691801071167)","(0.5113757848739624, 0.41009798645973206)",1,1,3.1089019775390625,2.770126342773437,"(-54.68977355957031, -21.973054885864258, 655.701416015625)","(9.898012161254883, -23.6490478515625, 661.2425537109375)","(19.116554260253906, 135.75831604003906, 38.770233154296875)","(4.212831020355225, 125.56873321533203, 35.061485290527344)",POINT (0.5328795909881592 0.3822835832834244),,,,,,,,,,,,,,,,,,,,,,,,,,,,,,,,,,,,,,,,,,,,,,,,1,
0,11,15,65330140112,1529000255,1,1,"(0.5504515171051025, 0.3445250689983368)","(0.5149949789047241, 0.39452508091926575)",1,1,3.0883331298828125,2.727935791015625,"(-54.67210006713867, -21.971925735473633, 655.608154296875)","(9.914346694946289, -23.634000778198242, 661.1093139648438)","(17.754032135009766, 137.5797882080078, 39.43316650390625)","(5.467039108276367, 128.4212188720703, 36.09971237182617)",POINT (0.5327232480049133 0.3695250749588013),,,,,,,,,,,,,,,,,,,,,,,,,,,,,,,,,,,,,,,,,,,,,,,,1,
0,11,15,65330156779,1529016922,1,1,"(0.5499677658081055, 0.35004904866218567)","(0.5126219987869263, 0.40679675340652466)",1,1,3.070541381835937,2.73516845703125,"(-54.64966583251953, -21.969398498535156, 655.4796142578125)","(9.927118301391602, -23.634336471557617, 661.0121459960938)","(17.58638572692871, 136.56796264648438, 39.064903259277344)","(4.644699573516846, 126.17340850830078, 35.281593322753906)",POINT (0.5312948822975159 0.3784229010343552),,,,,,,,,,,,,,,,,,,,,,,,,,,,,,,,,,,,,,,,,,,,,,,,1,
0,11,15,65330173447,1529033589,1,1,"(0.548547625541687, 0.3502107262611389)","(0.5147639513015747, 0.3940396010875702)",1,1,3.080657958984375,2.7125701904296875,"(-54.64434814453125, -21.97188949584961, 655.468505859375)","(9.934561729431152, -23.631393432617188, 660.951416015625)","(17.094270706176758, 136.538330078125, 39.05411911010742)","(5.386966705322266, 128.5101318359375, 36.13212966918945)",POINT (0.5316557884216309 0.3721251636743546),,,,,,,,,,,,,,,,,,,,,,,,,,,,,,,,,,,,,,,,,,,,,,,,1,
0,11,15,65330190113,1529050255,1,1,"(0.5458356142044067, 0.3558667302131653)","(0.5103343725204468, 0.3935656249523163)",1,1,3.09344482421875,2.724853515625,"(-54.65787124633789, -21.97562026977539, 655.5022583007812)","(9.926700592041016, -23.64063262939453, 661.0242309570312)","(16.154430389404297, 135.5023193359375, 38.67704391479492)","(3.851956367492676, 128.59695434570312, 36.163726806640625)",POINT (0.5280849933624268 0.3747161775827408),,,,,,,,,,,,,,,,,,,,,,,,,,,,,,,,,,,,,,,,,,,,,,,,1,
0,11,15,65330206781,1529066922,1,1,"(0.5486556887626648, 0.3650393784046173)","(0.5128507018089294, 0.37931910157203674)",1,1,3.1060028076171875,2.677154541015625,"(-54.68833923339844, -21.98279571533203, 655.690185546875)","(9.911081314086914, -23.6502628326416, 661.1334838867188)","(17.131696701049805, 133.82215881347656, 38.06553268432617)","(4.723966598510742, 131.20652770996094, 37.11351013183594)",POINT (0.5307531952857971 0.372179239988327),,,,,,,,,,,,,,,,,,,,,,,,,,,,,,,,,,,,,,,,,,,,,,,,1,
0,11,15,65330223447,1529083588,1,1,"(0.551275372505188, 0.35029029846191406)","(0.511809229850769, 0.3602006137371063)",1,1,3.037017822265625,2.6517486572265625,"(-54.719383239746094, -21.995555877685547, 655.817138671875)","(9.887506484985352, -23.67631721496582, 661.3154907226562)","(18.039514541625977, 136.5237579345703, 39.04884338378906)","(4.3630595207214355, 134.70846557617188, 38.38811111450195)",POINT (0.5315423011779785 0.3552454560995102),,,,,,,,,,,,,,,,,,,,,,,,,,,,,,,,,,,,,,,,,,,,,,,,1,
0,11,15,65330240115,1529100255,1,1,"(0.551249086856842, 0.36918917298316956)","(0.5138311982154846, 0.3707820177078247)",1,1,3.09991455078125,2.658187866210937,"(-54.7524299621582, -22.00316619873047, 655.835693359375)","(9.861495018005371, -23.680234909057617, 661.328125)","(18.030410766601562, 133.06202697753906, 37.78884506225586)","(5.0637288093566895, 132.77027893066406, 37.682655334472656)",POINT (0.5325401425361633 0.3699855953454971),,,,,,,,,,,,,,,,,,,,,,,,,,,,,,,,,,,,,,,,,,,,,,,,1,
0,11,15,65330256786,1529116926,1,1,"(0.5500079393386841, 0.3412592113018036)","(0.5146316885948181, 0.3638133704662323)",1,1,3.03778076171875,2.6583709716796875,"(-54.7843017578125, -22.016645431518555, 655.7097778320312)","(9.832291603088379, -23.691341400146484, 661.2926025390625)","(17.600284576416016, 138.17800903320312, 39.65091323852539)","(5.3411335945129395, 134.04673767089844, 38.147247314453125)",POINT (0.5323198139667511 0.3525362908840179),,,,,,,,,,,,,,,,,,,,,,,,,,,,,,,,,,,,,,,,,,,,,,,,1,
0,11,15,65330273453,1529133592,1,1,"(0.5539253950119019, 0.3549171984195709)","(0.5111688375473022, 0.36780479550361633)",1,1,3.073150634765625,2.665435791015625,"(-54.80713653564453, -22.023061752319336, 655.6697387695312)","(9.807165145874023, -23.686981201171875, 661.20849609375)","(18.957839965820312, 135.67625427246094, 38.74034881591797)","(4.141127586364746, 133.31561279296875, 37.88113021850586)",POINT (0.532547116279602 0.3613609969615936),,,,,,,,,,,,,,,,,,,,,,,,,,,,,,,,,,,,,,,,,,,,,,,,1,
0,11,15,65330290120,1529150259,1,1,"(0.5514928698539734, 0.36381927132606506)","(0.5132051706314087, 0.3439975082874298)",1,1,3.0687408447265625,2.5907745361328125,"(-54.83926773071289, -22.01210594177246, 655.604248046875)","(9.764871597290039, -23.65485191345215, 660.9441528320312)","(18.114877700805664, 134.045654296875, 38.1468391418457)","(4.846807479858398, 137.67642211914062, 39.46836471557617)",POINT (0.532349020242691 0.3539083898067474),,,,,,,,,,,,,,,,,,,,,,,,,,,,,,,,,,,,,,,,,,,,,,,,1,
0,11,15,65330306788,1529166926,1,1,"(0.5566282868385315, 0.34217336773872375)","(0.5219347476959229, 0.3488946259021759)",1,1,2.995101928710937,2.6126251220703125,"(-54.86765670776367, -22.014026641845703, 655.6712646484375)","(9.742218971252441, -23.63884925842285, 660.9330444335938)","(19.894500732421875, 138.0105438232422, 39.58995819091797)","(7.871913909912109, 136.7794189453125, 39.14188003540039)",POINT (0.5392815172672272 0.3455339968204498),,,,,,,,,,,,,,,,,,,,,,,,,,,,,,,,,,,,,,,,,,,,,,,,1,
0,11,15,65330323454,1529183592,1,1,"(0.5518996119499207, 0.3753053843975067)","(0.5205615162849426, 0.3796296715736389)",1,1,3.064453125,2.6323699951171875,"(-54.87358856201172, -22.017099380493164, 655.658203125)","(9.73469352722168, -23.63559341430664, 660.89697265625)","(18.255849838256836, 131.9416961669922, 37.381126403808594)","(7.3960442543029785, 131.14964294433594, 37.092777252197266)",POINT (0.5362305641174316 0.3774675279855728),,,,,,,,,,,,,,,,,,,,,,,,,,,,,,,,,,,,,,,,,,,,,,,,1,
0,11,15,65330340122,1529200259,1,1,"(0.5519766211509705, 0.3620564937591553)","(0.5182037949562073, 0.3425982892513275)",1,1,3.0480499267578125,2.5824127197265625,"(-54.877899169921875, -22.00767707824707, 655.6334228515625)","(9.727027893066406, -23.629703521728516, 660.8973388671875)","(18.28253173828125, 134.36854553222656, 38.264347076416016)","(6.5789947509765625, 137.93272399902344, 39.56163787841797)",POINT (0.5350902080535889 0.3523273915052414),,,,,,,,,,,,,,,,,,,,,,,,,,,,,,,,,,,,,,,,,,,,,,,,1,
0,11,15,65330356788,1529216925,1,1,"(0.5474559664726257, 0.34747883677482605)","(0.5119157433509827, 0.4028332829475403)",1,1,2.984039306640625,2.6691436767578125,"(-54.85839080810547, -21.98550033569336, 655.4803466796875)","(9.733015060424805, -23.617605209350586, 660.776123046875)","(16.71595001220703, 137.0387420654297, 39.23625946044922)","(4.399960517883301, 126.8993911743164, 35.54585647583008)",POINT (0.5296858549118042 0.3751560598611832),,,,,,,,,,,,,,,,,,,,,,,,,,,,,,,,,,,,,,,,,,,,,,,,1,
0,11,15,65330373456,1529233592,1,1,"(0.5548561215400696, 0.3442955017089844)","(0.5066922307014465, 0.38415199518203735)",1,1,3.0200347900390625,2.6433563232421875,"(-54.83564758300781, -21.953777313232422, 655.424072265625)","(9.766939163208008, -23.5867862701416, 660.7985229492188)","(19.280370712280273, 137.62184143066406, 39.44847869873047)","(2.5898239612579346, 130.3212890625, 36.79124450683594)",POINT (0.5307741761207581 0.3642237484455109),,,,,,,,,,,,,,,,,,,,,,,,,,,,,,,,,,,,,,,,,,,,,,,,1,
0,11,15,65330390129,1529250265,1,1,"(0.5512718558311462, 0.3764537274837494)","(0.5188175439834595, 0.2795266807079315)",1,1,3.0016326904296875,2.46331787109375,"(-54.87196350097656, -21.830509185791016, 655.8865966796875)","(9.820488929748535, -23.510517120361328, 661.3294067382812)","(18.038291931152344, 131.7313690185547, 37.304508209228516)","(6.79169225692749, 149.48562622070312, 43.76652908325195)",POINT (0.5350446999073029 0.3279902040958404),,,,,,,,,,,,,,,,,,,,,,,,,,,,,,,,,,,,,,,,,,,,,,,,1,
0,11,15,65330406797,1529266932,1,1,"(0.6023986339569092, 0.6157930493354797)","(0.48564738035202026, 0.4114571511745453)",1,1,2.4292755126953125,2.611907958984375,"(-54.906700134277344, -21.69119644165039, 655.771240234375)","(9.799254417419434, -23.365619659423828, 661.22021484375)","(35.755592346191406, 87.89128875732422, 21.348033905029297)","(-4.702981948852539, 125.31974792480469, 34.97089767456055)",POINT (0.5440230071544647 0.5136251002550125),,,,,,,,,,,,,,,,,,,,,,,,,,,,,,,,,,,,,,,,,,,,,,,,1,
0,11,15,65330540129,1529400260,1,1,"(0.4799835979938507, 0.5153034925460815)","(0.40708664059638977, 0.2882441580295563)",1,1,2.751449584960937,2.3954010009765625,"(-54.84825897216797, -21.60323715209961, 655.69677734375)","(9.811080932617188, -23.460716247558594, 660.9066162109375)","(-6.665680408477783, 106.29808044433594, 28.047569274902344)","(-31.927152633666992, 147.8888397216797, 43.18534469604492)",POINT (0.4435351192951202 0.4017738252878189),,,,,,,,,,,,,,,,,,,,,,,,,,,,,,,,,,,,,,,,,,,,,,,,,
0,11,15,65330556805,1529416936,1,1,"(0.46113497018814087, 0.42079007625579834)","(0.40646323561668396, 0.3032461106777191)",1,1,2.8958740234375,2.33465576171875,"(-54.81968307495117, -21.6695613861084, 655.5821533203125)","(9.827908515930176, -23.51698875427246, 660.9060668945312)","(-13.197437286376953, 123.61023712158203, 34.348663330078125)","(-32.143184661865234, 145.14093017578125, 42.1851921081543)",POINT (0.4337991029024124 0.3620180934667587),,,,,,,,,,,,,,,,,,,,,,,,,,,,,,,,,,,,,,,,,,,,,,,,,
0,11,15,65330590139,1529450269,1,1,"(0.4475657343864441, 0.43130889534950256)","(0.4111937880516052, 0.3324112296104431)",1,1,2.9291229248046875,2.4066925048828125,"(-54.785423278808594, -21.728145599365234, 655.2396850585938)","(9.853617668151855, -23.581140518188477, 661.09814453125)","(-17.89967155456543, 121.6834945678711, 33.64739990234375)","(-30.503868103027344, 139.7987060546875, 40.24076843261719)",POINT (0.4293797612190247 0.3818600624799728),,,,,,,,,,,,,,,,,,,,,,,,,,,,,,,,,,,,,,,,,,,,,,,,,
0,11,15,65330606806,1529466935,1,1,"(0.4515606164932251, 0.43275880813598633)","(0.4116145372390747, 0.43542057275772095)",1,1,2.91156005859375,2.5682525634765625,"(-54.79705047607422, -21.74151611328125, 655.1893310546875)","(9.849706649780273, -23.591259002685547, 661.110107421875)","(-16.515295028686523, 121.41790771484375, 33.550743103027344)","(-30.358064651489258, 120.93033599853516, 33.373291015625)",POINT (0.4315875768661499 0.4340896904468536),,,,,,,,,,,,,,,,,,,,,,,,,,,,,,,,,,,,,,,,,,,,,,,,,
0,11,15,65330623473,1529483602,1,1,"(0.4547586441040039, 0.45173391699790955)","(0.4051922559738159, 0.32220494747161865)",1,1,2.942413330078125,2.381103515625,"(-54.81725311279297, -21.781639099121094, 655.2696533203125)","(9.840902328491211, -23.607501983642578, 660.9779052734375)","(-15.407052993774414, 117.94219970703125, 32.28569412231445)","(-32.58363342285156, 141.668212890625, 40.92118453979492)",POINT (0.4299754500389099 0.3869694322347641),,,,,,,,,,,,,,,,,,,,,,,,,,,,,,,,,,,,,,,,,,,,,,,,,
0,11,15,65330640141,1529500269,1,1,"(0.4572724997997284, 0.4367007911205292)","(0.4080146253108978, 0.2955019176006317)",1,1,2.9486846923828125,2.3470001220703125,"(-54.83061218261719, -21.828052520751953, 655.3040161132812)","(9.816349983215332, -23.61692237854004, 660.7495727539062)","(-14.535907745361328, 120.69585418701172, 33.28789138793945)","(-31.605573654174805, 146.55941772460938, 42.701515197753906)",POINT (0.4326435625553131 0.3661013543605804),,,,,,,,,,,,,,,,,,,,,,,,,,,,,,,,,,,,,,,,,,,,,,,,,
0,11,15,65330656811,1529516939,1,1,"(0.4510934352874756, 0.3966546356678009)","(0.40619415044784546, 0.29233670234680176)",1,1,2.95074462890625,2.352020263671875,"(-54.85462188720703, -21.8997802734375, 655.228271484375)","(9.798192977905273, -23.638639450073242, 660.6536865234375)","(-16.677200317382812, 128.03114318847656, 35.957763671875)","(-32.23643112182617, 147.1392059326172, 42.91249465942383)",POINT (0.4286437928676605 0.3444956690073013),,,,,,,,,,,,,,,,,,,,,,,,,,,,,,,,,,,,,,,,,,,,,,,,1,
0,11,15,65330673479,1529533606,1,1,"(0.4538964033126831, 0.40243637561798096)","(0.4006703197956085, 0.3042270839214325)",1,1,2.9722442626953125,2.401107788085937,"(-54.87110137939453, -21.93585205078125, 655.2734375)","(9.793228149414062, -23.668928146362305, 660.67822265625)","(-15.705852508544922, 126.97210693359375, 35.57229232788086)","(-34.15064239501953, 144.9612274169922, 42.119789123535156)",POINT (0.4272833615541458 0.3533317297697067),,,,,,,,,,,,,,,,,,,,,,,,,,,,,,,,,,,,,,,,,,,,,,,,,
0,11,15,65330690146,1529550273,1,1,"(0.4481842815876007, 0.3993210196495056)","(0.4001922309398651, 0.4753735363483429)",1,1,2.95501708984375,2.6682281494140625,"(-54.88996124267578, -21.95622444152832, 655.318603515625)","(9.777666091918945, -23.70320701599121, 660.7513427734375)","(-17.685319900512695, 127.54273986816406, 35.77997589111328)","(-34.31632995605469, 113.61212921142578, 30.709627151489258)",POINT (0.4241882562637329 0.4373472779989243),,,,,,,,,,,,,,,,,,,,,,,,,,,,,,,,,,,,,,,,,,,,,,,,,
0,11,15,65330706814,1529566940,1,1,"(0.4482547640800476, 0.42461949586868286)","(0.40494856238365173, 0.28334107995033264)",1,1,2.9976043701171875,2.4110260009765625,"(-54.90040969848633, -21.97119140625, 655.2444458007812)","(9.760435104370117, -23.722919464111328, 660.66748046875)","(-17.660898208618164, 122.90879821777344, 34.09333419799805)","(-32.668067932128906, 148.7869415283203, 43.51224136352539)",POINT (0.4266016632318497 0.3539802879095078),,,,,,,,,,,,,,,,,,,,,,,,,,,,,,,,,,,,,,,,,,,,,,,,,
0,11,15,65330740147,1529600272,1,1,"(0.4543423354625702, 0.4226491451263428)","(0.40258046984672546, 0.4216780960559845)",1,1,3.03228759765625,2.6456451416015625,"(-54.89714813232422, -22.021974563598633, 655.2333374023438)","(9.754644393920898, -23.774234771728516, 660.5224609375)","(-15.551328659057617, 123.26969909667969, 34.22475051879883)","(-33.488704681396484, 123.44757080078125, 34.28947448730469)",POINT (0.4284614026546478 0.4221636205911636),,,,,,,,,,,,,,,,,,,,,,,,,,,,,,,,,,,,,,,,,,,,,,,,,
0,11,15,65330756814,1529616939,1,1,"(0.4574810564517975, 0.4133349657058716)","(0.40577951073646545, 0.41497358679771423)",1,1,3.017913818359375,2.6105194091796875,"(-54.897621154785156, -22.050506591796875, 655.2933349609375)","(9.755779266357422, -23.79676055908203, 660.55810546875)","(-14.46363353729248, 124.97579956054688, 34.84567642211914)","(-32.38010787963867, 124.67565155029297, 34.73641586303711)",POINT (0.4316302835941315 0.4141542762517929),,,,,,,,,,,,,,,,,,,,,,,,,,,,,,,,,,,,,,,,,,,,,,,,,
0,11,15,65330773482,1529633606,1,1,"(0.4550705850124359, 0.3953581154346466)","(0.4045941233634949, 0.46132558584213257)",1,1,3.005355834960937,2.70965576171875,"(-54.87730026245117, -22.077152252197266, 655.3690185546875)","(9.77407455444336, -23.80463218688965, 660.7384033203125)","(-15.29896068572998, 128.26864624023438, 36.044151306152344)","(-32.7908935546875, 116.18527221679688, 31.64625358581543)",POINT (0.4298323541879654 0.4283418506383896),,,,,,,,,,,,,,,,,,,,,,,,,,,,,,,,,,,,,,,,,,,,,,,,,
0,11,15,65330790146,1529650270,1,1,"(0.45542365312576294, 0.39579781889915466)","(0.4053603708744049, 0.4209243655204773)",1,1,3.0511016845703125,2.6320953369140625,"(-54.842708587646484, -22.102645874023438, 655.42333984375)","(9.793083190917969, -23.81529998779297, 660.9068603515625)","(-15.17661190032959, 128.18809509277344, 36.01485061645508)","(-32.525367736816406, 123.58563232421875, 34.3397216796875)",POINT (0.4303920120000839 0.408361092209816),,,,,,,,,,,,,,,,,,,,,,,,,,,,,,,,,,,,,,,,,,,,,,,,,
0,11,15,65330806822,1529666945,1,1,"(0.4497790038585663, 0.4112805128097534)","(0.4138784110546112, 0.4212539494037628)",1,1,3.067977905273437,2.6368560791015625,"(-54.807289123535156, -22.10367202758789, 655.5015869140625)","(9.811376571655273, -23.820159912109375, 661.039306640625)","(-17.1326847076416, 125.35209655761719, 34.98268127441406)","(-29.57355499267578, 123.52526092529297, 34.3177604675293)",POINT (0.4318287074565888 0.4162672311067581),,,,,,,,,,,,,,,,,,,,,,,,,,,,,,,,,,,,,,,,,,,,,,,,,
0,11,15,65330823489,1529683612,1,1,"(0.4513857662677765, 0.4055062234401703)","(0.411695659160614, 0.4649691581726074)",1,1,3.0689239501953125,2.7276763916015625,"(-54.76103591918945, -22.11163902282715, 655.4132080078125)","(9.850645065307617, -23.836576461791992, 661.0144653320312)","(-16.575885772705078, 126.4097900390625, 35.36762237548828)","(-30.329957962036133, 115.51789093017578, 31.4033145904541)",POINT (0.4315407127141952 0.4352376908063888),,,,,,,,,,,,,,,,,,,,,,,,,,,,,,,,,,,,,,,,,,,,,,,,,
0,11,15,65330840156,1529700278,1,1,"(0.5119385123252869, 0.5959829688072205)","(0.4622233808040619, 0.7125929594039917)",1,1,3.0824737548828125,2.7357635498046875,"(-54.50961685180664, -22.341428756713867, 655.34814453125)","(9.919044494628906, -24.058324813842773, 660.8922119140625)","(4.407859802246094, 91.51991271972656, 22.668758392333984)","(-12.820256233215332, 70.16032409667969, 14.89450740814209)",POINT (0.4870809465646744 0.6542879641056061),,,,,,,,,,,,,,,,,,,,,,,,,,,,,,,,,,,,,,,,,,,,,,,,,1
0,11,15,65330856823,1529716945,1,1,"(0.5072153806686401, 0.6271896362304688)","(0.4626429080963135, 0.6771448254585266)",1,1,3.083953857421875,2.726715087890625,"(-54.412113189697266, -22.397680282592773, 655.352783203125)","(9.962653160095215, -24.164865493774414, 660.9263916015625)","(2.771131753921509, 85.80374145507812, 20.588275909423828)","(-12.674869537353516, 76.65340423583984, 17.25777816772461)",POINT (0.4849291443824768 0.6521672308444977),,,,,,,,,,,,,,,,,,,,,,,,,,,,,,,,,,,,,,,,,,,,,,,,,1
0,11,15,65330873491,1529733612,1,1,"(0.5076305270195007, 0.6240426301956177)","(0.47995129227638245, 0.697250247001648)",1,1,3.0202178955078125,2.7305145263671875,"(-54.43866729736328, -22.40007781982422, 655.372314453125)","(10.026352882385254, -24.19195556640625, 660.9251708984375)","(2.9149978160858154, 86.38019561767578, 20.798067092895508)","(-6.676880836486816, 72.97066497802734, 15.917374610900879)",POINT (0.4937909096479416 0.6606464385986328),,,,,,,,,,,,,,,,,,,,,,,,,,,,,,,,,,,,,,,,,,,,,,,,,1
0,11,15,65330890157,1529750278,1,1,"(0.5050030946731567, 0.6194279789924622)","(0.4664047658443451, 0.6998409628868103)",1,1,3.015106201171875,2.772369384765625,"(-54.4083366394043, -22.397043228149414, 655.3172607421875)","(10.051719665527344, -24.197439193725586, 660.960205078125)","(2.004483222961426, 87.22545623779297, 21.105709075927734)","(-11.371253967285156, 72.49612426757812, 15.74465560913086)",POINT (0.4857039302587509 0.6596344709396362),,,,,,,,,,,,,,,,,,,,,,,,,,,,,,,,,,,,,,,,,,,,,,,,,1
0,11,15,65330906825,1529766945,1,1,"(0.5048305988311768, 0.6352118253707886)","(0.4615219235420227, 0.696948766708374)",1,1,3.059417724609375,2.7449951171875,"(-54.401329040527344, -22.39925193786621, 655.2462768554688)","(10.090829849243164, -24.225051879882812, 661.1028442382812)","(1.944709300994873, 84.33432006835938, 20.053430557250977)","(-13.063337326049805, 73.02587127685547, 15.937488555908203)",POINT (0.4831762611865997 0.6660802960395813),,,,,,,,,,,,,,,,,,,,,,,,,,,,,,,,,,,,,,,,,,,,,,,,,1
0,11,15,65330923496,1529783616,1,1,"(0.5061217546463013, 0.6291492581367493)","(0.4713505804538727, 0.6932644844055176)",1,1,3.0332183837890625,2.7302703857421875,"(-54.384525299072266, -22.405563354492188, 655.2734375)","(10.136180877685547, -24.235679626464844, 660.6552734375)","(2.392150640487671, 85.44480895996094, 20.457590103149414)","(-9.657349586486816, 73.70074462890625, 16.183080673217773)",POINT (0.488736167550087 0.6612068712711334),,,,,,,,,,,,,,,,,,,,,,,,,,,,,,,,,,,,,,,,,,,,,,,,,1
0,11,15,65330940164,1529800283,1,1,"(0.5046455264091492, 0.6473090052604675)","(0.4616479277610779, 0.6990535259246826)",1,1,3.0407257080078125,2.722808837890625,"(-54.37232971191406, -22.409053802490234, 655.2391967773438)","(10.161111831665039, -24.23613739013672, 660.365966796875)","(1.880565881729126, 82.11845397949219, 19.246915817260742)","(-13.019675254821777, 72.64033508300781, 15.79715347290039)",POINT (0.4831467270851135 0.6731812655925751),,,,,,,,,,,,,,,,,,,,,,,,,,,,,,,,,,,,,,,,,,,,,,,,,1
0,11,15,65330956829,1529816949,1,1,"(0.5023875832557678, 0.6186907291412354)","(0.47362226247787476, 0.689780592918396)",1,1,3.0220489501953125,2.7138671875,"(-54.35810852050781, -22.39672088623047, 655.228515625)","(10.174338340759277, -24.232097625732422, 660.29296875)","(1.0981061458587646, 87.36051940917969, 21.154857635498047)","(-8.870121002197266, 74.3388900756836, 16.415359497070312)",POINT (0.4880049228668213 0.6542356610298157),,,,,,,,,,,,,,,,,,,,,,,,,,,,,,,,,,,,,,,,,,,,,,,,,1
0,11,15,65330973497,1529833616,1,1,"(0.49751418828964233, 0.6217489242553711)","(0.47119370102882385, 0.6929304599761963)",1,1,3.0009002685546875,2.699081420898437,"(-54.34468078613281, -22.38525390625, 655.0633544921875)","(10.180599212646484, -24.23028564453125, 660.3291015625)","(-0.5906912088394165, 86.80033874511719, 20.95094871520996)","(-9.711714744567871, 73.76190948486328, 16.205411911010742)",POINT (0.4843539446592331 0.6573396921157837),,,,,,,,,,,,,,,,,,,,,,,,,,,,,,,,,,,,,,,,,,,,,,,,,1
0,11,15,65330990164,1529850283,1,1,"(0.5036736130714417, 0.6163420677185059)","(0.45947369933128357, 0.6722037196159363)",1,1,3.010162353515625,2.7160797119140625,"(-54.355743408203125, -22.375701904296875, 655.0491943359375)","(10.176687240600586, -24.22248077392578, 660.461669921875)","(1.5437651872634888, 87.79072570800781, 21.311429977416992)","(-13.773119926452637, 77.55847930908203, 17.587182998657227)",POINT (0.4815736562013626 0.6442728936672211),,,,,,,,,,,,,,,,,,,,,,,,,,,,,,,,,,,,,,,,,,,,,,,,,1
0,11,15,65331006831,1529866949,1,1,"(0.5030556321144104, 0.6159358620643616)","(0.47552919387817383, 0.6961764693260193)",1,1,3.01318359375,2.712310791015625,"(-54.3986930847168, -22.361757278442383, 655.066162109375)","(10.135079383850098, -24.18592071533203, 660.583251953125)","(1.3296151161193848, 87.86512756347656, 21.33854866027832)","(-8.209305763244629, 73.16735076904297, 15.988950729370117)",POINT (0.4892924129962921 0.6560561656951904),,,,,,,,,,,,,,,,,,,,,,,,,,,,,,,,,,,,,,,,,,,,,,,,,1
0,11,15,65331023498,1529883616,1,1,"(0.5141915082931519, 0.6111695766448975)","(0.480010449886322, 0.7171253561973572)",1,1,3.006576538085937,2.716400146484375,"(-54.458595275878906, -22.346067428588867, 655.091796875)","(10.084798812866211, -24.167455673217773, 660.6934814453125)","(5.188602447509766, 88.73816680908203, 21.656295776367188)","(-6.656371593475342, 69.33010864257812, 14.59233570098877)",POINT (0.4971009790897369 0.6641474664211273),,,,,,,,,,,,,,,,,,,,,,,,,,,,,,,,,,,,,,,,,,,,,,,,,1
0,11,15,65331040167,1529900284,1,1,"(0.4919220209121704, 0.6194502711296082)","(0.4648488163948059, 0.6772934794425964)",1,1,2.973251342773437,2.650985717773437,"(-54.509456634521484, -22.340595245361328, 655.1678466796875)","(10.035158157348633, -24.137351989746094, 660.623291015625)","(-2.528595209121704, 87.22138214111328, 21.10420799255371)","(-11.910451889038086, 76.62617492675781, 17.247894287109375)",POINT (0.4783854186534882 0.6483718752861023),,,,,,,,,,,,,,,,,,,,,,,,,,,,,,,,,,,,,,,,,,,,,,,,,1
0,11,15,65331056834,1529916951,1,1,"(0.4999502897262573, 0.6116781830787659)","(0.45987337827682495, 0.7113326191902161)",1,1,2.98516845703125,2.66815185546875,"(-54.57414245605469, -22.343969345092773, 655.144287109375)","(9.977150917053223, -24.091785430908203, 660.5767822265625)","(0.25351282954216003, 88.64500427246094, 21.622373580932617)","(-13.634613037109375, 70.39118194580078, 14.978523254394531)",POINT (0.4799118340015411 0.661505401134491),,,,,,,,,,,,,,,,,,,,,,,,,,,,,,,,,,,,,,,,,,,,,,,,,1
0,11,15,65331073502,1529933618,1,1,"(0.5011563301086426, 0.6128650903701782)","(0.4564962387084961, 0.7268882989883423)",1,1,3.0041656494140625,2.698760986328125,"(-54.674442291259766, -22.334104537963867, 655.1760864257812)","(9.89681625366211, -24.065494537353516, 660.6395263671875)","(0.6714260578155518, 88.4276123046875, 21.5432186126709)","(-14.804912567138672, 67.54181671142578, 13.94143295288086)",POINT (0.4788262844085693 0.6698766946792603),,,,,,,,,,,,,,,,,,,,,,,,,,,,,,,,,,,,,,,,,,,,,,,,,1
0,11,15,65331090168,1529950284,1,1,"(0.5056565999984741, 0.6189197897911072)","(0.4576227068901062, 0.7092060446739197)",1,1,2.9996795654296875,2.68243408203125,"(-54.72165298461914, -22.33919906616211, 655.2402954101562)","(9.839327812194824, -24.066497802734375, 660.737060546875)","(2.2309398651123047, 87.31855773925781, 21.139564514160156)","(-14.414554595947266, 70.78072357177734, 15.12028694152832)",POINT (0.4816396534442902 0.6640629172325134),,,,,,,,,,,,,,,,,,,,,,,,,,,,,,,,,,,,,,,,,,,,,,,,,1
0,11,15,65331106836,1529966951,1,1,"(0.4913550913333893, 0.6094443798065186)","(0.4678455889225006, 0.7082858085632324)",1,1,2.9757080078125,2.6612548828125,"(-54.77694320678711, -22.341615676879883, 655.315185546875)","(9.767303466796875, -24.036964416503906, 660.521484375)","(-2.725069999694824, 89.0541763305664, 21.77131462097168)","(-10.871953964233398, 70.94927215576172, 15.181665420532227)",POINT (0.479600340127945 0.6588650941848755),,,,,,,,,,,,,,,,,,,,,,,,,,,,,,,,,,,,,,,,,,,,,,,,,1
0,11,15,65331123502,1529983617,1,1,"(0.49831441044807434, 0.6106734275817871)","(0.4642879366874695, 0.7041090726852417)",1,1,2.9766998291015625,2.651840209960937,"(-54.831581115722656, -22.343843460083008, 655.3779296875)","(9.733834266662598, -24.022523880004883, 660.365966796875)","(-0.31339582800865173, 88.82904052734375, 21.68937873840332)","(-12.104815483093262, 71.71431732177734, 15.460112571716309)",POINT (0.4813011735677719 0.6573912501335144),,,,,,,,,,,,,,,,,,,,,,,,,,,,,,,,,,,,,,,,,,,,,,,,,1
0,11,15,65331140170,1530000284,1,1,"(0.5040062069892883, 0.6140533089637756)","(0.44681742787361145, 0.6945548057556152)",1,1,2.9686279296875,2.63726806640625,"(-54.871829986572266, -22.326602935791016, 655.262939453125)","(9.709633827209473, -24.021207809448242, 660.4270629882812)","(1.659035325050354, 88.20994567871094, 21.464035034179688)","(-18.158987045288086, 73.46439361572266, 16.097091674804688)",POINT (0.4754118174314499 0.6543040573596954),,,,,,,,,,,,,,,,,,,,,,,,,,,,,,,,,,,,,,,,,,,,,,,,,1
0,11,15,65331156837,1530016951,1,1,"(0.5050035715103149, 0.612644374370575)","(0.46805161237716675, 0.7177892327308655)",1,1,2.9423980712890625,2.6490936279296875,"(-54.90936279296875, -22.312496185302734, 655.1361083984375)","(9.658333778381348, -24.02613067626953, 661.091552734375)","(2.0046322345733643, 88.46803283691406, 21.557939529418945)","(-10.800557136535645, 69.20850372314453, 14.548080444335938)",POINT (0.4865275919437408 0.6652168035507202),,,,,,,,,,,,,,,,,,,,,,,,,,,,,,,,,,,,,,,,,,,,,,,,,1
0,11,15,65331173511,1530033624,1,1,"(0.4908876419067383, 0.617010235786438)","(0.4640570878982544, 0.6862452626228333)",1,1,2.9486236572265625,2.66015625,"(-54.944358825683594, -22.311269760131836, 655.1661376953125)","(9.59872055053711, -24.01482391357422, 660.9730834960938)","(-2.887040376663208, 87.66835021972656, 21.266862869262695)","(-12.18480396270752, 74.9864730834961, 16.65106201171875)",POINT (0.4774723649024963 0.6516277492046356),,,,,,,,,,,,,,,,,,,,,,,,,,,,,,,,,,,,,,,,,,,,,,,,,1
0,11,15,65331190178,1530050291,1,1,"(0.4313759505748749, 0.501355767250061)","(0.4163660407066345, 0.576561450958252)",1,1,2.946075439453125,2.659027099609375,"(-55.110233306884766, -22.133358001708984, 655.2574462890625)","(9.418371200561523, -23.8164005279541, 661.195068359375)","(-23.510025024414062, 108.85289001464844, 28.97748565673828)","(-28.71149253845215, 95.07737731933594, 23.96356964111328)",POINT (0.4238709956407547 0.5389586091041565),,,,,,,,,,,,,,,,,,,,,,,,,,,,,,,,,,,,,,,,,,,,,,,,1,
0,11,15,65331206846,1530066958,1,1,"(0.4159949719905853, 0.3047369122505188)","(0.39640143513679504, 0.30023327469825745)",1,1,2.8749542236328125,2.489776611328125,"(-55.201377868652344, -21.78693962097168, 655.5900268554688)","(9.146961212158203, -23.510351181030273, 660.8170776367188)","(-28.840087890625, 144.86782836914062, 42.085838317871094)","(-35.62995910644531, 145.69276428222656, 42.386077880859375)",POINT (0.4061982035636902 0.3024850934743881),,,,,,,,,,,,,,,,,,,,,,,,,,,,,,,,,,,,,,,,,,,,,,,,1,
0,11,15,65331223512,1530083624,1,1,"(0.4194706082344055, 0.28638237714767456)","(0.38937366008758545, 0.28876540064811707)",1,1,2.9561767578125,2.517196655273437,"(-55.2353515625, -21.743776321411133, 655.7646484375)","(9.056217193603516, -23.413476943969727, 660.8194580078125)","(-27.63565444946289, 148.22984313964844, 43.30951690673828)","(-38.06534194946289, 147.79335021972656, 43.150611877441406)",POINT (0.4044221341609955 0.2875738888978958),,,,,,,,,,,,,,,,,,,,,,,,,,,,,,,,,,,,,,,,,,,,,,,1,1,
0,11,15,65331240180,1530100291,1,1,"(0.4178955554962158, 0.2785074710845947)","(0.3863627314567566, 0.2170359343290329)",1,1,2.932861328125,2.4892578125,"(-55.279747009277344, -21.788354873657227, 655.6007080078125)","(9.064127922058105, -23.531078338623047, 660.6859741210938)","(-28.18146324157715, 149.6723175048828, 43.83446502685547)","(-39.10873031616211, 160.93212890625, 47.93272399902344)",POINT (0.4021291434764862 0.2477717027068138),,,,,,,,,,,,,,,,,,,,,,,,,,,,,,,,,,,,,,,,,,,,,,,1,1,
0,11,15,65331256847,1530116958,1,1,"(0.4203873872756958, 0.2635086178779602)","(0.3816477060317993, 0.21410313248634338)",1,1,2.8961181640625,2.4984588623046875,"(-55.336692810058594, -21.819618225097656, 655.5426025390625)","(9.043460845947266, -23.55448341369629, 660.5291748046875)","(-27.317951202392578, 152.419677734375, 44.834442138671875)","(-40.74266815185547, 161.46934509277344, 48.12825012207031)",POINT (0.4010175466537476 0.2388058751821518),,,,,,,,,,,,,,,,,,,,,,,,,,,,,,,,,,,,,,,,,,,,,,,,1,
0,11,15,65331273515,1530133625,1,1,"(0.4191311001777649, 0.22927530109882355)","(0.3762211501598358, 0.22220145165920258)",1,1,2.863067626953125,2.4732818603515625,"(-55.361854553222656, -21.866600036621094, 655.25)","(9.032148361206055, -23.571365356445312, 660.553466796875)","(-27.753320693969727, 158.6902313232422, 47.116764068603516)","(-42.623172760009766, 159.98597717285156, 47.58835220336914)",POINT (0.3976761251688004 0.2257383763790131),,,,,,,,,,,,,,,,,,,,,,,,,,,,,,,,,,,,,,,,,,,,,,,,1,
0,11,15,65331290181,1530150291,1,1,"(0.42221876978874207, 0.2792658805847168)","(0.37732383608818054, 0.22533877193927765)",1,1,2.9501953125,2.468353271484375,"(-55.40071105957031, -21.893165588378906, 655.3517456054688)","(9.026333808898926, -23.578527450561523, 660.6019897460938)","(-26.683317184448242, 149.5334014892578, 43.7839469909668)","(-42.241050720214844, 159.41127014160156, 47.37923812866211)",POINT (0.3997713029384613 0.2523023262619972),,,,,,,,,,,,,,,,,,,,,,,,,,,,,,,,,,,,,,,,,,,,,,,1,1,
0,11,15,65331306855,1530166964,1,1,"(0.4144425392150879, 0.2337353527545929)","(0.3810778558254242, 0.2379375845193863)",1,1,2.889892578125,2.4852752685546875,"(-55.460044860839844, -21.917457580566406, 655.6064453125)","(9.004344940185547, -23.58689308166504, 660.8678588867188)","(-29.378068923950195, 157.873291015625, 46.81939697265625)","(-40.94014358520508, 157.10354614257812, 46.53925323486328)",POINT (0.397760197520256 0.2358364686369896),,,,,,,,,,,,,,,,,,,,,,,,,,,,,,,,,,,,,,,,,,,,,,,,1,
0,11,15,65331323521,1530183630,1,1,"(0.42536023259162903, 0.2618635296821594)","(0.3956330716609955, 0.20716401934623718)",1,1,2.928070068359375,2.496932983398437,"(-55.463783264160156, -21.843372344970703, 655.6175537109375)","(8.986361503601074, -23.540069580078125, 660.771728515625)","(-25.59467887878418, 152.72100830078125, 44.944122314453125)","(-35.896236419677734, 162.7404022216797, 48.590877532958984)",POINT (0.4104966521263123 0.2345137745141983),,,,,,,,,,,,,,,,,,,,,,,,,,,,,,,,,,,,,,,,,,,,,,,,1,
0,11,15,65331340189,1530200297,1,1,"(0.45421451330184937, 0.2407415509223938)","(0.41624075174331665, 0.19153493642807007)",1,1,2.947494506835937,2.50732421875,"(-55.37789535522461, -21.781423568725586, 655.5357666015625)","(8.999716758728027, -23.477962493896484, 660.7000732421875)","(-15.59561538696289, 156.58993530273438, 46.352325439453125)","(-28.754926681518555, 165.60317993164062, 49.63288497924805)",POINT (0.435227632522583 0.2161382436752319),,,,,,,,,,,,,,,,,,,,,,,,,,,,,,,,,,,,,,,,,,,,,,,,1,
0,11,15,65331356856,1530216964,1,1,"(0.4462663531303406, 0.23554258048534393)","(0.4127865135669708, 0.17932850122451782)",1,1,2.9239501953125,2.479965209960937,"(-55.37993621826172, -21.793058395385742, 655.5234375)","(9.028258323669434, -23.51344871520996, 660.5904541015625)","(-18.349952697753906, 157.542236328125, 46.698936462402344)","(-29.95193862915039, 167.83905029296875, 50.44662857055664)",POINT (0.4295264333486557 0.2074355408549309),,,,,,,,,,,,,,,,,,,,,,,,,,,,,,,,,,,,,,,,,,,,,,,,,
0,11,15,65331373523,1530233630,1,1,"(0.45348215103149414, 0.23006877303123474)","(0.40903040766716003, 0.17124605178833008)",1,1,2.945785522460937,2.486541748046875,"(-55.410362243652344, -21.808494567871094, 655.5662231445312)","(9.03342056274414, -23.527877807617188, 660.5538330078125)","(-15.849411010742188, 158.54489135742188, 47.06385040283203)","(-31.253564834594727, 169.3195343017578, 50.98546600341797)",POINT (0.4312562793493271 0.2006574124097824),,,,,,,,,,,,,,,,,,,,,,,,,,,,,,,,,,,,,,,,,,,,,,,,,
0,11,15,65331390190,1530250297,1,1,"(0.45137208700180054, 0.214264377951622)","(0.4145723581314087, 0.1799725890159607)",1,1,2.898681640625,2.495880126953125,"(-55.41010284423828, -21.80638885498047, 655.5543212890625)","(9.047100067138672, -23.53256607055664, 660.5655517578125)","(-16.58063507080078, 161.43980407714844, 48.11751937866211)","(-29.33307456970215, 167.72108459472656, 50.4036979675293)",POINT (0.4329722225666046 0.1971184834837914),,,,,,,,,,,,,,,,,,,,,,,,,,,,,,,,,,,,,,,,,,,,,,,1,,
0,11,15,65331406858,1530266964,1,1,"(0.4514816701412201, 0.21614553034305573)","(0.4130834639072418, 0.16986483335494995)",1,1,2.90142822265625,2.4733428955078125,"(-55.41571044921875, -21.811506271362305, 655.529296875)","(9.056533813476562, -23.539274215698242, 660.5171508789062)","(-16.54264259338379, 161.09523010253906, 47.992103576660156)","(-29.84904670715332, 169.57252502441406, 51.07760238647461)",POINT (0.432282567024231 0.1930051818490028),,,,,,,,,,,,,,,,,,,,,,,,,,,,,,,,,,,,,,,,,,,,,,,1,,
0,11,15,65331423525,1530283631,1,1,"(0.454032301902771, 0.185248464345932)","(0.4125189781188965, 0.1719886064529419)",1,1,2.8360595703125,2.50128173828125,"(-55.421016693115234, -21.805362701416016, 655.4928588867188)","(9.059596061706543, -23.537288665771484, 660.505126953125)","(-15.658761978149414, 166.7546844482422, 50.05195236206055)","(-30.04465103149414, 169.1835174560547, 50.935997009277344)",POINT (0.4332756400108337 0.178618535399437),,,,,,,,,,,,,,,,,,,,,,,,,,,,,,,,,,,,,,,,,,,,,,,1,,
0,11,15,65331440197,1530300302,1,1,"(0.44230562448501587, 0.21158985793590546)","(0.4158290922641754, 0.17374564707279205)",1,1,2.8861236572265625,2.50518798828125,"(-55.42761993408203, -21.803009033203125, 655.5031127929688)","(9.061248779296875, -23.53827667236328, 660.4330444335938)","(-19.722488403320312, 161.92971801757812, 48.29578399658203)","(-28.8975772857666, 168.86167907714844, 50.81884002685547)",POINT (0.4290673583745956 0.1926677525043488),,,,,,,,,,,,,,,,,,,,,,,,,,,,,,,,,,,,,,,,,,,,,,,1,,
0,11,15,65331456864,1530316969,1,1,"(0.4492471516132355, 0.1669960469007492)","(0.41460946202278137, 0.1713283210992813)",1,1,2.823211669921875,2.4992828369140625,"(-55.442100524902344, -21.795791625976562, 655.5247192382812)","(9.055693626403809, -23.52768325805664, 660.4451904296875)","(-17.317007064819336, 170.09799194335938, 51.26887512207031)","(-29.320232391357422, 169.30445861816406, 50.98002624511719)",POINT (0.4319283068180084 0.1691621840000153),,,,,,,,,,,,,,,,,,,,,,,,,,,,,,,,,,,,,,,,,,,,,,,1,,
0,11,15,65331473531,1530333635,1,1,"(0.45113205909729004, 0.1768915355205536)","(0.41141819953918457, 0.1903236359357834)",1,1,2.8467254638671875,2.495223999023437,"(-55.45915222167969, -21.78984832763672, 655.5098876953125)","(9.048971176147461, -23.519412994384766, 660.4212036132812)","(-16.663801193237305, 168.2854461669922, 50.609100341796875)","(-30.42610740661621, 165.8250732421875, 49.71358108520508)",POINT (0.4312751293182373 0.1836075857281685),,,,,,,,,,,,,,,,,,,,,,,,,,,,,,,,,,,,,,,,,,,,,,,1,,
0,11,15,65331490198,1530350302,1,1,"(0.4533561170101166, 0.16776558756828308)","(0.4199785888195038, 0.1800096035003662)",1,1,2.8143310546875,2.488311767578125,"(-55.46346664428711, -21.798755645751953, 655.448486328125)","(9.044822692871094, -23.529245376586914, 660.3368530273438)","(-15.893101692199707, 169.95706176757812, 51.217529296875)","(-27.459625244140625, 167.71429443359375, 50.4012451171875)",POINT (0.4366673529148102 0.1738875955343246),,,,,,,,,,,,,,,,,,,,,,,,,,,,,,,,,,,,,,,,,,,,,,,1,,
0,11,15,65331506866,1530366969,1,1,"(0.45434483885765076, 0.19123831391334534)","(0.4174048602581024, 0.18010401725769043)",1,1,2.8421630859375,2.50323486328125,"(-55.47309112548828, -21.79221534729004, 655.4351196289062)","(9.03880786895752, -23.52057456970215, 660.3250732421875)","(-15.550446510314941, 165.6575164794922, 49.65261459350586)","(-28.35150909423828, 167.69700622558594, 50.394981384277344)",POINT (0.4358748495578766 0.1856711655855179),,,,,,,,,,,,,,,,,,,,,,,,,,,,,,,,,,,,,,,,,,,,,,,1,,
0,11,15,65331523533,1530383636,1,1,"(0.4506356716156006, 0.16534894704818726)","(0.41636762022972107, 0.17850375175476074)",1,1,2.8251495361328125,2.5284576416015625,"(-55.483238220214844, -21.8063907623291, 655.4332275390625)","(9.030878067016602, -23.538036346435547, 660.2647705078125)","(-16.83582305908203, 170.3997039794922, 51.37864685058594)","(-28.710947036743164, 167.9901123046875, 50.501644134521484)",POINT (0.4335016459226608 0.171926349401474),,,,,,,,,,,,,,,,,,,,,,,,,,,,,,,,,,,,,,,,,,,,,,,1,,
0,11,15,65331540200,1530400302,1,1,"(0.4504289925098419, 0.1713990718126297)","(0.417321115732193, 0.17395862936973572)",1,1,2.8305816650390625,2.50787353515625,"(-55.474205017089844, -21.808128356933594, 655.3867797851562)","(9.038028717041016, -23.539642333984375, 660.2161865234375)","(-16.907428741455078, 169.29148864746094, 50.97529602050781)","(-28.38053321838379, 168.8226776123047, 50.804630279541016)",POINT (0.4338750541210175 0.1726788505911827),,,,,,,,,,,,,,,,,,,,,,,,,,,,,,,,,,,,,,,,,,,,,,,1,,
0,11,15,65331556866,1530416968,1,1,"(0.44654273986816406, 0.07957568019628525)","(0.4116353392601013, 0.1673765480518341)",1,1,2.688812255859375,2.5142974853515625,"(-55.478607177734375, -21.817371368408203, 655.4100341796875)","(9.043113708496094, -23.551204681396484, 660.1800537109375)","(-18.25416374206543, 186.11090087890625, 57.097084045410156)","(-30.350862503051758, 170.0283203125, 51.243438720703125)",POINT (0.4290890395641327 0.1234761141240597),,,,,,,,,,,,,,,,,,,,,,,,,,,,,,,,,,,,,,,,,,,,,,,,,
0,11,15,65331573536,1530433637,1,1,"(0.5245405435562134, 0.18497350811958313)","(0.4971851408481598, 0.1759870946407318)",1,1,2.891693115234375,2.5334014892578125,"(-55.24631118774414, -21.77651023864746, 655.1610717773438)","(9.240222930908203, -23.538379669189453, 660.4879150390625)","(8.774921417236328, 166.80503845214844, 50.07032012939453)","(-0.704727053642273, 168.45111083984375, 50.66939163208008)",POINT (0.5108628422021866 0.1804803013801575),,,,,,,,,,,,,,,,,,,,,,,,,,,,,,,,,,,,,,,,,,,,,,,1,,
0,11,15,65331590203,1530450304,1,1,"(0.581928551197052, 0.15050072968006134)","(0.563386082649231, 0.16407229006290436)",1,1,2.853866577148437,2.5543975830078125,"(-54.96215057373047, -21.754528045654297, 655.3057250976562)","(9.511667251586914, -23.531810760498047, 660.6014404296875)","(28.661975860595703, 173.11947631835938, 52.368560791015625)","(22.236310958862305, 170.633544921875, 51.46377944946289)",POINT (0.5726573169231415 0.1572865098714828),,,,,,,,,,,,,,,,,,,,,,,,,,,,,,,,,,,,,,,,,,,,,,,1,,
0,11,15,65331606871,1530466971,1,1,"(0.6467679142951965, 0.13504226505756378)","(0.6248959302902222, 0.17782220244407654)",1,1,2.8596343994140625,2.56842041015625,"(-54.75740051269531, -21.733516693115234, 655.305419921875)","(9.647186279296875, -23.502178192138672, 660.9476318359375)","(51.131160736083984, 175.95101928710938, 53.39918518066406)","(43.55173110961914, 168.114990234375, 50.54703903198242)",POINT (0.6358319222927094 0.1564322337508202),,,,,,,,,,,,,,,,,,,,,,,,,,,,,,,,,,,,,,,,,,,,,,,1,,
0,11,15,65331623538,1530483638,1,1,"(0.6474393606185913, 0.14735811948776245)","(0.6210983991622925, 0.16031117737293243)",1,1,2.8706512451171875,2.5697174072265625,"(-54.76112365722656, -21.729232788085938, 655.2192993164062)","(9.651176452636719, -23.508960723876953, 660.9112548828125)","(51.363861083984375, 173.6951141357422, 52.57808303833008)","(42.235748291015625, 171.32249450683594, 51.714473724365234)",POINT (0.6342688798904419 0.1538346484303474),,,,,,,,,,,,,,,,,,,,,,,,,,,,,,,,,,,,,,,,,,,,,,,1,,
0,11,15,65331640205,1530500304,1,1,"(0.651153564453125, 0.08557315170764923)","(0.6233147978782654, 0.16376911103725433)",1,1,2.782012939453125,2.569564819335937,"(-54.763710021972656, -21.739177703857422, 655.218994140625)","(9.674474716186523, -23.52242088317871, 660.8738403320312)","(52.650970458984375, 185.01234436035156, 56.69723129272461)","(43.003807067871094, 170.68911743164062, 51.483924865722656)",POINT (0.6372341811656952 0.1246711313724518),,,,,,,,,,,,,,,,,,,,,,,,,,,,,,,,,,,,,,,,,,,,,,,,,
0,11,15,65331656872,1530516971,1,1,"(0.6564487814903259, 0.0763656347990036)","(0.6207354664802551, 0.1613810956478119)",1,1,2.770004272460937,2.5713653564453125,"(-54.76081466674805, -21.73977279663086, 655.2073974609375)","(9.688342094421387, -23.53351593017578, 660.8131103515625)","(54.485939025878906, 186.69888305664062, 57.31109619140625)","(42.10997772216797, 171.12652587890625, 51.643150329589844)",POINT (0.6385921239852905 0.1188733652234078),,,,,,,,,,,,,,,,,,,,,,,,,,,,,,,,,,,,,,,,,,,,,,,,,
0,11,15,65331673540,1530533638,1,1,"(0.6520923972129822, 0.08565839380025864)","(0.6192796230316162, 0.16159437596797943)",1,1,2.769775390625,2.58502197265625,"(-54.760169982910156, -21.747100830078125, 655.1832885742188)","(9.70142936706543, -23.546924591064453, 660.7402954101562)","(52.97631072998047, 184.99671936035156, 56.6915397644043)","(41.60548782348633, 171.08743286132812, 51.628963470458984)",POINT (0.6356860101222992 0.123626384884119),,,,,,,,,,,,,,,,,,,,,,,,,,,,,,,,,,,,,,,,,,,,,,,,,
0,11,15,65331690206,1530550304,1,1,"(0.653684675693512, 0.1460636705160141)","(0.6146541237831116, 0.14933377504348755)",1,1,2.85223388671875,2.5764617919921875,"(-54.748321533203125, -21.755428314208984, 655.2096557617188)","(9.723244667053223, -23.558513641357422, 660.606689453125)","(53.5280876159668, 173.93222045898438, 52.66436767578125)","(40.002559661865234, 173.33323669433594, 52.44636917114258)",POINT (0.6341693997383118 0.1476987227797508),,,,,,,,,,,,,,,,,,,,,,,,,,,,,,,,,,,,,,,,,,,,,,,1,,
0,11,15,65331706878,1530566975,1,1,"(0.6519733667373657, 0.10955251008272171)","(0.6189252734184265, 0.1554853618144989)",1,1,2.817474365234375,2.567779541015625,"(-54.744659423828125, -21.761619567871094, 655.25830078125)","(9.734830856323242, -23.562204360961914, 660.5098266601562)","(52.935054779052734, 180.62001037597656, 55.09852600097656)","(41.482669830322266, 172.20643615722656, 52.03624725341797)",POINT (0.6354493200778961 0.1325189359486103),,,,,,,,,,,,,,,,,,,,,,,,,,,,,,,,,,,,,,,,,,,,,,,,,
0,11,15,65331723545,1530583642,1,1,"(0.6436764001846313, 0.15719862282276154)","(0.6159864068031311, 0.15038447082042694)",1,1,2.886199951171875,2.5841217041015625,"(-54.727256774902344, -21.77115821838379, 655.2254638671875)","(9.746211051940918, -23.567508697509766, 660.4136962890625)","(50.059837341308594, 171.89260864257812, 51.92205810546875)","(40.46426010131836, 173.14076232910156, 52.376319885253906)",POINT (0.6298314034938812 0.1537915468215942),,,,,,,,,,,,,,,,,,,,,,,,,,,,,,,,,,,,,,,,,,,,,,,1,,
0,11,15,65331740213,1530600309,1,1,"(0.644076943397522, 0.1483020931482315)","(0.6226199865341187, 0.15706808865070343)",1,1,2.8718719482421875,2.570831298828125,"(-54.718414306640625, -21.792020797729492, 655.3109130859375)","(9.755491256713867, -23.572494506835938, 660.4735107421875)","(50.19866180419922, 173.52220153808594, 52.515159606933594)","(42.763023376464844, 171.91651916503906, 51.930747985839844)",POINT (0.6333484649658203 0.1526850908994675),,,,,,,,,,,,,,,,,,,,,,,,,,,,,,,,,,,,,,,,,,,,,,,1,,
0,11,15,65331756880,1530616976,1,1,"(0.6690375804901123, 0.13834084570407867)","(0.6443509459495544, 0.1579742729663849)",1,1,2.8638458251953125,2.5793609619140625,"(-54.636505126953125, -21.767154693603516, 655.2888793945312)","(9.844940185546875, -23.585147857666016, 661.2550048828125)","(58.848426818847656, 175.34681701660156, 53.179264068603516)","(50.293609619140625, 171.7505340576172, 51.87030792236328)",POINT (0.6566942632198334 0.1481575593352318),,,,,,,,,,,,,,,,,,,,,,,,,,,,,,,,,,,,,,,,,,,,,,,1,,
0,11,15,65331773547,1530633642,1,1,"(0.6796120405197144, 0.11004654318094254)","(0.6428733468055725, 0.1466437727212906)",1,1,2.79132080078125,2.568222045898437,"(-54.56132888793945, -21.757694244384766, 655.0729370117188)","(9.903553009033203, -23.589948654174805, 660.903564453125)","(62.51284408569336, 180.52951049804688, 55.06563186645508)","(49.78156661987305, 173.82595825195312, 52.625701904296875)",POINT (0.6612426936626434 0.1283451579511166),,,,,,,,,,,,,,,,,,,,,,,,,,,,,,,,,,,,,,,,,,,,,,,,,
0,11,15,65331790213,1530650309,1,1,"(0.6766217947006226, 0.15080773830413818)","(0.6451366543769836, 0.15146154165267944)",1,1,2.898834228515625,2.564117431640625,"(-54.554813385009766, -21.774229049682617, 655.0259399414062)","(9.921005249023438, -23.595346450805664, 660.7222900390625)","(61.47663497924805, 173.06324768066406, 52.34809875488281)","(50.56588363647461, 172.9434814453125, 52.30451583862305)",POINT (0.6608792245388031 0.1511346399784088),,,,,,,,,,,,,,,,,,,,,,,,,,,,,,,,,,,,,,,,,,,,,,,1,,
0,11,15,65331806881,1530666976,1,1,"(0.6836086511611938, 0.11879491806030273)","(0.6469677686691284, 0.1639098972082138)",1,1,2.8181304931640625,2.5830230712890625,"(-54.549041748046875, -21.768016815185547, 655.0028686523438)","(9.93603229522705, -23.590152740478516, 660.5048217773438)","(63.89783477783203, 178.9270782470703, 54.48235321044922)","(51.20042037963867, 170.663330078125, 51.47454071044922)",POINT (0.6652882099151611 0.1413524076342583),,,,,,,,,,,,,,,,,,,,,,,,,,,,,,,,,,,,,,,,,,,,,,,1,,
0,11,15,65331823547,1530683642,1,1,"(0.6835306286811829, 0.11194870620965958)","(0.6486721634864807, 0.15569402277469635)",1,1,2.819854736328125,2.578460693359375,"(-54.54438781738281, -21.759429931640625, 654.9796142578125)","(9.942399978637695, -23.58293914794922, 660.3719482421875)","(63.870784759521484, 180.18109130859375, 54.938812255859375)","(51.791072845458984, 172.168212890625, 52.022335052490234)",POINT (0.6661013960838318 0.133821364492178),,,,,,,,,,,,,,,,,,,,,,,,,,,,,,,,,,,,,,,,,,,,,,,,,
0,11,15,65331840222,1530700316,1,1,"(0.6882157921791077, 0.10770342499017715)","(0.6519322991371155, 0.14884169399738312)",1,1,2.7978515625,2.5737457275390625,"(-54.54753875732422, -21.74750518798828, 655.039306640625)","(9.948636054992676, -23.573637008666992, 660.287109375)","(65.49437713623047, 180.95870971679688, 55.22183609008789)","(52.92082214355469, 173.42337036132812, 52.47916793823242)",POINT (0.6700740456581116 0.1282725594937801),,,,,,,,,,,,,,,,,,,,,,,,,,,,,,,,,,,,,,,,,,,,,,,,,
0,11,15,65331856889,1530716983,1,1,"(0.6820411086082458, 0.1307479292154312)","(0.6520295739173889, 0.14024820923805237)",1,1,2.83160400390625,2.569183349609375,"(-54.54206848144531, -21.737401962280273, 655.0760498046875)","(9.962251663208008, -23.563419342041016, 660.3350830078125)","(63.35462951660156, 176.7376251220703, 53.68547821044922)","(52.95452880859375, 174.99745178222656, 53.052059173583984)",POINT (0.6670353412628174 0.1354980692267418),,,,,,,,,,,,,,,,,,,,,,,,,,,,,,,,,,,,,,,,,,,,,,,,,
0,11,15,65331873556,1530733649,1,1,"(0.6887756586074829, 0.1310059130191803)","(0.6485649943351746, 0.14529483020305634)",1,1,2.841293334960937,2.5803375244140625,"(-54.5493278503418, -21.729646682739258, 655.1590576171875)","(9.972984313964844, -23.551902770996094, 660.455322265625)","(65.68839263916016, 176.69036865234375, 53.66826629638672)","(51.75392532348633, 174.0730438232422, 52.715633392333984)",POINT (0.6686703264713287 0.1381503716111183),,,,,,,,,,,,,,,,,,,,,,,,,,,,,,,,,,,,,,,,,,,,,,,,,
0,11,15,65331890223,1530750316,1,1,"(0.6817805767059326, 0.10282841324806213)","(0.6481273174285889, 0.14766815304756165)",1,1,2.803253173828125,2.5592803955078125,"(-54.5415153503418, -21.73737335205078, 655.1964111328125)","(9.977872848510742, -23.557477951049805, 660.4308471679688)","(63.264347076416016, 181.8516845703125, 55.546817779541016)","(51.60225296020508, 173.63833618164062, 52.557395935058594)",POINT (0.6649539470672607 0.1252482831478119),,,,,,,,,,,,,,,,,,,,,,,,,,,,,,,,,,,,,,,,,,,,,,,,,
0,11,15,65331906891,1530766983,1,1,"(0.6830047965049744, 0.11960932612419128)","(0.6509889364242554, 0.1551002860069275)",1,1,2.822296142578125,2.579315185546875,"(-54.53171157836914, -21.73443603515625, 655.2941284179688)","(9.991310119628906, -23.55073356628418, 660.5755004882812)","(63.68857955932617, 178.7779083251953, 54.42806625366211)","(52.59392166137695, 172.27699279785156, 52.061885833740234)",POINT (0.6669968664646149 0.1373548060655594),,,,,,,,,,,,,,,,,,,,,,,,,,,,,,,,,,,,,,,,,,,,,,,,,
0,11,15,65331923557,1530783649,1,1,"(0.6820717453956604, 0.12200629711151123)","(0.6538552641868591, 0.15171873569488525)",1,1,2.82421875,2.5738983154296875,"(-54.52000427246094, -21.74105453491211, 655.2841796875)","(9.994437217712402, -23.558048248291016, 660.5994873046875)","(63.365257263183594, 178.3388214111328, 54.26828384399414)","(53.58719253540039, 172.8963623046875, 52.2873649597168)",POINT (0.6679635047912598 0.1368625164031982),,,,,,,,,,,,,,,,,,,,,,,,,,,,,,,,,,,,,,,,,,,,,,,,,
0,11,15,65331940225,1530800316,1,1,"(0.7059730887413025, 0.0991135686635971)","(0.6908021569252014, 0.13946731388568878)",1,1,2.8244781494140625,2.598739624023437,"(-54.375274658203125, -21.731740951538086, 655.0679931640625)","(10.086326599121094, -23.54738998413086, 660.9458618164062)","(71.64794158935547, 182.53213500976562, 55.79446792602539)","(66.39063262939453, 175.14048767089844, 53.104129791259766)",POINT (0.698387622833252 0.1192904412746429),,,,,,,,,,,,,,,,,,,,,,,,,,,,,,,,,,,,,,,,,,,,,,,,,
0,11,15,65331956891,1530816982,1,1,"(0.7195265293121338, 0.10741733759641647)","(0.6783785820007324, 0.1428685337305069)",1,1,2.845062255859375,2.601959228515625,"(-54.32966232299805, -21.72351837158203, 655.171630859375)","(10.162590026855469, -23.556560516357422, 660.6301879882812)","(76.34469604492188, 181.0111083984375, 55.24087905883789)","(62.085426330566406, 174.51747131347656, 52.87741470336914)",POINT (0.6989525556564331 0.1251429356634617),,,,,,,,,,,,,,,,,,,,,,,,,,,,,,,,,,,,,,,,,,,,,,,,,
0,11,15,65331973563,1530833653,1,1,"(0.718720018863678, 0.09360326081514359)","(0.6794785857200623, 0.13519802689552307)",1,1,2.8225250244140625,2.57403564453125,"(-54.319400787353516, -21.725120544433594, 655.3052978515625)","(10.18732738494873, -23.553237915039062, 660.5574951171875)","(76.0652084350586, 183.54144287109375, 56.161895751953125)","(62.46662139892578, 175.9224853515625, 53.388771057128906)",POINT (0.6990993022918701 0.1144006438553333),,,,,,,,,,,,,,,,,,,,,,,,,,,,,,,,,,,,,,,,,,,,,,,,,
0,11,15,65331990230,1530850320,1,1,"(0.7100813388824463, 0.10165012627840042)","(0.6769490838050842, 0.1456516981124878)",1,1,2.851959228515625,2.5897369384765625,"(-54.271690368652344, -21.729904174804688, 655.458251953125)","(10.224390983581543, -23.559368133544922, 660.7252197265625)","(73.07159423828125, 182.06748962402344, 55.62540054321289)","(61.59006881713867, 174.00767517089844, 52.69184494018555)",POINT (0.6935152113437653 0.1236509121954441),,,,,,,,,,,,,,,,,,,,,,,,,,,,,,,,,,,,,,,,,,,,,,,,,
0,11,15,65332006897,1530866986,1,1,"(0.7062776684761047, 0.10628394782543182)","(0.6839734315872192, 0.14577952027320862)",1,1,2.86932373046875,2.581939697265625,"(-54.2161979675293, -21.732791900634766, 655.3472900390625)","(10.2588472366333, -23.55780029296875, 661.013671875)","(71.75348663330078, 181.21871948242188, 55.31647491455078)","(64.02425384521484, 173.98426818847656, 52.683311462402344)",POINT (0.695125550031662 0.1260317340493202),,,,,,,,,,,,,,,,,,,,,,,,,,,,,,,,,,,,,,,,,,,,,,,,,
0,11,15,65332023564,1530883653,1,1,"(0.6991541385650635, 0.1269020438194275)","(0.6841104030609131, 0.15173913538455963)",1,1,2.8789215087890625,2.57745361328125,"(-54.16490173339844, -21.72517967224121, 655.0912475585938)","(10.279182434082031, -23.545536041259766, 660.940673828125)","(69.2849349975586, 177.4420623779297, 53.941871643066406)","(64.07170867919922, 172.89263916015625, 52.2859992980957)",POINT (0.6916322708129883 0.1393205896019936),,,,,,,,,,,,,,,,,,,,,,,,,,,,,,,,,,,,,,,,,,,,,,,1,,
0,11,15,65332040231,1530900319,1,1,"(0.7079973220825195, 0.10500387847423553)","(0.6912038326263428, 0.14636091887950897)",1,1,2.838363647460937,2.5627899169921875,"(-54.14775466918945, -21.723251342773438, 655.0701904296875)","(10.30048942565918, -23.55320167541504, 661.048095703125)","(72.34938049316406, 181.4532012939453, 55.40180587768555)","(66.52983856201172, 173.87777709960938, 52.64455795288086)",POINT (0.6996005773544312 0.1256823986768722),,,,,,,,,,,,,,,,,,,,,,,,,,,,,,,,,,,,,,,,,,,,,,,,,
0,11,15,65332056898,1530916986,1,1,"(0.7069849371910095, 0.12395069748163223)","(0.6839280724525452, 0.1390288919210434)",1,1,2.8600311279296875,2.5940093994140625,"(-54.135276794433594, -21.722518920898438, 655.0365600585938)","(10.32208251953125, -23.565296173095703, 661.0473022460938)","(71.99856567382812, 177.98268127441406, 54.138633728027344)","(64.0085220336914, 175.22080993652344, 53.13335037231445)",POINT (0.6954565048217773 0.1314897947013378),,,,,,,,,,,,,,,,,,,,,,,,,,,,,,,,,,,,,,,,,,,,,,,,,
0,11,15,65332073566,1530933653,1,1,"(0.7121460437774658, 0.09016181528568268)","(0.6841151714324951, 0.14054158329963684)",1,1,2.8272705078125,2.5812225341796875,"(-54.136924743652344, -21.724132537841797, 655.0478515625)","(10.324407577514648, -23.571842193603516, 661.0230712890625)","(73.787109375, 184.17181396484375, 56.391326904296875)","(64.0733642578125, 174.94369506835938, 53.032527923583984)",POINT (0.6981306076049805 0.1153516992926598),,,,,,,,,,,,,,,,,,,,,,,,,,,,,,,,,,,,,,,,,,,,,,,,,
0,11,15,65332090236,1530950323,1,1,"(0.7102651596069336, 0.1211453229188919)","(0.6826291680335999, 0.14248131215572357)",1,1,2.8460693359375,2.5743865966796875,"(-54.135684967041016, -21.72634506225586, 655.048095703125)","(10.338842391967773, -23.579479217529297, 660.8419189453125)","(73.13529968261719, 178.49655151367188, 54.32564163208008)","(63.55839157104492, 174.5884246826172, 52.9031867980957)",POINT (0.6964471638202667 0.1318133175373077),,,,,,,,,,,,,,,,,,,,,,,,,,,,,,,,,,,,,,,,,,,,,,,,,
0,11,15,65332106904,1530966990,1,1,"(0.7082045674324036, 0.10723678767681122)","(0.6837221384048462, 0.15125562250614166)",1,1,2.8274383544921875,2.5837860107421875,"(-54.13602066040039, -21.725448608398438, 655.0603637695312)","(10.342472076416016, -23.57919692993164, 660.745361328125)","(72.42122650146484, 181.04417419433594, 55.2529182434082)","(63.937164306640625, 172.98118591308594, 52.318260192871094)",POINT (0.6959633529186249 0.1292462050914764),,,,,,,,,,,,,,,,,,,,,,,,,,,,,,,,,,,,,,,,,,,,,,,,,
0,11,15,65332123571,1530983657,1,1,"(0.7117687463760376, 0.09633889049291611)","(0.6770166158676147, 0.1356814205646515)",1,1,2.814437866210937,2.5742340087890625,"(-54.13493347167969, -21.722312927246094, 655.024169921875)","(10.340353012084961, -23.57360076904297, 660.769287109375)","(73.65634155273438, 183.04037475585938, 55.9794921875)","(61.61345672607422, 175.83395385742188, 53.35655212402344)",POINT (0.6943926811218262 0.1160101555287838),,,,,,,,,,,,,,,,,,,,,,,,,,,,,,,,,,,,,,,,,,,,,,,,,
0,11,15,65332140238,1531000323,1,1,"(0.698480486869812, 0.08982470631599426)","(0.6764681935310364, 0.14249682426452637)",1,1,2.79132080078125,2.5692291259765625,"(-54.15758514404297, -21.72838592529297, 655.0562744140625)","(10.303833961486816, -23.563508987426758, 660.96337890625)","(69.05147552490234, 184.23358154296875, 56.41373825073242)","(61.42341232299805, 174.58555603027344, 52.902183532714844)",POINT (0.6874743402004242 0.1161607652902603),,,,,,,,,,,,,,,,,,,,,,,,,,,,,,,,,,,,,,,,,,,,,,,,,
0,11,15,65332156905,1531016990,1,1,"(0.6551846265792847, 0.09313283860683441)","(0.6211876273155212, 0.1380465030670166)",1,1,2.8194122314453125,2.557113647460937,"(-54.332637786865234, -21.717994689941406, 655.1351928710938)","(10.168745040893555, -23.54278564453125, 660.4376220703125)","(54.04788589477539, 183.62762451171875, 56.193214416503906)","(42.26667022705078, 175.40072631835938, 53.198890686035156)",POINT (0.638186126947403 0.1155896708369255),,,,,,,,,,,,,,,,,,,,,,,,,,,,,,,,,,,,,,,,,,,,,,,,,
0,11,15,65332173573,1531033657,1,1,"(0.6619374752044678, 0.08270228654146194)","(0.6360011696815491, 0.14227056503295898)",1,1,2.791244506835937,2.5663604736328125,"(-54.337772369384766, -21.71895980834961, 655.0984497070312)","(10.154092788696289, -23.52228546142578, 660.5223388671875)","(56.38798522949219, 185.5382080078125, 56.88858413696289)","(47.400089263916016, 174.62701416015625, 52.91724395751953)",POINT (0.6489693224430084 0.1124864257872105),,,,,,,,,,,,,,,,,,,,,,,,,,,,,,,,,,,,,,,,,,,,,,,,,
0,11,15,65332190239,1531050323,1,1,"(0.663115382194519, 0.07513484358787537)","(0.6320452690124512, 0.13828463852405548)",1,1,2.7765350341796875,2.563934326171875,"(-54.34138870239258, -21.714996337890625, 655.0978393554688)","(10.14289665222168, -23.51144790649414, 660.546875)","(56.796165466308594, 186.92433166503906, 57.39317321777344)","(46.02923583984375, 175.35711669921875, 53.183013916015625)",POINT (0.6475803256034851 0.1067097410559654),,,,,,,,,,,,,,,,,,,,,,,,,,,,,,,,,,,,,,,,,,,,,,,,,
0,11,15,65332206907,1531066990,1,1,"(0.6578705310821533, 0.10266478359699249)","(0.625587522983551, 0.13949663937091827)",1,1,2.800933837890625,2.5541229248046875,"(-54.34914016723633, -21.717365264892578, 655.01220703125)","(10.12019157409668, -23.508739471435547, 660.5715942382812)","(54.97861862182617, 181.8816375732422, 55.557762145996094)","(43.79140090942383, 175.13510131835938, 53.102210998535156)",POINT (0.6417290270328522 0.1210807114839554),,,,,,,,,,,,,,,,,,,,,,,,,,,,,,,,,,,,,,,,,,,,,,,,,
0,11,15,65332223579,1531083662,1,1,"(0.6516504287719727, 0.06470433622598648)","(0.6341906785964966, 0.15200689435005188)",1,1,2.7672882080078125,2.543792724609375,"(-54.363800048828125, -21.69936752319336, 654.9979248046875)","(10.098570823669434, -23.468727111816406, 660.6692504882812)","(52.8231315612793, 188.83489990234375, 58.08852767944336)","(46.77269744873047, 172.84359741210938, 52.268165588378906)",POINT (0.6429205536842346 0.1083556152880192),,,,,,,,,,,,,,,,,,,,,,,,,,,,,,,,,,,,,,,,,,,,,,,,,
0,11,15,65332240246,1531100328,1,1,"(0.6506564617156982, 0.07847891002893448)","(0.6328006386756897, 0.15731573104858398)",1,1,2.767852783203125,2.5428466796875,"(-54.429786682128906, -21.657480239868164, 655.1907958984375)","(10.09814453125, -23.428808212280273, 660.681640625)","(52.47869110107422, 186.31179809570312, 57.17020797729492)","(46.29099655151367, 171.8711700439453, 51.91423416137695)",POINT (0.641728550195694 0.1178973205387592),,,,,,,,,,,,,,,,,,,,,,,,,,,,,,,,,,,,,,,,,,,,,,,,,
0,11,15,65332256913,1531116995,1,1,"(0.6538255214691162, 0.11037221550941467)","(0.6347694993019104, 0.14611679315567017)",1,1,2.737701416015625,2.529647827148437,"(-54.49650573730469, -21.53477668762207, 655.7206420898438)","(10.120626449584961, -23.35347557067871, 660.9447021484375)","(53.576873779296875, 180.4698486328125, 55.04390335083008)","(46.97329330444336, 173.9224853515625, 52.660831451416016)",POINT (0.6442975103855133 0.1282445043325424),,,,,,,,,,,,,,,,,,,,,,,,,,,,,,,,,,,,,,,,,,,,,,,,,
0,11,15,65332423580,1531283657,1,1,"(0.47447469830513, 0.6047788262367249)","(0.41834771633148193, 0.19326013326644897)",1,1,2.7535858154296875,2.4356689453125,"(-55.16588592529297, -21.364240646362305, 655.4261474609375)","(9.449687004089355, -23.19182777404785, 660.8085327148438)","(-8.574722290039062, 89.90877532958984, 22.082317352294922)","(-28.024770736694336, 165.2871856689453, 49.51784896850586)",POINT (0.446411207318306 0.3990194797515869),,,,,,,,,,,,,,,,,,,,,,,,,,,,,,,,,,,,,,,,,,,,,,,,,
0,11,15,65332440248,1531300324,1,1,"(0.44923925399780273, 0.1535266637802124)","(0.42517462372779846, 0.29209044575691223)",1,1,2.443634033203125,2.40167236328125,"(-55.15812683105469, -21.442832946777344, 655.258544921875)","(9.431783676147461, -23.245712280273438, 660.6156005859375)","(-17.319744110107422, 172.56520080566406, 52.16686248779297)","(-25.65900230407715, 147.18429565429688, 42.9289665222168)",POINT (0.4372069388628006 0.2228085547685623),,,,,,,,,,,,,,,,,,,,,,,,,,,,,,,,,,,,,,,,,,,,,,,,1,
0,11,15,65332456923,1531316999,1,1,"(0.4624188244342804, 0.20985589921474457)","(0.4293043911457062, 0.23576605319976807)",1,1,2.720489501953125,2.368392944335937,"(-55.16924285888672, -21.498306274414062, 655.3777465820312)","(9.443181991577148, -23.30603790283203, 660.6875610351562)","(-12.752520561218262, 162.24729919433594, 48.41144561767578)","(-24.227888107299805, 157.50131225585938, 46.684051513671875)",POINT (0.4458616077899933 0.2228109762072563),,,,,,,,,,,,,,,,,,,,,,,,,,,,,,,,,,,,,,,,,,,,,,,,1,
0,11,15,65332473590,1531333666,1,1,"(0.4483940899372101, 0.13305681943893433)","(0.4265840947628021, 0.24504755437374115)",1,1,2.496307373046875,2.395980834960937,"(-55.16867446899414, -21.52825164794922, 655.35400390625)","(9.446502685546875, -23.344497680664062, 660.7234497070312)","(-17.612598419189453, 176.314697265625, 53.53154754638672)","(-25.17057228088379, 155.8012237548828, 46.065216064453125)",POINT (0.4374890923500061 0.1890521869063377),,,,,,,,,,,,,,,,,,,,,,,,,,,,,,,,,,,,,,,,,,,,,,,1,,
0,11,15,65332490262,1531350337,1,1,"(0.46021080017089844, 0.2647787034511566)","(0.4223884642124176, 0.22592991590499878)",1,1,2.71099853515625,2.408554077148437,"(-55.16923522949219, -21.555505752563477, 655.2940673828125)","(9.456682205200195, -23.365802764892578, 660.687255859375)","(-13.517693519592285, 152.18702697753906, 44.74976348876953)","(-26.624509811401367, 159.3030242919922, 47.33978271484375)",POINT (0.441299632191658 0.2453543096780777),,,,,,,,,,,,,,,,,,,,,,,,,,,,,,,,,,,,,,,,,,,,,,,1,1,
0,11,15,65332506929,1531367004,1,1,"(0.4594554007053375, 0.312355637550354)","(0.4249228537082672, 0.23169824481010437)",1,1,2.787689208984375,2.3943634033203125,"(-55.15032196044922, -21.59991455078125, 655.2008666992188)","(9.448127746582031, -23.38227081298828, 660.6395263671875)","(-13.77946662902832, 143.47230529785156, 41.57788848876953)","(-25.746246337890625, 158.24642944335938, 46.9552116394043)",POINT (0.4421891272068024 0.2720269411802292),,,,,,,,,,,,,,,,,,,,,,,,,,,,,,,,,,,,,,,,,,,,,,,1,1,
0,11,15,65332523597,1531383671,1,1,"(0.4529406726360321, 0.136539027094841)","(0.42534297704696655, 0.2687959372997284)",1,1,2.5238800048828125,2.466461181640625,"(-55.15628433227539, -21.641353607177734, 655.1998291015625)","(9.437524795532227, -23.398357391357422, 660.5558471679688)","(-16.037052154541016, 175.67686462402344, 53.299381256103516)","(-25.600658416748047, 151.45118713378906, 44.481956481933594)",POINT (0.4391418248414993 0.2026674821972847),,,,,,,,,,,,,,,,,,,,,,,,,,,,,,,,,,,,,,,,,,,,,,,,,
0,11,15,65332540264,1531400338,1,1,"(0.4599745571613312, 0.23065441846847534)","(0.42667949199676514, 0.24279892444610596)",1,1,2.716552734375,2.417724609375,"(-55.14641571044922, -21.689891815185547, 655.2139892578125)","(9.434041976928711, -23.42306137084961, 660.555908203125)","(-13.599552154541016, 158.43760681152344, 47.024810791015625)","(-25.137514114379883, 156.2130889892578, 46.21514129638672)",POINT (0.4433270245790482 0.2367266714572906),,,,,,,,,,,,,,,,,,,,,,,,,,,,,,,,,,,,,,,,,,,,,,,1,1,
0,11,15,65332556931,1531417004,1,1,"(0.4528849720954895, 0.22408516705036163)","(0.4308876693248749, 0.22376541793346405)",1,1,2.7623443603515625,2.4156951904296875,"(-55.137454986572266, -21.719345092773438, 655.2158203125)","(9.43441390991211, -23.454547882080078, 660.5196533203125)","(-16.056354522705078, 159.6409149169922, 47.462772369384766)","(-23.679227828979492, 159.69949340820312, 47.48408508300781)",POINT (0.4418863207101822 0.2239252924919128),,,,,,,,,,,,,,,,,,,,,,,,,,,,,,,,,,,,,,,,,,,,,,,,1,
0,11,15,65332573597,1531433670,1,1,"(0.4423392415046692, 0.23352429270744324)","(0.4232693910598755, 0.21760940551757812)",1,1,2.77679443359375,2.43280029296875,"(-55.16510772705078, -21.730005264282227, 655.37939453125)","(9.408522605895996, -23.458126068115234, 660.4240112304688)","(-19.710840225219727, 157.91195678710938, 46.833465576171875)","(-26.319236755371094, 160.82708740234375, 47.8945198059082)",POINT (0.4328043162822723 0.2255668491125107),,,,,,,,,,,,,,,,,,,,,,,,,,,,,,,,,,,,,,,,,,,,,,,,1,
0,11,15,65332590265,1531450337,1,1,"(0.4438427984714508, 0.10468623787164688)","(0.41244328022003174, 0.22241750359535217)",1,1,2.6104736328125,2.4755401611328125,"(-55.17432403564453, -21.73208236694336, 655.3897705078125)","(9.371747016906738, -23.462543487548828, 660.5457153320312)","(-19.189800262451172, 181.51138305664062, 55.42295837402344)","(-30.07086944580078, 159.94639587402344, 47.57395935058594)",POINT (0.4281430393457413 0.1635518707334995),,,,,,,,,,,,,,,,,,,,,,,,,,,,,,,,,,,,,,,,,,,,,,,1,,
0,11,15,65332606932,1531467004,1,1,"(0.44794169068336487, 0.23673421144485474)","(0.41450387239456177, 0.20855465531349182)",1,1,2.7932281494140625,2.467498779296875,"(-55.15306091308594, -21.758344650268555, 655.34521484375)","(9.385945320129395, -23.51000213623047, 660.5446166992188)","(-17.769386291503906, 157.323974609375, 46.61948776245117)","(-29.3568058013916, 162.4856719970703, 48.49818801879883)",POINT (0.4312227815389633 0.2226444333791733),,,,,,,,,,,,,,,,,,,,,,,,,,,,,,,,,,,,,,,,,,,,,,,,1,
0,11,15,65332623602,1531483674,1,1,"(0.44097527861595154, 0.2558607757091522)","(0.42179080843925476, 0.20354542136192322)",1,1,2.8552703857421875,2.489471435546875,"(-55.141639709472656, -21.76828956604004, 655.335205078125)","(9.397083282470703, -23.53185272216797, 660.6526489257812)","(-20.183486938476562, 153.82052612304688, 45.34434509277344)","(-26.831621170043945, 163.40321350097656, 48.832149505615234)",POINT (0.4313830435276032 0.2297030985355377),,,,,,,,,,,,,,,,,,,,,,,,,,,,,,,,,,,,,,,,,,,,,,,,1,
0,11,15,65332640271,1531500342,1,1,"(0.4468304514884949, 0.2670052945613861)","(0.4168860614299774, 0.21443942189216614)",1,1,2.896820068359375,2.5528717041015625,"(-55.12135696411133, -21.783447265625, 655.2427978515625)","(9.416929244995117, -23.558073043823242, 660.7965698242188)","(-18.154468536376953, 151.77920532226562, 44.601314544677734)","(-28.531312942504883, 161.40774536132812, 48.1058349609375)",POINT (0.4318582564592362 0.2407223582267761),,,,,,,,,,,,,,,,,,,,,,,,,,,,,,,,,,,,,,,,,,,,,,,1,1,
0,11,15,65332656937,1531517008,1,1,"(0.4418620467185974, 0.22092421352863312)","(0.40566134452819824, 0.19666290283203125)",1,1,2.83673095703125,2.532745361328125,"(-55.114715576171875, -21.805007934570312, 655.267822265625)","(9.457958221435547, -23.57784080505371, 660.6986083984375)","(-19.8762149810791, 160.2199249267578, 47.673500061035156)","(-32.42108154296875, 164.6638946533203, 49.29096984863281)",POINT (0.4237616956233978 0.2087935581803322),,,,,,,,,,,,,,,,,,,,,,,,,,,,,,,,,,,,,,,,,,,,,,,,,
0,11,15,65332673604,1531533674,1,1,"(0.4412134289741516, 0.23438210785388947)","(0.4115355610847473, 0.2416192591190338)",1,1,2.88690185546875,2.602890014648437,"(-55.09637451171875, -21.821819305419922, 655.1986083984375)","(9.469228744506836, -23.580596923828125, 660.3734130859375)","(-20.10096549987793, 157.7548065185547, 46.776309967041016)","(-30.385438919067383, 156.42916870117188, 46.293800354003906)",POINT (0.4263744950294495 0.2380006834864616),,,,,,,,,,,,,,,,,,,,,,,,,,,,,,,,,,,,,,,,,,,,,,,,1,
0,11,15,65332690271,1531550341,1,1,"(0.4459201395511627, 0.2546755075454712)","(0.4072948396205902, 0.2050221562385559)",1,1,2.9206085205078125,2.52142333984375,"(-55.08097839355469, -21.826730728149414, 655.1892700195312)","(9.484352111816406, -23.579763412475586, 660.2406616210938)","(-18.46992301940918, 154.0376434326172, 45.423370361328125)","(-31.854999542236328, 163.13270568847656, 48.73370361328125)",POINT (0.4266074895858765 0.2298488318920136),,,,,,,,,,,,,,,,,,,,,,,,,,,,,,,,,,,,,,,,,,,,,,,,1,
0,11,15,65332706939,1531567008,1,1,"(0.45599567890167236, 0.26029109954833984)","(0.40653806924819946, 0.2451283186674118)",1,1,2.9550323486328125,2.601654052734375,"(-55.062599182128906, -21.84250259399414, 655.12060546875)","(9.492654800415039, -23.582069396972656, 660.228271484375)","(-14.978378295898438, 153.00901794433594, 45.048973083496094)","(-32.117252349853516, 155.78643798828125, 46.05982971191406)",POINT (0.4312668740749359 0.2527097091078758),,,,,,,,,,,,,,,,,,,,,,,,,,,,,,,,,,,,,,,,,,,,,,,1,1,
0,11,15,65332723606,1531583675,1,1,"(0.45094844698905945, 0.25130653381347656)","(0.4139317274093628, 0.22031837701797485)",1,1,2.9300994873046875,2.55633544921875,"(-55.04523468017578, -21.847930908203125, 655.0872802734375)","(9.500094413757324, -23.581497192382812, 660.2398681640625)","(-16.727439880371094, 154.65476989746094, 45.64792251586914)","(-29.555078506469727, 160.3308868408203, 47.713905334472656)",POINT (0.4324400871992111 0.2358124554157257),,,,,,,,,,,,,,,,,,,,,,,,,,,,,,,,,,,,,,,,,,,,,,,,1,
0,11,15,65332740274,1531600342,1,1,"(0.44625309109687805, 0.202164888381958)","(0.41192755103111267, 0.22907277941703796)",1,1,2.871185302734375,2.538803100585937,"(-55.02845001220703, -21.859004974365234, 655.0780639648438)","(9.506072998046875, -23.58007049560547, 660.2158203125)","(-18.354543685913086, 163.6560821533203, 48.92415237426758)","(-30.24959945678711, 158.7273406982422, 47.1302490234375)",POINT (0.4290903210639954 0.215618833899498),,,,,,,,,,,,,,,,,,,,,,,,,,,,,,,,,,,,,,,,,,,,,,,,1,
0,11,15,65332756946,1531617014,1,1,"(0.4472925662994385, 0.24817872047424316)","(0.4165445566177368, 0.24425089359283447)",1,1,2.9397430419921875,2.5581512451171875,"(-55.00536346435547, -21.891149520874023, 655.0704345703125)","(9.516670227050781, -23.59334945678711, 660.3001708984375)","(-17.994325637817383, 155.22767639160156, 45.85649871826172)","(-28.64963722229004, 155.9471435546875, 46.11833190917969)",POINT (0.4319185614585876 0.2462148070335388),,,,,,,,,,,,,,,,,,,,,,,,,,,,,,,,,,,,,,,,,,,,,,,1,1,
0,11,15,65332773614,1531633681,1,1,"(0.45092862844467163, 0.21315909922122955)","(0.4149447977542877, 0.2318233698606491)",1,1,2.902679443359375,2.5301513671875,"(-54.989437103271484, -21.91249656677246, 655.0853881835938)","(9.541193962097168, -23.623292922973633, 660.3240966796875)","(-16.734298706054688, 161.6422576904297, 48.191226959228516)","(-29.204017639160156, 158.2235107421875, 46.946868896484375)",POINT (0.4329367130994797 0.2224912345409393),,,,,,,,,,,,,,,,,,,,,,,,,,,,,,,,,,,,,,,,,,,,,,,,1,
0,11,15,65332790280,1531650347,1,1,"(0.45510777831077576, 0.18189138174057007)","(0.4331367313861847, 0.21798603236675262)",1,1,2.8640289306640625,2.540435791015625,"(-54.912757873535156, -21.885223388671875, 654.9895629882812)","(9.578441619873047, -23.623674392700195, 660.490966796875)","(-15.286067962646484, 167.3695831298828, 50.27582931518555)","(-22.89983367919922, 160.75811767578125, 47.86936950683594)",POINT (0.4441222548484802 0.1999387070536614),,,,,,,,,,,,,,,,,,,,,,,,,,,,,,,,,,,,,,,,,,,,,,,,,
0,11,15,65332806948,1531667014,1,1,"(0.45905742049217224, 0.2214963436126709)","(0.4274705946445465, 0.21125425398349762)",1,1,2.890167236328125,2.4998931884765625,"(-54.84197235107422, -21.917375564575195, 654.7496337890625)","(9.623970031738281, -23.673084259033203, 660.3938598632812)","(-13.917367935180664, 160.1151123046875, 47.635372161865234)","(-24.863367080688477, 161.9911651611328, 48.31821060180664)",POINT (0.4432640075683594 0.2163752987980843),,,,,,,,,,,,,,,,,,,,,,,,,,,,,,,,,,,,,,,,,,,,,,,,1,
0,11,15,65332823615,1531683681,1,1,"(0.45303311944007874, 0.23478272557258606)","(0.4259951412677765, 0.1915515512228012)",1,1,2.9066925048828125,2.50604248046875,"(-54.813236236572266, -21.939647674560547, 654.8025512695312)","(9.660896301269531, -23.71773910522461, 660.33203125)","(-16.005022048950195, 157.6814422607422, 46.74958419799805)","(-25.374664306640625, 165.6001434326172, 49.63174819946289)",POINT (0.4395141303539276 0.2131671383976936),,,,,,,,,,,,,,,,,,,,,,,,,,,,,,,,,,,,,,,,,,,,,,,,1,
0,11,15,65332840282,1531700347,1,1,"(0.45524147152900696, 0.18480046093463898)","(0.42529234290122986, 0.178008034825325)",1,1,2.80609130859375,2.48541259765625,"(-54.792484283447266, -21.94622802734375, 654.8184814453125)","(9.70683479309082, -23.762718200683594, 660.173828125)","(-15.239729881286621, 166.83676147460938, 50.08180236816406)","(-25.618215560913086, 168.08091735839844, 50.53468704223633)",POINT (0.4402669072151184 0.181404247879982),,,,,,,,,,,,,,,,,,,,,,,,,,,,,,,,,,,,,,,,,,,,,,,1,,
0,11,15,65332856949,1531717014,1,1,"(0.46358293294906616, 0.21449436247348785)","(0.4296720623970032, 0.19850976765155792)",1,1,2.805328369140625,2.486358642578125,"(-54.76069641113281, -21.954402923583984, 654.6796875)","(9.729469299316406, -23.7893009185791, 660.1491088867188)","(-12.349128723144531, 161.39767456054688, 48.10216522216797)","(-24.1004638671875, 164.32559204101562, 49.167850494384766)",POINT (0.4466274976730347 0.2065020650625229),,,,,,,,,,,,,,,,,,,,,,,,,,,,,,,,,,,,,,,,,,,,,,,,,
0,11,15,65332873615,1531733680,1,1,"(0.45723825693130493, 0.18046197295188904)","(0.4350619614124298, 0.20663215219974518)",1,1,2.77874755859375,2.4798583984375,"(-54.733428955078125, -21.97071647644043, 654.6844482421875)","(9.746042251586914, -23.79302978515625, 660.2811279296875)","(-14.547783851623535, 167.6314239501953, 50.37109375)","(-22.232667922973633, 162.83779907226562, 48.62636947631836)",POINT (0.4461501091718674 0.1935470625758171),,,,,,,,,,,,,,,,,,,,,,,,,,,,,,,,,,,,,,,,,,,,,,,1,,
0,11,15,65332890287,1531750351,1,1,"(0.44587066769599915, 0.12147627770900726)","(0.4289261996746063, 0.2082890421152115)",1,1,2.66522216796875,2.4791259765625,"(-54.711181640625, -21.97674560546875, 654.5680541992188)","(9.755754470825195, -23.796768188476562, 660.29296875)","(-18.487070083618164, 178.43592834472656, 54.30360412597656)","(-24.35893440246582, 162.53433227539062, 48.51587677001953)",POINT (0.4373984336853027 0.1648826599121094),,,,,,,,,,,,,,,,,,,,,,,,,,,,,,,,,,,,,,,,,,,,,,,1,,
0,11,15,65332906954,1531767018,1,1,"(0.4525607228279114, 0.10993890464305878)","(0.4300331473350525, 0.21291963756084442)",1,1,2.63458251953125,2.461166381835937,"(-54.7013053894043, -21.987659454345703, 654.533935546875)","(9.763716697692871, -23.801631927490234, 660.1845703125)","(-16.168704986572266, 180.5492401123047, 55.07275390625)","(-23.975343704223633, 161.68612670898438, 48.20718002319336)",POINT (0.4412969350814819 0.1614292711019516),,,,,,,,,,,,,,,,,,,,,,,,,,,,,,,,,,,,,,,,,,,,,,,1,,
0,11,15,65332923622,1531783685,1,1,"(0.451140433549881, 0.19231195747852325)","(0.427642822265625, 0.22333459556102753)",1,1,2.7677001953125,2.4752960205078125,"(-54.70463562011719, -21.994693756103516, 654.5216064453125)","(9.763171195983887, -23.807537078857422, 660.0643310546875)","(-16.660911560058594, 165.4608612060547, 49.58104705810547)","(-24.803672790527344, 159.7783966064453, 47.51280975341797)",POINT (0.439391627907753 0.2078232765197754),,,,,,,,,,,,,,,,,,,,,,,,,,,,,,,,,,,,,,,,,,,,,,,,,
0,11,15,65332940288,1531800351,1,1,"(0.4571152925491333, 0.23667654395103455)","(0.4343429207801819, 0.2305639088153839)",1,1,2.8148193359375,2.4680938720703125,"(-54.72108459472656, -22.003019332885742, 654.5302124023438)","(9.754036903381348, -23.810020446777344, 660.0047607421875)","(-14.590401649475098, 157.33456420898438, 46.6232795715332)","(-22.48184585571289, 158.45419311523438, 47.030845642089844)",POINT (0.4457291066646576 0.2336202263832092),,,,,,,,,,,,,,,,,,,,,,,,,,,,,,,,,,,,,,,,,,,,,,,,1,
0,11,15,65332956956,1531817018,1,1,"(0.4576220214366913, 0.24774397909641266)","(0.42486387491226196, 0.24461676180362701)",1,1,2.8259429931640625,2.4834136962890625,"(-54.737342834472656, -22.02237892150879, 654.491455078125)","(9.74807357788086, -23.818790435791016, 660.0294189453125)","(-14.414796829223633, 155.30731201171875, 45.885459899902344)","(-25.766687393188477, 155.880126953125, 46.09397506713867)",POINT (0.4412429481744766 0.2461803704500198),,,,,,,,,,,,,,,,,,,,,,,,,,,,,,,,,,,,,,,,,,,,,,,1,1,
0,11,15,65332973623,1531833685,1,1,"(0.4614852964878082, 0.20749607682228088)","(0.4309811592102051, 0.23071566224098206)",1,1,2.7863311767578125,2.4568023681640625,"(-54.75639724731445, -22.036548614501953, 654.416015625)","(9.73274040222168, -23.815059661865234, 660.0657958984375)","(-13.076027870178223, 162.67958068847656, 48.568729400634766)","(-23.64682388305664, 158.42642211914062, 47.02070999145508)",POINT (0.4462332278490066 0.2191058695316315),,,,,,,,,,,,,,,,,,,,,,,,,,,,,,,,,,,,,,,,,,,,,,,,1,
0,11,15,65332990290,1531850351,1,1,"(0.4597000479698181, 0.22069676220417023)","(0.42128393054008484, 0.23264087736606598)",1,1,2.806060791015625,2.4668121337890625,"(-54.7926025390625, -22.057117462158203, 654.3983154296875)","(9.709890365600586, -23.817852020263672, 660.12646484375)","(-13.694686889648438, 160.2615966796875, 47.68867111206055)","(-27.007274627685547, 158.07373046875, 46.89239501953125)",POINT (0.4404919892549515 0.2266688197851181),,,,,,,,,,,,,,,,,,,,,,,,,,,,,,,,,,,,,,,,,,,,,,,,1,
0,11,15,65333006960,1531867021,1,1,"(0.4525690972805023, 0.22933915257453918)","(0.42141130566596985, 0.22896642982959747)",1,1,2.819915771484375,2.4506378173828125,"(-54.826438903808594, -22.07552719116211, 654.4649658203125)","(9.681264877319336, -23.82622718811035, 660.04296875)","(-16.165815353393555, 158.67852783203125, 47.112510681152344)","(-26.963136672973633, 158.746826171875, 47.137306213378906)",POINT (0.4369902014732361 0.2291527912020683),,,,,,,,,,,,,,,,,,,,,,,,,,,,,,,,,,,,,,,,,,,,,,,,1,
0,11,15,65333023627,1531883687,1,1,"(0.4538499414920807, 0.19348110258579254)","(0.42845484614372253, 0.2216740846633911)",1,1,2.765411376953125,2.4664764404296875,"(-54.8608283996582, -22.105030059814453, 654.3873291015625)","(9.63904857635498, -23.843685150146484, 659.911865234375)","(-15.721953392028809, 165.2467041015625, 49.50310134887695)","(-24.522293090820312, 160.0825653076172, 47.62351608276367)",POINT (0.4411523938179016 0.2075775936245918),,,,,,,,,,,,,,,,,,,,,,,,,,,,,,,,,,,,,,,,,,,,,,,,,
0,11,15,65333040294,1531900354,1,1,"(0.3996035158634186, 0.286349356174469)","(0.37413549423217773, 0.2342555969953537)",1,1,2.856231689453125,2.4545135498046875,"(-55.00197982788086, -22.1490478515625, 654.36279296875)","(9.457769393920898, -23.89585304260254, 659.653076171875)","(-34.520328521728516, 148.2359161376953, 43.31171417236328)","(-43.34592819213867, 157.7779998779297, 46.78471374511719)",POINT (0.3868695050477982 0.2603024765849114),,,,,,,,,,,,,,,,,,,,,,,,,,,,,,,,,,,,,,,,,,,,,,,1,1,
0,11,15,65333056962,1531917021,1,1,"(0.40620705485343933, 0.21349379420280457)","(0.37890639901161194, 0.23144279420375824)",1,1,2.7137603759765625,2.4523468017578125,"(-55.11247253417969, -22.184608459472656, 654.2607421875)","(9.345708847045898, -23.938276290893555, 659.9442749023438)","(-32.231964111328125, 161.58094787597656, 48.168880462646484)","(-41.69263458251953, 158.293212890625, 46.97223663330078)",POINT (0.3925567269325256 0.2224682942032814),,,,,,,,,,,,,,,,,,,,,,,,,,,,,,,,,,,,,,,,,,,,,,,,1,
0,11,15,65333073628,1531933687,1,1,"(0.389015257358551, 0.15154732763767242)","(0.3676251173019409, 0.21772731840610504)",1,1,2.595443725585937,2.4337615966796875,"(-55.130069732666016, -22.208206176757812, 654.3056640625)","(9.341692924499512, -23.970882415771484, 659.9195556640625)","(-38.189552307128906, 172.92776489257812, 52.29881286621094)","(-45.60200500488281, 160.8054962158203, 47.88664627075195)",POINT (0.378320187330246 0.1846373230218887),,,,,,,,,,,,,,,,,,,,,,,,,,,,,,,,,,,,,,,,,,,,,,,1,,
0,11,15,65333106963,1531967021,1,1,"(0.3921641707420349, 0.13699080049991608)","(0.3720475137233734, 0.21629419922828674)",1,1,2.586044311523437,2.4319610595703125,"(-55.17074203491211, -22.247928619384766, 654.28662109375)","(9.301057815551758, -23.99825668334961, 659.8480224609375)","(-37.09833908081055, 175.5941162109375, 53.26924514770508)","(-44.06949234008789, 161.0679931640625, 47.982200622558594)",POINT (0.3821058422327042 0.1766424998641014),,,,,,,,,,,,,,,,,,,,,,,,,,,,,,,,,,,,,,,,,,,,,,,1,,
0,11,15,65333123630,1531983687,1,1,"(0.40323033928871155, 0.2695564925670624)","(0.3728815019130707, 0.22231879830360413)",1,1,2.755966186523437,2.42791748046875,"(-55.16699981689453, -22.248096466064453, 654.2872314453125)","(9.305830001831055, -23.999366760253906, 659.8240966796875)","(-33.26350021362305, 151.31190490722656, 44.431217193603516)","(-43.78049087524414, 159.96446228027344, 47.580535888671875)",POINT (0.3880559206008911 0.2459376454353332),,,,,,,,,,,,,,,,,,,,,,,,,,,,,,,,,,,,,,,,,,,,,,,1,1,
0,11,15,65333140304,1532000361,1,1,"(0.40036582946777344, 0.2586617171764374)","(0.3752599358558655, 0.2380378693342209)",1,1,2.792816162109375,2.4542236328125,"(-55.16239929199219, -22.25890350341797, 654.26416015625)","(9.30683708190918, -23.999839782714844, 659.800048828125)","(-34.25616455078125, 153.30747985839844, 45.15761947631836)","(-42.956268310546875, 157.08518981933594, 46.53253173828125)",POINT (0.3878128826618195 0.2483497932553291),,,,,,,,,,,,,,,,,,,,,,,,,,,,,,,,,,,,,,,,,,,,,,,1,1,
0,11,15,65333156971,1532017027,1,1,"(0.3975730836391449, 0.25664880871772766)","(0.37589699029922485, 0.2602303624153137)",1,1,2.7497100830078125,2.470947265625,"(-55.158058166503906, -22.263490676879883, 654.3723754882812)","(9.316971778869629, -24.002384185791016, 659.7999267578125)","(-35.223934173583984, 153.67617797851562, 45.29179000854492)","(-42.735504150390625, 153.02015686035156, 45.05301284790039)",POINT (0.3867350369691849 0.2584395855665207),,,,,,,,,,,,,,,,,,,,,,,,,,,,,,,,,,,,,,,,,,,,,,,1,1,
0,11,15,65333173638,1532033694,1,1,"(0.3885459899902344, 0.13436396420001984)","(0.3745790719985962, 0.24506819248199463)",1,1,2.5863037109375,2.46673583984375,"(-55.14524841308594, -22.26827621459961, 654.4108276367188)","(9.332772254943848, -24.005067825317383, 659.7274169921875)","(-38.35215759277344, 176.07525634765625, 53.44438934326172)","(-43.19220733642578, 155.7974395751953, 46.0638542175293)",POINT (0.3815625309944153 0.1897160783410072),,,,,,,,,,,,,,,,,,,,,,,,,,,,,,,,,,,,,,,,,,,,,,,,,
0,11,15,65333190306,1532050361,1,1,"(0.39657068252563477, 0.27259597182273865)","(0.3758312463760376, 0.23448780179023743)",1,1,2.7612762451171875,2.4199371337890625,"(-55.138065338134766, -22.25145149230957, 654.4598388671875)","(9.347477912902832, -24.001384735107422, 659.6790771484375)","(-35.57131576538086, 150.755126953125, 44.22859191894531)","(-42.75828552246094, 157.73545837402344, 46.76924133300781)",POINT (0.3862009644508362 0.253541886806488),,,,,,,,,,,,,,,,,,,,,,,,,,,,,,,,,,,,,,,,,,,,,,,1,1,
0,11,15,65333206973,1532067028,1,1,"(0.3987998366355896, 0.2683590352535248)","(0.37059932947158813, 0.23842699825763702)",1,1,2.7728729248046875,2.4381256103515625,"(-55.1330680847168, -22.253053665161133, 654.4607543945312)","(9.355572700500488, -24.00271224975586, 659.5709228515625)","(-34.798831939697266, 151.5312042236328, 44.511104583740234)","(-44.57134246826172, 157.01390075683594, 46.50666046142578)",POINT (0.3846995830535889 0.2533930167555809),,,,,,,,,,,,,,,,,,,,,,,,,,,,,,,,,,,,,,,,,,,,,,,1,1,
0,11,15,65333223640,1532083694,1,1,"(0.3797799348831177, 0.14631687104701996)","(0.3681958019733429, 0.2408929169178009)",1,1,2.597381591796875,2.4385986328125,"(-55.12464904785156, -22.253143310546875, 654.510498046875)","(9.374568939208984, -24.001569747924805, 659.4744873046875)","(-41.38992691040039, 173.88583374023438, 52.647518157958984)","(-45.40425491333008, 156.56222534179688, 46.34221649169922)",POINT (0.3739878684282303 0.1936048939824104),,,,,,,,,,,,,,,,,,,,,,,,,,,,,,,,,,,,,,,,,,,,,,,,,
0,11,15,65333240307,1532100361,1,1,"(0.3909979462623596, 0.26325586438179016)","(0.3701794147491455, 0.256329745054245)",1,1,2.788070678710937,2.467376708984375,"(-55.12725830078125, -22.25794219970703, 654.557861328125)","(9.375934600830078, -24.004173278808594, 659.43798828125)","(-37.502479553222656, 152.46597290039062, 44.85129928588867)","(-44.71685791015625, 153.734619140625, 45.31309127807617)",POINT (0.3805886805057526 0.2597928047180176),,,,,,,,,,,,,,,,,,,,,,,,,,,,,,,,,,,,,,,,,,,,,,,1,1,
0,11,15,65333256975,1532117028,1,1,"(0.4015040397644043, 0.30336445569992065)","(0.3664228022098541, 0.25352945923805237)",1,1,2.858856201171875,2.45068359375,"(-55.12397003173828, -22.269065856933594, 654.5704956054688)","(9.390000343322754, -24.008058547973633, 659.4019165039062)","(-33.86173629760742, 145.11924743652344, 42.177303314208984)","(-46.01865005493164, 154.24757385253906, 45.49978256225586)",POINT (0.3839634209871292 0.2784469574689865),,,,,,,,,,,,,,,,,,,,,,,,,,,,,,,,,,,,,,,,,,,,,,,1,1,
0,11,15,65333273645,1532133698,1,1,"(0.3936072289943695, 0.26580649614334106)","(0.3608490824699402, 0.24953842163085938)",1,1,2.8382568359375,2.44097900390625,"(-55.1162223815918, -22.29058265686035, 654.5962524414062)","(9.410551071166992, -24.020326614379883, 659.4973754882812)","(-36.59825134277344, 151.998779296875, 44.68124771118164)","(-47.950164794921875, 154.97860717773438, 45.76582336425781)",POINT (0.3772281557321548 0.2576724588871002),,,,,,,,,,,,,,,,,,,,,,,,,,,,,,,,,,,,,,,,,,,,,,,1,1,
0,11,15,65333290312,1532150364,1,1,"(0.45428115129470825, 0.19337914884090424)","(0.43785470724105835, 0.33701083064079285)",1,1,2.7163848876953125,2.5558013916015625,"(-54.96356964111328, -22.317750930786133, 654.3104858398438)","(9.523635864257812, -24.024044036865234, 659.903076171875)","(-15.572525978088379, 165.26536560058594, 49.50992202758789)","(-21.26488494873047, 138.95619201660156, 39.93412780761719)",POINT (0.4460679292678833 0.2651949897408485),,,,,,,,,,,,,,,,,,,,,,,,,,,,,,,,,,,,,,,,,,,,,,,1,1,
0,11,15,65333306979,1532167031,1,1,"(0.43225541710853577, 0.13593512773513794)","(0.4174281358718872, 0.2860683500766754)",1,1,2.654266357421875,2.4808502197265625,"(-54.949214935302734, -22.33668327331543, 654.45703125)","(9.547046661376953, -24.04110336303711, 659.7224731445312)","(-23.205251693725586, 175.78749084472656, 53.33961486816406)","(-28.343442916870117, 148.28736877441406, 43.3304328918457)",POINT (0.4248417764902115 0.2110017389059067),,,,,,,,,,,,,,,,,,,,,,,,,,,,,,,,,,,,,,,,,,,,,,,,,
0,11,15,65333323646,1532183697,1,1,"(0.443084180355072, 0.22609826922416687)","(0.41394031047821045, 0.2481646090745926)",1,1,2.7622833251953125,2.40765380859375,"(-54.957977294921875, -22.357418060302734, 654.4915161132812)","(9.550397872924805, -24.04491424560547, 659.698486328125)","(-19.45269203186035, 159.27218627929688, 47.32857131958008)","(-29.552101135253906, 155.23023986816406, 45.85746383666992)",POINT (0.4285122454166412 0.2371314391493797),,,,,,,,,,,,,,,,,,,,,,,,,,,,,,,,,,,,,,,,,,,,,,,,1,
0,11,15,65333340313,1532200364,1,1,"(0.44151046872138977, 0.16723871231079102)","(0.4188861846923828, 0.2371382713317871)",1,1,2.667022705078125,2.430648803710937,"(-54.959571838378906, -22.365318298339844, 654.455078125)","(9.555927276611328, -24.065837860107422, 659.6861572265625)","(-19.998043060302734, 170.05357360839844, 51.25264358520508)","(-27.838178634643555, 157.2499542236328, 46.59254837036133)",POINT (0.4301983267068863 0.2021884918212891),,,,,,,,,,,,,,,,,,,,,,,,,,,,,,,,,,,,,,,,,,,,,,,,,
0,11,15,65333356981,1532217031,1,1,"(0.44213664531707764, 0.30941927433013916)","(0.4115835130214691, 0.2385084480047226)",1,1,2.90362548828125,2.4111785888671875,"(-54.962646484375, -22.370098114013672, 654.467041015625)","(9.553873062133789, -24.073715209960938, 659.67431640625)","(-19.78106117248535, 144.0101776123047, 41.773616790771484)","(-30.368820190429688, 156.9989776611328, 46.501216888427734)",POINT (0.4268600791692734 0.2739638611674309),,,,,,,,,,,,,,,,,,,,,,,,,,,,,,,,,,,,,,,,,,,,,,,1,1,
0,11,15,65333373647,1532233697,1,1,"(0.4354315400123596, 0.2518759071826935)","(0.40784916281700134, 0.24417641758918762)",1,1,2.795684814453125,2.4400177001953125,"(-54.965721130371094, -22.380062103271484, 654.478515625)","(9.555907249450684, -24.100460052490234, 659.7219848632812)","(-22.104602813720703, 154.55047607421875, 45.60997009277344)","(-31.662900924682617, 155.96078491210938, 46.123287200927734)",POINT (0.4216403514146805 0.2480261623859406),,,,,,,,,,,,,,,,,,,,,,,,,,,,,,,,,,,,,,,,,,,,,,,1,1,
0,11,15,65333390315,1532250364,1,1,"(0.4402250051498413, 0.2749935984611511)","(0.41470909118652344, 0.2569023072719574)",1,1,2.8164215087890625,2.4478759765625,"(-54.95786666870117, -22.383106231689453, 654.4195556640625)","(9.553513526916504, -24.10753059387207, 659.6862182617188)","(-20.443485260009766, 150.3159637451172, 44.068748474121094)","(-29.28569984436035, 153.62977600097656, 45.27486801147461)",POINT (0.4274670481681824 0.2659479528665543),,,,,,,,,,,,,,,,,,,,,,,,,,,,,,,,,,,,,,,,,,,,,,,1,1,
0,11,15,65333406988,1532267037,1,1,"(0.43957242369651794, 0.1684105396270752)","(0.414227694272995, 0.2436838448047638)",1,1,2.6616668701171875,2.4305419921875,"(-54.94898223876953, -22.388729095458984, 654.3732299804688)","(9.561080932617188, -24.106510162353516, 659.7222290039062)","(-20.66964340209961, 169.83892822265625, 51.17450714111328)","(-29.452516555786133, 156.051025390625, 46.1561279296875)",POINT (0.4269000589847565 0.2060471922159195),,,,,,,,,,,,,,,,,,,,,,,,,,,,,,,,,,,,,,,,,,,,,,,,,
0,11,15,65333423656,1532283704,1,1,"(0.44127127528190613, 0.24628545343875885)","(0.415522038936615, 0.24587085843086243)",1,1,2.7923736572265625,2.4730224609375,"(-54.930946350097656, -22.391643524169922, 654.3163452148438)","(9.571639060974121, -24.102693557739258, 659.7459716796875)","(-20.080936431884766, 155.57447814941406, 45.98268127441406)","(-29.00398063659668, 155.65040588378906, 46.01033020019531)",POINT (0.4283966571092606 0.2460781559348106),,,,,,,,,,,,,,,,,,,,,,,,,,,,,,,,,,,,,,,,,,,,,,,1,1,
0,11,15,65333440323,1532300371,1,1,"(0.4424419701099396, 0.23715321719646454)","(0.41346174478530884, 0.2435993105173111)",1,1,2.78082275390625,2.4544677734375,"(-54.913787841796875, -22.399559020996094, 654.2836303710938)","(9.58866024017334, -24.104976654052734, 659.7330932617188)","(-19.675235748291016, 157.24722290039062, 46.59152603149414)","(-29.717945098876953, 156.0664825439453, 46.161800384521484)",POINT (0.4279518574476242 0.2403762638568878),,,,,,,,,,,,,,,,,,,,,,,,,,,,,,,,,,,,,,,,,,,,,,,1,1,
0,11,15,65333456989,1532317037,1,1,"(0.4437321424484253, 0.14379815757274628)","(0.41539591550827026, 0.24384894967079163)",1,1,2.647491455078125,2.462615966796875,"(-54.88157272338867, -22.401142120361328, 654.1688842773438)","(9.606264114379883, -24.108997344970703, 659.6726684570312)","(-19.228151321411133, 174.34719848632812, 52.81541442871094)","(-29.04768943786621, 156.020751953125, 46.14517593383789)",POINT (0.4295640289783478 0.193823553621769),,,,,,,,,,,,,,,,,,,,,,,,,,,,,,,,,,,,,,,,,,,,,,,1,,
0,11,15,65333473657,1532333704,1,1,"(0.4325289726257324, 0.11958597600460052)","(0.41365423798561096, 0.2601124048233032)",1,1,2.579208374023437,2.492034912109375,"(-54.856468200683594, -22.411144256591797, 654.1731567382812)","(9.631604194641113, -24.1239013671875, 659.5757446289062)","(-23.110450744628906, 178.7821807861328, 54.42962646484375)","(-29.6512393951416, 153.04176330566406, 45.060874938964844)",POINT (0.4230916053056717 0.1898491904139519),,,,,,,,,,,,,,,,,,,,,,,,,,,,,,,,,,,,,,,,,,,,,,,1,,
0,11,15,65333490324,1532350371,1,1,"(0.44869959354400635, 0.2402525544166565)","(0.40907999873161316, 0.23475271463394165)",1,1,2.792083740234375,2.472640991210937,"(-54.826759338378906, -22.407588958740234, 654.238037109375)","(9.661518096923828, -24.135425567626953, 659.5869140625)","(-17.50672721862793, 156.67950439453125, 46.3848991394043)","(-31.23638153076172, 157.68695068359375, 46.751556396484375)",POINT (0.4288897961378098 0.2375026345252991),,,,,,,,,,,,,,,,,,,,,,,,,,,,,,,,,,,,,,,,,,,,,,,,1,
0,11,15,65333506992,1532367038,1,1,"(0.44289055466651917, 0.26523953676223755)","(0.4097403287887573, 0.22480210661888123)",1,1,2.8551788330078125,2.472198486328125,"(-54.812808990478516, -22.415691375732422, 654.408447265625)","(9.687599182128906, -24.162534713745117, 659.5743408203125)","(-19.519794464111328, 152.10263061523438, 44.71902847290039)","(-31.00754737854004, 159.5095977783203, 47.414955139160156)",POINT (0.4263154417276382 0.2450208216905594),,,,,,,,,,,,,,,,,,,,,,,,,,,,,,,,,,,,,,,,,,,,,,,1,1,
0,11,15,65333523658,1532383704,1,1,"(0.47439002990722656, 0.24128878116607666)","(0.4513307511806488, 0.22674115002155304)",1,1,2.802474975585937,2.4727783203125,"(-54.71442413330078, -22.398700714111328, 654.3411865234375)","(9.783239364624023, -24.16767120361328, 659.8350830078125)","(-8.604063034057617, 156.48971557617188, 46.315853118896484)","(-16.59494400024414, 159.15443420410156, 47.28569793701172)",POINT (0.4628603905439377 0.2340149655938148),,,,,,,,,,,,,,,,,,,,,,,,,,,,,,,,,,,,,,,,,,,,,,,1,1,
0,11,15,65333540328,1532400373,1,1,"(0.4795818626880646, 0.16643685102462769)","(0.45351532101631165, 0.2270870953798294)",1,1,2.711212158203125,2.4803009033203125,"(-54.60643768310547, -22.3822021484375, 654.1314086914062)","(9.864412307739258, -24.15422821044922, 659.5810546875)","(-6.80491828918457, 170.20045471191406, 51.306129455566406)","(-15.837921142578125, 159.09104919433594, 47.26265335083008)",POINT (0.4665485918521881 0.1967619732022286),,,,,,,,,,,,,,,,,,,,,,,,,,,,,,,,,,,,,,,,,,,,,,,1,,
0,11,15,65333556996,1532417041,1,1,"(0.4740919768810272, 0.24231679737567902)","(0.44673213362693787, 0.2291804999113083)",1,1,2.832382202148437,2.4709930419921875,"(-54.592247009277344, -22.37509536743164, 654.1217041015625)","(9.871997833251953, -24.146116256713867, 659.5808715820312)","(-8.707357406616211, 156.30142211914062, 46.24728775024414)","(-18.188539505004883, 158.70761108398438, 47.12307357788086)",POINT (0.4604120552539825 0.2357486486434936),,,,,,,,,,,,,,,,,,,,,,,,,,,,,,,,,,,,,,,,,,,,,,,1,1,
0,11,15,65333573662,1532433707,1,1,"(0.4708004593849182, 0.241114541888237)","(0.45381003618240356, 0.24441158771514893)",1,1,2.788787841796875,2.468246459960937,"(-54.57100296020508, -22.370079040527344, 654.2210083007812)","(9.894947052001953, -24.13395118713379, 659.616455078125)","(-9.84798812866211, 156.52162170410156, 46.32746887207031)","(-15.735786437988281, 155.91770935058594, 46.107627868652344)",POINT (0.4623052477836609 0.242763064801693),,,,,,,,,,,,,,,,,,,,,,,,,,,,,,,,,,,,,,,,,,,,,,,1,1,
0,11,15,65333590330,1532450374,1,1,"(0.47756433486938477, 0.269771546125412)","(0.4515128433704376, 0.2421931028366089)",1,1,2.8681182861328125,2.472259521484375,"(-54.563533782958984, -22.36561393737793, 654.3069458007812)","(9.901613235473633, -24.118366241455078, 659.640380859375)","(-7.504054546356201, 151.27249145507812, 44.41691207885742)","(-16.53184700012207, 156.32406616210938, 46.25553512573242)",POINT (0.4645385891199112 0.2559823244810104),,,,,,,,,,,,,,,,,,,,,,,,,,,,,,,,,,,,,,,,,,,,,,,1,1,
0,11,15,65333606997,1532467041,1,1,"(0.47783026099205017, 0.27097079157829285)","(0.44664037227630615, 0.2448323667049408)",1,1,2.8464508056640625,2.46942138671875,"(-54.55765151977539, -22.36621856689453, 654.3668823242188)","(9.906213760375977, -24.117904663085938, 659.6881713867188)","(-7.411908149719238, 151.05282592773438, 44.33692169189453)","(-18.220340728759766, 155.8406219482422, 46.07957458496094)",POINT (0.4622353166341782 0.2579015791416168),,,,,,,,,,,,,,,,,,,,,,,,,,,,,,,,,,,,,,,,,,,,,,,1,1,
0,11,15,65333623664,1532483707,1,1,"(0.47416460514068604, 0.2667411267757416)","(0.45152005553245544, 0.22656048834323883)",1,1,2.8401031494140625,2.4470672607421875,"(-54.56434631347656, -22.3705997467041, 654.462158203125)","(9.903883934020996, -24.1328125, 659.7482299804688)","(-8.682180404663086, 151.8275604248047, 44.618953704833984)","(-16.529338836669922, 159.18751525878906, 47.29772186279297)",POINT (0.4628423303365707 0.2466508075594902),,,,,,,,,,,,,,,,,,,,,,,,,,,,,,,,,,,,,,,,,,,,,,,1,1,
0,11,15,65333640331,1532500374,1,1,"(0.4720800817012787, 0.2574594020843506)","(0.44813406467437744, 0.2660929560661316)",1,1,2.8165740966796875,2.5013885498046875,"(-54.56993865966797, -22.3762264251709, 654.5213012695312)","(9.89822006225586, -24.148115158081055, 659.7965087890625)","(-9.404539108276367, 153.52772521972656, 45.237735748291016)","(-17.702720642089844, 151.9462890625, 44.66217041015625)",POINT (0.4601070731878281 0.2617761790752411),,,,,,,,,,,,,,,,,,,,,,,,,,,,,,,,,,,,,,,,,,,,,,,1,1,
0,11,15,65333656998,1532517040,1,1,"(0.4771183133125305, 0.23436449468135834)","(0.4475039541721344, 0.23323428630828857)",1,1,2.786041259765625,2.453765869140625,"(-54.59444808959961, -22.38689613342285, 654.5892333984375)","(9.880647659301758, -24.164459228515625, 659.8570556640625)","(-7.658617973327637, 157.758056640625, 46.77744674682617)","(-17.921064376831055, 157.96505737304688, 46.85279083251953)",POINT (0.4623111337423325 0.2337993904948235),,,,,,,,,,,,,,,,,,,,,,,,,,,,,,,,,,,,,,,,,,,,,,,1,1,
0,11,15,65333673667,1532533709,1,1,"(0.4824608862400055, 0.2937019169330597)","(0.444355845451355, 0.2659429609775543)",1,1,2.887664794921875,2.4799957275390625,"(-54.61552810668945, -22.4097843170166, 654.6696166992188)","(9.869937896728516, -24.18825912475586, 660.0015869140625)","(-5.807223320007324, 146.88912963867188, 42.821495056152344)","(-19.012012481689453, 151.97377014160156, 44.672183990478516)",POINT (0.4634083658456802 0.279822438955307),,,,,,,,,,,,,,,,,,,,,,,,,,,,,,,,,,,,,,,,,,,,,,,1,1,
0,11,15,65333690335,1532550376,1,1,"(0.47425222396850586, 0.15198810398578644)","(0.45188555121421814, 0.233026385307312)",1,1,2.6345672607421875,2.4389801025390625,"(-54.638671875, -22.435686111450195, 654.6897583007812)","(9.834474563598633, -24.2008056640625, 660.195068359375)","(-8.651815414428711, 172.84703063964844, 52.26938247680664)","(-16.40268898010254, 158.00314331054688, 46.866676330566406)",POINT (0.463068887591362 0.1925072446465492),,,,,,,,,,,,,,,,,,,,,,,,,,,,,,,,,,,,,,,,,,,,,,,1,,
0,11,15,65333707001,1532567042,1,1,"(0.47897887229919434, 0.24490253627300262)","(0.46349895000457764, 0.22402353584766388)",1,1,2.775299072265625,2.4273223876953125,"(-54.6712646484375, -22.471874237060547, 654.7200927734375)","(9.78791332244873, -24.22118377685547, 660.4129638671875)","(-7.013858318328857, 155.82777404785156, 46.07489013671875)","(-12.378225326538086, 159.65219116210938, 47.4669189453125)",POINT (0.471238911151886 0.2344630360603332),,,,,,,,,,,,,,,,,,,,,,,,,,,,,,,,,,,,,,,,,,,,,,,1,1,
0,11,15,65333723669,1532583709,1,1,"(0.479933500289917, 0.22844968736171722)","(0.45558130741119385, 0.22967228293418884)",1,1,2.800155639648437,2.4268951416015625,"(-54.70116424560547, -22.498363494873047, 654.8834228515625)","(9.758538246154785, -24.227935791015625, 660.3534545898438)","(-6.683035373687744, 158.84146118164062, 47.17177963256836)","(-15.121980667114258, 158.61752319335938, 47.09027099609375)",POINT (0.4677574038505554 0.229060985147953),,,,,,,,,,,,,,,,,,,,,,,,,,,,,,,,,,,,,,,,,,,,,,,,1,
0,11,15,65333740335,1532600375,1,1,"(0.4779638350009918, 0.22271281480789185)","(0.4588308036327362, 0.27695217728614807)",1,1,2.7700347900390625,2.53045654296875,"(-54.734779357910156, -22.523883819580078, 655.0098266601562)","(9.737430572509766, -24.230722427368164, 660.2093505859375)","(-7.365605354309082, 159.8922882080078, 47.55430221557617)","(-13.995920181274414, 149.9571990966797, 43.93819046020508)",POINT (0.468397319316864 0.24983249604702),,,,,,,,,,,,,,,,,,,,,,,,,,,,,,,,,,,,,,,,,,,,,,,1,1,
0,11,15,65333757004,1532617043,1,1,"(0.48095646500587463, 0.1953391432762146)","(0.4450269639492035, 0.24039234220981598)",1,1,2.7270965576171875,2.446136474609375,"(-54.75714874267578, -22.52823257446289, 655.0060424804688)","(9.728582382202148, -24.229251861572266, 660.1375732421875)","(-6.328551769256592, 164.90635681152344, 49.379234313964844)","(-18.77943992614746, 156.65391540527344, 46.37560272216797)",POINT (0.4629917144775391 0.2178657427430153),,,,,,,,,,,,,,,,,,,,,,,,,,,,,,,,,,,,,,,,,,,,,,,,1,
0,11,15,65333773670,1532633709,1,1,"(0.4727584421634674, 0.2524688243865967)","(0.43262752890586853, 0.24208135902881622)",1,1,2.8230743408203125,2.42236328125,"(-54.787940979003906, -22.550846099853516, 654.8447875976562)","(9.69476318359375, -24.239957809448242, 660.4036254882812)","(-9.169466018676758, 154.4418487548828, 45.57045364379883)","(-23.076297760009766, 156.3445281982422, 46.26298904418945)",POINT (0.452692985534668 0.2472750917077064),,,,,,,,,,,,,,,,,,,,,,,,,,,,,,,,,,,,,,,,,,,,,,,1,1,
0,11,15,65333790337,1532650375,1,1,"(0.42030200362205505, 0.18179574608802795)","(0.3976336121559143, 0.2734932005405426)",1,1,2.645614624023437,2.421234130859375,"(-54.972408294677734, -22.586130142211914, 655.138427734375)","(9.503924369812012, -24.239076614379883, 660.2044677734375)","(-27.347549438476562, 167.3871307373047, 50.28214645385742)","(-35.20296859741211, 150.59078979492188, 44.168800354003906)",POINT (0.4089678078889847 0.2276444733142853),,,,,,,,,,,,,,,,,,,,,,,,,,,,,,,,,,,,,,,,,,,,,,,,1,
0,11,15,65333807013,1532667051,1,1,"(0.42751315236091614, 0.13611100614070892)","(0.39488065242767334, 0.2659258544445038)",1,1,2.5706024169921875,2.4333953857421875,"(-54.98509979248047, -22.58978271484375, 655.0157470703125)","(9.498859405517578, -24.238555908203125, 660.2646484375)","(-24.848617553710938, 175.7552490234375, 53.32789611816406)","(-36.1569709777832, 151.97691345214844, 44.67329025268555)",POINT (0.4111969023942947 0.2010184302926064),,,,,,,,,,,,,,,,,,,,,,,,,,,,,,,,,,,,,,,,,,,,,,,,,
0,11,15,65333823680,1532683717,1,1,"(0.43049904704093933, 0.26415690779685974)","(0.38639527559280396, 0.25938162207603455)",1,1,2.7712554931640625,2.3888702392578125,"(-54.99462890625, -22.59567642211914, 654.905029296875)","(9.487265586853027, -24.249034881591797, 660.43408203125)","(-23.813886642456055, 152.30093383789062, 44.791229248046875)","(-39.09746551513672, 153.1756134033203, 45.109596252441406)",POINT (0.4084471613168716 0.2617692649364471),,,,,,,,,,,,,,,,,,,,,,,,,,,,,,,,,,,,,,,,,,,,,,,1,1,
0,11,15,65333840347,1532700384,1,1,"(0.4273289144039154, 0.2968066930770874)","(0.39109325408935547, 0.2912532091140747)",1,1,2.807235717773437,2.4740142822265625,"(-55.0124626159668, -22.602508544921875, 654.951416015625)","(9.474004745483398, -24.24695587158203, 660.5426025390625)","(-24.91245460510254, 146.32041931152344, 42.614501953125)","(-37.469459533691406, 147.33766174316406, 42.984745025634766)",POINT (0.4092110842466354 0.294029951095581),,,,,,,,,,,,,,,,,,,,,,,,,,,,,,,,,,,,,,,,,,,,,,,1,1,
0,11,15,65333857015,1532717051,1,1,"(0.43232274055480957, 0.3064973056316376)","(0.3949652314186096, 0.30978384613990784)",1,1,2.8339385986328125,2.48907470703125,"(-55.02909851074219, -22.60931396484375, 654.9964599609375)","(9.458123207092285, -24.24885368347168, 660.62744140625)","(-23.181921005249023, 144.54537963867188, 41.96843719482422)","(-36.12766647338867, 143.94338989257812, 41.74932861328125)",POINT (0.4136439859867096 0.3081405758857727),,,,,,,,,,,,,,,,,,,,,,,,,,,,,,,,,,,,,,,,,,,,,,,,1,
0,11,15,65333873681,1532733717,1,1,"(0.4211738109588623, 0.28046879172325134)","(0.39438343048095703, 0.2981906235218048)",1,1,2.7635650634765625,2.4872283935546875,"(-55.019203186035156, -22.604740142822266, 654.961669921875)","(9.470331192016602, -24.243507385253906, 660.506591796875)","(-27.04543113708496, 149.3130645751953, 43.703731536865234)","(-36.32928466796875, 146.0669403076172, 42.52222442626953)",POINT (0.4077786207199097 0.2893297076225281),,,,,,,,,,,,,,,,,,,,,,,,,,,,,,,,,,,,,,,,,,,,,,,1,1,
0,11,15,65333890349,1532750384,1,1,"(0.43506762385368347, 0.320747435092926)","(0.39174890518188477, 0.30031073093414307)",1,1,2.835296630859375,2.48602294921875,"(-55.001808166503906, -22.59847640991211, 654.928955078125)","(9.494953155517578, -24.23760414123535, 660.264892578125)","(-22.2307186126709, 141.93516540527344, 41.018409729003906)","(-37.24224090576172, 145.67857360839844, 42.38090133666992)",POINT (0.4134082645177841 0.3105290830135346),,,,,,,,,,,,,,,,,,,,,,,,,,,,,,,,,,,,,,,,,,,,,,,,1,
0,11,15,65333907015,1532767050,1,1,"(0.44152894616127014, 0.25560641288757324)","(0.39625659584999084, 0.3003760576248169)",1,1,2.770111083984375,2.4809722900390625,"(-54.98530197143555, -22.589284896850586, 654.9796142578125)","(9.509401321411133, -24.23004150390625, 660.1678466796875)","(-19.991622924804688, 153.86712646484375, 45.361289978027344)","(-35.68015670776367, 145.6666259765625, 42.37653350830078)",POINT (0.4188927710056305 0.2779912352561951),,,,,,,,,,,,,,,,,,,,,,,,,,,,,,,,,,,,,,,,,,,,,,,1,1,
0,11,15,65333940353,1532800387,1,1,"(0.43989744782447815, 0.2710089385509491)","(0.40050968527793884, 0.25787094235420227)",1,1,2.7977447509765625,2.4412078857421875,"(-54.882713317871094, -22.56320571899414, 655.0093383789062)","(9.593244552612305, -24.225584030151367, 660.6356201171875)","(-20.557003021240234, 151.0458526611328, 44.33438491821289)","(-34.206295013427734, 153.45233154296875, 45.210296630859375)",POINT (0.4202035665512085 0.2644399404525757),,,,,,,,,,,,,,,,,,,,,,,,,,,,,,,,,,,,,,,,,,,,,,,1,1,
0,11,15,65333957020,1532817053,1,1,"(0.4156317114830017, 0.23789727687835693)","(0.3840271830558777, 0.2609635889530182)",1,1,2.7224884033203125,2.419830322265625,"(-54.856475830078125, -22.541231155395508, 654.8455810546875)","(9.607948303222656, -24.223560333251953, 660.62255859375)","(-28.965974807739258, 157.11094665527344, 46.54191207885742)","(-39.91808319091797, 152.88584899902344, 45.004146575927734)",POINT (0.3998294472694397 0.2494304329156876),,,,,,,,,,,,,,,,,,,,,,,,,,,,,,,,,,,,,,,,,,,,,,,1,1,
0,11,15,65333973687,1532833720,1,1,"(0.4237827956676483, 0.24252861738204956)","(0.38000911474227905, 0.26805442571640015)",1,1,2.740966796875,2.442245483398437,"(-54.789100646972656, -22.521770477294922, 654.7606201171875)","(9.688201904296875, -24.213001251220703, 660.222900390625)","(-26.14130973815918, 156.26260375976562, 46.2331657409668)","(-41.31051254272461, 151.58702087402344, 44.53139114379883)",POINT (0.4018959552049637 0.2552915215492248),,,,,,,,,,,,,,,,,,,,,,,,,,,,,,,,,,,,,,,,,,,,,,,1,1,
0,11,15,65333990355,1532850387,1,1,"(0.4282146096229553, 0.2221243679523468)","(0.38957881927490234, 0.24025413393974304)",1,1,2.679779052734375,2.4178619384765625,"(-54.751220703125, -22.503204345703125, 654.802734375)","(9.729217529296875, -24.226459503173828, 660.1256103515625)","(-24.60553550720215, 160.0000762939453, 47.59352493286133)","(-37.994239807128906, 156.6792449951172, 46.3847770690918)",POINT (0.4088967144489288 0.2311892509460449),,,,,,,,,,,,,,,,,,,,,,,,,,,,,,,,,,,,,,,,,,,,,,,,1,
0,11,15,65334007021,1532867053,1,1,"(0.4213602542877197, 0.22635406255722046)","(0.39557480812072754, 0.28727737069129944)",1,1,2.6608123779296875,2.4936981201171875,"(-54.729156494140625, -22.472179412841797, 654.8182373046875)","(9.742814064025879, -24.220382690429688, 660.2333374023438)","(-26.980825424194336, 159.22532653808594, 47.3115234375)","(-35.916404724121094, 148.06591796875, 43.249820709228516)",POINT (0.4084675312042236 0.25681571662426),,,,,,,,,,,,,,,,,,,,,,,,,,,,,,,,,,,,,,,,,,,,,,,1,1,
0,11,15,65334023689,1532883720,1,1,"(0.4214448034763336, 0.263507217168808)","(0.395865261554718, 0.24645961821079254)",1,1,2.741363525390625,2.4332275390625,"(-54.7071533203125, -22.473573684692383, 654.7980346679688)","(9.759199142456055, -24.21855354309082, 660.2686767578125)","(-26.95151710510254, 152.41995239257812, 44.834495544433594)","(-35.81576919555664, 155.54257202148438, 45.97107696533203)",POINT (0.4086550325155258 0.2549834176898003),,,,,,,,,,,,,,,,,,,,,,,,,,,,,,,,,,,,,,,,,,,,,,,1,1,
0,11,15,65334040355,1532900386,1,1,"(0.42578932642936707, 0.3119814693927765)","(0.4044007956981659, 0.267788827419281)",1,1,2.821685791015625,2.4481964111328125,"(-54.667236328125, -22.471277236938477, 654.6248779296875)","(9.783051490783691, -24.208126068115234, 660.1480712890625)","(-25.44599151611328, 143.5408477783203, 41.60282516479492)","(-32.8578987121582, 151.6356658935547, 44.54910659790039)",POINT (0.4150950610637665 0.2898851484060288),,,,,,,,,,,,,,,,,,,,,,,,,,,,,,,,,,,,,,,,,,,,,,,1,1,
0,11,15,65334057028,1532917058,1,1,"(0.42862188816070557, 0.28515833616256714)","(0.3958090543746948, 0.2689880430698395)",1,1,2.774993896484375,2.45458984375,"(-54.65483093261719, -22.45733642578125, 654.5429077148438)","(9.792708396911621, -24.201204299926758, 660.0274658203125)","(-24.46440315246582, 148.45407104492188, 43.39107894897461)","(-35.83525848388672, 151.41600036621094, 44.469146728515625)",POINT (0.4122154712677002 0.2770731896162033),,,,,,,,,,,,,,,,,,,,,,,,,,,,,,,,,,,,,,,,,,,,,,,1,1,
0,11,15,65334073695,1532933725,1,1,"(0.42453083395957947, 0.20188261568546295)","(0.39547237753868103, 0.33548617362976074)",1,1,2.63604736328125,2.5631561279296875,"(-54.63587188720703, -22.45157814025879, 654.4503784179688)","(9.816058158874512, -24.200206756591797, 659.8458251953125)","(-25.882104873657227, 163.70777893066406, 48.94301223754883)","(-35.95191955566406, 139.23545837402344, 40.03580856323242)",POINT (0.4100016057491302 0.2686843946576118),,,,,,,,,,,,,,,,,,,,,,,,,,,,,,,,,,,,,,,,,,,,,,,1,1,
0,11,15,65334090362,1532950391,1,1,"(0.42467010021209717, 0.2952933609485626)","(0.3900904059410095, 0.29203128814697266)",1,1,2.812042236328125,2.4810943603515625,"(-54.62619400024414, -22.4559268951416, 654.4639892578125)","(9.843297958374023, -24.204158782958984, 659.6652221679688)","(-25.833831787109375, 146.59762573242188, 42.71537780761719)","(-37.81697082519531, 147.19512939453125, 42.932891845703125)",POINT (0.4073802530765533 0.2936623245477676),,,,,,,,,,,,,,,,,,,,,,,,,,,,,,,,,,,,,,,,,,,,,,,1,1,
0,11,15,65334107029,1532967058,1,1,"(0.42597776651382446, 0.27551576495170593)","(0.39195194840431213, 0.2757321298122406)",1,1,2.7661285400390625,2.4394683837890625,"(-54.62181854248047, -22.45960807800293, 654.4406127929688)","(9.848615646362305, -24.20624542236328, 659.5570678710938)","(-25.380691528320312, 150.22030639648438, 44.03395462036133)","(-37.17188262939453, 150.18069458007812, 44.019500732421875)",POINT (0.4089648574590683 0.2756239473819733),,,,,,,,,,,,,,,,,,,,,,,,,,,,,,,,,,,,,,,,,,,,,,,1,1,
0,11,15,65334123697,1532983725,1,1,"(0.42658278346061707, 0.20222443342208862)","(0.3850192129611969, 0.2778943181037903)",1,1,2.666015625,2.4593963623046875,"(-54.61656951904297, -22.46761703491211, 654.4293823242188)","(9.858189582824707, -24.210947036743164, 659.436767578125)","(-25.1710262298584, 163.64517211914062, 48.920204162597656)","(-39.57432556152344, 149.7846221923828, 43.87538146972656)",POINT (0.405800998210907 0.2400593757629394),,,,,,,,,,,,,,,,,,,,,,,,,,,,,,,,,,,,,,,,,,,,,,,,1,
0,11,15,65334140363,1533000391,1,1,"(0.45430463552474976, 0.31200167536735535)","(0.40031570196151733, 0.26812058687210083)",1,1,2.857635498046875,2.4205780029296875,"(-54.54933166503906, -22.508771896362305, 654.321044921875)","(9.93198299407959, -24.23147964477539, 659.9509887695312)","(-15.564393043518066, 143.53713989257812, 41.60149002075195)","(-34.27352523803711, 151.5749053955078, 44.5269660949707)",POINT (0.4273101687431335 0.2900611311197281),,,,,,,,,,,,,,,,,,,,,,,,,,,,,,,,,,,,,,,,,,,,,,,1,1,
0,11,15,65334157031,1533017058,1,1,"(0.46707314252853394, 0.3235238790512085)","(0.4412418007850647, 0.3577810227870941)",1,1,2.845977783203125,2.5257720947265625,"(-54.47587203979492, -22.54665184020996, 654.5498657226562)","(9.980520248413086, -24.25000762939453, 659.7822265625)","(-11.139636039733887, 141.42660522460938, 40.83329391479492)","(-20.091148376464844, 135.1516876220703, 38.54941940307617)",POINT (0.4541574716567993 0.3406524509191513),,,,,,,,,,,,,,,,,,,,,,,,,,,,,,,,,,,,,,,,,,,,,,,,1,
0,11,15,65334173697,1533033724,1,1,"(0.4674062430858612, 0.2778099775314331)","(0.4378400444984436, 0.2999185025691986)",1,1,2.78753662109375,2.428131103515625,"(-54.486427307128906, -22.564617156982422, 654.5357055664062)","(9.980244636535645, -24.26858901977539, 659.8185424804688)","(-11.024209022521973, 149.80007934570312, 43.8809814453125)","(-21.269975662231445, 145.75042724609375, 42.40702819824219)",POINT (0.4526231437921524 0.2888642400503159),,,,,,,,,,,,,,,,,,,,,,,,,,,,,,,,,,,,,,,,,,,,,,,1,1,
0,11,15,65334190371,1533050397,1,1,"(0.47258514165878296, 0.2904644012451172)","(0.4375094473361969, 0.2759307324886322)",1,1,2.782806396484375,2.3936920166015625,"(-54.485450744628906, -22.56557273864746, 654.535888671875)","(9.986696243286133, -24.26879119873047, 659.781982421875)","(-9.229530334472656, 147.4821319580078, 43.037330627441406)","(-21.384532928466797, 150.144287109375, 44.00631332397461)",POINT (0.4550472944974899 0.2831975668668747),,,,,,,,,,,,,,,,,,,,,,,,,,,,,,,,,,,,,,,,,,,,,,,1,1,
0,11,15,65334207038,1533067064,1,1,"(0.46951356530189514, 0.29801347851753235)","(0.4295145273208618, 0.27042022347450256)",1,1,2.82281494140625,2.3817138671875,"(-54.491390228271484, -22.56256103515625, 654.571044921875)","(9.982078552246094, -24.266801834106445, 659.7703857421875)","(-10.293932914733887, 146.09938049316406, 42.5340690612793)","(-24.155061721801758, 151.15365600585938, 44.37367630004883)",POINT (0.4495140463113785 0.2842168509960175),,,,,,,,,,,,,,,,,,,,,,,,,,,,,,,,,,,,,,,,,,,,,,,1,1,
0,11,15,65334223705,1533083730,1,1,"(0.46427062153816223, 0.27620819211006165)","(0.43532055616378784, 0.2748349606990814)",1,1,2.751434326171875,2.3744659423828125,"(-54.492897033691406, -22.557231903076172, 654.5828857421875)","(9.979042053222656, -24.26014518737793, 659.8185424804688)","(-12.110816955566406, 150.09347534179688, 43.987796783447266)","(-22.143068313598633, 150.34500122070312, 44.079376220703125)",POINT (0.449795588850975 0.2755215764045715),,,,,,,,,,,,,,,,,,,,,,,,,,,,,,,,,,,,,,,,,,,,,,,1,1,
0,11,15,65334240373,1533100398,1,1,"(0.46226176619529724, 0.26662445068359375)","(0.4355441927909851, 0.26948580145835876)",1,1,2.72711181640625,2.3689422607421875,"(-54.48899841308594, -22.560894012451172, 654.618896484375)","(9.985980033874512, -24.262657165527344, 659.770263671875)","(-12.806951522827148, 151.84893798828125, 44.62672424316406)","(-22.065567016601562, 151.32484436035156, 44.435951232910156)",POINT (0.4489029794931412 0.2680551260709763),,,,,,,,,,,,,,,,,,,,,,,,,,,,,,,,,,,,,,,,,,,,,,,1,1,
0,11,15,65334257040,1533117064,1,1,"(0.4661983847618103, 0.2975723445415497)","(0.439534068107605, 0.2897222340106964)",1,1,2.7874908447265625,2.3693084716796875,"(-54.485843658447266, -22.554603576660156, 654.5950927734375)","(9.985498428344727, -24.25615692138672, 659.8181762695312)","(-11.442776679992676, 146.18019104003906, 42.563446044921875)","(-20.682931900024414, 147.61810302734375, 43.086795806884766)",POINT (0.4528662264347076 0.293647289276123),,,,,,,,,,,,,,,,,,,,,,,,,,,,,,,,,,,,,,,,,,,,,,,1,1,
0,11,15,65334273706,1533133730,1,1,"(0.47660285234451294, 0.3127277195453644)","(0.43745604157447815, 0.29880568385124207)",1,1,2.8369293212890625,2.4281158447265625,"(-54.47737121582031, -22.554641723632812, 654.597412109375)","(9.996896743774414, -24.265602111816406, 659.7818603515625)","(-7.837235927581787, 143.4041748046875, 41.55303192138672)","(-21.403039932250977, 145.95425415039062, 42.48124694824219)",POINT (0.4570294469594955 0.3057667016983032),,,,,,,,,,,,,,,,,,,,,,,,,,,,,,,,,,,,,,,,,,,,,,,,1,
0,11,15,65334307041,1533167064,1,1,"(0.4654783606529236, 0.29432985186576843)","(0.4279939532279968, 0.3206683099269867)",1,1,2.78839111328125,2.4752197265625,"(-54.43031692504883, -22.542579650878906, 654.4736328125)","(10.044440269470215, -24.276552200317383, 659.6719970703125)","(-11.692291259765625, 146.7740936279297, 42.779666900634766)","(-24.682004928588867, 141.94967651367188, 41.02366256713867)",POINT (0.4467361569404602 0.3074990808963776),,,,,,,,,,,,,,,,,,,,,,,,,,,,,,,,,,,,,,,,,,,,,,,,1,
0,11,15,65334323714,1533183736,1,1,"(0.4650425612926483, 0.3103441298007965)","(0.4261629283428192, 0.3031370937824249)",1,1,2.8031463623046875,2.4149169921875,"(-54.409912109375, -22.530548095703125, 654.46533203125)","(10.075004577636719, -24.274188995361328, 659.7431640625)","(-11.843304634094238, 143.84075927734375, 41.71197509765625)","(-25.31650733947754, 145.16087341308594, 42.19245147705078)",POINT (0.4456027448177338 0.3067406117916107),,,,,,,,,,,,,,,,,,,,,,,,,,,,,,,,,,,,,,,,,,,,,,,,1,
0,11,15,65334340380,1533200402,1,1,"(0.4708467423915863, 0.33449074625968933)","(0.4244218170642853, 0.34333229064941406)",1,1,2.85272216796875,2.5025634765625,"(-54.365989685058594, -22.5189266204834, 654.30419921875)","(10.111498832702637, -24.265819549560547, 659.8863525390625)","(-9.831941604614258, 139.41778564453125, 40.10212326049805)","(-25.919885635375977, 137.79827880859375, 39.5127067565918)",POINT (0.4476342797279358 0.3389115184545517),,,,,,,,,,,,,,,,,,,,,,,,,,,,,,,,,,,,,,,,,,,,,,,,1,
0,11,15,65334357048,1533217069,1,1,"(0.5136464238166809, 0.2270464450120926)","(0.4962778389453888, 0.3832108676433563)",1,1,2.62841796875,2.572601318359375,"(-54.257442474365234, -22.48312759399414, 654.4418334960938)","(10.204828262329102, -24.251548767089844, 659.8114624023438)","(4.999722003936768, 159.09848022460938, 47.265350341796875)","(-1.0191447734832764, 130.49366760253906, 36.8540153503418)",POINT (0.5049621313810349 0.3051286563277245),,,,,,,,,,,,,,,,,,,,,,,,,,,,,,,,,,,,,,,,,,,,,,,,1,
0,11,15,65334373714,1533233735,1,1,"(0.5023700594902039, 0.3535224199295044)","(0.4711473882198334, 0.31873783469200134)",1,1,2.85516357421875,2.462005615234375,"(-54.19034957885742, -22.450206756591797, 654.3212280273438)","(10.274083137512207, -24.240283966064453, 659.68896484375)","(1.0920326709747314, 135.93174743652344, 38.83330154418945)","(-9.727761268615723, 142.3032684326172, 41.15238952636719)",POINT (0.4867587238550186 0.3361301273107529),,,,,,,,,,,,,,,,,,,,,,,,,,,,,,,,,,,,,,,,,,,,,,,,1,
0,11,15,65334390382,1533250402,1,1,"(0.5135852694511414, 0.3452666699886322)","(0.4737392067909241, 0.30338841676712036)",1,1,2.8258514404296875,2.458969116210937,"(-54.183349609375, -22.446325302124023, 654.29833984375)","(10.29597282409668, -24.228864669799805, 659.6521606445312)","(4.978529453277588, 137.44395446777344, 39.38373947143555)","(-8.829601287841797, 145.11485290527344, 42.17570495605469)",POINT (0.4936622381210327 0.3243275433778763),,,,,,,,,,,,,,,,,,,,,,,,,,,,,,,,,,,,,,,,,,,,,,,,1,
0,11,15,65334407049,1533267069,1,1,"(0.5056354403495789, 0.3643858730792999)","(0.46566250920295715, 0.26121723651885986)",1,1,2.85626220703125,2.3986358642578125,"(-54.16558837890625, -22.43000030517578, 654.3015747070312)","(10.327506065368652, -24.221132278442383, 659.6632080078125)","(2.223600149154663, 133.94187927246094, 38.10906982421875)","(-11.6284818649292, 152.83938598632812, 44.987220764160156)",POINT (0.485648974776268 0.3128015547990799),,,,,,,,,,,,,,,,,,,,,,,,,,,,,,,,,,,,,,,,,,,,,,,,1,
0,11,15,65334423716,1533283735,1,1,"(0.512121856212616, 0.37713029980659485)","(0.4613044559955597, 0.3434695303440094)",1,1,2.8955535888671875,2.5232086181640625,"(-54.16346740722656, -22.44329833984375, 654.3138427734375)","(10.334953308105469, -24.226940155029297, 659.675048828125)","(4.471394062042236, 131.60745239257812, 37.259403228759766)","(-13.138702392578125, 137.7731475830078, 39.503517150878906)",POINT (0.4867131561040878 0.3602999150753021),,,,,,,,,,,,,,,,,,,,,,,,,,,,,,,,,,,,,,,,,,,,,,,,1,
0,11,15,65334440383,1533300402,1,1,"(0.5125827789306641, 0.35921671986579895)","(0.4630652070045471, 0.35089507699012756)",1,1,2.8777008056640625,2.495697021484375,"(-54.140201568603516, -22.467472076416016, 654.28173828125)","(10.35433292388916, -24.239715576171875, 659.9026489257812)","(4.6311163902282715, 134.88868713378906, 38.453712463378906)","(-12.528518676757812, 136.41299438476562, 39.00849533081055)",POINT (0.4878239929676056 0.3550558984279633),,,,,,,,,,,,,,,,,,,,,,,,,,,,,,,,,,,,,,,,,,,,,,,,1,
0,11,15,65334457054,1533317072,1,1,"(0.5057258605957031, 0.337309330701828)","(0.4697558581829071, 0.3727368712425232)",1,1,2.8639678955078125,2.543685913085937,"(-54.12133026123047, -22.49913215637207, 654.1890869140625)","(10.352151870727539, -24.257734298706055, 659.9271240234375)","(2.254931688308716, 138.90150451660156, 39.91425323486328)","(-10.209975242614746, 132.4121856689453, 37.55234146118164)",POINT (0.4877408593893051 0.3550231009721756),,,,,,,,,,,,,,,,,,,,,,,,,,,,,,,,,,,,,,,,,,,,,,,,1,
0,11,15,65334473720,1533333738,1,1,"(0.514447033405304, 0.3110596239566803)","(0.4783858358860016, 0.32782813906669617)",1,1,2.8318634033203125,2.471466064453125,"(-54.103981018066406, -22.53300666809082, 654.1563720703125)","(10.353632926940918, -24.290241241455078, 659.8194580078125)","(5.277146339416504, 143.70968627929688, 41.6642951965332)","(-7.2193779945373535, 140.63818359375, 40.54632568359375)",POINT (0.4964164346456528 0.3194438815116882),,,,,,,,,,,,,,,,,,,,,,,,,,,,,,,,,,,,,,,,,,,,,,,,1,
0,11,15,65334490388,1533350405,1,1,"(0.5072401762008667, 0.27171793580055237)","(0.47111019492149353, 0.2587258219718933)",1,1,2.759857177734375,2.3971710205078125,"(-54.08856201171875, -22.559425354003906, 654.2425537109375)","(10.37160873413086, -24.34137725830078, 659.782958984375)","(2.779733180999756, 150.9159698486328, 44.28714370727539)","(-9.740652084350586, 153.29574584960938, 45.153316497802734)",POINT (0.4891751855611801 0.2652218788862228),,,,,,,,,,,,,,,,,,,,,,,,,,,,,,,,,,,,,,,,,,,,,,,1,1,
0,11,15,65334507055,1533367072,1,1,"(0.5061134696006775, 0.3524478077888489)","(0.4769638478755951, 0.25956133008003235)",1,1,2.9029083251953125,2.4356231689453125,"(-54.09037399291992, -22.577171325683594, 654.4343872070312)","(10.383426666259766, -24.38335418701172, 659.8424072265625)","(2.3892757892608643, 136.12855529785156, 38.90499496459961)","(-7.7121429443359375, 153.1427001953125, 45.09762954711914)",POINT (0.4915386587381363 0.3060045689344406),,,,,,,,,,,,,,,,,,,,,,,,,,,,,,,,,,,,,,,,,,,,,,,,1,
0,11,15,65334523723,1533383739,1,1,"(0.5157195329666138, 0.313249796628952)","(0.47353726625442505, 0.26631543040275574)",1,1,2.8253326416015625,2.4534912109375,"(-54.089988708496094, -22.58077621459961, 654.5540771484375)","(10.394756317138672, -24.394073486328125, 659.914306640625)","(5.718127727508545, 143.30853271484375, 41.51825714111328)","(-8.899580001831055, 151.90554809570312, 44.64731216430664)",POINT (0.4946283996105194 0.2897826135158539),,,,,,,,,,,,,,,,,,,,,,,,,,,,,,,,,,,,,,,,,,,,,,,1,1,
0,11,15,65334540389,1533400405,1,1,"(0.513297438621521, 0.34385427832603455)","(0.47923028469085693, 0.23240752518177032)",1,1,2.8627471923828125,2.388168334960937,"(-54.075828552246094, -22.585906982421875, 654.532470703125)","(10.408485412597656, -24.412643432617188, 660.057861328125)","(4.8787736892700195, 137.70266723632812, 39.47788619995117)","(-6.926745414733887, 158.11651611328125, 46.90791320800781)",POINT (0.496263861656189 0.2881309017539024),,,,,,,,,,,,,,,,,,,,,,,,,,,,,,,,,,,,,,,,,,,,,,,1,1,
0,11,15,65334557057,1533417072,1,1,"(0.5161654353141785, 0.34994396567344666)","(0.4786059558391571, 0.32995569705963135)",1,1,2.8836822509765625,2.5458221435546875,"(-54.04528045654297, -22.582151412963867, 654.4658813476562)","(10.434072494506836, -24.406864166259766, 660.1171875)","(5.872640609741211, 136.5872039794922, 39.07191848754883)","(-7.143080711364746, 140.24847412109375, 40.404502868652344)",POINT (0.4973856955766678 0.339949831366539),,,,,,,,,,,,,,,,,,,,,,,,,,,,,,,,,,,,,,,,,,,,,,,,1,
0,11,15,65334573724,1533433739,1,1,"(0.5474485158920288, 0.3104092478752136)","(0.5185272693634033, 0.24472030997276306)",1,1,2.8092041015625,2.409652709960937,"(-53.89268112182617, -22.57234764099121, 654.4317626953125)","(10.562525749206543, -24.406211853027344, 659.9324951171875)","(16.71335220336914, 143.82884216308594, 41.7076301574707)","(6.691110134124756, 155.86114501953125, 46.087066650390625)",POINT (0.5329878926277161 0.2775647789239883),,,,,,,,,,,,,,,,,,,,,,,,,,,,,,,,,,,,,,,,,,,,,,,1,1,
0,11,15,65334590398,1533450412,1,1,"(0.5373528003692627, 0.3631482720375061)","(0.5047325491905212, 0.30091392993927)",1,1,2.8909454345703125,2.486358642578125,"(-53.88782501220703, -22.571489334106445, 654.4803466796875)","(10.57314682006836, -24.421878814697266, 659.9202270507812)","(13.214828491210938, 134.16854858398438, 38.19161605834961)","(1.9107502698898315, 145.5680694580078, 42.34072494506836)",POINT (0.521042674779892 0.3320311009883881),,,,,,,,,,,,,,,,,,,,,,,,,,,,,,,,,,,,,,,,,,,,,,,,1,
0,11,15,65334607065,1533467079,1,1,"(0.5430471897125244, 0.35564473271369934)","(0.5159899592399597, 0.26421183347702026)",1,1,2.890655517578125,2.4347381591796875,"(-53.884361267089844, -22.5693359375, 654.49267578125)","(10.583050727844238, -24.41644287109375, 659.8959350585938)","(15.188150405883789, 135.54296875, 38.69186782836914)","(5.8118367195129395, 152.29086303710938, 44.787540435791016)",POINT (0.5295185744762421 0.3099282830953598),,,,,,,,,,,,,,,,,,,,,,,,,,,,,,,,,,,,,,,,,,,,,,,,1,
0,11,15,65334623732,1533483745,1,1,"(0.5453393459320068, 0.33821097016334534)","(0.5114542841911316, 0.279727965593338)",1,1,2.8711700439453125,2.47259521484375,"(-53.88188171386719, -22.566181182861328, 654.4932250976562)","(10.582258224487305, -24.4128475189209, 659.884033203125)","(15.982468605041504, 138.73635864257812, 39.85414505004883)","(4.240047931671143, 149.44876098632812, 43.75312423706055)",POINT (0.5283968150615692 0.3089694678783417),,,,,,,,,,,,,,,,,,,,,,,,,,,,,,,,,,,,,,,,,,,,,,,,1,
0,11,15,65334640399,1533500412,1,1,"(0.5428395867347717, 0.3406340181827545)","(0.5103961229324341, 0.24117448925971985)",1,1,2.8847198486328125,2.4027099609375,"(-53.88330078125, -22.569501876831055, 654.5889892578125)","(10.59283447265625, -24.408248901367188, 659.90771484375)","(15.116196632385254, 138.2925262451172, 39.692569732666016)","(3.8733744621276855, 156.51063537597656, 46.323463439941406)",POINT (0.5266178548336029 0.2909042537212372),,,,,,,,,,,,,,,,,,,,,,,,,,,,,,,,,,,,,,,,,,,,,,,1,1,
0,11,15,65334657067,1533517079,1,1,"(0.5525310635566711, 0.3549676239490509)","(0.5070800185203552, 0.2791807949542999)",1,1,2.910430908203125,2.455322265625,"(-53.8838996887207, -22.569459915161133, 654.6128540039062)","(10.595847129821777, -24.409225463867188, 659.931884765625)","(18.474653244018555, 135.66702270507812, 38.73695755004883)","(2.7242143154144287, 149.54898071289062, 43.78960418701172)",POINT (0.5298055410385132 0.3170742094516754),,,,,,,,,,,,,,,,,,,,,,,,,,,,,,,,,,,,,,,,,,,,,,,,1,
0,11,15,65334673733,1533533745,1,1,"(0.5393396019935608, 0.32208991050720215)","(0.5104254484176636, 0.2433331310749054)",1,1,2.854827880859375,2.404281616210937,"(-53.88131332397461, -22.56732940673828, 654.5653686523438)","(10.597532272338867, -24.41040802001953, 659.9198608398438)","(13.903342247009277, 141.68927001953125, 40.92887878417969)","(3.8835294246673584, 156.11524963378906, 46.17954635620117)",POINT (0.5248825252056122 0.2827115207910538),,,,,,,,,,,,,,,,,,,,,,,,,,,,,,,,,,,,,,,,,,,,,,,1,1,
0,11,15,65334690401,1533550412,1,1,"(0.5487464666366577, 0.33396944403648376)","(0.5117607116699219, 0.28955212235450745)",1,1,2.87945556640625,2.4799041748046875,"(-53.8845100402832, -22.568693161010742, 654.588134765625)","(10.602640151977539, -24.419954299926758, 659.9195556640625)","(17.16316032409668, 139.5132598876953, 40.13693618774414)","(4.3462347984313965, 147.64926147460938, 43.09817123413086)",POINT (0.5302535891532898 0.3117607831954956),,,,,,,,,,,,,,,,,,,,,,,,,,,,,,,,,,,,,,,,,,,,,,,,1,
0,11,15,65334707067,1533567078,1,1,"(0.5518031716346741, 0.3280993402004242)","(0.5028144121170044, 0.2733968496322632)",1,1,2.8897247314453125,2.4583740234375,"(-53.87889862060547, -22.559459686279297, 654.4810791015625)","(10.599257469177246, -24.410045623779297, 659.8714599609375)","(18.222415924072266, 140.58853149414062, 40.52822494506836)","(1.2460250854492188, 150.6084442138672, 44.175209045410156)",POINT (0.5273087918758392 0.3007480949163437),,,,,,,,,,,,,,,,,,,,,,,,,,,,,,,,,,,,,,,,,,,,,,,,1,
0,11,15,65334723738,1533583748,1,1,"(0.5500591397285461, 0.3170778453350067)","(0.5092534422874451, 0.2631528377532959)",1,1,2.8607940673828125,2.43865966796875,"(-53.882545471191406, -22.55113983154297, 654.4332275390625)","(10.597493171691895, -24.40822982788086, 659.8838500976562)","(17.6180419921875, 142.6073455810547, 41.26301574707031)","(3.477375030517578, 152.48484802246094, 44.858158111572266)",POINT (0.5296562910079956 0.2901153415441513),,,,,,,,,,,,,,,,,,,,,,,,,,,,,,,,,,,,,,,,,,,,,,,1,1,
0,11,15,65334740405,1533600415,1,1,"(0.5459432601928711, 0.31723976135253906)","(0.5105687379837036, 0.30655691027641296)",1,1,2.848373413085937,2.493392944335937,"(-53.880943298339844, -22.545223236083984, 654.421630859375)","(10.597112655639648, -24.403915405273438, 659.85986328125)","(16.191749572753906, 142.57766723632812, 41.252254486083984)","(3.9331870079040527, 144.5344696044922, 41.9644660949707)",POINT (0.5282559990882874 0.311898335814476),,,,,,,,,,,,,,,,,,,,,,,,,,,,,,,,,,,,,,,,,,,,,,,,1,
0,11,15,65334757072,1533617081,1,1,"(0.5518654584884644, 0.33821901679039)","(0.5126627683639526, 0.29723721742630005)",1,1,2.87347412109375,2.4853515625,"(-53.88055419921875, -22.546672821044922, 654.3616943359375)","(10.598772048950195, -24.41714096069336, 659.883544921875)","(18.243999481201172, 138.73487854003906, 39.85356903076172)","(4.658844947814941, 146.24156188964844, 42.585811614990234)",POINT (0.5322641134262085 0.317728117108345),,,,,,,,,,,,,,,,,,,,,,,,,,,,,,,,,,,,,,,,,,,,,,,,1,
0,11,15,65334773740,1533633749,1,1,"(0.545131504535675, 0.3383948504924774)","(0.5069723129272461, 0.25561556220054626)",1,1,2.878509521484375,2.410018920898437,"(-53.881134033203125, -22.530784606933594, 654.2889404296875)","(10.592564582824707, -24.4047794342041, 659.847900390625)","(15.910430908203125, 138.7026824951172, 39.84184646606445)","(2.686868667602539, 153.86546325683594, 45.360687255859375)",POINT (0.5260519087314606 0.2970052063465118),,,,,,,,,,,,,,,,,,,,,,,,,,,,,,,,,,,,,,,,,,,,,,,,1,
0,11,15,65334790407,1533650415,1,1,"(0.56331467628479, 0.2861890196800232)","(0.5330885648727417, 0.2953874468803406)",1,1,2.790283203125,2.4837188720703125,"(-53.86967849731445, -22.54716682434082, 654.4232788085938)","(10.616443634033203, -24.43204689025879, 660.0269775390625)","(22.21158218383789, 148.26528930664062, 43.322364807128906)","(11.7371244430542, 146.5803985595703, 42.70911407470703)",POINT (0.5482016205787659 0.2907882332801819),,,,,,,,,,,,,,,,,,,,,,,,,,,,,,,,,,,,,,,,,,,,,,,1,1,
0,11,15,65334807073,1533667081,1,1,"(0.5647586584091187, 0.3486020565032959)","(0.5278576016426086, 0.3212614059448242)",1,1,2.8720703125,2.52301025390625,"(-53.859153747558594, -22.532678604125977, 654.40087890625)","(10.622276306152344, -24.42498016357422, 660.0391845703125)","(22.71198272705078, 136.83299255371094, 39.16141128540039)","(9.92440414428711, 141.84103393554688, 40.984130859375)",POINT (0.5463081300258636 0.3349317312240601),,,,,,,,,,,,,,,,,,,,,,,,,,,,,,,,,,,,,,,,,,,,,,,,1,
0,11,15,65334823742,1533683749,1,1,"(0.5638948678970337, 0.33018791675567627)","(0.5337989330291748, 0.2886894643306732)",1,1,2.8454132080078125,2.463104248046875,"(-53.87604904174805, -22.545072555541992, 654.29052734375)","(10.610130310058594, -24.430240631103516, 659.955078125)","(22.41265869140625, 140.2059326171875, 40.38900375366211)","(11.983284950256348, 147.80728149414062, 43.15567398071289)",POINT (0.5488469004631042 0.3094386905431747),,,,,,,,,,,,,,,,,,,,,,,,,,,,,,,,,,,,,,,,,,,,,,,,1,
0,11,15,65334840408,1533700415,1,1,"(0.5670905709266663, 0.3337259888648987)","(0.5249766707420349, 0.36765289306640625)",1,1,2.8502197265625,2.566131591796875,"(-53.87484359741211, -22.54062271118164, 654.1588134765625)","(10.60049057006836, -24.424251556396484, 659.835205078125)","(23.52005958557129, 139.55789184570312, 40.153133392333984)","(8.926064491271973, 133.3434295654297, 37.89130783081055)",POINT (0.5460336208343506 0.3506894409656525),,,,,,,,,,,,,,,,,,,,,,,,,,,,,,,,,,,,,,,,,,,,,,,,1,
0,11,15,65334857081,1533717087,1,1,"(0.5557157397270203, 0.3658364415168762)","(0.5344253182411194, 0.24693572521209717)",1,1,2.9004364013671875,2.397430419921875,"(-53.88545227050781, -22.550067901611328, 654.0853881835938)","(10.583736419677734, -24.427043914794922, 659.7395629882812)","(19.5782527923584, 133.67616271972656, 38.0123405456543)","(12.200353622436523, 155.45533752441406, 45.939369201660156)",POINT (0.5450705289840698 0.3063860833644867),,,,,,,,,,,,,,,,,,,,,,,,,,,,,,,,,,,,,,,,,,,,,,,,1,
0,11,15,65334873747,1533733753,1,1,"(0.5583045482635498, 0.32570984959602356)","(0.5216594934463501, 0.26431289315223694)",1,1,2.8442840576171875,2.3809814453125,"(-53.920494079589844, -22.544635772705078, 654.0552978515625)","(10.552215576171875, -24.40512466430664, 659.7647094726562)","(20.47538185119629, 141.0261993408203, 40.68757247924805)","(7.776532173156738, 152.27235412597656, 44.780818939208984)",POINT (0.53998202085495 0.2950113713741302),,,,,,,,,,,,,,,,,,,,,,,,,,,,,,,,,,,,,,,,,,,,,,,1,1,
0,11,15,65334890415,1533750420,1,1,"(0.5617180466651917, 0.31079310178756714)","(0.5305100679397583, 0.30582526326179504)",1,1,2.818023681640625,2.447235107421875,"(-54.00860595703125, -22.551130294799805, 654.316162109375)","(10.526071548461914, -24.400678634643555, 659.8497314453125)","(21.658300399780273, 143.75851440429688, 41.68206024169922)","(10.843576431274414, 144.66848754882812, 42.013240814208984)",POINT (0.546114057302475 0.3083091825246811),,,,,,,,,,,,,,,,,,,,,,,,,,,,,,,,,,,,,,,,,,,,,,,,1,
0,11,15,65334907082,1533767087,1,1,"(0.5642669200897217, 0.3725314438343048)","(0.5325178503990173, 0.39829009771347046)",1,1,2.8183746337890625,2.506576538085937,"(-54.074378967285156, -22.45635986328125, 654.31640625)","(10.527875900268555, -24.290077209472656, 660.114501953125)","(22.54156494140625, 132.44981384277344, 37.56602478027344)","(11.539345741271973, 127.7315673828125, 35.848751068115234)",POINT (0.5483923852443695 0.3854107707738876),,,,,,,,,,,,,,,,,,,,,,,,,,,,,,,,,,,,,,,,,,,,,,,,1,
0,11,15,65335007086,1533867088,1,1,"(0.5296860933303833, 0.5594907999038696)","(0.4927864968776703, 0.2557753324508667)",1,1,2.642059326171875,2.379638671875,"(-54.30354309082031, -22.265844345092773, 654.5537109375)","(10.246241569519043, -24.078533172607422, 660.0869750976562)","(10.558046340942383, 98.20423889160156, 25.101638793945312)","(-2.2290234565734863, 153.83619689941406, 45.35002899169922)",POINT (0.5112362951040268 0.4076330661773682),,,,,,,,,,,,,,,,,,,,,,,,,,,,,,,,,,,,,,,,,,,,,,,,,
0,11,15,65335023754,1533883755,1,1,"(0.5289626717567444, 0.4205549955368042)","(0.4859018325805664, 0.3621516823768616)",1,1,2.766510009765625,2.4588775634765625,"(-54.31016159057617, -22.35052490234375, 654.6846313476562)","(10.243410110473633, -24.145803451538086, 660.2315673828125)","(10.30734920501709, 123.65328979492188, 34.36435317993164)","(-4.614807605743408, 134.35110473632812, 38.258033752441406)",POINT (0.5074322521686554 0.3913533389568329),,,,,,,,,,,,,,,,,,,,,,,,,,,,,,,,,,,,,,,,,,,,,,,,,
0,11,15,65335040421,1533900422,1,1,"(0.5417357087135315, 0.3224080204963684)","(0.4903123378753662, 0.3767729103565216)",1,1,2.7549591064453125,2.4798583984375,"(-54.30790328979492, -22.37726402282715, 654.6246948242188)","(10.236381530761719, -24.186628341674805, 660.3517456054688)","(14.73367691040039, 141.6309814453125, 40.90772247314453)","(-3.086399555206299, 131.6728973388672, 37.283260345458984)",POINT (0.5160240232944489 0.349590465426445),,,,,,,,,,,,,,,,,,,,,,,,,,,,,,,,,,,,,,,,,,,,,,,,1,
0,11,15,65335057088,1533917088,1,1,"(0.5337253212928772, 0.3132742643356323)","(0.4994592070579529, 0.34502363204956055)",1,1,2.8037261962890625,2.4384002685546875,"(-54.30164337158203, -22.399314880371094, 654.6148071289062)","(10.23353385925293, -24.212732315063477, 660.327392578125)","(11.957775115966797, 143.3040313720703, 41.516658782958984)","(0.08330779522657394, 137.4884796142578, 39.39990997314453)",POINT (0.516592264175415 0.3291489481925964),,,,,,,,,,,,,,,,,,,,,,,,,,,,,,,,,,,,,,,,,,,,,,,,1,
0,11,15,65335073755,1533933755,1,1,"(0.528805673122406, 0.31866735219955444)","(0.504737913608551, 0.3617890477180481)",1,1,2.700668334960937,2.467025756835937,"(-54.29261016845703, -22.406982421875, 654.5679931640625)","(10.23276424407959, -24.225017547607422, 660.351806640625)","(10.252944946289062, 142.31617736816406, 41.1571044921875)","(1.9125733375549316, 134.4175262451172, 38.28218460083008)",POINT (0.5167717933654785 0.3402281999588013),,,,,,,,,,,,,,,,,,,,,,,,,,,,,,,,,,,,,,,,,,,,,,,,1,
0,11,15,65335090423,1533950422,1,1,"(0.5326018333435059, 0.37991926074028015)","(0.5025733709335327, 0.2963887155056)",1,1,2.7772216796875,2.35699462890625,"(-54.279449462890625, -22.418899536132812, 654.5821533203125)","(10.260125160217285, -24.235010147094727, 660.3029174804688)","(11.568449020385742, 131.09657287597656, 37.07350158691406)","(1.162495493888855, 146.39698791503906, 42.642372131347656)",POINT (0.5175876021385193 0.3381539881229401),,,,,,,,,,,,,,,,,,,,,,,,,,,,,,,,,,,,,,,,,,,,,,,,1,
0,11,15,65335107096,1533967095,1,1,"(0.540579080581665, 0.3799155354499817)","(0.4880088269710541, 0.2522280216217041)",1,1,2.762939453125,2.3548583984375,"(-54.29600143432617, -22.392738342285156, 654.722900390625)","(10.32982063293457, -24.219051361083984, 660.3485107421875)","(14.332868576049805, 131.09725952148438, 37.073760986328125)","(-3.8846561908721924, 154.4859619140625, 45.58652114868164)",POINT (0.5142939537763596 0.3160717785358429),,,,,,,,,,,,,,,,,,,,,,,,,,,,,,,,,,,,,,,,,,,,,,,,1,
0,11,15,65335273773,1534133767,1,1,"(0.5839184522628784, 0.466314435005188)","(0.5355541110038757, 0.34913870692253113)",1,1,2.632919311523437,2.48736572265625,"(-53.957183837890625, -22.292566299438477, 654.682861328125)","(10.64326000213623, -24.135099411010742, 660.3638916015625)","(29.351539611816406, 115.271484375, 31.313570022583008)","(12.59152603149414, 136.73471069335938, 39.12558364868164)",POINT (0.5597362816333771 0.4077265709638596),,,,,,,,,,,,,,,,,,,,,,,,,,,,,,,,,,,,,,,,,,,,,,,,,
0,11,15,65335290432,1534150425,1,1,"(0.5605766177177429, 0.2898763120174408)","(0.5359596610069275, 0.21152129769325256)",1,1,2.6896514892578125,2.396224975585937,"(-53.91675567626953, -22.36126136779785, 654.55859375)","(10.645485877990723, -24.219520568847656, 660.3875122070312)","(21.262752532958984, 147.5898895263672, 43.076515197753906)","(12.732067108154297, 161.94224548339844, 48.300384521484375)",POINT (0.5482681393623352 0.2506988048553467),,,,,,,,,,,,,,,,,,,,,,,,,,,,,,,,,,,,,,,,,,,,,,,1,1,
0,11,15,65335307108,1534167101,1,1,"(0.5633777379989624, 0.31960198283195496)","(0.521977961063385, 0.32818523049354553)",1,1,2.869247436523437,2.419158935546875,"(-53.903839111328125, -22.3848876953125, 654.476806640625)","(10.685293197631836, -24.247745513916016, 660.3262939453125)","(22.233421325683594, 142.14498901367188, 41.09477615356445)","(7.886877059936523, 140.57278442382812, 40.52253341674805)",POINT (0.5426778495311737 0.3238936066627502),,,,,,,,,,,,,,,,,,,,,,,,,,,,,,,,,,,,,,,,,,,,,,,,1,
0,11,15,65335323775,1534183767,1,1,"(0.56294184923172, 0.2678777575492859)","(0.5294045805931091, 0.3547312915325165)",1,1,2.7386016845703125,2.440780639648437,"(-53.896949768066406, -22.407800674438477, 654.6218872070312)","(10.676904678344727, -24.279865264892578, 660.31494140625)","(22.082380294799805, 151.61936950683594, 44.54316329956055)","(10.46048641204834, 135.71029663085938, 38.75274658203125)",POINT (0.5461732149124146 0.3113045245409012),,,,,,,,,,,,,,,,,,,,,,,,,,,,,,,,,,,,,,,,,,,,,,,,1,
0,11,15,65335340441,1534200433,1,1,"(0.5682938694953918, 0.38002943992614746)","(0.534242570400238, 0.32718053460121155)",1,1,2.8290252685546875,2.4317626953125,"(-53.87298583984375, -22.448928833007812, 654.61376953125)","(10.686238288879395, -24.315078735351562, 660.3387451171875)","(23.937030792236328, 131.076416015625, 37.06614303588867)","(12.137028694152832, 140.75680541992188, 40.58953857421875)",POINT (0.5512682199478149 0.3536049872636795),,,,,,,,,,,,,,,,,,,,,,,,,,,,,,,,,,,,,,,,,,,,,,,,1,
0,11,15,65335357109,1534217100,1,1,"(0.564372181892395, 0.34691813588142395)","(0.5359880924224854, 0.3689059317111969)",1,1,2.799591064453125,2.5129547119140625,"(-53.860862731933594, -22.494041442871094, 654.6884155273438)","(10.69792366027832, -24.349885940551758, 660.2657470703125)","(22.578027725219727, 137.14144897460938, 39.273643493652344)","(12.741925239562988, 133.11390686035156, 37.807735443115234)",POINT (0.5501801371574402 0.3579120337963104),,,,,,,,,,,,,,,,,,,,,,,,,,,,,,,,,,,,,,,,,,,,,,,,1,
0,11,15,65335373780,1534233771,1,1,"(0.5681216716766357, 0.3476541042327881)","(0.5288529396057129, 0.34176379442214966)",1,1,2.8277740478515625,2.488998413085937,"(-53.86402893066406, -22.52444076538086, 654.7958984375)","(10.700937271118164, -24.376155853271484, 660.3500366210938)","(23.87738037109375, 137.00665283203125, 39.22455596923828)","(10.269317626953125, 138.0855712890625, 39.61726760864258)",POINT (0.5484873056411743 0.3447089493274689),,,,,,,,,,,,,,,,,,,,,,,,,,,,,,,,,,,,,,,,,,,,,,,,1,
0,11,15,65335390448,1534250438,1,1,"(0.5637112855911255, 0.3582160174846649)","(0.5292671322822571, 0.34053918719291687)",1,1,2.8270416259765625,2.518341064453125,"(-53.85262680053711, -22.54114532470703, 654.833984375)","(10.709871292114258, -24.401498794555664, 660.289306640625)","(22.349016189575195, 135.07199096679688, 38.520416259765625)","(10.412849426269531, 138.3098907470703, 39.698890686035156)",POINT (0.5464892089366913 0.3493776023387909),,,,,,,,,,,,,,,,,,,,,,,,,,,,,,,,,,,,,,,,,,,,,,,,1,
0,11,15,65335407114,1534267104,1,1,"(0.5649088621139526, 0.36298879981040955)","(0.531402051448822, 0.3373802602291107)",1,1,2.860687255859375,2.530853271484375,"(-53.842864990234375, -22.564464569091797, 654.8363037109375)","(10.710345268249512, -24.43350601196289, 660.37353515625)","(22.764019012451172, 134.19775390625, 38.202239990234375)","(11.152682304382324, 138.88851928710938, 39.90950012207031)",POINT (0.5481554567813873 0.3501845300197601),,,,,,,,,,,,,,,,,,,,,,,,,,,,,,,,,,,,,,,,,,,,,,,,1,
0,11,15,65335423782,1534283771,1,1,"(0.5650792717933655, 0.3509128987789154)","(0.5359659194946289, 0.24890337884426117)",1,1,2.8611602783203125,2.378402709960937,"(-53.83493423461914, -22.57601547241211, 654.7408447265625)","(10.702539443969727, -24.44322967529297, 660.3736572265625)","(22.823076248168945, 136.40972900390625, 39.007286071777344)","(12.734230041503906, 155.09494018554688, 45.80814743041992)",POINT (0.5505225956439972 0.2999081388115883),,,,,,,,,,,,,,,,,,,,,,,,,,,,,,,,,,,,,,,,,,,,,,,,1,
0,11,15,65335440448,1534300437,1,1,"(0.5720592141151428, 0.3194531798362732)","(0.5302062630653381, 0.3246918320655823)",1,1,2.814239501953125,2.520751953125,"(-53.82353210449219, -22.584041595458984, 654.7308349609375)","(10.715774536132812, -24.454063415527344, 660.2891235351562)","(25.241872787475586, 142.17222595214844, 41.10469436645508)","(10.738309860229492, 141.21267700195312, 40.755435943603516)",POINT (0.5511327385902405 0.3220725059509277),,,,,,,,,,,,,,,,,,,,,,,,,,,,,,,,,,,,,,,,,,,,,,,,1,
0,11,15,65335457116,1534317104,1,1,"(0.5720664262771606, 0.2902751863002777)","(0.5334519147872925, 0.3229661285877228)",1,1,2.7698211669921875,2.543792724609375,"(-53.829471588134766, -22.591283798217773, 654.75390625)","(10.710416793823242, -24.455467224121094, 660.433837890625)","(25.24437713623047, 147.51681518554688, 43.049964904785156)","(11.863035202026367, 141.5287628173828, 40.8704833984375)",POINT (0.5527591705322266 0.3066206574440002),,,,,,,,,,,,,,,,,,,,,,,,,,,,,,,,,,,,,,,,,,,,,,,,1,
0,11,15,65335473783,1534333771,1,1,"(0.5625110268592834, 0.22289904952049255)","(0.5365172624588013, 0.31780874729156494)",1,1,2.684722900390625,2.545745849609375,"(-53.808929443359375, -22.6007080078125, 654.76953125)","(10.712703704833984, -24.458431243896484, 660.2772216796875)","(21.933069229125977, 159.85818481445312, 47.541866302490234)","(12.925296783447266, 142.4734649658203, 41.21430206298828)",POINT (0.5495141446590424 0.2703538984060288),,,,,,,,,,,,,,,,,,,,,,,,,,,,,,,,,,,,,,,,,,,,,,,1,1,
0,11,15,65335490450,1534350437,1,1,"(0.5631210803985596, 0.2924076020717621)","(0.5359200835227966, 0.3264249861240387)",1,1,2.7891845703125,2.575424194335937,"(-53.80667495727539, -22.609699249267578, 654.8299560546875)","(10.723064422607422, -24.464481353759766, 660.4456176757812)","(22.144506454467773, 147.126220703125, 42.90776062011719)","(12.718366622924805, 140.89520263671875, 40.639896392822266)",POINT (0.5495205819606781 0.3094162940979004),,,,,,,,,,,,,,,,,,,,,,,,,,,,,,,,,,,,,,,,,,,,,,,,1,
0,11,15,65335507121,1534367108,1,1,"(0.5625678300857544, 0.3267820179462433)","(0.5334948301315308, 0.32890814542770386)",1,1,2.899383544921875,2.595855712890625,"(-53.78331756591797, -22.62075424194336, 654.82177734375)","(10.75986099243164, -24.471582412719727, 660.4805908203125)","(21.9527645111084, 140.82981872558594, 40.61604690551758)","(11.877903938293457, 140.4403533935547, 40.47434997558594)",POINT (0.5480313301086426 0.3278450816869736),,,,,,,,,,,,,,,,,,,,,,,,,,,,,,,,,,,,,,,,,,,,,,,,1,
0,11,15,65335523789,1534383775,1,1,"(0.5694980621337891, 0.37854424118995667)","(0.5419366359710693, 0.3899269998073578)",1,1,2.964752197265625,2.676055908203125,"(-53.72207260131836, -22.6223201751709, 654.7005004882812)","(10.792271614074707, -24.476606369018555, 660.2627563476562)","(24.35434341430664, 131.34844970703125, 37.165164947509766)","(14.803284645080566, 129.26345825195312, 36.406280517578125)",POINT (0.5557173490524292 0.3842356204986572),,,,,,,,,,,,,,,,,,,,,,,,,,,,,,,,,,,,,,,,,,,,,,,,1,
0,11,15,65335540456,1534400442,1,1,"(0.5660438537597656, 0.38122308254241943)","(0.5409926772117615, 0.3627464473247528)",1,1,2.989486694335937,2.6228790283203125,"(-53.703330993652344, -22.61473846435547, 654.7509765625)","(10.813980102539062, -24.4686279296875, 660.2622680664062)","(23.157331466674805, 130.85777282714844, 36.986541748046875)","(14.476192474365234, 134.24215698242188, 38.21839141845703)",POINT (0.5535182654857635 0.3719847649335861),,,,,,,,,,,,,,,,,,,,,,,,,,,,,,,,,,,,,,,,,,,,,,,,1,
0,11,15,65335557123,1534417108,1,1,"(0.5708358287811279, 0.35672876238822937)","(0.5443482398986816, 0.3760312497615814)",1,1,2.9601593017578125,2.65716552734375,"(-53.65144729614258, -22.61812400817871, 654.6516723632812)","(10.857019424438477, -24.48294448852539, 660.3453979492188)","(24.817928314208984, 135.3444061279297, 38.61960220336914)","(15.639013290405273, 131.8087615966797, 37.33269500732422)",POINT (0.5575920343399048 0.3663800060749054),,,,,,,,,,,,,,,,,,,,,,,,,,,,,,,,,,,,,,,,,,,,,,,,1,
0,11,15,65335573790,1534433775,1,1,"(0.5693768262863159, 0.37460339069366455)","(0.552838146686554, 0.315916508436203)",1,1,2.9837188720703125,2.553497314453125,"(-53.59374237060547, -22.60547637939453, 654.5891723632812)","(10.89826488494873, -24.48313331604004, 660.5001831054688)","(24.31232452392578, 132.0703125, 37.42786407470703)","(18.581079483032227, 142.820068359375, 41.34047317504883)",POINT (0.5611074864864349 0.3452599495649338),,,,,,,,,,,,,,,,,,,,,,,,,,,,,,,,,,,,,,,,,,,,,,,,1,
0,11,15,65335590456,1534450441,1,1,"(0.5663952231407166, 0.36585384607315063)","(0.5430061221122742, 0.26294493675231934)",1,1,2.944793701171875,2.469329833984375,"(-53.5344123840332, -22.599193572998047, 654.5989379882812)","(10.967927932739258, -24.492610931396484, 660.4500732421875)","(23.279098510742188, 133.6729736328125, 38.011207580566406)","(15.17391586303711, 152.52293395996094, 44.87201690673828)",POINT (0.5547006726264954 0.314399391412735),,,,,,,,,,,,,,,,,,,,,,,,,,,,,,,,,,,,,,,,,,,,,,,,1,
0,11,15,65335607124,1534467108,1,1,"(0.5687282681465149, 0.3569582402706146)","(0.5415418148040771, 0.318967342376709)",1,1,2.9641571044921875,2.5247955322265625,"(-53.49375915527344, -22.607837677001953, 654.7015380859375)","(11.011898040771484, -24.504241943359375, 660.388671875)","(24.087570190429688, 135.30238342285156, 38.60429000854492)","(14.66647720336914, 142.26123046875, 41.13706970214844)",POINT (0.555135041475296 0.3379627913236618),,,,,,,,,,,,,,,,,,,,,,,,,,,,,,,,,,,,,,,,,,,,,,,,1,
0,11,15,65335623791,1534483775,1,1,"(0.5683373212814331, 0.3441114127635956)","(0.5513871312141418, 0.2736760377883911)",1,1,2.884140014648437,2.431747436523437,"(-53.45539855957031, -22.59967803955078, 654.7197265625)","(11.050289154052734, -24.504295349121094, 660.31494140625)","(23.952112197875977, 137.65554809570312, 39.46078872680664)","(18.07823944091797, 150.55728149414062, 44.156612396240234)",POINT (0.5598622262477875 0.3088937252759934),,,,,,,,,,,,,,,,,,,,,,,,,,,,,,,,,,,,,,,,,,,,,,,,1,
0,11,15,65335640465,1534500448,1,1,"(0.5685173869132996, 0.33753472566604614)","(0.5489325523376465, 0.26893651485443115)",1,1,2.8998260498046875,2.4205474853515625,"(-53.41559600830078, -22.60066032409668, 654.462646484375)","(11.079081535339355, -24.524616241455078, 660.2659301757812)","(24.014495849609375, 138.86021423339844, 39.89920425415039)","(17.22765350341797, 151.42544555664062, 44.47256851196289)",POINT (0.558724969625473 0.3032356202602386),,,,,,,,,,,,,,,,,,,,,,,,,,,,,,,,,,,,,,,,,,,,,,,,1,
0,11,15,65335657131,1534517114,1,1,"(0.5705139636993408, 0.37112197279930115)","(0.5431531667709351, 0.32833385467529297)",1,1,2.9187164306640625,2.507965087890625,"(-53.408103942871094, -22.59950065612793, 654.4159545898438)","(11.092652320861816, -24.53923797607422, 660.241455078125)","(24.70641326904297, 132.70799255371094, 37.660011291503906)","(15.224871635437012, 140.54556274414062, 40.512630462646484)",POINT (0.5568335652351379 0.3497279137372971),,,,,,,,,,,,,,,,,,,,,,,,,,,,,,,,,,,,,,,,,,,,,,,,1,
0,11,15,65335673799,1534533781,1,1,"(0.5770937204360962, 0.3746585249900818)","(0.5449517369270325, 0.35064077377319336)",1,1,2.8918914794921875,2.5048065185546875,"(-53.423831939697266, -22.596908569335938, 654.5328369140625)","(11.087217330932617, -24.52886199951172, 660.2174682617188)","(26.986522674560547, 132.0602264404297, 37.4241943359375)","(15.84815788269043, 136.45956420898438, 39.02545166015625)",POINT (0.5610227286815643 0.3626496493816376),,,,,,,,,,,,,,,,,,,,,,,,,,,,,,,,,,,,,,,,,,,,,,,,1,
0,11,15,65335690465,1534550447,1,1,"(0.5663859248161316, 0.35872772336006165)","(0.5467501282691956, 0.32734414935112)",1,1,2.852630615234375,2.451080322265625,"(-53.4395751953125, -22.607263565063477, 654.470703125)","(11.063591003417969, -24.527603149414062, 660.1342163085938)","(23.275896072387695, 134.978271484375, 38.48627853393555)","(16.471363067626953, 140.72683715820312, 40.57859802246094)",POINT (0.5565680265426636 0.3430359363555908),,,,,,,,,,,,,,,,,,,,,,,,,,,,,,,,,,,,,,,,,,,,,,,,1,
0,11,15,65335707133,1534567114,1,1,"(0.5694381594657898, 0.3414929211139679)","(0.5499663949012756, 0.30199557542800903)",1,1,2.824493408203125,2.388656616210937,"(-53.46281814575195, -22.608957290649414, 654.5029296875)","(11.043172836303711, -24.526538848876953, 660.0986328125)","(24.333574295043945, 138.13519287109375, 39.63533020019531)","(17.585893630981445, 145.3699493408203, 42.26860809326172)",POINT (0.5597022771835327 0.3217442482709885),,,,,,,,,,,,,,,,,,,,,,,,,,,,,,,,,,,,,,,,,,,,,,,,1,
0,11,15,65335740468,1534600448,1,1,"(0.5671884417533875, 0.33917227387428284)","(0.5474300980567932, 0.2827663719654083)",1,1,2.7613983154296875,2.3476715087890625,"(-53.527854919433594, -22.628589630126953, 654.51611328125)","(10.981639862060547, -24.533172607421875, 659.9440307617188)","(23.5539608001709, 138.56027221679688, 39.7900505065918)","(16.706989288330078, 148.8922119140625, 43.550567626953125)",POINT (0.5573092699050903 0.3109693229198456),,,,,,,,,,,,,,,,,,,,,,,,,,,,,,,,,,,,,,,,,,,,,,,,1,
0,11,15,65335757134,1534617114,1,1,"(0.5734574198722839, 0.2834298312664032)","(0.5562334656715393, 0.29401931166648865)",1,1,2.65185546875,2.3780059814453125,"(-53.54975891113281, -22.644899368286133, 654.41650390625)","(10.95732307434082, -24.55133056640625, 659.944580078125)","(25.72640609741211, 148.7706756591797, 43.50632095336914)","(19.757680892944336, 146.83099365234375, 42.800331115722656)",POINT (0.5648454427719116 0.2887245714664459),,,,,,,,,,,,,,,,,,,,,,,,,,,,,,,,,,,,,,,,,,,,,,,1,1,
0,11,15,65335773807,1534633786,1,1,"(0.5705760717391968, 0.33870577812194824)","(0.5485051274299622, 0.29193374514579773)",1,1,2.74688720703125,2.3642120361328125,"(-53.56892395019531, -22.660764694213867, 654.4732055664062)","(10.94114875793457, -24.565807342529297, 660.0653076171875)","(24.727907180786133, 138.6457061767578, 39.82114791870117)","(17.07953453063965, 147.21299743652344, 42.93940353393555)",POINT (0.5595405995845795 0.315319761633873),,,,,,,,,,,,,,,,,,,,,,,,,,,,,,,,,,,,,,,,,,,,,,,,1,
0,11,15,65335790474,1534650453,1,1,"(0.4974665939807892, 0.38651469349861145)","(0.4724167287349701, 0.2969765067100525)",1,1,2.779281616210937,2.301254272460937,"(-53.719482421875, -22.767847061157227, 654.4010009765625)","(10.773995399475098, -24.64691162109375, 659.90185546875)","(-0.6072015762329102, 129.8884735107422, 36.63380432128906)","(-9.287885665893555, 146.28932189941406, 42.603172302246094)",POINT (0.4849416613578796 0.341745600104332),,,,,,,,,,,,,,,,,,,,,,,,,,,,,,,,,,,,,,,,,,,,,,,,1,
0,11,15,65335807141,1534667119,1,1,"(0.49571096897125244, 0.4355201721191406)","(0.4648078382015228, 0.4190171957015991)",1,1,2.741455078125,2.427703857421875,"(-53.86835479736328, -22.826038360595703, 654.6162109375)","(10.603870391845703, -24.67205047607422, 660.0517578125)","(-1.215588092803955, 120.91210174560547, 33.36665344238281)","(-11.924654006958008, 123.93498229980469, 34.466854095458984)",POINT (0.4802594035863876 0.4272686839103699),,,,,,,,,,,,,,,,,,,,,,,,,,,,,,,,,,,,,,,,,,,,,,,,,
0,11,15,65335823808,1534683786,1,1,"(0.49118876457214355, 0.41040441393852234)","(0.4648202061653137, 0.313994824886322)",1,1,2.7152099609375,2.2631072998046875,"(-53.86638259887695, -22.85063362121582, 654.592529296875)","(10.615425109863281, -24.67841339111328, 660.05126953125)","(-2.7826902866363525, 125.51258087158203, 35.04107666015625)","(-11.920361518859863, 143.17205810546875, 41.468563079833984)",POINT (0.4780044853687286 0.3621996194124222),,,,,,,,,,,,,,,,,,,,,,,,,,,,,,,,,,,,,,,,,,,,,,,,1,
0,11,15,65335840475,1534700452,1,1,"(0.4916505515575409, 0.42852768301963806)","(0.4509483277797699, 0.3885781764984131)",1,1,2.749984741210937,2.3395538330078125,"(-53.8807373046875, -22.853282928466797, 654.5656127929688)","(10.607041358947754, -24.67832374572754, 660.03955078125)","(-2.6226723194122314, 122.19292449951172, 33.83280944824219)","(-16.72747039794922, 129.5105438232422, 36.496185302734375)",POINT (0.4712994396686554 0.4085529297590256),,,,,,,,,,,,,,,,,,,,,,,,,,,,,,,,,,,,,,,,,,,,,,,,,
0,11,15,65335857142,1534717119,1,1,"(0.4880906939506531, 0.42541593313217163)","(0.46208813786506653, 0.32064786553382874)",1,1,2.763824462890625,2.241455078125,"(-53.89970016479492, -22.87114906311035, 654.611083984375)","(10.605450630187988, -24.685956954956055, 660.0161743164062)","(-3.8562867641448975, 122.76290893554688, 34.0402717590332)","(-12.867122650146484, 141.9534149169922, 41.02503967285156)",POINT (0.4750894159078598 0.3730318993330002),,,,,,,,,,,,,,,,,,,,,,,,,,,,,,,,,,,,,,,,,,,,,,,,,
0,11,15,65335873801,1534733777,1,1,"(0.48787856101989746, 0.4185160994529724)","(0.4615339934825897, 0.3304784595966339)",1,1,2.7562408447265625,2.2260284423828125,"(-53.908912658691406, -22.876497268676758, 654.6695556640625)","(10.606311798095703, -24.68939781188965, 660.0281372070312)","(-3.9297971725463867, 124.02677154541016, 34.50025939941406)","(-13.059152603149414, 140.15272521972656, 40.3696403503418)",POINT (0.4747062772512436 0.3744972795248032),,,,,,,,,,,,,,,,,,,,,,,,,,,,,,,,,,,,,,,,,,,,,,,,,
0,11,15,65335890481,1534750457,1,1,"(0.4820571541786194, 0.4229760468006134)","(0.45630982518196106, 0.4491771459579468)",1,1,2.76556396484375,2.4414215087890625,"(-53.912940979003906, -22.887331008911133, 654.6328125)","(10.60717487335205, -24.692916870117188, 659.968505859375)","(-5.947131633758545, 123.20982360839844, 34.20293426513672)","(-14.869510650634766, 118.41053009033203, 32.45615768432617)",POINT (0.4691834896802902 0.4360765963792801),,,,,,,,,,,,,,,,,,,,,,,,,,,,,,,,,,,,,,,,,,,,,,,,,
0,11,15,65335907149,1534767124,1,1,"(0.49063798785209656, 0.41547349095344543)","(0.4519713521003723, 0.43287211656570435)",1,1,2.7271270751953125,2.4163970947265625,"(-53.89970016479492, -22.88501739501953, 654.6109619140625)","(10.619807243347168, -24.7039794921875, 660.0398559570312)","(-2.9735567569732666, 124.58407592773438, 34.7031364440918)","(-16.372970581054688, 121.39714813232422, 33.543174743652344)",POINT (0.4713046699762344 0.4241728037595749),,,,,,,,,,,,,,,,,,,,,,,,,,,,,,,,,,,,,,,,,,,,,,,,,
0,11,15,65335923815,1534783790,1,1,"(0.4858071804046631, 0.42446792125701904)","(0.4583251476287842, 0.3078937530517578)",1,1,2.737152099609375,2.238983154296875,"(-53.88374328613281, -22.907962799072266, 654.5894775390625)","(10.641979217529297, -24.736845016479492, 660.0277099609375)","(-4.647604942321777, 122.93656158447266, 34.103458404541016)","(-14.171135902404785, 144.2895965576172, 41.87533187866211)",POINT (0.4720661640167236 0.3661808371543884),,,,,,,,,,,,,,,,,,,,,,,,,,,,,,,,,,,,,,,,,,,,,,,,,
0,11,15,65335940483,1534800457,1,1,"(0.48604387044906616, 0.4123385548591614)","(0.455060750246048, 0.34070315957069397)",1,1,2.73577880859375,2.309234619140625,"(-53.86302947998047, -22.911972045898438, 654.533203125)","(10.663858413696289, -24.758779525756836, 660.1231689453125)","(-4.565586090087891, 125.1583023071289, 34.912132263183594)","(-15.302374839782715, 138.2798614501953, 39.6879997253418)",POINT (0.4705523103475571 0.3765208572149277),,,,,,,,,,,,,,,,,,,,,,,,,,,,,,,,,,,,,,,,,,,,,,,,,
0,11,15,65335957150,1534817124,1,1,"(0.4891643524169922, 0.41682857275009155)","(0.44918742775917053, 0.2985612154006958)",1,1,2.7641143798828125,2.275054931640625,"(-53.8477668762207, -22.919620513916016, 654.6198120117188)","(10.693378448486328, -24.790918350219727, 660.1820678710938)","(-3.484222412109375, 124.33587646484375, 34.61276626586914)","(-17.33768653869629, 145.99905395507812, 42.49754333496094)",POINT (0.4691758900880814 0.3576948940753937),,,,,,,,,,,,,,,,,,,,,,,,,,,,,,,,,,,,,,,,,,,,,,,,1,
0,11,15,65335990485,1534850458,1,1,"(0.485562264919281, 0.40972915291786194)","(0.454451322555542, 0.390580415725708)",1,1,2.7613983154296875,2.428680419921875,"(-53.80864715576172, -22.94658660888672, 654.6984252929688)","(10.72848129272461, -24.834247589111328, 660.1683349609375)","(-4.732478618621826, 125.63627624511719, 35.08606719970703)","(-15.513551712036133, 129.14376831054688, 36.36272430419922)",POINT (0.4700067937374115 0.400154784321785),,,,,,,,,,,,,,,,,,,,,,,,,,,,,,,,,,,,,,,,,,,,,,,,,
0,11,15,65336007152,1534867124,1,1,"(0.4705956280231476, 0.5890216827392578)","(0.42772847414016724, 0.6493546366691589)",1,1,2.774993896484375,2.5498046875,"(-53.78060531616211, -23.158348083496094, 654.751953125)","(10.629094123840332, -25.07422637939453, 660.196044921875)","(-9.918959617614746, 92.79502868652344, 23.132854461669922)","(-24.773990631103516, 81.74376678466797, 19.11052703857422)",POINT (0.4491620510816574 0.6191881597042084),,,,,,,,,,,,,,,,,,,,,,,,,,,,,,,,,,,,,,,,,,,,,,,,,1
0,11,15,65336023822,1534883794,1,1,"(0.47240132093429565, 0.5637363791465759)","(0.4514203369617462, 0.6502174735069275)",1,1,2.7735748291015625,2.595443725585937,"(-53.7452392578125, -23.224750518798828, 654.5179443359375)","(10.615493774414062, -25.103227615356445, 660.0873413085938)","(-9.293229103088379, 97.42657470703125, 24.818601608276367)","(-16.563899993896484, 81.5857162475586, 19.05301856994629)",POINT (0.4619108289480209 0.6069769263267517),,,,,,,,,,,,,,,,,,,,,,,,,,,,,,,,,,,,,,,,,,,,,,,,,
0,11,15,65336040490,1534900461,1,1,"(0.46969085931777954, 0.5889695882797241)","(0.4371524155139923, 0.6555116176605225)",1,1,2.78759765625,2.56353759765625,"(-53.802032470703125, -23.205671310424805, 654.652587890625)","(10.65676212310791, -25.081298828125, 660.2066650390625)","(-10.23249626159668, 92.80457305908203, 23.13632583618164)","(-21.50824737548828, 80.61599731445312, 18.700048446655273)",POINT (0.4534216374158859 0.6222406029701233),,,,,,,,,,,,,,,,,,,,,,,,,,,,,,,,,,,,,,,,,,,,,,,,,1
0,11,15,65336057157,1534917128,1,1,"(0.4677475690841675, 0.5737352967262268)","(0.44229573011398315, 0.6447084546089172)",1,1,2.76141357421875,2.55059814453125,"(-53.837806701660156, -23.203083038330078, 654.7664794921875)","(10.651632308959961, -25.074447631835938, 660.2431640625)","(-10.905921936035156, 95.59505462646484, 24.151973724365234)","(-19.725910186767578, 82.59481811523438, 19.420289993286133)",POINT (0.4550216495990753 0.609221875667572),,,,,,,,,,,,,,,,,,,,,,,,,,,,,,,,,,,,,,,,,,,,,,,,,
0,11,15,65336073825,1534933795,1,1,"(0.4721958637237549, 0.5904582738876343)","(0.4310908615589142, 0.6576082706451416)",1,1,2.7845458984375,2.588165283203125,"(-53.84723663330078, -23.178855895996094, 654.716796875)","(10.67066764831543, -25.03750991821289, 660.2066650390625)","(-9.364431381225586, 92.53189086914062, 23.037063598632812)","(-23.608827590942383, 80.23193359375, 18.560279846191406)",POINT (0.4516433626413345 0.6240332722663879),,,,,,,,,,,,,,,,,,,,,,,,,,,,,,,,,,,,,,,,,,,,,,,,,1
0,11,15,65336090491,1534950461,1,1,"(0.47305169701576233, 0.5906102657318115)","(0.43243587017059326, 0.6474097371101379)",1,1,2.79296875,2.557098388671875,"(-53.868736267089844, -23.184520721435547, 654.6412963867188)","(10.652166366577148, -25.032190322875977, 660.1593627929688)","(-9.067848205566406, 92.50405883789062, 23.026939392089844)","(-23.142728805541992, 82.10002899169922, 19.24019432067871)",POINT (0.4527437835931778 0.6190100014209747),,,,,,,,,,,,,,,,,,,,,,,,,,,,,,,,,,,,,,,,,,,,,,,,,1
0,11,15,65336107159,1534967128,1,1,"(0.4813465178012848, 0.5929022431373596)","(0.4423190653324127, 0.6653802394866943)",1,1,2.79071044921875,2.5927734375,"(-53.87593078613281, -23.179485321044922, 654.5440673828125)","(10.639494895935059, -25.014062881469727, 660.123779296875)","(-6.193395614624023, 92.084228515625, 22.874135971069336)","(-19.717838287353516, 78.80833435058594, 18.04212188720703)",POINT (0.4618327915668488 0.629141241312027),,,,,,,,,,,,,,,,,,,,,,,,,,,,,,,,,,,,,,,,,,,,,,,,,1
0,11,15,65336123825,1534983794,1,1,"(0.47545918822288513, 0.5772883296012878)","(0.43345966935157776, 0.6597075462341309)",1,1,2.787017822265625,2.56854248046875,"(-53.88304138183594, -23.190515518188477, 654.4830322265625)","(10.633356094360352, -25.023983001708984, 660.1480712890625)","(-8.233567237854004, 94.9442367553711, 23.915119171142578)","(-22.787933349609375, 79.84741973876953, 18.42029571533203)",POINT (0.4544594287872314 0.6184979379177094),,,,,,,,,,,,,,,,,,,,,,,,,,,,,,,,,,,,,,,,,,,,,,,,,1
0,11,15,65336140493,1535000461,1,1,"(0.47192707657814026, 0.6046462059020996)","(0.4283355176448822, 0.6673256754875183)",1,1,2.801849365234375,2.5808868408203125,"(-53.894126892089844, -23.176319122314453, 654.468994140625)","(10.620174407958984, -24.996381759643555, 660.160400390625)","(-9.457565307617188, 89.93307495117188, 22.091175079345703)","(-24.563642501831055, 78.45199584960938, 17.912410736083984)",POINT (0.4501312971115112 0.635985940694809),,,,,,,,,,,,,,,,,,,,,,,,,,,,,,,,,,,,,,,,,,,,,,,,,1
0,11,15,65336157164,1535017132,1,1,"(0.4781365394592285, 0.6072062253952026)","(0.43892261385917664, 0.6714414954185486)",1,1,2.811737060546875,2.55816650390625,"(-53.9093017578125, -23.162912368774414, 654.5623779296875)","(10.610727310180664, -24.975605010986328, 660.208740234375)","(-7.3057708740234375, 89.46414184570312, 21.92049789428711)","(-20.89482307434082, 77.69808197021484, 17.638017654418945)",POINT (0.4585295766592026 0.6393238604068756),,,,,,,,,,,,,,,,,,,,,,,,,,,,,,,,,,,,,,,,,,,,,,,,,1
0,11,15,65336173832,1535033799,1,1,"(0.472962349653244, 0.6018427610397339)","(0.4325837194919586, 0.6774373650550842)",1,1,2.797836303710937,2.5625,"(-53.919891357421875, -23.158170700073242, 654.6205444335938)","(10.601137161254883, -24.97825050354004, 660.2574462890625)","(-9.09880542755127, 90.44656372070312, 22.278127670288086)","(-23.091476440429688, 76.5998306274414, 17.238265991210938)",POINT (0.4527730345726013 0.6396400630474091),,,,,,,,,,,,,,,,,,,,,,,,,,,,,,,,,,,,,,,,,,,,,,,,,1
0,11,15,65336190498,1535050465,1,1,"(0.4756242334842682, 0.6061627268791199)","(0.4447267949581146, 0.6765511631965637)",1,1,2.830795288085937,2.6104736328125,"(-53.90533447265625, -23.168880462646484, 654.63525390625)","(10.599827766418457, -24.990497589111328, 660.293701171875)","(-8.176369667053223, 89.65528869628906, 21.990089416503906)","(-18.883472442626953, 76.76214599609375, 17.29737663269043)",POINT (0.4601755142211914 0.6413569450378418),,,,,,,,,,,,,,,,,,,,,,,,,,,,,,,,,,,,,,,,,,,,,,,,,1
0,11,15,65336207166,1535067132,1,1,"(0.5063916444778442, 0.648155927658081)","(0.46978363394737244, 0.7021230459213257)",1,1,2.852645874023437,2.60693359375,"(-53.868133544921875, -23.23682403564453, 654.9415283203125)","(10.632172584533691, -25.078697204589844, 660.2919311523438)","(2.4856679439544678, 81.96331787109375, 19.190475463867188)","(-10.200348854064941, 72.07811737060547, 15.592512130737305)",POINT (0.4880876392126083 0.6751394867897034),,,,,,,,,,,,,,,,,,,,,,,,,,,,,,,,,,,,,,,,,,,,,,,,,1
0,11,15,65336223832,1535083798,1,1,"(0.49900826811790466, 0.6395375728607178)","(0.46951761841773987, 0.6861920952796936)",1,1,2.79266357421875,2.592987060546875,"(-53.888946533203125, -23.240711212158203, 654.962158203125)","(10.623647689819336, -25.089590072631836, 660.2802734375)","(-0.07293897867202759, 83.54197692871094, 19.765012741088867)","(-10.292545318603516, 74.99620819091797, 16.654619216918945)",POINT (0.4842629432678223 0.6628648340702057),,,,,,,,,,,,,,,,,,,,,,,,,,,,,,,,,,,,,,,,,,,,,,,,,1
0,11,15,65336240500,1535100465,1,1,"(0.49565359950065613, 0.6519383788108826)","(0.4687953591346741, 0.714667022228241)",1,1,2.8569488525390625,2.62969970703125,"(-53.91246795654297, -23.247432708740234, 654.982177734375)","(10.597247123718262, -25.09298324584961, 660.2681274414062)","(-1.2354649305343628, 81.27047729492188, 18.938312530517578)","(-10.54282283782959, 69.78040313720703, 14.756227493286133)",POINT (0.4822244793176651 0.6833027005195618),,,,,,,,,,,,,,,,,,,,,,,,,,,,,,,,,,,,,,,,,,,,,,,,,1
0,11,15,65336257167,1535117132,1,1,"(0.4963088929653168, 0.6397778391838074)","(0.4667111039161682, 0.7033873796463013)",1,1,2.809326171875,2.65142822265625,"(-53.92090606689453, -23.252418518066406, 654.9208984375)","(10.576959609985352, -25.100976943969727, 660.4013671875)","(-1.008380651473999, 83.49796295166016, 19.74899673461914)","(-11.26509952545166, 71.84651947021484, 15.50821304321289)",POINT (0.4815099984407425 0.6715826094150543),,,,,,,,,,,,,,,,,,,,,,,,,,,,,,,,,,,,,,,,,,,,,,,,,1
0,11,15,65336273834,1535133798,1,1,"(0.4891841411590576, 0.6643459796905518)","(0.4650244116783142, 0.7128138542175293)",1,1,2.84381103515625,2.60833740234375,"(-53.94707489013672, -23.263744354248047, 655.0846557617188)","(10.565533638000488, -25.105627059936523, 660.534423828125)","(-3.4773643016815186, 78.99777221679688, 18.111059188842773)","(-11.849590301513672, 70.11984252929688, 14.879791259765625)",POINT (0.4771042764186859 0.6885799169540405),,,,,,,,,,,,,,,,,,,,,,,,,,,,,,,,,,,,,,,,,,,,,,,,,1
0,11,15,65336290507,1535150471,1,1,"(0.48987820744514465, 0.6594776511192322)","(0.45788317918777466, 0.7001479268074036)",1,1,2.859970092773437,2.613143920898437,"(-53.96293258666992, -23.266742706298828, 655.1181030273438)","(10.545642852783203, -25.111572265625, 660.8004150390625)","(-3.2368381023406982, 79.8895034790039, 18.435657501220703)","(-14.324299812316895, 72.43989562988281, 15.724201202392578)",POINT (0.4738806933164597 0.6798127889633179),,,,,,,,,,,,,,,,,,,,,,,,,,,,,,,,,,,,,,,,,,,,,,,,,1
0,11,15,65336307175,1535167138,1,1,"(0.48974791169166565, 0.6541948914527893)","(0.46409448981285095, 0.6937994956970215)",1,1,2.840194702148437,2.62249755859375,"(-53.974884033203125, -23.267765045166016, 655.1881103515625)","(10.5274019241333, -25.108036041259766, 660.94580078125)","(-3.2819955348968506, 80.85716247558594, 18.78786277770996)","(-12.171847343444824, 73.60272216796875, 16.147445678710938)",POINT (0.4769212007522583 0.6739971935749054),,,,,,,,,,,,,,,,,,,,,,,,,,,,,,,,,,,,,,,,,,,,,,,,,1
0,11,15,65336323841,1535183804,1,1,"(0.49242642521858215, 0.6546757817268372)","(0.4722374975681305, 0.7054370045661926)",1,1,2.84576416015625,2.6134033203125,"(-53.98530197143555, -23.27092742919922, 655.2463989257812)","(10.515851974487305, -25.113479614257812, 661.115234375)","(-2.3537914752960205, 80.76908111572266, 18.75577163696289)","(-9.350007057189941, 71.47107696533203, 15.37159252166748)",POINT (0.4823319613933563 0.6800563931465149),,,,,,,,,,,,,,,,,,,,,,,,,,,,,,,,,,,,,,,,,,,,,,,,,1
0,11,15,65336340509,1535200471,1,1,"(0.49978572130203247, 0.6724857687950134)","(0.47338569164276123, 0.7012882232666016)",1,1,2.821517944335937,2.63671875,"(-54.0025634765625, -23.27277374267578, 655.243896484375)","(10.498687744140625, -25.10959815979004, 660.9951782226562)","(0.19647040963172913, 77.5068130493164, 17.568395614624023)","(-8.95210075378418, 72.23102569580078, 15.64816665649414)",POINT (0.4865857064723968 0.6868869960308075),,,,,,,,,,,,,,,,,,,,,,,,,,,,,,,,,,,,,,,,,,,,,,,,,1
0,11,15,65336357176,1535217138,1,1,"(0.5096085071563721, 0.6572776436805725)","(0.4648229777812958, 0.6994328498840332)",1,1,2.86138916015625,2.6317138671875,"(-54.03947448730469, -23.27174949645996, 655.273681640625)","(10.470949172973633, -25.106189727783203, 660.9480590820312)","(3.600423812866211, 80.29248809814453, 18.582300186157227)","(-11.919403076171875, 72.57088470458984, 15.771868705749512)",POINT (0.4872157424688339 0.6783552467823029),,,,,,,,,,,,,,,,,,,,,,,,,,,,,,,,,,,,,,,,,,,,,,,,,1
0,11,15,65336373843,1535233804,1,1,"(0.498687207698822, 0.6740978956222534)","(0.47339364886283875, 0.7109920382499695)",1,1,2.836456298828125,2.614654541015625,"(-54.04963302612305, -23.28355598449707, 655.1397705078125)","(10.451284408569336, -25.114744186401367, 660.7916870117188)","(-0.18420107662677765, 77.21150970458984, 17.460933685302734)","(-8.949345588684082, 70.45357513427734, 15.001221656799316)",POINT (0.4860404282808304 0.6925449669361115),,,,,,,,,,,,,,,,,,,,,,,,,,,,,,,,,,,,,,,,,,,,,,,,,1
0,11,15,65336390510,1535250471,1,1,"(0.5029887557029724, 0.6876376867294312)","(0.47298285365104675, 0.6997920870780945)",1,1,2.87127685546875,2.623382568359375,"(-54.077396392822266, -23.270660400390625, 655.05126953125)","(10.424192428588867, -25.111845016479492, 660.5634765625)","(1.3064292669296265, 74.7314224243164, 16.558225631713867)","(-9.091705322265625, 72.50507354736328, 15.747926712036133)",POINT (0.4879858046770096 0.6937148869037628),,,,,,,,,,,,,,,,,,,,,,,,,,,,,,,,,,,,,,,,,,,,,,,,,1
0,11,15,65336407177,1535267137,1,1,"(0.5051752924919128, 0.6753020882606506)","(0.46867111325263977, 0.7049689292907715)",1,1,2.8541717529296875,2.609771728515625,"(-54.1051139831543, -23.272201538085938, 654.9502563476562)","(10.398099899291992, -25.109241485595703, 660.23876953125)","(2.064142942428589, 76.9909439086914, 17.380647659301758)","(-10.585878372192383, 71.55682373046875, 15.402788162231445)",POINT (0.4869232028722763 0.6901355087757111),,,,,,,,,,,,,,,,,,,,,,,,,,,,,,,,,,,,,,,,,,,,,,,,,1
0,11,15,65336423849,1535283809,1,1,"(0.5019427537918091, 0.6622094511985779)","(0.465605765581131, 0.7075350880622864)",1,1,2.834075927734375,2.6439971923828125,"(-54.126895904541016, -23.27401351928711, 654.9955444335938)","(10.39145278930664, -25.109987258911133, 660.2510986328125)","(0.9439704418182373, 79.38914489746094, 18.253463745117188)","(-11.6481351852417, 71.0867691040039, 15.231698036193848)",POINT (0.48377425968647 0.6848722696304321),,,,,,,,,,,,,,,,,,,,,,,,,,,,,,,,,,,,,,,,,,,,,,,,,1
0,11,15,65336440516,1535300475,1,1,"(0.4982890784740448, 0.6767317056655884)","(0.4610792100429535, 0.708173394203186)",1,1,2.881454467773437,2.59844970703125,"(-54.163509368896484, -23.284832000732422, 655.133056640625)","(10.362614631652832, -25.113632202148438, 660.3965454101562)","(-0.32217347621917725, 76.72908020019531, 17.285316467285156)","(-13.216755867004395, 70.96985626220703, 15.189151763916016)",POINT (0.4796841442584992 0.6924525499343872),,,,,,,,,,,,,,,,,,,,,,,,,,,,,,,,,,,,,,,,,,,,,,,,,1
0,11,15,65336457183,1535317142,1,1,"(0.49953794479370117, 0.6701226234436035)","(0.47452259063720703, 0.718255877494812)",1,1,2.874481201171875,2.6239471435546875,"(-54.19070053100586, -23.282297134399414, 655.2965087890625)","(10.339839935302734, -25.113502502441406, 660.6983032226562)","(0.1106138750910759, 77.9396743774414, 17.725933074951172)","(-8.558121681213379, 69.123046875, 14.516942024230957)",POINT (0.4870302677154541 0.6941892504692078),,,,,,,,,,,,,,,,,,,,,,,,,,,,,,,,,,,,,,,,,,,,,,,,,1
0,11,15,65336473850,1535333808,1,1,"(0.49650657176971436, 0.6971020698547363)","(0.4649099111557007, 0.7403967976570129)",1,1,2.868804931640625,2.629425048828125,"(-54.21427536010742, -23.32000732421875, 655.2565307617188)","(10.287789344787598, -25.136911392211914, 661.2313232421875)","(-0.9398822784423828, 72.99783325195312, 15.927225112915039)","(-11.889269828796387, 65.06745910644531, 13.040851593017578)",POINT (0.4807082414627075 0.7187494337558746),,,,,,,,,,,,,,,,,,,,,,,,,,,,,,,,,,,,,,,,,,,,,,,,,1
0,11,15,65336490517,1535350475,1,1,"(0.5007295608520508, 0.7151968479156494)","(0.46907928586006165, 0.7699493169784546)",1,1,2.8335113525390625,2.627426147460937,"(-54.213279724121094, -23.350967407226562, 655.1246337890625)","(10.255106925964355, -25.13565444946289, 660.9905395507812)","(0.5235380530357361, 69.68336486816406, 14.720894813537598)","(-10.444438934326172, 59.65428161621094, 11.070632934570312)",POINT (0.4849044233560562 0.742573082447052),,,,,,,,,,,,,,,,,,,,,,,,,,,,,,,,,,,,,,,,,,,,,,,,,1
0,11,15,65336507185,1535367142,1,1,"(0.5090875625610352, 0.7289177775382996)","(0.47585827112197876, 0.7727010250091553)",1,1,2.8665008544921875,2.6246490478515625,"(-54.24224090576172, -23.34834098815918, 655.1435546875)","(10.238367080688477, -25.12340545654297, 660.7499389648438)","(3.419881582260132, 67.17007446289062, 13.806134223937988)","(-8.095266342163086, 59.150245666503906, 10.887166976928711)",POINT (0.492472916841507 0.7508094012737274),,,,,,,,,,,,,,,,,,,,,,,,,,,,,,,,,,,,,,,,,,,,,,,,,
0,11,15,65336523851,1535383808,1,1,"(0.5055041909217834, 0.7106158137321472)","(0.4738224744796753, 0.7587312459945679)",1,1,2.85711669921875,2.615753173828125,"(-54.25975799560547, -23.34449577331543, 655.1408081054688)","(10.213882446289062, -25.1130428314209, 660.6180419921875)","(2.178112030029297, 70.5224609375, 15.026341438293457)","(-8.800735473632812, 61.7090950012207, 11.818536758422852)",POINT (0.4896633327007294 0.7346735298633575),,,,,,,,,,,,,,,,,,,,,,,,,,,,,,,,,,,,,,,,,,,,,,,,,1
0,11,15,65336540519,1535400475,1,1,"(0.5119190216064453, 0.7190808057785034)","(0.4805511236190796, 0.7498409748077393)",1,1,2.842269897460937,2.6138458251953125,"(-54.27088928222656, -23.33287811279297, 655.0548095703125)","(10.204706192016602, -25.109025955200195, 660.5943603515625)","(4.401098251342773, 68.97193145751953, 14.461956977844238)","(-6.4690141677856445, 63.33753967285156, 12.411272048950195)",POINT (0.4962350726127624 0.7344608902931213),,,,,,,,,,,,,,,,,,,,,,,,,,,,,,,,,,,,,,,,,,,,,,,,,1
0,11,15,65336557187,1535417143,1,1,"(0.4964865446090698, 0.7164961695671082)","(0.46117451786994934, 0.7462422847747803)",1,1,2.845687866210937,2.6342010498046875,"(-54.280181884765625, -23.306726455688477, 654.9332275390625)","(10.200492858886719, -25.101985931396484, 660.534423828125)","(-0.9468148350715637, 69.44536590576172, 14.634288787841797)","(-13.183722496032715, 63.996742248535156, 12.651110649108887)",POINT (0.4788305312395096 0.7313692271709442),,,,,,,,,,,,,,,,,,,,,,,,,,,,,,,,,,,,,,,,,,,,,,,,,1
0,11,15,65336573855,1535433810,1,1,"(0.49964621663093567, 0.7176496982574463)","(0.46964091062545776, 0.7368692755699158)",1,1,2.796249389648437,2.604827880859375,"(-54.284637451171875, -23.300968170166016, 654.8718872070312)","(10.197630882263184, -25.099870681762695, 660.5103149414062)","(0.14812146127223969, 69.23406982421875, 14.557384490966797)","(-10.249807357788086, 65.71359252929688, 13.27603530883789)",POINT (0.4846435636281967 0.727259486913681),,,,,,,,,,,,,,,,,,,,,,,,,,,,,,,,,,,,,,,,,,,,,,,,,1
0,11,15,65336590522,1535450477,1,1,"(0.5126993656158447, 0.7251750826835632)","(0.46667593717575073, 0.7537333965301514)",1,1,2.83233642578125,2.652252197265625,"(-54.27784729003906, -23.283008575439453, 654.8974609375)","(10.211736679077148, -25.086511611938477, 660.606689453125)","(4.6715216636657715, 67.85563659667969, 14.05563735961914)","(-11.277276992797852, 62.62457275390625, 12.151704788208008)",POINT (0.4896876513957977 0.7394542396068573),,,,,,,,,,,,,,,,,,,,,,,,,,,,,,,,,,,,,,,,,,,,,,,,,1
0,11,15,65336607189,1535467143,1,1,"(0.503890872001648, 0.7080164551734924)","(0.4747941493988037, 0.7387294769287109)",1,1,2.83819580078125,2.5889892578125,"(-54.27229690551758, -23.28014373779297, 654.8382568359375)","(10.215568542480469, -25.086030960083008, 660.6065673828125)","(1.6190519332885742, 70.99861145019531, 15.19959831237793)","(-8.464025497436523, 65.37284851074219, 13.152050018310547)",POINT (0.4893425107002258 0.7233729660511017),,,,,,,,,,,,,,,,,,,,,,,,,,,,,,,,,,,,,,,,,,,,,,,,,1
0,11,15,65336623856,1535483810,1,1,"(0.5137951970100403, 0.7203872799873352)","(0.4708508551120758, 0.7535425424575806)",1,1,2.826812744140625,2.6465301513671875,"(-54.256187438964844, -23.278867721557617, 654.8536376953125)","(10.233819961547852, -25.07537841796875, 660.6300048828125)","(5.051276683807373, 68.73262786865234, 14.374844551086426)","(-9.830511093139648, 62.65952682495117, 12.164443016052246)",POINT (0.492323026061058 0.7369649112224579),,,,,,,,,,,,,,,,,,,,,,,,,,,,,,,,,,,,,,,,,,,,,,,,,1
0,11,15,65336640524,1535500477,1,1,"(0.5088179707527161, 0.7217828631401062)","(0.46048420667648315, 0.7454057931900024)",1,1,2.8178253173828125,2.601715087890625,"(-54.226844787597656, -23.280057907104492, 654.8341674804688)","(10.257325172424316, -25.07141876220703, 660.6531372070312)","(3.3264739513397217, 68.47698974609375, 14.281824111938477)","(-13.422948837280273, 64.14995574951172, 12.706911087036133)",POINT (0.4846510887145996 0.7335943281650543),,,,,,,,,,,,,,,,,,,,,,,,,,,,,,,,,,,,,,,,,,,,,,,,,1
0,11,15,65336657190,1535517143,1,1,"(0.49748650193214417, 0.6905064582824707)","(0.4901485741138458, 0.7393777966499329)",1,1,2.8452301025390625,2.6370086669921875,"(-54.177005767822266, -23.2551212310791, 654.998291015625)","(10.300823211669922, -25.037092208862305, 660.4224853515625)","(-0.6002900004386902, 74.2059326171875, 16.36697769165039)","(-3.143150806427002, 65.25410461425781, 13.108778953552246)",POINT (0.493817538022995 0.7149421274662018),,,,,,,,,,,,,,,,,,,,,,,,,,,,,,,,,,,,,,,,,,,,,,,,,1
0,11,15,65336673858,1535533810,1,1,"(0.5145382881164551, 0.6928160786628723)","(0.4789356291294098, 0.7248066067695618)",1,1,2.8298492431640625,2.6220703125,"(-54.148990631103516, -23.253389358520508, 654.9068603515625)","(10.319868087768555, -25.051273345947266, 660.349365234375)","(5.308787822723389, 73.78287506103516, 16.2130184173584)","(-7.028841972351074, 67.9231185913086, 14.080239295959473)",POINT (0.4967369586229324 0.708811342716217),,,,,,,,,,,,,,,,,,,,,,,,,,,,,,,,,,,,,,,,,,,,,,,,,1
0,11,15,65336690532,1535550484,1,1,"(0.4960430860519409, 0.6897144913673401)","(0.4813064634799957, 0.717292308807373)",1,1,2.8510284423828125,2.62359619140625,"(-54.13267517089844, -23.25031852722168, 654.8612060546875)","(10.34800910949707, -25.063997268676758, 660.2161865234375)","(-1.1004868745803833, 74.35100555419922, 16.419742584228516)","(-6.207276344299316, 69.2995376586914, 14.581212043762207)",POINT (0.4886747747659683 0.7035034000873566),,,,,,,,,,,,,,,,,,,,,,,,,,,,,,,,,,,,,,,,,,,,,,,,,1
0,11,15,65336707199,1535567150,1,1,"(0.5047609806060791, 0.6826620697975159)","(0.47668272256851196, 0.742373526096344)",1,1,2.851776123046875,2.627426147460937,"(-54.12950897216797, -23.247520446777344, 654.838623046875)","(10.359197616577148, -25.070308685302734, 660.1915893554688)","(1.9205948114395142, 75.64279174804688, 16.889965057373047)","(-7.809567451477051, 64.70537567138672, 12.909074783325195)",POINT (0.4907218515872955 0.7125177979469299),,,,,,,,,,,,,,,,,,,,,,,,,,,,,,,,,,,,,,,,,,,,,,,,,1
0,11,15,65336723866,1535583817,1,1,"(0.5087608695030212, 0.6876288652420044)","(0.4681013226509094, 0.7240082025527954)",1,1,2.834564208984375,2.63958740234375,"(-54.12832260131836, -23.250354766845703, 654.8379516601562)","(10.370543479919434, -25.084617614746094, 660.0950927734375)","(3.3066911697387695, 74.73302459716797, 16.558820724487305)","(-10.783340454101562, 68.06937408447266, 14.133477210998535)",POINT (0.4884310960769653 0.7058185338973999),,,,,,,,,,,,,,,,,,,,,,,,,,,,,,,,,,,,,,,,,,,,,,,,,1
0,11,15,65336740534,1535600484,1,1,"(0.5064007043838501, 0.6975198984146118)","(0.4660153090953827, 0.7148547768592834)",1,1,2.88824462890625,2.594268798828125,"(-54.12944793701172, -23.25104522705078, 654.8738403320312)","(10.37565803527832, -25.094640731811523, 660.0946044921875)","(2.4887855052948, 72.9212646484375, 15.89939022064209)","(-11.506205558776855, 69.74602508544922, 14.743685722351074)",POINT (0.4862080067396164 0.7061873376369476),,,,,,,,,,,,,,,,,,,,,,,,,,,,,,,,,,,,,,,,,,,,,,,,,1
0,11,15,65336757200,1535617150,1,1,"(0.5048227906227112, 0.6990641355514526)","(0.46290019154548645, 0.7219938039779663)",1,1,2.85430908203125,2.6349029541015625,"(-54.13870620727539, -23.253856658935547, 654.8483276367188)","(10.36663818359375, -25.092098236083984, 660.0948486328125)","(1.9419995546340942, 72.63842010498047, 15.796439170837402)","(-12.58572006225586, 68.4383544921875, 14.267768859863281)",POINT (0.4838614910840988 0.7105289697647095),,,,,,,,,,,,,,,,,,,,,,,,,,,,,,,,,,,,,,,,,,,,,,,,,1
0,11,15,65336773868,1535633817,1,1,"(0.48739612102508545, 0.7035287022590637)","(0.46737831830978394, 0.7276616096496582)",1,1,2.807846069335937,2.633056640625,"(-54.15663146972656, -23.259990692138672, 654.905517578125)","(10.362234115600586, -25.094926834106445, 660.0711669921875)","(-4.096975326538086, 71.82063293457031, 15.498798370361328)","(-11.033873558044434, 67.40019989013672, 13.889853477478027)",POINT (0.4773872196674347 0.715595155954361),,,,,,,,,,,,,,,,,,,,,,,,,,,,,,,,,,,,,,,,,,,,,,,,,1
0,11,15,65336790535,1535650484,1,1,"(0.5021383166313171, 0.7130367159843445)","(0.47610369324684143, 0.7240378260612488)",1,1,2.860214233398437,2.6156005859375,"(-54.177024841308594, -23.272449493408203, 654.9632568359375)","(10.354599952697754, -25.097015380859375, 660.203857421875)","(1.011721134185791, 70.07904815673828, 14.864912986755371)","(-8.01021671295166, 68.0639419555664, 14.13148021697998)",POINT (0.4891210049390793 0.7185372710227966),,,,,,,,,,,,,,,,,,,,,,,,,,,,,,,,,,,,,,,,,,,,,,,,,1
0,11,15,65336807202,1535667150,1,1,"(0.5017294883728027, 0.712002158164978)","(0.4633916914463043, 0.735377848148346)",1,1,2.854248046875,2.6199951171875,"(-54.19571304321289, -23.28347396850586, 654.8391723632812)","(10.32595157623291, -25.096467971801758, 660.3250122070312)","(0.8700538873672485, 70.26853942871094, 14.933880805969238)","(-12.415390014648438, 65.98680114746094, 13.37542724609375)",POINT (0.4825605899095535 0.723690003156662),,,,,,,,,,,,,,,,,,,,,,,,,,,,,,,,,,,,,,,,,,,,,,,,,1
0,11,15,65336823874,1535683822,1,1,"(0.519356906414032, 0.7263389825820923)","(0.4740349352359772, 0.7362598180770874)",1,1,2.827423095703125,2.605819702148437,"(-54.217124938964844, -23.297718048095703, 654.7515869140625)","(10.293502807617188, -25.104419708251953, 660.5073852539062)","(6.978598117828369, 67.64244079589844, 13.978082656860352)","(-8.727115631103516, 65.82524871826172, 13.316629409790039)",POINT (0.4966959208250046 0.7312994003295898),,,,,,,,,,,,,,,,,,,,,,,,,,,,,,,,,,,,,,,,,,,,,,,,,1
0,11,15,65336840542,1535700489,1,1,"(0.5118341445922852, 0.6933439373970032)","(0.48478829860687256, 0.7343599200248718)",1,1,2.8462677001953125,2.619964599609375,"(-54.22954559326172, -23.306381225585938, 654.6533203125)","(10.261837005615234, -25.108131408691406, 660.6046752929688)","(4.371694564819336, 73.68618774414062, 16.177814483642578)","(-5.00068998336792, 66.17325592041016, 13.44330883026123)",POINT (0.4983112215995789 0.7138519287109375),,,,,,,,,,,,,,,,,,,,,,,,,,,,,,,,,,,,,,,,,,,,,,,,,1
0,11,15,65336857208,1535717155,1,1,"(0.5076590180397034, 0.7127704620361328)","(0.48480290174484253, 0.7291303277015686)",1,1,2.834075927734375,2.6185302734375,"(-54.256195068359375, -23.29535675048828, 654.613037109375)","(10.228702545166016, -25.100387573242188, 660.4610595703125)","(2.924856185913086, 70.1278076171875, 14.882634162902832)","(-4.995631217956543, 67.13114929199219, 13.791947364807129)",POINT (0.496230959892273 0.7209503948688507),,,,,,,,,,,,,,,,,,,,,,,,,,,,,,,,,,,,,,,,,,,,,,,,,1
0,11,15,65336873876,1535733822,1,1,"(0.5201177597045898, 0.7071338295936584)","(0.4933943450450897, 0.7447553277015686)",1,1,2.889892578125,2.62567138671875,"(-54.245323181152344, -23.28649139404297, 654.626953125)","(10.254570007324219, -25.094650268554688, 660.556396484375)","(7.242266654968262, 71.16028594970703, 15.258440971374512)","(-2.0183663368225098, 64.26909637451172, 12.750251770019531)",POINT (0.5067560523748398 0.7259445786476135),,,,,,,,,,,,,,,,,,,,,,,,,,,,,,,,,,,,,,,,,,,,,,,,,1
0,11,15,65336890542,1535750488,1,1,"(0.518180787563324, 0.711827278137207)","(0.492348849773407, 0.7256381511688232)",1,1,2.85064697265625,2.5988311767578125,"(-54.22834014892578, -23.279468536376953, 654.737548828125)","(10.269601821899414, -25.084077835083008, 660.5319213867188)","(6.571036338806152, 70.30056762695312, 14.945547103881836)","(-2.380678653717041, 67.77081298828125, 14.02479362487793)",POINT (0.5052648186683655 0.7187327146530151),,,,,,,,,,,,,,,,,,,,,,,,,,,,,,,,,,,,,,,,,,,,,,,,,1
0,11,15,65336907210,1535767155,1,1,"(0.5260050296783447, 0.7070325016975403)","(0.4948899447917938, 0.7304764986038208)",1,1,2.839752197265625,2.6170806884765625,"(-54.259307861328125, -23.268917083740234, 654.6724243164062)","(10.247819900512695, -25.079639434814453, 660.5328369140625)","(9.282414436340332, 71.17882537841797, 15.265213012695312)","(-1.5000923871994019, 66.88458251953125, 13.702237129211426)",POINT (0.5104474872350693 0.7187545001506805),,,,,,,,,,,,,,,,,,,,,,,,,,,,,,,,,,,,,,,,,,,,,,,,,1
0,11,15,65336923877,1535783822,1,1,"(0.5190128684043884, 0.7058464288711548)","(0.503304660320282, 0.7188985347747803)",1,1,2.86376953125,2.58026123046875,"(-54.27286148071289, -23.268964767456055, 654.7901611328125)","(10.248235702514648, -25.071895599365234, 660.5208740234375)","(6.859386444091797, 71.39610290527344, 15.344285011291504)","(1.4159191846847534, 69.00531768798828, 14.474115371704102)",POINT (0.5111587643623352 0.7123724818229675),,,,,,,,,,,,,,,,,,,,,,,,,,,,,,,,,,,,,,,,,,,,,,,,,1
0,11,15,65336940548,1535800492,1,1,"(0.5161262154579163, 0.7038061618804932)","(0.4985572397708893, 0.7278674840927124)",1,1,2.7871246337890625,2.59161376953125,"(-54.283599853515625, -23.262935638427734, 654.812255859375)","(10.247868537902832, -25.06229019165039, 660.4966430664062)","(5.859050273895264, 71.76980590820312, 15.480301856994629)","(-0.22924421727657318, 67.36246490478516, 13.8761568069458)",POINT (0.5073417276144028 0.7158368229866028),,,,,,,,,,,,,,,,,,,,,,,,,,,,,,,,,,,,,,,,,,,,,,,,,1
0,11,15,65336957215,1535817159,1,1,"(0.5386164784431458, 0.6994112133979797)","(0.4942949712276459, 0.7313584685325623)",1,1,2.823837280273437,2.5719757080078125,"(-54.28767013549805, -23.262651443481445, 654.7396240234375)","(10.239542007446289, -25.062206268310547, 660.4488525390625)","(13.652729034423828, 72.5748519897461, 15.773285865783691)","(-1.7062715291976929, 66.72301483154297, 13.643418312072754)",POINT (0.5164557248353958 0.715384840965271),,,,,,,,,,,,,,,,,,,,,,,,,,,,,,,,,,,,,,,,,,,,,,,,,1
0,11,15,65336973883,1535833826,1,1,"(0.5247948169708252, 0.6949502229690552)","(0.4889964163303375, 0.7263680100440979)",1,1,2.83575439453125,2.562591552734375,"(-54.28481674194336, -23.27645492553711, 654.7283935546875)","(10.235883712768555, -25.081039428710938, 660.5090942382812)","(8.86305046081543, 73.3919677734375, 16.07071304321289)","(-3.5424182415008545, 67.63712310791016, 13.976127624511719)",POINT (0.5068956166505814 0.7106591165065765),,,,,,,,,,,,,,,,,,,,,,,,,,,,,,,,,,,,,,,,,,,,,,,,,1
0,11,15,65336990549,1535850492,1,1,"(0.5159534215927124, 0.703845202922821)","(0.4996994733810425, 0.7329914569854736)",1,1,2.827484130859375,2.5849609375,"(-54.27180480957031, -23.31061553955078, 654.7182006835938)","(10.236763000488281, -25.102481842041016, 660.557373046875)","(5.7991557121276855, 71.76265716552734, 15.477673530578613)","(0.16659168899059296, 66.42390441894531, 13.534525871276855)",POINT (0.5078264474868774 0.7184183299541473),,,,,,,,,,,,,,,,,,,,,,,,,,,,,,,,,,,,,,,,,,,,,,,,,1
0,11,15,65337007218,1535867160,1,1,"(0.5154762268066406, 0.6912361979484558)","(0.503040075302124, 0.7536677718162537)",1,1,2.8322906494140625,2.5810699462890625,"(-54.274147033691406, -23.35357093811035, 654.85009765625)","(10.252294540405273, -25.124618530273438, 660.5568237304688)","(5.633812427520752, 74.07228088378906, 16.318330764770508)","(1.3242108821868896, 62.63658905029297, 12.156105995178223)",POINT (0.5092581510543823 0.7224519848823547),,,,,,,,,,,,,,,,,,,,,,,,,,,,,,,,,,,,,,,,,,,,,,,,,1
0,11,15,65337023884,1535883826,1,1,"(0.5107722282409668, 0.7001329660415649)","(0.49281254410743713, 0.7374833822250366)",1,1,2.8247528076171875,2.55743408203125,"(-54.26719665527344, -23.389320373535156, 654.9955444335938)","(10.283729553222656, -25.153085708618164, 660.5319213867188)","(4.003703594207764, 72.44263458251953, 15.725163459777832)","(-2.219975233078003, 65.60111236572266, 13.235076904296875)",POINT (0.501792386174202 0.7188081741333008),,,,,,,,,,,,,,,,,,,,,,,,,,,,,,,,,,,,,,,,,,,,,,,,,1
0,11,15,65337040551,1535900492,1,1,"(0.5245020985603333, 0.6796569228172302)","(0.4945833683013916, 0.7407199144363403)",1,1,2.83837890625,2.555404663085937,"(-54.234886169433594, -23.42242431640625, 654.8572998046875)","(10.31315803527832, -25.173450469970703, 660.3989868164062)","(8.76159954071045, 76.19325256347656, 17.090307235717773)","(-1.6063344478607178, 65.00827026367188, 13.019286155700684)",POINT (0.5095427334308624 0.7101884186267853),,,,,,,,,,,,,,,,,,,,,,,,,,,,,,,,,,,,,,,,,,,,,,,,,1
0,11,15,65337057218,1535917159,1,1,"(0.5145294070243835, 0.6869747638702393)","(0.493074893951416, 0.7570573687553406)",1,1,2.859344482421875,2.5841827392578125,"(-54.18935012817383, -23.428974151611328, 654.6728515625)","(10.330405235290527, -25.17813491821289, 660.3143920898438)","(5.305694103240967, 74.85282897949219, 16.602466583251953)","(-2.1290853023529053, 62.01572799682617, 11.930094718933105)",POINT (0.5038021504878998 0.7220160663127899),,,,,,,,,,,,,,,,,,,,,,,,,,,,,,,,,,,,,,,,,,,,,,,,,1
0,11,15,65337073889,1535933829,1,1,"(0.5194376111030579, 0.6757619976997375)","(0.49229010939598083, 0.7654811143875122)",1,1,2.8439483642578125,2.58404541015625,"(-54.14558029174805, -23.426292419433594, 654.5595703125)","(10.362680435180664, -25.175945281982422, 660.3016967773438)","(7.006556510925293, 76.90670013427734, 17.34998893737793)","(-2.4010322093963623, 60.47271728515625, 11.368523597717285)",POINT (0.5058638602495193 0.7206215560436249),,,,,,,,,,,,,,,,,,,,,,,,,,,,,,,,,,,,,,,,,,,,,,,,,1
0,11,15,65337090556,1535950496,1,1,"(0.5352402925491333, 0.6573432087898254)","(0.5152405500411987, 0.734748899936676)",1,1,2.815277099609375,2.56646728515625,"(-54.09267044067383, -23.33870506286621, 654.724853515625)","(10.406525611877441, -25.118406295776367, 660.28662109375)","(12.482760429382324, 80.2804946899414, 18.57792091369629)","(5.552131175994873, 66.10200500488281, 13.417370796203613)",POINT (0.525240421295166 0.6960460543632507),,,,,,,,,,,,,,,,,,,,,,,,,,,,,,,,,,,,,,,,,,,,,,,,,1
0,11,15,65337107223,1535967162,1,1,"(0.5672545433044434, 0.48625636100769043)","(0.5602359771728516, 0.4351433515548706)",1,1,2.8137664794921875,2.47930908203125,"(-53.897579193115234, -23.036758422851562, 654.900146484375)","(10.526240348815918, -24.879772186279297, 660.9337158203125)","(23.57687759399414, 111.61869049072266, 29.984098434448242)","(21.144691467285156, 120.98113250732422, 33.39173889160156)",POINT (0.5637452602386475 0.4606998562812805),,,,,,,,,,,,,,,,,,,,,,,,,,,,,,,,,,,,,,,,,,,,,,,,1,
0,11,15,65337123890,1535983829,1,1,"(0.5671621561050415, 0.35786187648773193)","(0.5729896426200867, 0.3133606016635895)",1,1,2.8046875,2.41925048828125,"(-53.75272750854492, -22.821517944335938, 655.11474609375)","(10.49311351776123, -24.68332862854004, 661.1522216796875)","(23.544864654541016, 135.13687133789062, 38.544029235839844)","(25.564306259155273, 143.28822326660156, 41.51088333129883)",POINT (0.5700758993625641 0.3356112390756607),,,,,,,,,,,,,,,,,,,,,,,,,,,,,,,,,,,,,,,,,,,,,,,,1,
0,11,15,65337140558,1536000496,1,1,"(0.574191689491272, 0.38436394929885864)","(0.5537427663803101, 0.2811180353164673)",1,1,2.8352203369140625,2.346588134765625,"(-53.75243377685547, -22.83078384399414, 655.103759765625)","(10.533933639526367, -24.70740509033203, 660.9099731445312)","(25.980876922607422, 130.28245544433594, 36.77714920043945)","(18.894546508789062, 149.1941375732422, 43.660465240478516)",POINT (0.563967227935791 0.332740992307663),,,,,,,,,,,,,,,,,,,,,,,,,,,,,,,,,,,,,,,,,,,,,,,,1,
0,11,15,65337157224,1536017162,1,1,"(0.5771785974502563, 0.37785178422927856)","(0.5550257563591003, 0.32201841473579407)",1,1,2.838134765625,2.414093017578125,"(-53.77458190917969, -22.853893280029297, 655.0994873046875)","(10.574337005615234, -24.71810531616211, 660.51123046875)","(27.01592445373535, 131.4752960205078, 37.211326599121094)","(19.33916664123535, 141.70237731933594, 40.93364715576172)",POINT (0.5661021769046783 0.3499350994825363),,,,,,,,,,,,,,,,,,,,,,,,,,,,,,,,,,,,,,,,,,,,,,,,1,
0,11,15,65337190559,1536050496,1,1,"(0.5787996649742126, 0.3799464702606201)","(0.5518398880958557, 0.31547001004219055)",1,1,2.837921142578125,2.4137725830078125,"(-53.764671325683594, -22.856590270996094, 654.921630859375)","(10.64022445678711, -24.753768920898438, 660.3526611328125)","(27.577678680419922, 131.09161376953125, 37.071685791015625)","(18.23515510559082, 142.90185546875, 41.370235443115234)",POINT (0.5653197765350342 0.3477082401514053),,,,,,,,,,,,,,,,,,,,,,,,,,,,,,,,,,,,,,,,,,,,,,,,1,
0,11,15,65337207234,1536067170,1,1,"(0.5847771167755127, 0.36881253123283386)","(0.5565612316131592, 0.29132550954818726)",1,1,2.81353759765625,2.3720703125,"(-53.77306365966797, -22.86911964416504, 654.9081420898438)","(10.664416313171387, -24.774940490722656, 660.3518676757812)","(29.649085998535156, 133.13104248046875, 37.813934326171875)","(19.871257781982422, 147.3244171142578, 42.979942321777344)",POINT (0.5706691741943359 0.3300690203905106),,,,,,,,,,,,,,,,,,,,,,,,,,,,,,,,,,,,,,,,,,,,,,,,1,
0,11,15,65337223901,1536083837,1,1,"(0.5757848024368286, 0.38060832023620605)","(0.5515328049659729, 0.3083956241607666)",1,1,2.821640014648437,2.401107788085937,"(-53.766807556152344, -22.887556076049805, 654.8125610351562)","(10.685606002807617, -24.797510147094727, 660.3268432617188)","(26.532943725585938, 130.9703826904297, 37.02753829956055)","(18.128726959228516, 144.1976776123047, 41.84187698364258)",POINT (0.5636588037014008 0.3445019721984863),,,,,,,,,,,,,,,,,,,,,,,,,,,,,,,,,,,,,,,,,,,,,,,,1,
0,11,15,65337240569,1536100504,1,1,"(0.5775822997093201, 0.37259554862976074)","(0.5532461404800415, 0.2870042026042938)",1,1,2.82861328125,2.370834350585937,"(-53.76138687133789, -22.909835815429688, 654.6943359375)","(10.693572998046875, -24.815105438232422, 660.2781982421875)","(27.155839920043945, 132.43809509277344, 37.561729431152344)","(18.722448348999023, 148.115966796875, 43.268028259277344)",POINT (0.5654142200946808 0.3297998756170273),,,,,,,,,,,,,,,,,,,,,,,,,,,,,,,,,,,,,,,,,,,,,,,,1,
0,11,15,65337257235,1536117170,1,1,"(0.5756883025169373, 0.3640473783016205)","(0.5523292422294617, 0.3160114884376526)",1,1,2.8200225830078125,2.4146270751953125,"(-53.76049041748047, -22.92266082763672, 654.6106567382812)","(10.705667495727539, -24.8214111328125, 660.193359375)","(26.499486923217773, 134.00387573242188, 38.131622314453125)","(18.404726028442383, 142.8026580810547, 41.3341178894043)",POINT (0.5640087723731995 0.3400294333696365),,,,,,,,,,,,,,,,,,,,,,,,,,,,,,,,,,,,,,,,,,,,,,,,1,
0,11,15,65337273902,1536133836,1,1,"(0.5748330950737, 0.38280898332595825)","(0.5571262240409851, 0.3202086389064789)",1,1,2.855453491210937,2.445053100585937,"(-53.75819396972656, -22.931058883666992, 654.5269775390625)","(10.715160369873047, -24.830852508544922, 660.1807861328125)","(26.203125, 130.5672607421875, 36.88085174560547)","(20.067060470581055, 142.03384399414062, 41.05434799194336)",POINT (0.5659796595573425 0.3515088111162186),,,,,,,,,,,,,,,,,,,,,,,,,,,,,,,,,,,,,,,,,,,,,,,,1,
0,11,15,65337290569,1536150503,1,1,"(0.5834981203079224, 0.3572600781917572)","(0.5546097755432129, 0.31204381585121155)",1,1,2.80908203125,2.439971923828125,"(-53.75457000732422, -22.934656143188477, 654.4913940429688)","(10.734092712402344, -24.837677001953125, 660.1199951171875)","(29.20586395263672, 135.24710083007812, 38.58415603637695)","(19.19501304626465, 143.52943420410156, 41.59865188598633)",POINT (0.5690539479255676 0.3346519470214844),,,,,,,,,,,,,,,,,,,,,,,,,,,,,,,,,,,,,,,,,,,,,,,,1,
0,11,15,65337307237,1536167170,1,1,"(0.5770543813705444, 0.3620562255382538)","(0.5486559271812439, 0.34357133507728577)",1,1,2.822967529296875,2.479110717773437,"(-53.75554656982422, -22.93585205078125, 654.4794921875)","(10.738929748535156, -24.839595794677734, 660.0235595703125)","(26.97289276123047, 134.36859130859375, 38.264373779296875)","(17.131784439086914, 137.75448608398438, 39.49675750732422)",POINT (0.5628551542758942 0.3528137803077698),,,,,,,,,,,,,,,,,,,,,,,,,,,,,,,,,,,,,,,,,,,,,,,,1,
0,11,15,65337323904,1536183837,1,1,"(0.4711201786994934, 0.3639375865459442)","(0.4427134692668915, 0.37016984820365906)",1,1,2.816253662109375,2.5121612548828125,"(-53.99364471435547, -22.950939178466797, 654.5838623046875)","(10.48418140411377, -24.840023040771484, 659.9832763671875)","(-9.737196922302246, 134.0239715576172, 38.138946533203125)","(-19.581157684326172, 132.8824005126953, 37.72349548339844)",POINT (0.4569168239831924 0.3670537173748016),,,,,,,,,,,,,,,,,,,,,,,,,,,,,,,,,,,,,,,,,,,,,,,,,
0,11,15,65337357241,1536217173,1,1,"(0.4617742598056793, 0.37334442138671875)","(0.4295502007007599, 0.3051224648952484)",1,1,2.8291778564453125,2.437973022460937,"(-54.073272705078125, -22.98785400390625, 654.3668212890625)","(10.39024543762207, -24.870914459228516, 659.9019775390625)","(-12.975890159606934, 132.3009033203125, 37.5118408203125)","(-24.142711639404297, 144.79721069335938, 42.06009292602539)",POINT (0.4456622302532196 0.3392334431409836),,,,,,,,,,,,,,,,,,,,,,,,,,,,,,,,,,,,,,,,,,,,,,,,1,
0,11,15,65337373909,1536233840,1,1,"(0.4676050543785095, 0.36045733094215393)","(0.43168166279792786, 0.33656322956085205)",1,1,2.7989654541015625,2.4580230712890625,"(-54.08722686767578, -22.98885726928711, 654.3284912109375)","(10.384653091430664, -24.87627410888672, 659.914306640625)","(-10.955313682556152, 134.6614532470703, 38.371009826660156)","(-23.40407371520996, 139.03817749023438, 39.963985443115234)",POINT (0.4496433585882187 0.348510280251503),,,,,,,,,,,,,,,,,,,,,,,,,,,,,,,,,,,,,,,,,,,,,,,,1,
0,11,15,65337390576,1536250507,1,1,"(0.46932992339134216, 0.3675853908061981)","(0.4280107021331787, 0.301736056804657)",1,1,2.803955078125,2.378875732421875,"(-54.095340728759766, -22.994935989379883, 654.2555541992188)","(10.38087272644043, -24.8759765625, 659.8782348632812)","(-10.357574462890625, 133.35580444335938, 37.89573669433594)","(-24.676198959350586, 145.41749572753906, 42.28589630126953)",POINT (0.4486703127622604 0.3346607238054276),,,,,,,,,,,,,,,,,,,,,,,,,,,,,,,,,,,,,,,,,,,,,,,,1,
0,11,15,65337407243,1536267173,1,1,"(0.4662488102912903, 0.39322277903556824)","(0.4230400621891022, 0.37371522188186646)",1,1,2.840682983398437,2.534530639648437,"(-54.11050796508789, -22.994197845458984, 654.2166748046875)","(10.372955322265625, -24.874378204345703, 659.818359375)","(-11.42529296875, 128.65977478027344, 36.186546325683594)","(-26.398706436157227, 132.2329864501953, 37.487098693847656)",POINT (0.4446444362401962 0.3834690004587174),,,,,,,,,,,,,,,,,,,,,,,,,,,,,,,,,,,,,,,,,,,,,,,,,
0,11,15,65337423909,1536283839,1,1,"(0.46412792801856995, 0.40682080388069153)","(0.42518365383148193, 0.35614222288131714)",1,1,2.8510284423828125,2.490692138671875,"(-54.13644027709961, -22.99778938293457, 654.1047973632812)","(10.350683212280273, -24.867219924926758, 659.6991577148438)","(-12.16026782989502, 126.16900634765625, 35.279998779296875)","(-25.65587043762207, 135.4518585205078, 38.65868377685547)",POINT (0.4446557909250259 0.3814815133810043),,,,,,,,,,,,,,,,,,,,,,,,,,,,,,,,,,,,,,,,,,,,,,,,,
0,11,15,65337440577,1536300506,1,1,"(0.46992161870002747, 0.3735204339027405)","(0.423272043466568, 0.38024577498435974)",1,1,2.806747436523437,2.492172241210937,"(-54.18030548095703, -23.019163131713867, 654.04931640625)","(10.3051118850708, -24.8670711517334, 659.4843139648438)","(-10.152533531188965, 132.2686767578125, 37.50008010864258)","(-26.31832504272461, 131.0367889404297, 37.051719665527344)",POINT (0.4465968310832977 0.3768831044435501),,,,,,,,,,,,,,,,,,,,,,,,,,,,,,,,,,,,,,,,,,,,,,,,,
0,11,15,65337457244,1536317173,1,1,"(0.475929856300354, 0.39551761746406555)","(0.43950557708740234, 0.35135090351104736)",1,1,2.84259033203125,2.4717254638671875,"(-54.23723602294922, -23.02965545654297, 654.19580078125)","(10.242059707641602, -24.868640899658203, 659.4979248046875)","(-8.07045841217041, 128.23941040039062, 36.03356170654297)","(-20.69282341003418, 136.3295135498047, 38.978092193603516)",POINT (0.4577177166938782 0.3734342604875565),,,,,,,,,,,,,,,,,,,,,,,,,,,,,,,,,,,,,,,,,,,,,,,,,
0,11,15,65337473915,1536333843,1,1,"(0.4681771695613861, 0.39646217226982117)","(0.4416634142398834, 0.40568599104881287)",1,1,2.815643310546875,2.559432983398437,"(-54.282615661621094, -23.047916412353516, 654.3799438476562)","(10.190789222717285, -24.88555908203125, 659.715576171875)","(-10.757055282592773, 128.06640625, 35.970603942871094)","(-19.94502830505371, 126.37686920166016, 35.355655670166016)",POINT (0.4549202919006348 0.401074081659317),,,,,,,,,,,,,,,,,,,,,,,,,,,,,,,,,,,,,,,,,,,,,,,,,
0,11,15,65337490582,1536350510,1,1,"(0.4621656537055969, 0.4004644751548767)","(0.4385460317134857, 0.39047104120254517)",1,1,2.8131103515625,2.5169830322265625,"(-54.311973571777344, -23.063720703125, 654.4832153320312)","(10.172012329101562, -24.887170791625977, 659.8724365234375)","(-12.84027099609375, 127.33329010009766, 35.70377731323242)","(-21.02530860900879, 129.16380310058594, 36.36996841430664)",POINT (0.4503558427095413 0.3954677581787109),,,,,,,,,,,,,,,,,,,,,,,,,,,,,,,,,,,,,,,,,,,,,,,,,
0,11,15,65337507250,1536367177,1,1,"(0.46474897861480713, 0.3844001591205597)","(0.42452457547187805, 0.4142046868801117)",1,1,2.819076538085937,2.542144775390625,"(-54.34033966064453, -23.089569091796875, 654.4661865234375)","(10.165515899658203, -24.89413833618164, 659.94482421875)","(-11.94504165649414, 130.27581787109375, 36.77476501464844)","(-25.884275436401367, 124.81648254394531, 34.787715911865234)",POINT (0.4446367770433426 0.3993024230003357),,,,,,,,,,,,,,,,,,,,,,,,,,,,,,,,,,,,,,,,,,,,,,,,,
0,11,15,65337523916,1536383843,1,1,"(0.44362980127334595, 0.3697276711463928)","(0.40123799443244934, 0.341555118560791)",1,1,2.765533447265625,2.439361572265625,"(-54.43113708496094, -23.113750457763672, 654.4508666992188)","(10.063833236694336, -24.90959358215332, 659.7078247070312)","(-19.26361846923828, 132.96339416503906, 37.75294876098633)","(-33.953914642333984, 138.12379455566406, 39.631202697753906)",POINT (0.4224338978528976 0.3556413948535919),,,,,,,,,,,,,,,,,,,,,,,,,,,,,,,,,,,,,,,,,,,,,,,,,
0,11,15,65337540585,1536400511,1,1,"(0.44106408953666687, 0.3752763867378235)","(0.4068848788738251, 0.38267382979393005)",1,1,2.797454833984375,2.498992919921875,"(-54.488197326660156, -23.139867782592773, 654.4891357421875)","(9.97006607055664, -24.90100860595703, 659.7227783203125)","(-20.1527156829834, 131.947021484375, 37.38300704956055)","(-31.9970645904541, 130.59201049804688, 36.889869689941406)",POINT (0.423974484205246 0.3789751082658768),,,,,,,,,,,,,,,,,,,,,,,,,,,,,,,,,,,,,,,,,,,,,,,,,
0,11,15,65337557251,1536417177,1,1,"(0.44319233298301697, 0.37096619606018066)","(0.41041016578674316, 0.42534664273262024)",1,1,2.762359619140625,2.522735595703125,"(-54.496971130371094, -23.14507293701172, 654.57177734375)","(9.966958999633789, -24.90106201171875, 659.8069458007812)","(-19.41521453857422, 132.73654174804688, 37.67036056518555)","(-30.77543067932129, 122.77558898925781, 34.044921875)",POINT (0.4268012493848801 0.3981564193964004),,,,,,,,,,,,,,,,,,,,,,,,,,,,,,,,,,,,,,,,,,,,,,,,,
0,11,15,65337573918,1536433843,1,1,"(0.4438587427139282, 0.385105162858963)","(0.4019826054573059, 0.31076809763908386)",1,1,2.803741455078125,2.365097045898437,"(-54.510948181152344, -23.16168975830078, 654.4976806640625)","(9.956413269042969, -24.89875030517578, 659.9515380859375)","(-19.184276580810547, 130.1466827392578, 36.727745056152344)","(-33.69587707519531, 143.76309204101562, 41.68374252319336)",POINT (0.4229206740856171 0.3479366302490234),,,,,,,,,,,,,,,,,,,,,,,,,,,,,,,,,,,,,,,,,,,,,,,,,
0,11,15,65337590585,1536450510,1,1,"(0.4389842748641968, 0.3909214735031128)","(0.40469926595687866, 0.40385863184928894)",1,1,2.850738525390625,2.504425048828125,"(-54.517784118652344, -23.16930389404297, 654.5567016601562)","(9.954010009765625, -24.89908790588379, 660.01171875)","(-20.873455047607422, 129.08131408691406, 36.33995056152344)","(-32.75446701049805, 126.71157836914062, 35.47748947143555)",POINT (0.4218417704105377 0.3973900526762009),,,,,,,,,,,,,,,,,,,,,,,,,,,,,,,,,,,,,,,,,,,,,,,,,
0,11,15,65337623924,1536483848,1,1,"(0.4344227910041809, 0.3712003827095032)","(0.3999585807323456, 0.41399091482162476)",1,1,2.7790069580078125,2.501815795898437,"(-54.534698486328125, -23.172863006591797, 654.577392578125)","(9.946085929870605, -24.896015167236328, 660.0838623046875)","(-22.45416831970215, 132.69361877441406, 37.65476608276367)","(-34.397281646728516, 124.85562896728516, 34.80198287963867)",POINT (0.4171906858682632 0.392595648765564),,,,,,,,,,,,,,,,,,,,,,,,,,,,,,,,,,,,,,,,,,,,,,,,,
0,11,15,65337640592,1536500515,1,1,"(0.4381720721721649, 0.386681467294693)","(0.40028613805770874, 0.41816702485084534)",1,1,2.8286590576171875,2.524566650390625,"(-54.53268051147461, -23.178333282470703, 654.59033203125)","(9.945724487304688, -24.90012550354004, 660.06005859375)","(-21.1549129486084, 129.85797119140625, 36.62263107299805)","(-34.283775329589844, 124.09070587158203, 34.52353286743164)",POINT (0.4192291051149368 0.4024242460727692),,,,,,,,,,,,,,,,,,,,,,,,,,,,,,,,,,,,,,,,,,,,,,,,,
0,11,15,65337657259,1536517182,1,1,"(0.4360467791557312, 0.3829936981201172)","(0.39618775248527527, 0.29890164732933044)",1,1,2.81787109375,2.3531036376953125,"(-54.53404235839844, -23.165782928466797, 654.6377563476562)","(9.947782516479492, -24.895437240600586, 660.0718994140625)","(-21.89141082763672, 130.533447265625, 36.86850357055664)","(-35.70401382446289, 145.93667602539062, 42.4748649597168)",POINT (0.4161172658205032 0.3409476727247238),,,,,,,,,,,,,,,,,,,,,,,,,,,,,,,,,,,,,,,,,,,,,,,,1,
0,11,15,65337673927,1536533849,1,1,"(0.4396997094154358, 0.39494073390960693)","(0.3988513648509979, 0.40916261076927185)",1,1,2.8180084228515625,2.4884185791015625,"(-54.52735137939453, -23.172229766845703, 654.6270141601562)","(9.947774887084961, -24.899906158447266, 660.0721435546875)","(-20.625545501708984, 128.34507751464844, 36.07203674316406)","(-34.78097152709961, 125.74003601074219, 35.12386703491211)",POINT (0.4192755371332169 0.4020516723394394),,,,,,,,,,,,,,,,,,,,,,,,,,,,,,,,,,,,,,,,,,,,,,,,,
0,11,15,65337690593,1536550515,1,1,"(0.4391840398311615, 0.37472766637802124)","(0.40232738852500916, 0.4318581521511078)",1,1,2.8029022216796875,2.54144287109375,"(-54.524234771728516, -23.18488121032715, 654.6516723632812)","(9.954439163208008, -24.903427124023438, 660.0358276367188)","(-20.80423355102539, 132.04754638671875, 37.419586181640625)","(-33.57640075683594, 121.5828857421875, 33.61075973510742)",POINT (0.4207557141780853 0.4032929092645645),,,,,,,,,,,,,,,,,,,,,,,,,,,,,,,,,,,,,,,,,,,,,,,,,
0,11,15,65337707261,1536567182,1,1,"(0.47474172711372375, 0.3729691207408905)","(0.4436395466327667, 0.31167227029800415)",1,1,2.7914276123046875,2.3719940185546875,"(-54.404598236083984, -23.179386138916016, 654.5517578125)","(10.081392288208008, -24.942276000976562, 660.0802001953125)","(-8.482187271118164, 132.36965942382812, 37.53684616088867)","(-19.260234832763672, 143.59747314453125, 41.62343978881836)",POINT (0.4591906368732452 0.3423206955194473),,,,,,,,,,,,,,,,,,,,,,,,,,,,,,,,,,,,,,,,,,,,,,,,1,
0,11,15,65337723927,1536583848,1,1,"(0.46098393201828003, 0.380260705947876)","(0.4321400225162506, 0.37198662757873535)",1,1,2.8017120361328125,2.461044311523437,"(-54.351932525634766, -23.16224479675293, 654.4768676757812)","(10.126852035522461, -24.926898956298828, 660.0908813476562)","(-13.249773025512695, 131.03404235839844, 37.050743103027344)","(-23.2452392578125, 132.5496063232422, 37.60234451293945)",POINT (0.4465619772672653 0.3761236667633057),,,,,,,,,,,,,,,,,,,,,,,,,,,,,,,,,,,,,,,,,,,,,,,,,
0,11,15,65337740601,1536600521,1,1,"(0.4718267619609833, 0.3661075830459595)","(0.43271684646606445, 0.3193375766277313)",1,1,2.81201171875,2.382049560546875,"(-54.357154846191406, -23.162500381469727, 654.4396362304688)","(10.129902839660645, -24.92281150817871, 660.07861328125)","(-9.49233627319336, 133.62648010253906, 37.994327545166016)","(-23.045345306396484, 142.1934051513672, 41.11241912841797)",POINT (0.4522718042135239 0.3427225798368454),,,,,,,,,,,,,,,,,,,,,,,,,,,,,,,,,,,,,,,,,,,,,,,,1,
0,11,15,65337757268,1536617188,1,1,"(0.47898656129837036, 0.3853468596935272)","(0.43425336480140686, 0.29985764622688293)",1,1,2.8227081298828125,2.360809326171875,"(-54.35139846801758, -23.150503158569336, 654.41650390625)","(10.143702507019043, -24.90972137451172, 660.0178833007812)","(-7.011193752288818, 130.1024169921875, 36.711605072021484)","(-22.512887954711914, 145.76156616210938, 42.411128997802734)",POINT (0.4566199630498886 0.3426022529602051),,,,,,,,,,,,,,,,,,,,,,,,,,,,,,,,,,,,,,,,,,,,,,,,1,
0,11,15,65337773936,1536633855,1,1,"(0.47127845883369446, 0.4025779068470001)","(0.43179693818092346, 0.40670496225357056)",1,1,2.83349609375,2.52288818359375,"(-54.362945556640625, -23.122745513916016, 654.5101928710938)","(10.153491973876953, -24.89547348022461, 660.0294189453125)","(-9.68233585357666, 126.94617462158203, 35.5628776550293)","(-23.36412811279297, 126.19023132324219, 35.28768539428711)",POINT (0.451537698507309 0.4046414345502853),,,,,,,,,,,,,,,,,,,,,,,,,,,,,,,,,,,,,,,,,,,,,,,,,
0,11,15,65337790602,1536650521,1,1,"(0.4817138910293579, 0.3814751207828522)","(0.4304056167602539, 0.29234302043914795)",1,1,2.7893524169921875,2.324569702148437,"(-54.3719596862793, -23.119216918945312, 654.4729614257812)","(10.150772094726562, -24.891630172729492, 659.9691772460938)","(-6.066071510314941, 130.8115997314453, 36.969757080078125)","(-23.846271514892578, 147.13804626464844, 42.91206359863281)",POINT (0.4560597538948059 0.3369090706110001),,,,,,,,,,,,,,,,,,,,,,,,,,,,,,,,,,,,,,,,,,,,,,,,1,
0,11,15,65337807270,1536667188,1,1,"(0.47780367732048035, 0.39608314633369446)","(0.4347752630710602, 0.2838805615901947)",1,1,2.8033447265625,2.35015869140625,"(-54.37718963623047, -23.103818893432617, 654.4840087890625)","(10.15180778503418, -24.882225036621094, 659.9092407226562)","(-7.421121120452881, 128.13583374023438, 35.99583435058594)","(-22.33203125, 148.6881103515625, 43.47628402709961)",POINT (0.4562894701957703 0.3399818539619446),,,,,,,,,,,,,,,,,,,,,,,,,,,,,,,,,,,,,,,,,,,,,,,,1,
0,11,15,65337823937,1536683855,1,1,"(0.47475358843803406, 0.3815799057483673)","(0.43573197722435, 0.2948019504547119)",1,1,2.7885284423828125,2.352325439453125,"(-54.388877868652344, -23.098785400390625, 654.41015625)","(10.138689041137695, -24.872386932373047, 659.7174682617188)","(-8.478073120117188, 130.7924041748047, 36.962791442871094)","(-22.000499725341797, 146.68763732910156, 42.74817657470703)",POINT (0.455242782831192 0.3381909281015396),,,,,,,,,,,,,,,,,,,,,,,,,,,,,,,,,,,,,,,,,,,,,,,,1,
0,11,15,65337840604,1536700521,1,1,"(0.47989174723625183, 0.4002535939216614)","(0.43015146255493164, 0.28060421347618103)",1,1,2.8194122314453125,2.355331420898437,"(-54.38905334472656, -23.108043670654297, 654.3740234375)","(10.137901306152344, -24.874996185302734, 659.7054443359375)","(-6.6975178718566895, 127.3719253540039, 35.71780776977539)","(-23.934354782104492, 149.2882537841797, 43.69470977783203)",POINT (0.4550216048955917 0.3404289036989212),,,,,,,,,,,,,,,,,,,,,,,,,,,,,,,,,,,,,,,,,,,,,,,,1,
0,11,15,65337857273,1536717190,1,1,"(0.4678039848804474, 0.3982332646846771)","(0.43483346700668335, 0.38150155544281006)",1,1,2.84832763671875,2.49212646484375,"(-54.37789535522461, -23.131946563720703, 654.327880859375)","(10.146954536437988, -24.88306427001953, 659.8370361328125)","(-10.886369705200195, 127.74198913574219, 35.85250473022461)","(-22.311859130859375, 130.8067626953125, 36.96800231933594)",POINT (0.4513187259435654 0.3898674100637436),,,,,,,,,,,,,,,,,,,,,,,,,,,,,,,,,,,,,,,,,,,,,,,,,
0,11,15,65337873940,1536733856,1,1,"(0.4715055525302887, 0.37635233998298645)","(0.4390639364719391, 0.3014959692955017)",1,1,2.809356689453125,2.33209228515625,"(-54.360172271728516, -23.164310455322266, 654.2352905273438)","(10.148893356323242, -24.89173126220703, 659.8848876953125)","(-9.603643417358398, 131.7499542236328, 37.31128692626953)","(-20.845848083496094, 145.4614715576172, 42.3018913269043)",POINT (0.4552847445011139 0.3389241546392441),,,,,,,,,,,,,,,,,,,,,,,,,,,,,,,,,,,,,,,,,,,,,,,,1,
0,11,15,65337890607,1536750523,1,1,"(0.4731925129890442, 0.3833320140838623)","(0.4421252906322479, 0.4050512909889221)",1,1,2.822479248046875,2.4967803955078125,"(-54.330726623535156, -23.200057983398438, 654.1439208984375)","(10.150411605834961, -24.906944274902344, 659.7774658203125)","(-9.019049644470215, 130.47146606445312, 36.8459587097168)","(-19.784971237182617, 126.49312591552734, 35.39796447753906)",POINT (0.4576589018106461 0.3941916525363922),,,,,,,,,,,,,,,,,,,,,,,,,,,,,,,,,,,,,,,,,,,,,,,,,
0,11,15,65337907275,1536767190,1,1,"(0.4669997990131378, 0.38083168864250183)","(0.4365459680557251, 0.31445300579071045)",1,1,2.804229736328125,2.356170654296875,"(-54.317867279052734, -23.22185516357422, 654.3145751953125)","(10.171916961669922, -24.950557708740234, 659.6808471679688)","(-11.165056228637695, 130.92945861816406, 37.012657165527344)","(-21.71841049194336, 143.088134765625, 41.43803024291992)",POINT (0.4517728835344315 0.3476423472166061),,,,,,,,,,,,,,,,,,,,,,,,,,,,,,,,,,,,,,,,,,,,,,,,1,
0,11,15,65337923942,1536783857,1,1,"(0.5329529047012329, 0.3783557116985321)","(0.5105859637260437, 0.3895760178565979)",1,1,2.80023193359375,2.483551025390625,"(-54.11812973022461, -23.223491668701172, 654.228271484375)","(10.356805801391602, -24.984119415283203, 659.747314453125)","(11.690116882324219, 131.3829803466797, 37.177738189697266)","(3.939160108566284, 129.32774353027344, 36.42967224121094)",POINT (0.5217694342136383 0.383965864777565),,,,,,,,,,,,,,,,,,,,,,,,,,,,,,,,,,,,,,,,,,,,,,,,1,
0,11,15,65337940609,1536800523,1,1,"(0.5257794857025146, 0.40377309918403625)","(0.48862224817276, 0.2993215322494507)",1,1,2.86163330078125,2.3541412353515625,"(-54.08647155761719, -23.2359619140625, 654.4730834960938)","(10.396133422851562, -25.023855209350586, 659.8182373046875)","(9.204253196716309, 126.72724151611328, 35.483177185058594)","(-3.6720833778381348, 145.8597869873047, 42.446842193603516)",POINT (0.5072008669376373 0.3515473157167435),,,,,,,,,,,,,,,,,,,,,,,,,,,,,,,,,,,,,,,,,,,,,,,,1,
0,11,15,65337957276,1536817190,1,1,"(0.523239016532898, 0.4021112024784088)","(0.4990811347961426, 0.2778565585613251)",1,1,2.833038330078125,2.3389434814453125,"(-54.08683776855469, -23.240577697753906, 654.5324096679688)","(10.408270835876465, -25.033496856689453, 659.829833984375)","(8.323893547058105, 127.03166961669922, 35.59397888183594)","(-0.04769952595233917, 149.7915496826172, 43.87791061401367)",POINT (0.5111600756645203 0.3399838805198669),,,,,,,,,,,,,,,,,,,,,,,,,,,,,,,,,,,,,,,,,,,,,,,,1,
0,11,15,65337973943,1536833856,1,1,"(0.5233730673789978, 0.37791186571121216)","(0.49160170555114746, 0.3200860619544983)",1,1,2.79034423828125,2.39471435546875,"(-54.06218719482422, -23.237628936767578, 654.453125)","(10.435540199279785, -25.025285720825195, 659.8770751953125)","(8.370351791381836, 131.46429443359375, 37.20730972290039)","(-2.63959002494812, 142.0563201904297, 41.06249237060547)",POINT (0.5074873864650726 0.3489989638328552),,,,,,,,,,,,,,,,,,,,,,,,,,,,,,,,,,,,,,,,,,,,,,,,1,
0,11,15,65337990618,1536850531,1,1,"(0.5271446704864502, 0.4077065885066986)","(0.4998328685760498, 0.3521377146244049)",1,1,2.85174560546875,2.42535400390625,"(-54.040283203125, -23.2421875, 654.3379516601562)","(10.443092346191406, -25.051509857177734, 659.9122314453125)","(9.677338600158691, 126.00675964355469, 35.220924377441406)","(0.2128070592880249, 136.1853485107422, 38.925682067871094)",POINT (0.51348876953125 0.3799221515655518),,,,,,,,,,,,,,,,,,,,,,,,,,,,,,,,,,,,,,,,,,,,,,,,1,
0,11,15,65338007286,1536867198,1,1,"(0.528802216053009, 0.3970620036125183)","(0.4975869357585907, 0.31981509923934937)",1,1,2.8179473876953125,2.376007080078125,"(-54.00321960449219, -23.239948272705078, 654.2713012695312)","(10.479833602905273, -25.057125091552734, 659.863037109375)","(10.251733779907227, 127.95654296875, 35.93059158325195)","(-0.5654982328414917, 142.10595703125, 41.08055877685547)",POINT (0.5131945759057999 0.3584385514259338),,,,,,,,,,,,,,,,,,,,,,,,,,,,,,,,,,,,,,,,,,,,,,,,1,
0,11,15,65338023953,1536883865,1,1,"(0.5238645672798157, 0.38417288661003113)","(0.49924927949905396, 0.32930946350097656)",1,1,2.794052124023437,2.400482177734375,"(-53.97972106933594, -23.246109008789062, 654.2396850585938)","(10.507046699523926, -25.068912506103516, 659.7901000976562)","(8.54068374633789, 130.31744384765625, 36.789886474609375)","(0.010572285391390324, 140.36685180664062, 40.447601318359375)",POINT (0.5115569233894348 0.3567411750555038),,,,,,,,,,,,,,,,,,,,,,,,,,,,,,,,,,,,,,,,,,,,,,,,1,
0,11,15,65338040620,1536900531,1,1,"(0.5203364491462708, 0.4013262093067169)","(0.48811402916908264, 0.27382996678352356)",1,1,2.8065185546875,2.323822021484375,"(-53.94361114501953, -23.24666976928711, 654.2686767578125)","(10.558086395263672, -25.080211639404297, 659.7166137695312)","(7.318037986755371, 127.17545318603516, 35.646331787109375)","(-3.8482069969177246, 150.5290985107422, 44.146339416503906)",POINT (0.5042252391576767 0.3375780880451202),,,,,,,,,,,,,,,,,,,,,,,,,,,,,,,,,,,,,,,,,,,,,,,,1,
0,11,15,65338073955,1536933865,1,1,"(0.5271756649017334, 0.42373451590538025)","(0.4900047183036804, 0.2869008779525757)",1,1,2.8356475830078125,2.343414306640625,"(-53.906253814697266, -23.257526397705078, 654.587158203125)","(10.60416316986084, -25.09946632385254, 659.9071655273438)","(9.688102722167969, 123.07088470458984, 34.15237808227539)","(-3.193000078201294, 148.1348876953125, 43.27493667602539)",POINT (0.5085901916027069 0.355317696928978),,,,,,,,,,,,,,,,,,,,,,,,,,,,,,,,,,,,,,,,,,,,,,,,1,
0,11,15,65338090621,1536950531,1,1,"(0.5250033140182495, 0.40400463342666626)","(0.49936380982398987, 0.2716006636619568)",1,1,2.812118530273437,2.2829132080078125,"(-53.884422302246094, -23.26044464111328, 654.5671997070312)","(10.609466552734375, -25.099674224853516, 659.894775390625)","(8.93527603149414, 126.68486022949219, 35.46770477294922)","(0.05026111751794815, 150.9374542236328, 44.294960021972656)",POINT (0.5121835619211197 0.3378026485443115),,,,,,,,,,,,,,,,,,,,,,,,,,,,,,,,,,,,,,,,,,,,,,,,1,
0,11,15,65338107289,1536967198,1,1,"(0.5241998434066772, 0.3948339819908142)","(0.5070938467979431, 0.3882903754711151)",1,1,2.78997802734375,2.479644775390625,"(-53.84440612792969, -23.26398468017578, 654.38232421875)","(10.624717712402344, -25.101715087890625, 659.834716796875)","(8.65684986114502, 128.36463928222656, 36.079139709472656)","(2.7290055751800537, 129.563232421875, 36.51538848876953)",POINT (0.5156468451023102 0.3915621787309647),,,,,,,,,,,,,,,,,,,,,,,,,,,,,,,,,,,,,,,,,,,,,,,,,
0,11,15,65338123959,1536983868,1,1,"(0.5251530408859253, 0.3852885365486145)","(0.49972105026245117, 0.2746727168560028)",1,1,2.7800750732421875,2.307723999023437,"(-53.81098937988281, -23.264631271362305, 654.2191162109375)","(10.652632713317871, -25.105670928955078, 659.701904296875)","(8.987161636352539, 130.11309814453125, 36.71553039550781)","(0.17406897246837616, 150.37472534179688, 44.09016418457031)",POINT (0.5124370455741882 0.3299806267023086),,,,,,,,,,,,,,,,,,,,,,,,,,,,,,,,,,,,,,,,,,,,,,,,1,
0,11,15,65338140627,1537000535,1,1,"(0.528287947177887, 0.39973360300064087)","(0.5026204586029053, 0.2882266938686371)",1,1,2.7987060546875,2.3063507080078125,"(-53.78130340576172, -23.257164001464844, 654.0926513671875)","(10.702085494995117, -25.103076934814453, 659.5681762695312)","(10.073543548583984, 127.46717834472656, 35.75246810913086)","(1.1788005828857422, 147.89202880859375, 43.18653869628906)",POINT (0.5154542028903961 0.343980148434639),,,,,,,,,,,,,,,,,,,,,,,,,,,,,,,,,,,,,,,,,,,,,,,,1,
0,11,15,65338157294,1537017202,1,1,"(0.5224769115447998, 0.3947966992855072)","(0.48302680253982544, 0.36055707931518555)",1,1,2.7686309814453125,2.41680908203125,"(-53.74488830566406, -23.260696411132812, 654.06298828125)","(10.759614944458008, -25.111148834228516, 659.5662841796875)","(8.059793472290039, 128.37147521972656, 36.08159637451172)","(-5.611108303070068, 134.6431884765625, 38.36432647705078)",POINT (0.5027518570423126 0.3776768893003464),,,,,,,,,,,,,,,,,,,,,,,,,,,,,,,,,,,,,,,,,,,,,,,,1,
0,11,15,65338173961,1537033868,1,1,"(0.5213265419006348, 0.3928430378437042)","(0.48067161440849304, 0.30964261293411255)",1,1,2.766815185546875,2.341064453125,"(-53.705284118652344, -23.24867820739746, 654.0934448242188)","(10.802668571472168, -25.110706329345703, 659.8531494140625)","(7.661144733428955, 128.72933959960938, 36.21182632446289)","(-6.427263259887695, 143.96925354003906, 41.75874328613281)",POINT (0.5009990781545639 0.3512428253889084),,,,,,,,,,,,,,,,,,,,,,,,,,,,,,,,,,,,,,,,,,,,,,,,1,
0,11,15,65338190628,1537050535,1,1,"(0.5232407450675964, 0.4048715829849243)","(0.48689955472946167, 0.4085129201412201)",1,1,2.7989501953125,2.4728546142578125,"(-53.68456268310547, -23.24649429321289, 654.300537109375)","(10.822742462158203, -25.108583450317383, 659.9605102539062)","(8.324471473693848, 126.52604675292969, 35.40994644165039)","(-4.269057750701904, 125.85903930664062, 35.16717529296875)",POINT (0.505070149898529 0.4066922515630722),,,,,,,,,,,,,,,,,,,,,,,,,,,,,,,,,,,,,,,,,,,,,,,,,
0,11,15,65338207296,1537067202,1,1,"(0.5254661440849304, 0.4112826883792877)","(0.495500385761261, 0.4095909893512726)",1,1,2.82568359375,2.511474609375,"(-53.66513442993164, -23.241222381591797, 654.411376953125)","(10.829602241516113, -25.106605529785156, 659.8402709960938)","(9.095684051513672, 125.35169982910156, 34.9825325012207)","(-1.288556694984436, 125.6615982055664, 35.095272064208984)",POINT (0.5104832649230957 0.4104368388652802),,,,,,,,,,,,,,,,,,,,,,,,,,,,,,,,,,,,,,,,,,,,,,,,,
0,11,15,65338223962,1537083868,1,1,"(0.40709632635116577, 0.4030618667602539)","(0.3989258110523224, 0.3885810673236847)",1,1,2.7725372314453125,2.417465209960937,"(-53.8695068359375, -23.250564575195312, 654.4373779296875)","(10.612472534179688, -25.115022659301758, 659.7874755859375)","(-31.923803329467773, 126.85752868652344, 35.53059387207031)","(-34.75517654418945, 129.510009765625, 36.495967864990234)",POINT (0.4030110687017441 0.3958214670419693),,,,,,,,,,,,,,,,,,,,,,,,,,,,,,,,,,,,,,,,,,,,,,,,,
0,11,15,65338257301,1537117206,1,1,"(0.4372170567512512, 0.42752838134765625)","(0.4032677412033081, 0.400195449590683)",1,1,2.80572509765625,2.417205810546875,"(-53.834651947021484, -23.260807037353516, 654.217041015625)","(10.6204833984375, -25.120649337768555, 659.6072387695312)","(-21.485864639282227, 122.37596893310547, 33.89943313598633)","(-33.25053405761719, 127.38257598876953, 35.72166061401367)",POINT (0.4202423989772797 0.4138619154691696),,,,,,,,,,,,,,,,,,,,,,,,,,,,,,,,,,,,,,,,,,,,,,,,,
0,11,15,65338273969,1537133873,1,1,"(0.4392247796058655, 0.42676323652267456)","(0.39948728680610657, 0.45897236466407776)",1,1,2.796630859375,2.5077056884765625,"(-53.84097671508789, -23.25959014892578, 654.2268676757812)","(10.624448776245117, -25.12067413330078, 659.53515625)","(-20.79010581970215, 122.51611328125, 33.950462341308594)","(-34.56060028076172, 116.6163330078125, 31.803102493286133)",POINT (0.419356033205986 0.4428678005933762),,,,,,,,,,,,,,,,,,,,,,,,,,,,,,,,,,,,,,,,,,,,,,,,,
0,11,15,65338290636,1537150540,1,1,"(0.4372202455997467, 0.4208875000476837)","(0.4121673107147217, 0.3552325665950775)",1,1,2.758758544921875,2.3246002197265625,"(-53.83765411376953, -23.265775680541992, 654.1552734375)","(10.634154319763184, -25.128719329833984, 659.4150390625)","(-21.484752655029297, 123.5923843383789, 34.342166900634766)","(-30.166515350341797, 135.61846923828125, 38.71931838989258)",POINT (0.4246937781572342 0.3880600333213806),,,,,,,,,,,,,,,,,,,,,,,,,,,,,,,,,,,,,,,,,,,,,,,,,
0,11,15,65338307303,1537167206,1,1,"(0.4385543465614319, 0.4269171357154846)","(0.4040532112121582, 0.4383849501609802)",1,1,2.807952880859375,2.467926025390625,"(-53.83235168457031, -23.27497100830078, 654.060302734375)","(10.645686149597168, -25.15275001525879, 659.3426513671875)","(-21.02243995666504, 122.4879379272461, 33.9401741027832)","(-32.978363037109375, 120.38736724853516, 33.17560577392578)",POINT (0.421303778886795 0.4326510429382324),,,,,,,,,,,,,,,,,,,,,,,,,,,,,,,,,,,,,,,,,,,,,,,,,
0,11,15,65338340638,1537200540,1,1,"(0.43574440479278564, 0.411976158618927)","(0.40236127376556396, 0.29219022393226624)",1,1,2.78887939453125,2.264495849609375,"(-53.842891693115234, -23.29938507080078, 653.8549194335938)","(10.639516830444336, -25.19904136657715, 659.2706298828125)","(-21.996191024780273, 125.22469329833984, 34.93626403808594)","(-33.56466293334961, 147.16603088378906, 42.92227554321289)",POINT (0.4190528392791748 0.3520831912755966),,,,,,,,,,,,,,,,,,,,,,,,,,,,,,,,,,,,,,,,,,,,,,,,,
0,11,15,65338357305,1537217207,1,1,"(0.4429481327533722, 0.4240747094154358)","(0.40871676802635193, 0.3710424602031708)",1,1,2.792709350585937,2.4174346923828125,"(-53.845802307128906, -23.33289337158203, 653.770751953125)","(10.639041900634766, -25.238571166992188, 659.2100830078125)","(-19.499828338623047, 123.00857543945312, 34.129669189453125)","(-31.362247467041016, 132.72254943847656, 37.665321350097656)",POINT (0.4258324503898621 0.3975585848093033),,,,,,,,,,,,,,,,,,,,,,,,,,,,,,,,,,,,,,,,,,,,,,,,,
0,11,15,65338373972,1537233873,1,1,"(0.4397858679294586, 0.412435382604599)","(0.40453842282295227, 0.391410231590271)",1,1,2.789535522460937,2.467025756835937,"(-53.85364532470703, -23.350160598754883, 653.7335815429688)","(10.62801742553711, -25.255311965942383, 659.23388671875)","(-20.595670700073242, 125.14054870605469, 34.905696868896484)","(-32.81021499633789, 128.9917755126953, 36.30738067626953)",POINT (0.4221621453762054 0.401922807097435),,,,,,,,,,,,,,,,,,,,,,,,,,,,,,,,,,,,,,,,,,,,,,,,,
0,11,15,65338390643,1537250544,1,1,"(0.43880847096443176, 0.4057401418685913)","(0.40762859582901, 0.39528897404670715)",1,1,2.7752227783203125,2.473358154296875,"(-53.872650146484375, -23.371532440185547, 653.6469116210938)","(10.606115341186523, -25.27647590637207, 659.3427734375)","(-20.934389114379883, 126.36693572998047, 35.3520622253418)","(-31.739334106445312, 128.2812957763672, 36.048797607421875)",POINT (0.4232185333967209 0.4005145579576492),,,,,,,,,,,,,,,,,,,,,,,,,,,,,,,,,,,,,,,,,,,,,,,,,
0,11,15,65338407311,1537267211,1,1,"(0.43723681569099426, 0.3983079493045807)","(0.4041507840156555, 0.38791611790657043)",1,1,2.8016510009765625,2.446029663085937,"(-53.87531661987305, -23.388912200927734, 653.51513671875)","(10.597501754760742, -25.288619995117188, 659.3668212890625)","(-21.479013442993164, 127.72831726074219, 35.847511291503906)","(-32.94451904296875, 129.63180541992188, 36.54030990600586)",POINT (0.4206937998533249 0.3931120336055756),,,,,,,,,,,,,,,,,,,,,,,,,,,,,,,,,,,,,,,,,,,,,,,,,
0,11,15,65338423977,1537283877,1,1,"(0.43539056181907654, 0.3923063278198242)","(0.4001401960849762, 0.35758164525032043)",1,1,2.7876129150390625,2.4100799560546875,"(-53.88701248168945, -23.39827537536621, 653.393798828125)","(10.578335762023926, -25.293899536132812, 659.4039306640625)","(-22.118810653686523, 128.82763671875, 36.247657775878906)","(-34.334354400634766, 135.18820190429688, 38.56272506713867)",POINT (0.4177653789520264 0.3749439865350723),,,,,,,,,,,,,,,,,,,,,,,,,,,,,,,,,,,,,,,,,,,,,,,,,
0,11,15,65338440644,1537300543,1,1,"(0.4439685046672821, 0.40094295144081116)","(0.39907729625701904, 0.3755827844142914)",1,1,2.7922515869140625,2.4355010986328125,"(-53.926143646240234, -23.39600372314453, 653.4469604492188)","(10.552623748779297, -25.28650665283203, 659.212646484375)","(-19.14624786376953, 127.24565887451172, 35.67185974121094)","(-34.70268249511719, 131.89089965820312, 37.36260223388672)",POINT (0.4215229004621506 0.3882628679275513),,,,,,,,,,,,,,,,,,,,,,,,,,,,,,,,,,,,,,,,,,,,,,,,,
0,11,15,65338457312,1537317211,1,1,"(0.44732701778411865, 0.391387939453125)","(0.399362713098526, 0.3746723234653473)",1,1,2.7714080810546875,2.3879852294921875,"(-53.956390380859375, -23.395740509033203, 653.4898681640625)","(10.529045104980469, -25.27843475341797, 658.9259033203125)","(-17.982391357421875, 128.995849609375, 36.308895111083984)","(-34.60377502441406, 132.05767822265625, 37.42329025268555)",POINT (0.4233448654413223 0.3830301314592362),,,,,,,,,,,,,,,,,,,,,,,,,,,,,,,,,,,,,,,,,,,,,,,,,
0,11,15,65338473979,1537333877,1,1,"(0.4459978938102722, 0.40258166193962097)","(0.3980337381362915, 0.3296109139919281)",1,1,2.787628173828125,2.3482208251953125,"(-53.99028015136719, -23.3890438079834, 653.5438232421875)","(10.504644393920898, -25.266010284423828, 658.7228393554688)","(-18.442970275878906, 126.94550323486328, 35.562583923339844)","(-35.064327239990234, 140.31163024902344, 40.427490234375)",POINT (0.4220158159732819 0.3660962879657745),,,,,,,,,,,,,,,,,,,,,,,,,,,,,,,,,,,,,,,,,,,,,,,,,
0,11,15,65338490645,1537350543,1,1,"(0.4497182369232178, 0.4087037444114685)","(0.39406880736351013, 0.3949988782405853)",1,1,2.7732696533203125,2.466949462890625,"(-54.02204895019531, -23.38621711730957, 653.6102905273438)","(10.485191345214844, -25.256633758544922, 658.7950439453125)","(-17.153743743896484, 125.82408905029297, 35.15445327758789)","(-36.43830490112305, 128.33444213867188, 36.06814193725586)",POINT (0.421893522143364 0.4018513113260269),,,,,,,,,,,,,,,,,,,,,,,,,,,,,,,,,,,,,,,,,,,,,,,,,
0,11,15,65338507314,1537367211,1,1,"(0.44207602739334106, 0.425185889005661)","(0.40648192167282104, 0.39017245173454285)",1,1,2.834808349609375,2.4608306884765625,"(-54.02769088745117, -23.385040283203125, 653.549560546875)","(10.475379943847656, -25.25223159790039, 658.8190307617188)","(-19.80204963684082, 122.8050537109375, 34.055599212646484)","(-32.1367073059082, 129.218505859375, 36.38990020751953)",POINT (0.424278974533081 0.4076791703701019),,,,,,,,,,,,,,,,,,,,,,,,,,,,,,,,,,,,,,,,,,,,,,,,,
0,11,15,65338523984,1537383881,1,1,"(0.44713929295539856, 0.41764378547668457)","(0.395180344581604, 0.2966458201408386)",1,1,2.8099822998046875,2.308807373046875,"(-54.03490447998047, -23.378902435302734, 653.5841674804688)","(10.469852447509766, -25.239957809448242, 658.8316040039062)","(-18.04744529724121, 124.18655395507812, 34.55841064453125)","(-36.05312728881836, 146.34988403320312, 42.6252326965332)",POINT (0.4211598187685013 0.3571448028087616),,,,,,,,,,,,,,,,,,,,,,,,,,,,,,,,,,,,,,,,,,,,,,,,,
0,11,15,65338540652,1537400548,1,1,"(0.4819411635398865, 0.3993411362171173)","(0.44540300965309143, 0.28481200337409973)",1,1,2.791656494140625,2.30169677734375,"(-53.93458557128906, -23.350858688354492, 653.4332275390625)","(10.549524307250977, -25.235727310180664, 658.9495849609375)","(-5.987318992614746, 127.53905487060547, 35.77867126464844)","(-18.64911460876465, 148.51751708984375, 43.414146423339844)",POINT (0.463672086596489 0.3420765697956085),,,,,,,,,,,,,,,,,,,,,,,,,,,,,,,,,,,,,,,,,,,,,,,,1,
0,11,15,65338557319,1537417215,1,1,"(0.46706080436706543, 0.40384072065353394)","(0.427875816822052, 0.42440229654312134)",1,1,2.7870635986328125,2.4888458251953125,"(-53.90300369262695, -23.348527908325195, 653.3787231445312)","(10.562480926513672, -25.25196647644043, 659.0088500976562)","(-11.143911361694336, 126.7148666381836, 35.47868728637695)","(-24.72295379638672, 122.94857788085938, 34.10786819458008)",POINT (0.4474683105945587 0.4141215085983276),,,,,,,,,,,,,,,,,,,,,,,,,,,,,,,,,,,,,,,,,,,,,,,,,
0,11,15,65338573986,1537433881,1,1,"(0.4699227213859558, 0.4176497459411621)","(0.4308408498764038, 0.361700177192688)",1,1,2.80084228515625,2.411727905273437,"(-53.908653259277344, -23.351625442504883, 653.3181762695312)","(10.563312530517578, -25.25127601623535, 658.98486328125)","(-10.152155876159668, 124.1854476928711, 34.55802917480469)","(-23.695451736450195, 134.43380737304688, 38.28815460205078)",POINT (0.4503817856311798 0.389674961566925),,,,,,,,,,,,,,,,,,,,,,,,,,,,,,,,,,,,,,,,,,,,,,,,,
0,11,15,65338590653,1537450548,1,1,"(0.47384631633758545, 0.4009283781051636)","(0.4353260397911072, 0.36217594146728516)",1,1,2.78125,2.426742553710937,"(-53.91105270385742, -23.351009368896484, 653.2698974609375)","(10.563030242919922, -25.251861572265625, 658.9969482421875)","(-8.792479515075684, 127.24832153320312, 35.67282485961914)","(-22.141149520874023, 134.34664916992188, 38.25641632080078)",POINT (0.4545861780643463 0.3815521597862244),,,,,,,,,,,,,,,,,,,,,,,,,,,,,,,,,,,,,,,,,,,,,,,,,
0,11,15,65338607321,1537467215,1,1,"(0.4774641990661621, 0.4199143350124359)","(0.433341383934021, 0.37345030903816223)",1,1,2.823333740234375,2.4176788330078125,"(-53.8968620300293, -23.364763259887695, 653.1649169921875)","(10.56892204284668, -25.25830841064453, 659.0084228515625)","(-7.538753509521484, 123.7706527709961, 34.407047271728516)","(-22.82893180847168, 132.28152465820312, 37.504737854003906)",POINT (0.4554027915000916 0.3966823220252991),,,,,,,,,,,,,,,,,,,,,,,,,,,,,,,,,,,,,,,,,,,,,,,,,
0,11,15,65338623987,1537483881,1,1,"(0.46800675988197327, 0.4101363718509674)","(0.4326811134815216, 0.35597091913223267)",1,1,2.814193725585937,2.394149780273437,"(-53.89118194580078, -23.37824821472168, 653.0943603515625)","(10.5701322555542, -25.263545989990234, 659.008056640625)","(-10.816105842590332, 125.56167602539062, 35.058956146240234)","(-23.0577335357666, 135.48324584960938, 38.67008590698242)",POINT (0.4503439366817474 0.3830536454916),,,,,,,,,,,,,,,,,,,,,,,,,,,,,,,,,,,,,,,,,,,,,,,,,
0,11,15,65338640654,1537500547,1,1,"(0.47113603353500366, 0.39870455861091614)","(0.42975276708602905, 0.32720816135406494)",1,1,2.7967681884765625,2.3487701416015625,"(-53.88794708251953, -23.384750366210938, 653.071044921875)","(10.57267951965332, -25.2687931060791, 659.0081787109375)","(-9.731687545776367, 127.65565490722656, 35.821083068847656)","(-24.072511672973633, 140.75177001953125, 40.58767318725586)",POINT (0.4504444003105164 0.3629563599824905),,,,,,,,,,,,,,,,,,,,,,,,,,,,,,,,,,,,,,,,,,,,,,,,,
0,11,15,65338657326,1537517219,1,1,"(0.46925386786460876, 0.4110013544559479)","(0.4339018762111664, 0.39960527420043945)",1,1,2.831207275390625,2.4379425048828125,"(-53.87943649291992, -23.397647857666016, 653.0842895507812)","(10.585777282714844, -25.27836036682129, 659.0673217773438)","(-10.383931159973145, 125.40324401855469, 35.00126266479492)","(-22.634687423706055, 127.49066925048828, 35.76105499267578)",POINT (0.4515778720378876 0.4053033143281937),,,,,,,,,,,,,,,,,,,,,,,,,,,,,,,,,,,,,,,,,,,,,,,,,
0,11,15,65338673994,1537533886,1,1,"(0.47179245948791504, 0.41976627707481384)","(0.43000084161758423, 0.4615301489830017)",1,1,2.8022613525390625,2.5489654541015625,"(-53.88503646850586, -23.374753952026367, 653.1431884765625)","(10.598857879638672, -25.268383026123047, 658.98291015625)","(-9.504219055175781, 123.79777526855469, 34.41689682006836)","(-23.98654556274414, 116.14781188964844, 31.632593154907227)",POINT (0.4508966505527496 0.4406482130289078),,,,,,,,,,,,,,,,,,,,,,,,,,,,,,,,,,,,,,,,,,,,,,,,,
0,11,15,65338690661,1537550553,1,1,"(0.46544191241264343, 0.45094817876815796)","(0.4364039897918701, 0.4288055896759033)",1,1,2.74951171875,2.40045166015625,"(-53.95170593261719, -23.26580238342285, 653.501953125)","(10.63853645324707, -25.142784118652344, 658.8504638671875)","(-11.704917907714844, 118.08612823486328, 32.338069915771484)","(-21.76761245727539, 122.14202880859375, 33.81427001953125)",POINT (0.4509229511022568 0.4398768842220306),,,,,,,,,,,,,,,,,,,,,,,,,,,,,,,,,,,,,,,,,,,,,,,,,
0,11,15,65338874003,1537733890,1,1,"(0.48167070746421814, 0.3975943326950073)","(0.42650821805000305, 0.362312912940979)",1,1,2.77935791015625,2.255615234375,"(-53.651878356933594, -23.147010803222656, 653.6947021484375)","(10.894769668579102, -25.10694122314453, 659.1177368164062)","(-6.081045627593994, 127.85903930664062, 35.89507293701172)","(-25.196866989135742, 134.3215789794922, 38.247276306152344)",POINT (0.4540894627571106 0.3799536228179932),,,,,,,,,,,,,,,,,,,,,,,,,,,,,,,,,,,,,,,,,,,,,,,,,
0,11,15,65338890670,1537750556,1,1,"(0.47840726375579834, 0.37496858835220337)","(0.4319958984851837, 0.3309469223022461)",1,1,2.8249664306640625,2.223129272460937,"(-53.66984558105469, -23.18787384033203, 653.7879638671875)","(10.884772300720215, -25.12415313720703, 659.2506103515625)","(-7.211953163146973, 132.00341796875, 37.40354919433594)","(-23.295175552368164, 140.06690979003906, 40.33842468261719)",POINT (0.455201581120491 0.3529577553272247),,,,,,,,,,,,,,,,,,,,,,,,,,,,,,,,,,,,,,,,,,,,,,,,1,
0,11,15,65338907342,1537767228,1,1,"(0.4772670269012451, 0.4257580041885376)","(0.4362185597419739, 0.46785902976989746)",1,1,2.773162841796875,2.465728759765625,"(-53.684959411621094, -23.215412139892578, 653.8812255859375)","(10.878801345825195, -25.157150268554688, 659.239013671875)","(-7.607083320617676, 122.70025634765625, 34.017433166503906)","(-21.83188819885254, 114.9885482788086, 31.21063232421875)",POINT (0.4567427933216095 0.4468085169792175),,,,,,,,,,,,,,,,,,,,,,,,,,,,,,,,,,,,,,,,,,,,,,,,,
0,11,15,65338924010,1537783895,1,1,"(0.4761074185371399, 0.4553709030151367)","(0.4342835247516632, 0.43603768944740295)",1,1,2.783172607421875,2.421173095703125,"(-53.6721076965332, -23.229915618896484, 653.7396240234375)","(10.875423431396484, -25.19011116027832, 659.299072265625)","(-8.008925437927246, 117.2760009765625, 32.04322052001953)","(-22.50243377685547, 120.81730651855469, 33.332130432128906)",POINT (0.4551954716444016 0.4457042962312698),,,,,,,,,,,,,,,,,,,,,,,,,,,,,,,,,,,,,,,,,,,,,,,,,
0,11,15,65338940677,1537800562,1,1,"(0.4765127897262573, 0.4535490870475769)","(0.4411892592906952, 0.3933979868888855)",1,1,2.8011016845703125,2.417388916015625,"(-53.690765380859375, -23.242897033691406, 653.6768798828125)","(10.851091384887695, -25.229721069335938, 659.2635498046875)","(-7.8684515953063965, 117.60973358154297, 32.16464614868164)","(-20.109331130981445, 128.62765502929688, 36.17489242553711)",POINT (0.4588510245084763 0.4234735369682312),,,,,,,,,,,,,,,,,,,,,,,,,,,,,,,,,,,,,,,,,,,,,,,,,
0,11,15,65338957344,1537817228,1,1,"(0.4757782816886902, 0.44469931721687317)","(0.43513718247413635, 0.2959567904472351)",1,1,2.759033203125,2.274322509765625,"(-53.701717376708984, -23.26496124267578, 653.7109985351562)","(10.836867332458496, -25.25945472717285, 659.263427734375)","(-8.122991561889648, 119.23074340820312, 32.75468063354492)","(-22.20659637451172, 146.47610473632812, 42.671180725097656)",POINT (0.4554577320814133 0.3703280538320541),,,,,,,,,,,,,,,,,,,,,,,,,,,,,,,,,,,,,,,,,,,,,,,,,
0,11,15,65338974011,1537833895,1,1,"(0.4849989116191864, 0.46578794717788696)","(0.439160019159317, 0.2853811979293823)",1,1,2.7869415283203125,2.303955078125,"(-53.71122360229492, -23.284770965576172, 653.6615600585938)","(10.824886322021484, -25.279916763305664, 659.2034301757812)","(-4.927692890167236, 115.36791229248047, 31.348718643188477)","(-20.812543869018555, 148.4132537841797, 43.37621307373047)",POINT (0.4620794653892517 0.3755845725536346),,,,,,,,,,,,,,,,,,,,,,,,,,,,,,,,,,,,,,,,,,,,,,,,,
0,11,15,65338990678,1537850561,1,1,"(0.4852372407913208, 0.45835378766059875)","(0.43643519282341003, 0.2812952697277069)",1,1,2.8280487060546875,2.2717742919921875,"(-53.727909088134766, -23.302501678466797, 653.6825561523438)","(10.808662414550781, -25.286617279052734, 659.204345703125)","(-4.845112323760986, 116.72962188720703, 31.8443546295166)","(-21.75680923461914, 149.1616668701172, 43.6486701965332)",POINT (0.4608362168073654 0.3698245286941528),,,,,,,,,,,,,,,,,,,,,,,,,,,,,,,,,,,,,,,,,,,,,,,,,
0,11,15,65339007345,1537867228,1,1,"(0.4866994023323059, 0.45652246475219727)","(0.43017712235450745, 0.403638631105423)",1,1,2.843414306640625,2.474853515625,"(-53.75099182128906, -23.317768096923828, 653.714599609375)","(10.793084144592285, -25.291563034057617, 659.2047729492188)","(-4.338410377502441, 117.06507873535156, 31.966440200805664)","(-23.925453186035156, 126.75188446044922, 35.492149353027344)",POINT (0.4584382623434067 0.4300805479288101),,,,,,,,,,,,,,,,,,,,,,,,,,,,,,,,,,,,,,,,,,,,,,,,,
0,11,15,65339024013,1537883895,1,1,"(0.4804385304450989, 0.4386766254901886)","(0.4321608245372772, 0.4062094986438751)",1,1,2.82696533203125,2.51495361328125,"(-53.759849548339844, -23.344158172607422, 653.5103759765625)","(10.769603729248047, -25.291629791259766, 659.0133666992188)","(-6.508050441741943, 120.33393096923828, 33.15618896484375)","(-23.238035202026367, 126.28096771240234, 35.320770263671875)",POINT (0.456299677491188 0.4224430620670319),,,,,,,,,,,,,,,,,,,,,,,,,,,,,,,,,,,,,,,,,,,,,,,,,
0,11,15,65339040685,1537900567,1,1,"(0.483622282743454, 0.4311470091342926)","(0.43149641156196594, 0.301411509513855)",1,1,2.822967529296875,2.3576812744140625,"(-53.810245513916016, -23.344009399414062, 653.5853881835938)","(10.725591659545898, -25.280223846435547, 659.0511474609375)","(-5.404755592346191, 121.71315002441406, 33.65816879272461)","(-23.4682674407959, 145.47694396972656, 42.3075065612793)",POINT (0.45755934715271 0.3662792593240738),,,,,,,,,,,,,,,,,,,,,,,,,,,,,,,,,,,,,,,,,,,,,,,,,
0,11,15,65339057353,1537917234,1,1,"(0.4831547439098358, 0.44782230257987976)","(0.4362960159778595, 0.2741413712501526)",1,1,2.8781890869140625,2.337615966796875,"(-53.88770294189453, -23.364212036132812, 653.76416015625)","(10.641561508178711, -25.2769718170166, 659.1851196289062)","(-5.566768169403076, 118.65869140625, 32.546478271484375)","(-21.80503273010254, 150.47206115722656, 44.125579833984375)",POINT (0.4597253799438477 0.3609818369150162),,,,,,,,,,,,,,,,,,,,,,,,,,,,,,,,,,,,,,,,,,,,,,,,,
0,11,15,65339074020,1537933901,1,1,"(0.4756682217121124, 0.4257371723651886)","(0.434556245803833, 0.2866867780685425)",1,1,2.874664306640625,2.3690185546875,"(-53.966941833496094, -23.36478042602539, 653.547607421875)","(10.554593086242676, -25.239355087280273, 658.91259765625)","(-8.161128997802734, 122.70406341552734, 34.018856048583984)","(-22.407936096191406, 148.17410278320312, 43.28919219970703)",POINT (0.4551122337579727 0.3562119752168655),,,,,,,,,,,,,,,,,,,,,,,,,,,,,,,,,,,,,,,,,,,,,,,,1,
0,11,15,65339090688,1537950568,1,1,"(0.48720574378967285, 0.43777546286582947)","(0.4421846866607666, 0.2876708507537842)",1,1,2.8854522705078125,2.3476715087890625,"(-54.08068084716797, -23.405315399169922, 653.684326171875)","(10.46345329284668, -25.221412658691406, 659.2757568359375)","(-4.162948131561279, 120.4990005493164, 33.21626663208008)","(-19.764402389526367, 147.9938507080078, 43.22357940673828)",POINT (0.4646952152252197 0.3627231568098068),,,,,,,,,,,,,,,,,,,,,,,,,,,,,,,,,,,,,,,,,,,,,,,,,
0,11,15,65339107354,1537967234,1,1,"(0.48169514536857605, 0.44680899381637573)","(0.45065274834632874, 0.34556153416633606)",1,1,2.8902740478515625,2.415008544921875,"(-54.180084228515625, -23.43651008605957, 653.572021484375)","(10.321609497070312, -25.19056510925293, 658.9201049804688)","(-6.072587490081787, 118.84429931640625, 32.61402893066406)","(-16.82990074157715, 137.3899383544922, 39.36408615112305)",POINT (0.4661739468574524 0.3961852639913559),,,,,,,,,,,,,,,,,,,,,,,,,,,,,,,,,,,,,,,,,,,,,,,,,
0,11,15,65339124013,1537983892,1,1,"(0.4869270920753479, 0.45289871096611023)","(0.4524383246898651, 0.46427643299102783)",1,1,2.913192749023437,2.6001434326171875,"(-54.346336364746094, -23.441349029541016, 653.4962768554688)","(10.174408912658691, -25.149906158447266, 659.0809326171875)","(-4.259521007537842, 117.72885131835938, 32.20803451538086)","(-16.211135864257812, 115.64478302001953, 31.449459075927734)",POINT (0.4696827083826065 0.458587571978569),,,,,,,,,,,,,,,,,,,,,,,,,,,,,,,,,,,,,,,,,,,,,,,,1,
0,11,15,65339140688,1538000567,1,1,"(0.4906019866466522, 0.454576313495636)","(0.4478798806667328, 0.5009880065917969)",1,1,2.89813232421875,2.66217041015625,"(-54.53173828125, -23.446117401123047, 653.5968627929688)","(10.009267807006836, -25.111774444580078, 658.965576171875)","(-2.98602557182312, 117.42156219482422, 32.09617233276367)","(-17.790800094604492, 108.9202651977539, 29.001953125)",POINT (0.4692409336566925 0.4777821600437164),,,,,,,,,,,,,,,,,,,,,,,,,,,,,,,,,,,,,,,,,,,,,,,,1,
0,11,15,65339157356,1538017234,1,1,"(0.4861084818840027, 0.4674977958202362)","(0.459245890378952, 0.4749457538127899)",1,1,2.905120849609375,2.607147216796875,"(-54.71514892578125, -23.461105346679688, 653.7340698242188)","(9.82917594909668, -25.087791442871094, 658.6823120117188)","(-4.543198108673096, 115.05471801757812, 31.234710693359375)","(-13.852063179016113, 113.69048309326172, 30.73814582824707)",POINT (0.4726771861314774 0.4712217748165131),,,,,,,,,,,,,,,,,,,,,,,,,,,,,,,,,,,,,,,,,,,,,,,,1,
0,11,15,65339207352,1538067229,1,1,"(0.4807369112968445, 0.43880724906921387)","(0.45701515674591064, 0.31919029355049133)",1,1,2.8855133056640625,2.3695068359375,"(-55.18836212158203, -23.580068588256836, 653.725341796875)","(9.365933418273926, -25.067176818847656, 658.6470947265625)","(-6.404639720916748, 120.30999755859375, 33.147499084472656)","(-14.625092506408691, 142.2203826904297, 41.12223815917969)",POINT (0.4688760340213776 0.3789987713098526),,,,,,,,,,,,,,,,,,,,,,,,,,,,,,,,,,,,,,,,,,,,,,,,,
0,11,15,65339224029,1538083905,1,1,"(0.48576101660728455, 0.4391668140888214)","(0.4480742812156677, 0.5065200328826904)",1,1,2.892181396484375,2.6616973876953125,"(-55.32258605957031, -23.626272201538086, 653.8464965820312)","(9.236425399780273, -25.059871673583984, 659.0709228515625)","(-4.663591384887695, 120.24412536621094, 33.12355041503906)","(-17.72343635559082, 107.90695190429688, 28.633188247680664)",POINT (0.4669176489114761 0.4728434234857559),,,,,,,,,,,,,,,,,,,,,,,,,,,,,,,,,,,,,,,,,,,,,,,,1,
0,11,15,65339257363,1538117238,1,1,"(0.4835618734359741, 0.4416170120239258)","(0.462127685546875, 0.2884947955608368)",1,1,2.84796142578125,2.3001708984375,"(-55.57271194458008, -23.669666290283203, 654.0909423828125)","(9.008086204528809, -25.042678833007812, 658.9813232421875)","(-5.42568302154541, 119.79533386230469, 32.96015930175781)","(-12.853418350219727, 147.84292602539062, 43.16864013671875)",POINT (0.4728447794914246 0.3650559037923813),,,,,,,,,,,,,,,,,,,,,,,,,,,,,,,,,,,,,,,,,,,,,,,,1,
0,11,15,65339274021,1538133896,1,1,"(0.48396092653274536, 0.45095980167388916)","(0.45151954889297485, 0.39709529280662537)",1,1,2.8156890869140625,2.464218139648437,"(-55.6269645690918, -23.666763305664062, 653.6984252929688)","(8.920509338378906, -25.039413452148438, 658.93408203125)","(-5.28739070892334, 118.08399963378906, 32.337276458740234)","(-16.529512405395508, 127.95042419433594, 35.92839050292969)",POINT (0.4677402377128601 0.4240275472402573),,,,,,,,,,,,,,,,,,,,,,,,,,,,,,,,,,,,,,,,,,,,,,,,,
0,11,15,65339290697,1538150571,1,1,"(0.4790823459625244, 0.44661736488342285)","(0.45900800824165344, 0.27701833844184875)",1,1,2.81195068359375,2.2622528076171875,"(-55.71271514892578, -23.69401741027832, 653.7794189453125)","(8.83250617980957, -25.049840927124023, 659.1651000976562)","(-6.977997779846191, 118.87940979003906, 32.62677764892578)","(-13.934503555297852, 149.94508361816406, 43.93376541137695)",POINT (0.4690451771020889 0.3618178516626358),,,,,,,,,,,,,,,,,,,,,,,,,,,,,,,,,,,,,,,,,,,,,,,,1,
0,11,15,65339307360,1538167235,1,1,"(0.481496661901474, 0.45225733518600464)","(0.44473281502723694, 0.4105682373046875)",1,1,2.793060302734375,2.4843292236328125,"(-55.790714263916016, -23.703542709350586, 654.029296875)","(8.779624938964844, -25.045154571533203, 658.963134765625)","(-6.141372203826904, 117.8463363647461, 32.25077438354492)","(-18.881383895874023, 125.48257446289062, 35.030155181884766)",POINT (0.4631147384643555 0.4314127862453461),,,,,,,,,,,,,,,,,,,,,,,,,,,,,,,,,,,,,,,,,,,,,,,,,
0,11,15,65339324027,1538183901,1,1,"(0.48584967851638794, 0.4451853334903717)","(0.45241066813468933, 0.2900702953338623)",1,1,2.781494140625,2.2888336181640625,"(-55.835594177246094, -23.722713470458984, 654.10595703125)","(8.738828659057617, -25.057052612304688, 658.7720336914062)","(-4.632874965667725, 119.1417236328125, 32.72225570678711)","(-16.220720291137695, 147.55433654785156, 43.063629150390625)",POINT (0.4691301733255386 0.367627814412117),,,,,,,,,,,,,,,,,,,,,,,,,,,,,,,,,,,,,,,,,,,,,,,,,
0,11,15,65339340694,1538200568,1,1,"(0.48789963126182556, 0.4380473792552948)","(0.4494588375091553, 0.4341900646686554)",1,1,2.795150756835937,2.507354736328125,"(-55.85887908935547, -23.72113037109375, 653.9702758789062)","(8.716541290283203, -25.058387756347656, 658.72412109375)","(-3.922496795654297, 120.4491958618164, 33.19813919067383)","(-17.243648529052734, 121.15573120117188, 33.45531463623047)",POINT (0.4686792343854904 0.4361187219619751),,,,,,,,,,,,,,,,,,,,,,,,,,,,,,,,,,,,,,,,,,,,,,,,,
0,11,15,65339357361,1538217234,1,1,"(0.4851677417755127, 0.4369930028915405)","(0.4566856324672699, 0.44596683979034424)",1,1,2.794647216796875,2.5443267822265625,"(-55.874176025390625, -23.716751098632812, 653.9793090820312)","(8.704111099243164, -25.06272315979004, 658.7481689453125)","(-4.869190216064453, 120.6423110961914, 33.26845932006836)","(-14.739288330078125, 118.99858093261719, 32.670166015625)",POINT (0.4709266871213913 0.4414799213409424),,,,,,,,,,,,,,,,,,,,,,,,,,,,,,,,,,,,,,,,,,,,,,,,,
0,11,15,65339390704,1538250576,1,1,"(0.48937779664993286, 0.45258671045303345)","(0.4478627145290375, 0.40709981322288513)",1,1,2.7975616455078125,2.445831298828125,"(-55.86296844482422, -23.697111129760742, 654.0294189453125)","(8.72204303741455, -25.063186645507812, 658.65234375)","(-3.4102566242218018, 117.7860107421875, 32.22881317138672)","(-17.79674530029297, 126.11788940429688, 35.26137924194336)",POINT (0.4686202555894852 0.4298432618379593),,,,,,,,,,,,,,,,,,,,,,,,,,,,,,,,,,,,,,,,,,,,,,,,,
0,11,15,65339407363,1538267235,1,1,"(0.48454299569129944, 0.4515434801578522)","(0.45228704810142517, 0.45838263630867004)",1,1,2.7996978759765625,2.51885986328125,"(-55.84581756591797, -23.678192138671875, 654.0441284179688)","(8.73972225189209, -25.05286407470703, 658.7841186523438)","(-5.085691452026367, 117.97708892822266, 32.298404693603516)","(-16.26356315612793, 116.7243423461914, 31.84242820739746)",POINT (0.4684150218963623 0.4549630582332611),,,,,,,,,,,,,,,,,,,,,,,,,,,,,,,,,,,,,,,,,,,,,,,,1,
0,11,15,65339424038,1538283909,1,1,"(0.4776153266429901, 0.44487011432647705)","(0.45195066928863525, 0.4104507565498352)",1,1,2.8048858642578125,2.452865600585937,"(-55.8296012878418, -23.678321838378906, 654.08251953125)","(8.753353118896484, -25.05440902709961, 658.7598876953125)","(-7.486388206481934, 119.19945526123047, 32.743289947509766)","(-16.380123138427734, 125.50410461425781, 35.03797912597656)",POINT (0.4647829979658127 0.4276604354381561),,,,,,,,,,,,,,,,,,,,,,,,,,,,,,,,,,,,,,,,,,,,,,,,,
0,11,15,65339440705,1538300576,1,1,"(0.48340287804603577, 0.4582136869430542)","(0.4558671712875366, 0.30847007036209106)",1,1,2.773300170898437,2.29107666015625,"(-55.81500244140625, -23.680265426635742, 654.1331787109375)","(8.77294635772705, -25.058786392211914, 658.9393920898438)","(-5.480777263641357, 116.75528717041016, 31.853656768798828)","(-15.022909164428711, 144.18405151367188, 41.836917877197266)",POINT (0.4696350246667862 0.3833418786525726),,,,,,,,,,,,,,,,,,,,,,,,,,,,,,,,,,,,,,,,,,,,,,,,,
0,11,15,65339457364,1538317234,1,1,"(0.47712036967277527, 0.4461427628993988)","(0.45192646980285645, 0.31014540791511536)",1,1,2.7906036376953125,2.2938385009765625,"(-55.80711364746094, -23.68438720703125, 654.1582641601562)","(8.787652015686035, -25.066823959350586, 659.0828247070312)","(-7.657899856567383, 118.9663314819336, 32.65845489501953)","(-16.388507843017578, 143.8771514892578, 41.725223541259766)",POINT (0.4645234197378159 0.3781440854072571),,,,,,,,,,,,,,,,,,,,,,,,,,,,,,,,,,,,,,,,,,,,,,,,,
0,11,15,65339474031,1538333901,1,1,"(0.4973222017288208, 0.44104161858558655)","(0.45651572942733765, 0.44038963317871094)",1,1,2.783477783203125,2.510223388671875,"(-55.73937225341797, -23.687259674072266, 653.90673828125)","(8.832473754882812, -25.08603286743164, 659.5494384765625)","(-0.6572264432907104, 119.90071868896484, 32.9985237121582)","(-14.798166275024414, 120.02014923095703, 33.041961669921875)",POINT (0.4769189655780792 0.4407156258821487),,,,,,,,,,,,,,,,,,,,,,,,,,,,,,,,,,,,,,,,,,,,,,,,,
0,11,15,65339490698,1538350567,1,1,"(0.49022236466407776, 0.44750896096229553)","(0.45884349942207336, 0.31239476799964905)",1,1,2.780380249023437,2.2652587890625,"(-55.69607925415039, -23.6964168548584, 653.686767578125)","(8.855627059936523, -25.097963333129883, 659.5128784179688)","(-3.1175858974456787, 118.71611022949219, 32.56734085083008)","(-13.99150562286377, 143.46514892578125, 41.57526397705078)",POINT (0.4745329320430756 0.3799518644809723),,,,,,,,,,,,,,,,,,,,,,,,,,,,,,,,,,,,,,,,,,,,,,,,,
0,11,15,65339507365,1538367234,1,1,"(0.4888782501220703, 0.45671650767326355)","(0.4640752375125885, 0.3321337401866913)",1,1,2.7864227294921875,2.291839599609375,"(-55.68122100830078, -23.714313507080078, 653.6531982421875)","(8.879762649536133, -25.10110092163086, 659.152587890625)","(-3.5833709239959717, 117.02954864501953, 31.953454971313477)","(-12.178513526916504, 139.8495330810547, 40.25926208496094)",POINT (0.4764767438173294 0.3944251239299774),,,,,,,,,,,,,,,,,,,,,,,,,,,,,,,,,,,,,,,,,,,,,,,,,
0,11,15,65339524033,1538383901,1,1,"(0.49121078848838806, 0.4565897285938263)","(0.4534830152988434, 0.40604251623153687)",1,1,2.809555053710937,2.408416748046875,"(-55.658782958984375, -23.74334716796875, 653.8126831054688)","(8.906855583190918, -25.10307502746582, 658.7324829101562)","(-2.7750656604766846, 117.05276489257812, 31.961929321289062)","(-15.849109649658203, 126.31156158447266, 35.33189010620117)",POINT (0.4723469018936157 0.4313161224126816),,,,,,,,,,,,,,,,,,,,,,,,,,,,,,,,,,,,,,,,,,,,,,,,,
0,11,15,65339540700,1538400568,1,1,"(0.48579534888267517, 0.437863826751709)","(0.46141934394836426, 0.4279921054840088)",1,1,2.7781982421875,2.4161529541015625,"(-55.62169647216797, -23.767053604125977, 653.8790893554688)","(8.940179824829102, -25.114036560058594, 658.7908935546875)","(-4.651702404022217, 120.48280334472656, 33.21040344238281)","(-13.098889350891113, 122.2910385131836, 33.868492126464844)",POINT (0.4736073464155197 0.4329279661178589),,,,,,,,,,,,,,,,,,,,,,,,,,,,,,,,,,,,,,,,,,,,,,,,,
0,11,15,65339557376,1538417243,1,1,"(0.48991918563842773, 0.42633989453315735)","(0.46180459856987, 0.42643362283706665)",1,1,2.757049560546875,2.4306640625,"(-55.57177734375, -23.770469665527344, 653.7435913085938)","(8.982593536376953, -25.137590408325195, 658.9454956054688)","(-3.222635507583618, 122.59365844726562, 33.978675842285156)","(-12.96537971496582, 122.57647705078125, 33.97246170043945)",POINT (0.4758618921041489 0.426386758685112),,,,,,,,,,,,,,,,,,,,,,,,,,,,,,,,,,,,,,,,,,,,,,,,,
0,11,15,65339574050,1538433917,1,1,"(0.496786892414093, 0.43873679637908936)","(0.45692989230155945, 0.48244327306747437)",1,1,2.7540283203125,2.5279083251953125,"(-55.5349006652832, -23.764530181884766, 653.8577270507812)","(9.035346984863281, -25.145904541015625, 659.100341796875)","(-0.842729926109314, 120.32290649414062, 33.15219497680664)","(-14.654640197753906, 112.31713104248047, 30.23832893371582)",POINT (0.4768583923578262 0.4605900347232819),,,,,,,,,,,,,,,,,,,,,,,,,,,,,,,,,,,,,,,,,,,,,,,,1,
0,11,15,65339590710,1538450576,1,1,"(0.4931766986846924, 0.4336860477924347)","(0.4573284387588501, 0.32762399315834045)",1,1,2.7483062744140625,2.255966186523437,"(-55.47785949707031, -23.765466690063477, 653.8555908203125)","(9.083686828613281, -25.14241600036621, 659.063720703125)","(-2.0937983989715576, 121.24806213378906, 33.48889923095703)","(-14.516542434692383, 140.67556762695312, 40.559967041015625)",POINT (0.4752525687217712 0.3806550204753876),,,,,,,,,,,,,,,,,,,,,,,,,,,,,,,,,,,,,,,,,,,,,,,,,
0,11,15,65339607376,1538467242,1,1,"(0.4944898784160614, 0.4620983898639679)","(0.45163777470588684, 0.3361382782459259)",1,1,2.79638671875,2.273468017578125,"(-55.44340515136719, -23.770496368408203, 653.9094848632812)","(9.127473831176758, -25.14756965637207, 659.1104736328125)","(-1.6387277841567993, 116.04371643066406, 31.59471893310547)","(-16.488557815551758, 139.1160125732422, 39.9923210144043)",POINT (0.4730638265609741 0.3991183340549469),,,,,,,,,,,,,,,,,,,,,,,,,,,,,,,,,,,,,,,,,,,,,,,,,
0,11,15,65339624044,1538483909,1,1,"(0.4943459928035736, 0.4312652051448822)","(0.44833263754844666, 0.4041380286216736)",1,1,2.77459716796875,2.42535400390625,"(-55.37390899658203, -23.775331497192383, 653.7418212890625)","(9.184307098388672, -25.17498779296875, 659.0848388671875)","(-1.6886025667190552, 121.6915054321289, 33.6502685546875)","(-17.633901596069336, 126.66041564941406, 35.45881652832031)",POINT (0.4713393151760101 0.4177016168832779),,,,,,,,,,,,,,,,,,,,,,,,,,,,,,,,,,,,,,,,,,,,,,,,,
0,11,15,65339640710,1538500575,1,1,"(0.5003218054771423, 0.4429336190223694)","(0.457292765378952, 0.4687094986438751)",1,1,2.7709197998046875,2.548583984375,"(-55.333106994628906, -23.777515411376953, 653.7725830078125)","(9.226970672607422, -25.209003448486328, 658.9757080078125)","(0.3822299838066101, 119.55415344238281, 32.872398376464844)","(-14.528909683227539, 114.8327865600586, 31.15391731262207)",POINT (0.4788072854280472 0.4558215588331222),,,,,,,,,,,,,,,,,,,,,,,,,,,,,,,,,,,,,,,,,,,,,,,,1,
0,11,15,65339657378,1538517242,1,1,"(0.4934430420398712, 0.43099746108055115)","(0.45797106623649597, 0.38980352878570557)",1,1,2.7617950439453125,2.428939819335937,"(-55.296470642089844, -23.783519744873047, 653.8748168945312)","(9.263221740722656, -25.235458374023438, 659.0584716796875)","(-2.001494884490967, 121.74052429199219, 33.66817855834961)","(-14.293837547302246, 129.28607177734375, 36.41449737548828)",POINT (0.4757070541381836 0.4104004949331284),,,,,,,,,,,,,,,,,,,,,,,,,,,,,,,,,,,,,,,,,,,,,,,,,
0,11,15,65339707384,1538567247,1,1,"(0.4589645564556122, 0.43504029512405396)","(0.43252596259117126, 0.4744925796985626)",1,1,2.768402099609375,2.557952880859375,"(-55.194671630859375, -23.83515167236328, 653.8089599609375)","(9.337484359741211, -25.283275604248047, 658.8272705078125)","(-13.94955825805664, 121.0, 33.39861297607422)","(-23.111501693725586, 113.77347564697266, 30.768388748168945)",POINT (0.4457452595233917 0.4547664374113083),,,,,,,,,,,,,,,,,,,,,,,,,,,,,,,,,,,,,,,,,,,,,,,,,
0,11,15,65339724051,1538583914,1,1,"(0.474234014749527, 0.4482329487800598)","(0.4279297888278961, 0.2998233437538147)",1,1,2.7982330322265625,2.26995849609375,"(-55.16121292114258, -23.845314025878906, 653.802734375)","(9.381598472595215, -25.28386688232422, 658.515380859375)","(-8.658140182495117, 118.58345794677734, 32.519126892089844)","(-24.704246520996094, 145.7678680419922, 42.413394927978516)",POINT (0.4510819017887116 0.3740281462669373),,,,,,,,,,,,,,,,,,,,,,,,,,,,,,,,,,,,,,,,,,,,,,,,,
0,11,15,65339740717,1538600580,1,1,"(0.47288063168525696, 0.44689998030662537)","(0.4342494010925293, 0.4335012435913086)",1,1,2.805206298828125,2.4713592529296875,"(-55.1334114074707, -23.85471534729004, 653.9390869140625)","(9.417753219604492, -25.291946411132812, 658.7301635742188)","(-9.12712574005127, 118.82763671875, 32.607948303222656)","(-22.514257431030273, 121.28190612792969, 33.50122833251953)",POINT (0.4535650163888931 0.440200611948967),,,,,,,,,,,,,,,,,,,,,,,,,,,,,,,,,,,,,,,,,,,,,,,,,
0,11,15,65339757394,1538617256,1,1,"(0.47047826647758484, 0.43073007464408875)","(0.4270264804363251, 0.44455423951148987)",1,1,2.788436889648437,2.505599975585937,"(-55.09903335571289, -23.845258712768555, 653.9093017578125)","(9.462931632995605, -25.302562713623047, 659.2684326171875)","(-9.959630012512207, 121.78949737548828, 33.68600082397461)","(-25.017261505126953, 119.25730895996094, 32.76434326171875)",POINT (0.448752373456955 0.4376421570777893),,,,,,,,,,,,,,,,,,,,,,,,,,,,,,,,,,,,,,,,,,,,,,,,,
0,11,15,65339774052,1538633914,1,1,"(0.4726446568965912, 0.4294969141483307)","(0.4388185739517212, 0.42735257744789124)",1,1,2.779449462890625,2.4571685791015625,"(-55.057167053222656, -23.844669342041016, 653.832275390625)","(9.49243450164795, -25.3145751953125, 659.459716796875)","(-9.208894729614258, 122.01537322998047, 33.76822280883789)","(-20.930870056152344, 122.4081802368164, 33.91114807128906)",POINT (0.4557316154241562 0.428424745798111),,,,,,,,,,,,,,,,,,,,,,,,,,,,,,,,,,,,,,,,,,,,,,,,,
0,11,15,65339790719,1538650580,1,1,"(0.4678153991699219, 0.4456245005130768)","(0.43390512466430664, 0.46117252111434937)",1,1,2.8059844970703125,2.5068817138671875,"(-55.02965545654297, -23.836301803588867, 653.873046875)","(9.51616096496582, -25.317485809326172, 659.3392944335938)","(-10.88241958618164, 119.06127166748047, 32.69301223754883)","(-22.63357162475586, 116.21333312988281, 31.656402587890625)",POINT (0.4508602619171143 0.4533985108137131),,,,,,,,,,,,,,,,,,,,,,,,,,,,,,,,,,,,,,,,,,,,,,,,,
0,11,15,65339807386,1538667247,1,1,"(0.46079400181770325, 0.4542613923549652)","(0.43530747294425964, 0.3093118667602539)",1,1,2.816436767578125,2.2719268798828125,"(-55.00328826904297, -23.816814422607422, 653.7933959960938)","(9.530818939208984, -25.314502716064453, 659.2188110351562)","(-13.31558895111084, 117.47925567626953, 32.117156982421875)","(-22.14759635925293, 144.02984619140625, 41.780792236328125)",POINT (0.4480507373809814 0.3817866295576096),,,,,,,,,,,,,,,,,,,,,,,,,,,,,,,,,,,,,,,,,,,,,,,,,
0,11,15,65339824065,1538683925,1,1,"(0.4761304557323456, 0.46194833517074585)","(0.4280124306678772, 0.48406684398651123)",1,1,2.8321685791015625,2.560546875,"(-54.99415588378906, -23.810359954833984, 653.8187255859375)","(9.538333892822266, -25.314292907714844, 659.0868530273438)","(-8.00095272064209, 116.07122039794922, 31.604694366455078)","(-24.675601959228516, 112.01973724365234, 30.13008689880371)",POINT (0.4520714432001114 0.4730075895786285),,,,,,,,,,,,,,,,,,,,,,,,,,,,,,,,,,,,,,,,,,,,,,,,1,
0,11,15,65339840723,1538700583,1,1,"(0.4709809720516205, 0.45307275652885437)","(0.4407024085521698, 0.4115733802318573)",1,1,2.806610107421875,2.442657470703125,"(-54.98609924316406, -23.783750534057617, 653.760009765625)","(9.544376373291016, -25.309289932250977, 659.0259399414062)","(-9.785421371459961, 117.69696807861328, 32.19643783569336)","(-20.278059005737305, 125.29847717285156, 34.963130950927734)",POINT (0.4558416903018951 0.4323230683803558),,,,,,,,,,,,,,,,,,,,,,,,,,,,,,,,,,,,,,,,,,,,,,,,,
0,11,15,65339857391,1538717250,1,1,"(0.4704059064388275, 0.46139782667160034)","(0.43543580174446106, 0.45403504371643066)",1,1,2.7908477783203125,2.530853271484375,"(-55.00140380859375, -23.76926040649414, 653.7694091796875)","(9.536579132080078, -25.30759620666504, 659.1942138671875)","(-9.984708786010742, 116.17205047607422, 31.641408920288086)","(-22.103126525878906, 117.52071380615234, 32.13226318359375)",POINT (0.4529208540916443 0.4577164351940155),,,,,,,,,,,,,,,,,,,,,,,,,,,,,,,,,,,,,,,,,,,,,,,,1,
0,11,15,65339874057,1538733916,1,1,"(0.5037596225738525, 0.453510582447052)","(0.47878095507621765, 0.4973704516887665)",1,1,2.806396484375,2.5559234619140625,"(-54.920440673828125, -23.750818252563477, 653.723388671875)","(9.61535930633545, -25.28779411315918, 658.5567626953125)","(1.5735719203948975, 117.61676025390625, 32.16727066040039)","(-7.082440376281738, 109.5829086303711, 29.243127822875977)",POINT (0.4912702888250351 0.4754405170679092),,,,,,,,,,,,,,,,,,,,,,,,,,,,,,,,,,,,,,,,,,,,,,,,1,
0,11,15,65339890725,1538750583,1,1,"(0.5403041839599609, 0.4514201581478119)","(0.5242289304733276, 0.4205610454082489)",1,1,2.830657958984375,2.495697021484375,"(-54.80658721923828, -23.743408203125, 653.80224609375)","(9.730981826782227, -25.311019897460938, 659.5368041992188)","(14.237591743469238, 117.99967956542969, 32.30660629272461)","(8.666943550109863, 123.65218353271484, 34.36393737792969)",POINT (0.5322665572166443 0.4359906017780304),,,,,,,,,,,,,,,,,,,,,,,,,,,,,,,,,,,,,,,,,,,,,,,,1,
0,11,15,65339907401,1538767259,1,1,"(0.5395514369010925, 0.4493412971496582)","(0.5109772682189941, 0.4935099184513092)",1,1,2.805526733398437,2.586898803710937,"(-54.82125473022461, -23.731033325195312, 653.7041625976562)","(9.704225540161133, -25.305267333984375, 659.4417724609375)","(13.976739883422852, 118.3804702758789, 32.44520950317383)","(4.0747456550598145, 110.2900390625, 29.500539779663086)",POINT (0.5252643525600433 0.4714256078004837),,,,,,,,,,,,,,,,,,,,,,,,,,,,,,,,,,,,,,,,,,,,,,,,1,
0,11,15,65339924068,1538783925,1,1,"(0.5469439029693604, 0.46778810024261475)","(0.5143272280693054, 0.4385506808757782)",1,1,2.8233642578125,2.4881134033203125,"(-54.86628723144531, -23.760032653808594, 653.6722412109375)","(9.66150188446045, -25.296390533447266, 658.9749755859375)","(16.538501739501953, 115.00153350830078, 31.215389251708984)","(5.235627174377441, 120.35700225830078, 33.16458511352539)",POINT (0.5306355655193329 0.4531693905591965),,,,,,,,,,,,,,,,,,,,,,,,,,,,,,,,,,,,,,,,,,,,,,,,1,
0,11,15,65339940734,1538800591,1,1,"(0.548162579536438, 0.44868341088294983)","(0.5192555785179138, 0.4399140477180481)",1,1,2.8190460205078125,2.4701690673828125,"(-54.88840103149414, -23.779773712158203, 653.537353515625)","(9.621796607971191, -25.29318618774414, 658.5564575195312)","(16.9608154296875, 118.5009765625, 32.48905944824219)","(6.943490028381348, 120.10726928710938, 33.0737190246582)",POINT (0.5337090790271759 0.444298729300499),,,,,,,,,,,,,,,,,,,,,,,,,,,,,,,,,,,,,,,,,,,,,,,,1,
0,11,15,65339957400,1538817256,1,1,"(0.5394807457923889, 0.4358668923377991)","(0.5152210593223572, 0.46463534235954285)",1,1,2.8153076171875,2.504364013671875,"(-54.930511474609375, -23.805288314819336, 653.5425415039062)","(9.587933540344238, -25.294803619384766, 658.342041015625)","(13.952238082885742, 120.84858703613281, 33.34355163574219)","(5.545374393463135, 115.57904052734375, 31.42554473876953)",POINT (0.527350902557373 0.450251117348671),,,,,,,,,,,,,,,,,,,,,,,,,,,,,,,,,,,,,,,,,,,,,,,,1,
0,11,15,65339974075,1538833931,1,1,"(0.5419855713844299, 0.4440406560897827)","(0.5091065764427185, 0.44681698083877563)",1,1,2.8212432861328125,2.4837188720703125,"(-54.96101379394531, -23.831439971923828, 653.5614013671875)","(9.560432434082031, -25.31231689453125, 658.7744140625)","(14.820253372192383, 119.35138702392578, 32.79860305786133)","(3.426499366760254, 118.84285736083984, 32.61345291137695)",POINT (0.5255460739135742 0.4454288184642792),,,,,,,,,,,,,,,,,,,,,,,,,,,,,,,,,,,,,,,,,,,,,,,,1,
0,11,15,65340007401,1538867256,1,1,"(0.5439192056655884, 0.45991623401641846)","(0.5162632465362549, 0.4948922395706177)",1,1,2.8291168212890625,2.5643463134765625,"(-55.0357780456543, -23.850034713745117, 653.5006713867188)","(9.492408752441406, -25.328109741210938, 659.4960327148438)","(15.490330696105957, 116.44344329833984, 31.740184783935547)","(5.906519889831543, 110.03683471679688, 29.408370971679688)",POINT (0.5300912261009216 0.4774042367935181),,,,,,,,,,,,,,,,,,,,,,,,,,,,,,,,,,,,,,,,,,,,,,,,1,
0,11,15,65340024077,1538883931,1,1,"(0.5465908050537109, 0.45514512062072754)","(0.5062925219535828, 0.4906297028064728)",1,1,2.8267059326171875,2.5464630126953125,"(-55.090179443359375, -23.860471725463867, 653.6583251953125)","(9.451929092407227, -25.316390991210938, 659.196533203125)","(16.416122436523438, 117.31737518310547, 32.05827713012695)","(2.4513237476348877, 110.81761932373047, 29.692529678344727)",POINT (0.5264416635036469 0.4728874117136002),,,,,,,,,,,,,,,,,,,,,,,,,,,,,,,,,,,,,,,,,,,,,,,,1,
0,11,15,65340040735,1538900589,1,1,"(0.5538355708122253, 0.4378402531147003)","(0.5113508701324463, 0.4893668293952942)",1,1,2.811126708984375,2.54296875,"(-55.12583541870117, -23.85348892211914, 653.6891479492188)","(9.419312477111816, -25.302947998046875, 658.825439453125)","(18.926729202270508, 120.48712158203125, 33.21195602416992)","(4.204225063323975, 111.04893493652344, 29.77674102783203)",POINT (0.5325932204723358 0.4636035412549972),,,,,,,,,,,,,,,,,,,,,,,,,,,,,,,,,,,,,,,,,,,,,,,,1,
0,11,15,65340057412,1538917265,1,1,"(0.5501199960708618, 0.45118287205696106)","(0.5186300873756409, 0.48813360929489136)",1,1,2.820892333984375,2.522979736328125,"(-55.15420913696289, -23.852754592895508, 653.70849609375)","(9.383790969848633, -25.294559478759766, 658.4312744140625)","(17.63913345336914, 118.04312896728516, 32.322425842285156)","(6.726727485656738, 111.27483367919922, 29.858938217163086)",POINT (0.5343750417232513 0.4696582406759262),,,,,,,,,,,,,,,,,,,,,,,,,,,,,,,,,,,,,,,,,,,,,,,,1,
0,11,15,65340074078,1538933931,1,1,"(0.5425254106521606, 0.43674129247665405)","(0.5148786306381226, 0.4923952519893646)",1,1,2.7994537353515625,2.5485382080078125,"(-55.160484313964844, -23.84652328491211, 653.6112670898438)","(9.366557121276855, -25.294044494628906, 658.479736328125)","(15.007323265075684, 120.68842315673828, 33.28522491455078)","(5.426703453063965, 110.49422454833984, 29.574838638305664)",POINT (0.5287020206451416 0.4645682722330093),,,,,,,,,,,,,,,,,,,,,,,,,,,,,,,,,,,,,,,,,,,,,,,,1,
0,11,15,65340090741,1538950594,1,1,"(0.5459700226783752, 0.4497791528701782)","(0.5139565467834473, 0.4595726728439331)",1,1,2.8303985595703125,2.4867095947265625,"(-55.17046356201172, -23.8558292388916, 653.6097412109375)","(9.353887557983398, -25.300832748413086, 658.6718139648438)","(16.201013565063477, 118.3002700805664, 32.415977478027344)","(5.1071977615356445, 116.5063705444336, 31.763086318969727)",POINT (0.5299632847309113 0.4546759128570557),,,,,,,,,,,,,,,,,,,,,,,,,,,,,,,,,,,,,,,,,,,,,,,,1,
0,11,15,65340107409,1538967261,1,1,"(0.5430198907852173, 0.4393537938594818)","(0.5157850384712219, 0.46045494079589844)",1,1,2.7903289794921875,2.5105743408203125,"(-55.179412841796875, -23.84780502319336, 653.5723266601562)","(9.337381362915039, -25.302268981933594, 658.9598388671875)","(15.178702354431152, 120.20987701416016, 33.111045837402344)","(5.740816116333008, 116.34477233886719, 31.704261779785156)",POINT (0.5294024646282196 0.4499043673276901),,,,,,,,,,,,,,,,,,,,,,,,,,,,,,,,,,,,,,,,,,,,,,,,1,
0,11,15,65340124075,1538983927,1,1,"(0.567121148109436, 0.4543989598751068)","(0.5366336107254028, 0.4844644367694855)",1,1,2.7960357666015625,2.53704833984375,"(-55.16520690917969, -23.858734130859375, 653.778076171875)","(9.375865936279297, -25.293933868408203, 658.431640625)","(23.530656814575195, 117.45404815673828, 32.10801315307617)","(12.965606689453125, 111.94693756103516, 30.10352897644043)",POINT (0.5518773794174194 0.4694316983222961),,,,,,,,,,,,,,,,,,,,,,,,,,,,,,,,,,,,,,,,,,,,,,,,1,
0,11,15,65340140750,1539000602,1,1,"(0.5504253506660461, 0.42603519558906555)","(0.5208589434623718, 0.50698322057724)",1,1,2.7606201171875,2.57220458984375,"(-55.154258728027344, -23.857105255126953, 653.79150390625)","(9.383913040161133, -25.29429817199707, 658.455322265625)","(17.74494743347168, 122.64945983886719, 33.998992919921875)","(7.499109268188477, 107.8221206665039, 28.60226058959961)",POINT (0.535642147064209 0.4665092080831528),,,,,,,,,,,,,,,,,,,,,,,,,,,,,,,,,,,,,,,,,,,,,,,,1,
0,11,15,65340157419,1539017270,1,1,"(0.5671058893203735, 0.447834312915802)","(0.5243077874183655, 0.473322331905365)",1,1,2.805877685546875,2.50225830078125,"(-55.16392135620117, -23.866119384765625, 653.8623046875)","(9.383337020874023, -25.296945571899414, 658.4674072265625)","(23.525344848632812, 118.65650177001953, 32.54570388793945)","(8.694269180297852, 113.9878158569336, 30.8464412689209)",POINT (0.5457068383693695 0.4605783224105835),,,,,,,,,,,,,,,,,,,,,,,,,,,,,,,,,,,,,,,,,,,,,,,,1,
0,11,15,65340174085,1539033936,1,1,"(0.5693130493164062, 0.4451015591621399)","(0.5289417505264282, 0.4886681139469147)",1,1,2.7817535400390625,2.525604248046875,"(-55.151390075683594, -23.858009338378906, 653.7811279296875)","(9.396193504333496, -25.298572540283203, 658.5985107421875)","(24.290233612060547, 119.15707397460938, 32.727840423583984)","(10.300073623657227, 111.17691802978516, 29.823333740234375)",POINT (0.5491273999214172 0.4668848365545273),,,,,,,,,,,,,,,,,,,,,,,,,,,,,,,,,,,,,,,,,,,,,,,,1,
0,11,15,65340190744,1539050594,1,1,"(0.5653783679008484, 0.4571410119533539)","(0.5249925255775452, 0.4552173614501953)",1,1,2.817474365234375,2.451766967773437,"(-55.145530700683594, -23.869199752807617, 653.8887939453125)","(9.418381690979004, -25.311260223388672, 658.8493041992188)","(22.926719665527344, 116.9517822265625, 31.925193786621094)","(8.931541442871094, 117.30414581298828, 32.05341720581055)",POINT (0.5451854467391968 0.4561791867017746),,,,,,,,,,,,,,,,,,,,,,,,,,,,,,,,,,,,,,,,,,,,,,,,1,
0,11,15,65340207411,1539067261,1,1,"(0.5590177774429321, 0.43369174003601074)","(0.532500684261322, 0.42396673560142517)",1,1,2.813827514648437,2.451278686523437,"(-55.13612365722656, -23.860858917236328, 653.866943359375)","(9.43574333190918, -25.308866500854492, 659.0286865234375)","(20.72254180908203, 121.24700927734375, 33.48854446411133)","(11.533415794372559, 123.02836608886719, 34.13686752319336)",POINT (0.5457592308521271 0.428829237818718),,,,,,,,,,,,,,,,,,,,,,,,,,,,,,,,,,,,,,,,,,,,,,,,1,
0,11,15,65340224081,1539083930,1,1,"(0.5554883480072021, 0.44170939922332764)","(0.5324960350990295, 0.4962187707424164)",1,1,2.8015899658203125,2.526458740234375,"(-55.12127685546875, -23.863754272460938, 653.869384765625)","(9.45274543762207, -25.315534591674805, 659.244140625)","(19.49945831298828, 119.7784194946289, 32.953983306884766)","(11.531798362731934, 109.79386138916016, 29.319908142089844)",POINT (0.5439921915531158 0.468964084982872),,,,,,,,,,,,,,,,,,,,,,,,,,,,,,,,,,,,,,,,,,,,,,,,1,
0,11,15,65340240748,1539100597,1,1,"(0.5574843883514404, 0.4468536078929901)","(0.5369612574577332, 0.48458075523376465)",1,1,2.827239990234375,2.515625,"(-55.107566833496094, -23.84625244140625, 653.871826171875)","(9.471441268920898, -25.312253952026367, 659.484375)","(20.19117546081543, 118.83615112304688, 32.611019134521484)","(13.079174995422363, 111.92559814453125, 30.09583854675293)",POINT (0.5472228229045868 0.4657171815633774),,,,,,,,,,,,,,,,,,,,,,,,,,,,,,,,,,,,,,,,,,,,,,,,1,
0,11,15,65340257424,1539117272,1,1,"(0.5646213889122009, 0.44178521633148193)","(0.5349337458610535, 0.4509772062301636)",1,1,2.795257568359375,2.48455810546875,"(-55.10252380371094, -23.825851440429688, 653.8726196289062)","(9.480145454406738, -25.311195373535156, 659.6163940429688)","(22.664405822753906, 119.76451873779297, 32.94894790649414)","(12.376538276672363, 118.08081817626953, 32.33613967895508)",POINT (0.5497775673866272 0.4463812112808228),,,,,,,,,,,,,,,,,,,,,,,,,,,,,,,,,,,,,,,,,,,,,,,,1,
0,11,15,65340274083,1539133931,1,1,"(0.5575093626976013, 0.4654811918735504)","(0.5443198680877686, 0.4098188877105713)",1,1,2.7852325439453125,2.4300079345703125,"(-55.10340881347656, -23.746156692504883, 653.8953247070312)","(9.492353439331055, -25.288227081298828, 659.4838256835938)","(20.199819564819336, 115.42411041259766, 31.369125366210938)","(15.629180908203125, 125.61981964111328, 35.08012771606445)",POINT (0.5509146153926849 0.4376500397920608),,,,,,,,,,,,,,,,,,,,,,,,,,,,,,,,,,,,,,,,,,,,,,,,1,
0,11,15,65340290750,1539150597,1,1,"(0.5578837990760803, 0.49988487362861633)","(0.5290529131889343, 0.452484667301178)",1,1,2.6985015869140625,2.4740447998046875,"(-55.14564895629883, -23.67148780822754, 654.17529296875)","(9.537519454956055, -25.137765884399414, 659.375732421875)","(20.329587936401367, 109.12236022949219, 29.075464248657227)","(10.338623046875, 117.80469512939453, 32.2356071472168)",POINT (0.5434683561325073 0.4761847704648972),,,,,,,,,,,,,,,,,,,,,,,,,,,,,,,,,,,,,,,,,,,,,,,,1,
0,11,15,65340474095,1539333937,1,1,"(0.5327747464179993, 0.4363707900047302)","(0.48526450991630554, 0.5063191056251526)",1,1,2.7762603759765625,2.4902801513671875,"(-54.74261474609375, -23.613548278808594, 653.9329833984375)","(9.891700744628906, -25.26690673828125, 659.30419921875)","(11.628351211547852, 120.75628662109375, 33.309959411621094)","(-4.835674285888672, 107.94379425048828, 28.646495819091797)",POINT (0.5090196281671524 0.4713449478149414),,,,,,,,,,,,,,,,,,,,,,,,,,,,,,,,,,,,,,,,,,,,,,,,1,
0,11,15,65340490772,1539350614,1,1,"(0.525863528251648, 0.43134936690330505)","(0.4868714213371277, 0.5551539659500122)",1,1,2.8292694091796875,2.5656890869140625,"(-54.701900482177734, -23.631093978881836, 653.843505859375)","(9.931208610534668, -25.29084587097168, 659.20703125)","(9.233372688293457, 121.67607116699219, 33.64471435546875)","(-4.278791904449463, 98.99861907958984, 25.39079475402832)",POINT (0.5063674747943878 0.4932516664266586),,,,,,,,,,,,,,,,,,,,,,,,,,,,,,,,,,,,,,,,,,,,,,,,1,
0,11,15,65340507440,1539367281,1,1,"(0.5292292833328247, 0.42349115014076233)","(0.48868364095687866, 0.3203612267971039)",1,1,2.803802490234375,2.1993560791015625,"(-54.66650390625, -23.646408081054688, 653.8021850585938)","(9.954229354858398, -25.297826766967773, 659.1703491210938)","(10.399734497070312, 123.115478515625, 34.168601989746094)","(-3.650808572769165, 142.00592041015625, 41.04414749145508)",POINT (0.5089564621448517 0.3719261884689331),,,,,,,,,,,,,,,,,,,,,,,,,,,,,,,,,,,,,,,,,,,,,,,,1,
0,11,15,65340524107,1539383948,1,1,"(0.5330485701560974, 0.4784858822822571)","(0.4969480335712433, 0.44801703095436096)",1,1,2.7819366455078125,2.3979644775390625,"(-54.61615753173828, -23.64734649658203, 653.7864990234375)","(9.988014221191406, -25.30278778076172, 659.2293701171875)","(11.723250389099121, 113.0420150756836, 30.502174377441406)","(-0.7868800163269043, 118.6230239868164, 32.53350067138672)",POINT (0.5149983018636703 0.463251456618309),,,,,,,,,,,,,,,,,,,,,,,,,,,,,,,,,,,,,,,,,,,,,,,,1,
0,11,15,65340540775,1539400615,1,1,"(0.5816262364387512, 0.4507729113101959)","(0.5481405854225159, 0.49992966651916504)",1,1,2.7390594482421875,2.491485595703125,"(-54.48760986328125, -23.668338775634766, 653.93994140625)","(10.123687744140625, -25.30949592590332, 659.1296997070312)","(28.55718994140625, 118.11823272705078, 32.349761962890625)","(16.953208923339844, 109.11412811279297, 29.072521209716797)",POINT (0.5648834109306335 0.4753512889146805),,,,,,,,,,,,,,,,,,,,,,,,,,,,,,,,,,,,,,,,,,,,,,,,1,
0,11,15,65340557441,1539417281,1,1,"(0.5676530003547668, 0.45493224263191223)","(0.5339186787605286, 0.5308191776275635)",1,1,2.758270263671875,2.5508575439453125,"(-54.443389892578125, -23.657943725585938, 653.8516845703125)","(10.146522521972656, -25.31011962890625, 659.2012939453125)","(23.714962005615234, 117.35635375976562, 32.07245635986328)","(12.024788856506348, 103.4560546875, 27.013151168823242)",POINT (0.5507858395576477 0.4928757101297378),,,,,,,,,,,,,,,,,,,,,,,,,,,,,,,,,,,,,,,,,,,,,,,,1,
0,11,15,65340574108,1539433948,1,1,"(0.5709510445594788, 0.4605132043361664)","(0.5484794974327087, 0.4587651491165161)",1,1,2.7848052978515625,2.4478302001953125,"(-54.45033264160156, -23.66494369506836, 653.9102172851562)","(10.151031494140625, -25.315156936645508, 659.3212890625)","(24.857868194580078, 116.3341064453125, 31.700336456298828)","(17.070642471313477, 116.65425872802734, 31.816959381103516)",POINT (0.5597152709960938 0.4596391767263412),,,,,,,,,,,,,,,,,,,,,,,,,,,,,,,,,,,,,,,,,,,,,,,,1,
0,11,15,65340590776,1539450615,1,1,"(0.5746799111366272, 0.4593392610549927)","(0.5457813739776611, 0.4652511477470398)",1,1,2.7898406982421875,2.468475341796875,"(-54.429962158203125, -23.65435028076172, 653.7341918945312)","(10.161247253417969, -25.31270408630371, 659.188720703125)","(26.150047302246094, 116.54913330078125, 31.77863121032715)","(16.135643005371094, 115.46623992919922, 31.384477615356445)",POINT (0.5602306425571442 0.4622952044010162),,,,,,,,,,,,,,,,,,,,,,,,,,,,,,,,,,,,,,,,,,,,,,,,1,
0,11,15,65340607442,1539467281,1,1,"(0.5698444247245789, 0.462150901556015)","(0.5411337018013, 0.4953305125236511)",1,1,2.8317413330078125,2.54693603515625,"(-54.42845153808594, -23.658123016357422, 653.6865844726562)","(10.16586685180664, -25.3177433013916, 659.2367553710938)","(24.474382400512695, 116.03410339355469, 31.59124183654785)","(14.52507209777832, 109.95655822753906, 29.379159927368164)",POINT (0.5554890632629395 0.4787407070398331),,,,,,,,,,,,,,,,,,,,,,,,,,,,,,,,,,,,,,,,,,,,,,,,1,
0,11,15,65340624116,1539483954,1,1,"(0.5693770051002502, 0.44779545068740845)","(0.5409576892852783, 0.41224735975265503)",1,1,2.7991485595703125,2.4610595703125,"(-54.42665481567383, -23.645925521850586, 653.6273803710938)","(10.165569305419922, -25.314027786254883, 659.2127075195312)","(24.312400817871094, 118.66361999511719, 32.548248291015625)","(14.464076042175293, 125.17501831054688, 34.91819381713867)",POINT (0.5551673471927643 0.4300214052200317),,,,,,,,,,,,,,,,,,,,,,,,,,,,,,,,,,,,,,,,,,,,,,,,1,
0,11,15,65340640782,1539500620,1,1,"(0.5669476985931396, 0.46645084023475647)","(0.5397171378135681, 0.47757306694984436)",1,1,2.8676910400390625,2.5496826171875,"(-54.41825866699219, -23.65248680114746, 653.5210571289062)","(10.163612365722656, -25.31424331665039, 659.0927734375)","(23.47054672241211, 115.2464828491211, 31.304529190063477)","(14.034168243408203, 113.20921325683594, 30.5629940032959)",POINT (0.5533324182033539 0.4720119535923004),,,,,,,,,,,,,,,,,,,,,,,,,,,,,,,,,,,,,,,,,,,,,,,,1,
0,11,15,65340657450,1539517287,1,1,"(0.5653800368309021, 0.45433712005615234)","(0.535044252872467, 0.4839213788509369)",1,1,2.865325927734375,2.585556030273437,"(-54.43581771850586, -23.651397705078125, 653.6011962890625)","(10.15915298461914, -25.31036949157715, 659.1046142578125)","(22.92729377746582, 117.46537017822266, 32.11212158203125)","(12.414824485778809, 112.04638671875, 30.139795303344727)",POINT (0.5502121448516846 0.4691292494535446),,,,,,,,,,,,,,,,,,,,,,,,,,,,,,,,,,,,,,,,,,,,,,,,1,
0,11,15,65340674116,1539533953,1,1,"(0.5646567940711975, 0.44937628507614136)","(0.5353309512138367, 0.42309486865997314)",1,1,2.849334716796875,2.512847900390625,"(-54.44660949707031, -23.65325355529785, 653.5758666992188)","(10.145550727844238, -25.310115814208984, 659.093017578125)","(22.676668167114258, 118.37406921386719, 32.44284439086914)","(12.514193534851074, 123.18805694580078, 34.19501495361328)",POINT (0.5499938726425171 0.4362355768680572),,,,,,,,,,,,,,,,,,,,,,,,,,,,,,,,,,,,,,,,,,,,,,,,1,
0,11,15,65340690785,1539550621,1,1,"(0.5635511875152588, 0.4532093107700348)","(0.5360816717147827, 0.29688209295272827)",1,1,2.8616485595703125,2.337158203125,"(-54.483604431152344, -23.661319732666016, 653.66552734375)","(10.137046813964844, -25.3154296875, 659.2614135742188)","(22.293535232543945, 117.6719741821289, 32.187313079833984)","(12.774331092834473, 146.30661010742188, 42.60951232910156)",POINT (0.5498164296150208 0.3750457018613815),,,,,,,,,,,,,,,,,,,,,,,,,,,,,,,,,,,,,,,,,,,,,,,,1,
0,11,15,65340707451,1539567287,1,1,"(0.56166011095047, 0.46205228567123413)","(0.5333092212677002, 0.47441232204437256)",1,1,2.883651733398437,2.605087280273437,"(-54.51282501220703, -23.666351318359375, 653.6724853515625)","(10.099435806274414, -25.314762115478516, 659.05859375)","(21.638212203979492, 116.05220031738281, 31.59773063659668)","(11.813590049743652, 113.78817749023438, 30.77373504638672)",POINT (0.5474846661090851 0.4682323038578033),,,,,,,,,,,,,,,,,,,,,,,,,,,,,,,,,,,,,,,,,,,,,,,,1,
0,11,15,65340724118,1539583953,1,1,"(0.566927433013916, 0.45822370052337646)","(0.5395271182060242, 0.4790457785129547)",1,1,2.8795318603515625,2.6209716796875,"(-54.55250930786133, -23.669296264648438, 653.6058959960938)","(10.047996520996094, -25.312042236328125, 658.9282836914062)","(23.46352195739746, 116.75347900390625, 31.852985382080078)","(13.968326568603516, 112.93944549560547, 30.46482276916504)",POINT (0.5532272756099701 0.4686347395181656),,,,,,,,,,,,,,,,,,,,,,,,,,,,,,,,,,,,,,,,,,,,,,,,1,
0,11,15,65340740791,1539600626,1,1,"(0.561523973941803, 0.47137507796287537)","(0.5408780574798584, 0.4237920343875885)",1,1,2.8988189697265625,2.541107177734375,"(-54.58045959472656, -23.682579040527344, 653.4578247070312)","(9.999343872070312, -25.316049575805664, 658.8218994140625)","(21.591018676757812, 114.3445053100586, 30.97622299194336)","(14.436461448669434, 123.06036376953125, 34.14852523803711)",POINT (0.5512010157108307 0.4475835561752319),,,,,,,,,,,,,,,,,,,,,,,,,,,,,,,,,,,,,,,,,,,,,,,,1,
0,11,15,65340757459,1539617293,1,1,"(0.5621869564056396, 0.46801522374153137)","(0.5348945260047913, 0.42093971371650696)",1,1,2.907211303710937,2.530868530273437,"(-54.607967376708984, -23.70000648498535, 653.3456420898438)","(9.981399536132812, -25.32805824279785, 659.0983276367188)","(21.82080078125, 114.95992279052734, 31.20026206970215)","(12.362948417663574, 123.58282470703125, 34.33869934082031)",POINT (0.5485407412052155 0.4444774687290192),,,,,,,,,,,,,,,,,,,,,,,,,,,,,,,,,,,,,,,,,,,,,,,,1,
0,11,15,65340774125,1539633959,1,1,"(0.5633301138877869, 0.4702035188674927)","(0.5424683690071106, 0.3122212886810303)",1,1,2.9115447998046875,2.3371124267578125,"(-54.64387893676758, -23.711688995361328, 653.459228515625)","(9.942687034606934, -25.33412742614746, 659.2434692382812)","(22.216909408569336, 114.5591049194336, 31.05434226989746)","(14.98757553100586, 143.4969024658203, 41.586822509765625)",POINT (0.5528992414474487 0.3912124037742615),,,,,,,,,,,,,,,,,,,,,,,,,,,,,,,,,,,,,,,,,,,,,,,,1,
0,11,15,65340790794,1539650627,1,1,"(0.5721105933189392, 0.46025320887565613)","(0.5458068251609802, 0.5052536725997925)",1,1,2.87310791015625,2.6233367919921875,"(-54.67395782470703, -23.727108001708984, 653.5848999023438)","(9.916683197021484, -25.34468650817871, 659.1961059570312)","(25.25969696044922, 116.3817138671875, 31.71771240234375)","(16.14445686340332, 108.13890838623047, 28.717605590820312)",POINT (0.5589587092399597 0.4827534407377243),,,,,,,,,,,,,,,,,,,,,,,,,,,,,,,,,,,,,,,,,,,,,,,,1,
0,11,15,65340807460,1539667293,1,1,"(0.5651636719703674, 0.4471626877784729)","(0.5345537662506104, 0.5008297562599182)",1,1,2.85894775390625,2.6351776123046875,"(-54.70537185668945, -23.751245498657227, 653.6163330078125)","(9.890697479248047, -25.352041244506836, 659.0402221679688)","(22.852319717407227, 118.77953338623047, 32.5904426574707)","(12.244868278503418, 108.94925689697266, 29.012502670288086)",POINT (0.5498587191104889 0.4739962220191956),,,,,,,,,,,,,,,,,,,,,,,,,,,,,,,,,,,,,,,,,,,,,,,,1,
0,11,15,65340824127,1539683959,1,1,"(0.4468498229980469, 0.48476511240005493)","(0.41794195771217346, 0.5275837182998657)",1,1,2.8717041015625,2.607284545898437,"(-54.96891784667969, -23.851638793945312, 653.763671875)","(9.595778465270996, -25.456750869750977, 659.0369873046875)","(-18.147750854492188, 111.891845703125, 30.083520889282227)","(-28.165386199951172, 104.04871368408203, 27.228837966918945)",POINT (0.4323958903551102 0.5061744153499603),,,,,,,,,,,,,,,,,,,,,,,,,,,,,,,,,,,,,,,,,,,,,,,,1,
0,11,15,65340840794,1539700626,1,1,"(0.4752410054206848, 0.4978817105293274)","(0.43820062279701233, 0.5442439913749695)",1,1,2.848251342773437,2.6590118408203125,"(-55.04376220703125, -23.889575958251953, 653.7269287109375)","(9.480646133422852, -25.465892791748047, 659.0400390625)","(-8.309171676635742, 109.48926544189453, 29.20905876159668)","(-21.14501953125, 100.9970474243164, 26.11809539794922)",POINT (0.4567208141088486 0.5210628509521484),,,,,,,,,,,,,,,,,,,,,,,,,,,,,,,,,,,,,,,,,,,,,,,,1,
0,11,15,65340857461,1539717293,1,1,"(0.4556024968624115, 0.50050950050354)","(0.41736581921577454, 0.5233744978904724)",1,1,2.823226928710937,2.612518310546875,"(-55.01122283935547, -23.89244270324707, 653.7208251953125)","(9.533227920532227, -25.492660522460938, 659.1213989257812)","(-15.114636421203613, 109.0079116821289, 29.033864974975586)","(-28.365034103393555, 104.8197021484375, 27.509475708007812)",POINT (0.436484158039093 0.5119419991970062),,,,,,,,,,,,,,,,,,,,,,,,,,,,,,,,,,,,,,,,,,,,,,,,1,
0,11,15,65340874133,1539733965,1,1,"(0.4567573666572571, 0.49592193961143494)","(0.41833624243736267, 0.5378013849258423)",1,1,2.818939208984375,2.6212615966796875,"(-55.00743865966797, -23.891998291015625, 653.769287109375)","(9.547633171081543, -25.49740219116211, 659.04931640625)","(-14.714432716369629, 109.84822082519531, 29.339725494384766)","(-28.028759002685547, 102.1771240234375, 26.54766273498535)",POINT (0.4375468045473099 0.5168616622686386),,,,,,,,,,,,,,,,,,,,,,,,,,,,,,,,,,,,,,,,,,,,,,,,1,
0,11,15,65340890800,1539750631,1,1,"(0.4481087923049927, 0.5022026300430298)","(0.41758793592453003, 0.5365211367607117)",1,1,2.82037353515625,2.602691650390625,"(-54.995994567871094, -23.901689529418945, 653.890869140625)","(9.571918487548828, -25.505197525024414, 658.89306640625)","(-17.71147346496582, 108.6977767944336, 28.921003341674805)","(-28.288070678710938, 102.41162109375, 26.63300132751465)",POINT (0.4328483641147614 0.5193618834018707),,,,,,,,,,,,,,,,,,,,,,,,,,,,,,,,,,,,,,,,,,,,,,,,1,
0,11,15,65340907467,1539767298,1,1,"(0.4563453197479248, 0.5085641145706177)","(0.41017407178878784, 0.5045061707496643)",1,1,2.8582000732421875,2.525177001953125,"(-54.98197937011719, -23.909286499023438, 654.025146484375)","(9.605978012084961, -25.510753631591797, 658.7009887695312)","(-14.85722541809082, 107.53253936767578, 28.49687957763672)","(-30.85724449157715, 108.27584838867188, 28.767404556274414)",POINT (0.4332596957683563 0.506535142660141),,,,,,,,,,,,,,,,,,,,,,,,,,,,,,,,,,,,,,,,,,,,,,,,1,
0,11,15,65340924134,1539783964,1,1,"(0.4619051218032837, 0.5099159479141235)","(0.4082504212856293, 0.533206045627594)",1,1,2.83624267578125,2.5677032470703125,"(-54.96630096435547, -23.915748596191406, 654.087646484375)","(9.62973690032959, -25.512290954589844, 658.7481689453125)","(-12.93055248260498, 107.28492736816406, 28.40675163269043)","(-31.52387046813965, 103.01885223388672, 26.854028701782227)",POINT (0.4350777715444565 0.5215609967708588),,,,,,,,,,,,,,,,,,,,,,,,,,,,,,,,,,,,,,,,,,,,,,,,1,
0,11,15,65340940801,1539800631,1,1,"(0.4561997354030609, 0.5029268264770508)","(0.4108254313468933, 0.5421344637870789)",1,1,2.8143768310546875,2.5697784423828125,"(-54.94310760498047, -23.921920776367188, 654.0196533203125)","(9.651023864746094, -25.52084732055664, 659.023681640625)","(-14.907665252685547, 108.56515502929688, 28.87266731262207)","(-30.631515502929688, 101.38340759277344, 26.258819580078125)",POINT (0.4335125833749771 0.5225306451320648),,,,,,,,,,,,,,,,,,,,,,,,,,,,,,,,,,,,,,,,,,,,,,,,1,
0,11,15,65340957469,1539817298,1,1,"(0.45910415053367615, 0.49808624386787415)","(0.4095931053161621, 0.5303794741630554)",1,1,2.8240966796875,2.5556640625,"(-54.930694580078125, -23.918807983398438, 654.0218505859375)","(9.670570373535156, -25.521379470825195, 659.239013671875)","(-13.901179313659668, 109.45178985595703, 29.195430755615234)","(-31.05857276916504, 103.53661346435547, 27.04242515563965)",POINT (0.4343486279249191 0.5142328590154648),,,,,,,,,,,,,,,,,,,,,,,,,,,,,,,,,,,,,,,,,,,,,,,,1,
0,11,15,65340974135,1539833964,1,1,"(0.45408594608306885, 0.49719002842903137)","(0.4081914722919464, 0.5303019285202026)",1,1,2.823883056640625,2.5891265869140625,"(-54.94334030151367, -23.90207290649414, 654.1514892578125)","(9.673892974853516, -25.508296966552734, 659.251220703125)","(-15.640178680419922, 109.61595916748047, 29.255165100097656)","(-31.544288635253906, 103.5508041381836, 27.047622680664062)",POINT (0.4311387091875076 0.513745978474617),,,,,,,,,,,,,,,,,,,,,,,,,,,,,,,,,,,,,,,,,,,,,,,,1,
0,11,15,65340990803,1539850631,1,1,"(0.4551100432872772, 0.48201411962509155)","(0.4153386950492859, 0.5052992701530457)",1,1,2.822540283203125,2.515045166015625,"(-54.94268035888672, -23.88410186767578, 654.1273193359375)","(9.664722442626953, -25.46464729309082, 659.1195068359375)","(-15.285286903381348, 112.395751953125, 30.266910552978516)","(-29.067508697509766, 108.13056945800781, 28.714548110961914)",POINT (0.4352243691682816 0.4936566948890686),,,,,,,,,,,,,,,,,,,,,,,,,,,,,,,,,,,,,,,,,,,,,,,,1,
0,11,15,65341007473,1539867301,1,1,"(0.4515029191970825, 0.4871823489665985)","(0.4188804030418396, 0.5233153104782104)",1,1,2.79498291015625,2.5501251220703125,"(-54.949432373046875, -23.854379653930664, 653.9703979492188)","(9.652929306030273, -25.40408706665039, 659.227783203125)","(-16.53529167175293, 111.44905853271484, 29.922399520874023)","(-27.840185165405273, 104.83055114746094, 27.51342010498047)",POINT (0.4351916611194611 0.5052488297224045),,,,,,,,,,,,,,,,,,,,,,,,,,,,,,,,,,,,,,,,,,,,,,,,1,
0,11,15,65341024140,1539883967,1,1,"(0.4544420540332794, 0.4731298089027405)","(0.41649261116981506, 0.5520289540290833)",1,1,2.759979248046875,2.5598297119140625,"(-54.953304290771484, -23.800315856933594, 653.8378295898438)","(9.65011978149414, -25.339263916015625, 659.1666259765625)","(-15.516761779785156, 114.02308654785156, 30.859277725219727)","(-28.667634963989258, 99.57105255126953, 25.599098205566406)",POINT (0.4354673326015472 0.5125793814659119),,,,,,,,,,,,,,,,,,,,,,,,,,,,,,,,,,,,,,,,,,,,,,,,1,
0,11,15,65341040807,1539900634,1,1,"(0.451505571603775, 0.4870174527168274)","(0.41651108860969543, 0.5338630080223083)",1,1,2.782623291015625,2.5451812744140625,"(-54.99034118652344, -23.78221893310547, 653.9751586914062)","(9.621267318725586, -25.30945587158203, 658.8323974609375)","(-16.534360885620117, 111.4792709350586, 29.933385848999023)","(-28.661239624023438, 102.89852142333984, 26.81023406982422)",POINT (0.4340083301067352 0.5104402303695679),,,,,,,,,,,,,,,,,,,,,,,,,,,,,,,,,,,,,,,,,,,,,,,,1,
0,11,15,65341057475,1539917301,1,1,"(0.462484210729599, 0.5000620484352112)","(0.4122909903526306, 0.5130224823951721)",1,1,2.8204803466796875,2.49676513671875,"(-55.011016845703125, -23.768112182617188, 653.9954833984375)","(9.61147403717041, -25.296268463134766, 658.7245483398438)","(-12.729873657226562, 109.08988952636719, 29.063688278198242)","(-30.1236515045166, 106.71591186523438, 28.19964599609375)",POINT (0.4373876005411148 0.5065422654151917),,,,,,,,,,,,,,,,,,,,,,,,,,,,,,,,,,,,,,,,,,,,,,,,1,
0,11,15,65341074141,1539933967,1,1,"(0.45587465167045593, 0.4906880855560303)","(0.415057510137558, 0.5318498611450195)",1,1,2.7744903564453125,2.562774658203125,"(-55.02352523803711, -23.750621795654297, 653.8853759765625)","(9.597906112670898, -25.287904739379883, 658.677001953125)","(-15.020325660705566, 110.80691528320312, 29.68866729736328)","(-29.16495704650879, 103.26727294921875, 26.944440841674805)",POINT (0.435466080904007 0.5112689733505249),,,,,,,,,,,,,,,,,,,,,,,,,,,,,,,,,,,,,,,,,,,,,,,,1,
0,11,15,65341090809,1539950634,1,1,"(0.4561212360858917, 0.4916945695877075)","(0.4133395552635193, 0.5229451656341553)",1,1,2.793426513671875,2.509628295898437,"(-55.043975830078125, -23.76447868347168, 653.8221435546875)","(9.575060844421387, -25.290664672851562, 658.66552734375)","(-14.934867858886719, 110.62255859375, 29.621543884277344)","(-29.76028823852539, 104.8983383178711, 27.538114547729492)",POINT (0.4347303956747055 0.5073198676109314),,,,,,,,,,,,,,,,,,,,,,,,,,,,,,,,,,,,,,,,,,,,,,,,1,
0,11,15,65341107475,1539967300,1,1,"(0.4865995943546295, 0.4893795847892761)","(0.45387962460517883, 0.5642165541648865)",1,1,2.80511474609375,2.555206298828125,"(-54.96449279785156, -23.825294494628906, 653.7044067382812)","(9.634742736816406, -25.303932189941406, 658.7838745117188)","(-4.37299919128418, 111.0466079711914, 29.775859832763672)","(-15.711664199829102, 97.338623046875, 24.786563873291016)",POINT (0.4702396094799042 0.5267980694770813),,,,,,,,,,,,,,,,,,,,,,,,,,,,,,,,,,,,,,,,,,,,,,,,1,
0,11,15,65341124144,1539983968,1,1,"(0.474414587020874, 0.49554941058158875)","(0.4377121329307556, 0.5661724805831909)",1,1,2.8164215087890625,2.5716705322265625,"(-54.95802688598633, -23.859458923339844, 653.5859375)","(9.639918327331543, -25.34626007080078, 658.7717895507812)","(-8.595551490783691, 109.91645812988281, 29.364551544189453)","(-21.314292907714844, 96.9803466796875, 24.656221389770508)",POINT (0.4560633599758148 0.5308609455823898),,,,,,,,,,,,,,,,,,,,,,,,,,,,,,,,,,,,,,,,,,,,,,,,1,
0,11,15,65341140814,1540000638,1,1,"(0.4833315908908844, 0.49614793062210083)","(0.43774303793907166, 0.556208074092865)",1,1,2.7928466796875,2.577011108398437,"(-54.968833923339844, -23.88408660888672, 653.5242309570312)","(9.644688606262207, -25.41877555847168, 658.8803100585938)","(-5.5054826736450195, 109.80682373046875, 29.32464599609375)","(-21.303590774536133, 98.80553436279297, 25.32052230834961)",POINT (0.460537314414978 0.5261780023574829),,,,,,,,,,,,,,,,,,,,,,,,,,,,,,,,,,,,,,,,,,,,,,,,1,
0,11,15,65341157481,1540017304,1,1,"(0.47932493686676025, 0.5047499537467957)","(0.4394821226596832, 0.5334489941596985)",1,1,2.8019256591796875,2.56146240234375,"(-54.95782470703125, -23.95210838317871, 653.657958984375)","(9.650846481323242, -25.498977661132812, 658.8916625976562)","(-6.893937587738037, 108.23118591308594, 28.751176834106445)","(-20.700937271118164, 102.97435760498047, 26.837825775146484)",POINT (0.4594035297632217 0.5190994739532471),,,,,,,,,,,,,,,,,,,,,,,,,,,,,,,,,,,,,,,,,,,,,,,,1,
0,11,15,65341174148,1540033971,1,1,"(0.4799612760543823, 0.500058650970459)","(0.4427834451198578, 0.5231059789657593)",1,1,2.79315185546875,2.5208282470703125,"(-54.92930603027344, -24.00481414794922, 653.5909423828125)","(9.684816360473633, -25.524436950683594, 659.2263793945312)","(-6.67342472076416, 109.09049987792969, 29.063922882080078)","(-19.556901931762695, 104.86891174316406, 27.527362823486328)",POINT (0.4613723605871201 0.5115823149681091),,,,,,,,,,,,,,,,,,,,,,,,,,,,,,,,,,,,,,,,,,,,,,,,1,
0,11,15,65341190816,1540050638,1,1,"(0.4831504821777344, 0.49011096358299255)","(0.4471254050731659, 0.5650933980941772)",1,1,2.79547119140625,2.5865631103515625,"(-54.904998779296875, -24.051870346069336, 653.5958251953125)","(9.724569320678711, -25.55206298828125, 659.1177978515625)","(-5.568251609802246, 110.91263580322266, 29.727123260498047)","(-18.05225372314453, 97.17800903320312, 24.728103637695312)",POINT (0.4651379436254501 0.5276021808385849),,,,,,,,,,,,,,,,,,,,,,,,,,,,,,,,,,,,,,,,,,,,,,,,1,
0,11,15,65341207483,1540067305,1,1,"(0.48037824034690857, 0.4897502660751343)","(0.44092798233032227, 0.5900502800941467)",1,1,2.8125152587890625,2.5897369384765625,"(-54.83784103393555, -24.078685760498047, 653.6307983398438)","(9.771854400634766, -25.571372985839844, 658.78125)","(-6.528925895690918, 110.97870635986328, 29.75116539001465)","(-20.199880599975586, 92.60661315917969, 23.064292907714844)",POINT (0.4606531113386154 0.5399002730846405),,,,,,,,,,,,,,,,,,,,,,,,,,,,,,,,,,,,,,,,,,,,,,,,1,
0,11,15,65341224150,1540083971,1,1,"(0.47166386246681213, 0.4907951354980469)","(0.43484926223754883, 0.5790231227874756)",1,1,2.8252716064453125,2.6033172607421875,"(-54.76317596435547, -24.072526931762695, 653.5238037109375)","(9.83166790008545, -25.609405517578125, 658.8753051757812)","(-9.548784255981445, 110.78731536865234, 29.68152618408203)","(-22.306381225585938, 94.62648010253906, 23.799428939819336)",POINT (0.4532565623521805 0.5349091291427612),,,,,,,,,,,,,,,,,,,,,,,,,,,,,,,,,,,,,,,,,,,,,,,,1,
0,11,15,65341240816,1540100638,1,1,"(0.48054516315460205, 0.48831093311309814)","(0.4367828667163849, 0.5590089559555054)",1,1,2.796249389648437,2.55828857421875,"(-54.73076629638672, -24.072668075561523, 653.7557373046875)","(9.881439208984375, -25.640235900878906, 658.9456176757812)","(-6.471086025238037, 111.24234771728516, 29.84712028503418)","(-21.63632583618164, 98.2925033569336, 25.133756637573242)",POINT (0.4586640149354935 0.5236599445343018),,,,,,,,,,,,,,,,,,,,,,,,,,,,,,,,,,,,,,,,,,,,,,,,1,
0,11,15,65341257483,1540117304,1,1,"(0.4704832136631012, 0.4969557225704193)","(0.44381067156791687, 0.5428541302680969)",1,1,2.810394287109375,2.542449951171875,"(-54.66950988769531, -24.074295043945312, 653.802978515625)","(9.940217018127441, -25.668594360351562, 659.0753173828125)","(-9.95792293548584, 109.65886688232422, 29.270790100097656)","(-19.20093536376953, 101.25160217285156, 26.210784912109375)",POINT (0.457146942615509 0.5199049264192581),,,,,,,,,,,,,,,,,,,,,,,,,,,,,,,,,,,,,,,,,,,,,,,,1,
0,11,15,65341274155,1540133976,1,1,"(0.4950786232948303, 0.48895955085754395)","(0.4623812735080719, 0.5629145503044128)",1,1,2.803741455078125,2.5833740234375,"(-54.52565002441406, -24.012712478637695, 653.7550659179688)","(10.083412170410156, -25.636051177978516, 659.11962890625)","(-1.43471097946167, 111.12354278564453, 29.803874969482422)","(-12.765544891357422, 97.57709503173828, 24.873416900634766)",POINT (0.4787299484014511 0.5259370505809784),,,,,,,,,,,,,,,,,,,,,,,,,,,,,,,,,,,,,,,,,,,,,,,,1,
0,11,15,65341290823,1540150643,1,1,"(0.5970388054847717, 0.1851700246334076)","(0.6202940940856934, 0.3131154179573059)",1,1,2.53466796875,2.4152374267578125,"(-54.14728546142578, -23.706432342529297, 654.0811157226562)","(10.418083190917969, -25.35934066772461, 659.5059204101562)","(33.89823532104492, 166.76905822753906, 50.057186126708984)","(41.957008361816406, 143.33311462402344, 41.52724838256836)",POINT (0.6086664497852325 0.2491427212953568),,,,,,,,,,,,,,,,,,,,,,,,,,,,,,,,,,,,,,,,,,,,,,,1,1,
0,11,15,65341307481,1540167301,1,1,"(0.6727582812309265, 0.13601362705230713)","(0.6855968236923218, 0.26022854447364807)",1,1,2.6463775634765625,2.4400177001953125,"(-53.749977111816406, -23.406841278076172, 654.4217529296875)","(10.694633483886719, -25.110122680664062, 659.6286010742188)","(60.13778305053711, 175.77308654785156, 53.33441925048828)","(64.58679962158203, 153.02047729492188, 45.05315017700195)",POINT (0.6791775524616241 0.1981210857629776),,,,,,,,,,,,,,,,,,,,,,,,,,,,,,,,,,,,,,,,,,,,,,,,,
0,11,15,65341324157,1540183976,1,1,"(0.7123520374298096, 0.5503207445144653)","(0.7408771514892578, 0.31532928347587585)",1,1,2.734375,2.3936767578125,"(-53.536094665527344, -23.191911697387695, 654.39697265625)","(10.822691917419434, -24.916976928710938, 660.0452880859375)","(73.85847473144531, 99.8839340209961, 25.712974548339844)","(83.74344635009766, 142.92762756347656, 41.379608154296875)",POINT (0.7266145944595337 0.4328250139951706),,,,,,,,,,,,,,,,,,,,,,,,,,,,,,,,,,,,,,,,,,,,,,,,,
0,11,15,65341340824,1540200643,1,1,"(0.6561452746391296, 0.9036028385162354)","(0.7165399789810181, 0.29241231083869934)",1,1,3.10614013671875,2.38409423828125,"(-53.565101623535156, -23.193805694580078, 654.380126953125)","(10.81903076171875, -24.91269302368164, 660.1055908203125)","(54.38079833984375, 35.172794342041016, 2.160072088241577)","(75.30973815917969, 147.1253662109375, 42.90747833251953)",POINT (0.6863426268100739 0.5980075746774673),,,,,,,,,,,,,,,,,,,,,,,,,,,,,,,,,,,,,,,,,,,,,,,,1,
0,11,15,65341357484,1540217302,1,1,"(0.6947991847991943, 0.34294065833091736)","(0.6789358854293823, 0.16051729023456573)",1,1,2.716461181640625,2.5142364501953125,"(-53.59914779663086, -23.29782485961914, 654.194580078125)","(10.833568572998047, -25.049880981445312, 659.8524169921875)","(67.77576446533203, 137.87001037597656, 39.53877258300781)","(62.278564453125, 171.28472900390625, 51.700767517089844)",POINT (0.6868675351142883 0.2517289742827416),,,,,,,,,,,,,,,,,,,,,,,,,,,,,,,,,,,,,,,,,,,,,,,1,1,
0,11,15,65341374149,1540233967,1,1,"(0.6938189268112183, 0.11185342818498611)","(0.6906428337097168, 0.20056837797164917)",1,1,2.698699951171875,2.51434326171875,"(-53.60691452026367, -23.418588638305664, 654.122314453125)","(10.842279434204102, -25.106853485107422, 659.8883056640625)","(67.43607330322266, 180.1985626220703, 54.94511795043945)","(66.33544158935547, 163.94850158691406, 49.03062438964844)",POINT (0.6922308802604675 0.1562109030783176),,,,,,,,,,,,,,,,,,,,,,,,,,,,,,,,,,,,,,,,,,,,,,,1,,
0,11,15,65341390826,1540250643,1,1,"(0.7031334638595581, 0.11037679016590118)","(0.6816307306289673, 0.20176926255226135)",1,1,2.701141357421875,2.478622436523437,"(-53.62681579589844, -23.455347061157227, 654.071044921875)","(10.840987205505371, -25.119792938232422, 659.7802734375)","(70.66390991210938, 180.4690399169922, 55.043556213378906)","(63.21242904663086, 163.72854614257812, 48.95054244995117)",POINT (0.6923820972442627 0.1560730263590813),,,,,,,,,,,,,,,,,,,,,,,,,,,,,,,,,,,,,,,,,,,,,,,1,,
0,11,15,65341407496,1540267313,1,1,"(0.6915523409843445, 0.113291896879673)","(0.686089038848877, 0.21158865094184875)",1,1,2.7109832763671875,2.45672607421875,"(-53.64018630981445, -23.446725845336914, 654.0089721679688)","(10.85480785369873, -25.11181640625, 659.816162109375)","(66.65060424804688, 179.93505859375, 54.84925079345703)","(64.75738525390625, 161.92994689941406, 48.295875549316406)",POINT (0.6888206899166107 0.1624402739107609),,,,,,,,,,,,,,,,,,,,,,,,,,,,,,,,,,,,,,,,,,,,,,,1,,
0,11,15,65341540840,1540400653,1,1,"(0.6749539375305176, 0.3579360246658325)","(0.6642022132873535, 0.24389015138149261)",1,1,2.6979217529296875,2.3896942138671875,"(-53.80393981933594, -23.421920776367188, 653.6349487304688)","(10.773565292358398, -25.04125213623047, 658.9775390625)","(60.898677825927734, 135.123291015625, 38.53905487060547)","(57.17278289794922, 156.01321411132812, 46.142417907714844)",POINT (0.6695780754089355 0.3009130880236626),,,,,,,,,,,,,,,,,,,,,,,,,,,,,,,,,,,,,,,,,,,,,,,,1,
0,11,15,65341557507,1540417319,1,1,"(0.665596067905426, 0.15628498792648315)","(0.651586651802063, 0.17372380197048187)",1,1,2.742828369140625,2.4685821533203125,"(-53.80840301513672, -23.462112426757812, 653.6102294921875)","(10.772957801818848, -25.087833404541016, 659.1094970703125)","(57.65583038330078, 172.0599822998047, 51.98290252685547)","(52.80103302001953, 168.86569213867188, 50.820289611816406)",POINT (0.6585913598537445 0.1650043949484825),,,,,,,,,,,,,,,,,,,,,,,,,,,,,,,,,,,,,,,,,,,,,,,1,,
0,11,15,65341574174,1540433986,1,1,"(0.6729559898376465, 0.10034196823835373)","(0.6569017767906189, 0.22604039311408997)",1,1,2.707275390625,2.467681884765625,"(-53.80007553100586, -23.524545669555664, 653.3487548828125)","(10.754834175109863, -25.123676300048828, 659.00244140625)","(60.206298828125, 182.30711364746094, 55.71260452270508)","(54.642948150634766, 159.28277587890625, 47.33238983154297)",POINT (0.6649288833141327 0.1631911806762218),,,,,,,,,,,,,,,,,,,,,,,,,,,,,,,,,,,,,,,,,,,,,,,1,,
0,11,15,65341590842,1540450653,1,1,"(0.677344024181366, 0.21264317631721497)","(0.654821515083313, 0.22569820284843445)",1,1,2.7834625244140625,2.4613800048828125,"(-53.80461502075195, -23.573402404785156, 653.24072265625)","(10.748790740966797, -25.175580978393555, 658.918701171875)","(61.726898193359375, 161.7367706298828, 48.22557830810547)","(53.922035217285156, 159.345458984375, 47.3552360534668)",POINT (0.6660827696323395 0.2191706895828247),,,,,,,,,,,,,,,,,,,,,,,,,,,,,,,,,,,,,,,,,,,,,,,,1,
0,11,15,65341607508,1540467319,1,1,"(0.6768479943275452, 0.14965327084064484)","(0.6530422568321228, 0.19753864407539368)",1,1,2.707870483398437,2.4989776611328125,"(-53.789283752441406, -23.639829635620117, 653.1947021484375)","(10.745882034301758, -25.244373321533203, 658.859130859375)","(61.555023193359375, 173.2747039794922, 52.42507553100586)","(53.30546951293945, 164.5034637451172, 49.232643127441406)",POINT (0.664945125579834 0.1735959574580193),,,,,,,,,,,,,,,,,,,,,,,,,,,,,,,,,,,,,,,,,,,,,,,1,,
0,11,15,65341624175,1540483986,1,1,"(0.675205647945404, 0.19211530685424805)","(0.6529031991958618, 0.18859022855758667)",1,1,2.793731689453125,2.4929962158203125,"(-53.80234909057617, -23.664567947387695, 653.336181640625)","(10.74346923828125, -25.272960662841797, 658.8583984375)","(60.985904693603516, 165.4968719482422, 49.59416580200195)","(53.25727462768555, 166.142578125, 49.82917785644531)",POINT (0.6640544235706329 0.1903527677059174),,,,,,,,,,,,,,,,,,,,,,,,,,,,,,,,,,,,,,,,,,,,,,,1,,
0,11,15,65341640842,1540500653,1,1,"(0.6752798557281494, 0.20266272127628326)","(0.6529510021209717, 0.18624897301197052)",1,1,2.809783935546875,2.5215301513671875,"(-53.801326751708984, -23.688884735107422, 653.3014526367188)","(10.741939544677734, -25.30040740966797, 658.8707275390625)","(61.0115966796875, 163.56492614746094, 48.89095687866211)","(53.27383804321289, 166.57142639160156, 49.98525619506836)",POINT (0.6641154289245605 0.1944558471441269),,,,,,,,,,,,,,,,,,,,,,,,,,,,,,,,,,,,,,,,,,,,,,,1,,
0,11,15,65341657515,1540517325,1,1,"(0.6794770359992981, 0.18222486972808838)","(0.6574925780296326, 0.17690062522888184)",1,1,2.80914306640625,2.5080108642578125,"(-53.79759216308594, -23.701171875, 653.3496704101562)","(10.74060344696045, -25.317216873168945, 658.775146484375)","(62.46607971191406, 167.30853271484375, 50.25355529785156)","(54.847660064697266, 168.28378295898438, 50.60847854614258)",POINT (0.6684848070144653 0.1795627474784851),,,,,,,,,,,,,,,,,,,,,,,,,,,,,,,,,,,,,,,,,,,,,,,1,,
0,11,15,65341674181,1540533991,1,1,"(0.6746491193771362, 0.1942913979291916)","(0.6569388508796692, 0.1832057386636734)",1,1,2.807769775390625,2.5132598876953125,"(-53.7830696105957, -23.730575561523438, 653.19677734375)","(10.7339448928833, -25.333370208740234, 658.71533203125)","(60.79302215576172, 165.09829711914062, 49.449073791503906)","(54.65577697753906, 167.1288604736328, 50.18815231323242)",POINT (0.6657939851284027 0.1887485682964325),,,,,,,,,,,,,,,,,,,,,,,,,,,,,,,,,,,,,,,,,,,,,,,1,,
0,11,15,65341690849,1540550658,1,1,"(0.678391695022583, 0.1969122588634491)","(0.653942883014679, 0.17878934741020203)",1,1,2.8353271484375,2.5251617431640625,"(-53.763832092285156, -23.73521614074707, 653.223876953125)","(10.75961685180664, -25.357738494873047, 658.810546875)","(62.0899772644043, 164.6182098388672, 49.27435302734375)","(53.617557525634766, 167.9378204345703, 50.48257827758789)",POINT (0.666167289018631 0.1878508031368256),,,,,,,,,,,,,,,,,,,,,,,,,,,,,,,,,,,,,,,,,,,,,,,1,,
0,11,15,65341707516,1540567325,1,1,"(0.7322157621383667, 0.16064663231372833)","(0.713383138179779, 0.18258032202720642)",1,1,2.808319091796875,2.5475616455078125,"(-53.61817932128906, -23.765838623046875, 653.248779296875)","(10.857852935791016, -25.3939266204834, 658.95166015625)","(80.7419662475586, 171.26104736328125, 51.69215393066406)","(74.21578216552734, 167.243408203125, 50.229854583740234)",POINT (0.7227994501590729 0.1716134771704674),,,,,,,,,,,,,,,,,,,,,,,,,,,,,,,,,,,,,,,,,,,,,,,1,,
0,11,15,65341724183,1540583991,1,1,"(0.7168969511985779, 0.14235754311084747)","(0.6992362141609192, 0.18554450571537018)",1,1,2.801986694335937,2.5688629150390625,"(-53.61115264892578, -23.781864166259766, 653.2136840820312)","(10.84393310546875, -25.421337127685547, 658.8197021484375)","(75.43346405029297, 174.611083984375, 52.911441802978516)","(69.3133544921875, 166.70046997070312, 50.03220748901367)",POINT (0.7080665826797485 0.1639510244131088),,,,,,,,,,,,,,,,,,,,,,,,,,,,,,,,,,,,,,,,,,,,,,,1,,
0,11,15,65341740849,1540600657,1,1,"(0.7313359975814819, 0.10616054385900497)","(0.7067353129386902, 0.1611911952495575)",1,1,2.7932891845703125,2.5623016357421875,"(-53.67235565185547, -23.839370727539062, 653.382568359375)","(10.818817138671875, -25.45675277709961, 658.8682861328125)","(80.4371109008789, 181.2413330078125, 55.324642181396484)","(71.91209411621094, 171.16127014160156, 51.65586853027344)",POINT (0.7190356552600861 0.1336758695542812),,,,,,,,,,,,,,,,,,,,,,,,,,,,,,,,,,,,,,,,,,,,,,,,,
0,11,15,65341757517,1540617324,1,1,"(0.7286792397499084, 0.11930187046527863)","(0.6998633742332458, 0.15737441182136536)",1,1,2.81976318359375,2.5761871337890625,"(-53.690277099609375, -23.86261749267578, 653.3440551757812)","(10.796860694885254, -25.480712890625, 658.809326171875)","(79.51644134521484, 178.83421325683594, 54.44855880737305)","(69.53070831298828, 171.86041259765625, 51.91032409667969)",POINT (0.7142713069915771 0.138338141143322),,,,,,,,,,,,,,,,,,,,,,,,,,,,,,,,,,,,,,,,,,,,,,,,,
0,11,15,65341774184,1540633991,1,1,"(0.7284320592880249, 0.1401038020849228)","(0.703433632850647, 0.15007919073104858)",1,1,2.843658447265625,2.575180053710937,"(-53.69921875, -23.873165130615234, 653.186767578125)","(10.765545845031738, -25.510272979736328, 658.8941650390625)","(79.4307861328125, 175.02389526367188, 53.06169891357422)","(70.76790618896484, 173.19668579101562, 52.39667892456055)",POINT (0.7159328460693359 0.1450914964079857),,,,,,,,,,,,,,,,,,,,,,,,,,,,,,,,,,,,,,,,,,,,,,,1,,
0,11,15,65341790856,1540650662,1,1,"(0.7260515689849854, 0.14576470851898193)","(0.7080143094062805, 0.16461630165576935)",1,1,2.852813720703125,2.59442138671875,"(-53.728919982910156, -23.891111373901367, 653.2189331054688)","(10.718676567077637, -25.510597229003906, 658.59619140625)","(78.6058578491211, 173.98696899414062, 52.6843147277832)","(72.35529327392578, 170.53392028808594, 51.427490234375)",POINT (0.7170329391956329 0.1551905050873756),,,,,,,,,,,,,,,,,,,,,,,,,,,,,,,,,,,,,,,,,,,,,,,1,,
0,11,15,65341807523,1540667329,1,1,"(0.7263861894607544, 0.16202113032341003)","(0.6943327784538269, 0.15877938270568848)",1,1,2.9054107666015625,2.6157379150390625,"(-53.75867462158203, -23.90791893005371, 653.249267578125)","(10.71261978149414, -25.523908615112305, 658.8001098632812)","(78.72183227539062, 171.00927734375, 51.60049057006836)","(67.6141357421875, 171.60304260253906, 51.8166618347168)",POINT (0.7103594839572906 0.1604002565145493),,,,,,,,,,,,,,,,,,,,,,,,,,,,,,,,,,,,,,,,,,,,,,,1,,
0,11,15,65341824190,1540683996,1,1,"(0.7318192720413208, 0.16028562188148499)","(0.6963244080543518, 0.15596023201942444)",1,1,2.9010162353515625,2.615692138671875,"(-53.773277282714844, -23.91550636291504, 653.2826538085938)","(10.696794509887695, -25.52730941772461, 658.824462890625)","(80.60457611083984, 171.32717895507812, 51.71620559692383)","(68.30430603027344, 172.11944580078125, 52.00459289550781)",POINT (0.7140718400478363 0.1581229269504547),,,,,,,,,,,,,,,,,,,,,,,,,,,,,,,,,,,,,,,,,,,,,,,1,,
0,11,15,65341840858,1540700663,1,1,"(0.7251322269439697, 0.128239244222641)","(0.6988024711608887, 0.16875198483467102)",1,1,2.8377685546875,2.5951080322265625,"(-53.80025863647461, -23.919363021850586, 653.3016357421875)","(10.680449485778809, -25.528152465820312, 658.7769165039062)","(78.28728485107422, 177.1971435546875, 53.85271453857422)","(69.1630630493164, 169.7763671875, 51.15176773071289)",POINT (0.7119673490524292 0.148495614528656),,,,,,,,,,,,,,,,,,,,,,,,,,,,,,,,,,,,,,,,,,,,,,,1,,
0,11,15,65341857525,1540717330,1,1,"(0.7303792834281921, 0.13818874955177307)","(0.6955885887145996, 0.16351164877414703)",1,1,2.8574981689453125,2.595794677734375,"(-53.819297790527344, -23.910192489624023, 653.346923828125)","(10.671229362487793, -25.524337768554688, 658.9329223632812)","(80.10557556152344, 175.3746795654297, 53.18938446044922)","(68.0493392944336, 170.7362518310547, 51.501121520996094)",POINT (0.7129839360713959 0.15085019916296),,,,,,,,,,,,,,,,,,,,,,,,,,,,,,,,,,,,,,,,,,,,,,,1,,
0,11,15,65341874192,1540733996,1,1,"(0.7314895987510681, 0.12545865774154663)","(0.6963562965393066, 0.15721534192562103)",1,1,2.82110595703125,2.603240966796875,"(-53.83341979980469, -23.899791717529297, 653.3685913085938)","(10.662132263183594, -25.520198822021484, 658.8971557617188)","(80.4903335571289, 177.70648193359375, 54.038063049316406)","(68.31536865234375, 171.88955688476562, 51.920902252197266)",POINT (0.7139229476451874 0.1413369998335838),,,,,,,,,,,,,,,,,,,,,,,,,,,,,,,,,,,,,,,,,,,,,,,1,,
0,11,15,65341890859,1540750663,1,1,"(0.7287450432777405, 0.13383503258228302)","(0.7026865482330322, 0.15588396787643433)",1,1,2.8468170166015625,2.595443725585937,"(-53.84916687011719, -23.88496208190918, 653.3895874023438)","(10.643924713134766, -25.498695373535156, 658.9452514648438)","(79.53924560546875, 176.17218017578125, 53.479637145996094)","(70.50902557373047, 172.13343811035156, 52.0096549987793)",POINT (0.7157157957553864 0.1448595002293587),,,,,,,,,,,,,,,,,,,,,,,,,,,,,,,,,,,,,,,,,,,,,,,1,,
0,11,15,65341907526,1540767329,1,1,"(0.7244515419006348, 0.1293436735868454)","(0.6977303624153137, 0.16061830520629883)",1,1,2.82080078125,2.5910186767578125,"(-53.87527084350586, -23.87885856628418, 653.2896728515625)","(10.61024284362793, -25.47093963623047, 658.8984375)","(78.05140686035156, 176.9948272705078, 53.77914047241211)","(68.7915267944336, 171.2662353515625, 51.69401168823242)",POINT (0.7110909521579742 0.1449809893965721),,,,,,,,,,,,,,,,,,,,,,,,,,,,,,,,,,,,,,,,,,,,,,,1,,
0,11,15,65341924197,1540784000,1,1,"(0.6855484843254089, 0.09451983124017715)","(0.6632739305496216, 0.1575593799352646)",1,1,2.784423828125,2.5557861328125,"(-53.987709045410156, -23.861186981201172, 653.3902587890625)","(10.477349281311035, -25.410202026367188, 659.11865234375)","(64.57005310058594, 183.3735809326172, 56.10070037841797)","(56.85111618041992, 171.8265380859375, 51.897979736328125)",POINT (0.6744112074375153 0.1260396055877209),,,,,,,,,,,,,,,,,,,,,,,,,,,,,,,,,,,,,,,,,,,,,,,,,
0,11,15,65341940864,1540800666,1,1,"(0.6975880265235901, 0.10320919752120972)","(0.6720135807991028, 0.15198561549186707)",1,1,2.7791290283203125,2.538116455078125,"(-53.98389434814453, -23.871273040771484, 653.3433837890625)","(10.46938419342041, -25.40411376953125, 659.0950927734375)","(68.7421875, 181.78195190429688, 55.521419525146484)","(59.87971115112305, 172.8474884033203, 52.26959228515625)",POINT (0.6848008036613464 0.1275974065065384),,,,,,,,,,,,,,,,,,,,,,,,,,,,,,,,,,,,,,,,,,,,,,,,,
0,11,15,65341957531,1540817333,1,1,"(0.6943969130516052, 0.095143623650074)","(0.6650684475898743, 0.15475672483444214)",1,1,2.757293701171875,2.53814697265625,"(-54.00494384765625, -23.878101348876953, 653.4711303710938)","(10.4629487991333, -25.442123413085938, 659.09521484375)","(67.6363754272461, 183.25930786132812, 56.059146881103516)","(57.47298812866211, 172.3398895263672, 52.08483123779297)",POINT (0.6797326803207397 0.1249501742422581),,,,,,,,,,,,,,,,,,,,,,,,,,,,,,,,,,,,,,,,,,,,,,,,,
0,11,15,65341974199,1540834000,1,1,"(0.6930476427078247, 0.09193350374698639)","(0.6651501655578613, 0.14155213534832)",1,1,2.727447509765625,2.518707275390625,"(-53.99415969848633, -23.89635467529297, 653.4008178710938)","(10.462512016296387, -25.48511505126953, 658.9986572265625)","(67.1688003540039, 183.84732055664062, 56.27314376831055)","(57.501304626464844, 174.75860595703125, 52.96513366699219)",POINT (0.679098904132843 0.1167428195476532),,,,,,,,,,,,,,,,,,,,,,,,,,,,,,,,,,,,,,,,,,,,,,,,,
0,11,15,65341990865,1540850666,1,1,"(0.6873443722724915, 0.07847301661968231)","(0.6716197729110718, 0.1396280974149704)",1,1,2.678680419921875,2.545028686523437,"(-53.98451614379883, -23.91171646118164, 653.3671875)","(10.469827651977539, -25.504112243652344, 658.8671264648438)","(65.19239044189453, 186.31288146972656, 57.17058563232422)","(59.74325180053711, 175.11102294921875, 53.09342575073242)",POINT (0.6794820725917816 0.1090505570173264),,,,,,,,,,,,,,,,,,,,,,,,,,,,,,,,,,,,,,,,,,,,,,,,,
0,11,15,65342007532,1540867333,1,1,"(0.693841278553009, 0.10462909936904907)","(0.6625843048095703, 0.14971230924129486)",1,1,2.7159423828125,2.504058837890625,"(-53.986000061035156, -23.941059112548828, 653.3787841796875)","(10.471978187561035, -25.519603729248047, 658.7356567382812)","(67.44381713867188, 181.52183532714844, 55.42679214477539)","(56.612125396728516, 173.26388549804688, 52.421138763427734)",POINT (0.6782127916812897 0.127170704305172),,,,,,,,,,,,,,,,,,,,,,,,,,,,,,,,,,,,,,,,,,,,,,,,,
0,11,15,65342024200,1540884000,1,1,"(0.6945689916610718, 0.1078362762928009)","(0.6623315811157227, 0.16022604703903198)",1,1,2.7088775634765625,2.510848999023437,"(-53.9753303527832, -23.958072662353516, 653.3089599609375)","(10.488350868225098, -25.53205108642578, 658.9149169921875)","(67.69601440429688, 180.93435668945312, 55.212982177734375)","(56.524539947509766, 171.3380889892578, 51.720149993896484)",POINT (0.6784502863883972 0.1340311616659164),,,,,,,,,,,,,,,,,,,,,,,,,,,,,,,,,,,,,,,,,,,,,,,,,
0,11,15,65342040866,1540900666,1,1,"(0.6920509934425354, 0.09646522998809814)","(0.6681814789772034, 0.16321100294589996)",1,1,2.6761016845703125,2.516708374023437,"(-53.9658317565918, -23.972257614135742, 653.2388916015625)","(10.496733665466309, -25.53494644165039, 658.8667602539062)","(66.82341003417969, 183.01722717285156, 55.971073150634766)","(58.5517463684082, 170.7913360595703, 51.52118682861328)",POINT (0.6801162362098694 0.129838116466999),,,,,,,,,,,,,,,,,,,,,,,,,,,,,,,,,,,,,,,,,,,,,,,,,
0,11,15,65342057539,1540917338,1,1,"(0.6978545188903809, 0.10359912365674973)","(0.6666390895843506, 0.16247636079788208)",1,1,2.696258544921875,2.488311767578125,"(-53.96303176879883, -23.967609405517578, 653.2274169921875)","(10.50654125213623, -25.535036087036133, 658.842529296875)","(68.83453369140625, 181.7105255126953, 55.49540710449219)","(58.017269134521484, 170.92588806152344, 51.57016372680664)",POINT (0.6822468042373657 0.1330377422273159),,,,,,,,,,,,,,,,,,,,,,,,,,,,,,,,,,,,,,,,,,,,,,,,,
0,11,15,65342074205,1540934004,1,1,"(0.6959696412086487, 0.1062377393245697)","(0.6684471964836121, 0.145046666264534)",1,1,2.680908203125,2.507064819335937,"(-53.95928955078125, -23.96698760986328, 653.2279663085938)","(10.513992309570312, -25.532711029052734, 658.71044921875)","(68.1813735961914, 181.22720336914062, 55.31950378417969)","(58.64385986328125, 174.11849975585938, 52.73216247558594)",POINT (0.6822084188461304 0.1256422027945518),,,,,,,,,,,,,,,,,,,,,,,,,,,,,,,,,,,,,,,,,,,,,,,,,
0,11,15,65342090873,1540950671,1,1,"(0.695859968662262, 0.10602036863565445)","(0.6658697724342346, 0.151347815990448)",1,1,2.6768798828125,2.496810913085937,"(-53.959293365478516, -23.954851150512695, 653.2279663085938)","(10.519403457641602, -25.526988983154297, 658.74609375)","(68.14335632324219, 181.26699829101562, 55.33403396606445)","(57.75065231323242, 172.96432495117188, 52.31206512451172)",POINT (0.6808648705482483 0.1286840923130512),,,,,,,,,,,,,,,,,,,,,,,,,,,,,,,,,,,,,,,,,,,,,,,,,
0,11,15,65342107540,1540967338,1,1,"(0.6952648758888245, 0.10494354367256165)","(0.6645830273628235, 0.15064996480941772)",1,1,2.6787567138671875,2.485321044921875,"(-53.96893310546875, -23.944055557250977, 653.2623291015625)","(10.514894485473633, -25.526763916015625, 658.6864013671875)","(67.93714904785156, 181.46424865722656, 55.40580749511719)","(57.30476379394531, 173.0921630859375, 52.35857391357422)",POINT (0.679923951625824 0.1277967542409897),,,,,,,,,,,,,,,,,,,,,,,,,,,,,,,,,,,,,,,,,,,,,,,,,
0,11,15,65342124207,1540984004,1,1,"(0.693315327167511, 0.10997303575277328)","(0.6647298336029053, 0.14778368175029755)",1,1,2.6585693359375,2.489715576171875,"(-53.97617721557617, -23.955764770507812, 653.2491455078125)","(10.507800102233887, -25.53015899658203, 658.6746826171875)","(67.26155853271484, 180.54299926757812, 55.070472717285156)","(57.35565948486328, 173.61715698242188, 52.54972457885742)",POINT (0.6790225803852081 0.1288783587515354),,,,,,,,,,,,,,,,,,,,,,,,,,,,,,,,,,,,,,,,,,,,,,,,,
0,11,15,65342140875,1541000672,1,1,"(0.6903648376464844, 0.11762285977602005)","(0.6602128744125366, 0.15544170141220093)",1,1,2.7137451171875,2.498764038085937,"(-53.98781967163086, -23.96572494506836, 653.2112426757812)","(10.49839973449707, -25.526138305664062, 658.6868286132812)","(66.23912048339844, 179.14178466796875, 54.56045150756836)","(55.79035186767578, 172.2144317626953, 52.039154052734375)",POINT (0.6752888560295105 0.1365322805941105),,,,,,,,,,,,,,,,,,,,,,,,,,,,,,,,,,,,,,,,,,,,,,,,,
0,11,15,65342157542,1541017338,1,1,"(0.569027841091156, 0.32067015767097473)","(0.5674260258674622, 0.29920488595962524)",1,1,2.73077392578125,2.3507080078125,"(-54.281314849853516, -24.269954681396484, 653.3898315429688)","(10.07235336303711, -25.762012481689453, 658.5913696289062)","(24.191387176513672, 141.9493408203125, 41.02351379394531)","(23.636310577392578, 145.88116455078125, 42.45458221435547)",POINT (0.5682269334793091 0.3099375218153),,,,,,,,,,,,,,,,,,,,,,,,,,,,,,,,,,,,,,,,,,,,,,,,1,
0,11,15,65342174209,1541034005,1,1,"(0.5010822415351868, 0.5099605917930603)","(0.4701040983200073, 0.5708709955215454)",1,1,2.726181030273437,2.5367431640625,"(-54.512664794921875, -24.538257598876953, 653.16064453125)","(9.673233032226562, -26.063993453979492, 658.5325317382812)","(0.6457717418670654, 107.2767562866211, 28.403778076171875)","(-10.089285850524902, 96.11970520019531, 24.34294319152832)",POINT (0.485593169927597 0.5404157936573029),,,,,,,,,,,,,,,,,,,,,,,,,,,,,,,,,,,,,,,,,,,,,,,,1,
0,11,15,65342190872,1541050667,1,1,"(0.5011423826217651, 0.6190362572669983)","(0.498150497674942, 0.7024974822998047)",1,1,2.7352294921875,2.519622802734375,"(-54.507225036621094, -24.72115135192871, 653.1031494140625)","(9.66152572631836, -26.176881790161133, 658.699951171875)","(0.6666081547737122, 87.2972183227539, 21.13182258605957)","(-0.37019631266593933, 72.009521484375, 15.567517280578613)",POINT (0.4996464401483536 0.6607668697834015),,,,,,,,,,,,,,,,,,,,,,,,,,,,,,,,,,,,,,,,,,,,,,,,,1
0,11,15,65342207547,1541067342,1,1,"(0.49202024936676025, 0.586272656917572)","(0.46763142943382263, 0.6851704120635986)",1,1,2.704330444335937,2.53155517578125,"(-54.581260681152344, -24.7239933013916, 653.1622924804688)","(9.757585525512695, -26.18511199951172, 658.5897827148438)","(-2.494537591934204, 93.29856872558594, 23.31612777709961)","(-10.946167945861816, 75.18333435058594, 16.722732543945312)",POINT (0.4798258394002914 0.6357215344905853),,,,,,,,,,,,,,,,,,,,,,,,,,,,,,,,,,,,,,,,,,,,,,,,,1
0,11,15,65342224213,1541084008,1,1,"(0.4935685396194458, 0.6062377691268921)","(0.46160492300987244, 0.6909245252609253)",1,1,2.7494659423828125,2.574005126953125,"(-54.6329231262207, -24.72325897216797, 653.35693359375)","(9.770980834960938, -26.17844009399414, 658.433837890625)","(-1.9579967260360718, 89.64151763916016, 21.985109329223633)","(-13.034581184387207, 74.1293716430664, 16.339080810546875)",POINT (0.4775867313146591 0.6485811471939087),,,,,,,,,,,,,,,,,,,,,,,,,,,,,,,,,,,,,,,,,,,,,,,,,1
0,11,15,65342240881,1541100675,1,1,"(0.5064292550086975, 0.6086647510528564)","(0.4470785856246948, 0.6928803324699402)",1,1,2.7349853515625,2.5369415283203125,"(-54.66085433959961, -24.71673583984375, 653.3766479492188)","(9.791013717651367, -26.17418670654297, 658.3132934570312)","(2.498704671859741, 89.19698333740234, 21.823265075683594)","(-18.068485260009766, 73.77111053466797, 16.208694458007812)",POINT (0.4767539203166962 0.6507725417613983),,,,,,,,,,,,,,,,,,,,,,,,,,,,,,,,,,,,,,,,,,,,,,,,,1
0,11,15,65342257548,1541117342,1,1,"(0.4976311922073364, 0.597406804561615)","(0.46762484312057495, 0.6926187872886658)",1,1,2.7088165283203125,2.5580291748046875,"(-54.67987823486328, -24.71303939819336, 653.3961181640625)","(9.796046257019043, -26.16939353942871, 658.2171630859375)","(-0.5501628518104553, 91.25910949707031, 22.573843002319336)","(-10.948453903198242, 73.81901550292969, 16.22615623474121)",POINT (0.4826280176639557 0.6450127959251404),,,,,,,,,,,,,,,,,,,,,,,,,,,,,,,,,,,,,,,,,,,,,,,,,1
0,11,15,65342274216,1541134009,1,1,"(0.5023671388626099, 0.6073482632637024)","(0.4598964750766754, 0.6733813881874084)",1,1,2.739898681640625,2.5234375,"(-54.68049621582031, -24.714590072631836, 653.3726806640625)","(9.805939674377441, -26.168867111206055, 658.228759765625)","(1.091026782989502, 89.43812561035156, 21.91105079650879)","(-13.626606941223145, 77.34276580810547, 17.50864028930664)",POINT (0.4811318069696426 0.6403648257255554),,,,,,,,,,,,,,,,,,,,,,,,,,,,,,,,,,,,,,,,,,,,,,,,,1
0,11,15,65342290883,1541150676,1,1,"(0.5042929649353027, 0.6045950651168823)","(0.4663485586643219, 0.7043157815933228)",1,1,2.7509918212890625,2.571151733398437,"(-54.683990478515625, -24.71424102783203, 653.407958984375)","(9.815205574035645, -26.16830062866211, 658.2521362304688)","(1.7583870887756348, 89.94243621826172, 22.09459686279297)","(-11.390719413757324, 71.67646026611328, 15.446344375610352)",POINT (0.4853207617998123 0.6544554233551025),,,,,,,,,,,,,,,,,,,,,,,,,,,,,,,,,,,,,,,,,,,,,,,,,1
0,11,15,65342307550,1541167342,1,1,"(0.5020451545715332, 0.6155494451522827)","(0.4590090215206146, 0.6994008421897888)",1,1,2.748031616210937,2.542327880859375,"(-54.68480682373047, -24.70734405517578, 653.39599609375)","(9.823620796203613, -26.169403076171875, 658.2994384765625)","(0.9794303178787231, 87.93590545654297, 21.3642520904541)","(-13.934147834777832, 72.57673645019531, 15.774014472961426)",POINT (0.4805270880460739 0.6574751436710358),,,,,,,,,,,,,,,,,,,,,,,,,,,,,,,,,,,,,,,,,,,,,,,,,1
0,11,15,65342324220,1541184012,1,1,"(0.49868133664131165, 0.6127446889877319)","(0.47038838267326355, 0.6877996921539307)",1,1,2.762359619140625,2.564117431640625,"(-54.683998107910156, -24.70745086669922, 653.4078979492188)","(9.832740783691406, -26.17270278930664, 658.359130859375)","(-0.18624596297740936, 88.44965362548828, 21.551271438598633)","(-9.990777969360352, 74.70172882080078, 16.547439575195312)",POINT (0.4845348596572876 0.6502721905708313),,,,,,,,,,,,,,,,,,,,,,,,,,,,,,,,,,,,,,,,,,,,,,,,,1
0,11,15,65342340888,1541200679,1,1,"(0.5090557932853699, 0.6052111387252808)","(0.47036951780319214, 0.6916136145591736)",1,1,2.7732086181640625,2.554656982421875,"(-54.686553955078125, -24.704435348510742, 653.407470703125)","(9.835431098937988, -26.17266845703125, 658.418701171875)","(3.4088940620422363, 89.82958221435547, 22.053537368774414)","(-9.997312545776367, 74.00313568115234, 16.29315948486328)",POINT (0.489712655544281 0.6484123766422272),,,,,,,,,,,,,,,,,,,,,,,,,,,,,,,,,,,,,,,,,,,,,,,,,1
0,11,15,65342357555,1541217346,1,1,"(0.4989314675331116, 0.6033567190170288)","(0.4731014370918274, 0.6910860538482666)",1,1,2.7922821044921875,2.5608062744140625,"(-54.69953918457031, -24.701736450195312, 653.4293212890625)","(9.831113815307617, -26.170238494873047, 658.3350830078125)","(-0.09956155717372894, 90.16926574707031, 22.177165985107422)","(-9.0506010055542, 74.09977722167969, 16.328327178955078)",POINT (0.4860164523124695 0.6472213864326477),,,,,,,,,,,,,,,,,,,,,,,,,,,,,,,,,,,,,,,,,,,,,,,,,1
0,11,15,65342374223,1541234013,1,1,"(0.5044562816619873, 0.5963301658630371)","(0.4781108796596527, 0.6973094940185547)",1,1,2.7974395751953125,2.578704833984375,"(-54.707969665527344, -24.70468521118164, 653.4638671875)","(9.833102226257324, -26.17289161682129, 658.3468627929688)","(1.8150027990341187, 91.4563217163086, 22.64560890197754)","(-7.3146586418151855, 72.95980072021484, 15.913431167602539)",POINT (0.49128358066082 0.6468198299407959),,,,,,,,,,,,,,,,,,,,,,,,,,,,,,,,,,,,,,,,,,,,,,,,,1
0,11,15,65342390889,1541250679,1,1,"(0.5007872581481934, 0.5971567034721375)","(0.47034257650375366, 0.6899116635322571)",1,1,2.8199615478515625,2.5706787109375,"(-54.70917510986328, -24.703975677490234, 653.4161376953125)","(9.831754684448242, -26.175804138183594, 658.3829345703125)","(0.5435306429862976, 91.304931640625, 22.59051513671875)","(-10.006659507751465, 74.31488037109375, 16.40663719177246)",POINT (0.4855649173259735 0.6435341835021973),,,,,,,,,,,,,,,,,,,,,,,,,,,,,,,,,,,,,,,,,,,,,,,,,1
0,11,15,65342407556,1541267346,1,1,"(0.49332696199417114, 0.6059649586677551)","(0.47314178943634033, 0.6939441561698914)",1,1,2.8042755126953125,2.5871124267578125,"(-54.714298248291016, -24.70587158203125, 653.379150390625)","(9.826940536499023, -26.178592681884766, 658.4071044921875)","(-2.041731119155884, 89.6915054321289, 22.003265380859375)","(-9.036628723144531, 73.57624816894531, 16.13775634765625)",POINT (0.4832343757152557 0.6499545574188232),,,,,,,,,,,,,,,,,,,,,,,,,,,,,,,,,,,,,,,,,,,,,,,,,1
0,11,15,65342424223,1541284012,1,1,"(0.49747025966644287, 0.6057199835777283)","(0.4659087061882019, 0.7056730389595032)",1,1,2.8160858154296875,2.5950927734375,"(-54.713966369628906, -24.708621978759766, 653.3670654296875)","(9.826376914978027, -26.181259155273438, 658.419189453125)","(-0.6059290766716003, 89.73638153076172, 22.01958656311035)","(-11.543153762817383, 71.42787170410156, 15.355819702148438)",POINT (0.4816894829273224 0.6556965112686157),,,,,,,,,,,,,,,,,,,,,,,,,,,,,,,,,,,,,,,,,,,,,,,,,1
0,11,15,65342440890,1541300679,1,1,"(0.4957904815673828, 0.6199386715888977)","(0.46728751063346863, 0.6972724795341492)",1,1,2.829864501953125,2.6020965576171875,"(-54.71699905395508, -24.71678924560547, 653.342529296875)","(9.825239181518555, -26.191089630126953, 658.479248046875)","(-1.1880252361297607, 87.13191986083984, 21.0716495513916)","(-11.065356254577637, 72.96658325195312, 15.915911674499512)",POINT (0.4815389961004257 0.6586055755615234),,,,,,,,,,,,,,,,,,,,,,,,,,,,,,,,,,,,,,,,,,,,,,,,,1
0,11,15,65342457565,1541317353,1,1,"(0.4950495958328247, 0.584639310836792)","(0.46803322434425354, 0.6937339901924133)",1,1,2.822998046875,2.6030731201171875,"(-54.715614318847656, -24.711830139160156, 653.2952270507812)","(9.821769714355469, -26.18161392211914, 658.4071044921875)","(-1.444766879081726, 93.59777069091797, 23.425003051757812)","(-10.806923866271973, 73.61475372314453, 16.15178680419922)",POINT (0.4815414100885391 0.6391866505146027),,,,,,,,,,,,,,,,,,,,,,,,,,,,,,,,,,,,,,,,,,,,,,,,,1
0,11,15,65342474231,1541334019,1,1,"(0.49616238474845886, 0.6207042336463928)","(0.4651762843132019, 0.7053675055503845)",1,1,2.8917388916015625,2.612396240234375,"(-54.717308044433594, -24.717130661010742, 653.306884765625)","(9.8217134475708, -26.18226432800293, 658.4075927734375)","(-1.05914306640625, 86.99169921875, 21.020627975463867)","(-11.796961784362793, 71.48381805419922, 15.376195907592773)",POINT (0.4806693345308304 0.6630358695983887),,,,,,,,,,,,,,,,,,,,,,,,,,,,,,,,,,,,,,,,,,,,,,,,,1
0,11,15,65342490899,1541350686,1,1,"(0.4896273612976074, 0.6173089742660522)","(0.45936328172683716, 0.6961266398429871)",1,1,2.84637451171875,2.6164703369140625,"(-54.71799087524414, -24.706741333007812, 653.3310546875)","(9.820730209350586, -26.173904418945312, 658.3356323242188)","(-3.323772430419922, 87.61360168457031, 21.246980667114258)","(-13.811379432678223, 73.17647552490234, 15.992263793945312)",POINT (0.4744953215122223 0.6567178070545197),,,,,,,,,,,,,,,,,,,,,,,,,,,,,,,,,,,,,,,,,,,,,,,,,1
0,11,15,65342507566,1541367353,1,1,"(0.4955819249153137, 0.5844699740409851)","(0.4662860035896301, 0.6893515586853027)",1,1,2.859039306640625,2.636993408203125,"(-54.722049713134766, -24.689212799072266, 653.37744140625)","(9.820930480957031, -26.163406372070312, 658.2398681640625)","(-1.2603025436401367, 93.62879943847656, 23.436283111572266)","(-11.412413597106934, 74.41748809814453, 16.443981170654297)",POINT (0.4809339642524719 0.6369107663631439),,,,,,,,,,,,,,,,,,,,,,,,,,,,,,,,,,,,,,,,,,,,,,,,,1
0,11,15,65342524233,1541384020,1,1,"(0.487032949924469, 0.5925154685974121)","(0.459253191947937, 0.6817401051521301)",1,1,2.85015869140625,2.65045166015625,"(-54.720001220703125, -24.668590545654297, 653.3895263671875)","(9.822561264038086, -26.159517288208008, 658.263671875)","(-4.222836494445801, 92.15506744384766, 22.899948120117188)","(-13.849536895751953, 75.81168365478516, 16.951414108276367)",POINT (0.473143070936203 0.6371277868747711),,,,,,,,,,,,,,,,,,,,,,,,,,,,,,,,,,,,,,,,,,,,,,,,,1
0,11,15,65342540900,1541400686,1,1,"(0.4895404279232025, 0.5931329131126404)","(0.47120797634124756, 0.6888049244880676)",1,1,2.831649780273437,2.645111083984375,"(-54.716548919677734, -24.639442443847656, 653.3538818359375)","(9.829190254211426, -26.152881622314453, 658.35986328125)","(-3.3538949489593506, 92.04196166992188, 22.858779907226562)","(-9.70675277709961, 74.51759338378906, 16.48041343688965)",POINT (0.480374202132225 0.640968918800354),,,,,,,,,,,,,,,,,,,,,,,,,,,,,,,,,,,,,,,,,,,,,,,,,1
0,11,15,65342557567,1541417353,1,1,"(0.4868725836277008, 0.602586030960083)","(0.4598482549190521, 0.6456186175346375)",1,1,2.84246826171875,2.6416778564453125,"(-54.71810531616211, -24.606603622436523, 653.3656616210938)","(9.835617065429688, -26.14198112487793, 658.4915161132812)","(-4.278408527374268, 90.3104248046875, 22.228559494018555)","(-13.643317222595215, 82.42809295654297, 19.359573364257812)",POINT (0.4733604192733765 0.6241023242473602),,,,,,,,,,,,,,,,,,,,,,,,,,,,,,,,,,,,,,,,,,,,,,,,,1
0,11,15,65342574234,1541434019,1,1,"(0.5003213286399841, 0.606398344039917)","(0.47869637608528137, 0.6677772402763367)",1,1,2.890121459960937,2.614044189453125,"(-54.69810485839844, -24.536787033081055, 653.5606079101562)","(9.896966934204102, -26.058231353759766, 658.7774658203125)","(0.3820869028568268, 89.61215209960938, 21.974334716796875)","(-7.111749649047852, 78.3692626953125, 17.88228988647461)",POINT (0.4895088523626328 0.6370877921581268),,,,,,,,,,,,,,,,,,,,,,,,,,,,,,,,,,,,,,,,,,,,,,,,,1
0,11,15,65342590905,1541450690,1,1,"(0.5400605201721191, 0.5075129866600037)","(0.5346211791038513, 0.5703209638595581)",1,1,2.892440795898437,2.633087158203125,"(-54.51713943481445, -24.29949188232422, 653.4107666015625)","(10.038187980651855, -25.811140060424805, 658.90478515625)","(14.153160095214844, 107.7250747680664, 28.566938400268555)","(12.268227577209473, 96.22046661376953, 24.379621505737305)",POINT (0.5373408496379852 0.5389169752597809),,,,,,,,,,,,,,,,,,,,,,,,,,,,,,,,,,,,,,,,,,,,,,,,1,
0,11,15,65342607565,1541467349,1,1,"(0.5960493087768555, 0.3218786120414734)","(0.6088681221008301, 0.32086965441703796)",1,1,2.860748291015625,2.473495483398437,"(-54.30145263671875, -23.88603973388672, 653.8408813476562)","(10.213380813598633, -25.48598289489746, 659.1866455078125)","(33.55532455444336, 141.72796630859375, 40.94298553466797)","(37.99752426147461, 141.91278076171875, 41.0102424621582)",POINT (0.6024587154388428 0.3213741332292557),,,,,,,,,,,,,,,,,,,,,,,,,,,,,,,,,,,,,,,,,,,,,,,,1,
0,11,15,65342740905,1541600685,1,1,"(0.6544766426086426, 0.33633413910865784)","(0.6251432299613953, 0.14249607920646667)",1,1,2.844268798828125,2.5483856201171875,"(-53.928802490234375, -23.438926696777344, 653.9011840820312)","(10.585489273071289, -25.0860595703125, 659.2833251953125)","(53.80252456665039, 139.0801239013672, 39.97925567626953)","(43.63743209838867, 174.585693359375, 52.90223693847656)",POINT (0.6398099362850189 0.2394151091575623),,,,,,,,,,,,,,,,,,,,,,,,,,,,,,,,,,,,,,,,,,,,,,,1,1,
0,11,15,65342757581,1541617361,1,1,"(0.6555346250534058, 0.11307300627231598)","(0.6415890455245972, 0.19390197098255157)",1,1,2.82257080078125,2.529205322265625,"(-53.91946029663086, -23.481468200683594, 653.7949829101562)","(10.606586456298828, -25.131305694580078, 659.4756469726562)","(54.16916275024414, 179.9751739501953, 54.863792419433594)","(49.33649826049805, 165.16961669921875, 49.47505569458008)",POINT (0.6485618352890015 0.1534874886274338),,,,,,,,,,,,,,,,,,,,,,,,,,,,,,,,,,,,,,,,,,,,,,,1,,
0,11,15,65342774247,1541634027,1,1,"(0.6552188992500305, 0.17394569516181946)","(0.6313507556915283, 0.18271033465862274)",1,1,2.8509063720703125,2.529937744140625,"(-53.9194450378418, -23.581432342529297, 653.963134765625)","(10.617382049560547, -25.248266220092773, 659.3545532226562)","(54.05973434448242, 168.8250274658203, 50.80550765991211)","(45.788578033447266, 167.21958923339844, 50.22118377685547)",POINT (0.6432848274707794 0.1783280149102211),,,,,,,,,,,,,,,,,,,,,,,,,,,,,,,,,,,,,,,,,,,,,,,1,,
0,11,15,65342790914,1541650694,1,1,"(0.6520722508430481, 0.17844054102897644)","(0.6332376003265381, 0.16837790608406067)",1,1,2.876861572265625,2.5561065673828125,"(-53.886512756347656, -23.63313865661621, 653.7891845703125)","(10.624763488769531, -25.297603607177734, 659.4857177734375)","(52.96931457519531, 168.001708984375, 50.5058708190918)","(46.44243621826172, 169.8448944091797, 51.17671203613281)",POINT (0.6426549255847931 0.1734092235565186),,,,,,,,,,,,,,,,,,,,,,,,,,,,,,,,,,,,,,,,,,,,,,,1,,
0,11,15,65342807581,1541667360,1,1,"(0.6576157212257385, 0.16985028982162476)","(0.6364443898200989, 0.16204479336738586)",1,1,2.875640869140625,2.5669403076171875,"(-53.89521026611328, -23.666528701782227, 653.919677734375)","(10.630876541137695, -25.325424194335938, 659.570556640625)","(54.89032745361328, 169.57518005371094, 51.078556060791016)","(47.55369186401367, 171.00494384765625, 51.59892272949219)",POINT (0.6470300555229187 0.1659475415945053),,,,,,,,,,,,,,,,,,,,,,,,,,,,,,,,,,,,,,,,,,,,,,,1,,
0,11,15,65342824248,1541684027,1,1,"(0.6576378345489502, 0.13904185593128204)","(0.6404338479042053, 0.1605767458677292)",1,1,2.8238677978515625,2.5494842529296875,"(-53.899295806884766, -23.68503761291504, 654.0266723632812)","(10.628978729248047, -25.335567474365234, 659.5828857421875)","(54.89800262451172, 175.2184295654297, 53.132476806640625)","(48.936214447021484, 171.2738494873047, 51.696781158447266)",POINT (0.6490358412265778 0.1498093008995056),,,,,,,,,,,,,,,,,,,,,,,,,,,,,,,,,,,,,,,,,,,,,,,1,,
0,11,15,65342840921,1541700699,1,1,"(0.6629195809364319, 0.14570674300193787)","(0.6364596486091614, 0.16923367977142334)",1,1,2.836944580078125,2.5455780029296875,"(-53.913734436035156, -23.718948364257812, 654.132080078125)","(10.631208419799805, -25.348892211914062, 659.4872436523438)","(56.72830581665039, 173.9976043701172, 52.688167572021484)","(47.55897521972656, 169.68814086914062, 51.119651794433594)",POINT (0.6496896147727966 0.1574702113866806),,,,,,,,,,,,,,,,,,,,,,,,,,,,,,,,,,,,,,,,,,,,,,,1,,
0,11,15,65342857587,1541717365,1,1,"(0.6658012866973877, 0.14360368251800537)","(0.6381171941757202, 0.16395793855190277)",1,1,2.84124755859375,2.551116943359375,"(-53.913204193115234, -23.72618865966797, 654.108154296875)","(10.632116317749023, -25.364761352539062, 659.6072998046875)","(57.72694778442383, 174.38282775878906, 52.828399658203125)","(48.13338851928711, 170.6544952392578, 51.47138214111328)",POINT (0.651959240436554 0.1537808105349541),,,,,,,,,,,,,,,,,,,,,,,,,,,,,,,,,,,,,,,,,,,,,,,1,,
0,11,15,65342874255,1541734032,1,1,"(0.6612794995307922, 0.1339232623577118)","(0.6421836614608765, 0.18275585770606995)",1,1,2.82806396484375,2.5602569580078125,"(-53.91856384277344, -23.737035751342773, 654.0355224609375)","(10.622323989868164, -25.373092651367188, 659.5955810546875)","(56.15996170043945, 176.15597534179688, 53.473785400390625)","(49.54257583618164, 167.21124267578125, 50.2181396484375)",POINT (0.6517315804958344 0.1583395600318909),,,,,,,,,,,,,,,,,,,,,,,,,,,,,,,,,,,,,,,,,,,,,,,1,,
0,11,15,65342890922,1541750699,1,1,"(0.6570186614990234, 0.17550259828567505)","(0.6339078545570374, 0.16020597517490387)",1,1,2.9249420166015625,2.5651092529296875,"(-53.90974426269531, -23.746742248535156, 653.953125)","(10.62000846862793, -25.387405395507812, 659.487548828125)","(54.683414459228516, 168.53985595703125, 50.701698303222656)","(46.674713134765625, 171.3417510986328, 51.72152328491211)",POINT (0.6454632580280304 0.1678542867302895),,,,,,,,,,,,,,,,,,,,,,,,,,,,,,,,,,,,,,,,,,,,,,,1,,
0,11,15,65342907589,1541767365,1,1,"(0.6644603610038757, 0.1296519786119461)","(0.6345441341400146, 0.16708111763000488)",1,1,2.843536376953125,2.560943603515625,"(-53.93804168701172, -23.749832153320312, 654.0203857421875)","(10.602258682250977, -25.390579223632812, 659.4518432617188)","(57.26225280761719, 176.93836975097656, 53.758487701416016)","(46.895198822021484, 170.08242797851562, 51.26316452026367)",POINT (0.6495022475719452 0.1483665481209755),,,,,,,,,,,,,,,,,,,,,,,,,,,,,,,,,,,,,,,,,,,,,,,1,,
0,11,15,65342924257,1541784033,1,1,"(0.6633816361427307, 0.1554117053747177)","(0.6277222037315369, 0.17544861137866974)",1,1,2.861801147460937,2.567230224609375,"(-53.96345520019531, -23.762977600097656, 654.0638427734375)","(10.588785171508789, -25.38532257080078, 659.572998046875)","(56.88844680786133, 172.2199249267578, 52.041175842285156)","(44.531131744384766, 168.54974365234375, 50.705326080322266)",POINT (0.6455519199371338 0.1654301583766937),,,,,,,,,,,,,,,,,,,,,,,,,,,,,,,,,,,,,,,,,,,,,,,1,,
0,11,15,65342940924,1541800699,1,1,"(0.6668307781219482, 0.1370561718940735)","(0.6346821784973145, 0.17571042478084564)",1,1,2.8511199951171875,2.5851287841796875,"(-53.970703125, -23.786479949951172, 654.110595703125)","(10.569210052490234, -25.394512176513672, 659.3568725585938)","(58.08368682861328, 175.58213806152344, 53.264892578125)","(46.943031311035156, 168.5017852783203, 50.6878776550293)",POINT (0.6507564783096313 0.1563832983374596),,,,,,,,,,,,,,,,,,,,,,,,,,,,,,,,,,,,,,,,,,,,,,,1,,
0,11,15,65342957590,1541817365,1,1,"(0.6674671769142151, 0.14418530464172363)","(0.634665846824646, 0.1694163680076599)",1,1,2.8737030029296875,2.5837554931640625,"(-53.96323776245117, -23.794767379760742, 653.9803466796875)","(10.566106796264648, -25.403364181518555, 659.3687744140625)","(58.304229736328125, 174.2762908935547, 52.78960037231445)","(46.9373664855957, 169.65467834472656, 51.10747528076172)",POINT (0.6510665118694305 0.1568008363246918),,,,,,,,,,,,,,,,,,,,,,,,,,,,,,,,,,,,,,,,,,,,,,,1,,
0,11,15,65342974262,1541834036,1,1,"(0.6941792964935303, 0.13265077769756317)","(0.6679778695106506, 0.15091519057750702)",1,1,2.894149780273437,2.609466552734375,"(-53.900146484375, -23.81098175048828, 654.0628662109375)","(10.621282577514648, -25.41530990600586, 659.3550415039062)","(67.56095886230469, 176.38906860351562, 53.55860900878906)","(58.48119354248047, 173.04356384277344, 52.34092330932617)",POINT (0.6810785830020905 0.1417829841375351),,,,,,,,,,,,,,,,,,,,,,,,,,,,,,,,,,,,,,,,,,,,,,,1,,
0,11,15,65342990929,1541850703,1,1,"(0.6835720539093018, 0.12604427337646484)","(0.6568571329116821, 0.15503887832164764)",1,1,2.9240264892578125,2.612167358398437,"(-53.9036865234375, -23.822742462158203, 654.0262451171875)","(10.620176315307617, -25.43794822692871, 659.37890625)","(63.88515090942383, 177.59921264648438, 53.99903869628906)","(54.62745666503906, 172.28823852539062, 52.06597137451172)",POINT (0.6702145934104919 0.1405415758490562),,,,,,,,,,,,,,,,,,,,,,,,,,,,,,,,,,,,,,,,,,,,,,,1,,
0,11,15,65343007597,1541867370,1,1,"(0.6875949501991272, 0.10740579664707184)","(0.6598954796791077, 0.15641528367996216)",1,1,2.8849029541015625,2.6166229248046875,"(-53.90644073486328, -23.83574676513672, 653.9896850585938)","(10.61721420288086, -25.446155548095703, 659.3189086914062)","(65.27923583984375, 181.0132293701172, 55.241661071777344)","(55.680362701416016, 172.03610229492188, 51.97426223754883)",POINT (0.6737452149391174 0.131910540163517),,,,,,,,,,,,,,,,,,,,,,,,,,,,,,,,,,,,,,,,,,,,,,,,,
0,11,15,65343024263,1541884036,1,1,"(0.6943948864936829, 0.11794792860746384)","(0.6570456624031067, 0.15480154752731323)",1,1,2.915069580078125,2.608306884765625,"(-53.89158630371094, -23.823205947875977, 653.8607177734375)","(10.621207237243652, -25.440410614013672, 659.2825317382812)","(67.63566589355469, 179.0822296142578, 54.538822174072266)","(54.69279098510742, 172.33168029785156, 52.08184814453125)",POINT (0.6757202744483948 0.1363747380673885),,,,,,,,,,,,,,,,,,,,,,,,,,,,,,,,,,,,,,,,,,,,,,,,,
0,11,15,65343040931,1541900703,1,1,"(0.6878939270973206, 0.13651730120182037)","(0.6607831716537476, 0.15527187287807465)",1,1,2.922210693359375,2.6271514892578125,"(-53.89501190185547, -23.839712142944336, 653.944091796875)","(10.625381469726562, -25.460163116455078, 659.2702026367188)","(65.38285064697266, 175.68084716796875, 53.30081558227539)","(55.98797607421875, 172.2455291748047, 52.050506591796875)",POINT (0.6743385493755341 0.1458945870399475),,,,,,,,,,,,,,,,,,,,,,,,,,,,,,,,,,,,,,,,,,,,,,,1,,
0,11,15,65343057597,1541917369,1,1,"(0.6882901191711426, 0.11869968473911285)","(0.6625922918319702, 0.1520293653011322)",1,1,2.897552490234375,2.6153717041015625,"(-53.87029266357422, -23.83034896850586, 653.7446899414062)","(10.634827613830566, -25.464351654052734, 659.293701171875)","(65.52013397216797, 178.9445343017578, 54.488677978515625)","(56.61490249633789, 172.8394775390625, 52.26665115356445)",POINT (0.6754412055015564 0.1353645250201225),,,,,,,,,,,,,,,,,,,,,,,,,,,,,,,,,,,,,,,,,,,,,,,,,
0,11,15,65343074265,1541934036,1,1,"(0.6914871335029602, 0.12241200357675552)","(0.6635259389877319, 0.14668448269367218)",1,1,2.8927459716796875,2.5904693603515625,"(-53.861488342285156, -23.83517837524414, 653.710205078125)","(10.638274192810059, -25.47429847717285, 659.2694091796875)","(66.62801361083984, 178.2645263671875, 54.2412223815918)","(56.93844223022461, 173.81849670410156, 52.62302017211914)",POINT (0.6775065362453461 0.1345482431352138),,,,,,,,,,,,,,,,,,,,,,,,,,,,,,,,,,,,,,,,,,,,,,,,,
0,11,15,65343090932,1541950703,1,1,"(0.6925486922264099, 0.09687849879264832)","(0.6632162928581238, 0.14801634848117828)",1,1,2.853134155273437,2.60552978515625,"(-53.856231689453125, -23.836143493652344, 653.711181640625)","(10.640201568603516, -25.48601531982422, 659.2811279296875)","(66.99590301513672, 182.9415283203125, 55.94350051879883)","(56.83116149902344, 173.5745391845703, 52.53418731689453)",POINT (0.6778824925422668 0.1224474236369133),,,,,,,,,,,,,,,,,,,,,,,,,,,,,,,,,,,,,,,,,,,,,,,,,
0,11,15,65343107605,1541967375,1,1,"(0.6940240263938904, 0.10974834859371185)","(0.6571961641311646, 0.1513504534959793)",1,1,2.8700714111328125,2.581817626953125,"(-53.84584426879883, -23.83230209350586, 653.6053466796875)","(10.642467498779297, -25.4865779876709, 659.220947265625)","(67.50714874267578, 180.58413696289062, 55.08546829223633)","(54.74494171142578, 172.96383666992188, 52.3119010925293)",POINT (0.6756100952625275 0.1305494010448456),,,,,,,,,,,,,,,,,,,,,,,,,,,,,,,,,,,,,,,,,,,,,,,,,
0,11,15,65343124272,1541984042,1,1,"(0.6912000179290771, 0.12858907878398895)","(0.6634241342544556, 0.14797520637512207)",1,1,2.892822265625,2.586410522460937,"(-53.862586975097656, -23.841819763183594, 653.662353515625)","(10.632919311523438, -25.499408721923828, 659.2330322265625)","(66.52852630615234, 177.133056640625, 53.829410552978516)","(56.90315628051758, 173.58206176757812, 52.53696060180664)",POINT (0.6773120760917664 0.1382821425795555),,,,,,,,,,,,,,,,,,,,,,,,,,,,,,,,,,,,,,,,,,,,,,,,,
0,11,15,65343140940,1542000709,1,1,"(0.6950281858444214, 0.09652566909790039)","(0.6594967842102051, 0.13944578170776367)",1,1,2.84661865234375,2.5620574951171875,"(-53.867919921875, -23.846424102783203, 653.5772094726562)","(10.625097274780273, -25.499176025390625, 659.1373901367188)","(67.85511016845703, 183.0061492919922, 55.96702194213867)","(55.54219436645508, 175.1444091796875, 53.10560989379883)",POINT (0.6772624850273132 0.117985725402832),,,,,,,,,,,,,,,,,,,,,,,,,,,,,,,,,,,,,,,,,,,,,,,,,
0,11,15,65343157605,1542017375,1,1,"(0.6917133331298828, 0.1045072004199028)","(0.657960057258606, 0.14694756269454956)",1,1,2.8448486328125,2.5738983154296875,"(-53.888641357421875, -23.860523223876953, 653.5862426757812)","(10.611409187316895, -25.511493682861328, 659.126220703125)","(66.70641326904297, 181.54417419433594, 55.43488693237305)","(55.009666442871094, 173.7703094482422, 52.60545349121094)",POINT (0.6748366951942444 0.1257273815572262),,,,,,,,,,,,,,,,,,,,,,,,,,,,,,,,,,,,,,,,,,,,,,,,,
0,11,15,65343174273,1542034042,1,1,"(0.7073652744293213, 0.0995432585477829)","(0.6766386032104492, 0.1481073945760727)",1,1,2.851425170898437,2.57293701171875,"(-53.85026550292969, -23.85674285888672, 653.485107421875)","(10.633882522583008, -25.512725830078125, 659.2095947265625)","(72.13037872314453, 182.45339965820312, 55.765892028808594)","(61.482444763183594, 173.557861328125, 52.528133392333984)",POINT (0.6920019388198853 0.1238253265619278),,,,,,,,,,,,,,,,,,,,,,,,,,,,,,,,,,,,,,,,,,,,,,,,,
0,11,15,65343190940,1542050709,1,1,"(0.7104293704032898, 0.09672696888446808)","(0.6830117702484131, 0.146062970161438)",1,1,2.82958984375,2.58740234375,"(-53.824371337890625, -23.86742401123047, 653.5133056640625)","(10.639505386352539, -25.522167205810547, 659.2335205078125)","(73.19220733642578, 182.9692840576172, 55.95357894897461)","(63.691001892089844, 173.9323272705078, 52.664432525634766)",POINT (0.6967205703258514 0.121394969522953),,,,,,,,,,,,,,,,,,,,,,,,,,,,,,,,,,,,,,,,,,,,,,,,,
0,11,15,65343207608,1542067376,1,1,"(0.7106710076332092, 0.10439438372850418)","(0.680042028427124, 0.15300825238227844)",1,1,2.826934814453125,2.5772857666015625,"(-53.857872009277344, -23.87519645690918, 653.4837036132812)","(10.619108200073242, -25.529891967773438, 659.2230224609375)","(73.27591705322266, 181.56483459472656, 55.44243240356445)","(62.661865234375, 172.66015625, 52.2014045715332)",POINT (0.6953565180301666 0.1287013180553913),,,,,,,,,,,,,,,,,,,,,,,,,,,,,,,,,,,,,,,,,,,,,,,,,
0,11,15,65343224274,1542084042,1,1,"(0.7148205637931824, 0.11228808015584946)","(0.6794008016586304, 0.15733516216278076)",1,1,2.828643798828125,2.5782470703125,"(-53.872596740722656, -23.887462615966797, 653.3729248046875)","(10.593154907226562, -25.533321380615234, 659.127685546875)","(74.71389770507812, 180.11892700195312, 54.91617965698242)","(62.439659118652344, 171.8675994873047, 51.91292953491211)",POINT (0.6971106827259064 0.1348116211593151),,,,,,,,,,,,,,,,,,,,,,,,,,,,,,,,,,,,,,,,,,,,,,,,,
0,11,15,65343240948,1542100715,1,1,"(0.7133695483207703, 0.13127943873405457)","(0.6791283488273621, 0.16175943613052368)",1,1,2.821868896484375,2.5648956298828125,"(-53.89842224121094, -23.904865264892578, 653.3935546875)","(10.568214416503906, -25.543495178222656, 659.0565185546875)","(74.2110824584961, 176.6402587890625, 53.650054931640625)","(62.345237731933594, 171.05718994140625, 51.61798095703125)",POINT (0.6962489485740662 0.1465194374322891),,,,,,,,,,,,,,,,,,,,,,,,,,,,,,,,,,,,,,,,,,,,,,,1,,
0,11,15,65343257615,1542117382,1,1,"(0.7134921550750732, 0.13708451390266418)","(0.676561713218689, 0.16352029144763947)",1,1,2.8543243408203125,2.557891845703125,"(-53.923404693603516, -23.918785095214844, 653.4369506835938)","(10.54979133605957, -25.54547882080078, 659.11669921875)","(74.25354766845703, 175.57693481445312, 53.263004302978516)","(61.455810546875, 170.7346649169922, 51.50056076049805)",POINT (0.6950269341468811 0.1503024026751518),,,,,,,,,,,,,,,,,,,,,,,,,,,,,,,,,,,,,,,,,,,,,,,1,,
0,11,15,65343274282,1542134048,1,1,"(0.7101845145225525, 0.11522278934717178)","(0.6788766980171204, 0.15942779183387756)",1,1,2.817977905273437,2.580474853515625,"(-53.94328689575195, -23.934951782226562, 653.529296875)","(10.530160903930664, -25.550540924072266, 659.0939331054688)","(73.10734558105469, 179.5813751220703, 54.72053527832031)","(62.2580451965332, 171.48428344726562, 51.77340316772461)",POINT (0.6945306062698364 0.1373252905905247),,,,,,,,,,,,,,,,,,,,,,,,,,,,,,,,,,,,,,,,,,,,,,,,,
0,11,15,65343290948,1542150714,1,1,"(0.713710606098175, 0.07875349372625351)","(0.6798762679100037, 0.15109999477863312)",1,1,2.76971435546875,2.559432983398437,"(-53.944393157958984, -23.95108413696289, 653.56494140625)","(10.530010223388672, -25.560611724853516, 659.23779296875)","(74.32926177978516, 186.2615203857422, 57.15184783935547)","(62.604434967041016, 173.0096893310547, 52.328636169433594)",POINT (0.6967934370040894 0.1149267442524433),,,,,,,,,,,,,,,,,,,,,,,,,,,,,,,,,,,,,,,,,,,,,,,,,
0,11,15,65343307616,1542167381,1,1,"(0.709226667881012, 0.11364438384771347)","(0.6814191341400146, 0.15788951516151428)",1,1,2.8159942626953125,2.557479858398437,"(-53.93727111816406, -23.959247589111328, 653.578125)","(10.535170555114746, -25.57007598876953, 659.2979736328125)","(72.77540588378906, 179.87051391601562, 54.82571029663086)","(63.139095306396484, 171.76608276367188, 51.87593460083008)",POINT (0.6953229010105133 0.1357669495046139),,,,,,,,,,,,,,,,,,,,,,,,,,,,,,,,,,,,,,,,,,,,,,,,,
0,11,15,65343324283,1542184048,1,1,"(0.7097814083099365, 0.08706330507993698)","(0.6809162497520447, 0.1557741016149521)",1,1,2.788925170898437,2.552520751953125,"(-53.93341064453125, -23.96127700805664, 653.6624755859375)","(10.541960716247559, -25.573776245117188, 659.2855224609375)","(72.9676513671875, 184.7394256591797, 56.597816467285156)","(62.96480941772461, 172.15354919433594, 52.016998291015625)",POINT (0.6953488290309906 0.1214187033474445),,,,,,,,,,,,,,,,,,,,,,,,,,,,,,,,,,,,,,,,,,,,,,,,,
0,11,15,65343340951,1542200715,1,1,"(0.7051857709884644, 0.10991013050079346)","(0.6775287985801697, 0.15883120894432068)",1,1,2.82891845703125,2.5709686279296875,"(-53.901885986328125, -23.96790313720703, 653.6080322265625)","(10.566322326660156, -25.58254051208496, 659.3570556640625)","(71.37510681152344, 180.55450439453125, 55.074684143066406)","(61.790950775146484, 171.5935821533203, 51.81318283081055)",POINT (0.691357284784317 0.1343706697225571),,,,,,,,,,,,,,,,,,,,,,,,,,,,,,,,,,,,,,,,,,,,,,,,,
0,11,15,65343357617,1542217381,1,1,"(0.6938817501068115, 0.10789214819669724)","(0.6689380407333374, 0.1632140725851059)",1,1,2.8176422119140625,2.5523834228515625,"(-53.93077087402344, -23.96280288696289, 653.6986694335938)","(10.54361343383789, -25.583255767822266, 659.3817749023438)","(67.4578628540039, 180.92413330078125, 55.2092399597168)","(58.81392288208008, 170.790771484375, 51.52096176147461)",POINT (0.6814098954200745 0.1355531103909016),,,,,,,,,,,,,,,,,,,,,,,,,,,,,,,,,,,,,,,,,,,,,,,,,
0,11,15,65343374286,1542234049,1,1,"(0.6866551637649536, 0.09154396504163742)","(0.6595041751861572, 0.15285338461399078)",1,1,2.8149871826171875,2.5697784423828125,"(-53.961883544921875, -23.944957733154297, 653.7056884765625)","(10.497367858886719, -25.570133209228516, 659.2510375976562)","(64.95355224609375, 183.91867065429688, 56.29911804199219)","(55.54475402832031, 172.6885223388672, 52.211734771728516)",POINT (0.6730796694755554 0.1221986748278141),,,,,,,,,,,,,,,,,,,,,,,,,,,,,,,,,,,,,,,,,,,,,,,,,
0,11,15,65343390952,1542250715,1,1,"(0.6885929107666016, 0.12141308188438416)","(0.65178382396698, 0.14901629090309143)",1,1,2.8706207275390625,2.5581817626953125,"(-53.92880630493164, -23.959354400634766, 653.72314453125)","(10.543992042541504, -25.594587326049805, 659.3338012695312)","(65.62506866455078, 178.44749450683594, 54.30780792236328)","(52.869384765625, 173.39138793945312, 52.467525482177734)",POINT (0.6701883673667908 0.1352146863937378),,,,,,,,,,,,,,,,,,,,,,,,,,,,,,,,,,,,,,,,,,,,,,,,,
0,11,15,65343407620,1542267382,1,1,"(0.681964635848999, 0.10028780251741409)","(0.6527923941612244, 0.14613690972328186)",1,1,2.8145751953125,2.5609588623046875,"(-53.899574279785156, -23.948972702026367, 653.6683959960938)","(10.576214790344238, -25.594566345214844, 659.3328857421875)","(63.32814407348633, 182.31704711914062, 55.7161979675293)","(53.218868255615234, 173.91880798339844, 52.659507751464844)",POINT (0.6673785150051117 0.123212356120348),,,,,,,,,,,,,,,,,,,,,,,,,,,,,,,,,,,,,,,,,,,,,,,,,
0,11,15,65343424287,1542284049,1,1,"(0.6786828637123108, 0.1324101835489273)","(0.6577463150024414, 0.15245464444160461)",1,1,2.881332397460937,2.565216064453125,"(-53.8793830871582, -23.94713592529297, 653.6238403320312)","(10.592369079589844, -25.59610366821289, 659.3446044921875)","(62.19086837768555, 176.43313598632812, 53.57468032836914)","(54.93560028076172, 172.76156616210938, 52.23829650878906)",POINT (0.6682145893573761 0.142432413995266),,,,,,,,,,,,,,,,,,,,,,,,,,,,,,,,,,,,,,,,,,,,,,,1,,
0,11,15,65343440954,1542300715,1,1,"(0.6786141395568848, 0.11034390330314636)","(0.6521743535995483, 0.15458831191062927)",1,1,2.824951171875,2.5652313232421875,"(-53.853973388671875, -23.930809020996094, 653.6647338867188)","(10.618583679199219, -25.58025550842285, 659.2835693359375)","(62.16705322265625, 180.47506713867188, 55.04575729370117)","(53.00469970703125, 172.37075805664062, 52.096038818359375)",POINT (0.6653942465782166 0.1324661076068878),,,,,,,,,,,,,,,,,,,,,,,,,,,,,,,,,,,,,,,,,,,,,,,,,
0,11,15,65343457621,1542317382,1,1,"(0.6812664866447449, 0.11181369423866272)","(0.655879020690918, 0.1499319225549698)",1,1,2.83758544921875,2.558212280273437,"(-53.84283447265625, -23.921161651611328, 653.6778564453125)","(10.63250732421875, -25.565757751464844, 659.2471923828125)","(63.0861930847168, 180.20584106445312, 54.94778823852539)","(54.28852081298828, 173.22364807128906, 52.4065055847168)",POINT (0.6685727536678314 0.1308728083968162),,,,,,,,,,,,,,,,,,,,,,,,,,,,,,,,,,,,,,,,,,,,,,,,,
0,11,15,65343474289,1542334049,1,1,"(0.678417444229126, 0.10914484411478043)","(0.6568769216537476, 0.15381738543510437)",1,1,2.821441650390625,2.5662994384765625,"(-53.833675384521484, -23.8955078125, 653.6316528320312)","(10.642127990722656, -25.551544189453125, 659.29443359375)","(62.0988883972168, 180.69467163085938, 55.125736236572266)","(54.63429641723633, 172.51197814941406, 52.14743423461914)",POINT (0.6676471829414368 0.1314811147749424),,,,,,,,,,,,,,,,,,,,,,,,,,,,,,,,,,,,,,,,,,,,,,,,,
0,11,15,65343490955,1542350715,1,1,"(0.6808692216873169, 0.11695201694965363)","(0.6549844145774841, 0.1584187150001526)",1,1,2.859725952148437,2.578460693359375,"(-53.82487106323242, -23.897850036621094, 653.716796875)","(10.655954360961914, -25.546329498291016, 659.1260986328125)","(62.94852066040039, 179.26463317871094, 54.60521697998047)","(53.97849655151367, 171.66912841796875, 51.840667724609375)",POINT (0.6679268181324005 0.1376853659749031),,,,,,,,,,,,,,,,,,,,,,,,,,,,,,,,,,,,,,,,,,,,,,,,,
0,11,15,65343507629,1542367388,1,1,"(0.6822435259819031, 0.1316426694393158)","(0.6542961001396179, 0.15285246074199677)",1,1,2.8863983154296875,2.57891845703125,"(-53.813323974609375, -23.895748138427734, 653.7066650390625)","(10.666757583618164, -25.544275283813477, 659.04150390625)","(63.42477035522461, 176.57374572753906, 53.62580490112305)","(53.739959716796875, 172.688720703125, 52.21175765991211)",POINT (0.6682698130607605 0.1422475650906563),,,,,,,,,,,,,,,,,,,,,,,,,,,,,,,,,,,,,,,,,,,,,,,1,,
0,11,15,65343524296,1542384055,1,1,"(0.6747494339942932, 0.12691694498062134)","(0.6545055508613586, 0.1474217027425766)",1,1,2.86993408203125,2.587066650390625,"(-53.800384521484375, -23.902233123779297, 653.6846923828125)","(10.678083419799805, -25.549442291259766, 658.9813842773438)","(60.82778549194336, 177.4393310546875, 53.94087219238281)","(53.81255340576172, 173.68345642089844, 52.57386779785156)",POINT (0.6646274924278259 0.137169323861599),,,,,,,,,,,,,,,,,,,,,,,,,,,,,,,,,,,,,,,,,,,,,,,,,
0,11,15,65343540962,1542400721,1,1,"(0.6804457902908325, 0.10935520380735397)","(0.6547641754150391, 0.16360843181610107)",1,1,2.839324951171875,2.5941925048828125,"(-53.7887077331543, -23.91077995300293, 653.7105102539062)","(10.687785148620605, -25.55364990234375, 658.921142578125)","(62.80180358886719, 180.65615844726562, 55.1116828918457)","(53.90217208862305, 170.71852111816406, 51.49468231201172)",POINT (0.6676049828529358 0.1364818178117275),,,,,,,,,,,,,,,,,,,,,,,,,,,,,,,,,,,,,,,,,,,,,,,,,
0,11,15,65343557629,1542417388,1,1,"(0.6772467494010925, 0.11235032975673676)","(0.654878556728363, 0.1571475714445114)",1,1,2.8513336181640625,2.5986785888671875,"(-53.769351959228516, -23.922164916992188, 653.5577392578125)","(10.70534610748291, -25.58232879638672, 659.1005859375)","(61.69321823120117, 180.10752868652344, 54.9119873046875)","(53.94179916381836, 171.9019775390625, 51.925411224365234)",POINT (0.6660626530647278 0.1347489506006241),,,,,,,,,,,,,,,,,,,,,,,,,,,,,,,,,,,,,,,,,,,,,,,,,
0,11,15,65343574297,1542434055,1,1,"(0.6823209524154663, 0.10281286388635635)","(0.6558824777603149, 0.15351338684558868)",1,1,2.82427978515625,2.571380615234375,"(-53.76160430908203, -23.926511764526367, 653.5477294921875)","(10.714691162109375, -25.591278076171875, 659.0882568359375)","(63.45158767700195, 181.85452270507812, 55.547855377197266)","(54.28969955444336, 172.56764221191406, 52.16771697998047)",POINT (0.6691017150878906 0.1281631253659725),,,,,,,,,,,,,,,,,,,,,,,,,,,,,,,,,,,,,,,,,,,,,,,,,
0,11,15,65343590964,1542450722,1,1,"(0.6845329999923706, 0.12278831005096436)","(0.6513258218765259, 0.15369729697704315)",1,1,2.88232421875,2.585540771484375,"(-53.761966705322266, -23.948760986328125, 653.5117797851562)","(10.719924926757812, -25.62512969970703, 659.0877075195312)","(64.21817016601562, 178.1956024169922, 54.216094970703125)","(52.71065902709961, 172.53395080566406, 52.15544891357422)",POINT (0.6679294109344482 0.1382428035140038),,,,,,,,,,,,,,,,,,,,,,,,,,,,,,,,,,,,,,,,,,,,,,,,,
0,11,15,65343607631,1542467388,1,1,"(0.6874934434890747, 0.10271017998456955)","(0.6523674726486206, 0.16165339946746826)",1,1,2.84674072265625,2.5913543701171875,"(-53.750694274902344, -23.947978973388672, 653.4652709960938)","(10.72714614868164, -25.631877899169922, 659.0276489257812)","(65.24404907226562, 181.8733367919922, 55.5546875)","(53.07160568237305, 171.07662963867188, 51.624996185302734)",POINT (0.6699304580688477 0.1321817897260189),,,,,,,,,,,,,,,,,,,,,,,,,,,,,,,,,,,,,,,,,,,,,,,,,
0,11,15,65343624304,1542484061,1,1,"(0.6860159635543823, 0.12251827120780945)","(0.6519337296485901, 0.15650101006031036)",1,1,2.8775787353515625,2.595489501953125,"(-53.75482940673828, -23.951833724975586, 653.47705078125)","(10.721395492553711, -25.638442993164062, 659.0156860351562)","(64.73206329345703, 178.24505615234375, 54.23414611816406)","(52.92133331298828, 172.02040100097656, 51.96852111816406)",POINT (0.6689748466014862 0.1395096406340599),,,,,,,,,,,,,,,,,,,,,,,,,,,,,,,,,,,,,,,,,,,,,,,1,,
0,11,15,65343640972,1542500728,1,1,"(0.682486891746521, 0.1067054271697998)","(0.6490208506584167, 0.16207897663116455)",1,1,2.866729736328125,2.61456298828125,"(-53.75322341918945, -23.945938110351562, 653.512939453125)","(10.72549057006836, -25.627208709716797, 659.0037841796875)","(63.50910949707031, 181.14151000976562, 55.288387298583984)","(51.91188049316406, 170.9986572265625, 51.596702575683594)",POINT (0.6657538712024689 0.1343922019004822),,,,,,,,,,,,,,,,,,,,,,,,,,,,,,,,,,,,,,,,,,,,,,,,,
0,11,15,65343657638,1542517394,1,1,"(0.672456681728363, 0.11704569309949875)","(0.6515447497367859, 0.15817591547966003)",1,1,2.86810302734375,2.594329833984375,"(-53.755638122558594, -23.93675422668457, 653.548583984375)","(10.722524642944336, -25.61635398864746, 659.015869140625)","(60.03328323364258, 179.2474822998047, 54.59895706176758)","(52.78652572631836, 171.71360778808594, 51.85684585571289)",POINT (0.6620007157325745 0.1376108042895794),,,,,,,,,,,,,,,,,,,,,,,,,,,,,,,,,,,,,,,,,,,,,,,,,
0,11,15,65343674306,1542534061,1,1,"(0.6805592775344849, 0.12431994825601578)","(0.6547844409942627, 0.15492117404937744)",1,1,2.9102325439453125,2.607147216796875,"(-53.75908660888672, -23.91969108581543, 653.5362548828125)","(10.713647842407227, -25.598888397216797, 659.0521240234375)","(62.84111022949219, 177.9150390625, 54.11399459838867)","(53.909183502197266, 172.30978393554688, 52.07386779785156)",POINT (0.6676718592643738 0.1396205611526966),,,,,,,,,,,,,,,,,,,,,,,,,,,,,,,,,,,,,,,,,,,,,,,1,,
0,11,15,65343690972,1542550727,1,1,"(0.6803082227706909, 0.11581351608037949)","(0.647225558757782, 0.15250609815120697)",1,1,2.9123992919921875,2.617431640625,"(-53.773109436035156, -23.915477752685547, 653.5458984375)","(10.70465087890625, -25.593170166015625, 659.052490234375)","(62.75412368774414, 179.47317504882812, 54.68109893798828)","(51.28975296020508, 172.7521514892578, 52.23485565185547)",POINT (0.6637668907642365 0.1341598071157932),,,,,,,,,,,,,,,,,,,,,,,,,,,,,,,,,,,,,,,,,,,,,,,,,
0,11,15,65343707640,1542567394,1,1,"(0.6786587834358215, 0.10545214265584946)","(0.6500468850135803, 0.16174092888832092)",1,1,2.886260986328125,2.576080322265625,"(-53.789424896240234, -23.909221649169922, 653.5552978515625)","(10.685930252075195, -25.57953643798828, 658.9691162109375)","(62.18252182006836, 181.37106323242188, 55.37194061279297)","(52.2674674987793, 171.0605926513672, 51.619205474853516)",POINT (0.6643528342247009 0.1335965357720852),,,,,,,,,,,,,,,,,,,,,,,,,,,,,,,,,,,,,,,,,,,,,,,,,
0,11,15,65343724307,1542584061,1,1,"(0.6759898066520691, 0.13268932700157166)","(0.6540878415107727, 0.16346313059329987)",1,1,2.9290924072265625,2.610092163085937,"(-53.816383361816406, -23.899837493896484, 653.5029296875)","(10.658714294433594, -25.561859130859375, 658.9462890625)","(61.25762939453125, 176.3820343017578, 53.555999755859375)","(53.66779327392578, 170.74514770507812, 51.504356384277344)",POINT (0.6650388240814209 0.1480762287974358),,,,,,,,,,,,,,,,,,,,,,,,,,,,,,,,,,,,,,,,,,,,,,,1,,
0,11,15,65343740975,1542600728,1,1,"(0.683712899684906, 0.0890544205904007)","(0.6494826078414917, 0.15969547629356384)",1,1,2.8520660400390625,2.6053009033203125,"(-53.83766174316406, -23.89904022216797, 653.2604370117188)","(10.63296890258789, -25.562095642089844, 659.0911254882812)","(63.93396759033203, 184.3746795654297, 56.465110778808594)","(52.07191467285156, 171.4352569580078, 51.75559997558594)",POINT (0.6665977537631989 0.1243749484419823),,,,,,,,,,,,,,,,,,,,,,,,,,,,,,,,,,,,,,,,,,,,,,,,,
0,11,15,65343757644,1542617397,1,1,"(0.6857510805130005, 0.13095274567604065)","(0.6475277543067932, 0.1591183990240097)",1,1,2.925567626953125,2.6041259765625,"(-53.86859893798828, -23.92138671875, 653.2310180664062)","(10.608612060546875, -25.57477569580078, 659.103515625)","(64.6402587890625, 176.7001190185547, 53.671791076660156)","(51.39447784423828, 171.5409698486328, 51.79401397705078)",POINT (0.6666394174098969 0.1450355723500252),,,,,,,,,,,,,,,,,,,,,,,,,,,,,,,,,,,,,,,,,,,,,,,1,,
0,11,15,65343774312,1542634064,1,1,"(0.6870672702789307, 0.10755571722984314)","(0.6515873670578003, 0.15068131685256958)",1,1,2.8939971923828125,2.5969390869140625,"(-53.91752243041992, -23.931798934936523, 653.3663330078125)","(10.571700096130371, -25.574569702148438, 659.0806884765625)","(65.09637451171875, 180.98574829101562, 55.2317008972168)","(52.80129623413086, 173.08642578125, 52.356502532958984)",POINT (0.6693273186683655 0.1291185170412064),,,,,,,,,,,,,,,,,,,,,,,,,,,,,,,,,,,,,,,,,,,,,,,,,
0,11,15,65343790978,1542650730,1,1,"(0.6767354607582092, 0.13390220701694489)","(0.6565309166908264, 0.15828758478164673)",1,1,2.917724609375,2.60089111328125,"(-53.9505615234375, -23.95883560180664, 653.3485107421875)","(10.535872459411621, -25.59205436706543, 659.0096435546875)","(61.5160026550293, 176.15985107421875, 53.47517395019531)","(54.51441955566406, 171.6931610107422, 51.849403381347656)",POINT (0.6666331887245178 0.1460948958992958),,,,,,,,,,,,,,,,,,,,,,,,,,,,,,,,,,,,,,,,,,,,,,,1,,
0,11,15,65343807646,1542667397,1,1,"(0.6753036975860596, 0.13506799936294556)","(0.6530423164367676, 0.16940106451511383)",1,1,2.9050445556640625,2.6137847900390625,"(-53.97913360595703, -23.968708038330078, 653.343994140625)","(10.510246276855469, -25.5888671875, 658.938720703125)","(61.01986312866211, 175.94631958007812, 53.39743423461914)","(53.30549240112305, 169.65745544433594, 51.1085319519043)",POINT (0.6641730070114136 0.1522345319390297),,,,,,,,,,,,,,,,,,,,,,,,,,,,,,,,,,,,,,,,,,,,,,,1,,
0,11,15,65343824313,1542684064,1,1,"(0.6787649989128113, 0.08424337208271027)","(0.6495717763900757, 0.16844047605991364)",1,1,2.8697967529296875,2.61749267578125,"(-54.024620056152344, -23.988235473632812, 653.4441528320312)","(10.469215393066406, -25.58306884765625, 658.807861328125)","(62.219337463378906, 185.2559051513672, 56.78588104248047)","(52.10280990600586, 169.83340454101562, 51.17256164550781)",POINT (0.6641683876514435 0.126341924071312),,,,,,,,,,,,,,,,,,,,,,,,,,,,,,,,,,,,,,,,,,,,,,,,,
0,11,15,65343840981,1542700731,1,1,"(0.6661118268966675, 0.06245768815279007)","(0.6347653269767761, 0.163622185587883)",1,1,2.834930419921875,2.599472045898437,"(-54.059722900390625, -23.98617935180664, 653.3902587890625)","(10.408367156982422, -25.578157424926758, 658.9422607421875)","(57.83453369140625, 189.24644470214844, 58.23826217651367)","(46.971824645996094, 170.71600341796875, 51.493778228759766)",POINT (0.6504385769367218 0.1130399368703365),,,,,,,,,,,,,,,,,,,,,,,,,,,,,,,,,,,,,,,,,,,,,,,,,
0,11,15,65343857647,1542717397,1,1,"(0.6680209040641785, 0.11359851807355881)","(0.6388459205627441, 0.1642332822084427)",1,1,2.9278717041015625,2.608489990234375,"(-54.06212615966797, -23.990875244140625, 653.34228515625)","(10.40600299835205, -25.5843448638916, 658.9064331054688)","(58.4961051940918, 179.87890625, 54.82878494262695)","(48.385902404785156, 170.6040802001953, 51.45302200317383)",POINT (0.6534334123134613 0.1389159001410008),,,,,,,,,,,,,,,,,,,,,,,,,,,,,,,,,,,,,,,,,,,,,,,1,,
0,11,15,65343874314,1542734063,1,1,"(0.6721968054771423, 0.09172984957695007)","(0.6394454836845398, 0.15544353425502777)",1,1,2.89361572265625,2.5995330810546875,"(-54.076072692871094, -23.973834991455078, 653.3873901367188)","(10.400005340576172, -25.577892303466797, 658.9305419921875)","(59.943206787109375, 183.88461303710938, 56.2867431640625)","(48.59368133544922, 172.21409606933594, 52.0390510559082)",POINT (0.6558211445808411 0.1235866919159889),,,,,,,,,,,,,,,,,,,,,,,,,,,,,,,,,,,,,,,,,,,,,,,,,
0,11,15,65343890986,1542750735,1,1,"(0.6674156188964844, 0.11338025331497192)","(0.637398362159729, 0.16075420379638672)",1,1,2.8974609375,2.5944976806640625,"(-54.081634521484375, -23.96339225769043, 653.362548828125)","(10.3978271484375, -25.572071075439453, 658.9545288085938)","(58.286346435546875, 179.91888427734375, 54.84333419799805)","(47.88428497314453, 171.2413330078125, 51.68495559692383)",POINT (0.6524069905281067 0.1370672285556793),,,,,,,,,,,,,,,,,,,,,,,,,,,,,,,,,,,,,,,,,,,,,,,,,
0,11,15,65343907654,1542767402,1,1,"(0.6716437339782715, 0.13574311137199402)","(0.6379643678665161, 0.15259702503681183)",1,1,2.943099975585937,2.596923828125,"(-54.080955505371094, -23.95644760131836, 653.338623046875)","(10.399749755859375, -25.569957733154297, 658.966552734375)","(59.7515754699707, 175.8226318359375, 53.35245132446289)","(48.08042907714844, 172.73548889160156, 52.22880172729492)",POINT (0.6548040509223938 0.1441700682044029),,,,,,,,,,,,,,,,,,,,,,,,,,,,,,,,,,,,,,,,,,,,,,,1,,
0,11,15,65343924320,1542784069,1,1,"(0.670191764831543, 0.09331153333187103)","(0.6369948387145996, 0.15194591879844666)",1,1,2.8397216796875,2.6024627685546875,"(-54.088050842285156, -23.941513061523438, 653.278076171875)","(10.399229049682617, -25.56053352355957, 659.0143432617188)","(59.24839401245117, 183.59487915039062, 56.18132781982422)","(47.74444580078125, 172.85475158691406, 52.27225875854492)",POINT (0.6535933017730713 0.1226287260651588),,,,,,,,,,,,,,,,,,,,,,,,,,,,,,,,,,,,,,,,,,,,,,,,,
0,11,15,65343940988,1542800736,1,1,"(0.6648166179656982, 0.0800851583480835)","(0.6360673904418945, 0.15529535710811615)",1,1,2.8360137939453125,2.612823486328125,"(-54.10062789916992, -23.946685791015625, 653.3236083984375)","(10.393787384033203, -25.560327529907227, 659.0263671875)","(57.38572692871094, 186.017578125, 57.06310272216797)","(47.42306137084961, 172.24122619628906, 52.04890823364258)",POINT (0.6504420042037964 0.1176902577280998),,,,,,,,,,,,,,,,,,,,,,,,,,,,,,,,,,,,,,,,,,,,,,,,,
0,11,15,65343957654,1542817402,1,1,"(0.6682611703872681, 0.09059838205575943)","(0.638072669506073, 0.15344001352787018)",1,1,2.84271240234375,2.5989532470703125,"(-54.10337829589844, -23.954757690429688, 653.2872924804688)","(10.39389419555664, -25.566198348999023, 658.9904174804688)","(58.57938003540039, 184.09185791015625, 56.362159729003906)","(48.117950439453125, 172.58108520507812, 52.17259979248047)",POINT (0.6531669199466705 0.1220191977918148),,,,,,,,,,,,,,,,,,,,,,,,,,,,,,,,,,,,,,,,,,,,,,,,,
0,11,15,65343974321,1542834068,1,1,"(0.6704112887382507, 0.10443566739559174)","(0.635600209236145, 0.14633440971374512)",1,1,2.8639678955078125,2.592269897460937,"(-54.110496520996094, -23.95458221435547, 653.309814453125)","(10.39101791381836, -25.565326690673828, 658.9305419921875)","(59.324459075927734, 181.55728149414062, 55.439674377441406)","(47.261165618896484, 173.8826446533203, 52.646324157714844)",POINT (0.6530057489871979 0.1253850385546684),,,,,,,,,,,,,,,,,,,,,,,,,,,,,,,,,,,,,,,,,,,,,,,,,
0,11,15,65343990989,1542850736,1,1,"(0.6695597767829895, 0.09083043038845062)","(0.6338228583335876, 0.16413642466068268)",1,1,2.866317749023437,2.608428955078125,"(-54.1120491027832, -23.972705841064453, 653.2858276367188)","(10.388574600219727, -25.577564239501953, 658.8948974609375)","(59.02940368652344, 184.0493621826172, 56.34669494628906)","(46.645233154296875, 170.62181091308594, 51.459476470947266)",POINT (0.6516913175582886 0.1274834275245666),,,,,,,,,,,,,,,,,,,,,,,,,,,,,,,,,,,,,,,,,,,,,,,,,
0,11,15,65344007656,1542867402,1,1,"(0.6649762392044067, 0.09744086861610413)","(0.6368824243545532, 0.16317959129810333)",1,1,2.8505096435546875,2.6294097900390625,"(-54.10065460205078, -23.985342025756836, 653.2400512695312)","(10.394989013671875, -25.586135864257812, 658.8588256835938)","(57.44100570678711, 182.83853149414062, 55.90599060058594)","(47.70549011230469, 170.7970733642578, 51.52326583862305)",POINT (0.65092933177948 0.1303102299571037),,,,,,,,,,,,,,,,,,,,,,,,,,,,,,,,,,,,,,,,,,,,,,,,,
0,11,15,65344024328,1542884074,1,1,"(0.6636384129524231, 0.08745190501213074)","(0.6364972591400146, 0.160069540143013)",1,1,2.8706512451171875,2.6078338623046875,"(-54.093238830566406, -24.012571334838867, 653.1583251953125)","(10.393861770629883, -25.609018325805664, 658.8587036132812)","(56.97742462158203, 184.66818237304688, 56.57200622558594)","(47.572025299072266, 171.3667449951172, 51.730628967285156)",POINT (0.6500678360462189 0.1237607225775719),,,,,,,,,,,,,,,,,,,,,,,,,,,,,,,,,,,,,,,,,,,,,,,,,
0,11,15,65344040995,1542900740,1,1,"(0.662861704826355, 0.09485233575105667)","(0.6407396793365479, 0.1519826501607895)",1,1,2.877426147460937,2.6009674072265625,"(-54.07868576049805, -24.01811981201172, 653.1367797851562)","(10.406238555908203, -25.614025115966797, 658.834228515625)","(56.708251953125, 183.31265258789062, 56.07858657836914)","(49.04214859008789, 172.84805297851562, 52.26972961425781)",POINT (0.6518006920814514 0.1234174929559231),,,,,,,,,,,,,,,,,,,,,,,,,,,,,,,,,,,,,,,,,,,,,,,,,
0,11,15,65344057662,1542917407,1,1,"(0.6659426093101501, 0.08503859490156174)","(0.6437889337539673, 0.16139677166938782)",1,1,2.880355834960937,2.62225341796875,"(-54.07668685913086, -24.03594970703125, 653.1971435546875)","(10.418149948120117, -25.630756378173828, 658.8575439453125)","(57.77590560913086, 185.11026000976562, 56.732872009277344)","(50.098854064941406, 171.12362670898438, 51.64215087890625)",POINT (0.6548657715320587 0.1232176832854748),,,,,,,,,,,,,,,,,,,,,,,,,,,,,,,,,,,,,,,,,,,,,,,,,
0,11,15,65344074330,1542934074,1,1,"(0.6636130213737488, 0.10794630646705627)","(0.6370741128921509, 0.1594190001487732)",1,1,2.87823486328125,2.611968994140625,"(-54.066917419433594, -24.02989959716797, 653.21044921875)","(10.434080123901367, -25.62105941772461, 658.773193359375)","(56.96860885620117, 180.9142303466797, 55.20560073852539)","(47.771907806396484, 171.48590087890625, 51.77400207519531)",POINT (0.6503435671329498 0.1336826533079147),,,,,,,,,,,,,,,,,,,,,,,,,,,,,,,,,,,,,,,,,,,,,,,,,
0,11,15,65344090996,1542950740,1,1,"(0.6635216474533081, 0.09592961519956589)","(0.640832245349884, 0.15998052060604095)",1,1,2.889434814453125,2.614990234375,"(-54.06196975708008, -24.025039672851562, 653.2589721679688)","(10.445914268493652, -25.617782592773438, 658.7969360351562)","(56.93695068359375, 183.11534118652344, 56.006752014160156)","(49.074256896972656, 171.383056640625, 51.73656463623047)",POINT (0.6521769464015961 0.1279550679028034),,,,,,,,,,,,,,,,,,,,,,,,,,,,,,,,,,,,,,,,,,,,,,,,,
0,11,15,65344107664,1542967407,1,1,"(0.6666058897972107, 0.08627235889434814)","(0.6388205289840698, 0.15618298947811127)",1,1,2.844711303710937,2.6014404296875,"(-54.050880432128906, -24.010570526123047, 653.3088989257812)","(10.460113525390625, -25.599281311035156, 658.6883544921875)","(58.005767822265625, 184.88426208496094, 56.65060043334961)","(48.37709426879883, 172.0786590576172, 51.98972702026367)",POINT (0.6527132093906403 0.1212276741862297),,,,,,,,,,,,,,,,,,,,,,,,,,,,,,,,,,,,,,,,,,,,,,,,,
0,11,15,65344124330,1542984073,1,1,"(0.6687232255935669, 0.11417029798030853)","(0.6353334188461304, 0.162778839468956)",1,1,2.897613525390625,2.61883544921875,"(-54.04502868652344, -23.995044708251953, 653.3211669921875)","(10.465866088867188, -25.59192657470703, 658.7003173828125)","(58.7394905090332, 179.774169921875, 54.79064178466797)","(47.16868591308594, 170.8704833984375, 51.55000305175781)",POINT (0.6520283222198486 0.1384745687246323),,,,,,,,,,,,,,,,,,,,,,,,,,,,,,,,,,,,,,,,,,,,,,,,,
0,11,15,65344140998,1543000740,1,1,"(0.6683945059776306, 0.09510583430528641)","(0.6400670409202576, 0.15802206099033356)",1,1,2.85205078125,2.625839233398437,"(-54.030517578125, -23.983970642089844, 653.3349609375)","(10.482656478881836, -25.587203979492188, 658.7235717773438)","(58.62556838989258, 183.2662353515625, 56.061668395996094)","(48.80907440185547, 171.74179077148438, 51.86713790893555)",POINT (0.6542307734489441 0.12656394764781),,,,,,,,,,,,,,,,,,,,,,,,,,,,,,,,,,,,,,,,,,,,,,,,,
0,11,15,65344157670,1543017412,1,1,"(0.7044084668159485, 0.09972012042999268)","(0.6750895977020264, 0.16534863412380219)",1,1,2.8368682861328125,2.629501342773437,"(-53.928192138671875, -23.972965240478516, 653.2207641601562)","(10.564977645874023, -25.60993194580078, 658.9490966796875)","(71.1057357788086, 182.42103576660156, 55.7540397644043)","(60.94566345214844, 170.39976501464844, 51.37868881225586)",POINT (0.6897490322589874 0.1325343772768974),,,,,,,,,,,,,,,,,,,,,,,,,,,,,,,,,,,,,,,,,,,,,,,,,
0,11,15,65344174338,1543034079,1,1,"(0.6924711465835571, 0.10120992362499237)","(0.6582319140434265, 0.15984795987606049)",1,1,2.854232788085937,2.62921142578125,"(-53.925514221191406, -23.971038818359375, 653.3050537109375)","(10.564157485961914, -25.61711311340332, 658.9012451171875)","(66.96902465820312, 182.1481170654297, 55.654762268066406)","(55.10386657714844, 171.40733337402344, 51.74541473388672)",POINT (0.6753515303134918 0.1305289417505264),,,,,,,,,,,,,,,,,,,,,,,,,,,,,,,,,,,,,,,,,,,,,,,,,
0,11,15,65344191004,1543050745,1,1,"(0.6964050531387329, 0.09332039207220078)","(0.6680265069007874, 0.1570507287979126)",1,1,2.8693389892578125,2.6204071044921875,"(-53.922218322753906, -23.988666534423828, 653.3177490234375)","(10.569589614868164, -25.6309871673584, 658.8887939453125)","(68.33228302001953, 183.59327697753906, 56.18068313598633)","(58.498046875, 171.91969299316406, 51.93193054199219)",POINT (0.6822157800197601 0.1251855604350567),,,,,,,,,,,,,,,,,,,,,,,,,,,,,,,,,,,,,,,,,,,,,,,,,
0,11,15,65344207672,1543067412,1,1,"(0.6897807121276855, 0.10166604816913605)","(0.6591167449951172, 0.151079922914505)",1,1,2.8769683837890625,2.627105712890625,"(-53.909393310546875, -24.005859375, 653.3558349609375)","(10.578238487243652, -25.659473419189453, 658.9605712890625)","(66.03668975830078, 182.06459045410156, 55.624324798583984)","(55.410491943359375, 173.0133819580078, 52.32993698120117)",POINT (0.6744487285614014 0.1263729855418205),,,,,,,,,,,,,,,,,,,,,,,,,,,,,,,,,,,,,,,,,,,,,,,,,
0,11,15,65344224339,1543084079,1,1,"(0.6952967643737793, 0.0863199234008789)","(0.66280198097229, 0.14675505459308624)",1,1,2.856475830078125,2.6420135498046875,"(-53.905052185058594, -24.0085506439209, 653.3328247070312)","(10.582714080810547, -25.66946792602539, 659.044189453125)","(67.94819641113281, 184.8755645751953, 56.647422790527344)","(56.68757247924805, 173.80557250976562, 52.61826705932617)",POINT (0.6790493726730347 0.1165374889969826),,,,,,,,,,,,,,,,,,,,,,,,,,,,,,,,,,,,,,,,,,,,,,,,,
0,11,15,65344241006,1543100745,1,1,"(0.6990420818328857, 0.08960563689470291)","(0.665503978729248, 0.15463557839393616)",1,1,2.8724517822265625,2.6419830322265625,"(-53.90955352783203, -24.003192901611328, 653.403564453125)","(10.58230972290039, -25.671337127685547, 659.0565185546875)","(69.24607849121094, 184.27369689941406, 56.42839431762695)","(57.62392044067383, 172.3621063232422, 52.092857360839844)",POINT (0.6822730302810669 0.1221206076443195),,,,,,,,,,,,,,,,,,,,,,,,,,,,,,,,,,,,,,,,,,,,,,,,,
0,11,15,65344257673,1543117412,1,1,"(0.6937645673751831, 0.10276227444410324)","(0.6617411375045776, 0.1317114233970642)",1,1,2.879364013671875,2.6205596923828125,"(-53.908203125, -24.014854431152344, 653.30859375)","(10.578311920166016, -25.689800262451172, 659.092529296875)","(67.41722106933594, 181.86378479003906, 55.55124282836914)","(56.31993865966797, 176.56114196777344, 53.621253967285156)",POINT (0.6777528524398804 0.1172368489205837),,,,,,,,,,,,,,,,,,,,,,,,,,,,,,,,,,,,,,,,,,,,,,,,,
0,11,15,65344274340,1543134078,1,1,"(0.6909984946250916, 0.10690148174762726)","(0.6653130650520325, 0.14616915583610535)",1,1,2.889739990234375,2.649017333984375,"(-53.929649353027344, -24.005359649658203, 653.4002685546875)","(10.569597244262695, -25.684999465942383, 659.0208740234375)","(66.45868682861328, 181.10562133789062, 55.275264739990234)","(57.55775833129883, 173.91290283203125, 52.657325744628906)",POINT (0.678155779838562 0.1265353187918663),,,,,,,,,,,,,,,,,,,,,,,,,,,,,,,,,,,,,,,,,,,,,,,,,
0,11,15,65344291009,1543150747,1,1,"(0.6942801475524902, 0.10510186851024628)","(0.6686842441558838, 0.1465195119380951)",1,1,2.89715576171875,2.6562042236328125,"(-53.95288848876953, -24.008180618286133, 653.3367919921875)","(10.549727439880371, -25.68606185913086, 658.91357421875)","(67.59590148925781, 181.4352569580078, 55.395225524902344)","(58.72599411010742, 173.84872436523438, 52.63397979736328)",POINT (0.681482195854187 0.1258106902241707),,,,,,,,,,,,,,,,,,,,,,,,,,,,,,,,,,,,,,,,,,,,,,,,,
0,11,15,65344307677,1543167414,1,1,"(0.6982221007347107, 0.10989607125520706)","(0.6653707027435303, 0.15133525431156158)",1,1,2.877670288085937,2.6427764892578125,"(-53.9841194152832, -24.00324249267578, 653.3433227539062)","(10.52755355834961, -25.667251586914062, 658.8900146484375)","(68.96192932128906, 180.5570831298828, 55.075626373291016)","(57.577728271484375, 172.96661376953125, 52.312923431396484)",POINT (0.6817964017391205 0.1306156627833843),,,,,,,,,,,,,,,,,,,,,,,,,,,,,,,,,,,,,,,,,,,,,,,,,
0,11,15,65344324343,1543184080,1,1,"(0.698771059513092, 0.12439101189374924)","(0.6662085056304932, 0.16125606000423431)",1,1,2.915130615234375,2.674713134765625,"(-54.02363586425781, -24.002880096435547, 653.504150390625)","(10.501508712768555, -25.64214324951172, 658.974853515625)","(69.15216064453125, 177.9020233154297, 54.10929489135742)","(57.868038177490234, 171.1494140625, 51.651519775390625)",POINT (0.6824897825717926 0.1428235359489918),,,,,,,,,,,,,,,,,,,,,,,,,,,,,,,,,,,,,,,,,,,,,,,1,,
0,11,15,65344341011,1543200747,1,1,"(0.7001892924308777, 0.11030624061822891)","(0.6622401475906372, 0.1545342057943344)",1,1,2.9195098876953125,2.650299072265625,"(-54.04740905761719, -23.9976749420166, 653.535888671875)","(10.459576606750488, -25.61125946044922, 659.0362548828125)","(69.64364624023438, 180.48196411132812, 55.04826736450195)","(56.492881774902344, 172.38064575195312, 52.09966278076172)",POINT (0.6812147200107574 0.1324202232062817),,,,,,,,,,,,,,,,,,,,,,,,,,,,,,,,,,,,,,,,,,,,,,,,,
0,11,15,65344357677,1543217413,1,1,"(0.6950539350509644, 0.12333730608224869)","(0.663637101650238, 0.1648649126291275)",1,1,2.9338836669921875,2.6435546875,"(-54.07562255859375, -24.00637435913086, 653.4596557617188)","(10.422637939453125, -25.611793518066406, 659.0736083984375)","(67.8640365600586, 178.09503173828125, 54.17951583862305)","(56.9769401550293, 170.48837280273438, 51.410888671875)",POINT (0.6793455183506012 0.1441011093556881),,,,,,,,,,,,,,,,,,,,,,,,,,,,,,,,,,,,,,,,,,,,,,,1,,
0,11,15,65344374345,1543234080,1,1,"(0.6940235495567322, 0.09400645643472672)","(0.6646127700805664, 0.166090726852417)",1,1,2.887680053710937,2.6487579345703125,"(-54.1097412109375, -24.00902557373047, 653.4656372070312)","(10.391851425170898, -25.609519958496094, 659.014892578125)","(67.50696563720703, 183.46762084960938, 56.13494873046875)","(57.3150634765625, 170.2638397216797, 51.329185485839844)",POINT (0.6793181598186493 0.1300485916435718),,,,,,,,,,,,,,,,,,,,,,,,,,,,,,,,,,,,,,,,,,,,,,,,,
0,11,15,65344391012,1543250747,1,1,"(0.6958120465278625, 0.12013032287359238)","(0.6656990051269531, 0.15088987350463867)",1,1,2.9320526123046875,2.6546630859375,"(-54.14045715332031, -24.02228546142578, 653.4012451171875)","(10.353878021240234, -25.622074127197266, 658.9796752929688)","(68.12675476074219, 178.6824493408203, 54.39334487915039)","(57.69148254394531, 173.04818725585938, 52.34263229370117)",POINT (0.6807555258274078 0.1355100981891155),,,,,,,,,,,,,,,,,,,,,,,,,,,,,,,,,,,,,,,,,,,,,,,,,
0,11,15,65344407679,1543267413,1,1,"(0.6990113854408264, 0.08445654064416885)","(0.6607694029808044, 0.15468551218509674)",1,1,2.874847412109375,2.6554718017578125,"(-54.169395446777344, -24.03550910949707, 653.4443359375)","(10.33319091796875, -25.627689361572266, 659.05224609375)","(69.23545837402344, 185.2168731689453, 56.771663665771484)","(55.98320007324219, 172.3529510498047, 52.089561462402344)",POINT (0.6798903942108154 0.1195710264146328),,,,,,,,,,,,,,,,,,,,,,,,,,,,,,,,,,,,,,,,,,,,,,,,,
0,11,15,65344424353,1543284087,1,1,"(0.7007277607917786, 0.11521836370229721)","(0.6646303534507751, 0.16043885052204132)",1,1,2.9416961669921875,2.672225952148437,"(-54.190574645996094, -24.056793212890625, 653.48876953125)","(10.315448760986328, -25.644668579101562, 658.9805908203125)","(69.83021545410156, 179.5821990966797, 54.72076416015625)","(57.321170806884766, 171.29908752441406, 51.70601272583008)",POINT (0.6826790571212769 0.1378286071121693),,,,,,,,,,,,,,,,,,,,,,,,,,,,,,,,,,,,,,,,,,,,,,,,,
0,11,15,65344441019,1543300753,1,1,"(0.7000423669815063, 0.09028909355401993)","(0.6608291268348694, 0.15939410030841827)",1,1,2.889129638671875,2.651641845703125,"(-54.206016540527344, -24.049304962158203, 653.509033203125)","(10.306366920471191, -25.633737564086914, 659.0528564453125)","(69.59273529052734, 184.14852905273438, 56.382789611816406)","(56.003902435302734, 171.490478515625, 51.775657653808594)",POINT (0.6804357469081879 0.1248415969312191),,,,,,,,,,,,,,,,,,,,,,,,,,,,,,,,,,,,,,,,,,,,,,,,,
0,11,15,65344457687,1543317420,1,1,"(0.6780346632003784, 0.11615404486656189)","(0.646057665348053, 0.15316493809223175)",1,1,2.94659423828125,2.659027099609375,"(-54.2854118347168, -24.057342529296875, 653.6641235351562)","(10.236772537231445, -25.628881454467773, 659.2108154296875)","(61.96625518798828, 179.4108123779297, 54.65840530395508)","(50.885047912597656, 172.6314697265625, 52.19096374511719)",POINT (0.6620461642742157 0.1346594914793968),,,,,,,,,,,,,,,,,,,,,,,,,,,,,,,,,,,,,,,,,,,,,,,,,
0,11,15,65344474353,1543334086,1,1,"(0.6650562882423401, 0.09555712342262268)","(0.6302032470703125, 0.1578044891357422)",1,1,2.9136199951171875,2.644317626953125,"(-54.30638885498047, -24.059112548828125, 653.5650634765625)","(10.171432495117188, -25.60788345336914, 659.1534423828125)","(57.46875, 183.18356323242188, 56.031620025634766)","(45.39091491699219, 171.78163146972656, 51.881629943847656)",POINT (0.6476297676563263 0.1266808062791824),,,,,,,,,,,,,,,,,,,,,,,,,,,,,,,,,,,,,,,,,,,,,,,,,
0,11,15,65344491021,1543350753,1,1,"(0.6635380387306213, 0.1206294596195221)","(0.6325303912162781, 0.15830422937870026)",1,1,2.951156616210937,2.6540679931640625,"(-54.28301239013672, -24.04644203186035, 653.5330200195312)","(10.196803092956543, -25.594839096069336, 659.1885375976562)","(56.94264602661133, 178.59103393554688, 54.36006546020508)","(46.19734573364258, 171.69007873535156, 51.84834671020508)",POINT (0.6480342149734497 0.1394668444991112),,,,,,,,,,,,,,,,,,,,,,,,,,,,,,,,,,,,,,,,,,,,,,,1,,
0,11,15,65344507688,1543367420,1,1,"(0.6611714363098145, 0.0856863483786583)","(0.6268059015274048, 0.14291387796401978)",1,1,2.8991241455078125,2.640350341796875,"(-54.28353500366211, -24.032140731811523, 653.5447998046875)","(10.20199203491211, -25.580799102783203, 659.08056640625)","(56.122535705566406, 184.99163818359375, 56.68960189819336)","(44.21360778808594, 174.50917053222656, 52.87439727783203)",POINT (0.6439886689186096 0.114300113171339),,,,,,,,,,,,,,,,,,,,,,,,,,,,,,,,,,,,,,,,,,,,,,,,,
0,11,15,65344524355,1543384086,1,1,"(0.6668658256530762, 0.10243654251098633)","(0.6331052780151367, 0.15306398272514343)",1,1,2.923812866210937,2.6452789306640625,"(-54.26983642578125, -24.02811050415039, 653.595458984375)","(10.221466064453125, -25.581933975219727, 659.0675048828125)","(58.0958251953125, 181.9234619140625, 55.572959899902344)","(46.396568298339844, 172.64996337890625, 52.197654724121094)",POINT (0.6499855518341064 0.1277502626180649),,,,,,,,,,,,,,,,,,,,,,,,,,,,,,,,,,,,,,,,,,,,,,,,,
0,11,15,65344541022,1543400753,1,1,"(0.6655563116073608, 0.1251886636018753)","(0.6343945860862732, 0.15094619989395142)",1,1,2.927734375,2.6409912109375,"(-54.25416946411133, -24.00796890258789, 653.537353515625)","(10.241128921508789, -25.578289031982422, 659.0188598632812)","(57.64204025268555, 177.75592041015625, 54.056095123291016)","(46.843379974365234, 173.03790283203125, 52.33884811401367)",POINT (0.649975448846817 0.1380674317479134),,,,,,,,,,,,,,,,,,,,,,,,,,,,,,,,,,,,,,,,,,,,,,,,,
0,11,15,65344557695,1543417425,1,1,"(0.6631931066513062, 0.10233265906572342)","(0.6301165819168091, 0.16066305339336395)",1,1,2.9093170166015625,2.6439208984375,"(-54.249855041503906, -24.020957946777344, 653.5620727539062)","(10.262516021728516, -25.599687576293945, 659.0302734375)","(56.82310485839844, 181.94248962402344, 55.57987594604492)","(45.36088943481445, 171.25802612304688, 51.69106674194336)",POINT (0.6466548442840576 0.1314978562295437),,,,,,,,,,,,,,,,,,,,,,,,,,,,,,,,,,,,,,,,,,,,,,,,,
0,11,15,65344574361,1543434091,1,1,"(0.6633040904998779, 0.10376738756895065)","(0.6304869055747986, 0.15965667366981506)",1,1,2.9107208251953125,2.64013671875,"(-54.23052978515625, -24.0294246673584, 653.541748046875)","(10.286456108093262, -25.615665435791016, 659.0411987304688)","(56.861568450927734, 181.67967224121094, 55.48423385620117)","(45.48922348022461, 171.44235229492188, 51.75815200805664)",POINT (0.6468954980373383 0.1317120306193829),,,,,,,,,,,,,,,,,,,,,,,,,,,,,,,,,,,,,,,,,,,,,,,,,
0,11,15,65344591029,1543450758,1,1,"(0.6642808318138123, 0.08485864847898483)","(0.6336879730224609, 0.1556486189365387)",1,1,2.9064483642578125,2.6451568603515625,"(-54.2252311706543, -24.042098999023438, 653.56640625)","(10.30181884765625, -25.626155853271484, 659.0408935546875)","(57.20002365112305, 185.14321899414062, 56.744850158691406)","(46.59850311279297, 172.176513671875, 52.02537155151367)",POINT (0.6489844024181366 0.1202536337077618),,,,,,,,,,,,,,,,,,,,,,,,,,,,,,,,,,,,,,,,,,,,,,,,,
0,11,15,65344607696,1543467425,1,1,"(0.6637371778488159, 0.064206562936306)","(0.6310915350914001, 0.15854030847549438)",1,1,2.857528686523437,2.6376953125,"(-54.20625305175781, -24.050451278686523, 653.5108642578125)","(10.314741134643555, -25.631858825683594, 659.0048828125)","(57.011634826660156, 188.9261016845703, 58.12168884277344)","(45.698726654052734, 171.6468505859375, 51.83257293701172)",POINT (0.647414356470108 0.1113734357059002),,,,,,,,,,,,,,,,,,,,,,,,,,,,,,,,,,,,,,,,,,,,,,,,,
0,11,15,65344624363,1543484091,1,1,"(0.6592974662780762, 0.08601323515176773)","(0.6261335611343384, 0.14712761342525482)",1,1,2.890960693359375,2.616195678710937,"(-54.19452667236328, -24.048622131347656, 653.4521484375)","(10.329973220825195, -25.62771224975586, 659.004150390625)","(55.4731330871582, 184.93174743652344, 56.66786193847656)","(43.98061752319336, 173.73733520507812, 52.59345626831055)",POINT (0.6427155137062073 0.1165704242885113),,,,,,,,,,,,,,,,,,,,,,,,,,,,,,,,,,,,,,,,,,,,,,,,,
0,11,15,65344641030,1543500758,1,1,"(0.6201323866844177, 0.23734092712402344)","(0.6044692397117615, 0.1712592989206314)",1,1,2.9912261962890625,2.576400756835937,"(-54.27595138549805, -24.11240577697754, 653.5703125)","(10.229889869689941, -25.72620391845703, 658.74267578125)","(41.9010009765625, 157.21282958984375, 46.57905197143555)","(36.4731330871582, 169.31710815429688, 50.98460388183594)",POINT (0.6123008131980896 0.2043001130223274),,,,,,,,,,,,,,,,,,,,,,,,,,,,,,,,,,,,,,,,,,,,,,,1,,
0,11,15,65344657697,1543517424,1,1,"(0.5671115517616272, 0.43451422452926636)","(0.5497241020202637, 0.47793063521385193)",1,1,2.9652252197265625,2.664276123046875,"(-54.36638641357422, -24.402915954589844, 653.3760375976562)","(9.974793434143066, -25.980716705322266, 659.027099609375)","(23.527320861816406, 121.09635925292969, 33.433677673339844)","(17.501941680908203, 113.14370727539062, 30.539180755615234)",POINT (0.5584178268909454 0.4562224298715591),,,,,,,,,,,,,,,,,,,,,,,,,,,,,,,,,,,,,,,,,,,,,,,,1,
0,11,15,65344674369,1543534096,1,1,"(0.5567106604576111, 0.6667982339859009)","(0.5325897932052612, 0.7316268086433411)",1,1,2.986114501953125,2.7063140869140625,"(-54.308311462402344, -24.733461380004883, 653.08837890625)","(9.831952095031738, -26.247371673583984, 658.575439453125)","(19.923030853271484, 78.54862213134766, 17.947568893432617)","(11.564269065856934, 66.67388153076172, 13.62551212310791)",POINT (0.5446502268314362 0.699212521314621),,,,,,,,,,,,,,,,,,,,,,,,,,,,,,,,,,,,,,,,,,,,,,,,,1
0,11,15,65344691037,1543550763,1,1,"(0.5433647036552429, 0.7186105847358704)","(0.5258805155754089, 0.7579330801963806)",1,1,2.9423370361328125,2.698760986328125,"(-54.375648498535156, -24.79340362548828, 653.3406982421875)","(9.828360557556152, -26.366477966308594, 658.3720092773438)","(15.298163414001465, 69.05806732177734, 14.493303298950195)","(9.239270210266113, 61.85531234741211, 11.871737480163574)",POINT (0.5346226096153259 0.7382718324661255),,,,,,,,,,,,,,,,,,,,,,,,,,,,,,,,,,,,,,,,,,,,,,,,,1
0,11,15,65344707704,1543567430,1,1,"(0.5531893372535706, 0.713141679763794)","(0.5193848013877869, 0.7523624897003174)",1,1,2.95709228515625,2.664901733398437,"(-54.45259475708008, -24.811199188232422, 653.43505859375)","(9.888006210327148, -26.3731746673584, 658.9095458984375)","(18.702756881713867, 70.059814453125, 14.857930183410645)","(6.988246440887451, 62.87568283081055, 12.243118286132812)",POINT (0.5362870693206787 0.7327520847320557),,,,,,,,,,,,,,,,,,,,,,,,,,,,,,,,,,,,,,,,,,,,,,,,,1
0,11,15,65344724371,1543584096,1,1,"(0.5363824367523193, 0.7182343006134033)","(0.5174297094345093, 0.7470536828041077)",1,1,2.95355224609375,2.6486053466796875,"(-54.451595306396484, -24.79376220703125, 653.399658203125)","(9.929159164428711, -26.372835159301758, 659.123779296875)","(12.878557205200195, 69.12696838378906, 14.518410682678223)","(6.310736656188965, 63.848106384277344, 12.597060203552246)",POINT (0.5269060730934143 0.7326439917087555),,,,,,,,,,,,,,,,,,,,,,,,,,,,,,,,,,,,,,,,,,,,,,,,,1
0,11,15,65344741038,1543600763,1,1,"(0.5486446619033813, 0.7339050769805908)","(0.5274484753608704, 0.7561741471290588)",1,1,2.941925048828125,2.665069580078125,"(-54.47030258178711, -24.781021118164062, 653.3485107421875)","(9.954642295837402, -26.366703033447266, 658.918701171875)","(17.12788200378418, 66.25654602050781, 13.47363567352295)","(9.782629013061523, 62.177490234375, 11.989001274108887)",POINT (0.5380465686321259 0.7450396120548248),,,,,,,,,,,,,,,,,,,,,,,,,,,,,,,,,,,,,,,,,,,,,,,,,1
0,11,15,65344757706,1543617430,1,1,"(0.5550093054771423, 0.7088008522987366)","(0.5139787197113037, 0.760342538356781)",1,1,2.9305572509765625,2.680038452148437,"(-54.47203826904297, -24.761940002441406, 653.324462890625)","(9.980443954467773, -26.35527801513672, 658.677978515625)","(19.333454132080078, 70.85494995117188, 15.14730167388916)","(5.114860534667969, 61.413970947265625, 11.71109390258789)",POINT (0.534494012594223 0.7345716953277588),,,,,,,,,,,,,,,,,,,,,,,,,,,,,,,,,,,,,,,,,,,,,,,,,1
0,11,15,65344774372,1543634096,1,1,"(0.5605263113975525, 0.7374187707901001)","(0.5241100192070007, 0.7630451917648315)",1,1,2.93377685546875,2.6743621826171875,"(-54.479637145996094, -24.75601577758789, 653.370849609375)","(10.001724243164062, -26.354551315307617, 658.59375)","(21.245304107666016, 65.61294555664062, 13.239410400390625)","(8.625718116760254, 60.91893005371094, 11.530935287475586)",POINT (0.5423181653022766 0.7502319812774658),,,,,,,,,,,,,,,,,,,,,,,,,,,,,,,,,,,,,,,,,,,,,,,,,1
0,11,15,65344791040,1543650763,1,1,"(0.5464522838592529, 0.7173662781715393)","(0.5167654156684875, 0.748505711555481)",1,1,2.9507598876953125,2.6833038330078125,"(-54.490997314453125, -24.742115020751953, 653.368896484375)","(10.007940292358398, -26.335777282714844, 658.6058349609375)","(16.36813735961914, 69.28599548339844, 14.576255798339844)","(6.080564975738525, 63.58213806152344, 12.500237464904785)",POINT (0.5316088497638702 0.7329359948635101),,,,,,,,,,,,,,,,,,,,,,,,,,,,,,,,,,,,,,,,,,,,,,,,,1
0,11,15,65344807711,1543667434,1,1,"(0.5449046492576599, 0.7186220288276672)","(0.5238518714904785, 0.7606798410415649)",1,1,2.975860595703125,2.703765869140625,"(-54.49964904785156, -24.736021041870117, 653.3193969726562)","(10.005326271057129, -26.323448181152344, 658.64208984375)","(15.8318452835083, 69.05597686767578, 14.492549896240234)","(8.53626537322998, 61.3521842956543, 11.68857479095459)",POINT (0.5343782603740692 0.7396509349346161),,,,,,,,,,,,,,,,,,,,,,,,,,,,,,,,,,,,,,,,,,,,,,,,,1
0,11,15,65344824378,1543684100,1,1,"(0.5444051623344421, 0.7193861603736877)","(0.5193405151367188, 0.7800787091255188)",1,1,2.97259521484375,2.69866943359375,"(-54.51129913330078, -24.726572036743164, 653.150146484375)","(9.975837707519531, -26.29416847229004, 658.774658203125)","(15.65872573852539, 68.91600036621094, 14.441611289978027)","(6.972924709320068, 57.79887390136719, 10.395298957824707)",POINT (0.5318728387355804 0.7497324347496033),,,,,,,,,,,,,,,,,,,,,,,,,,,,,,,,,,,,,,,,,,,,,,,,,1
0,11,15,65344841045,1543700767,1,1,"(0.5040691494941711, 0.6891070008277893)","(0.48895731568336487, 0.7771313190460205)",1,1,2.97418212890625,2.726806640625,"(-54.62427520751953, -24.72624969482422, 653.525634765625)","(9.877591133117676, -26.265592575073242, 658.741943359375)","(1.6808348894119263, 74.4622802734375, 16.460275650024414)","(-3.5559730529785156, 58.33877182006836, 10.591753005981445)",POINT (0.496513232588768 0.7331191599369049),,,,,,,,,,,,,,,,,,,,,,,,,,,,,,,,,,,,,,,,,,,,,,,,,1
0,11,15,65344857713,1543717434,1,1,"(0.5133310556411743, 0.7023995518684387)","(0.4938395917415619, 0.7730801701545715)",1,1,2.975311279296875,2.731719970703125,"(-54.65015411376953, -24.730316162109375, 653.6048583984375)","(9.875109672546387, -26.257965087890625, 658.7421264648438)","(4.890419960021973, 72.0274658203125, 15.574066162109375)","(-1.8640785217285156, 59.08078384399414, 10.861916542053223)",POINT (0.5035853236913681 0.7377398610115051),,,,,,,,,,,,,,,,,,,,,,,,,,,,,,,,,,,,,,,,,,,,,,,,,1
0,11,15,65344874379,1543734100,1,1,"(0.5262966156005859, 0.7084945440292358)","(0.4889429211616516, 0.7568541765213013)",1,1,2.9869537353515625,2.6803131103515625,"(-54.673683166503906, -24.730623245239258, 653.6488647460938)","(9.862944602966309, -26.262409210205078, 658.6944580078125)","(9.383458137512207, 70.91104125976562, 15.167720794677734)","(-3.560950994491577, 62.05292510986328, 11.943659782409668)",POINT (0.5076197683811188 0.7326743602752686),,,,,,,,,,,,,,,,,,,,,,,,,,,,,,,,,,,,,,,,,,,,,,,,,1
0,11,15,65344891047,1543750767,1,1,"(0.5181926488876343, 0.6906983852386475)","(0.4863802194595337, 0.7736753821372986)",1,1,2.9729766845703125,2.704681396484375,"(-54.68431854248047, -24.727474212646484, 653.635009765625)","(9.848649978637695, -26.243057250976562, 658.6349487304688)","(6.575136661529541, 74.1707763671875, 16.35419273376465)","(-4.449034690856934, 58.971778869628906, 10.822206497192383)",POINT (0.502286434173584 0.732186883687973),,,,,,,,,,,,,,,,,,,,,,,,,,,,,,,,,,,,,,,,,,,,,,,,,1
0,11,15,65344907713,1543767433,1,1,"(0.5262676477432251, 0.7056878209114075)","(0.48962637782096863, 0.7728688716888428)",1,1,3.000839233398437,2.69830322265625,"(-54.69562911987305, -24.72688102722168, 653.6810302734375)","(9.84263801574707, -26.234832763671875, 658.6231689453125)","(9.373429298400879, 71.42513275146484, 15.354887008666992)","(-3.324099063873291, 59.1194953918457, 10.875962257385254)",POINT (0.5079470127820969 0.7392783463001251),,,,,,,,,,,,,,,,,,,,,,,,,,,,,,,,,,,,,,,,,,,,,,,,,1
0,11,15,65344924381,1543784100,1,1,"(0.5257803797721863, 0.701646089553833)","(0.4820123314857483, 0.7857332825660706)",1,1,2.9984893798828125,2.7311248779296875,"(-54.69938278198242, -24.72418212890625, 653.680419921875)","(9.837685585021973, -26.21936798095703, 658.5872192382812)","(9.204544067382812, 72.16548156738281, 15.624312400817871)","(-5.9626569747924805, 56.76311111450195, 10.018306732177734)",POINT (0.5038963556289673 0.7436896860599518),,,,,,,,,,,,,,,,,,,,,,,,,,,,,,,,,,,,,,,,,,,,,,,,,1
0,11,15,65344941054,1543800773,1,1,"(0.519868016242981, 0.7021209597587585)","(0.5008640885353088, 0.7804365158081055)",1,1,3.0110015869140625,2.7322540283203125,"(-54.699317932128906, -24.72323226928711, 653.6804809570312)","(9.838184356689453, -26.20890998840332, 658.574951171875)","(7.1557230949401855, 72.0784912109375, 15.592649459838867)","(0.5701485872268677, 57.73332595825195, 10.3714599609375)",POINT (0.5103660523891449 0.741278737783432),,,,,,,,,,,,,,,,,,,,,,,,,,,,,,,,,,,,,,,,,,,,,,,,,1
0,11,15,65344957722,1543817440,1,1,"(0.5216676592826843, 0.7014564275741577)","(0.49169430136680603, 0.8031867146492004)",1,1,2.99932861328125,2.732528686523437,"(-54.697689056396484, -24.72124481201172, 653.6687622070312)","(9.839101791381836, -26.204689025878906, 658.551025390625)","(7.779364585876465, 72.2002182006836, 15.63693904876709)","(-2.6075005531311035, 53.56612777709961, 8.854717254638672)",POINT (0.5066809803247452 0.7523215711116791),,,,,,,,,,,,,,,,,,,,,,,,,,,,,,,,,,,,,,,,,,,,,,,,,1
0,11,15,65344974388,1543834106,1,1,"(0.5197665691375732, 0.715194821357727)","(0.501451849937439, 0.798017144203186)",1,1,2.99798583984375,2.709823608398437,"(-54.6882209777832, -24.723098754882812, 653.6815185546875)","(9.848788261413574, -26.212650299072266, 658.598876953125)","(7.120575428009033, 69.68373107910156, 14.721070289611816)","(0.7738601565361023, 54.5130729675293, 9.199321746826172)",POINT (0.5106092095375061 0.7566059827804565),,,,,,,,,,,,,,,,,,,,,,,,,,,,,,,,,,,,,,,,,,,,,,,,,
0,11,15,65344991055,1543850772,1,1,"(0.5216544270515442, 0.6949201226234436)","(0.4950491786003113, 0.7696913480758667)",1,1,2.9779052734375,2.7260894775390625,"(-54.68101119995117, -24.715238571166992, 653.6834716796875)","(9.859753608703613, -26.202991485595703, 658.6819458007812)","(7.774757385253906, 73.39746856689453, 16.07276153564453)","(-1.4449151754379272, 59.70155334472656, 11.087799072265625)",POINT (0.5083518028259277 0.7323057353496552),,,,,,,,,,,,,,,,,,,,,,,,,,,,,,,,,,,,,,,,,,,,,,,,,1
0,11,15,65345007723,1543867440,1,1,"(0.5142087936401367, 0.6999740600585938)","(0.49569863080978394, 0.7868093252182007)",1,1,2.998199462890625,2.7190093994140625,"(-54.670833587646484, -24.719127655029297, 653.6730346679688)","(9.868817329406738, -26.210006713867188, 658.7778930664062)","(5.194599628448486, 72.47174072265625, 15.7357759475708)","(-1.219872236251831, 56.56602478027344, 9.946566581726074)",POINT (0.5049537122249603 0.7433916926383972),,,,,,,,,,,,,,,,,,,,,,,,,,,,,,,,,,,,,,,,,,,,,,,,,1
0,11,15,65345024390,1543884106,1,1,"(0.5225644707679749, 0.707094669342041)","(0.489544540643692, 0.7860355973243713)",1,1,2.9786834716796875,2.736801147460937,"(-54.654117584228516, -24.720420837402344, 653.652099609375)","(9.889196395874023, -26.21361541748047, 658.945068359375)","(8.090130805969238, 71.16746520996094, 15.261041641235352)","(-3.3524763584136963, 56.70774459838867, 9.998149871826172)",POINT (0.5060545057058334 0.7465651333332062),,,,,,,,,,,,,,,,,,,,,,,,,,,,,,,,,,,,,,,,,,,,,,,,,1
0,11,15,65345041057,1543900773,1,1,"(0.511535108089447, 0.696620762348175)","(0.48986342549324036, 0.7767407298088074)",1,1,2.958709716796875,2.7183837890625,"(-54.634944915771484, -24.720474243164062, 653.595458984375)","(9.906685829162598, -26.21772575378418, 659.0526123046875)","(4.26806116104126, 73.08594512939453, 15.959360122680664)","(-3.2419633865356445, 58.41029357910156, 10.617817878723145)",POINT (0.5006992667913437 0.7366807460784912),,,,,,,,,,,,,,,,,,,,,,,,,,,,,,,,,,,,,,,,,,,,,,,,,1
0,11,15,65345057724,1543917439,1,1,"(0.5206877589225769, 0.6885698437690735)","(0.49218329787254333, 0.761828601360321)",1,1,2.9496002197265625,2.7110748291015625,"(-54.584068298339844, -24.717079162597656, 653.436767578125)","(9.935883522033691, -26.220863342285156, 659.2200927734375)","(7.439794540405273, 74.56066131591797, 16.49610137939453)","(-2.438039779663086, 61.14175796508789, 11.61202335357666)",POINT (0.5064355283975601 0.7251992225646973),,,,,,,,,,,,,,,,,,,,,,,,,,,,,,,,,,,,,,,,,,,,,,,,,1
0,11,15,65345074394,1543934109,1,1,"(0.5171554684638977, 0.6938508749008179)","(0.4889903962612152, 0.7711093425750732)",1,1,2.9635162353515625,2.707260131835937,"(-54.541046142578125, -24.71637725830078, 653.300537109375)","(9.941251754760742, -26.22883415222168, 659.112060546875)","(6.215723037719727, 73.59333038330078, 16.144014358520508)","(-3.5445103645324707, 59.44179916381836, 10.99329662322998)",POINT (0.5030729323625565 0.7324801087379456),,,,,,,,,,,,,,,,,,,,,,,,,,,,,,,,,,,,,,,,,,,,,,,,,1
0,11,15,65345091062,1543950776,1,1,"(0.5116001963615417, 0.696168839931488)","(0.4859185218811035, 0.7767131924629211)",1,1,2.9807891845703125,2.7210235595703125,"(-54.526878356933594, -24.709836959838867, 653.290771484375)","(9.958730697631836, -26.22185516357422, 659.0518798828125)","(4.290598392486572, 73.16876983642578, 15.989432334899902)","(-4.609021186828613, 58.41532516479492, 10.619688987731934)",POINT (0.4987593591213226 0.7364410161972046),,,,,,,,,,,,,,,,,,,,,,,,,,,,,,,,,,,,,,,,,,,,,,,,,1
0,11,15,65345107728,1543967442,1,1,"(0.5174925923347473, 0.7036643624305725)","(0.49495986104011536, 0.7854466438293457)",1,1,2.9623565673828125,2.6997222900390625,"(-54.51847839355469, -24.704181671142578, 653.3521728515625)","(9.971609115600586, -26.217931747436523, 658.9794921875)","(6.332536220550537, 71.79578399658203, 15.489778518676758)","(-1.4758695363998413, 56.81562042236328, 10.037415504455566)",POINT (0.5062262266874313 0.7445555031299591),,,,,,,,,,,,,,,,,,,,,,,,,,,,,,,,,,,,,,,,,,,,,,,,,1
0,11,15,65345124396,1543984109,1,1,"(0.5212898850440979, 0.6859420537948608)","(0.4770168960094452, 0.7678003907203674)",1,1,2.958236694335937,2.683822631835937,"(-54.516632080078125, -24.698795318603516, 653.5076904296875)","(9.992883682250977, -26.206899642944336, 658.787109375)","(7.648462295532227, 75.04199981689453, 16.67131233215332)","(-7.693760871887207, 60.04792022705078, 11.213858604431152)",POINT (0.4991533905267716 0.7268712222576141),,,,,,,,,,,,,,,,,,,,,,,,,,,,,,,,,,,,,,,,,,,,,,,,,1
0,11,15,65345141063,1544000776,1,1,"(0.5230023264884949, 0.6921253800392151)","(0.48700305819511414, 0.7735220193862915)",1,1,2.953598022460937,2.6854248046875,"(-54.51483154296875, -24.687355041503906, 653.5798950195312)","(10.001720428466797, -26.19717025756836, 658.6907348632812)","(8.241889953613281, 73.90940856933594, 16.259016036987305)","(-4.233199596405029, 58.9998664855957, 10.832427024841309)",POINT (0.5050026923418045 0.7328236997127533),,,,,,,,,,,,,,,,,,,,,,,,,,,,,,,,,,,,,,,,,,,,,,,,,1
0,11,15,65345157730,1544017442,1,1,"(0.518237829208374, 0.6967019438743591)","(0.4908125698566437, 0.7774266600608826)",1,1,2.946197509765625,2.665618896484375,"(-54.50783920288086, -24.66948127746582, 653.5570068359375)","(10.006006240844727, -26.18584442138672, 658.546630859375)","(6.590795040130615, 73.07109069824219, 15.953933715820312)","(-2.9130537509918213, 58.28464126586914, 10.572084426879883)",POINT (0.5045251995325089 0.7370643019676208),,,,,,,,,,,,,,,,,,,,,,,,,,,,,,,,,,,,,,,,,,,,,,,,,1
0,11,15,65345174397,1544034109,1,1,"(0.5219964385032654, 0.6958332657814026)","(0.49548521637916565, 0.7840820550918579)",1,1,2.944549560546875,2.646957397460937,"(-54.507598876953125, -24.682104110717773, 653.5930786132812)","(10.014928817749023, -26.19399070739746, 658.5823974609375)","(7.8932881355285645, 73.2302017211914, 16.011856079101562)","(-1.2937991619110107, 57.06557083129883, 10.128387451171875)",POINT (0.5087408274412155 0.7399576604366302),,,,,,,,,,,,,,,,,,,,,,,,,,,,,,,,,,,,,,,,,,,,,,,,,1
0,11,15,65345191065,1544050776,1,1,"(0.5224445462226868, 0.6970051527023315)","(0.4899250268936157, 0.7814943194389343)",1,1,2.9392242431640625,2.660919189453125,"(-54.50510025024414, -24.670185089111328, 653.5453491210938)","(10.014631271362305, -26.189088821411133, 658.5224609375)","(8.048562049865723, 73.01555633544922, 15.933720588684082)","(-3.2206194400787354, 57.53956604003906, 10.300926208496094)",POINT (0.5061847865581512 0.7392497360706329),,,,,,,,,,,,,,,,,,,,,,,,,,,,,,,,,,,,,,,,,,,,,,,,,1
0,11,15,65345207736,1544067447,1,1,"(0.5130255222320557, 0.6760910749435425)","(0.49698615074157715, 0.78333580493927)",1,1,2.9228515625,2.6394195556640625,"(-54.517635345458984, -24.674556732177734, 653.5431518554688)","(10.003059387207031, -26.193307876586914, 658.6547241210938)","(4.784560203552246, 76.8464126586914, 17.328046798706055)","(-0.7736836075782776, 57.2022705078125, 10.178132057189941)",POINT (0.5050058364868164 0.7297134399414062),,,,,,,,,,,,,,,,,,,,,,,,,,,,,,,,,,,,,,,,,,,,,,,,,1
0,11,15,65345224404,1544084114,1,1,"(0.5188814401626587, 0.6784011125564575)","(0.49952641129493713, 0.780815839767456)",1,1,2.916778564453125,2.647705078125,"(-54.52431869506836, -24.66421127319336, 653.5538330078125)","(9.99704647064209, -26.189102172851562, 658.6787719726562)","(6.813827037811279, 76.42327117919922, 17.174074172973633)","(0.10660216957330704, 57.66386795043945, 10.34613037109375)",POINT (0.5092039257287979 0.7296084761619568),,,,,,,,,,,,,,,,,,,,,,,,,,,,,,,,,,,,,,,,,,,,,,,,,1
0,11,15,65345241070,1544100780,1,1,"(0.5181934237480164, 0.706429660320282)","(0.49828311800956726, 0.7971611022949219)",1,1,2.94329833984375,2.6466217041015625,"(-54.549468994140625, -24.654020309448242, 653.549560546875)","(9.980063438415527, -26.195688247680664, 659.122802734375)","(6.575398921966553, 71.28926086425781, 15.305410385131836)","(-0.3242461085319519, 54.66986083984375, 9.256443977355957)",POINT (0.5082382708787918 0.7517953813076019),,,,,,,,,,,,,,,,,,,,,,,,,,,,,,,,,,,,,,,,,,,,,,,,,1
0,11,15,65345257738,1544117447,1,1,"(0.5150166153907776, 0.7033917903900146)","(0.4978857934474945, 0.788939356803894)",1,1,2.909759521484375,2.6518707275390625,"(-54.573631286621094, -24.65879249572754, 653.5576171875)","(9.959711074829102, -26.206594467163086, 659.45947265625)","(5.474538803100586, 71.845703125, 15.507959365844727)","(-0.4619300961494446, 56.17585372924805, 9.80457878112793)",POINT (0.506451204419136 0.7461655735969543),,,,,,,,,,,,,,,,,,,,,,,,,,,,,,,,,,,,,,,,,,,,,,,,,1
0,11,15,65345274405,1544134114,1,1,"(0.5197159051895142, 0.6947984099388123)","(0.4912499189376831, 0.7843663096427917)",1,1,2.937240600585937,2.625839233398437,"(-54.60308837890625, -24.676197052001953, 653.6246948242188)","(9.937881469726562, -26.212881088256836, 659.43603515625)","(7.103002071380615, 73.41978454589844, 16.0808162689209)","(-2.7614998817443848, 57.01348114013672, 10.109454154968262)",POINT (0.5054829120635986 0.739582359790802),,,,,,,,,,,,,,,,,,,,,,,,,,,,,,,,,,,,,,,,,,,,,,,,,1
0,11,15,65345291072,1544150780,1,1,"(0.5127522349357605, 0.6963722705841064)","(0.4948142170906067, 0.77850741147995)",1,1,2.9207916259765625,2.6713104248046875,"(-54.63898468017578, -24.719585418701172, 653.73828125)","(9.903728485107422, -26.23346519470215, 659.16064453125)","(4.689833641052246, 73.13147735595703, 15.975879669189453)","(-1.5263320207595825, 58.08668518066406, 10.500045776367188)",POINT (0.5037832260131836 0.7374398410320282),,,,,,,,,,,,,,,,,,,,,,,,,,,,,,,,,,,,,,,,,,,,,,,,,1
0,11,15,65345307739,1544167447,1,1,"(0.5264627933502197, 0.702578604221344)","(0.49007827043533325, 0.8030994534492493)",1,1,2.9120025634765625,2.6749267578125,"(-54.67974090576172, -24.732601165771484, 653.851806640625)","(9.86315631866455, -26.244552612304688, 658.922119140625)","(9.441057205200195, 71.99466705322266, 15.562150955200195)","(-3.1675190925598145, 53.5821418762207, 8.86051082611084)",POINT (0.5082705318927765 0.7528390288352966),,,,,,,,,,,,,,,,,,,,,,,,,,,,,,,,,,,,,,,,,,,,,,,,,1
0,11,15,65345324407,1544184114,1,1,"(0.5257402062416077, 0.7057720422744751)","(0.5005536079406738, 0.7769255042076111)",1,1,2.9176177978515625,2.67681884765625,"(-54.711219787597656, -24.754579544067383, 654.0377197265625)","(9.841272354125977, -26.28978157043457, 658.9588623046875)","(9.190649032592773, 71.40970611572266, 15.349267959594727)","(0.4625597298145294, 58.37643051147461, 10.605520248413086)",POINT (0.5131469070911407 0.7413487732410431),,,,,,,,,,,,,,,,,,,,,,,,,,,,,,,,,,,,,,,,,,,,,,,,,1
0,11,15,65345341076,1544200783,1,1,"(0.529581606388092, 0.7041663527488708)","(0.49532201886177063, 0.7708326578140259)",1,1,2.90032958984375,2.6558837890625,"(-54.7264404296875, -24.75098991394043, 654.046875)","(9.818614959716797, -26.291851043701172, 659.019775390625)","(10.521832466125488, 71.70382690429688, 15.45630931854248)","(-1.3503735065460205, 59.49248504638672, 11.01171875)",POINT (0.5124518126249313 0.7374995052814484),,,,,,,,,,,,,,,,,,,,,,,,,,,,,,,,,,,,,,,,,,,,,,,,,1
0,11,15,65345357743,1544217449,1,1,"(0.5200024247169495, 0.721287190914154)","(0.4877963364124298, 0.758866548538208)",1,1,2.941070556640625,2.676849365234375,"(-54.74384689331055, -24.75566864013672, 653.9121704101562)","(9.792764663696289, -26.308395385742188, 659.1281127929688)","(7.202300071716309, 68.56779479980469, 14.314865112304688)","(-3.958292245864868, 61.684326171875, 11.809460639953613)",POINT (0.5038993805646896 0.740076869726181),,,,,,,,,,,,,,,,,,,,,,,,,,,,,,,,,,,,,,,,,,,,,,,,,1
0,11,15,65345374409,1544234115,1,1,"(0.5258693695068359, 0.7052046060562134)","(0.49337413907051086, 0.7735714316368103)",1,1,2.902252197265625,2.711761474609375,"(-54.75139617919922, -24.756677627563477, 653.8267822265625)","(9.776164054870605, -26.306915283203125, 659.2608032226562)","(9.235408782958984, 71.5136489868164, 15.387064933776855)","(-2.0253853797912598, 58.990821838378906, 10.829126358032227)",POINT (0.5096217542886734 0.7393880188465118),,,,,,,,,,,,,,,,,,,,,,,,,,,,,,,,,,,,,,,,,,,,,,,,,1
0,11,15,65345391078,1544250783,1,1,"(0.5206906795501709, 0.7202574014663696)","(0.48340150713920593, 0.7678088545799255)",1,1,2.9359588623046875,2.644744873046875,"(-54.77021789550781, -24.764095306396484, 653.7763671875)","(9.753490447998047, -26.3046932220459, 659.3216552734375)","(7.440823078155518, 68.75641632080078, 14.383532524108887)","(-5.481253147125244, 60.046356201171875, 11.213302612304688)",POINT (0.5020460933446884 0.7440331280231476),,,,,,,,,,,,,,,,,,,,,,,,,,,,,,,,,,,,,,,,,,,,,,,,,1
0,11,15,65345407744,1544267449,1,1,"(0.5256345868110657, 0.710422158241272)","(0.49182096123695374, 0.7806142568588257)",1,1,2.9259033203125,2.6696319580078125,"(-54.77761459350586, -24.757125854492188, 653.6793823242188)","(9.74398422241211, -26.278972625732422, 659.3099365234375)","(9.154057502746582, 70.55795288085938, 15.039216041564941)","(-2.5636160373687744, 57.700767517089844, 10.35960578918457)",POINT (0.5087277740240097 0.7455182075500488),,,,,,,,,,,,,,,,,,,,,,,,,,,,,,,,,,,,,,,,,,,,,,,,,1
0,11,15,65345424412,1544284116,1,1,"(0.5190746784210205, 0.7175395488739014)","(0.4902966320514679, 0.7643918991088867)",1,1,2.91357421875,2.660736083984375,"(-54.78507614135742, -24.75930404663086, 653.5823974609375)","(9.7318115234375, -26.287233352661133, 659.26220703125)","(6.880804538726807, 69.2542495727539, 14.564724922180176)","(-3.091859817504883, 60.67223358154297, 11.441130638122559)",POINT (0.5046856552362442 0.740965723991394),,,,,,,,,,,,,,,,,,,,,,,,,,,,,,,,,,,,,,,,,,,,,,,,,1
0,11,15,65345441079,1544300783,1,1,"(0.5201005935668945, 0.7079195976257324)","(0.4912853538990021, 0.7866700291633606)",1,1,2.9313507080078125,2.67694091796875,"(-54.79030227661133, -24.75929069519043, 653.5457763671875)","(9.726720809936523, -26.28480339050293, 659.2265014648438)","(7.236306190490723, 71.0163345336914, 15.206049919128418)","(-2.749216079711914, 56.59150695800781, 9.955890655517578)",POINT (0.5056929737329483 0.7472948133945465),,,,,,,,,,,,,,,,,,,,,,,,,,,,,,,,,,,,,,,,,,,,,,,,,1
0,11,15,65345457746,1544317449,1,1,"(0.5169866681098938, 0.7145467400550842)","(0.486757755279541, 0.7648168802261353)",1,1,2.938018798828125,2.6836700439453125,"(-54.80140686035156, -24.755062103271484, 653.5316162109375)","(9.721623420715332, -26.278921127319336, 659.2265625)","(6.157230377197266, 69.80244445800781, 14.764257431030273)","(-4.318198204040527, 60.59438705444336, 11.412801742553711)",POINT (0.5018722116947174 0.7396818101406097),,,,,,,,,,,,,,,,,,,,,,,,,,,,,,,,,,,,,,,,,,,,,,,,,1
0,11,15,65345474422,1544334125,1,1,"(0.5175924301147461, 0.716073215007782)","(0.48075661063194275, 0.772172212600708)",1,1,2.915145874023437,2.679931640625,"(-54.8104362487793, -24.756860733032227, 653.5419311523438)","(9.718937873840332, -26.275283813476562, 659.1666870117188)","(6.367141246795654, 69.5228500366211, 14.66245174407959)","(-6.3978142738342285, 59.24711990356445, 10.922393798828125)",POINT (0.4991745203733444 0.744122713804245),,,,,,,,,,,,,,,,,,,,,,,,,,,,,,,,,,,,,,,,,,,,,,,,,1
0,11,15,65345491089,1544350791,1,1,"(0.5026391744613647, 0.7266156673431396)","(0.46504801511764526, 0.7765352725982666)",1,1,2.94769287109375,2.681610107421875,"(-54.86357498168945, -24.76858901977539, 653.7725830078125)","(9.690269470214844, -26.28177261352539, 659.1790771484375)","(1.1852924823760986, 67.59176635742188, 13.959609985351562)","(-11.841411590576172, 58.44792175292969, 10.631536483764648)",POINT (0.483843594789505 0.7515754699707031),,,,,,,,,,,,,,,,,,,,,,,,,,,,,,,,,,,,,,,,,,,,,,,,,
0,11,15,65345507756,1544367458,1,1,"(0.5139475464820862, 0.7225764393806458)","(0.48105525970458984, 0.7729949355125427)",1,1,2.938629150390625,2.680404663085937,"(-54.86673355102539, -24.768009185791016, 653.7600708007812)","(9.688863754272461, -26.269390106201172, 659.1192626953125)","(5.104065418243408, 68.3316421508789, 14.228899955749512)","(-6.294313430786133, 59.096412658691406, 10.867548942565918)",POINT (0.497501403093338 0.7477856874465942),,,,,,,,,,,,,,,,,,,,,,,,,,,,,,,,,,,,,,,,,,,,,,,,,1
0,11,15,65345524424,1544384125,1,1,"(0.5153055787086487, 0.7137861251831055)","(0.4772524833679199, 0.7687647938728333)",1,1,2.9207305908203125,2.68798828125,"(-54.8555793762207, -24.770965576171875, 653.6783447265625)","(9.696810722351074, -26.28518295288086, 659.047119140625)","(5.574683666229248, 69.94176483154297, 14.814946174621582)","(-7.612122535705566, 59.871246337890625, 11.149595260620117)",POINT (0.4962790310382843 0.7412754595279694),,,,,,,,,,,,,,,,,,,,,,,,,,,,,,,,,,,,,,,,,,,,,,,,,1
0,11,15,65345541090,1544400791,1,1,"(0.5081869959831238, 0.7333955764770508)","(0.4790414273738861, 0.7718092799186707)",1,1,2.939682006835937,2.6854248046875,"(-54.844818115234375, -24.77590560913086, 653.6083984375)","(9.705389976501465, -26.296533584594727, 659.0227661132812)","(3.1078269481658936, 66.3498764038086, 13.507613182067871)","(-6.992195129394531, 59.31357955932617, 10.946619987487793)",POINT (0.4936142116785049 0.7526024281978607),,,,,,,,,,,,,,,,,,,,,,,,,,,,,,,,,,,,,,,,,,,,,,,,,
0,11,15,65345557758,1544417458,1,1,"(0.5104145407676697, 0.7237661480903625)","(0.481601357460022, 0.7714393138885498)",1,1,2.941253662109375,2.6806640625,"(-54.82928466796875, -24.772869110107422, 653.50341796875)","(9.715664863586426, -26.303627014160156, 658.9865112304688)","(3.8797430992126465, 68.11370849609375, 14.149608612060547)","(-6.1050801277160645, 59.3813591003418, 10.971270561218262)",POINT (0.4960079491138458 0.7476027309894562),,,,,,,,,,,,,,,,,,,,,,,,,,,,,,,,,,,,,,,,,,,,,,,,,1
0,11,15,65345574424,1544434124,1,1,"(0.507163941860199, 0.7158713340759277)","(0.47884342074394226, 0.7564998865127563)",1,1,2.926025390625,2.6861572265625,"(-54.81414031982422, -24.774789810180664, 653.4100952148438)","(9.724174499511719, -26.3143310546875, 658.9619140625)","(2.7532846927642822, 69.55982208251953, 14.675922393798828)","(-7.060802936553955, 62.11783218383789, 11.967267036437988)",POINT (0.4930036813020706 0.736185610294342),,,,,,,,,,,,,,,,,,,,,,,,,,,,,,,,,,,,,,,,,,,,,,,,,1
0,11,15,65345591096,1544450795,1,1,"(0.5109078884124756, 0.7177750468254089)","(0.476959228515625, 0.7731928825378418)",1,1,2.9039459228515625,2.7098388671875,"(-54.78350067138672, -24.76748275756836, 653.260009765625)","(9.755563735961914, -26.31375503540039, 658.7691650390625)","(4.050698757171631, 69.21111297607422, 14.549001693725586)","(-7.713740825653076, 59.060150146484375, 10.854397773742676)",POINT (0.4939335584640503 0.7454839646816254),,,,,,,,,,,,,,,,,,,,,,,,,,,,,,,,,,,,,,,,,,,,,,,,,1
0,11,15,65345607763,1544467462,1,1,"(0.5167099833488464, 0.7146074771881104)","(0.47005292773246765, 0.7699927687644958)",1,1,2.9189605712890625,2.6902008056640625,"(-54.7633056640625, -24.74985694885254, 653.21533203125)","(9.77454948425293, -26.28563690185547, 658.708984375)","(6.061328887939453, 69.79134368896484, 14.760176658630371)","(-10.107028007507324, 59.64632034301758, 11.067729949951172)",POINT (0.493381455540657 0.7423001229763031),,,,,,,,,,,,,,,,,,,,,,,,,,,,,,,,,,,,,,,,,,,,,,,,,1
0,11,15,65345624430,1544484128,1,1,"(0.5097482800483704, 0.7237908840179443)","(0.4708097577095032, 0.7671112418174744)",1,1,2.966796875,2.67205810546875,"(-54.7356071472168, -24.742584228515625, 653.1839599609375)","(9.805268287658691, -26.29779815673828, 658.67236328125)","(3.6488678455352783, 68.10919189453125, 14.147942543029785)","(-9.844761848449707, 60.174129486083984, 11.259800910949707)",POINT (0.4902790188789368 0.7454510629177094),,,,,,,,,,,,,,,,,,,,,,,,,,,,,,,,,,,,,,,,,,,,,,,,,1
0,11,15,65345641097,1544500795,1,1,"(0.5182214975357056, 0.7226333022117615)","(0.4714009165763855, 0.7647544741630554)",1,1,2.96002197265625,2.690155029296875,"(-54.71025466918945, -24.733596801757812, 653.3675537109375)","(9.843202590942383, -26.280311584472656, 658.6112060546875)","(6.585160255432129, 68.32123565673828, 14.225090980529785)","(-9.639906883239746, 60.60581588745117, 11.416967391967773)",POINT (0.4948112070560455 0.7436938881874084),,,,,,,,,,,,,,,,,,,,,,,,,,,,,,,,,,,,,,,,,,,,,,,,,1
0,11,15,65345657765,1544517462,1,1,"(0.5242283940315247, 0.6748672127723694)","(0.5108564496040344, 0.749801516532898)",1,1,2.953887939453125,2.697052001953125,"(-54.621498107910156, -24.72121238708496, 653.4303588867188)","(9.918932914733887, -26.241626739501953, 658.9328002929688)","(8.66674518585205, 77.07060241699219, 17.409626007080078)","(4.03287935256958, 63.344783782958984, 12.413837432861328)",POINT (0.5175424218177795 0.7123343646526337),,,,,,,,,,,,,,,,,,,,,,,,,,,,,,,,,,,,,,,,,,,,,,,,,1
0,11,15,65345674432,1544534129,1,1,"(0.5236399173736572, 0.687806248664856)","(0.49874502420425415, 0.7574982643127441)",1,1,2.958587646484375,2.664794921875,"(-54.54338073730469, -24.72121810913086, 653.1209106445312)","(9.943553924560547, -26.253761291503906, 658.75244140625)","(8.462833404541016, 74.7005386352539, 16.547006607055664)","(-0.16417475044727325, 61.93495178222656, 11.900735855102539)",POINT (0.5111924707889557 0.7226522564888),,,,,,,,,,,,,,,,,,,,,,,,,,,,,,,,,,,,,,,,,,,,,,,,,1
0,11,15,65345691099,1544550795,1,1,"(0.5297226905822754, 0.7080628275871277)","(0.5000870823860168, 0.7461503148078918)",1,1,2.9985809326171875,2.701446533203125,"(-54.537445068359375, -24.7338809967041, 653.0863037109375)","(9.970869064331055, -26.292747497558594, 658.667236328125)","(10.570700645446777, 70.99011993408203, 15.19649887084961)","(0.30090054869651794, 64.01359558105469, 12.657238960266113)",POINT (0.5149048864841461 0.7271065711975098),,,,,,,,,,,,,,,,,,,,,,,,,,,,,,,,,,,,,,,,,,,,,,,,,1
0,11,15,65345707766,1544567462,1,1,"(0.5252995491027832, 0.704430878162384)","(0.4958741068840027, 0.7369804978370667)",1,1,2.975692749023437,2.6822509765625,"(-54.526031494140625, -24.734155654907227, 653.040283203125)","(9.987128257751465, -26.308334350585938, 658.546875)","(9.037944793701172, 71.65538024902344, 15.438640594482422)","(-1.1590486764907837, 65.69324493408203, 13.268584251403809)",POINT (0.5105868279933929 0.7207056879997253),,,,,,,,,,,,,,,,,,,,,,,,,,,,,,,,,,,,,,,,,,,,,,,,,1
0,11,15,65345724438,1544584133,1,1,"(0.534079909324646, 0.7138029932975769)","(0.49763572216033936, 0.7480207085609436)",1,1,2.93902587890625,2.7142791748046875,"(-54.531463623046875, -24.744136810302734, 653.0511474609375)","(10.006641387939453, -26.34795379638672, 658.4021606445312)","(12.080662727355957, 69.9386978149414, 14.813810348510742)","(-0.5485828518867493, 63.67097091674805, 12.532574653625488)",POINT (0.5158578157424927 0.7309118509292603),,,,,,,,,,,,,,,,,,,,,,,,,,,,,,,,,,,,,,,,,,,,,,,,,1
0,11,15,65345741104,1544600799,1,1,"(0.5197033882141113, 0.7095783948898315)","(0.4998909533023834, 0.7367359399795532)",1,1,2.960678100585937,2.6794586181640625,"(-54.523841857910156, -24.759231567382812, 652.9929809570312)","(10.022933959960938, -26.370243072509766, 658.2100830078125)","(7.098669528961182, 70.71250915527344, 15.095438957214355)","(0.23294934630393982, 65.7380142211914, 13.284930229187012)",POINT (0.5097971707582474 0.7231571674346924),,,,,,,,,,,,,,,,,,,,,,,,,,,,,,,,,,,,,,,,,,,,,,,,,1
0,11,15,65345757772,1544617466,1,1,"(0.5317548513412476, 0.6967799067497253)","(0.4956390857696533, 0.7464390397071838)",1,1,2.9677886962890625,2.665145874023437,"(-54.511741638183594, -24.778549194335938, 652.9710693359375)","(10.026921272277832, -26.372465133666992, 658.0426635742188)","(11.274948120117188, 73.05683898925781, 15.94872760772705)","(-1.2404865026474, 63.960697174072266, 12.638016700744629)",POINT (0.5136969685554504 0.7216094732284546),,,,,,,,,,,,,,,,,,,,,,,,,,,,,,,,,,,,,,,,,,,,,,,,,1
0,11,15,65345774439,1544634133,1,1,"(0.5326725244522095, 0.7093273401260376)","(0.4937277138233185, 0.7503240704536438)",1,1,2.9811248779296875,2.705474853515625,"(-54.50468063354492, -24.800363540649414, 652.9483642578125)","(10.02479362487793, -26.373077392578125, 657.994873046875)","(11.592947959899902, 70.75849151611328, 15.112190246582031)","(-1.9028358459472656, 63.249053955078125, 12.37899398803711)",POINT (0.513200119137764 0.7298257052898407),,,,,,,,,,,,,,,,,,,,,,,,,,,,,,,,,,,,,,,,,,,,,,,,,1
0,11,15,65345791106,1544650799,1,1,"(0.530387818813324, 0.6898812651634216)","(0.4989281892776489, 0.758162260055542)",1,1,2.9393768310546875,2.6793975830078125,"(-54.48833465576172, -24.826541900634766, 652.950927734375)","(10.029687881469727, -26.377620697021484, 658.0660400390625)","(10.801227569580078, 74.3204574584961, 16.408615112304688)","(-0.10068468749523163, 61.8133430480957, 11.856449127197266)",POINT (0.5146580040454865 0.7240217626094818),,,,,,,,,,,,,,,,,,,,,,,,,,,,,,,,,,,,,,,,,,,,,,,,,1
0,11,15,65345807773,1544667466,1,1,"(0.5324143171310425, 0.6942713856697083)","(0.5028713941574097, 0.7809216976165771)",1,1,2.973052978515625,2.6974334716796875,"(-54.48426818847656, -24.845386505126953, 652.9039916992188)","(10.034795761108398, -26.384498596191406, 658.161865234375)","(11.503454208374023, 73.51631927490234, 16.11595344543457)","(1.2657700777053833, 57.64445877075195, 10.339078903198242)",POINT (0.5176428556442261 0.7375965416431427),,,,,,,,,,,,,,,,,,,,,,,,,,,,,,,,,,,,,,,,,,,,,,,,,1
0,11,15,65345824440,1544684132,1,1,"(0.5367923378944397, 0.6914592385292053)","(0.4960826635360718, 0.7715539336204529)",1,1,2.952728271484375,2.66058349609375,"(-54.494483947753906, -24.866106033325195, 652.914306640625)","(10.030420303344727, -26.392108917236328, 658.1744384765625)","(13.02061939239502, 74.03141784667969, 16.303468704223633)","(-1.0867730379104614, 59.360382080078125, 10.963600158691406)",POINT (0.5164375007152557 0.7315065860748291),,,,,,,,,,,,,,,,,,,,,,,,,,,,,,,,,,,,,,,,,,,,,,,,,1
0,11,15,65345841107,1544700799,1,1,"(0.5218784213066101, 0.6818017363548279)","(0.4886094033718109, 0.7691414952278137)",1,1,2.9600067138671875,2.672149658203125,"(-54.528282165527344, -24.867427825927734, 652.90869140625)","(10.004911422729492, -26.40211296081543, 658.3075561523438)","(7.8523783683776855, 75.80038452148438, 16.947309494018555)","(-3.6765332221984863, 59.80225372314453, 11.124444007873535)",POINT (0.5052439123392105 0.7254716157913208),,,,,,,,,,,,,,,,,,,,,,,,,,,,,,,,,,,,,,,,,,,,,,,,,1
0,11,15,65345857780,1544717471,1,1,"(0.5184857845306396, 0.6954477429389954)","(0.47958090901374817, 0.7683987617492676)",1,1,2.9681549072265625,2.692352294921875,"(-54.534690856933594, -24.878572463989258, 652.82421875)","(9.997766494750977, -26.408981323242188, 658.2958984375)","(6.676712512969971, 73.30083465576172, 16.037553787231445)","(-6.805227279663086, 59.938297271728516, 11.174001693725586)",POINT (0.4990333467721939 0.7319232523441315),,,,,,,,,,,,,,,,,,,,,,,,,,,,,,,,,,,,,,,,,,,,,,,,,1
0,11,15,65345874446,1544734137,1,1,"(0.5141907334327698, 0.6733034253120422)","(0.4817133843898773, 0.7717711925506592)",1,1,2.9341278076171875,2.676910400390625,"(-54.56912612915039, -24.874305725097656, 652.9259033203125)","(9.984919548034668, -26.417207717895508, 658.4278564453125)","(5.18831729888916, 77.35702514648438, 17.51390838623047)","(-6.066248416900635, 59.32057189941406, 10.949137687683105)",POINT (0.4979520589113236 0.7225373089313507),,,,,,,,,,,,,,,,,,,,,,,,,,,,,,,,,,,,,,,,,,,,,,,,,1
0,11,15,65345891114,1544750804,1,1,"(0.5193228125572205, 0.6764631867408752)","(0.4821435809135437, 0.7558134198188782)",1,1,2.978607177734375,2.690521240234375,"(-54.5902099609375, -24.883224487304688, 652.958251953125)","(9.965543746948242, -26.42687225341797, 658.5003662109375)","(6.966789722442627, 76.77825164794922, 17.3032169342041)","(-5.917178153991699, 62.24357604980469, 12.01305866241455)",POINT (0.5007331967353821 0.7161383032798767),,,,,,,,,,,,,,,,,,,,,,,,,,,,,,,,,,,,,,,,,,,,,,,,,1
0,11,15,65345907781,1544767471,1,1,"(0.5221236944198608, 0.6839591264724731)","(0.4854948818683624, 0.760577917098999)",1,1,2.975067138671875,2.68988037109375,"(-54.62272644042969, -24.868186950683594, 653.0953369140625)","(9.943559646606445, -26.42177391052246, 658.680419921875)","(7.937412738800049, 75.40519714355469, 16.803489685058594)","(-4.755826950073242, 61.370849609375, 11.695417404174805)",POINT (0.5038092881441116 0.7222685217857361),,,,,,,,,,,,,,,,,,,,,,,,,,,,,,,,,,,,,,,,,,,,,,,,,1
0,11,15,65345924449,1544784138,1,1,"(0.5208302736282349, 0.6871963143348694)","(0.49315688014030457, 0.7575502991676331)",1,1,2.9601593017578125,2.6925201416015625,"(-54.66203689575195, -24.873626708984375, 653.2447509765625)","(9.903437614440918, -26.416955947875977, 658.7050170898438)","(7.489161491394043, 74.81224822998047, 16.587665557861328)","(-2.1006555557250977, 61.9254150390625, 11.897236824035645)",POINT (0.5069935768842697 0.7223733067512512),,,,,,,,,,,,,,,,,,,,,,,,,,,,,,,,,,,,,,,,,,,,,,,,,1
0,11,15,65345941115,1544800804,1,1,"(0.5266644358634949, 0.6767427325248718)","(0.5083490014076233, 0.7661650776863098)",1,1,2.9573974609375,2.641830444335937,"(-54.67735290527344, -24.874311447143555, 653.21826171875)","(9.871726989746094, -26.403987884521484, 658.5740966796875)","(9.510913848876953, 76.72705841064453, 17.284584045410156)","(3.163954019546509, 60.34746170043945, 11.322855949401855)",POINT (0.5175067186355591 0.7214539051055908),,,,,,,,,,,,,,,,,,,,,,,,,,,,,,,,,,,,,,,,,,,,,,,,,1
0,11,15,65345957782,1544817470,1,1,"(0.5253521203994751, 0.6793199181556702)","(0.4902524948120117, 0.7679868936538696)",1,1,2.916366577148437,2.6240692138671875,"(-54.685394287109375, -24.870418548583984, 653.0614013671875)","(9.835861206054688, -26.387378692626953, 658.383056640625)","(9.056147575378418, 76.25497436523438, 17.112794876098633)","(-3.107142925262451, 60.01375961303711, 11.20141315460205)",POINT (0.5078023076057434 0.7236534059047699),,,,,,,,,,,,,,,,,,,,,,,,,,,,,,,,,,,,,,,,,,,,,,,,,1
0,11,15,65345974450,1544834138,1,1,"(0.5227109789848328, 0.6747027635574341)","(0.49275243282318115, 0.7778245210647583)",1,1,2.9218902587890625,2.6968536376953125,"(-54.71185302734375, -24.892057418823242, 653.0332641601562)","(9.813106536865234, -26.38140106201172, 658.1445922851562)","(8.140920639038086, 77.10072326660156, 17.42058753967285)","(-2.2408175468444824, 58.211761474609375, 10.545564651489258)",POINT (0.507731705904007 0.7262636423110962),,,,,,,,,,,,,,,,,,,,,,,,,,,,,,,,,,,,,,,,,,,,,,,,,1
0,11,15,65345991124,1544850811,1,1,"(0.5234652161598206, 0.6687675714492798)","(0.4890974462032318, 0.7660759687423706)",1,1,2.952987670898437,2.656951904296875,"(-54.719970703125, -24.903148651123047, 652.9246826171875)","(9.807377815246582, -26.384239196777344, 658.1569213867188)","(8.402280807495117, 78.1878662109375, 17.816268920898438)","(-3.5074098110198975, 60.36377716064453, 11.328847885131836)",POINT (0.5062813311815262 0.7174217700958252),,,,,,,,,,,,,,,,,,,,,,,,,,,,,,,,,,,,,,,,,,,,,,,,,1
0,11,15,65346007791,1544867478,1,1,"(0.5215442776679993, 0.6751596927642822)","(0.4874207079410553, 0.7794596552848816)",1,1,2.9441375732421875,2.688095092773437,"(-54.730812072753906, -24.92418670654297, 652.8154296875)","(9.795835494995117, -26.397563934326172, 658.28955078125)","(7.736604690551758, 77.01701354980469, 17.390140533447266)","(-4.088455677032471, 57.912261962890625, 10.436553955078125)",POINT (0.5044824928045273 0.7273096740245819),,,,,,,,,,,,,,,,,,,,,,,,,,,,,,,,,,,,,,,,,,,,,,,,,1
0,11,15,65346024459,1544884145,1,1,"(0.5138258337974548, 0.6474632620811462)","(0.47918540239334106, 0.6911763548851013)",1,1,2.96697998046875,2.7125701904296875,"(-54.78601837158203, -24.829662322998047, 652.984375)","(9.762418746948242, -26.377445220947266, 658.5533447265625)","(5.061875343322754, 82.0902099609375, 19.236623764038086)","(-6.942288875579834, 74.08324432373047, 16.322301864624023)",POINT (0.496505618095398 0.6693198084831238),,,,,,,,,,,,,,,,,,,,,,,,,,,,,,,,,,,,,,,,,,,,,,,,,1
0,11,15,65346041125,1544900811,1,1,"(0.5113820433616638, 0.6077210903167725)","(0.48146408796310425, 0.6632722616195679)",1,1,2.922271728515625,2.6797332763671875,"(-54.77504348754883, -24.789926528930664, 653.105712890625)","(9.692026138305664, -26.35147476196289, 658.7110595703125)","(4.215006351470947, 89.36984252929688, 21.886178970336914)","(-6.152646541595459, 79.19444274902344, 18.182662963867188)",POINT (0.496423065662384 0.6354966759681702),,,,,,,,,,,,,,,,,,,,,,,,,,,,,,,,,,,,,,,,,,,,,,,,,1
0,11,15,65346057793,1544917478,1,1,"(0.5180706977844238, 0.6090388894081116)","(0.48578572273254395, 0.6775628328323364)",1,1,2.9117431640625,2.6954803466796875,"(-54.787635803222656, -24.80377197265625, 653.031982421875)","(9.698835372924805, -26.362565994262695, 658.6627807617188)","(6.532899856567383, 89.12844848632812, 21.79834747314453)","(-4.65504264831543, 76.57683563232422, 17.229900360107422)",POINT (0.5019282102584839 0.643300861120224),,,,,,,,,,,,,,,,,,,,,,,,,,,,,,,,,,,,,,,,,,,,,,,,,1
0,11,15,65346074459,1544934144,1,1,"(0.5097554326057434, 0.6013129949569702)","(0.4879382252693176, 0.6724450588226318)",1,1,2.908477783203125,2.6983184814453125,"(-54.82274627685547, -24.82761573791504, 653.0498046875)","(9.698639869689941, -26.368938446044922, 658.6029663085938)","(3.651350498199463, 90.54361724853516, 22.313383102416992)","(-3.909123420715332, 77.5142593383789, 17.57111930847168)",POINT (0.4988468289375305 0.636879026889801),,,,,,,,,,,,,,,,,,,,,,,,,,,,,,,,,,,,,,,,,,,,,,,,,1
0,11,15,65346091127,1544950811,1,1,"(0.5126854777336121, 0.5992874503135681)","(0.4809556007385254, 0.6650375127792358)",1,1,2.9362335205078125,2.68017578125,"(-54.8169059753418, -24.819168090820312, 652.9791870117188)","(9.714509963989258, -26.36248779296875, 658.5187377929688)","(4.666721820831299, 90.91463470458984, 22.448436737060547)","(-6.328863620758057, 78.87112426757812, 18.064950942993164)",POINT (0.4968205392360687 0.632162481546402),,,,,,,,,,,,,,,,,,,,,,,,,,,,,,,,,,,,,,,,,,,,,,,,,1
0,11,15,65346107794,1544967478,1,1,"(0.5102525949478149, 0.6057964563369751)","(0.4845752418041229, 0.6680890917778015)",1,1,2.940460205078125,2.6904449462890625,"(-54.83546447753906, -24.823110580444336, 653.0596923828125)","(9.714162826538086, -26.361602783203125, 658.4947509765625)","(3.8236167430877686, 89.72238159179688, 22.01445198059082)","(-5.074520587921143, 78.31214141845703, 17.86154556274414)",POINT (0.4974139183759689 0.6369427740573883),,,,,,,,,,,,,,,,,,,,,,,,,,,,,,,,,,,,,,,,,,,,,,,,,1
0,11,15,65346124463,1544984146,1,1,"(0.5145878791809082, 0.5936052203178406)","(0.4727144241333008, 0.6535405516624451)",1,1,2.907379150390625,2.6500396728515625,"(-54.82964324951172, -24.804523468017578, 653.0369262695312)","(9.722524642944336, -26.343395233154297, 658.4705810546875)","(5.3259711265563965, 91.9554672241211, 22.82725715637207)","(-9.18472671508789, 80.97703552246094, 18.831439971923828)",POINT (0.4936511516571045 0.6235728859901428),,,,,,,,,,,,,,,,,,,,,,,,,,,,,,,,,,,,,,,,,,,,,,,,,1
0,11,15,65346141130,1545000813,1,1,"(0.5158313512802124, 0.611166775226593)","(0.4737067222595215, 0.6465396881103516)",1,1,2.93780517578125,2.666046142578125,"(-54.82121658325195, -24.808347702026367, 653.0025024414062)","(9.738465309143066, -26.346954345703125, 658.3861083984375)","(5.756887912750244, 88.73869323730469, 21.656435012817383)","(-8.840850830078125, 82.2593765258789, 19.298189163208008)",POINT (0.4947690367698669 0.6288532316684723),,,,,,,,,,,,,,,,,,,,,,,,,,,,,,,,,,,,,,,,,,,,,,,,,1
0,11,15,65346157797,1545017479,1,1,"(0.5144160985946655, 0.6096920967102051)","(0.47684037685394287, 0.6517778038978577)",1,1,2.92645263671875,2.7106170654296875,"(-54.811920166015625, -24.80660057067871, 652.9801635742188)","(9.753128051757812, -26.344654083251953, 658.3023681640625)","(5.266450881958008, 89.00879669189453, 21.754779815673828)","(-7.754930019378662, 81.29991912841797, 18.948963165283203)",POINT (0.4956282377243042 0.6307349503040314),,,,,,,,,,,,,,,,,,,,,,,,,,,,,,,,,,,,,,,,,,,,,,,,,1
0,11,15,65346174465,1545034147,1,1,"(0.5124559998512268, 0.5956682562828064)","(0.4709169566631317, 0.6676445007324219)",1,1,2.9298553466796875,2.709335327148437,"(-54.80448913574219, -24.818180084228516, 652.9334716796875)","(9.766494750976562, -26.357946395874023, 658.2536010742188)","(4.587194919586182, 91.57756805419922, 22.689735412597656)","(-9.807612419128418, 78.39358520507812, 17.891159057617188)",POINT (0.4916864782571793 0.6316563785076141),,,,,,,,,,,,,,,,,,,,,,,,,,,,,,,,,,,,,,,,,,,,,,,,,1
0,11,15,65346191132,1545050813,1,1,"(0.5104203224182129, 0.6009178161621094)","(0.47215157747268677, 0.664085328578949)",1,1,2.917877197265625,2.6528472900390625,"(-54.78485107421875, -24.844097137451172, 652.9010620117188)","(9.790909767150879, -26.37353515625, 658.1810302734375)","(3.881755828857422, 90.61599731445312, 22.33976936340332)","(-9.379772186279297, 79.04551696777344, 18.12845230102539)",POINT (0.4912859499454498 0.6325015723705292),,,,,,,,,,,,,,,,,,,,,,,,,,,,,,,,,,,,,,,,,,,,,,,,,1
0,11,15,65346207798,1545067479,1,1,"(0.5146103501319885, 0.5855173468589783)","(0.47673678398132324, 0.6833066344261169)",1,1,2.9051971435546875,2.694976806640625,"(-54.759735107421875, -24.866680145263672, 652.822021484375)","(9.799762725830078, -26.377456665039062, 658.0853881835938)","(5.333731651306152, 93.43693542480469, 23.366479873657227)","(-7.790825843811035, 75.52472686767578, 16.846986770629883)",POINT (0.4956735670566559 0.6344119906425476),,,,,,,,,,,,,,,,,,,,,,,,,,,,,,,,,,,,,,,,,,,,,,,,,1
0,11,15,65346224466,1545084146,1,1,"(0.5116665959358215, 0.5918399095535278)","(0.4779042601585388, 0.6902204155921936)",1,1,2.9176025390625,2.6705322265625,"(-54.736785888671875, -24.896520614624023, 652.814208984375)","(9.801446914672852, -26.38332748413086, 658.1451416015625)","(4.313628196716309, 92.27880859375, 22.944961547851562)","(-7.386260032653809, 74.25833892822266, 16.386049270629883)",POINT (0.4947854280471802 0.6410301625728607),,,,,,,,,,,,,,,,,,,,,,,,,,,,,,,,,,,,,,,,,,,,,,,,,1
0,11,15,65346241133,1545100813,1,1,"(0.5131845474243164, 0.5815242528915405)","(0.48570767045021057, 0.707808792591095)",1,1,2.91583251953125,2.692718505859375,"(-54.71540451049805, -24.923049926757812, 652.864990234375)","(9.81076717376709, -26.399036407470703, 658.204833984375)","(4.8396453857421875, 94.16832733154297, 23.632728576660156)","(-4.682085990905762, 71.03663635253906, 15.213468551635742)",POINT (0.4994461089372635 0.6446665227413177),,,,,,,,,,,,,,,,,,,,,,,,,,,,,,,,,,,,,,,,,,,,,,,,,1
0,11,15,65346257806,1545117485,1,1,"(0.5146510004997253, 0.6031949520111084)","(0.48729175329208374, 0.6875790953636169)",1,1,2.940658569335937,2.70660400390625,"(-54.71271514892578, -24.93326187133789, 652.985595703125)","(9.824695587158203, -26.415132522583008, 658.2406005859375)","(5.347836971282959, 90.1988754272461, 22.187936782836914)","(-4.13316011428833, 74.74214172363281, 16.562124252319336)",POINT (0.5009713768959045 0.6453870236873627),,,,,,,,,,,,,,,,,,,,,,,,,,,,,,,,,,,,,,,,,,,,,,,,,1
0,11,15,65346274472,1545134151,1,1,"(0.5165248513221741, 0.5986335277557373)","(0.4840085208415985, 0.6873065233230591)",1,1,2.946197509765625,2.689666748046875,"(-54.71199035644531, -24.937713623046875, 653.0452270507812)","(9.835015296936035, -26.435354232788086, 658.3361206054688)","(5.997174263000488, 91.0344009399414, 22.492050170898438)","(-5.270911693572998, 74.79206848144531, 16.580322265625)",POINT (0.5002666860818863 0.6429700255393982),,,,,,,,,,,,,,,,,,,,,,,,,,,,,,,,,,,,,,,,,,,,,,,,,1
0,11,15,65346291140,1545150818,1,1,"(0.5200151801109314, 0.605678141117096)","(0.4939381182193756, 0.6765689849853516)",1,1,2.899200439453125,2.6955108642578125,"(-54.7082405090332, -24.941368103027344, 653.1773681640625)","(9.849868774414062, -26.44992446899414, 658.3478393554688)","(7.2067131996154785, 89.74405670166016, 22.02237319946289)","(-1.8299345970153809, 76.7588882446289, 17.296142578125)",POINT (0.5069766491651535 0.6411235630512238),,,,,,,,,,,,,,,,,,,,,,,,,,,,,,,,,,,,,,,,,,,,,,,,,1
0,11,15,65346307807,1545167485,1,1,"(0.525467038154602, 0.6096483469009399)","(0.48941004276275635, 0.6762449145317078)",1,1,2.9405975341796875,2.69964599609375,"(-54.7006721496582, -24.945575714111328, 653.262451171875)","(9.859416961669922, -26.458581924438477, 658.43115234375)","(9.095992088317871, 89.01683044433594, 21.7576961517334)","(-3.3990907669067383, 76.8182373046875, 17.317766189575195)",POINT (0.5074385404586792 0.6429466307163239),,,,,,,,,,,,,,,,,,,,,,,,,,,,,,,,,,,,,,,,,,,,,,,,,1
0,11,15,65346324473,1545184151,1,1,"(0.5181830525398254, 0.6117507219314575)","(0.4924810528755188, 0.6818632483482361)",1,1,2.951995849609375,2.7285308837890625,"(-54.70098876953125, -24.946781158447266, 653.2742919921875)","(9.86408805847168, -26.470306396484375, 658.4432373046875)","(6.571821689605713, 88.63172912597656, 21.617525100708008)","(-2.334864616394043, 75.78913116455078, 16.943195343017578)",POINT (0.5053320527076721 0.6468069851398468),,,,,,,,,,,,,,,,,,,,,,,,,,,,,,,,,,,,,,,,,,,,,,,,,1
0,11,15,65346341141,1545200818,1,1,"(0.5194991827011108, 0.5984633564949036)","(0.4906614124774933, 0.6705189347267151)",1,1,2.918792724609375,2.684600830078125,"(-54.68975830078125, -24.951080322265625, 653.276123046875)","(9.87582778930664, -26.496353149414062, 658.5026245117188)","(7.027917861938477, 91.06558227539062, 22.503379821777344)","(-2.9654409885406494, 77.86707305908203, 17.69953727722168)",POINT (0.5050802975893021 0.6344911456108093),,,,,,,,,,,,,,,,,,,,,,,,,,,,,,,,,,,,,,,,,,,,,,,,,1
0,11,15,65346357808,1545217485,1,1,"(0.48829829692840576, 0.6306703686714172)","(0.4532468616962433, 0.6654223799705505)",1,1,2.935638427734375,2.673248291015625,"(-54.7241325378418, -24.95892906188965, 653.0075073242188)","(9.812091827392578, -26.525497436523438, 658.3729248046875)","(-3.784342050552368, 85.16618347167969, 20.356185913085938)","(-15.930952072143555, 78.80062103271484, 18.03929901123047)",POINT (0.4707725793123245 0.6480463743209839),,,,,,,,,,,,,,,,,,,,,,,,,,,,,,,,,,,,,,,,,,,,,,,,,1
0,11,15,65346374475,1545234151,1,1,"(0.496249258518219, 0.6253044605255127)","(0.4625844955444336, 0.6766834855079651)",1,1,2.93878173828125,2.6840362548828125,"(-54.73014831542969, -24.967609405517578, 652.9948120117188)","(9.809553146362305, -26.521686553955078, 658.373046875)","(-1.0290380716323853, 86.1490478515625, 20.71394920349121)","(-12.695112228393555, 76.73790740966797, 17.288549423217773)",POINT (0.4794168770313263 0.6509939730167389),,,,,,,,,,,,,,,,,,,,,,,,,,,,,,,,,,,,,,,,,,,,,,,,,1
0,11,15,65346391146,1545250822,1,1,"(0.4916679859161377, 0.6296378970146179)","(0.45655250549316406, 0.673490047454834)",1,1,2.936141967773437,2.7217254638671875,"(-54.72521209716797, -24.973970413208008, 652.9476928710938)","(9.815428733825684, -26.539531707763672, 658.3487548828125)","(-2.6166253089904785, 85.35530853271484, 20.425010681152344)","(-14.785420417785645, 77.32286834716797, 17.50143051147461)",POINT (0.4741102457046509 0.651563972234726),,,,,,,,,,,,,,,,,,,,,,,,,,,,,,,,,,,,,,,,,,,,,,,,,1
0,11,15,65346407813,1545267488,1,1,"(0.4960988759994507, 0.6227118372917175)","(0.4659648835659027, 0.6861367225646973)",1,1,2.927978515625,2.7366485595703125,"(-54.73059844970703, -24.987091064453125, 652.9589233398438)","(9.814367294311523, -26.54550552368164, 658.313232421875)","(-1.0811697244644165, 86.62397766113281, 20.886768341064453)","(-11.523685455322266, 75.00635528564453, 16.658296585083008)",POINT (0.4810318797826767 0.6544242799282074),,,,,,,,,,,,,,,,,,,,,,,,,,,,,,,,,,,,,,,,,,,,,,,,,1
0,11,15,65346424480,1545284155,1,1,"(0.4988657832145691, 0.6154202818870544)","(0.46069279313087463, 0.6723644137382507)",1,1,2.93194580078125,2.722030639648437,"(-54.73683547973633, -24.987380981445312, 652.9579467773438)","(9.811406135559082, -26.545398712158203, 658.2889404296875)","(-0.12231685221195221, 87.95956420898438, 21.37287139892578)","(-13.350658416748047, 77.52904510498047, 17.576467514038086)",POINT (0.4797792881727219 0.6438923478126526),,,,,,,,,,,,,,,,,,,,,,,,,,,,,,,,,,,,,,,,,,,,,,,,,1
0,11,15,65346441148,1545300822,1,1,"(0.5002261996269226, 0.6164944767951965)","(0.4597301185131073, 0.6668835282325745)",1,1,2.927719116210937,2.717437744140625,"(-54.736995697021484, -25.004491806030273, 652.9217529296875)","(9.80999755859375, -26.568256378173828, 658.2290649414062)","(0.3491140604019165, 87.76280212402344, 21.301259994506836)","(-13.684266090393066, 78.53296661376953, 17.941905975341797)",POINT (0.479978159070015 0.6416890025138855),,,,,,,,,,,,,,,,,,,,,,,,,,,,,,,,,,,,,,,,,,,,,,,,,1
0,11,15,65346457814,1545317488,1,1,"(0.49886080622673035, 0.6398673057556152)","(0.4635680317878723, 0.6665297746658325)",1,1,2.9407196044921875,2.6938934326171875,"(-54.74237060546875, -25.006450653076172, 652.932861328125)","(9.808371543884277, -26.57260513305664, 658.2052001953125)","(-0.12406031787395477, 83.48157501220703, 19.74302101135254)","(-12.354276657104492, 78.59779357910156, 17.965457916259766)",POINT (0.4812144190073013 0.6531985402107239),,,,,,,,,,,,,,,,,,,,,,,,,,,,,,,,,,,,,,,,,,,,,,,,,1
0,11,15,65346474482,1545334155,1,1,"(0.49679502844810486, 0.6147383451461792)","(0.4627390205860138, 0.6713471412658691)",1,1,2.913055419921875,2.710189819335937,"(-54.74564743041992, -25.009628295898438, 652.920166015625)","(9.809295654296875, -26.58060073852539, 658.18115234375)","(-0.8399242758750916, 88.08446502685547, 21.41836929321289)","(-12.641566276550293, 77.71536254882812, 17.64433479309082)",POINT (0.4797670245170593 0.6430427432060242),,,,,,,,,,,,,,,,,,,,,,,,,,,,,,,,,,,,,,,,,,,,,,,,,1
0,11,15,65346491148,1545350821,1,1,"(0.4899371564388275, 0.6238420009613037)","(0.4719659388065338, 0.6749948263168335)",1,1,2.943572998046875,2.693695068359375,"(-54.74641036987305, -25.010774612426758, 652.9439086914062)","(9.812762260437012, -26.5855770111084, 658.1570434570312)","(-3.2164204120635986, 86.41695404052734, 20.811424255371094)","(-9.444098472595215, 77.04721069335938, 17.401119232177734)",POINT (0.4809515476226807 0.6494184136390686),,,,,,,,,,,,,,,,,,,,,,,,,,,,,,,,,,,,,,,,,,,,,,,,,1
0,11,15,65346507819,1545367491,1,1,"(0.4891603887081146, 0.631902277469635)","(0.4557812511920929, 0.6796152591705322)",1,1,2.921981811523437,2.7248992919921875,"(-54.739105224609375, -25.01363182067871, 652.9093627929688)","(9.812910079956055, -26.58899688720703, 658.12109375)","(-3.4855997562408447, 84.94052124023438, 20.274078369140625)","(-15.05269718170166, 76.20088958740234, 17.09307289123535)",POINT (0.4724708199501038 0.6557587683200836),,,,,,,,,,,,,,,,,,,,,,,,,,,,,,,,,,,,,,,,,,,,,,,,,1
0,11,15,65346524485,1545384157,1,1,"(0.496416300535202, 0.6166743040084839)","(0.46684029698371887, 0.6618556380271912)",1,1,2.9190216064453125,2.6881256103515625,"(-54.73054122924805, -25.00116729736328, 652.827392578125)","(9.816656112670898, -26.587482452392578, 658.156982421875)","(-0.9711588621139526, 87.72987365722656, 21.28926658630371)","(-11.220327377319336, 79.45393371582031, 18.277103424072266)",POINT (0.4816282987594604 0.6392649710178375),,,,,,,,,,,,,,,,,,,,,,,,,,,,,,,,,,,,,,,,,,,,,,,,,1
0,11,15,65346541152,1545400823,1,1,"(0.49511635303497314, 0.6235353946685791)","(0.45918017625808716, 0.6687498092651367)",1,1,2.9314422607421875,2.693389892578125,"(-54.721981048583984, -24.993045806884766, 652.7931518554688)","(9.821600914001465, -26.585323333740234, 658.192626953125)","(-1.4216313362121582, 86.47311401367188, 20.83186912536621)","(-13.874836921691895, 78.1911392211914, 17.817468643188477)",POINT (0.4771482646465302 0.6461426019668579),,,,,,,,,,,,,,,,,,,,,,,,,,,,,,,,,,,,,,,,,,,,,,,,,1
0,11,15,65346557820,1545417491,1,1,"(0.49988067150115967, 0.6261426210403442)","(0.4718482196331024, 0.663912296295166)",1,1,2.9200897216796875,2.704574584960937,"(-54.718101501464844, -24.97893524169922, 652.7939453125)","(9.830789566040039, -26.578907012939453, 658.2163696289062)","(0.22937557101249695, 85.99555206298828, 20.658023834228516)","(-9.484904289245605, 79.07723236083984, 18.139978408813477)",POINT (0.485864445567131 0.6450274586677551),,,,,,,,,,,,,,,,,,,,,,,,,,,,,,,,,,,,,,,,,,,,,,,,,1
0,11,15,65346574487,1545434157,1,1,"(0.5011425018310547, 0.6275778412818909)","(0.46014341711997986, 0.6662578582763672)",1,1,2.9327392578125,2.67034912109375,"(-54.72117614746094, -24.9665584564209, 652.8167724609375)","(9.834181785583496, -26.569351196289062, 658.2283325195312)","(0.6666467189788818, 85.7326431274414, 20.562368392944336)","(-13.541047096252441, 78.64756774902344, 17.983610153198242)",POINT (0.4806429594755173 0.646917849779129),,,,,,,,,,,,,,,,,,,,,,,,,,,,,,,,,,,,,,,,,,,,,,,,,1
0,11,15,65346591154,1545450824,1,1,"(0.48614710569381714, 0.6139919757843018)","(0.45938098430633545, 0.6791065335273743)",1,1,2.9181365966796875,2.724609375,"(-54.72344970703125, -24.96567726135254, 652.8048706054688)","(9.830866813659668, -26.57042694091797, 658.1805419921875)","(-4.529811382293701, 88.22119140625, 21.468124389648438)","(-13.805255889892578, 76.2940673828125, 17.127029418945312)",POINT (0.4727640450000763 0.646549254655838),,,,,,,,,,,,,,,,,,,,,,,,,,,,,,,,,,,,,,,,,,,,,,,,,1
0,11,15,65346607822,1545467491,1,1,"(0.49526330828666687, 0.6264666318893433)","(0.47042107582092285, 0.6714179515838623)",1,1,2.9496002197265625,2.7053985595703125,"(-54.730384826660156, -24.971664428710938, 652.8274536132812)","(9.823715209960938, -26.58005142211914, 658.20458984375)","(-1.3707102537155151, 85.93620300292969, 20.63641357421875)","(-9.979446411132812, 77.70240020751953, 17.639562606811523)",POINT (0.4828421920537949 0.6489422917366028),,,,,,,,,,,,,,,,,,,,,,,,,,,,,,,,,,,,,,,,,,,,,,,,,1
0,11,15,65346624488,1545484157,1,1,"(0.5014302730560303, 0.6632335186004639)","(0.4754737615585327, 0.7200377583503723)",1,1,2.9350738525390625,2.6906890869140625,"(-54.720298767089844, -25.01696014404297, 652.7453002929688)","(9.805927276611328, -26.591676712036133, 658.0014038085938)","(0.7663761377334595, 79.2015609741211, 18.185211181640625)","(-8.228506088256836, 68.7966537475586, 14.39815902709961)",POINT (0.4884520173072815 0.6916356384754181),,,,,,,,,,,,,,,,,,,,,,,,,,,,,,,,,,,,,,,,,,,,,,,,,1
0,11,15,65346641163,1545500831,1,1,"(0.494351327419281, 0.6530110239982605)","(0.46235743165016174, 0.7259158492088318)",1,1,2.9243316650390625,2.7060546875,"(-54.73638153076172, -25.04996681213379, 652.7066650390625)","(9.80373764038086, -26.592660903930664, 657.9896850585938)","(-1.6867461204528809, 81.07402038574219, 18.86675262451172)","(-12.773807525634766, 67.71995544433594, 14.006254196166992)",POINT (0.4783543795347214 0.6894634366035461),,,,,,,,,,,,,,,,,,,,,,,,,,,,,,,,,,,,,,,,,,,,,,,,,1
0,11,15,65346657829,1545517497,1,1,"(0.4977319538593292, 0.6401230692863464)","(0.46639561653137207, 0.742470383644104)",1,1,2.940292358398437,2.7217254638671875,"(-54.74076843261719, -25.08010482788086, 652.5989990234375)","(9.800976753234863, -26.600364685058594, 658.02587890625)","(-0.5152362585067749, 83.43473815917969, 19.725967407226562)","(-11.374420166015625, 64.68763732910156, 12.90259838104248)",POINT (0.4820637851953506 0.6912967264652252),,,,,,,,,,,,,,,,,,,,,,,,,,,,,,,,,,,,,,,,,,,,,,,,,1
0,11,15,65346674497,1545534164,1,1,"(0.5026630163192749, 0.6264567375183105)","(0.4626089632511139, 0.7506210207939148)",1,1,2.8712615966796875,2.712265014648437,"(-54.755455017089844, -25.091333389282227, 652.6207275390625)","(9.793258666992188, -26.612831115722656, 658.0621948242188)","(1.1935584545135498, 85.9380111694336, 20.637104034423828)","(-12.686639785766602, 63.19468307495117, 12.359200477600098)",POINT (0.4826359897851944 0.6885388791561127),,,,,,,,,,,,,,,,,,,,,,,,,,,,,,,,,,,,,,,,,,,,,,,,,1
0,11,15,65346691164,1545550831,1,1,"(0.5000155568122864, 0.6359695196151733)","(0.45984524488449097, 0.7457318305969238)",1,1,2.916473388671875,2.7144775390625,"(-54.76912307739258, -25.107555389404297, 652.6544189453125)","(9.787740707397461, -26.627422332763672, 658.0745239257812)","(0.27612435817718506, 84.19554901123047, 20.002849578857422)","(-13.644367218017578, 64.09022521972656, 12.685166358947754)",POINT (0.4799304008483887 0.6908506751060486),,,,,,,,,,,,,,,,,,,,,,,,,,,,,,,,,,,,,,,,,,,,,,,,,1
0,11,15,65346707831,1545567497,1,1,"(0.4963282346725464, 0.6602669954299927)","(0.4697222113609314, 0.7507347464561462)",1,1,2.946762084960937,2.714462280273437,"(-54.77561950683594, -25.11505126953125, 652.7008666992188)","(9.784418106079102, -26.632213592529297, 658.0626220703125)","(-1.0016754865646362, 79.74494171142578, 18.383005142211914)","(-10.221635818481445, 63.17384338378906, 12.351643562316895)",POINT (0.4830252230167389 0.7055008709430695),,,,,,,,,,,,,,,,,,,,,,,,,,,,,,,,,,,,,,,,,,,,,,,,,1
0,11,15,65346724498,1545584164,1,1,"(0.5021464228630066, 0.6489549875259399)","(0.4709934890270233, 0.7481823563575745)",1,1,2.9193572998046875,2.7202301025390625,"(-54.792449951171875, -25.11909294128418, 652.805419921875)","(9.785198211669922, -26.632976531982422, 658.0745849609375)","(1.0145477056503296, 81.81697082519531, 19.137155532836914)","(-9.781089782714844, 63.64136505126953, 12.521795272827148)",POINT (0.486569955945015 0.6985686719417572),,,,,,,,,,,,,,,,,,,,,,,,,,,,,,,,,,,,,,,,,,,,,,,,,1
0,11,15,65346741165,1545600830,1,1,"(0.4969988763332367, 0.6447004079818726)","(0.4705031216144562, 0.753128170967102)",1,1,2.905059814453125,2.7215576171875,"(-54.79364013671875, -25.115617752075195, 652.805419921875)","(9.785118103027344, -26.62558364868164, 658.1104125976562)","(-0.7692832946777344, 82.5962905883789, 19.420808792114258)","(-9.951025009155273, 62.73542022705078, 12.192089080810547)",POINT (0.4837509989738464 0.6989142894744873),,,,,,,,,,,,,,,,,,,,,,,,,,,,,,,,,,,,,,,,,,,,,,,,,1
0,11,15,65346757832,1545617497,1,1,"(0.4977399706840515, 0.6422572135925293)","(0.46264028549194336, 0.7449788451194763)",1,1,2.93133544921875,2.6988067626953125,"(-54.79353332519531, -25.13077163696289, 652.8411865234375)","(9.783845901489258, -26.637020111083984, 658.1104736328125)","(-0.5124657154083252, 83.0438232421875, 19.583681106567383)","(-12.675782203674316, 64.22814178466797, 12.735384941101074)",POINT (0.4801901280879974 0.6936180293560028),,,,,,,,,,,,,,,,,,,,,,,,,,,,,,,,,,,,,,,,,,,,,,,,,1
0,11,15,65346774503,1545634167,1,1,"(0.49131304025650024, 0.648822009563446)","(0.45887166261672974, 0.7398166656494141)",1,1,2.92181396484375,2.71185302734375,"(-54.785362243652344, -25.128700256347656, 652.8186645507812)","(9.788440704345703, -26.62857437133789, 658.1223754882812)","(-2.739624500274658, 81.84133911132812, 19.146018981933594)","(-13.981745719909668, 65.17372131347656, 13.079535484313965)",POINT (0.475092351436615 0.69431933760643),,,,,,,,,,,,,,,,,,,,,,,,,,,,,,,,,,,,,,,,,,,,,,,,,1
0,11,15,65346791169,1545650833,1,1,"(0.4869556725025177, 0.6428029537200928)","(0.4631442725658417, 0.7450547814369202)",1,1,2.9279327392578125,2.7108917236328125,"(-54.78720474243164, -25.143108367919922, 652.8781127929688)","(9.788297653198242, -26.639131546020508, 658.158447265625)","(-4.249606609344482, 82.94386291503906, 19.547286987304688)","(-12.501119613647461, 64.2142333984375, 12.730331420898438)",POINT (0.4750499725341797 0.6939288675785065),,,,,,,,,,,,,,,,,,,,,,,,,,,,,,,,,,,,,,,,,,,,,,,,,1
0,11,15,65346807837,1545667500,1,1,"(0.4942377209663391, 0.6298086047172546)","(0.45358017086982727, 0.7421197295188904)",1,1,2.945281982421875,2.7391510009765625,"(-54.7662467956543, -25.158119201660156, 652.8933715820312)","(9.805061340332031, -26.656211853027344, 658.1818237304688)","(-1.7261111736297607, 85.32402801513672, 20.41366195678711)","(-15.815435409545898, 64.75186920166016, 12.925963401794434)",POINT (0.4739089459180832 0.6859641671180725),,,,,,,,,,,,,,,,,,,,,,,,,,,,,,,,,,,,,,,,,,,,,,,,,1
0,11,15,65346824504,1545684167,1,1,"(0.48672837018966675, 0.6433119773864746)","(0.4718668758869171, 0.7335752844810486)",1,1,2.938140869140625,2.7356414794921875,"(-54.7422981262207, -25.16143226623535, 652.85009765625)","(9.821531295776367, -26.668180465698242, 658.2171630859375)","(-4.328380107879639, 82.85061645507812, 19.513389587402344)","(-9.478434562683105, 66.31694793701172, 13.495637893676758)",POINT (0.4792976230382919 0.6884436309337616),,,,,,,,,,,,,,,,,,,,,,,,,,,,,,,,,,,,,,,,,,,,,,,,,1
0,11,15,65346841172,1545700834,1,1,"(0.4912465810775757, 0.6425851583480835)","(0.4653904139995575, 0.7311842441558838)",1,1,2.9256744384765625,2.71051025390625,"(-54.72711181640625, -25.163700103759766, 652.8524780273438)","(9.840282440185547, -26.692455291748047, 658.28857421875)","(-2.7626566886901855, 82.9837417602539, 19.56183624267578)","(-11.722758293151855, 66.75492858886719, 13.655030250549316)",POINT (0.4783184975385666 0.6868847012519836),,,,,,,,,,,,,,,,,,,,,,,,,,,,,,,,,,,,,,,,,,,,,,,,,1
0,11,15,65346857838,1545717500,1,1,"(0.4946826994419098, 0.6401628255844116)","(0.4649137556552887, 0.7157233953475952)",1,1,2.93353271484375,2.7273712158203125,"(-54.7083740234375, -25.157367706298828, 652.9509887695312)","(9.878260612487793, -26.695112228393555, 658.3593139648438)","(-1.5719155073165894, 83.42745208740234, 19.723304748535156)","(-11.887948036193848, 69.5869140625, 14.685803413391113)",POINT (0.4797982275485992 0.6779431104660034),,,,,,,,,,,,,,,,,,,,,,,,,,,,,,,,,,,,,,,,,,,,,,,,,1
0,11,15,65346874506,1545734167,1,1,"(0.504389226436615, 0.635504424571991)","(0.4680332541465759, 0.7203755974769592)",1,1,2.9430084228515625,2.7168426513671875,"(-54.68671417236328, -25.153385162353516, 653.1578369140625)","(9.92431354522705, -26.691913604736328, 658.4896240234375)","(1.791747808456421, 84.28073120117188, 20.033899307250977)","(-10.806917190551758, 68.73475646972656, 14.375632286071777)",POINT (0.4862112402915955 0.6779400110244751),,,,,,,,,,,,,,,,,,,,,,,,,,,,,,,,,,,,,,,,,,,,,,,,,1
0,11,15,65346891173,1545750834,1,1,"(0.4917047321796417, 0.6453339457511902)","(0.45792120695114136, 0.7251518368721008)",1,1,2.9600830078125,2.6769256591796875,"(-54.63545227050781, -25.141828536987305, 653.142578125)","(9.975007057189941, -26.669776916503906, 658.2966918945312)","(-2.6038923263549805, 82.48025512695312, 19.37855339050293)","(-14.31110668182373, 67.85990142822266, 14.057199478149414)",POINT (0.4748129695653915 0.6852428913116455),,,,,,,,,,,,,,,,,,,,,,,,,,,,,,,,,,,,,,,,,,,,,,,,,1
0,11,15,65346907847,1545767507,1,1,"(0.48638883233070374, 0.6423278450965881)","(0.4657016396522522, 0.7392157316207886)",1,1,2.957260131835937,2.7220916748046875,"(-54.54430389404297, -25.13658905029297, 652.8475341796875)","(10.027408599853516, -26.669031143188477, 658.25927734375)","(-4.446051120758057, 83.03087615966797, 19.579008102416992)","(-11.614910125732422, 65.28379821777344, 13.119583129882812)",POINT (0.476045235991478 0.6907717883586884),,,,,,,,,,,,,,,,,,,,,,,,,,,,,,,,,,,,,,,,,,,,,,,,,1
0,11,15,65346924514,1545784174,1,1,"(0.49518251419067383, 0.6487010717391968)","(0.468308687210083, 0.7407679557800293)",1,1,2.9491729736328125,2.742462158203125,"(-54.49573516845703, -25.148462295532227, 652.8914184570312)","(10.071348190307617, -26.70556640625, 658.3057250976562)","(-1.3987013101577759, 81.86348724365234, 19.154077529907227)","(-10.711478233337402, 64.99948120117188, 13.016095161437988)",POINT (0.4817456007003784 0.694734513759613),,,,,,,,,,,,,,,,,,,,,,,,,,,,,,,,,,,,,,,,,,,,,,,,,1
0,11,15,65346941182,1545800841,1,1,"(0.5090753436088562, 0.6750420331954956)","(0.46863847970962524, 0.7451373338699341)",1,1,2.9473114013671875,2.7389373779296875,"(-54.460105895996094, -25.156801223754883, 653.040771484375)","(10.119662284851074, -26.755252838134766, 658.5076904296875)","(3.4156734943389893, 77.03857421875, 17.397985458374023)","(-10.597186088562012, 64.19915771484375, 12.724747657775879)",POINT (0.4888569116592407 0.7100896835327148),,,,,,,,,,,,,,,,,,,,,,,,,,,,,,,,,,,,,,,,,,,,,,,,,1
0,11,15,65346957848,1545817507,1,1,"(0.497495174407959, 0.6816168427467346)","(0.46972060203552246, 0.7275534272193909)",1,1,2.9723663330078125,2.711898803710937,"(-54.384605407714844, -25.152263641357422, 652.9221801757812)","(10.202057838439941, -26.770109176635742, 658.145751953125)","(-0.5972839593887329, 75.8342514038086, 16.959623336791992)","(-10.222187042236328, 67.42000579833984, 13.897062301635742)",POINT (0.4836078882217407 0.7045851349830627),,,,,,,,,,,,,,,,,,,,,,,,,,,,,,,,,,,,,,,,,,,,,,,,,1
0,11,15,65346974516,1545834174,1,1,"(0.4942244589328766, 0.6785468459129333)","(0.4694487750530243, 0.7359339594841003)",1,1,2.9497833251953125,2.7327117919921875,"(-54.315086364746094, -25.15092658996582, 652.7188720703125)","(10.245477676391602, -26.78563690185547, 658.1444702148438)","(-1.7307031154632568, 76.3965835571289, 17.164329528808594)","(-10.316394805908203, 65.8849105834961, 13.338393211364746)",POINT (0.4818366169929504 0.7072404026985168),,,,,,,,,,,,,,,,,,,,,,,,,,,,,,,,,,,,,,,,,,,,,,,,,1
0,11,15,65346991183,1545850841,1,1,"(0.49397215247154236, 0.6726722717285156)","(0.47584715485572815, 0.7343114018440247)",1,1,2.9708709716796875,2.75238037109375,"(-54.2775993347168, -25.132413864135742, 652.701416015625)","(10.284241676330566, -26.770694732666016, 658.287109375)","(-1.8181380033493042, 77.47264862060547, 17.55596160888672)","(-8.099117279052734, 66.18214416503906, 13.446504592895508)",POINT (0.4849096536636352 0.7034918367862701),,,,,,,,,,,,,,,,,,,,,,,,,,,,,,,,,,,,,,,,,,,,,,,,,1
0,11,15,65347007850,1545867507,1,1,"(0.4999443590641022, 0.6719661355018616)","(0.4676983654499054, 0.7349544167518616)",1,1,2.9824676513671875,2.7317047119140625,"(-54.26934051513672, -25.124427795410156, 652.9415283203125)","(10.322222709655762, -26.760272979736328, 658.3943481445312)","(0.25144538283348083, 77.60198211669922, 17.603073120117188)","(-10.922972679138184, 66.0643539428711, 13.403685569763184)",POINT (0.4838213622570038 0.7034602761268616),,,,,,,,,,,,,,,,,,,,,,,,,,,,,,,,,,,,,,,,,,,,,,,,,1
0,11,15,65347024517,1545884174,1,1,"(0.5098235011100769, 0.6793439388275146)","(0.4745592474937439, 0.7530838847160339)",1,1,2.9763336181640625,2.733871459960937,"(-54.24728012084961, -25.094083786010742, 652.99169921875)","(10.365069389343262, -26.72295379638672, 658.3685302734375)","(3.674926280975342, 76.2505874633789, 17.111169815063477)","(-8.545429229736328, 62.74353790283203, 12.195009231567383)",POINT (0.4921913743019104 0.7162139117717743),,,,,,,,,,,,,,,,,,,,,,,,,,,,,,,,,,,,,,,,,,,,,,,,,1
0,11,15,65347041187,1545900843,1,1,"(0.5041874051094055, 0.684705376625061)","(0.46190187335014343, 0.7435855865478516)",1,1,2.9862213134765625,2.758407592773437,"(-54.22827911376953, -25.080318450927734, 653.0194091796875)","(10.387125968933105, -26.707942962646484, 658.26025390625)","(1.7218343019485474, 75.26850128173828, 16.753768920898438)","(-12.931666374206543, 64.48335266113281, 12.82827377319336)",POINT (0.4830446392297745 0.7141454815864563),,,,,,,,,,,,,,,,,,,,,,,,,,,,,,,,,,,,,,,,,,,,,,,,,1
0,11,15,65347057854,1545917510,1,1,"(0.5053913593292236, 0.6847725510597229)","(0.46864816546440125, 0.7540042400360107)",1,1,2.990020751953125,2.6847686767578125,"(-54.201507568359375, -25.06862449645996, 653.04736328125)","(10.412324905395508, -26.699644088745117, 658.1995849609375)","(2.1390087604522705, 75.25623321533203, 16.749244689941406)","(-10.593823432922363, 62.57495880126953, 12.13365650177002)",POINT (0.4870197623968124 0.7193883955478668),,,,,,,,,,,,,,,,,,,,,,,,,,,,,,,,,,,,,,,,,,,,,,,,,1
0,11,15,65347074522,1545934177,1,1,"(0.49917903542518616, 0.6823925375938416)","(0.4532497525215149, 0.7538223266601562)",1,1,2.9869842529296875,2.728012084960937,"(-54.18307113647461, -25.063508987426758, 653.014892578125)","(10.423542976379395, -26.70524787902832, 658.1751708984375)","(-0.013763917610049248, 75.69216918945312, 16.907922744750977)","(-15.92994499206543, 62.6082763671875, 12.145795822143555)",POINT (0.4762143939733505 0.7181074321269989),,,,,,,,,,,,,,,,,,,,,,,,,,,,,,,,,,,,,,,,,,,,,,,,,1
0,11,15,65347091189,1545950844,1,1,"(0.5027299523353577, 0.6813453435897827)","(0.47480231523513794, 0.7681981325149536)",1,1,2.9925994873046875,2.753082275390625,"(-54.17962646484375, -25.06597900390625, 653.027099609375)","(10.43069839477539, -26.72426986694336, 658.1869506835938)","(1.2167692184448242, 75.88399505615234, 16.977720260620117)","(-8.461198806762695, 59.97504806518555, 11.187368392944336)",POINT (0.4887661337852478 0.7247717380523682),,,,,,,,,,,,,,,,,,,,,,,,,,,,,,,,,,,,,,,,,,,,,,,,,1
0,11,15,65347107856,1545967510,1,1,"(0.5014123320579529, 0.6863308548927307)","(0.45262840390205383, 0.7348238825798035)",1,1,2.96209716796875,2.731597900390625,"(-54.172550201416016, -25.077533721923828, 652.99267578125)","(10.435007095336914, -26.75572967529297, 658.1748046875)","(0.7601637840270996, 74.97078704833984, 16.64534568786621)","(-16.14527702331543, 66.08824920654297, 13.412378311157227)",POINT (0.4770203679800034 0.7105773687362671),,,,,,,,,,,,,,,,,,,,,,,,,,,,,,,,,,,,,,,,,,,,,,,,,1
0,11,15,65347124522,1545984176,1,1,"(0.5237166881561279, 0.6804516911506653)","(0.4949570596218109, 0.730876088142395)",1,1,2.987167358398437,2.7278594970703125,"(-54.09748840332031, -25.079984664916992, 652.6951904296875)","(10.472700119018555, -26.786319732666016, 658.2573852539062)","(8.489419937133789, 76.04766845703125, 17.03733253479004)","(-1.4768282175064087, 66.81139373779297, 13.67556095123291)",POINT (0.5093368738889694 0.7056638896465302),,,,,,,,,,,,,,,,,,,,,,,,,,,,,,,,,,,,,,,,,,,,,,,,,1
0,11,15,65347141191,1546000844,1,1,"(0.5233005285263062, 0.682238757610321)","(0.480623334646225, 0.7217271327972412)",1,1,2.9792633056640625,2.7284088134765625,"(-54.084327697753906, -25.08528709411621, 652.7213134765625)","(10.47524642944336, -26.791234970092773, 658.2572631835938)","(8.34521770477295, 75.72032165527344, 16.918195724487305)","(-6.443995475769043, 68.48721313476562, 14.285513877868652)",POINT (0.5019619315862656 0.7019829452037811),,,,,,,,,,,,,,,,,,,,,,,,,,,,,,,,,,,,,,,,,,,,,,,,,1
0,11,15,65347157857,1546017510,1,1,"(0.5172091126441956, 0.6942862868309021)","(0.48079901933670044, 0.7330914735794067)",1,1,3.002197265625,2.733016967773437,"(-54.10087203979492, -25.099454879760742, 652.71875)","(10.46528434753418, -26.797426223754883, 658.1856079101562)","(6.234323501586914, 73.51358032226562, 16.1149845123291)","(-6.38311767578125, 66.40558624267578, 13.527880668640137)",POINT (0.499004065990448 0.7136888802051544),,,,,,,,,,,,,,,,,,,,,,,,,,,,,,,,,,,,,,,,,,,,,,,,,1
0,11,15,65347174530,1546034182,1,1,"(0.5106227993965149, 0.6878594756126404)","(0.4810757339000702, 0.7226729989051819)",1,1,2.98065185546875,2.74176025390625,"(-54.122581481933594, -25.094480514526367, 652.8226318359375)","(10.457052230834961, -26.783676147460938, 658.23388671875)","(3.9519052505493164, 74.69078063964844, 16.543437957763672)","(-6.287229061126709, 68.3139419555664, 14.22249984741211)",POINT (0.4958492666482925 0.7052662372589111),,,,,,,,,,,,,,,,,,,,,,,,,,,,,,,,,,,,,,,,,,,,,,,,,1
0,11,15,65347191197,1546050849,1,1,"(0.5192445516586304, 0.6882461905479431)","(0.4854124188423157, 0.7424301505088806)",1,1,2.984130859375,2.743881225585937,"(-54.172733306884766, -25.08489227294922, 653.0405883789062)","(10.430627822875977, -26.751201629638672, 658.3546752929688)","(6.939655780792236, 74.61996459960938, 16.517675399780273)","(-4.784399509429932, 64.69500732421875, 12.905290603637695)",POINT (0.502328485250473 0.7153381705284119),,,,,,,,,,,,,,,,,,,,,,,,,,,,,,,,,,,,,,,,,,,,,,,,,1
0,11,15,65347207864,1546067515,1,1,"(0.5208480358123779, 0.6760252118110657)","(0.48612698912620544, 0.7452964186668396)",1,1,2.971466064453125,2.7351837158203125,"(-54.206851959228516, -25.08675193786621, 653.2261962890625)","(10.408622741699219, -26.742795944213867, 658.4271240234375)","(7.495341777801514, 76.8584976196289, 17.332408905029297)","(-4.536782741546631, 64.16999053955078, 12.714190483093262)",POINT (0.5034875124692917 0.7106608152389526),,,,,,,,,,,,,,,,,,,,,,,,,,,,,,,,,,,,,,,,,,,,,,,,,1
0,11,15,65347224531,1546084182,1,1,"(0.5210333466529846, 0.6811538934707642)","(0.49005770683288574, 0.7615193724632263)",1,1,2.9633331298828125,2.732635498046875,"(-54.23627853393555, -25.069515228271484, 653.3043212890625)","(10.381586074829102, -26.71986198425293, 658.6077270507812)","(7.5595598220825195, 75.91905975341797, 16.990497589111328)","(-3.1746466159820557, 61.19841003417969, 11.632646560668945)",POINT (0.5055455267429352 0.7213366329669952),,,,,,,,,,,,,,,,,,,,,,,,,,,,,,,,,,,,,,,,,,,,,,,,,1
0,11,15,65347241198,1546100848,1,1,"(0.5298084616661072, 0.6760780215263367)","(0.491123229265213, 0.7550144195556641)",1,1,2.959335327148437,2.7420654296875,"(-54.2536506652832, -25.062179565429688, 653.1219482421875)","(10.350923538208008, -26.72226333618164, 658.6807861328125)","(10.600452423095703, 76.84881591796875, 17.328889846801758)","(-2.805391788482666, 62.38992691040039, 12.066306114196777)",POINT (0.5104658454656601 0.7155462205410004),,,,,,,,,,,,,,,,,,,,,,,,,,,,,,,,,,,,,,,,,,,,,,,,,1
0,11,15,65347257865,1546117515,1,1,"(0.5243117213249207, 0.6963107585906982)","(0.48318004608154297, 0.7439700365066528)",1,1,2.995819091796875,2.7072906494140625,"(-54.26596450805664, -25.04606056213379, 652.9763793945312)","(10.326704025268555, -26.702404022216797, 658.5496826171875)","(8.695633888244629, 73.14276123046875, 15.979989051818848)","(-5.557999610900879, 64.41294860839844, 12.802597999572754)",POINT (0.5037458837032318 0.7201403975486755),,,,,,,,,,,,,,,,,,,,,,,,,,,,,,,,,,,,,,,,,,,,,,,,,1
0,11,15,65347274533,1546134182,1,1,"(0.5277040600776672, 0.7008553147315979)","(0.4874068796634674, 0.7678027749061584)",1,1,3.0025634765625,2.702789306640625,"(-54.295082092285156, -25.040538787841797, 652.9834594726562)","(10.296632766723633, -26.686189651489258, 658.4307861328125)","(9.871209144592285, 72.31031036376953, 15.67703628540039)","(-4.093242168426514, 60.04745864868164, 11.21369743347168)",POINT (0.5075554698705673 0.7343290448188782),,,,,,,,,,,,,,,,,,,,,,,,,,,,,,,,,,,,,,,,,,,,,,,,,1
0,11,15,65347291199,1546150848,1,1,"(0.5145235061645508, 0.698760986328125)","(0.4792521595954895, 0.7750817537307739)",1,1,2.9628448486328125,2.7353057861328125,"(-54.33024597167969, -25.037954330444336, 653.0732421875)","(10.268909454345703, -26.65961456298828, 658.3236694335938)","(5.303654193878174, 72.69393920898438, 15.816678047180176)","(-6.9191670417785645, 58.71415710449219, 10.728445053100586)",POINT (0.4968878328800201 0.7369213700294495),,,,,,,,,,,,,,,,,,,,,,,,,,,,,,,,,,,,,,,,,,,,,,,,,1
0,11,15,65347307873,1546167521,1,1,"(0.5220332741737366, 0.6911994814872742)","(0.48153963685035706, 0.7773932218551636)",1,1,3.005584716796875,2.6936187744140625,"(-54.35401153564453, -25.0419921875, 653.0694580078125)","(10.249324798583984, -26.653884887695312, 658.3363037109375)","(7.906061172485352, 74.0790023803711, 16.32074546813965)","(-6.1264543533325195, 58.290767669677734, 10.574341773986816)",POINT (0.5017864555120468 0.7342963516712189),,,,,,,,,,,,,,,,,,,,,,,,,,,,,,,,,,,,,,,,,,,,,,,,,1
0,11,15,65347324540,1546184188,1,1,"(0.5230065584182739, 0.6857014894485474)","(0.4805017113685608, 0.765982985496521)",1,1,2.9773101806640625,2.7126007080078125,"(-54.3937873840332, -25.039085388183594, 653.1945190429688)","(10.224048614501953, -26.635726928710938, 658.3010864257812)","(8.243319511413574, 75.08606719970703, 16.687299728393555)","(-6.486141681671143, 60.38079071044922, 11.33507251739502)",POINT (0.5017541348934174 0.7258422374725342),,,,,,,,,,,,,,,,,,,,,,,,,,,,,,,,,,,,,,,,,,,,,,,,,1
0,11,15,65347341207,1546200854,1,1,"(0.5203256607055664, 0.6809491515159607)","(0.47823411226272583, 0.7531514763832092)",1,1,2.9760894775390625,2.7005615234375,"(-54.43119812011719, -25.03711700439453, 653.2120361328125)","(10.202693939208984, -26.63584327697754, 658.4573974609375)","(7.314308166503906, 75.95657348632812, 17.004152297973633)","(-7.271955490112305, 62.73118209838867, 12.190497398376465)",POINT (0.4992798864841461 0.717050313949585),,,,,,,,,,,,,,,,,,,,,,,,,,,,,,,,,,,,,,,,,,,,,,,,,1
0,11,15,65347357874,1546217521,1,1,"(0.5224793553352356, 0.6881355047225952)","(0.4816998839378357, 0.7543315291404724)",1,1,2.996490478515625,2.7272491455078125,"(-54.45466613769531, -25.026107788085938, 653.1119384765625)","(10.181297302246094, -26.63895034790039, 658.6854248046875)","(8.060647964477539, 74.64024353027344, 16.525033950805664)","(-6.070934295654297, 62.515010833740234, 12.111804962158203)",POINT (0.5020896196365356 0.7212335169315338),,,,,,,,,,,,,,,,,,,,,,,,,,,,,,,,,,,,,,,,,,,,,,,,,1
0,11,15,65347374541,1546234187,1,1,"(0.5313132405281067, 0.6890836358070374)","(0.48849889636039734, 0.7611356973648071)",1,1,2.95263671875,2.744537353515625,"(-54.47585678100586, -25.011741638183594, 652.9656982421875)","(10.146780014038086, -26.632015228271484, 658.7340698242188)","(11.121910095214844, 74.46656036376953, 16.461862564086914)","(-3.714823007583618, 61.26866912841797, 11.658222198486328)",POINT (0.509906068444252 0.7251096665859222),,,,,,,,,,,,,,,,,,,,,,,,,,,,,,,,,,,,,,,,,,,,,,,,,1
0,11,15,65347391208,1546250854,1,1,"(0.5216649770736694, 0.6976926326751709)","(0.49035266041755676, 0.759851336479187)",1,1,2.971298217773437,2.7158966064453125,"(-54.494842529296875, -24.99146842956543, 652.9151611328125)","(10.112811088562012, -26.619583129882812, 658.7589721679688)","(7.778433799743652, 72.8896484375, 15.887859344482422)","(-3.07243275642395, 61.50393295288086, 11.74382495880127)",POINT (0.5060088187456131 0.728771984577179),,,,,,,,,,,,,,,,,,,,,,,,,,,,,,,,,,,,,,,,,,,,,,,,,1
0,11,15,65347407876,1546267521,1,1,"(0.5074319839477539, 0.6893640160560608)","(0.46977344155311584, 0.7386294603347778)",1,1,2.986190795898437,2.72515869140625,"(-54.54655456542969, -24.98153305053711, 653.0496826171875)","(10.035643577575684, -26.592702865600586, 658.150146484375)","(2.8461825847625732, 74.41519165039062, 16.44316291809082)","(-10.203876495361328, 65.39117431640625, 13.158677101135254)",POINT (0.4886027127504349 0.7139967381954193),,,,,,,,,,,,,,,,,,,,,,,,,,,,,,,,,,,,,,,,,,,,,,,,,1
0,11,15,65347424543,1546284188,1,1,"(0.522212028503418, 0.6806275248527527)","(0.478832870721817, 0.737449586391449)",1,1,2.9402618408203125,2.7122955322265625,"(-54.54833984375, -24.976760864257812, 653.025390625)","(10.027355194091797, -26.590152740478516, 658.0309448242188)","(7.967997074127197, 76.0154800415039, 17.025585174560547)","(-7.064458847045898, 65.60729217529297, 13.237333297729492)",POINT (0.5005224496126175 0.7090385556221008),,,,,,,,,,,,,,,,,,,,,,,,,,,,,,,,,,,,,,,,,,,,,,,,,1
0,11,15,65347441216,1546300860,1,1,"(0.5090955495834351, 0.6780679225921631)","(0.46468937397003174, 0.7277054190635681)",1,1,2.9698944091796875,2.676010131835937,"(-54.55309295654297, -24.9814510345459, 653.0604858398438)","(10.030685424804688, -26.592254638671875, 658.0787353515625)","(3.4226529598236084, 76.48431396484375, 17.196231842041016)","(-11.965703964233398, 67.39215850830078, 13.88693904876709)",POINT (0.4868924617767334 0.7028866708278656),,,,,,,,,,,,,,,,,,,,,,,,,,,,,,,,,,,,,,,,,,,,,,,,,1
0,11,15,65347457882,1546317526,1,1,"(0.5118440389633179, 0.6812657713890076)","(0.4744267165660858, 0.7425620555877686)",1,1,2.947784423828125,2.697784423828125,"(-54.549903869628906, -24.983922958374023, 653.0370483398438)","(10.029838562011719, -26.592601776123047, 658.0667724609375)","(4.375094413757324, 75.89856719970703, 16.983078002929688)","(-8.591362953186035, 64.67085266113281, 12.896513938903809)",POINT (0.4931353777647018 0.7119139134883881),,,,,,,,,,,,,,,,,,,,,,,,,,,,,,,,,,,,,,,,,,,,,,,,,1
0,11,15,65347474551,1546334194,1,1,"(0.5066033005714417, 0.6800559163093567)","(0.4788497984409332, 0.75910484790802)",1,1,2.9515380859375,2.72607421875,"(-54.5443229675293, -24.99222183227539, 653.0144653320312)","(10.03506851196289, -26.596405029296875, 658.0665283203125)","(2.559022903442383, 76.12017059326172, 17.0637149810791)","(-7.058597087860107, 61.64067459106445, 11.793600082397461)",POINT (0.4927265495061874 0.7195803821086884),,,,,,,,,,,,,,,,,,,,,,,,,,,,,,,,,,,,,,,,,,,,,,,,,1
0,11,15,65347491217,1546350860,1,1,"(0.5138772130012512, 0.6962982416152954)","(0.4792224168777466, 0.7525197863578796)",1,1,2.9131622314453125,2.7252655029296875,"(-54.5391845703125, -24.990251541137695, 652.9673461914062)","(10.041597366333008, -26.600605010986328, 658.1619873046875)","(5.07968807220459, 73.14505004882812, 15.980836868286133)","(-6.929462432861328, 62.84687042236328, 12.232603073120117)",POINT (0.4965498149394989 0.7244090139865875),,,,,,,,,,,,,,,,,,,,,,,,,,,,,,,,,,,,,,,,,,,,,,,,,1
0,11,15,65347507885,1546367527,1,1,"(0.5091975331306458, 0.6784102320671082)","(0.4856010973453522, 0.7585240602493286)",1,1,2.9409942626953125,2.7042388916015625,"(-54.53461456298828, -25.00057029724121, 652.9439697265625)","(10.047182083129883, -26.60618782043457, 658.1497802734375)","(3.4579989910125732, 76.4216079711914, 17.173416137695312)","(-4.719030380249023, 61.747066497802734, 11.83230209350586)",POINT (0.497399315237999 0.7184671461582184),,,,,,,,,,,,,,,,,,,,,,,,,,,,,,,,,,,,,,,,,,,,,,,,,1
0,11,15,65347524552,1546384194,1,1,"(0.49984779953956604, 0.6762070059776306)","(0.47660398483276367, 0.756128191947937)",1,1,2.9417877197265625,2.7098388671875,"(-54.53056716918945, -25.0037784576416, 652.9327392578125)","(10.058503150939941, -26.61403465270996, 658.1854858398438)","(0.2179882824420929, 76.82518768310547, 17.3203067779541)","(-7.836845397949219, 62.1859016418457, 11.992058753967285)",POINT (0.4882258921861649 0.7161675989627838),,,,,,,,,,,,,,,,,,,,,,,,,,,,,,,,,,,,,,,,,,,,,,,,,1
0,11,15,65347541219,1546400860,1,1,"(0.5091754794120789, 0.6802642345428467)","(0.47740909457206726, 0.7563477158546448)",1,1,2.940032958984375,2.700927734375,"(-54.53113555908203, -25.002317428588867, 652.908935546875)","(10.056875228881836, -26.612346649169922, 658.1615600585938)","(3.450371503829956, 76.08200073242188, 17.0498104095459)","(-7.557849407196045, 62.14571762084961, 11.977409362792969)",POINT (0.4932922869920731 0.7183059751987457),,,,,,,,,,,,,,,,,,,,,,,,,,,,,,,,,,,,,,,,,,,,,,,,,1
0,11,15,65347557890,1546417531,1,1,"(0.5027757287025452, 0.6858633756637573)","(0.47827744483947754, 0.7652003765106201)",1,1,2.940460205078125,2.725372314453125,"(-54.53392028808594, -25.000364303588867, 652.920166015625)","(10.057656288146973, -26.611522674560547, 658.173583984375)","(1.2326024770736694, 75.05640411376953, 16.676532745361328)","(-7.2569403648376465, 60.52416229248047, 11.387245178222656)",POINT (0.4905265867710114 0.7255318760871887),,,,,,,,,,,,,,,,,,,,,,,,,,,,,,,,,,,,,,,,,,,,,,,,,1
0,11,15,65347574558,1546434198,1,1,"(0.5040866136550903, 0.6927364468574524)","(0.4752082824707031, 0.7549371719360352)",1,1,2.9379425048828125,2.693572998046875,"(-54.53285598754883, -24.992530822753906, 652.8848876953125)","(10.05679988861084, -26.607898712158203, 658.1614990234375)","(1.6868922710418701, 73.79743957519531, 16.21836280822754)","(-8.320511817932129, 62.40407180786133, 12.0714750289917)",POINT (0.4896474480628967 0.7238368093967438),,,,,,,,,,,,,,,,,,,,,,,,,,,,,,,,,,,,,,,,,,,,,,,,,1
0,11,15,65347591224,1546450864,1,1,"(0.5068621635437012, 0.6929829120635986)","(0.4778091609477997, 0.7372555136680603)",1,1,2.9521026611328125,2.7171173095703125,"(-54.54008483886719, -24.98151397705078, 652.9193725585938)","(10.047887802124023, -26.597116470336914, 658.1620483398438)","(2.6487009525299072, 73.75232696533203, 16.201860427856445)","(-7.419207572937012, 65.6428451538086, 13.250280380249023)",POINT (0.4923356622457504 0.7151192128658295),,,,,,,,,,,,,,,,,,,,,,,,,,,,,,,,,,,,,,,,,,,,,,,,,1
0,11,15,65347607892,1546467531,1,1,"(0.49670761823654175, 0.693088710308075)","(0.4792267084121704, 0.754940927028656)",1,1,2.939697265625,2.6748504638671875,"(-54.550540924072266, -24.98386001586914, 652.9405517578125)","(10.042022705078125, -26.593433380126953, 658.114501953125)","(-0.8702024817466736, 73.7329330444336, 16.19481658935547)","(-6.9279704093933105, 62.40338897705078, 12.071191787719727)",POINT (0.4879671633243561 0.7240148186683655),,,,,,,,,,,,,,,,,,,,,,,,,,,,,,,,,,,,,,,,,,,,,,,,,1
0,11,15,65347624558,1546484197,1,1,"(0.5110207200050354, 0.6846166849136353)","(0.4838445782661438, 0.7367240786552429)",1,1,2.9198150634765625,2.71429443359375,"(-54.5527229309082, -24.98408317565918, 652.92919921875)","(10.042228698730469, -26.590991973876953, 658.1383056640625)","(4.089837551116943, 75.28475189208984, 16.75967788696289)","(-5.32771110534668, 65.74019622802734, 13.285688400268555)",POINT (0.4974326491355896 0.7106703817844391),,,,,,,,,,,,,,,,,,,,,,,,,,,,,,,,,,,,,,,,,,,,,,,,,1
0,11,15,65347641226,1546500864,1,1,"(0.48567768931388855, 0.6883051991462708)","(0.4761710464954376, 0.7356413006782532)",1,1,2.944580078125,2.6946563720703125,"(-54.558982849121094, -24.983280181884766, 652.8922119140625)","(10.03854751586914, -26.589500427246094, 658.1027221679688)","(-4.692487716674805, 74.60914611816406, 16.513702392578125)","(-7.986882209777832, 65.93853759765625, 13.357866287231445)",POINT (0.4809243679046631 0.711973249912262),,,,,,,,,,,,,,,,,,,,,,,,,,,,,,,,,,,,,,,,,,,,,,,,,1
0,11,15,65347657893,1546517531,1,1,"(0.5065662264823914, 0.6722992658615112)","(0.48664379119873047, 0.7399530410766602)",1,1,2.93402099609375,2.70684814453125,"(-54.56072235107422, -24.983835220336914, 652.8671875)","(10.038544654846191, -26.5888614654541, 658.1026611328125)","(2.5461695194244385, 77.54098510742188, 17.58082389831543)","(-4.35769510269165, 65.14873504638672, 13.070422172546387)",POINT (0.4966050088405609 0.7061261534690857),,,,,,,,,,,,,,,,,,,,,,,,,,,,,,,,,,,,,,,,,,,,,,,,,1
0,11,15,65347674561,1546534198,1,1,"(0.5082278847694397, 0.6827820539474487)","(0.4789421558380127, 0.7367706298828125)",1,1,2.9228057861328125,2.6925201416015625,"(-54.55769348144531, -24.982173919677734, 652.8917846679688)","(10.04676628112793, -26.586355209350586, 658.150146484375)","(3.1219940185546875, 75.62083435058594, 16.881925582885742)","(-7.026587009429932, 65.73165893554688, 13.282593727111816)",POINT (0.4935850203037262 0.7097763419151306),,,,,,,,,,,,,,,,,,,,,,,,,,,,,,,,,,,,,,,,,,,,,,,,,1
0,11,15,65347691231,1546550868,1,1,"(0.5027188658714294, 0.6873770952224731)","(0.4832152724266052, 0.731209397315979)",1,1,2.9396514892578125,2.6852569580078125,"(-54.54808044433594, -24.97625732421875, 652.8582763671875)","(10.056325912475586, -26.584392547607422, 658.2337036132812)","(1.212922215461731, 74.7791519165039, 16.575590133666992)","(-5.545807361602783, 66.75031280517578, 13.653383255004883)",POINT (0.4929670691490173 0.7092932462692261),,,,,,,,,,,,,,,,,,,,,,,,,,,,,,,,,,,,,,,,,,,,,,,,,1
0,11,15,65347707898,1546567534,1,1,"(0.497383713722229, 0.6754415035247803)","(0.47087934613227844, 0.7354024648666382)",1,1,2.9424285888671875,2.7123565673828125,"(-54.533180236816406, -24.965063095092773, 652.81298828125)","(10.08262825012207, -26.577983856201172, 658.2445068359375)","(-0.635906457901001, 76.96540069580078, 17.371349334716797)","(-9.82065200805664, 65.98228454589844, 13.373784065246582)",POINT (0.4841315299272537 0.7054219841957092),,,,,,,,,,,,,,,,,,,,,,,,,,,,,,,,,,,,,,,,,,,,,,,,,1
0,11,15,65347724565,1546584201,1,1,"(0.5083159804344177, 0.6781098246574402)","(0.4729246497154236, 0.7395375370979309)",1,1,2.941314697265625,2.693267822265625,"(-54.514076232910156, -24.961177825927734, 652.7569580078125)","(10.12483024597168, -26.575439453125, 658.1717529296875)","(3.1525044441223145, 76.47663879394531, 17.19344711303711)","(-9.111870765686035, 65.22486114501953, 13.098138809204102)",POINT (0.4906203150749206 0.7088236808776855),,,,,,,,,,,,,,,,,,,,,,,,,,,,,,,,,,,,,,,,,,,,,,,,,1
0,11,15,65347741233,1546600868,1,1,"(0.5017795562744141, 0.6768147945404053)","(0.46626055240631104, 0.7257638573646545)",1,1,2.9380035400390625,2.704498291015625,"(-54.48993682861328, -24.947551727294922, 652.6649169921875)","(10.169228553771973, -26.567554473876953, 658.134521484375)","(0.8874000310897827, 76.71385192871094, 17.27977180480957)","(-11.421228408813477, 67.7477798461914, 14.016414642333984)",POINT (0.4840200543403626 0.7012893259525299),,,,,,,,,,,,,,,,,,,,,,,,,,,,,,,,,,,,,,,,,,,,,,,,,1
0,11,15,65347757900,1546617535,1,1,"(0.5110839009284973, 0.6937516331672668)","(0.4584166705608368, 0.7323573231697083)",1,1,2.957489013671875,2.72515869140625,"(-54.47522735595703, -24.941722869873047, 652.67919921875)","(10.201534271240234, -26.56814193725586, 657.9541625976562)","(4.111701011657715, 73.61150360107422, 16.150636672973633)","(-14.139418601989746, 66.54006958007812, 13.576825141906738)",POINT (0.484750285744667 0.7130544781684875),,,,,,,,,,,,,,,,,,,,,,,,,,,,,,,,,,,,,,,,,,,,,,,,,1
0,11,15,65347774567,1546634201,1,1,"(0.5192881226539612, 0.6838712692260742)","(0.4516952335834503, 0.7291721701622009)",1,1,2.932479858398437,2.716049194335937,"(-54.453487396240234, -24.938060760498047, 652.7067260742188)","(10.23117733001709, -26.57892608642578, 657.881103515625)","(6.954766750335693, 75.42131042480469, 16.809322357177734)","(-16.468645095825195, 67.12348937988281, 13.789154052734375)",POINT (0.4854916781187058 0.7065217196941376),,,,,,,,,,,,,,,,,,,,,,,,,,,,,,,,,,,,,,,,,,,,,,,,,1
0,11,15,65347791234,1546650868,1,1,"(0.5064123868942261, 0.6682776212692261)","(0.4689136743545532, 0.7293010950088501)",1,1,2.903656005859375,2.696624755859375,"(-54.43144607543945, -24.93089485168457, 652.6746826171875)","(10.246244430541992, -26.586824417114258, 658.0247192382812)","(2.492863655090332, 78.27759552001953, 17.84897804260254)","(-10.501821517944336, 67.09986877441406, 13.7805814743042)",POINT (0.4876630306243896 0.6987893581390381),,,,,,,,,,,,,,,,,,,,,,,,,,,,,,,,,,,,,,,,,,,,,,,,,1
0,11,15,65347807902,1546667535,1,1,"(0.5014341473579407, 0.6690203547477722)","(0.4790083169937134, 0.7306636571884155)",1,1,2.9240875244140625,2.7054595947265625,"(-54.40104675292969, -24.928752899169922, 652.6204833984375)","(10.252118110656738, -26.58852767944336, 658.0361938476562)","(0.7677111029624939, 78.14156341552734, 17.799457550048828)","(-7.003670692443848, 66.85028839111328, 13.68974781036377)",POINT (0.490221232175827 0.6998420059680939),,,,,,,,,,,,,,,,,,,,,,,,,,,,,,,,,,,,,,,,,,,,,,,,,1
0,11,15,65347824573,1546684206,1,1,"(0.5060448050498962, 0.6843141317367554)","(0.4806482493877411, 0.7206825613975525)",1,1,2.930938720703125,2.6821746826171875,"(-54.37608337402344, -24.92291259765625, 652.5770263671875)","(10.26434326171875, -26.5839786529541, 658.0120849609375)","(2.3654708862304688, 75.34017944335938, 16.779827117919922)","(-6.435363292694092, 68.67854309082031, 14.35516357421875)",POINT (0.4933465272188187 0.7024983465671539),,,,,,,,,,,,,,,,,,,,,,,,,,,,,,,,,,,,,,,,,,,,,,,,,1
0,11,15,65347841241,1546700873,1,1,"(0.5043992400169373, 0.670549750328064)","(0.486326664686203, 0.7338749170303345)",1,1,2.9185791015625,2.70318603515625,"(-54.367740631103516, -24.92508316040039, 652.5538330078125)","(10.268087387084961, -26.58572006225586, 658.0118408203125)","(1.7952316999435425, 77.8614273071289, 17.697471618652344)","(-4.467593193054199, 66.26207733154297, 13.475663185119629)",POINT (0.4953629523515701 0.7022123336791992),,,,,,,,,,,,,,,,,,,,,,,,,,,,,,,,,,,,,,,,,,,,,,,,,1
0,11,15,65347857908,1546717540,1,1,"(0.5073344111442566, 0.7729488015174866)","(0.47908446192741394, 0.870803713798523)",1,1,2.923370361328125,2.697540283203125,"(-54.34360122680664, -24.990341186523438, 652.5107421875)","(10.25399112701416, -26.613784790039062, 657.8455200195312)","(2.8123655319213867, 59.10486602783203, 10.870611190795898)","(-6.9772748947143555, 41.180660247802734, 4.346744537353516)",POINT (0.4932094365358353 0.8218762576580048),,,,,,,,,,,,,,,,,,,,,,,,,,,,,,,,,,,,,,,,,,,,,,,,,1
0,11,15,65347874575,1546734206,1,1,"(0.5011928677558899, 0.7518699765205383)","(0.470257043838501, 0.8403711318969727)",1,1,2.894317626953125,2.7072296142578125,"(-54.36286163330078, -25.01116180419922, 652.4359130859375)","(10.255243301391602, -26.62514877319336, 657.8097534179688)","(0.6840888261795044, 62.965904235839844, 12.27595043182373)","(-10.036300659179688, 46.75503158569336, 6.37568473815918)",POINT (0.4857249557971954 0.7961205542087555),,,,,,,,,,,,,,,,,,,,,,,,,,,,,,,,,,,,,,,,,,,,,,,,,1
0,11,15,65347891242,1546750873,1,1,"(0.49680936336517334, 0.7654963135719299)","(0.463695228099823, 0.847947359085083)",1,1,2.9139862060546875,2.7105255126953125,"(-54.39395523071289, -25.001358032226562, 652.3829345703125)","(10.245138168334961, -26.613882064819336, 657.809814453125)","(-0.83495032787323, 60.46992874145508, 11.367526054382324)","(-12.310197830200195, 45.36729049682617, 5.870553016662598)",POINT (0.4802522957324982 0.8067218363285065),,,,,,,,,,,,,,,,,,,,,,,,,,,,,,,,,,,,,,,,,,,,,,,,,1
0,11,15,65347907910,1546767540,1,1,"(0.508449137210846, 0.7813125848770142)","(0.47085538506507874, 0.8649888038635254)",1,1,2.953353881835937,2.735382080078125,"(-54.42911148071289, -25.01919937133789, 652.3883666992188)","(10.223348617553711, -26.632213592529297, 657.7869262695312)","(3.1986522674560547, 57.572853088378906, 10.313029289245605)","(-9.828941345214844, 42.24578857421875, 4.734424114227295)",POINT (0.4896522611379623 0.8231506943702698),,,,,,,,,,,,,,,,,,,,,,,,,,,,,,,,,,,,,,,,,,,,,,,,,1
0,11,15,65347924576,1546784206,1,1,"(0.5123194456100464, 0.7711061835289001)","(0.47344452142715454, 0.849127471446991)",1,1,2.9428863525390625,2.7271270751953125,"(-54.45081329345703, -25.039766311645508, 652.372802734375)","(10.200923919677734, -26.658842086791992, 657.739501953125)","(4.539865970611572, 59.4423828125, 10.993473052978516)","(-8.931715965270996, 45.151119232177734, 5.791908264160156)",POINT (0.4928819835186005 0.8101168274879456),,,,,,,,,,,,,,,,,,,,,,,,,,,,,,,,,,,,,,,,,,,,,,,,,1
0,11,15,65347941244,1546800873,1,1,"(0.4950697720050812, 0.7460435032844543)","(0.46457040309906006, 0.8347826600074768)",1,1,2.9293365478515625,2.732025146484375,"(-54.48640060424805, -25.068227767944336, 652.3910522460938)","(10.168718338012695, -26.689617156982422, 657.75244140625)","(-1.4377803802490234, 64.03314208984375, 12.664382934570312)","(-12.00693130493164, 47.77867889404297, 6.748228549957275)",POINT (0.4798200875520706 0.7904130816459656),,,,,,,,,,,,,,,,,,,,,,,,,,,,,,,,,,,,,,,,,,,,,,,,,
0,11,15,65347957911,1546817540,1,1,"(0.5057478547096252, 0.7498368620872498)","(0.4679531157016754, 0.8300747871398926)",1,1,2.9401092529296875,2.73822021484375,"(-54.515777587890625, -25.083953857421875, 652.3509521484375)","(10.128421783447266, -26.704517364501953, 657.9088745117188)","(2.262576103210449, 63.338321685791016, 12.411477088928223)","(-10.83469009399414, 48.641014099121094, 7.062139987945557)",POINT (0.4868504852056503 0.7899558246135712),,,,,,,,,,,,,,,,,,,,,,,,,,,,,,,,,,,,,,,,,,,,,,,,,1
0,11,15,65347974579,1546834207,1,1,"(0.49745771288871765, 0.7558718919754028)","(0.475510835647583, 0.8266109824180603)",1,1,2.929473876953125,2.753997802734375,"(-54.565826416015625, -25.114551544189453, 652.5930786132812)","(10.090009689331055, -26.73065948486328, 658.0179443359375)","(-0.6102701425552368, 62.23286437988281, 12.009129524230957)","(-8.215662956237793, 49.27549743652344, 7.293010234832764)",POINT (0.4864842742681503 0.7912414371967316),,,,,,,,,,,,,,,,,,,,,,,,,,,,,,,,,,,,,,,,,,,,,,,,,1
0,11,15,65347991246,1546850874,1,1,"(0.5098084211349487, 0.747234046459198)","(0.4835473299026489, 0.82797771692276)",1,1,2.925384521484375,2.732528686523437,"(-54.61577606201172, -25.12163543701172, 652.7638549804688)","(10.063833236694336, -26.728801727294922, 658.0066528320312)","(3.6697003841400146, 63.815067291259766, 12.58501148223877)","(-5.430727481842041, 49.025150299072266, 7.201901912689209)",POINT (0.4966778755187988 0.787605881690979),,,,,,,,,,,,,,,,,,,,,,,,,,,,,,,,,,,,,,,,,,,,,,,,,1
0,11,15,65348007914,1546867541,1,1,"(0.511816680431366, 0.7323809862136841)","(0.47240301966667175, 0.8412553668022156)",1,1,2.92840576171875,2.762191772460937,"(-54.65167999267578, -25.133331298828125, 652.7212524414062)","(10.033197402954102, -26.72491455078125, 657.9119873046875)","(4.365612983703613, 66.53570556640625, 13.575282096862793)","(-9.292637825012207, 46.59305953979492, 6.31673002243042)",POINT (0.4921098500490189 0.7868181765079498),,,,,,,,,,,,,,,,,,,,,,,,,,,,,,,,,,,,,,,,,,,,,,,,,
0,11,15,65348024580,1546884207,1,1,"(0.504252016544342, 0.7545440196990967)","(0.47791588306427, 0.826668381690979)",1,1,2.9644317626953125,2.7563934326171875,"(-54.67183303833008, -25.13858413696289, 652.7303466796875)","(10.015318870544434, -26.708105087280273, 657.91259765625)","(1.7441948652267456, 62.4760856628418, 12.097679138183594)","(-7.38222599029541, 49.26497268676758, 7.289212226867676)",POINT (0.491083949804306 0.7906062006950378),,,,,,,,,,,,,,,,,,,,,,,,,,,,,,,,,,,,,,,,,,,,,,,,,1
0,11,15,65348041247,1546900873,1,1,"(0.5048782229423523, 0.7430135011672974)","(0.47655874490737915, 0.8490011692047119)",1,1,2.958221435546875,2.778778076171875,"(-54.6981086730957, -25.13681411743164, 652.82177734375)","(9.99856948852539, -26.676769256591797, 657.9489135742188)","(1.9612114429473877, 64.58814239501953, 12.866371154785156)","(-7.852525234222412, 45.17425537109375, 5.8002777099609375)",POINT (0.4907184839248657 0.7960073351860046),,,,,,,,,,,,,,,,,,,,,,,,,,,,,,,,,,,,,,,,,,,,,,,,,1
0,11,15,65348057915,1546917541,1,1,"(0.5032806396484375, 0.7423415780067444)","(0.47821083664894104, 0.8450228571891785)",1,1,2.9691619873046875,2.718475341796875,"(-54.70066833496094, -25.125476837158203, 652.7019653320312)","(9.981736183166504, -26.66286849975586, 657.9254760742188)","(1.4076026678085327, 64.71123504638672, 12.911176681518555)","(-7.280004978179932, 45.902976989746094, 6.065549373626709)",POINT (0.4907457381486893 0.7936822175979614),,,,,,,,,,,,,,,,,,,,,,,,,,,,,,,,,,,,,,,,,,,,,,,,,1
0,11,15,65348074582,1546934207,1,1,"(0.5011093616485596, 0.7516688704490662)","(0.47675472497940063, 0.8380183577537537)",1,1,2.9611358642578125,2.7471466064453125,"(-54.700035095214844, -25.12653350830078, 652.67822265625)","(9.97961711883545, -26.67194366455078, 657.9134521484375)","(0.6551619172096252, 63.00273132324219, 12.289345741271973)","(-7.784613609313965, 47.18600845336914, 6.532491207122803)",POINT (0.4889320433139801 0.7948436141014099),,,,,,,,,,,,,,,,,,,,,,,,,,,,,,,,,,,,,,,,,,,,,,,,,1
0,11,15,65348091256,1546950881,1,1,"(0.5130239725112915, 0.7335973978042603)","(0.47447681427001953, 0.8198648691177368)",1,1,2.943145751953125,2.726959228515625,"(-54.672019958496094, -25.06842613220215, 652.6937255859375)","(10.006425857543945, -26.61453628540039, 658.0081787109375)","(4.784007549285889, 66.31290435791016, 13.494135856628418)","(-8.573995590209961, 50.51119613647461, 7.742779731750488)",POINT (0.4937503933906555 0.7767311334609985),,,,,,,,,,,,,,,,,,,,,,,,,,,,,,,,,,,,,,,,,,,,,,,,,
0,11,15,65348107924,1546967548,1,1,"(0.5144738554954529, 0.7465318441390991)","(0.4766817092895508, 0.8169820308685303)",1,1,2.9658355712890625,2.7192535400390625,"(-54.66044616699219, -25.05242919921875, 652.719482421875)","(10.013073921203613, -26.605573654174805, 658.0316772460938)","(5.286438465118408, 63.943702697753906, 12.631830215454102)","(-7.809914588928223, 51.03924560546875, 7.934987545013428)",POINT (0.4955777823925018 0.7817569375038147),,,,,,,,,,,,,,,,,,,,,,,,,,,,,,,,,,,,,,,,,,,,,,,,,
0,11,15,65348124590,1546984214,1,1,"(0.5117708444595337, 0.7405591011047363)","(0.475277304649353, 0.8423800468444824)",1,1,2.949813842773437,2.76495361328125,"(-54.65623474121094, -25.04671859741211, 652.6603393554688)","(10.01999282836914, -26.59933090209961, 657.9834594726562)","(4.349752426147461, 65.03772735595703, 13.03000545501709)","(-8.296587944030762, 46.38705062866211, 6.241722583770752)",POINT (0.4935240745544434 0.7914695739746094),,,,,,,,,,,,,,,,,,,,,,,,,,,,,,,,,,,,,,,,,,,,,,,,,1
0,11,15,65348141258,1547000881,1,1,"(0.5149056911468506, 0.7377540469169617)","(0.49073076248168945, 0.8255313634872437)",1,1,2.978851318359375,2.739532470703125,"(-54.64928436279297, -25.043073654174805, 652.6734619140625)","(10.024312019348145, -26.596343994140625, 657.971435546875)","(5.436090469360352, 65.55152130126953, 13.217022895812988)","(-2.94140625, 49.47325134277344, 7.365036487579346)",POINT (0.50281822681427 0.7816427052021027),,,,,,,,,,,,,,,,,,,,,,,,,,,,,,,,,,,,,,,,,,,,,,,,,
0,11,15,65348157925,1547017548,1,1,"(0.5170648097991943, 0.7368141412734985)","(0.49197492003440857, 0.8270518183708191)",1,1,2.9609375,2.7395477294921875,"(-54.63976287841797, -25.0321044921875, 652.5677490234375)","(10.02571964263916, -26.59395408630371, 657.97119140625)","(6.184303283691406, 65.72368621826172, 13.279716491699219)","(-2.510260820388794, 49.194740295410156, 7.263644695281982)",POINT (0.5045198649168015 0.7819329798221588),,,,,,,,,,,,,,,,,,,,,,,,,,,,,,,,,,,,,,,,,,,,,,,,,
0,11,15,65348174592,1547034214,1,1,"(0.5107718706130981, 0.7353349924087524)","(0.48928770422935486, 0.8283447623252869)",1,1,2.925628662109375,2.7154998779296875,"(-54.63567352294922, -25.036745071411133, 652.59228515625)","(10.030866622924805, -26.59880828857422, 657.9353637695312)","(4.003567695617676, 65.99463653564453, 13.378315925598145)","(-3.441464424133301, 48.9578971862793, 7.177474021911621)",POINT (0.5000297874212265 0.7818398773670197),,,,,,,,,,,,,,,,,,,,,,,,,,,,,,,,,,,,,,,,,,,,,,,,,
0,11,15,65348191259,1547050881,1,1,"(0.5154093503952026, 0.7360243201255798)","(0.5012276768684387, 0.8367522954940796)",1,1,2.9528350830078125,2.751083374023437,"(-54.62692642211914, -25.027976989746094, 652.55810546875)","(10.033124923706055, -26.599502563476562, 657.9113159179688)","(5.610620975494385, 65.86836242675781, 13.332372665405273)","(0.6961520314216614, 47.41788864135742, 6.616903305053711)",POINT (0.5083185136318207 0.7863883078098297),,,,,,,,,,,,,,,,,,,,,,,,,,,,,,,,,,,,,,,,,,,,,,,,,1
0,11,15,65348207926,1547067547,1,1,"(0.516497790813446, 0.7367435693740845)","(0.49512314796447754, 0.8204029202461243)",1,1,2.97149658203125,2.757659912109375,"(-54.62959289550781, -25.02513313293457, 652.5218505859375)","(10.033262252807617, -26.59832000732422, 657.87548828125)","(5.987812519073486, 65.73664855957031, 13.284360885620117)","(-1.4192837476730347, 50.412620544433594, 7.706937789916992)",POINT (0.5058104693889618 0.7785732448101044),,,,,,,,,,,,,,,,,,,,,,,,,,,,,,,,,,,,,,,,,,,,,,,,,
0,11,15,65348224597,1547084218,1,1,"(0.5136129260063171, 0.7329394221305847)","(0.4882439374923706, 0.8217746615409851)",1,1,2.970703125,2.737701416015625,"(-54.62053298950195, -25.017208099365234, 652.51123046875)","(10.035802841186523, -26.598159790039062, 657.8754272460938)","(4.988113880157471, 66.43343353271484, 13.538007736206055)","(-3.803178548812866, 50.16135025024414, 7.615481376647949)",POINT (0.5009284317493439 0.7773570418357849),,,,,,,,,,,,,,,,,,,,,,,,,,,,,,,,,,,,,,,,,,,,,,,,,
0,11,15,65348241264,1547100885,1,1,"(0.509841799736023, 0.7215549945831299)","(0.4690733850002289, 0.8014073371887207)",1,1,2.93682861328125,2.7545928955078125,"(-54.656005859375, -24.9942626953125, 652.4820556640625)","(10.022619247436523, -26.592498779296875, 657.983154296875)","(3.6812849044799805, 68.51873779296875, 14.296982765197754)","(-10.446483612060547, 53.89207077026367, 8.973325729370117)",POINT (0.4894575923681259 0.7614811658859253),,,,,,,,,,,,,,,,,,,,,,,,,,,,,,,,,,,,,,,,,,,,,,,,,
0,11,15,65348257931,1547117551,1,1,"(0.5054430961608887, 0.7345718145370483)","(0.4620642364025116, 0.7990753054618835)",1,1,2.986846923828125,2.73394775390625,"(-54.671539306640625, -24.977195739746094, 652.491455078125)","(10.017864227294922, -26.590457916259766, 657.91162109375)","(2.1569480895996094, 66.13441467285156, 13.42919921875)","(-12.875407218933105, 54.31925582885742, 9.128774642944336)",POINT (0.4837536662817001 0.7668235599994659),,,,,,,,,,,,,,,,,,,,,,,,,,,,,,,,,,,,,,,,,,,,,,,,,
0,11,15,65348274598,1547134218,1,1,"(0.5001935362815857, 0.7388367056846619)","(0.46538418531417847, 0.8010340929031372)",1,1,2.9814910888671875,2.7541656494140625,"(-54.669837951660156, -24.964797973632812, 652.527587890625)","(10.020767211914062, -26.589759826660156, 657.935546875)","(0.3377933204174042, 65.35322570800781, 13.144828796386719)","(-11.724921226501465, 53.960445404052734, 8.998222351074219)",POINT (0.4827888607978821 0.7699353992938995),,,,,,,,,,,,,,,,,,,,,,,,,,,,,,,,,,,,,,,,,,,,,,,,,
0,11,15,65348291265,1547150884,1,1,"(0.501575767993927, 0.7359074354171753)","(0.4607684910297394, 0.7730768322944641)",1,1,2.9599151611328125,2.7323150634765625,"(-54.6859130859375, -24.94756317138672, 652.6080322265625)","(10.010351181030273, -26.58112335205078, 657.8402099609375)","(0.8167600035667419, 65.88978576660156, 13.3401460647583)","(-13.324422836303711, 59.081424713134766, 10.862068176269531)",POINT (0.4811721295118332 0.7544921338558197),,,,,,,,,,,,,,,,,,,,,,,,,,,,,,,,,,,,,,,,,,,,,,,,,
0,11,15,65348307932,1547167551,1,1,"(0.4986584484577179, 0.7341634631156921)","(0.4577166438102722, 0.7806733846664429)",1,1,2.965805053710937,2.728424072265625,"(-54.69992446899414, -24.93970489501953, 652.6654052734375)","(9.985335350036621, -26.56108856201172, 657.8648681640625)","(-0.19417279958724976, 66.209228515625, 13.456413269042969)","(-14.382001876831055, 57.68992614746094, 10.3556489944458)",POINT (0.4781875461339951 0.7574184238910675),,,,,,,,,,,,,,,,,,,,,,,,,,,,,,,,,,,,,,,,,,,,,,,,,
0,11,15,65348324600,1547184218,1,1,"(0.5042621493339539, 0.724022388458252)","(0.46229690313339233, 0.7829988598823547)",1,1,2.947479248046875,2.6807098388671875,"(-54.708824157714844, -24.937469482421875, 652.628173828125)","(9.962087631225586, -26.544742584228516, 657.9376220703125)","(1.7477025985717773, 68.06678009033203, 14.1325044631958)","(-12.79477596282959, 57.263973236083984, 10.200644493103027)",POINT (0.4832795262336731 0.7535106241703033),,,,,,,,,,,,,,,,,,,,,,,,,,,,,,,,,,,,,,,,,,,,,,,,,
0,11,15,65348341267,1547200885,1,1,"(0.49123990535736084, 0.7341437935829163)","(0.47045859694480896, 0.7886425256729126)",1,1,2.9425048828125,2.71844482421875,"(-54.719879150390625, -24.935176849365234, 652.5308227539062)","(9.927515029907227, -26.52998924255371, 658.010498046875)","(-2.764958620071411, 66.21282958984375, 13.457725524902344)","(-9.966449737548828, 56.230228424072266, 9.824363708496094)",POINT (0.4808492511510849 0.7613931596279144),,,,,,,,,,,,,,,,,,,,,,,,,,,,,,,,,,,,,,,,,,,,,,,,,
0,11,15,65348357942,1547217559,1,1,"(0.4978278577327728, 0.7249956727027893)","(0.47381094098091125, 0.77963787317276)",1,1,2.9254302978515625,2.6922760009765625,"(-54.75379943847656, -24.931562423706055, 652.5252685546875)","(9.885595321655273, -26.51278305053711, 658.1074829101562)","(-0.4820002615451813, 67.88851928710938, 14.067596435546875)","(-8.804737091064453, 57.879608154296875, 10.424704551696777)",POINT (0.485819399356842 0.7523167729377747),,,,,,,,,,,,,,,,,,,,,,,,,,,,,,,,,,,,,,,,,,,,,,,,,
0,11,15,65348374609,1547234226,1,1,"(0.4999939501285553, 0.7194330096244812)","(0.4696861207485199, 0.7785543203353882)",1,1,2.9094390869140625,2.672210693359375,"(-54.768672943115234, -24.941816329956055, 652.6063232421875)","(9.876832962036133, -26.52336311340332, 658.07177734375)","(0.26863062381744385, 68.90742492675781, 14.438477516174316)","(-10.234140396118164, 58.07807922363281, 10.496956825256348)",POINT (0.4848400354385376 0.7489936649799347),,,,,,,,,,,,,,,,,,,,,,,,,,,,,,,,,,,,,,,,,,,,,,,,,
0,11,15,65348391277,1547250893,1,1,"(0.5239234566688538, 0.7376419305801392)","(0.502490758895874, 0.7691070437431335)",1,1,2.9126129150390625,2.64239501953125,"(-54.73705291748047, -24.953433990478516, 652.6832275390625)","(9.916420936584473, -26.528186798095703, 658.03466796875)","(8.561059951782227, 65.57207489013672, 13.224519729614258)","(1.1338684558868408, 59.808555603027344, 11.126764297485352)",POINT (0.5132071077823639 0.7533744871616364),,,,,,,,,,,,,,,,,,,,,,,,,,,,,,,,,,,,,,,,,,,,,,,,,1
0,11,15,65348407943,1547267559,1,1,"(0.5043428540229797, 0.7370985150337219)","(0.4972427785396576, 0.7853926420211792)",1,1,2.9012451171875,2.658676147460937,"(-54.76068115234375, -24.96630859375, 652.7268676757812)","(9.876618385314941, -26.54764175415039, 658.0119018554688)","(1.775687575340271, 65.67162322998047, 13.260729789733887)","(-0.6847448348999023, 56.82551956176758, 10.041033744812012)",POINT (0.5007928162813187 0.7612455785274506),,,,,,,,,,,,,,,,,,,,,,,,,,,,,,,,,,,,,,,,,,,,,,,,,
0,11,15,65348424611,1547284226,1,1,"(0.51273113489151, 0.7298389673233032)","(0.4943724274635315, 0.7715786695480347)",1,1,2.9138336181640625,2.671371459960937,"(-54.778221130371094, -25.00155258178711, 652.7715454101562)","(9.869056701660156, -26.57176971435547, 658.011962890625)","(4.682539463043213, 67.00133514404297, 13.744735717773438)","(-1.6794339418411255, 59.355838775634766, 10.9619722366333)",POINT (0.5035517811775208 0.750708818435669),,,,,,,,,,,,,,,,,,,,,,,,,,,,,,,,,,,,,,,,,,,,,,,,,1
0,11,15,65348441278,1547300893,1,1,"(0.531676709651947, 0.7239004969596863)","(0.49114876985549927, 0.777287483215332)",1,1,2.8775634765625,2.6178131103515625,"(-54.77265930175781, -25.022014617919922, 652.7009887695312)","(9.868282318115234, -26.583633422851562, 657.9639282226562)","(11.247875213623047, 68.08909606933594, 14.140625)","(-2.796548366546631, 58.31015396118164, 10.581376075744629)",POINT (0.5114127397537231 0.7505939900875092),,,,,,,,,,,,,,,,,,,,,,,,,,,,,,,,,,,,,,,,,,,,,,,,,1
0,11,15,65348457945,1547317559,1,1,"(0.5112648606300354, 0.7201823592185974)","(0.4857046604156494, 0.7851447463035583)",1,1,2.8834228515625,2.642547607421875,"(-54.765804290771484, -25.037137985229492, 652.5944213867188)","(9.868844985961914, -26.592483520507812, 657.9161987304688)","(4.174426078796387, 68.77018737792969, 14.388493537902832)","(-4.683134078979492, 56.87092208862305, 10.05754280090332)",POINT (0.4984847605228424 0.7526635527610779),,,,,,,,,,,,,,,,,,,,,,,,,,,,,,,,,,,,,,,,,,,,,,,,,
0,11,15,65348474615,1547334229,1,1,"(0.5150346159934998, 0.7295646071434021)","(0.4937245547771454, 0.803440272808075)",1,1,2.8719635009765625,2.67852783203125,"(-54.75164031982422, -25.042572021484375, 652.5846557617188)","(9.892465591430664, -26.599010467529297, 657.963134765625)","(5.480766773223877, 67.05160522460938, 13.763022422790527)","(-1.9039627313613892, 53.51970291137695, 8.837801933288574)",POINT (0.5043795853853226 0.7665024399757385),,,,,,,,,,,,,,,,,,,,,,,,,,,,,,,,,,,,,,,,,,,,,,,,,
0,11,15,65348491283,1547350896,1,1,"(0.5249767899513245, 0.7305945754051208)","(0.47875240445137024, 0.7656801342964172)",1,1,2.88092041015625,2.5952911376953125,"(-54.73475646972656, -25.041786193847656, 652.5636596679688)","(9.916143417358398, -26.60000991821289, 657.9388427734375)","(8.926087379455566, 66.86294555664062, 13.694343566894531)","(-7.092345237731934, 60.43627166748047, 11.355234146118164)",POINT (0.5018645972013474 0.748137354850769),,,,,,,,,,,,,,,,,,,,,,,,,,,,,,,,,,,,,,,,,,,,,,,,,1
0,11,15,65348507949,1547367562,1,1,"(0.5161067247390747, 0.7242925763130188)","(0.4795745611190796, 0.7852063179016113)",1,1,2.873809814453125,2.627655029296875,"(-54.73019027709961, -25.0174503326416, 652.6959228515625)","(9.941740036010742, -26.592132568359375, 658.03369140625)","(5.852303981781006, 68.01728057861328, 14.114498138427734)","(-6.807435512542725, 56.859619140625, 10.053462982177734)",POINT (0.4978406429290772 0.7547494471073151),,,,,,,,,,,,,,,,,,,,,,,,,,,,,,,,,,,,,,,,,,,,,,,,,
0,11,15,65348524617,1547384229,1,1,"(0.5185428857803345, 0.7290370464324951)","(0.47731080651283264, 0.7756574153900146)",1,1,2.8626708984375,2.635467529296875,"(-54.71111297607422, -24.999099731445312, 652.6395263671875)","(9.966484069824219, -26.584056854248047, 658.0214233398438)","(6.696516036987305, 67.14824676513672, 13.798166275024414)","(-7.591909408569336, 58.60871124267578, 10.690086364746094)",POINT (0.4979268461465836 0.7523472309112549),,,,,,,,,,,,,,,,,,,,,,,,,,,,,,,,,,,,,,,,,,,,,,,,,
0,11,15,65348541283,1547400895,1,1,"(0.509148895740509, 0.739319920539856)","(0.4767599403858185, 0.7664408683776855)",1,1,2.884002685546875,2.6290435791015625,"(-54.69702911376953, -24.978031158447266, 652.63037109375)","(9.986773490905762, -26.574752807617188, 657.9844970703125)","(3.4411540031433105, 65.26470184326172, 13.112625122070312)","(-7.782806396484375, 60.29692840576172, 11.304523468017578)",POINT (0.4929544180631638 0.7528803944587708),,,,,,,,,,,,,,,,,,,,,,,,,,,,,,,,,,,,,,,,,,,,,,,,,
0,11,15,65348557951,1547417562,1,1,"(0.5281059741973877, 0.7226141691207886)","(0.475089967250824, 0.7664966583251953)",1,1,2.886581420898437,2.624420166015625,"(-54.6943244934082, -24.966110229492188, 652.630859375)","(9.989680290222168, -26.572216033935547, 658.0440673828125)","(10.010480880737305, 68.32470703125, 14.226394653320312)","(-8.361513137817383, 60.28670120239258, 11.300814628601074)",POINT (0.5015979707241058 0.7445554137229919),,,,,,,,,,,,,,,,,,,,,,,,,,,,,,,,,,,,,,,,,,,,,,,,,1
0,11,15,65348574618,1547434229,1,1,"(0.5179134607315063, 0.7346853613853455)","(0.47709840536117554, 0.7652391195297241)",1,1,2.8906707763671875,2.65966796875,"(-54.68459701538086, -24.959177017211914, 652.6444091796875)","(9.997655868530273, -26.570802688598633, 657.9720458984375)","(6.478397846221924, 66.11363220214844, 13.421629905700684)","(-7.665503025054932, 60.51704788208008, 11.384617805480957)",POINT (0.4975059330463409 0.7499622404575348),,,,,,,,,,,,,,,,,,,,,,,,,,,,,,,,,,,,,,,,,,,,,,,,,1
0,11,15,65348591286,1547450896,1,1,"(0.5066482424736023, 0.7345241904258728)","(0.4857836961746216, 0.7559824585914612)",1,1,2.861907958984375,2.638046264648437,"(-54.68037796020508, -24.95829963684082, 652.6689453125)","(10.003242492675781, -26.57558822631836, 657.9598388671875)","(2.574596405029297, 66.14312744140625, 13.432381629943848)","(-4.6557393074035645, 62.21260452270508, 12.001787185668945)",POINT (0.4962159693241119 0.745253324508667),,,,,,,,,,,,,,,,,,,,,,,,,,,,,,,,,,,,,,,,,,,,,,,,,1
0,11,15,65348607955,1547467565,1,1,"(0.5202673077583313, 0.7402385473251343)","(0.4899967312812805, 0.760246992111206)",1,1,2.8605194091796875,2.6429901123046875,"(-54.68877410888672, -24.944847106933594, 652.7507934570312)","(9.99779224395752, -26.56635856628418, 657.9721069335938)","(7.294084072113037, 65.09645080566406, 13.051382064819336)","(-3.195765495300293, 61.43146514892578, 11.717440605163574)",POINT (0.5051320195198059 0.7502427697181702),,,,,,,,,,,,,,,,,,,,,,,,,,,,,,,,,,,,,,,,,,,,,,,,,1
0,11,15,65348624622,1547484231,1,1,"(0.5174245238304138, 0.725272536277771)","(0.48355522751808167, 0.7664836645126343)",1,1,2.8891143798828125,2.658966064453125,"(-54.68489074707031, -24.941936492919922, 652.7039184570312)","(9.999709129333496, -26.566871643066406, 658.0198974609375)","(6.308947563171387, 67.8377914428711, 14.049176216125488)","(-5.4279937744140625, 60.289085388183594, 11.30168342590332)",POINT (0.5004898756742477 0.7458781003952026),,,,,,,,,,,,,,,,,,,,,,,,,,,,,,,,,,,,,,,,,,,,,,,,,1
0,11,15,65348641290,1547500899,1,1,"(0.5333029627799988, 0.718288004398346)","(0.48638656735420227, 0.7627065777778625)",1,1,2.849395751953125,2.6464080810546875,"(-54.69525146484375, -24.938884735107422, 652.8092041015625)","(9.990018844604492, -26.546451568603516, 658.0086669921875)","(11.811417579650879, 69.11714935302734, 14.514840126037598)","(-4.44682502746582, 60.98094177246094, 11.55345344543457)",POINT (0.5098447650671005 0.7404972910881042),,,,,,,,,,,,,,,,,,,,,,,,,,,,,,,,,,,,,,,,,,,,,,,,,1
0,11,15,65348657957,1547517565,1,1,"(0.516087532043457, 0.718553364276886)","(0.4772372543811798, 0.7795878052711487)",1,1,2.9000396728515625,2.633209228515625,"(-54.70480728149414, -24.9337158203125, 652.796142578125)","(9.980748176574707, -26.523822784423828, 657.9851684570312)","(5.845649719238281, 69.06853485107422, 14.497142791748047)","(-7.617392539978027, 57.888797760009766, 10.428007125854492)",POINT (0.4966623932123184 0.7490705847740173),,,,,,,,,,,,,,,,,,,,,,,,,,,,,,,,,,,,,,,,,,,,,,,,,1
0,11,15,65348674624,1547534232,1,1,"(0.5203774571418762, 0.7169206142425537)","(0.47873246669769287, 0.7818644046783447)",1,1,2.8836822509765625,2.637802124023437,"(-54.70396041870117, -24.923473358154297, 652.6883544921875)","(9.970848083496094, -26.489959716796875, 658.0094604492188)","(7.332243919372559, 69.36761474609375, 14.606000900268555)","(-7.099254608154297, 57.471797943115234, 10.27621078491211)",POINT (0.4995549619197846 0.7493925094604492),,,,,,,,,,,,,,,,,,,,,,,,,,,,,,,,,,,,,,,,,,,,,,,,,1
0,11,15,65348691292,1547550899,1,1,"(0.5059331059455872, 0.7142536044120789)","(0.48843488097190857, 0.7788276076316833)",1,1,2.8568572998046875,2.6153717041015625,"(-54.70329284667969, -24.917898178100586, 652.53369140625)","(9.957917213439941, -26.475263595581055, 658.0455322265625)","(2.3267698287963867, 69.85613250732422, 14.783777236938477)","(-3.737010955810547, 58.02803421020508, 10.478703498840332)",POINT (0.4971839934587479 0.7465406060218811),,,,,,,,,,,,,,,,,,,,,,,,,,,,,,,,,,,,,,,,,,,,,,,,,1
0,11,15,65348707958,1547567565,1,1,"(0.508423388004303, 0.7259320616722107)","(0.481417179107666, 0.7932353019714355)",1,1,2.89361572265625,2.574127197265625,"(-54.72148132324219, -24.895503997802734, 652.4114379882812)","(9.940946578979492, -26.43603515625, 658.05810546875)","(3.1897382736206055, 67.71697998046875, 14.005186080932617)","(-6.1688971519470215, 55.38896179199219, 9.518143653869629)",POINT (0.4949202835559845 0.7595836818218231),,,,,,,,,,,,,,,,,,,,,,,,,,,,,,,,,,,,,,,,,,,,,,,,,
0,11,15,65348724626,1547584232,1,1,"(0.5038230419158936, 0.7208796143531799)","(0.4858943819999695, 0.7955551743507385)",1,1,2.8899688720703125,2.632675170898437,"(-54.760860443115234, -24.886865615844727, 652.5001220703125)","(9.899648666381836, -26.414318084716797, 657.9395141601562)","(1.5955374240875244, 68.64244079589844, 14.342023849487305)","(-4.617384910583496, 54.96402359008789, 9.363475799560547)",POINT (0.4948587119579315 0.7582173943519592),,,,,,,,,,,,,,,,,,,,,,,,,,,,,,,,,,,,,,,,,,,,,,,,,
0,11,15,65348741298,1547600904,1,1,"(0.5106509327888489, 0.7383283376693726)","(0.4829888939857483, 0.7920820713043213)",1,1,2.908721923828125,2.61883544921875,"(-54.81361389160156, -24.89282989501953, 652.7535400390625)","(9.863462448120117, -26.40542221069336, 657.892578125)","(3.9616732597351074, 65.44633483886719, 13.178756713867188)","(-5.624258041381836, 55.60020065307617, 9.59504222869873)",POINT (0.4968199133872986 0.7652052044868469),,,,,,,,,,,,,,,,,,,,,,,,,,,,,,,,,,,,,,,,,,,,,,,,,
0,11,15,65348757965,1547617570,1,1,"(0.5157637596130371, 0.7215886116027832)","(0.49158844351768494, 0.7908826470375061)",1,1,2.89202880859375,2.62322998046875,"(-54.850318908691406, -24.88909912109375, 652.7711791992188)","(9.83469295501709, -26.391183853149414, 657.881103515625)","(5.733459949493408, 68.51256561279297, 14.29477310180664)","(-2.6441872119903564, 55.819889068603516, 9.67499828338623)",POINT (0.503676101565361 0.7562356293201447),,,,,,,,,,,,,,,,,,,,,,,,,,,,,,,,,,,,,,,,,,,,,,,,,
0,11,15,65348774632,1547634237,1,1,"(0.5165826678276062, 0.7315483093261719)","(0.49842825531959534, 0.7896040678024292)",1,1,2.8819732666015625,2.619171142578125,"(-54.87364196777344, -24.857349395751953, 652.6832275390625)","(9.812978744506836, -26.375534057617188, 657.9173583984375)","(6.017223358154297, 66.688232421875, 13.630748748779297)","(-0.27393659949302673, 56.0540885925293, 9.76024055480957)",POINT (0.5075054615736008 0.7605761885643005),,,,,,,,,,,,,,,,,,,,,,,,,,,,,,,,,,,,,,,,,,,,,,,,,
0,11,15,65348791299,1547650903,1,1,"(0.5166290998458862, 0.7545990943908691)","(0.5044581294059753, 0.7834951877593994)",1,1,2.83819580078125,2.6266326904296875,"(-54.88457107543945, -24.824466705322266, 652.5853271484375)","(9.81424617767334, -26.37087059020996, 658.0487060546875)","(6.033304214477539, 62.466007232666016, 12.094003677368164)","(1.8156367540359497, 57.17308044433594, 10.16750431060791)",POINT (0.5105436146259308 0.7690471410751343),,,,,,,,,,,,,,,,,,,,,,,,,,,,,,,,,,,,,,,,,,,,,,,,,
0,11,15,65348807966,1547667570,1,1,"(0.48507577180862427, 0.8156001567840576)","(0.4579610526561737, 0.8736061453819275)",1,1,2.8198394775390625,2.638671875,"(-54.919403076171875, -24.898162841796875, 652.5564575195312)","(9.768514633178711, -26.3931884765625, 657.9786987304688)","(-4.901063919067383, 51.29237365722656, 8.027103424072266)","(-14.297296524047852, 40.667320251464844, 4.159934043884277)",POINT (0.471518412232399 0.8446031510829926),,,,,,,,,,,,,,,,,,,,,,,,,,,,,,,,,,,,,,,,,,,,,,,,,1
0,11,15,65348824634,1547684237,1,1,"(0.48391222953796387, 0.8321092128753662)","(0.471249520778656, 0.8954868912696838)",1,1,2.7975616455078125,2.66162109375,"(-54.9417839050293, -24.950288772583008, 652.6961059570312)","(9.732522964477539, -26.436634063720703, 658.0162963867188)","(-5.3042802810668945, 48.268367767333984, 6.926516532897949)","(-9.692368507385254, 36.65940475463867, 2.7011606693267822)",POINT (0.4775808751583099 0.863798052072525),,,,,,,,,,,,,,,,,,,,,,,,,,,,,,,,,,,,,,,,,,,,,,,,,1
0,11,15,65348841300,1547700903,1,1,"(0.49899518489837646, 0.837695300579071)","(0.4619714021682739, 0.8664506077766418)",1,1,2.8310089111328125,2.62762451171875,"(-54.933841705322266, -24.96863555908203, 652.6737060546875)","(9.756441116333008, -26.49234390258789, 657.896240234375)","(-0.07747143507003784, 47.245155334472656, 6.5540771484375)","(-12.90756607055664, 41.97801208496094, 4.636972427368164)",POINT (0.4804832935333252 0.8520729541778564),,,,,,,,,,,,,,,,,,,,,,,,,,,,,,,,,,,,,,,,,,,,,,,,,1
0,11,15,65348857968,1547717570,1,1,"(0.48808345198631287, 0.8532945513725281)","(0.46237602829933167, 0.8632694482803345)",1,1,2.8075103759765625,2.648056030273437,"(-54.91706466674805, -24.98764419555664, 652.6171875)","(9.776305198669434, -26.536893844604492, 657.9075317382812)","(-3.85880446434021, 44.38782501220703, 5.514091968536377)","(-12.767349243164062, 42.56071853637695, 4.849029541015625)",POINT (0.4752297401428223 0.8582819998264313),,,,,,,,,,,,,,,,,,,,,,,,,,,,,,,,,,,,,,,,,,,,,,,,,1
0,11,15,65348874641,1547734243,1,1,"(0.49782130122184753, 0.8491973876953125)","(0.4717147946357727, 0.8503504395484924)",1,1,2.836029052734375,2.650497436523437,"(-54.89435577392578, -25.008609771728516, 652.6207275390625)","(9.802594184875488, -26.569034576416016, 657.990234375)","(-0.48427727818489075, 45.138309478759766, 5.787256717681885)","(-9.5311279296875, 44.92710494995117, 5.710361480712891)",POINT (0.4847680479288101 0.8497739136219025),,,,,,,,,,,,,,,,,,,,,,,,,,,,,,,,,,,,,,,,,,,,,,,,,1
0,11,15,65348891309,1547750910,1,1,"(0.4837787449359894, 0.8434817790985107)","(0.4745006561279297, 0.8454232215881348)",1,1,2.826995849609375,2.601776123046875,"(-54.871238708496094, -25.028594970703125, 652.7438354492188)","(9.818351745605469, -26.586238861083984, 658.1448364257812)","(-5.350524425506592, 46.18524169921875, 6.1682939529418945)","(-8.5657377243042, 45.82962417602539, 6.038847923278809)",POINT (0.4791397005319595 0.8444525003433228),,,,,,,,,,,,,,,,,,,,,,,,,,,,,,,,,,,,,,,,,,,,,,,,,1
0,11,15,65348907976,1547767577,1,1,"(0.4892567992210388, 0.8441550135612488)","(0.4904862940311432, 0.8708413243293762)",1,1,2.8551483154296875,2.64178466796875,"(-54.853572845458984, -25.043771743774414, 652.99755859375)","(9.835739135742188, -26.585643768310547, 658.252197265625)","(-3.4521846771240234, 46.06193923950195, 6.123391628265381)","(-3.026116371154785, 41.173763275146484, 4.344232082366943)",POINT (0.489871546626091 0.8574981689453125),,,,,,,,,,,,,,,,,,,,,,,,,,,,,,,,,,,,,,,,,,,,,,,,,1
0,11,15,65348924644,1547784244,1,1,"(0.4953034520149231, 0.8264231085777283)","(0.49371686577796936, 0.8854619860649109)",1,1,2.8628082275390625,2.6310577392578125,"(-54.81633758544922, -25.0504093170166, 652.99169921875)","(9.863676071166992, -26.596397399902344, 658.5146484375)","(-1.35680091381073, 49.30989456176758, 7.305561065673828)","(-1.9066219329833984, 38.49570083618164, 3.369474172592163)",POINT (0.4945101588964462 0.8559425473213196),,,,,,,,,,,,,,,,,,,,,,,,,,,,,,,,,,,,,,,,,,,,,,,,,1
0,11,15,65348941310,1547800910,1,1,"(0.48655709624290466, 0.8245957493782043)","(0.46194586157798767, 0.8749009966850281)",1,1,2.8722686767578125,2.675994873046875,"(-54.78078842163086, -25.058822631835938, 652.9736328125)","(9.926023483276367, -26.620975494384766, 658.644775390625)","(-4.387726783752441, 49.64461898803711, 7.427394390106201)","(-12.916419982910156, 40.430152893066406, 4.073567867279053)",POINT (0.4742514789104462 0.8497483730316162),,,,,,,,,,,,,,,,,,,,,,,,,,,,,,,,,,,,,,,,,,,,,,,,,1
0,11,15,65348957978,1547817577,1,1,"(0.4942202866077423, 0.8205086588859558)","(0.4615935981273651, 0.8741202354431152)",1,1,2.851776123046875,2.65228271484375,"(-54.739707946777344, -25.06378173828125, 653.0640869140625)","(9.986507415771484, -26.624893188476562, 658.5236206054688)","(-1.7321531772613525, 50.393272399902344, 7.699875354766846)","(-13.038501739501953, 40.573158264160156, 4.125647068023682)",POINT (0.4779069423675537 0.8473144471645355),,,,,,,,,,,,,,,,,,,,,,,,,,,,,,,,,,,,,,,,,,,,,,,,,1
0,11,15,65348974645,1547834244,1,1,"(0.4980107843875885, 0.820666491985321)","(0.476156622171402, 0.9020203948020935)",1,1,2.8578033447265625,2.6580352783203125,"(-54.71228790283203, -25.050331115722656, 653.0689086914062)","(10.008268356323242, -26.615436553955078, 658.3553466796875)","(-0.4186110496520996, 50.36432647705078, 7.689383506774902)","(-7.991882801055908, 35.46265411376953, 2.2655692100524902)",POINT (0.4870837032794952 0.8613434433937073),,,,,,,,,,,,,,,,,,,,,,,,,,,,,,,,,,,,,,,,,,,,,,,,,1
0,11,15,65348991312,1547850910,1,1,"(0.49748578667640686, 0.8079820275306702)","(0.4780848026275635, 0.9084891676902771)",1,1,2.8673095703125,2.7003936767578125,"(-54.689598083496094, -25.054473876953125, 653.300048828125)","(10.020743370056152, -26.60492515563965, 658.1630249023438)","(-0.6005422472953796, 52.68779373168945, 8.53499698638916)","(-7.323697090148926, 34.27775955200195, 1.8342996835708618)",POINT (0.4877852946519852 0.8582355976104736),,,,,,,,,,,,,,,,,,,,,,,,,,,,,,,,,,,,,,,,,,,,,,,,,1
0,11,15,65349007981,1547867579,1,1,"(0.4933895766735077, 0.8055446743965149)","(0.46917790174484253, 0.8798661231994629)",1,1,2.8684844970703125,2.67681884765625,"(-54.67573547363281, -25.038063049316406, 653.4342041015625)","(10.026664733886719, -26.59685707092285, 658.0787353515625)","(-2.020019054412842, 53.134239196777344, 8.697509765625)","(-10.41026782989502, 39.520687103271484, 3.7425670623779297)",POINT (0.4812837392091751 0.8427053987979889),,,,,,,,,,,,,,,,,,,,,,,,,,,,,,,,,,,,,,,,,,,,,,,,,1
0,11,15,65349024649,1547884246,1,1,"(0.48475077748298645, 0.817742645740509)","(0.4702913761138916, 0.8765268921852112)",1,1,2.87469482421875,2.691162109375,"(-54.675811767578125, -25.019290924072266, 653.4820556640625)","(10.030623435974121, -26.592884063720703, 658.0784912109375)","(-5.013689994812012, 50.89989471435547, 7.884324550628662)","(-10.024391174316406, 40.13234329223633, 3.9651780128479004)",POINT (0.477521076798439 0.8471347689628601),,,,,,,,,,,,,,,,,,,,,,,,,,,,,,,,,,,,,,,,,,,,,,,,,1
0,11,15,65349041315,1547900912,1,1,"(0.4906771779060364, 0.8273919224739075)","(0.4730091989040375, 0.8641369342803955)",1,1,2.9037322998046875,2.7166900634765625,"(-54.678226470947266, -24.994361877441406, 653.565673828125)","(10.037439346313477, -26.589733123779297, 658.1982421875)","(-2.9599812030792236, 49.1324577331543, 7.240964412689209)","(-9.082572937011719, 42.401824951171875, 4.791223526000977)",POINT (0.4818431884050369 0.8457644283771515),,,,,,,,,,,,,,,,,,,,,,,,,,,,,,,,,,,,,,,,,,,,,,,,,1
