,participant_id,function_fid,system_timestamp,device_timestamp,valid_gaze_left,valid_gaze_right,gaze_left_eye,gaze_right_eye,valid_pd_left,valid_pd_right,pd_left,pd_right,irl_left_eye_coordinates,irl_right_eye_coordinates,irl_left_point_on_screen,irl_right_point_on_screen,geometry,define.1,afunc.1,num-list.1,  .1,cond.1,-----------.1,    .1,nan.1,num-list.2,-----------.2,-----------.3,-----------.4,-----------.5,    .2,even.1,car.1,num-list.3,-----------.6,     .1,append.1,afunc.2,cdr.1,num-list.4,-----------.7,list.1,car.2,num-list.5,-----------.8,-----------.9,-----------.10,    .3,else.1,cons.1,car.3,num-list.6,afunc.3,cdr.2,num-list.7,-----------.11,-----------.12,-----------.13,-----------.14,-----------.15,question,code,choices
0,54,27,437235100123,1801460458,1,1,"(0.5162718296051025, 0.7241124510765076)","(0.4938168227672577, 0.530046284198761)",1,1,2.9267578125,3.1281890869140625,"(-63.13459396362305, -63.77702331542969, 727.996826171875)","(2.747335433959961, -63.29247283935547, 728.5154418945312)","(5.909531116485596, 68.05027770996094, 14.12651252746582)","(-1.8719823360443115, 103.59762573242188, 27.064697265625)",POINT (0.5050443261861801 0.6270793676376343),,,,,,,,,,,,,,,,,,,,,,,,,,,,,,,,,,,,,,,,,,,,,,1
0,54,27,437235116792,1801477126,1,1,"(0.5216309428215027, 0.7597526907920837)","(0.49247267842292786, 0.517048180103302)",1,1,2.867538452148437,3.1096649169921875,"(-63.204010009765625, -63.77369689941406, 728.013671875)","(2.6747357845306396, -63.28839874267578, 728.706298828125)","(7.766659736633301, 61.52202606201172, 11.750381469726562)","(-2.3377676010131836, 105.97850799560547, 27.931236267089844)",POINT (0.5070518106222153 0.6384004354476929),,,,,,,,,,,,,,,,,,,,,,,,,,,,,,,,,,,,,,,,,,,,,,1
0,54,27,437235133453,1801493787,1,1,"(0.5224570631980896, 0.8141134977340698)","(0.4989975392818451, 0.5277259349822998)",1,1,2.7267303466796875,3.1462860107421875,"(-63.29608917236328, -63.75388717651367, 728.1156005859375)","(2.583667278289795, -63.255035400390625, 728.8681640625)","(8.052908897399902, 51.56467819213867, 8.126232147216797)","(-0.07666248828172684, 104.02266693115234, 27.219371795654297)",POINT (0.5107273012399673 0.6709197163581848),,,,,,,,,,,,,,,,,,,,,,,,,,,,,,,,,,,,,,,,,,,,,,1
0,54,27,437235150121,1801510454,1,1,"(0.5000309944152832, 0.7282498478889465)","(0.4958244860172272, 0.5352311134338379)",1,1,2.9503173828125,3.110336303710937,"(-63.40888595581055, -63.72490310668945, 728.3018798828125)","(2.4718925952911377, -63.202762603759766, 728.86865234375)","(0.28144726157188416, 67.29243469238281, 13.850643157958984)","(-1.1762405633926392, 102.64791107177734, 26.719017028808594)",POINT (0.4979277402162552 0.6317404806613922),,,,,,,,,,,,,,,,,,,,,,,,,,,,,,,,,,,,,,,,,,,,,,1
0,54,27,437235166789,1801527122,1,1,"(0.4983658194541931, 0.7524495720863342)","(0.4981869161128998, 0.534945011138916)",1,1,2.8957977294921875,3.0896453857421875,"(-63.5482177734375, -63.705745697021484, 728.4085083007812)","(2.336627721786499, -63.20061111450195, 729.1484985351562)","(-0.2955856919288635, 62.8597412109375, 12.237327575683594)","(-0.3575775623321533, 102.70032501220703, 26.738075256347656)",POINT (0.4982763677835464 0.6436972916126251),,,,,,,,,,,,,,,,,,,,,,,,,,,,,,,,,,,,,,,,,,,,,,1
0,54,27,437235183456,1801543788,1,1,"(0.509386420249939, 1.0964351892471313)","(0.48744091391563416, 0.5379239916801453)",1,1,1.9141387939453125,3.181610107421875,"(-63.71103286743164, -63.695106506347656, 728.5700073242188)","(2.172145128250122, -63.1663932800293, 729.00341796875)","(3.5234556198120117, -0.148546040058136, -10.69583797454834)","(-4.081457614898682, 102.15465545654297, 26.539487838745117)",POINT (0.4984136670827866 0.8171795904636383),,,,,,,,,,,,,,,,,,,,,,,,,,,,,,,,,,,,,,,,,,,,,,1
0,54,27,437235200124,1801560455,1,1,"(0.5371615886688232, 0.803848147392273)","(0.4915103316307068, 0.5002900958061218)",1,1,2.785385131835937,3.1383514404296875,"(-63.92632293701172, -63.66808319091797, 728.6165161132812)","(1.9580507278442383, -63.15058517456055, 729.1951904296875)","(13.148573875427246, 53.444984436035156, 8.810626029968262)","(-2.6712515354156494, 109.04811096191406, 29.048477172851562)",POINT (0.514335960149765 0.6520691215991974),,,,,,,,,,,,,,,,,,,,,,,,,,,,,,,,,,,,,,,,,,,,,,1
0,54,27,437235216791,1801577122,1,1,"(0.5299750566482544, 0.7527344226837158)","(0.49130576848983765, 0.5279825925827026)",1,1,2.815093994140625,3.1401519775390625,"(-64.17398834228516, -63.65150833129883, 728.7762451171875)","(1.7192163467407227, -63.118995666503906, 729.3433227539062)","(10.658156394958496, 62.80757522583008, 12.218282699584961)","(-2.7421483993530273, 103.97564697265625, 27.202239990234375)",POINT (0.510640412569046 0.6403585076332092),,,,,,,,,,,,,,,,,,,,,,,,,,,,,,,,,,,,,,,,,,,,,,1
0,54,27,437235233459,1801593789,1,1,"(0.5094107985496521, 0.7241393327713013)","(0.4907293915748596, 0.5244904160499573)",1,1,2.918060302734375,3.126449584960937,"(-64.45210266113281, -63.6230354309082, 728.9589233398438)","(1.454392433166504, -63.0162467956543, 729.4622192382812)","(3.5319080352783203, 68.04536437988281, 14.124715805053711)","(-2.9418678283691406, 104.61529541015625, 27.435094833374023)",POINT (0.5000700950622559 0.6243148744106293),,,,,,,,,,,,,,,,,,,,,,,,,,,,,,,,,,,,,,,,,,,,,,1
0,54,27,437235250125,1801610455,1,1,"(0.4996315836906433, 0.7316892147064209)","(0.49339619278907776, 0.5101851224899292)",1,1,2.895858764648437,3.1157989501953125,"(-64.71122741699219, -63.536766052246094, 728.9840087890625)","(1.1878575086593628, -62.928287506103516, 729.6539306640625)","(0.1430448740720749, 66.66241455078125, 13.6214017868042)","(-2.0177323818206787, 107.23562622070312, 28.388774871826172)",POINT (0.4965138882398605 0.620937168598175),,,,,,,,,,,,,,,,,,,,,,,,,,,,,,,,,,,,,,,,,,,,,,1
0,54,27,437235266797,1801627126,1,1,"(0.4854268729686737, 0.6906402111053467)","(0.4867432117462158, 0.53073650598526)",1,1,2.9925689697265625,3.1381988525390625,"(-64.95706176757812, -63.41397476196289, 729.1267700195312)","(0.9452868700027466, -62.699886322021484, 729.6253662109375)","(-4.779394149780273, 74.18143463134766, 16.358083724975586)","(-4.323230266571045, 103.47119903564453, 27.018653869628906)",POINT (0.4860850423574448 0.6106883585453033),,,,,,,,,,,,,,,,,,,,,,,,,,,,,,,,,,,,,,,,,,,,,,
0,54,27,437235283464,1801643793,1,1,"(0.49150943756103516, 0.6834660172462463)","(0.4894770383834839, 0.5273796319961548)",1,1,3.0317535400390625,3.098129272460937,"(-65.126953125, -63.21843719482422, 729.1051025390625)","(0.7721837759017944, -62.36078643798828, 729.5669555664062)","(-2.671557664871216, 75.49552917480469, 16.836374282836914)","(-3.375863790512085, 104.08607482910156, 27.242496490478516)",POINT (0.4904932379722595 0.6054228246212006),,,,,,,,,,,,,,,,,,,,,,,,,,,,,,,,,,,,,,,,,,,,,,
0,54,27,437235300132,1801660460,1,1,"(0.4918382465839386, 0.6680557131767273)","(0.49430567026138306, 0.5075333118438721)",1,1,3.0129547119140625,3.1171112060546875,"(-65.16958618164062, -62.94175338745117, 728.9931030273438)","(0.7182185649871826, -61.962982177734375, 729.4349975585938)","(-2.5576183795928955, 78.31826782226562, 17.863746643066406)","(-1.702566146850586, 107.72134399414062, 28.56560707092285)",POINT (0.4930719584226608 0.5877945125102997),,,,,,,,,,,,,,,,,,,,,,,,,,,,,,,,,,,,,,,,,,,,,1,
0,54,27,437235316798,1801677126,1,1,"(0.47089335322380066, 0.5898701548576355)","(0.491498738527298, 0.4919724464416504)",1,1,3.086273193359375,3.0968170166015625,"(-65.08248901367188, -62.60422897338867, 728.9808959960938)","(0.8018672466278076, -61.45614242553711, 729.228515625)","(-9.815787315368652, 92.63960266113281, 23.076295852661133)","(-2.67527437210083, 110.5716552734375, 29.6030330657959)",POINT (0.4811960458755493 0.5409213006496429),,,,,,,,,,,,,,,,,,,,,,,,,,,,,,,,,,,,,,,,,,,,,1,
0,54,27,437235333466,1801693793,1,1,"(0.4779808223247528, 0.4564092755317688)","(0.4766901433467865, 0.3491095304489136)",1,1,3.069320678710937,3.045654296875,"(-64.7313003540039, -61.93595886230469, 728.8370361328125)","(1.0158326625823975, -60.75199890136719, 728.934326171875)","(-7.3597283363342285, 117.08582305908203, 31.973960876464844)","(-7.806983947753906, 136.74005126953125, 39.12752914428711)",POINT (0.4773354828357696 0.4027594029903412),,,,,,,,,,,,,,,,,,,,,,,,,,,,,,,,,,,,,,,,,,,,,,
0,54,27,437235383466,1801743792,1,1,"(0.49693500995635986, 0.4757014513015747)","(0.4997345209121704, 0.23096945881843567)",1,1,2.83880615234375,3.0047607421875,"(-62.7208137512207, -60.68501663208008, 727.2805786132812)","(3.027578353881836, -60.0733757019043, 727.4876708984375)","(-0.7914006114006042, 113.55204010009766, 30.687803268432617)","(0.17872072756290436, 158.3799285888672, 47.00379943847656)",POINT (0.4983347654342651 0.3533354550600052),,,,,,,,,,,,,,,,,,,,,,,,,,,,,,,,,,,,,,,,,,,,,1,
0,54,27,437235400139,1801760464,1,1,"(0.5284820795059204, 0.5215285420417786)","(0.5053576231002808, 0.27789032459259033)",1,1,2.6425933837890625,3.0456085205078125,"(-61.76973342895508, -60.392276763916016, 726.9722900390625)","(4.0148515701293945, -60.0926513671875, 726.8931274414062)","(10.140793800354004, 105.1578369140625, 27.632535934448242)","(2.127330780029297, 149.7853546142578, 43.87564468383789)",POINT (0.5169198513031006 0.3997094333171844),,,,,,,,,,,,,,,,,,,,,,,,,,,,,,,,,,,,,,,,,,,,,,
0,54,27,437235483476,1801843799,1,1,"(0.45691460371017456, 0.36163273453712463)","(0.49338749051094055, 0.2800883948802948)",1,1,2.8716278076171875,3.023223876953125,"(-55.384178161621094, -59.63793182373047, 722.651611328125)","(10.307815551757812, -61.34627914428711, 722.72509765625)","(-14.659928321838379, 134.44615173339844, 38.29262161254883)","(-2.0207533836364746, 149.3827362060547, 43.729095458984375)",POINT (0.4751510471105576 0.3208605647087097),,,,,,,,,,,,,,,,,,,,,,,,,,,,,,,,,,,,,,,,,,,,,1,
0,54,27,437236300201,1802660497,1,1,"(0.363925039768219, -0.04251798242330551)","(0.3136640787124634, 0.13761049509048462)",1,1,3.3003387451171875,3.15325927734375,"(-41.89924240112305, -59.01654052734375, 687.964111328125)","(22.82924461364746, -68.02243041992188, 689.0623779296875)","(-46.88423156738281, 208.47496032714844, 65.23690032958984)","(-64.30148315429688, 175.48060607910156, 53.22794723510742)",POINT (0.3387945592403412 0.0475462563335896),,,,,,,,,,,,,,,,,,,,,,,,,,,,,,,,,,,,,,,,,,,,,,
0,54,27,437236316876,1802677171,1,1,"(0.3451336622238159, 0.02435523085296154)","(0.3258698880672455, 0.07814735174179077)",1,1,3.248641967773437,3.1827850341796875,"(-43.1717643737793, -58.93906784057617, 687.9573974609375)","(21.558700561523438, -67.53987121582031, 688.7552490234375)","(-53.39612579345703, 196.2257080078125, 60.77851867675781)","(-60.07172393798828, 186.37252807617188, 57.19231414794922)",POINT (0.3355017751455307 0.0512512912973762),,,,,,,,,,,,,,,,,,,,,,,,,,,,,,,,,,,,,,,,,,,,,,
0,54,27,437236333537,1802693832,1,1,"(0.3506532907485962, 0.10093148052692413)","(0.32110559940338135, 0.05321745574474335)",1,1,3.20257568359375,3.1859130859375,"(-44.60285949707031, -58.90666198730469, 688.252197265625)","(20.245742797851562, -67.10203552246094, 688.9580078125)","(-51.48338317871094, 182.19915771484375, 55.673274993896484)","(-61.72273254394531, 190.93898010253906, 58.85436248779297)",POINT (0.3358794450759888 0.0770744681358337),,,,,,,,,,,,,,,,,,,,,,,,,,,,,,,,,,,,,,,,,,,,,,
0,54,27,437236350204,1802710498,1,1,"(0.3520962595939636, 0.08330926299095154)","(0.33471596240997314, 0.045124780386686325)",1,1,3.145492553710937,3.2306671142578125,"(-46.07645797729492, -58.881385803222656, 688.127685546875)","(18.77373504638672, -66.62164306640625, 688.5350952148438)","(-50.98332595825195, 185.42701721191406, 56.84817123413086)","(-57.00624465942383, 192.42132568359375, 59.39384460449219)",POINT (0.3434061110019684 0.0642170216888189),,,,,,,,,,,,,,,,,,,,,,,,,,,,,,,,,,,,,,,,,,,,,,
0,54,27,437236366870,1802727164,1,1,"(0.35103756189346313, 0.11137767881155014)","(0.31667813658714294, -0.0008421628153882921)",1,1,3.1241455078125,3.255706787109375,"(-47.64219665527344, -58.90619659423828, 688.5508422851562)","(17.348936080932617, -66.20468139648438, 688.9549560546875)","(-51.35021209716797, 180.2856903076172, 54.97684860229492)","(-63.25700759887695, 200.84112548828125, 62.45845031738281)",POINT (0.333857849240303 0.0552677579980809),,,,,,,,,,,,,,,,,,,,,,,,,,,,,,,,,,,,,,,,,,,,,,
0,54,27,437236383539,1802743832,1,1,"(0.42150065302848816, 0.12050352990627289)","(0.3959340751171112, 0.022358199581503868)",1,1,3.112335205078125,3.1475982666015625,"(-48.99763488769531, -58.96705627441406, 688.8419189453125)","(16.003814697265625, -65.75901794433594, 688.8280029296875)","(-26.932172775268555, 178.61410522460938, 54.36844253540039)","(-35.79191970825195, 196.5915069580078, 60.911685943603516)",POINT (0.4087173640727997 0.0714308647438884),,,,,,,,,,,,,,,,,,,,,,,,,,,,,,,,,,,,,,,,,,,,,,
0,54,27,437236400206,1802760499,1,1,"(0.4879530072212219, 0.20738357305526733)","(0.5191440582275391, 0.009278173558413982)",1,1,3.2718505859375,3.157211303710937,"(-50.14241409301758, -59.043174743652344, 689.0676879882812)","(14.901928901672363, -65.36927032470703, 689.1686401367188)","(-3.903987407684326, 162.70016479492188, 48.57627487182617)","(6.904852867126465, 198.98739624023438, 61.78370666503906)",POINT (0.5035485327243805 0.1083308733068407),,,,,,,,,,,,,,,,,,,,,,,,,,,,,,,,,,,,,,,,,,,,,,
0,54,27,437236416874,1802777166,1,1,"(0.5245215892791748, 0.205756276845932)","(0.5212663412094116, 0.1433202475309372)",1,1,3.2958984375,3.2440338134765625,"(-51.38445281982422, -59.12474060058594, 689.084228515625)","(13.706246376037598, -65.05486297607422, 689.31103515625)","(8.768346786499023, 162.99826049804688, 48.68471145629883)","(7.640291690826416, 174.43472290039062, 52.847293853759766)",POINT (0.5228939652442932 0.1745382621884346),,,,,,,,,,,,,,,,,,,,,,,,,,,,,,,,,,,,,,,,,,,,1,,
0,54,27,437236433540,1802793832,1,1,"(0.540901780128479, 0.19791433215141296)","(0.5243964195251465, 0.14930322766304016)",1,1,3.2783660888671875,3.24383544921875,"(-52.637603759765625, -59.29595947265625, 689.2992553710938)","(12.523776054382324, -64.79429626464844, 689.4501953125)","(14.44467830657959, 164.43466186523438, 49.20756149291992)","(8.72497844696045, 173.3388214111328, 52.44840621948242)",POINT (0.5326490998268127 0.1736087799072266),,,,,,,,,,,,,,,,,,,,,,,,,,,,,,,,,,,,,,,,,,,,1,,
0,54,27,437236450217,1802810507,1,1,"(0.5285903811454773, 0.2340102195739746)","(0.524142324924469, 0.18994204699993134)",1,1,3.28326416015625,3.2670135498046875,"(-53.76649475097656, -59.51176452636719, 689.7264404296875)","(11.42162036895752, -64.62386322021484, 689.4923095703125)","(10.178363800048828, 157.82293701171875, 46.80107879638672)","(8.636923789978027, 165.89495849609375, 49.73903274536133)",POINT (0.5263663530349731 0.211976133286953),,,,,,,,,,,,,,,,,,,,,,,,,,,,,,,,,,,,,,,,,,,,1,,
0,54,27,437236466883,1802827173,1,1,"(0.5294786095619202, 0.18605206906795502)","(0.5221880674362183, 0.150968998670578)",1,1,3.268707275390625,3.266815185546875,"(-54.764347076416016, -59.70365905761719, 689.5740356445312)","(10.4511137008667, -64.4864501953125, 689.7232666015625)","(10.486135482788086, 166.60748291015625, 49.99839782714844)","(7.959686756134033, 173.03369140625, 52.33736038208008)",POINT (0.5258333384990692 0.1685105338692665),,,,,,,,,,,,,,,,,,,,,,,,,,,,,,,,,,,,,,,,,,,,1,,
0,54,27,437236483551,1802843840,1,1,"(0.537142276763916, 0.20468853414058685)","(0.5220768451690674, 0.108605295419693)",1,1,3.29864501953125,3.243881225585937,"(-55.69367980957031, -59.938350677490234, 690.01513671875)","(9.553634643554688, -64.40528869628906, 690.05224609375)","(13.141883850097656, 163.19383239746094, 48.75592041015625)","(7.921174049377441, 180.7935333251953, 55.16164016723633)",POINT (0.5296095609664917 0.1566469147801399),,,,,,,,,,,,,,,,,,,,,,,,,,,,,,,,,,,,,,,,,,,,1,,
0,54,27,437236500218,1802860507,1,1,"(0.5334633588790894, 0.12318770587444305)","(0.5278651118278503, 0.14662392437458038)",1,1,3.2238922119140625,3.258285522460937,"(-56.53549575805664, -60.195594787597656, 690.577392578125)","(8.757061004638672, -64.38134765625, 690.654052734375)","(11.86701774597168, 178.1224365234375, 54.18949890136719)","(9.927003860473633, 173.82958984375, 52.627037048339844)",POINT (0.5306642353534698 0.1349058151245117),,,,,,,,,,,,,,,,,,,,,,,,,,,,,,,,,,,,,,,,,,,,,,
0,54,27,437236516887,1802877175,1,1,"(0.5282689332962036, 0.15515971183776855)","(0.5308723449707031, 0.12643009424209595)",1,1,3.2706451416015625,3.223602294921875,"(-57.226966857910156, -60.463260650634766, 691.019287109375)","(8.088927268981934, -64.44952392578125, 691.0667724609375)","(10.066946983337402, 172.26608276367188, 52.057945251464844)","(10.969115257263184, 177.52853393554688, 53.97331619262695)",POINT (0.5295706391334534 0.1407949030399322),,,,,,,,,,,,,,,,,,,,,,,,,,,,,,,,,,,,,,,,,,,,1,,
0,54,27,437236533554,1802893842,1,1,"(0.5390015840530396, 0.19534528255462646)","(0.5217074155807495, 0.14577718079090118)",1,1,3.3218994140625,3.275482177734375,"(-57.75075149536133, -60.726661682128906, 691.1692504882812)","(7.561401844024658, -64.58358001708984, 691.0803833007812)","(13.7861967086792, 164.90524291992188, 49.37882614135742)","(7.793128490447998, 173.9846954345703, 52.683475494384766)",POINT (0.5303544998168945 0.1705612316727638),,,,,,,,,,,,,,,,,,,,,,,,,,,,,,,,,,,,,,,,,,,,1,,
0,54,27,437236550221,1802910509,1,1,"(0.5563551783561707, 0.1908692568540573)","(0.5509554147720337, 0.13582956790924072)",1,1,3.34259033203125,3.256698608398437,"(-58.201324462890625, -61.07759094238281, 692.1760864257812)","(7.161993026733398, -64.82946014404297, 692.0389404296875)","(19.799863815307617, 165.72511291503906, 49.6772346496582)","(17.928630828857422, 175.8068084716797, 53.34668731689453)",POINT (0.5536552965641022 0.163349412381649),,,,,,,,,,,,,,,,,,,,,,,,,,,,,,,,,,,,,,,,,,,,1,,
0,54,27,437236566888,1802927175,1,1,"(0.617028534412384, 0.22439539432525635)","(0.6177813410758972, 0.1478322446346283)",1,1,3.309967041015625,3.2102508544921875,"(-58.47346878051758, -61.3009147644043, 692.6240844726562)","(6.832257270812988, -64.982666015625, 693.0262451171875)","(40.82538986206055, 159.5841064453125, 47.44206619262695)","(41.08625411987305, 173.60826110839844, 52.546451568603516)",POINT (0.6174049377441406 0.1861138194799423),,,,,,,,,,,,,,,,,,,,,,,,,,,,,,,,,,,,,,,,,,,,1,,
0,54,27,437236583558,1802943845,1,1,"(0.6196122765541077, 0.22161269187927246)","(0.6148142218589783, 0.15437579154968262)",1,1,3.3219451904296875,3.21234130859375,"(-58.94181823730469, -61.43658447265625, 693.0921630859375)","(6.38614559173584, -65.0428466796875, 693.9114990234375)","(41.72074890136719, 160.09381103515625, 47.62762451171875)","(40.05805587768555, 172.40966796875, 52.11024856567383)",POINT (0.617213249206543 0.1879942417144775),,,,,,,,,,,,,,,,,,,,,,,,,,,,,,,,,,,,,,,,,,,,1,,
0,54,27,437236600226,1802960512,1,1,"(0.6189361214637756, 0.18901783227920532)","(0.6161625385284424, 0.13667792081832886)",1,1,3.29315185546875,3.155181884765625,"(-59.436614990234375, -61.47555923461914, 694.1484985351562)","(5.9256486892700195, -64.91114807128906, 694.33203125)","(41.48645782470703, 166.0642547607422, 49.8006591796875)","(40.525299072265625, 175.6514434814453, 53.290077209472656)",POINT (0.617549329996109 0.1628478765487671),,,,,,,,,,,,,,,,,,,,,,,,,,,,,,,,,,,,,,,,,,,,1,,
0,54,27,437236616892,1802977178,1,1,"(0.6212251782417297, 0.17711570858955383)","(0.6172225475311279, 0.19365863502025604)",1,1,3.260238647460937,3.16162109375,"(-59.916358947753906, -61.40455627441406, 694.896240234375)","(5.454475402832031, -64.70387268066406, 695.0198974609375)","(42.27967834472656, 168.24436950683594, 50.59416580200195)","(40.89262771606445, 165.21420288085938, 49.49125671386719)",POINT (0.6192238628864288 0.1853871718049049),,,,,,,,,,,,,,,,,,,,,,,,,,,,,,,,,,,,,,,,,,,,1,,
0,54,27,437236633560,1802993845,1,1,"(0.6214514374732971, 0.1707753837108612)","(0.6187528371810913, 0.16834613680839539)",1,1,3.229736328125,3.132781982421875,"(-60.388877868652344, -61.27641677856445, 695.78515625)","(4.984816551208496, -64.4869384765625, 695.9083862304688)","(42.35809326171875, 169.40574645996094, 51.016868591308594)","(41.422943115234375, 169.8507080078125, 51.1788330078125)",POINT (0.6201021373271942 0.1695607602596283),,,,,,,,,,,,,,,,,,,,,,,,,,,,,,,,,,,,,,,,,,,,1,,
0,54,27,437236650226,1803010511,1,1,"(0.620049774646759, 0.1987055391073227)","(0.6250523924827576, 0.17952710390090942)",1,1,3.291961669921875,3.12408447265625,"(-60.86198043823242, -61.193843841552734, 696.6220092773438)","(4.537574291229248, -64.296630859375, 697.0523071289062)","(41.87236785888672, 164.28973388671875, 49.15480041503906)","(43.60595703125, 167.8026885986328, 50.43341064453125)",POINT (0.6225510835647583 0.1891163215041161),,,,,,,,,,,,,,,,,,,,,,,,,,,,,,,,,,,,,,,,,,,,1,,
0,54,27,437236666895,1803027179,1,1,"(0.621240496635437, 0.2098168581724167)","(0.6173964142799377, 0.1697893887758255)",1,1,3.26458740234375,3.1197662353515625,"(-61.31599426269531, -61.170528411865234, 697.4616088867188)","(4.125288963317871, -64.18407440185547, 698.1859741210938)","(42.28499221801758, 162.25445556640625, 48.414058685302734)","(40.952877044677734, 169.5863494873047, 51.082603454589844)",POINT (0.6193184554576874 0.1898031234741211),,,,,,,,,,,,,,,,,,,,,,,,,,,,,,,,,,,,,,,,,,,,1,,
0,54,27,437236683561,1803043845,1,1,"(0.6177217364311218, 0.12052319943904877)","(0.6197414398193359, 0.19707730412483215)",1,1,3.1715087890625,3.10040283203125,"(-61.690555572509766, -61.19371032714844, 697.8411865234375)","(3.715203285217285, -64.06178283691406, 698.392822265625)","(41.06561279296875, 178.61050415039062, 54.367103576660156)","(41.7655143737793, 164.58798217773438, 49.26334762573242)",POINT (0.6187315881252289 0.1588002517819405),,,,,,,,,,,,,,,,,,,,,,,,,,,,,,,,,,,,,,,,,,,,1,,
0,54,27,437236700228,1803060511,1,1,"(0.6261983513832092, 0.18632471561431885)","(0.6166805624961853, 0.19133034348487854)",1,1,3.206771850585937,3.081817626953125,"(-62.07598114013672, -61.26412582397461, 698.7669067382812)","(3.4109249114990234, -64.0491943359375, 699.0966796875)","(44.00306701660156, 166.55758666992188, 49.980167388916016)","(40.70478820800781, 165.6406707763672, 49.64649963378906)",POINT (0.6214394569396973 0.1888275295495987),,,,,,,,,,,,,,,,,,,,,,,,,,,,,,,,,,,,,,,,,,,,1,,
0,54,27,437236716900,1803077183,1,1,"(0.6207732558250427, 0.1373666524887085)","(0.6105302572250366, 0.1693796068429947)",1,1,3.140121459960937,3.0553131103515625,"(-62.366737365722656, -61.30699157714844, 699.3694458007812)","(3.0940542221069336, -64.10728454589844, 700.3562622070312)","(42.12307357788086, 175.52525329589844, 53.24422836303711)","(38.57350158691406, 169.66139221191406, 51.109954833984375)",POINT (0.6156517565250397 0.1533731296658516),,,,,,,,,,,,,,,,,,,,,,,,,,,,,,,,,,,,,,,,,,,,1,,
0,54,27,437236733568,1803093850,1,1,"(0.5933293104171753, 0.20187832415103912)","(0.5822701454162598, 0.18009957671165466)",1,1,3.21441650390625,3.0308990478515625,"(-62.662200927734375, -61.29807662963867, 699.8477783203125)","(2.774658203125, -63.941444396972656, 700.4130859375)","(32.612735748291016, 163.7085723876953, 48.94329833984375)","(28.78034210205078, 167.69781494140625, 50.39524459838867)",POINT (0.5877997279167175 0.1909889504313469),,,,,,,,,,,,,,,,,,,,,,,,,,,,,,,,,,,,,,,,,,,,1,,
0,54,27,437236750235,1803110517,1,1,"(0.5905579328536987, 0.15551504492759705)","(0.5828644037246704, 0.12548258900642395)",1,1,3.1472930908203125,3.01995849609375,"(-62.91565704345703, -61.368003845214844, 701.0385131835938)","(2.5781192779541016, -63.94960403442383, 701.3228759765625)","(31.65235710144043, 172.2010040283203, 52.03426742553711)","(28.986263275146484, 177.7020721435547, 54.0364990234375)",POINT (0.5867111682891846 0.1404988169670105),,,,,,,,,,,,,,,,,,,,,,,,,,,,,,,,,,,,,,,,,,,,1,,
0,54,27,437236766904,1803127184,1,1,"(0.6021498441696167, 0.14119841158390045)","(0.589612603187561, 0.17106406390666962)",1,1,3.1370849609375,3.0328369140625,"(-63.11174392700195, -61.420074462890625, 701.5249633789062)","(2.375028133392334, -63.938453674316406, 701.7861328125)","(35.66938018798828, 174.82339477539062, 52.988731384277344)","(31.324766159057617, 169.3528594970703, 50.997642517089844)",POINT (0.5958812236785889 0.156131237745285),,,,,,,,,,,,,,,,,,,,,,,,,,,,,,,,,,,,,,,,,,,,1,,
0,54,27,437236783570,1803143850,1,1,"(0.5946609973907471, 0.11584126204252243)","(0.5823572278022766, 0.1866772323846817)",1,1,3.113128662109375,3.0468292236328125,"(-63.216835021972656, -61.459617614746094, 701.9190063476562)","(2.2369587421417236, -63.983543395996094, 702.7939453125)","(33.07422637939453, 179.46810913085938, 54.67924880981445)","(28.810503005981445, 166.4929656982422, 49.95673370361328)",POINT (0.5885091125965118 0.1512592472136021),,,,,,,,,,,,,,,,,,,,,,,,,,,,,,,,,,,,,,,,,,,,1,,
0,54,27,437236800237,1803160516,1,1,"(0.5941736698150635, 0.13223175704479218)","(0.5846085548400879, 0.1556461900472641)",1,1,3.0965728759765625,2.9884185791015625,"(-63.268089294433594, -61.5418701171875, 702.7406616210938)","(2.2106032371520996, -64.03309631347656, 703.244140625)","(32.90534973144531, 176.46583557128906, 53.586517333984375)","(29.590679168701172, 172.17698669433594, 52.0255012512207)",POINT (0.5893911123275757 0.1439389735460281),,,,,,,,,,,,,,,,,,,,,,,,,,,,,,,,,,,,,,,,,,,,1,,
0,54,27,437236816905,1803177184,1,1,"(0.6010507941246033, 0.10038981586694717)","(0.5864120125770569, 0.17626328766345978)",1,1,3.075836181640625,2.9729156494140625,"(-63.24132537841797, -61.540985107421875, 703.6613159179688)","(2.2712957859039307, -63.9943962097168, 703.8990478515625)","(35.28852462768555, 182.29835510253906, 55.709407806396484)","(30.215656280517578, 168.40052795410156, 50.650997161865234)",POINT (0.5937314033508301 0.1383265517652035),,,,,,,,,,,,,,,,,,,,,,,,,,,,,,,,,,,,,,,,,,,,,,
0,54,27,437236833574,1803193852,1,1,"(0.5973725914955139, 0.1247495487332344)","(0.5903329849243164, 0.1442841738462448)",1,1,3.1006317138671875,2.9897613525390625,"(-63.045005798339844, -61.38457107543945, 704.1298828125)","(2.442291259765625, -63.98366928100586, 705.115966796875)","(34.013877868652344, 177.8363494873047, 54.08538818359375)","(31.574419021606445, 174.2581787109375, 52.782989501953125)",POINT (0.5938527882099152 0.1345168612897396),,,,,,,,,,,,,,,,,,,,,,,,,,,,,,,,,,,,,,,,,,,,,,
0,54,27,437236850243,1803210521,1,1,"(0.5994550585746765, 0.13637526333332062)","(0.5938675403594971, 0.13650885224342346)",1,1,3.0937652587890625,2.9716796875,"(-62.846336364746094, -61.199180603027344, 705.254150390625)","(2.6588926315307617, -63.77101516723633, 705.6768798828125)","(34.73554229736328, 175.7068634033203, 53.31027603149414)","(32.79924774169922, 175.68238830566406, 53.30138397216797)",POINT (0.5966612994670868 0.136442057788372),,,,,,,,,,,,,,,,,,,,,,,,,,,,,,,,,,,,,,,,,,,,,,
0,54,27,437236866911,1803227188,1,1,"(0.592434823513031, 0.14871926605701447)","(0.590408444404602, 0.20512954890727997)",1,1,3.07733154296875,3.0314178466796875,"(-62.589447021484375, -60.86029052734375, 705.8201904296875)","(2.9015088081359863, -63.41803741455078, 706.334228515625)","(32.30278015136719, 173.44580078125, 52.48733139038086)","(31.600557327270508, 163.113037109375, 48.72653579711914)",POINT (0.5914216339588165 0.1769244074821472),,,,,,,,,,,,,,,,,,,,,,,,,,,,,,,,,,,,,,,,,,,,1,,
0,54,27,437236883578,1803243855,1,1,"(0.5931392908096313, 0.1423884779214859)","(0.5905272364616394, 0.23036909103393555)",1,1,3.0771484375,3.022308349609375,"(-62.33876419067383, -60.49071502685547, 706.5531005859375)","(3.168487310409546, -63.00672149658203, 707.0614013671875)","(32.546905517578125, 174.60540771484375, 52.90941619873047)","(31.6417179107666, 158.48988342285156, 47.04384994506836)",POINT (0.5918332636356354 0.1863787844777107),,,,,,,,,,,,,,,,,,,,,,,,,,,,,,,,,,,,,,,,,,,,1,,
0,54,27,437236900245,1803260521,1,1,"(0.5959511399269104, 0.11449768394231796)","(0.5858927369117737, 0.20957350730895996)",1,1,3.052597045898437,2.990692138671875,"(-62.0546875, -60.10254669189453, 707.0400390625)","(3.450896739959717, -62.59322738647461, 707.8726806640625)","(33.521297454833984, 179.71421813964844, 54.768802642822266)","(30.03569984436035, 162.29904174804688, 48.43022155761719)",POINT (0.590921938419342 0.162035595625639),,,,,,,,,,,,,,,,,,,,,,,,,,,,,,,,,,,,,,,,,,,,1,,
0,54,27,437236916912,1803277188,1,1,"(0.623404860496521, 0.12319481372833252)","(0.618131697177887, 0.22639042139053345)",1,1,3.062286376953125,2.9741973876953125,"(-61.72039794921875, -59.77241134643555, 707.9147338867188)","(3.7910280227661133, -62.208587646484375, 708.1864013671875)","(43.03501510620117, 178.1211395263672, 54.18901443481445)","(41.207679748535156, 159.21865844726562, 47.30908203125)",POINT (0.620768278837204 0.174792617559433),,,,,,,,,,,,,,,,,,,,,,,,,,,,,,,,,,,,,,,,,,,,1,,
0,54,27,437236933580,1803293855,1,1,"(0.6640851497650146, 0.10458143055438995)","(0.6602610349655151, 0.1982402354478836)",1,1,3.018585205078125,2.954208374023437,"(-61.23095703125, -59.475250244140625, 708.2606201171875)","(4.24356746673584, -61.98301696777344, 709.0670166015625)","(57.13223648071289, 181.5305633544922, 55.42995834350586)","(55.80703353881836, 164.37498474121094, 49.18580627441406)",POINT (0.6621730923652649 0.1514108330011368),,,,,,,,,,,,,,,,,,,,,,,,,,,,,,,,,,,,,,,,,,,,1,,
0,54,27,437236950247,1803310522,1,1,"(0.6593773365020752, 0.1375860571861267)","(0.6504325270652771, 0.21543943881988525)",1,1,3.0407257080078125,2.944808959960937,"(-60.846839904785156, -59.24346923828125, 708.8955078125)","(4.651739597320557, -61.74840545654297, 709.0054931640625)","(55.50080871582031, 175.4850616455078, 53.229591369628906)","(52.40110778808594, 161.2245635986328, 48.03917694091797)",POINT (0.6549049317836761 0.176512748003006),,,,,,,,,,,,,,,,,,,,,,,,,,,,,,,,,,,,,,,,,,,,1,,
0,54,27,437236966922,1803327196,1,1,"(0.6612759232521057, 0.14907000958919525)","(0.6476311087608337, 0.20100852847099304)",1,1,3.0440673828125,2.95306396484375,"(-60.41337585449219, -59.051239013671875, 709.3842163085938)","(5.078651428222656, -61.65590286254883, 709.95703125)","(56.15873718261719, 173.38156127929688, 52.463932037353516)","(51.430301666259766, 163.86788940429688, 49.00126266479492)",POINT (0.6544535160064697 0.1750392690300942),,,,,,,,,,,,,,,,,,,,,,,,,,,,,,,,,,,,,,,,,,,,1,,
0,54,27,437236983589,1803343863,1,1,"(0.6632969379425049, 0.1083865538239479)","(0.6515735983848572, 0.18246956169605255)",1,1,3.03741455078125,2.94464111328125,"(-59.993133544921875, -58.84372329711914, 710.1239624023438)","(5.5032854080200195, -61.482154846191406, 710.5897216796875)","(56.859100341796875, 180.83358764648438, 55.176265716552734)","(52.796531677246094, 167.26370239257812, 50.237247467041016)",POINT (0.657435268163681 0.1454280577600002),,,,,,,,,,,,,,,,,,,,,,,,,,,,,,,,,,,,,,,,,,,,1,,
0,54,27,437237000256,1803360529,1,1,"(0.6607832312583923, 0.10257994383573532)","(0.6430028676986694, 0.18336595594882965)",1,1,3.0183868408203125,2.9233856201171875,"(-59.570762634277344, -58.61814880371094, 710.5960693359375)","(5.932800769805908, -61.24573516845703, 711.0557861328125)","(55.98801040649414, 181.89718627929688, 55.56342697143555)","(49.82644271850586, 167.09950256347656, 50.1774787902832)",POINT (0.6518930494785309 0.1429729498922825),,,,,,,,,,,,,,,,,,,,,,,,,,,,,,,,,,,,,,,,,,,,1,,
0,54,27,437237016923,1803377196,1,1,"(0.6654219627380371, 0.09913671016693115)","(0.654367208480835, 0.152171790599823)",1,1,3.02606201171875,2.9036102294921875,"(-59.203895568847656, -58.35086441040039, 711.3675537109375)","(6.306941509246826, -60.990211486816406, 711.9840087890625)","(57.59548568725586, 182.5278778076172, 55.792972564697266)","(53.76459884643555, 172.8134002685547, 52.25715255737305)",POINT (0.659894585609436 0.1256542503833771),,,,,,,,,,,,,,,,,,,,,,,,,,,,,,,,,,,,,,,,,,,,,,
0,54,27,437237033591,1803393863,1,1,"(0.7144896984100342, 0.06760893017053604)","(0.7034704685211182, 0.14237314462661743)",1,1,2.9950103759765625,2.91851806640625,"(-58.725189208984375, -58.111900329589844, 711.9922485351562)","(6.769716262817383, -60.72266387939453, 712.3663330078125)","(74.5992660522461, 188.30288696289062, 57.89484786987305)","(70.78067779541016, 174.6082305908203, 52.91040802001953)",POINT (0.7089800834655762 0.1049910373985767),,,,,,,,,,,,,,,,,,,,,,,,,,,,,,,,,,,,,,,,,,,,,,
0,54,27,437237050258,1803410530,1,1,"(0.713493287563324, 0.11487012356519699)","(0.7107145190238953, 0.15000642836093903)",1,1,3.0156402587890625,2.915496826171875,"(-58.39922332763672, -57.88652038574219, 712.4485473632812)","(7.082648754119873, -60.49287414550781, 712.6109619140625)","(74.25396728515625, 179.64598083496094, 54.744014739990234)","(73.291015625, 173.21002197265625, 52.40150451660156)",POINT (0.7121039032936096 0.132438275963068),,,,,,,,,,,,,,,,,,,,,,,,,,,,,,,,,,,,,,,,,,,,,,
0,54,27,437237066925,1803427196,1,1,"(0.7023544907569885, 0.10913213342428207)","(0.6964929699897766, 0.17621855437755585)",1,1,2.99481201171875,2.9148712158203125,"(-58.04430389404297, -57.8111686706543, 712.7400512695312)","(7.460399150848389, -60.40717315673828, 712.9669189453125)","(70.39395904541016, 180.69700622558594, 55.1265754699707)","(68.36272430419922, 168.40870666503906, 50.65401077270508)",POINT (0.6994237303733826 0.142675343900919),,,,,,,,,,,,,,,,,,,,,,,,,,,,,,,,,,,,,,,,,,,,1,,
0,54,27,437237083592,1803443863,1,1,"(0.7135598063468933, 0.11510485410690308)","(0.7006816267967224, 0.18950891494750977)",1,1,3.0003814697265625,2.947235107421875,"(-57.70649719238281, -57.84165573120117, 713.4532470703125)","(7.808591842651367, -60.464969635009766, 713.3935546875)","(74.27701568603516, 179.6029815673828, 54.728370666503906)","(69.81424713134766, 165.9742889404297, 49.7679557800293)",POINT (0.7071207165718079 0.1523068845272064),,,,,,,,,,,,,,,,,,,,,,,,,,,,,,,,,,,,,,,,,,,,1,,
0,54,27,437237100260,1803460530,1,1,"(0.7086659669876099, 0.12746471166610718)","(0.6994697451591492, 0.15382952988147736)",1,1,3.026947021484375,2.9332427978515625,"(-57.30394744873047, -57.91918182373047, 713.5970458984375)","(8.21844482421875, -60.609130859375, 713.5667724609375)","(72.58112335205078, 177.33901977539062, 53.904319763183594)","(69.39427947998047, 172.50973510742188, 52.14664840698242)",POINT (0.7040678560733795 0.1406471207737923),,,,,,,,,,,,,,,,,,,,,,,,,,,,,,,,,,,,,,,,,,,,1,,
0,54,27,437237116926,1803477196,1,1,"(0.7145293951034546, 0.10659495741128922)","(0.709280252456665, 0.18378467857837677)",1,1,2.99169921875,2.964706420898437,"(-56.930171966552734, -58.024940490722656, 713.8026123046875)","(8.577482223510742, -60.705074310302734, 714.2315673828125)","(74.61299133300781, 181.16175842285156, 55.29570388793945)","(72.79398345947266, 167.02281188964844, 50.149566650390625)",POINT (0.7119048237800598 0.145189817994833),,,,,,,,,,,,,,,,,,,,,,,,,,,,,,,,,,,,,,,,,,,,1,,
0,54,27,437237133594,1803493863,1,1,"(0.7120689749717712, 0.14498811960220337)","(0.7099339962005615, 0.1366148144006729)",1,1,2.99835205078125,2.9259490966796875,"(-56.58091735839844, -58.17363739013672, 714.1943359375)","(8.952841758728027, -60.825401306152344, 713.92578125)","(73.76039123535156, 174.12924194335938, 52.7360725402832)","(73.02054595947266, 175.66297912597656, 53.29432678222656)",POINT (0.7110014855861664 0.1408014670014381),,,,,,,,,,,,,,,,,,,,,,,,,,,,,,,,,,,,,,,,,,,,1,,
0,54,27,437237150260,1803510529,1,1,"(0.7192742228507996, 0.13038823008537292)","(0.7005797624588013, 0.16777868568897247)",1,1,3.0770263671875,2.9803924560546875,"(-56.20881652832031, -58.33079528808594, 714.3419799804688)","(9.31633186340332, -60.9672966003418, 714.817138671875)","(76.25725555419922, 176.8035125732422, 53.70943832397461)","(69.77894592285156, 169.95465087890625, 51.21664810180664)",POINT (0.7099269926548004 0.1490834578871727),,,,,,,,,,,,,,,,,,,,,,,,,,,,,,,,,,,,,,,,,,,,1,,
0,54,27,437237166928,1803527196,1,1,"(0.6991494297981262, 0.18232445418834686)","(0.700645387172699, 0.1587877869606018)",1,1,3.020782470703125,2.9786529541015625,"(-55.89202117919922, -58.55487823486328, 714.6969604492188)","(9.650676727294922, -61.0915641784668, 714.4268798828125)","(69.28328704833984, 167.290283203125, 50.24692153930664)","(69.80168151855469, 171.6015167236328, 51.816070556640625)",POINT (0.6998974084854126 0.1705561205744743),,,,,,,,,,,,,,,,,,,,,,,,,,,,,,,,,,,,,,,,,,,,1,,
0,54,27,437237433614,1803793875,1,1,"(0.6770151257514954, 0.3391873240470886)","(0.6488155722618103, 0.1971379518508911)",1,1,3.022613525390625,3.0984344482421875,"(-49.580684661865234, -59.83656692504883, 719.4468383789062)","(16.053281784057617, -61.42047119140625, 719.4771728515625)","(61.61294174194336, 138.55752563476562, 39.78901290893555)","(51.840763092041016, 164.57688903808594, 49.25931167602539)",POINT (0.6629153490066528 0.2681626379489899),,,,,,,,,,,,,,,,,,,,,,,,,,,,,,,,,,,,,,,,,,,,1,1,
0,54,27,437237450282,1803810542,1,1,"(0.6437285542488098, 0.6340047121047974)","(0.6684120893478394, 0.05384143069386482)",1,1,3.1552734375,3.0766754150390625,"(-49.28607177734375, -59.73202896118164, 719.74072265625)","(16.345685958862305, -61.31626892089844, 719.8646850585938)","(50.07792663574219, 84.55543518066406, 20.133859634399414)","(58.63167190551758, 190.82467651367188, 58.812767028808594)",POINT (0.6560703217983246 0.3439230713993311),,,,,,,,,,,,,,,,,,,,,,,,,,,,,,,,,,,,,,,,,,,,,1,
0,54,27,437237466948,1803827208,1,1,"(0.6421416997909546, 0.5985992550849915)","(0.6576484441757202, 0.16142630577087402)",1,1,3.126937866210937,3.049911499023437,"(-49.02143096923828, -59.67189407348633, 719.8203125)","(16.598838806152344, -61.22374725341797, 719.6927490234375)","(49.52802276611328, 91.04069519042969, 22.494314193725586)","(54.90170669555664, 171.11822509765625, 51.64016342163086)",POINT (0.6498950719833374 0.3800127804279327),,,,,,,,,,,,,,,,,,,,,,,,,,,,,,,,,,,,,,,,,,,,,,
0,54,27,437237483616,1803843875,1,1,"(0.6950609683990479, 0.24014124274253845)","(0.6469901204109192, 0.1616421490907669)",1,1,3.15972900390625,3.033294677734375,"(-48.83470153808594, -59.72423553466797, 720.0376586914062)","(16.81793212890625, -61.209285736083984, 720.0667114257812)","(67.86648559570312, 156.69992065429688, 46.392303466796875)","(51.20817947387695, 171.07867431640625, 51.62578582763672)",POINT (0.6710255444049835 0.2008916959166527),,,,,,,,,,,,,,,,,,,,,,,,,,,,,,,,,,,,,,,,,,,,,,
0,54,27,437237500281,1803860540,1,1,"(0.6542023420333862, 0.42664623260498047)","(0.6563189625740051, 0.1959560364484787)",1,1,3.1320343017578125,3.1062164306640625,"(-48.657752990722656, -59.86347961425781, 719.904052734375)","(16.95370864868164, -61.26988983154297, 720.04736328125)","(53.70747375488281, 122.53755187988281, 33.95823287963867)","(54.44097137451172, 164.79336547851562, 49.33810806274414)",POINT (0.6552606523036957 0.3113011345267296),,,,,,,,,,,,,,,,,,,,,,,,,,,,,,,,,,,,,,,,,,,,,1,
0,54,27,437237516957,1803877215,1,1,"(0.6635195016860962, 0.571021556854248)","(0.6643940210342407, 0.13243021070957184)",1,1,3.092269897460937,3.0494842529296875,"(-48.56964874267578, -60.090553283691406, 720.03369140625)","(17.042522430419922, -61.32567596435547, 719.8863525390625)","(56.93622970581055, 96.09212493896484, 24.33295440673828)","(57.23927688598633, 176.42945861816406, 53.57331085205078)",POINT (0.6639567613601685 0.3517258837819099),,,,,,,,,,,,,,,,,,,,,,,,,,,,,,,,,,,,,,,,,,,,,1,
0,54,27,437237533616,1803893874,1,1,"(0.6767350435256958, 0.31840866804122925)","(0.6567025184631348, 0.2008313238620758)",1,1,3.074188232421875,3.0828399658203125,"(-48.509544372558594, -60.35540008544922, 719.898193359375)","(17.085336685180664, -61.48130798339844, 719.8681640625)","(61.51587677001953, 142.36355590820312, 41.1743278503418)","(54.573890686035156, 163.90036010742188, 49.01305389404297)",POINT (0.6667187809944153 0.2596199959516525),,,,,,,,,,,,,,,,,,,,,,,,,,,,,,,,,,,,,,,,,,,,1,1,
0,54,27,437237550283,1803910540,1,1,"(0.66446453332901, 0.4269528388977051)","(0.6539915204048157, 0.09068070352077484)",1,1,3.130233764648437,3.0642242431640625,"(-48.498863220214844, -60.675086975097656, 719.902099609375)","(17.104572296142578, -61.64666748046875, 720.138671875)","(57.26372146606445, 122.48139953613281, 33.937782287597656)","(53.63441848754883, 184.07681274414062, 56.356658935546875)",POINT (0.6592280268669128 0.25881677120924),,,,,,,,,,,,,,,,,,,,,,,,,,,,,,,,,,,,,,,,,,,,1,1,
0,54,27,437237566958,1803927215,1,1,"(0.660382091999054, 0.5254477858543396)","(0.6649865508079529, 0.20145490765571594)",1,1,3.1681060791015625,3.10595703125,"(-48.50905990600586, -61.015289306640625, 719.94482421875)","(17.0924072265625, -61.82292938232422, 720.1844482421875)","(55.84898376464844, 104.43994140625, 27.371259689331055)","(57.4445915222168, 163.78614807128906, 48.97148132324219)",POINT (0.6626843214035034 0.3634513467550278),,,,,,,,,,,,,,,,,,,,,,,,,,,,,,,,,,,,,,,,,,,,,1,
0,54,27,437237583618,1803943874,1,1,"(0.6689625382423401, 0.2983418405056)","(0.6621497273445129, 0.09067375212907791)",1,1,3.2429962158203125,3.1344451904296875,"(-48.53279113769531, -61.35307312011719, 719.8258056640625)","(17.06563949584961, -62.019287109375, 719.9423828125)","(58.82242965698242, 146.0392303466797, 42.51216125488281)","(56.4615364074707, 184.07806396484375, 56.35715103149414)",POINT (0.6655561327934265 0.1945077963173389),,,,,,,,,,,,,,,,,,,,,,,,,,,,,,,,,,,,,,,,,,,,1,,
0,54,27,437237616953,1803977208,1,1,"(0.6567683219909668, 0.4651891887187958)","(0.6408334970474243, 0.23859457671642303)",1,1,3.1898956298828125,3.122711181640625,"(-48.622657775878906, -61.91202163696289, 719.9019165039062)","(17.00464630126953, -62.28703308105469, 719.9313354492188)","(54.59668731689453, 115.47757720947266, 31.388641357421875)","(49.07466506958008, 156.98321533203125, 46.495418548583984)",POINT (0.6488009095191956 0.3518918827176094),,,,,,,,,,,,,,,,,,,,,,,,,,,,,,,,,,,,,,,,,,,,,1,
0,54,27,437237633619,1803993874,1,1,"(0.6260892748832703, 0.48272669315338135)","(0.6594677567481995, 0.2042883038520813)",1,1,3.25433349609375,3.1246490478515625,"(-48.6890983581543, -62.123985290527344, 719.950439453125)","(16.91920280456543, -62.39700698852539, 720.1197509765625)","(43.965274810791016, 112.26522827148438, 30.219411849975586)","(55.53212356567383, 163.2671356201172, 48.78261184692383)",POINT (0.6427785158157349 0.3435074985027313),,,,,,,,,,,,,,,,,,,,,,,,,,,,,,,,,,,,,,,,,,,,,1,
0,54,27,437237700288,1804060541,1,1,"(0.6505705714225769, 0.22668969631195068)","(0.6528437733650208, 0.21795712411403656)",1,1,3.2156219482421875,3.185165405273437,"(-49.1086540222168, -62.77777099609375, 720.8270874023438)","(16.521400451660156, -62.560142517089844, 720.729736328125)","(52.44892501831055, 159.16383361816406, 47.28913497924805)","(53.2366828918457, 160.76341247558594, 47.87132263183594)",POINT (0.6517071723937988 0.2223234102129936),,,,,,,,,,,,,,,,,,,,,,,,,,,,,,,,,,,,,,,,,,,,,1,
0,54,27,437237716955,1804077207,1,1,"(0.6060426831245422, 0.31405407190322876)","(0.6564260125160217, 0.17813873291015625)",1,1,3.491912841796875,3.1489410400390625,"(-49.19758605957031, -62.9188117980957, 721.06298828125)","(16.42300796508789, -62.58274841308594, 720.8641357421875)","(37.01839828491211, 143.1612091064453, 41.46464920043945)","(54.47803497314453, 168.05697631835938, 50.525978088378906)",POINT (0.631234347820282 0.2460964024066925),,,,,,,,,,,,,,,,,,,,,,,,,,,,,,,,,,,,,,,,,,,,1,1,
0,54,27,437237733622,1804093874,1,1,"(0.6400693655014038, 0.42136383056640625)","(0.6472298502922058, 0.18113575875759125)",1,1,3.2254791259765625,3.220794677734375,"(-49.256431579589844, -63.0461540222168, 721.225830078125)","(16.36115074157715, -62.56037902832031, 720.6377563476562)","(48.80989456176758, 123.505126953125, 34.31044387817383)","(51.29125213623047, 167.50799560546875, 50.3261833190918)",POINT (0.6436496078968048 0.3012497946619988),,,,,,,,,,,,,,,,,,,,,,,,,,,,,,,,,,,,,,,,,,,,,1,
0,54,27,437237750289,1804110540,1,1,"(0.6874057054519653, 0.33549556136131287)","(0.6454368829727173, 0.20935972034931183)",1,1,3.165679931640625,3.1869659423828125,"(-49.2938232421875, -63.11262512207031, 721.4517211914062)","(16.32647705078125, -62.55437088012695, 720.8970947265625)","(65.21366119384766, 139.23373413085938, 40.035152435302734)","(50.6699333190918, 162.33819580078125, 48.44451141357422)",POINT (0.6664212942123413 0.2724276408553124),,,,,,,,,,,,,,,,,,,,,,,,,,,,,,,,,,,,,,,,,,,,1,1,
0,54,27,437237766962,1804127213,1,1,"(0.681057870388031, 0.30279797315597534)","(0.6470646262168884, 0.22408969700336456)",1,1,3.155792236328125,3.1923370361328125,"(-49.29869079589844, -63.15024185180664, 721.843505859375)","(16.327198028564453, -62.500701904296875, 721.0809326171875)","(63.01387023925781, 145.2229766845703, 42.21510696411133)","(51.23400115966797, 159.6400909423828, 47.46245574951172)",POINT (0.6640612483024597 0.26344383507967),,,,,,,,,,,,,,,,,,,,,,,,,,,,,,,,,,,,,,,,,,,,1,1,
0,54,27,437237783631,1804143881,1,1,"(0.6616953015327454, 0.3351227045059204)","(0.6448789238929749, 0.24534106254577637)",1,1,3.270111083984375,3.216522216796875,"(-49.26615524291992, -63.12190246582031, 722.0517578125)","(16.349567413330078, -62.375282287597656, 721.0682373046875)","(56.304046630859375, 139.3020477294922, 40.05997848510742)","(50.4765625, 155.74745178222656, 46.04568099975586)",POINT (0.6532871127128601 0.2902318835258484),,,,,,,,,,,,,,,,,,,,,,,,,,,,,,,,,,,,,,,,,,,,1,1,
0,54,27,437237800297,1804160547,1,1,"(0.6836125254631042, 0.2603352963924408)","(0.6600087285041809, 0.21800340712070465)",1,1,3.1649627685546875,3.172225952148437,"(-49.1799201965332, -63.07215881347656, 722.1822509765625)","(16.44135284423828, -62.31877899169922, 721.60791015625)","(63.899200439453125, 153.0009307861328, 45.04601287841797)","(55.71958923339844, 160.75489807128906, 47.868263244628906)",POINT (0.6718106269836426 0.2391693517565727),,,,,,,,,,,,,,,,,,,,,,,,,,,,,,,,,,,,,,,,,,,,,1,
0,54,27,437237816965,1804177214,1,1,"(0.7236655950546265, 0.3285108208656311)","(0.7007197737693787, 0.2239617556333542)",1,1,3.230865478515625,3.168731689453125,"(-48.97589111328125, -62.994224548339844, 722.3865966796875)","(16.58893585205078, -62.164363861083984, 721.3859252929688)","(77.77904510498047, 140.51312255859375, 40.5008659362793)","(69.82745361328125, 159.6635284423828, 47.471012115478516)",POINT (0.7121926844120026 0.2762362882494926),,,,,,,,,,,,,,,,,,,,,,,,,,,,,,,,,,,,,,,,,,,,1,1,
0,54,27,437237833631,1804193880,1,1,"(0.7193704843521118, 0.33996182680130005)","(0.6962014436721802, 0.20094479620456696)",1,1,3.209335327148437,3.1756134033203125,"(-48.94366455078125, -62.878150939941406, 722.535888671875)","(16.630517959594727, -62.036190032958984, 721.5679931640625)","(76.2906265258789, 138.4156494140625, 39.737403869628906)","(68.26171112060547, 163.8795623779297, 49.005550384521484)",POINT (0.707785964012146 0.2704533115029335),,,,,,,,,,,,,,,,,,,,,,,,,,,,,,,,,,,,,,,,,,,,1,1,
0,54,27,437237850298,1804210546,1,1,"(0.72075355052948, 0.2855463922023773)","(0.6998778581619263, 0.19533367455005646)",1,1,3.237777709960937,3.1941070556640625,"(-48.93279266357422, -62.74554443359375, 722.7686767578125)","(16.651960372924805, -61.8663330078125, 721.6840209960938)","(76.76990509033203, 148.3829803466797, 43.365230560302734)","(69.53571319580078, 164.90736389160156, 49.37960433959961)",POINT (0.7103157043457031 0.2404400333762169),,,,,,,,,,,,,,,,,,,,,,,,,,,,,,,,,,,,,,,,,,,,,1,
0,54,27,437237866965,1804227213,1,1,"(0.7206100821495056, 0.24400712549686432)","(0.6982097029685974, 0.21741439402103424)",1,1,3.2638397216796875,3.14471435546875,"(-48.94965362548828, -62.59584045410156, 722.9282836914062)","(16.641931533813477, -61.6695556640625, 721.5848388671875)","(76.72018432617188, 155.99179077148438, 46.13459014892578)","(68.95763397216797, 160.86280822753906, 47.90754699707031)",POINT (0.7094098925590515 0.2307107597589493),,,,,,,,,,,,,,,,,,,,,,,,,,,,,,,,,,,,,,,,,,,,,1,
0,54,27,437237883633,1804243880,1,1,"(0.7186837196350098, 0.28712737560272217)","(0.697255551815033, 0.2407040297985077)",1,1,3.257293701171875,3.170806884765625,"(-48.99760818481445, -62.4527587890625, 722.962646484375)","(16.59798240661621, -61.4971809387207, 721.614013671875)","(76.05264282226562, 148.09339904785156, 43.259788513183594)","(68.62698364257812, 156.59683227539062, 46.35478973388672)",POINT (0.7079696357250214 0.2639157027006149),,,,,,,,,,,,,,,,,,,,,,,,,,,,,,,,,,,,,,,,,,,,1,1,
0,54,27,437237900306,1804260553,1,1,"(0.7327227592468262, 0.3900492489337921)","(0.7023975849151611, 0.23755969107151031)",1,1,3.153228759765625,3.1370391845703125,"(-49.06157684326172, -62.38310623168945, 722.9547119140625)","(16.52206039428711, -61.40210723876953, 721.6190185546875)","(80.91765594482422, 129.24105834960938, 36.39816665649414)","(70.40888977050781, 157.1727752685547, 46.56443786621094)",POINT (0.7175601720809937 0.3138044700026512),,,,,,,,,,,,,,,,,,,,,,,,,,,,,,,,,,,,,,,,,,,,,1,
0,54,27,437237916975,1804277221,1,1,"(0.7162623405456543, 0.2939006984233856)","(0.7026225924491882, 0.18828311562538147)",1,1,3.2368621826171875,3.131011962890625,"(-49.13705062866211, -62.35975646972656, 722.8560791015625)","(16.4511775970459, -61.3375244140625, 721.5486450195312)","(75.21353912353516, 146.85272216796875, 42.80824279785156)","(70.48686981201172, 166.19883728027344, 49.849639892578125)",POINT (0.7094424664974213 0.2410919070243835),,,,,,,,,,,,,,,,,,,,,,,,,,,,,,,,,,,,,,,,,,,,,1,
0,54,27,437237933642,1804293888,1,1,"(0.7237962484359741, 0.2775336503982544)","(0.6971005797386169, 0.186935693025589)",1,1,3.238510131835937,3.1002349853515625,"(-49.242095947265625, -62.36089324951172, 722.7534790039062)","(16.341720581054688, -61.26903533935547, 720.9931030273438)","(77.8243179321289, 149.85069274902344, 43.89942169189453)","(68.57328796386719, 166.4456329345703, 49.93950271606445)",POINT (0.7104484140872955 0.2322346717119217),,,,,,,,,,,,,,,,,,,,,,,,,,,,,,,,,,,,,,,,,,,,,1,
0,54,27,437237950309,1804310554,1,1,"(0.7162519693374634, 0.3081102669239044)","(0.7011746168136597, 0.19314561784267426)",1,1,3.2386474609375,3.0712127685546875,"(-49.36005783081055, -62.37605285644531, 722.63330078125)","(16.219314575195312, -61.25555419921875, 721.12890625)","(75.20993041992188, 144.24993896484375, 41.86090087890625)","(69.98509216308594, 165.30816650390625, 49.52545928955078)",POINT (0.7087132930755615 0.2506279423832893),,,,,,,,,,,,,,,,,,,,,,,,,,,,,,,,,,,,,,,,,,,,1,1,
0,54,27,437237966975,1804327220,1,1,"(0.7330772876739502, 0.23289911448955536)","(0.7054146528244019, 0.13611076772212982)",1,1,3.2311553955078125,3.070587158203125,"(-49.477359771728516, -62.39208984375, 722.498779296875)","(16.100337982177734, -61.21369934082031, 720.48876953125)","(81.0405502319336, 158.02645874023438, 46.875144958496094)","(71.45441436767578, 175.7552947998047, 53.327919006347656)",POINT (0.719245970249176 0.1845049411058426),,,,,,,,,,,,,,,,,,,,,,,,,,,,,,,,,,,,,,,,,,,,1,,
0,54,27,437237983643,1804343887,1,1,"(0.7277868390083313, 0.2023060917854309)","(0.7127689719200134, 0.14033740758895874)",1,1,3.2663116455078125,3.0563507080078125,"(-49.58228302001953, -62.43828582763672, 722.2496337890625)","(15.992351531982422, -61.2667350769043, 720.46728515625)","(79.20719146728516, 163.63021850585938, 48.914756774902344)","(74.00296783447266, 174.98110961914062, 53.046104431152344)",POINT (0.7202779054641724 0.1713217496871948),,,,,,,,,,,,,,,,,,,,,,,,,,,,,,,,,,,,,,,,,,,,1,,
0,54,27,437238000309,1804360553,1,1,"(0.729928731918335, 0.22245819866657257)","(0.6984828114509583, 0.1930287480354309)",1,1,3.206527709960937,3.078216552734375,"(-49.69497299194336, -62.532859802246094, 722.0609130859375)","(15.870223045349121, -61.31865692138672, 720.1026000976562)","(79.94943237304688, 159.9389190673828, 47.571266174316406)","(69.05227661132812, 165.32955932617188, 49.53330993652344)",POINT (0.7142057716846466 0.2077434733510017),,,,,,,,,,,,,,,,,,,,,,,,,,,,,,,,,,,,,,,,,,,,,,
0,54,27,437238016980,1804377223,1,1,"(0.6961536407470703, 0.25655198097229004)","(0.6802763342857361, 0.16039972007274628)",1,1,3.232025146484375,3.08349609375,"(-49.83453369140625, -62.595462799072266, 721.8195190429688)","(15.73838996887207, -61.39018249511719, 719.9219360351562)","(68.24513244628906, 153.6939239501953, 45.298240661621094)","(62.74307632446289, 171.30624389648438, 51.70862579345703)",POINT (0.6882149875164032 0.2084758505225182),,,,,,,,,,,,,,,,,,,,,,,,,,,,,,,,,,,,,,,,,,,,,,
0,54,27,437238033654,1804393897,1,1,"(0.6967474222183228, 0.21923115849494934)","(0.685825765132904, 0.1638070046901703)",1,1,3.207015991210937,3.0534820556640625,"(-49.89405059814453, -62.66941833496094, 721.6223754882812)","(15.672170639038086, -61.483951568603516, 719.7393798828125)","(68.45089721679688, 160.530029296875, 47.78639602661133)","(64.66615295410156, 170.68214416503906, 51.48146438598633)",POINT (0.6912865936756134 0.1915190815925598),,,,,,,,,,,,,,,,,,,,,,,,,,,,,,,,,,,,,,,,,,,,1,,
0,54,27,437238050313,1804410555,1,1,"(0.6961853504180908, 0.20682954788208008)","(0.6814392805099487, 0.15325388312339783)",1,1,3.1948394775390625,2.999496459960937,"(-49.93468475341797, -62.7509765625, 721.269287109375)","(15.634435653686523, -61.57141876220703, 719.8564453125)","(68.256103515625, 162.8016815185547, 48.61314392089844)","(63.14608383178711, 172.61517333984375, 52.185054779052734)",POINT (0.6888123154640198 0.180041715502739),,,,,,,,,,,,,,,,,,,,,,,,,,,,,,,,,,,,,,,,,,,,1,,
0,54,27,437238066980,1804427222,1,1,"(0.702430248260498, 0.3060868978500366)","(0.6765310764312744, 0.13774411380290985)",1,1,3.185791015625,3.039306640625,"(-49.96708679199219, -62.87670135498047, 720.974609375)","(15.618712425231934, -61.71813201904297, 719.6710205078125)","(70.42021179199219, 144.6205596923828, 41.99577713012695)","(61.44516372680664, 175.45611572265625, 53.219032287597656)",POINT (0.6894806623458862 0.2219155058264732),,,,,,,,,,,,,,,,,,,,,,,,,,,,,,,,,,,,,,,,,,,,,1,
0,54,27,437238083647,1804443888,1,1,"(0.7024163007736206, 0.21841898560523987)","(0.6785575747489929, 0.18697230517864227)",1,1,3.187850952148437,3.0448760986328125,"(-49.98222351074219, -63.01316452026367, 720.75390625)","(15.595573425292969, -61.82695007324219, 719.4854736328125)","(70.4153823852539, 160.67881774902344, 47.84047317504883)","(62.14744186401367, 166.43893432617188, 49.937049865722656)",POINT (0.6904869377613068 0.2026956453919411),,,,,,,,,,,,,,,,,,,,,,,,,,,,,,,,,,,,,,,,,,,,,,
0,54,27,437238100314,1804460555,1,1,"(0.7082698941230774, 0.18041850626468658)","(0.6755251884460449, 0.12234959751367569)",1,1,3.161163330078125,3.017074584960937,"(-49.95885467529297, -63.16664123535156, 720.4705810546875)","(15.618745803833008, -61.99858856201172, 719.4287109375)","(72.44386291503906, 167.639404296875, 50.37398910522461)","(61.09662628173828, 178.2759552001953, 54.245361328125)",POINT (0.6918975412845612 0.1513840518891811),,,,,,,,,,,,,,,,,,,,,,,,,,,,,,,,,,,,,,,,,,,,1,,
0,54,27,437238116981,1804477222,1,1,"(0.7064081430435181, 0.18195319175720215)","(0.6764142513275146, 0.20251978933811188)",1,1,3.124176025390625,3.0485992431640625,"(-49.92583465576172, -63.33780288696289, 720.345703125)","(15.651880264282227, -62.107337951660156, 718.9260864257812)","(71.7986831665039, 167.35830688476562, 50.27163314819336)","(61.40472412109375, 163.59107971191406, 48.900516510009766)",POINT (0.6914111971855164 0.192236490547657),,,,,,,,,,,,,,,,,,,,,,,,,,,,,,,,,,,,,,,,,,,,,,
0,54,27,437238133648,1804493888,1,1,"(0.6950397491455078, 0.3001817464828491)","(0.678900420665741, 0.21617375314235687)",1,1,3.1722564697265625,3.05255126953125,"(-49.89054870605469, -63.54515838623047, 720.2495727539062)","(15.68828010559082, -62.21851348876953, 718.5546875)","(67.85912322998047, 145.7022247314453, 42.38948059082031)","(62.266265869140625, 161.09005737304688, 47.9902229309082)",POINT (0.6869700849056244 0.258177749812603),,,,,,,,,,,,,,,,,,,,,,,,,,,,,,,,,,,,,,,,,,,,1,1,
0,54,27,437238150316,1804510556,1,1,"(0.6935739517211914, 0.2662372589111328)","(0.6820774078369141, 0.1914055496454239)",1,1,3.219589233398437,3.0451202392578125,"(-49.86798858642578, -63.77528762817383, 720.2826538085938)","(15.702682495117188, -62.37762451171875, 718.3406372070312)","(67.35118103027344, 151.9198760986328, 44.65254592895508)","(63.367191314697266, 165.62689208984375, 49.641502380371094)",POINT (0.6878256797790527 0.2288214042782784),,,,,,,,,,,,,,,,,,,,,,,,,,,,,,,,,,,,,,,,,,,,,1,
0,54,27,437238166984,1804527223,1,1,"(0.6929300427436829, 0.2037033885717392)","(0.6807025671005249, 0.12619534134864807)",1,1,3.1479644775390625,2.9879302978515625,"(-49.84066390991211, -64.00857543945312, 720.3160400390625)","(15.733803749084473, -62.499637603759766, 718.465087890625)","(67.1280288696289, 163.37428283691406, 48.821590423583984)","(62.890769958496094, 177.57154846191406, 53.98894500732422)",POINT (0.6868163049221039 0.1649493649601936),,,,,,,,,,,,,,,,,,,,,,,,,,,,,,,,,,,,,,,,,,,,1,,
0,54,27,437238183659,1804543898,1,1,"(0.6971849799156189, 0.1870162934064865)","(0.6921835541725159, 0.11673296988010406)",1,1,3.159530639648437,2.968170166015625,"(-49.81909942626953, -64.17792510986328, 720.2611694335938)","(15.734675407409668, -62.58256149291992, 718.4234619140625)","(68.6025390625, 166.43087768554688, 49.934112548828125)","(66.86933898925781, 179.3047637939453, 54.619815826416016)",POINT (0.6946842670440674 0.1518746316432953),,,,,,,,,,,,,,,,,,,,,,,,,,,,,,,,,,,,,,,,,,,,1,,
0,54,27,437238200327,1804560565,1,1,"(0.6944810748100281, 0.14445681869983673)","(0.6804893016815186, 0.20534805953502655)",1,1,3.131561279296875,3.026123046875,"(-49.81034851074219, -64.38280487060547, 720.43798828125)","(15.750812530517578, -62.65693664550781, 718.5382690429688)","(67.66552734375, 174.22654724121094, 52.7714958190918)","(62.81687545776367, 163.07301330566406, 48.71196746826172)",POINT (0.6874851882457733 0.1749024391174316),,,,,,,,,,,,,,,,,,,,,,,,,,,,,,,,,,,,,,,,,,,,1,,
0,54,27,437238216993,1804577231,1,1,"(0.6926698684692383, 0.22754089534282684)","(0.6811054944992065, 0.1567613035440445)",1,1,3.146514892578125,2.98590087890625,"(-49.77690124511719, -64.57559967041016, 720.48828125)","(15.779094696044922, -62.72976303100586, 718.8348388671875)","(67.03787994384766, 159.0079345703125, 47.23236083984375)","(63.030391693115234, 171.97271728515625, 51.951175689697266)",POINT (0.6868876814842224 0.1921510994434357),,,,,,,,,,,,,,,,,,,,,,,,,,,,,,,,,,,,,,,,,,,,1,,
0,54,27,437238233661,1804593898,1,1,"(0.6995493173599243, 0.19179514050483704)","(0.6699007749557495, 0.1558884084224701)",1,1,3.087554931640625,3.0166015625,"(-49.74230194091797, -64.7759017944336, 720.72412109375)","(15.831254005432129, -62.83820343017578, 718.931640625)","(69.421875, 165.5555419921875, 49.61548614501953)","(59.1475715637207, 172.13259887695312, 52.00939178466797)",POINT (0.6847250461578369 0.1738417744636536),,,,,,,,,,,,,,,,,,,,,,,,,,,,,,,,,,,,,,,,,,,,1,,
0,54,27,437238250328,1804610565,1,1,"(0.6873344779014587, 0.25953057408332825)","(0.6905845999717712, 0.12011758983135223)",1,1,3.129379272460937,2.936752319335937,"(-49.67124938964844, -64.94654083251953, 720.8935546875)","(15.88897705078125, -62.8662109375, 718.73046875)","(65.18895721435547, 153.14833068847656, 45.09967803955078)","(66.31526184082031, 178.68479919433594, 54.39418029785156)",POINT (0.688959538936615 0.1898240819573402),,,,,,,,,,,,,,,,,,,,,,,,,,,,,,,,,,,,,,,,,,,,1,,
0,54,27,437238266996,1804627232,1,1,"(0.6836664080619812, 0.23427718877792358)","(0.670255184173584, 0.18568450212478638)",1,1,3.1203155517578125,3.0197296142578125,"(-49.56100082397461, -65.0922622680664, 721.1297607421875)","(15.998894691467285, -62.90852355957031, 718.83984375)","(63.917877197265625, 157.77403259277344, 46.78327560424805)","(59.27037811279297, 166.6748046875, 50.02294921875)",POINT (0.6769607961177826 0.209980845451355),,,,,,,,,,,,,,,,,,,,,,,,,,,,,,,,,,,,,,,,,,,,,,
0,54,27,437238283671,1804643907,1,1,"(0.6793972849845886, 0.2372572273015976)","(0.6861772537231445, 0.11436916142702103)",1,1,3.0958251953125,2.88836669921875,"(-49.42217254638672, -65.15470886230469, 721.295654296875)","(16.124706268310547, -62.91545867919922, 719.0903930664062)","(62.43844985961914, 157.22816467285156, 46.5846061706543)","(64.7879409790039, 179.73773193359375, 54.777427673339844)",POINT (0.6827872693538666 0.1758131943643093),,,,,,,,,,,,,,,,,,,,,,,,,,,,,,,,,,,,,,,,,,,,1,,
0,54,27,437238300339,1804660574,1,1,"(0.6901047825813293, 0.2229948788881302)","(0.6794241070747375, 0.11330291628837585)",1,1,3.123565673828125,2.9401092529296875,"(-49.24879455566406, -65.17694091796875, 721.3935546875)","(16.310720443725586, -62.93068313598633, 719.451904296875)","(66.14898681640625, 159.8406219482422, 47.535465240478516)","(62.44775390625, 179.93304443359375, 54.84850311279297)",POINT (0.6847644448280334 0.168148897588253),,,,,,,,,,,,,,,,,,,,,,,,,,,,,,,,,,,,,,,,,,,,1,,
0,54,27,437238317005,1804677240,1,1,"(0.6940444111824036, 0.2063995897769928)","(0.6749362945556641, 0.14823655784130096)",1,1,3.093490600585937,2.9932098388671875,"(-49.051536560058594, -65.16336059570312, 721.525634765625)","(16.505878448486328, -62.881290435791016, 719.4552612304688)","(67.51420593261719, 162.8804168701172, 48.64183807373047)","(60.89255905151367, 173.53419494628906, 52.519535064697266)",POINT (0.6844903528690338 0.1773180738091469),,,,,,,,,,,,,,,,,,,,,,,,,,,,,,,,,,,,,,,,,,,,1,,
0,54,27,437238333673,1804693907,1,1,"(0.7016884088516235, 0.176461324095726)","(0.6739104390144348, 0.15129615366458893)",1,1,3.1346435546875,2.94171142578125,"(-48.853302001953125, -65.15316009521484, 721.72900390625)","(16.699960708618164, -62.814353942871094, 719.4166259765625)","(70.16314697265625, 168.36424255371094, 50.637813568115234)","(60.53703689575195, 172.97378540039062, 52.31550216674805)",POINT (0.6877994239330292 0.1638787388801575),,,,,,,,,,,,,,,,,,,,,,,,,,,,,,,,,,,,,,,,,,,,1,,
0,54,27,437238350339,1804710573,1,1,"(0.710608959197998, 0.20612680912017822)","(0.6981436610221863, 0.1575862169265747)",1,1,3.091552734375,2.959381103515625,"(-48.59614562988281, -65.06968688964844, 721.9097900390625)","(16.943510055541992, -62.73045349121094, 719.6486206054688)","(73.25444030761719, 162.93038940429688, 48.660003662109375)","(68.93474578857422, 171.82162475585938, 51.89616775512695)",POINT (0.7043763101100922 0.1818565130233765),,,,,,,,,,,,,,,,,,,,,,,,,,,,,,,,,,,,,,,,,,,,1,,
0,54,27,437238367008,1804727241,1,1,"(0.7018032073974609, 0.21619710326194763)","(0.6952159404754639, 0.14747381210327148)",1,1,3.104598999023437,2.975677490234375,"(-48.408042907714844, -65.00041961669922, 722.0540771484375)","(17.122055053710938, -62.6566162109375, 719.7808837890625)","(70.20292663574219, 161.08578491210938, 47.988670349121094)","(67.9201889038086, 173.67391967773438, 52.57036590576172)",POINT (0.6985095739364624 0.1818354576826096),,,,,,,,,,,,,,,,,,,,,,,,,,,,,,,,,,,,,,,,,,,,1,,
0,54,27,437238383674,1804743907,1,1,"(0.7022099494934082, 0.20895275473594666)","(0.693639874458313, 0.12302934378385544)",1,1,3.099578857421875,2.922821044921875,"(-48.237396240234375, -64.82361602783203, 722.2373046875)","(17.299697875976562, -62.44713592529297, 719.900634765625)","(70.3438720703125, 162.41275024414062, 48.47159957885742)","(67.3740005493164, 178.1514434814453, 54.20005416870117)",POINT (0.6979249119758606 0.165991049259901),,,,,,,,,,,,,,,,,,,,,,,,,,,,,,,,,,,,,,,,,,,,1,,
0,54,27,437238400341,1804760573,1,1,"(0.7103381156921387, 0.24476559460163116)","(0.6918126344680786, 0.14819419384002686)",1,1,3.056915283203125,2.9175567626953125,"(-48.09992218017578, -64.69685363769531, 722.3319091796875)","(17.45623779296875, -62.298675537109375, 720.0790405273438)","(73.16058349609375, 155.8528594970703, 46.08403015136719)","(66.7408218383789, 173.54196166992188, 52.52234649658203)",POINT (0.7010753750801086 0.196479894220829),,,,,,,,,,,,,,,,,,,,,,,,,,,,,,,,,,,,,,,,,,,,,,
0,54,27,437238417012,1804777244,1,1,"(0.6970751881599426, 0.2858635485172272)","(0.689212441444397, 0.21725860238075256)",1,1,3.105087280273437,2.9861602783203125,"(-47.98358917236328, -64.55772399902344, 722.4778442382812)","(17.55559539794922, -62.13727951049805, 720.1432495117188)","(68.56450653076172, 148.32489013671875, 43.344085693359375)","(65.83975982666016, 160.891357421875, 47.91787338256836)",POINT (0.6931438148021698 0.2515610754489899),,,,,,,,,,,,,,,,,,,,,,,,,,,,,,,,,,,,,,,,,,,,1,1,
0,54,27,437238433680,1804793911,1,1,"(0.7138732671737671, 0.21355301141738892)","(0.6911636590957642, 0.17121881246566772)",1,1,3.041168212890625,2.97137451171875,"(-47.89195251464844, -64.4590835571289, 722.4925537109375)","(17.65235137939453, -62.0511474609375, 720.340576171875)","(74.3856430053711, 161.5701141357422, 48.16493606567383)","(66.51591491699219, 169.32452392578125, 50.98731231689453)",POINT (0.7025184631347656 0.1923859119415283),,,,,,,,,,,,,,,,,,,,,,,,,,,,,,,,,,,,,,,,,,,,,,
0,54,27,437238450347,1804810578,1,1,"(0.7131680846214294, 0.136854350566864)","(0.6970154643058777, 0.12355314940214157)",1,1,3.0814208984375,2.919891357421875,"(-47.81084442138672, -64.44609832763672, 722.57666015625)","(17.7410945892334, -62.008323669433594, 720.120361328125)","(74.14127349853516, 175.6190948486328, 53.278358459472656)","(68.54378509521484, 178.0554962158203, 54.16512680053711)",POINT (0.7050917744636536 0.1302037499845028),,,,,,,,,,,,,,,,,,,,,,,,,,,,,,,,,,,,,,,,,,,,,,
0,54,27,437238467015,1804827245,1,1,"(0.70656418800354, 0.17822466790676117)","(0.6969441771507263, 0.16065742075443268)",1,1,3.0427703857421875,2.95111083984375,"(-47.75182342529297, -64.42191314697266, 722.5557250976562)","(17.781644821166992, -61.962432861328125, 720.0457763671875)","(71.852783203125, 168.04124450683594, 50.5202522277832)","(68.51909637451172, 171.25906372070312, 51.69141387939453)",POINT (0.7017541825771332 0.1694410443305969),,,,,,,,,,,,,,,,,,,,,,,,,,,,,,,,,,,,,,,,,,,,1,,
0,54,27,437238483681,1804843911,1,1,"(0.7021097540855408, 0.26278752088546753)","(0.6954695582389832, 0.17440755665302277)",1,1,3.087615966796875,2.9300994873046875,"(-47.644378662109375, -64.49248504638672, 722.601318359375)","(17.897308349609375, -62.03348922729492, 720.3121948242188)","(70.30913543701172, 152.55177307128906, 44.88249206542969)","(68.00807189941406, 168.74041748046875, 50.77474594116211)",POINT (0.698789656162262 0.2185975387692452),,,,,,,,,,,,,,,,,,,,,,,,,,,,,,,,,,,,,,,,,,,,,1,
0,54,27,437238500349,1804860578,1,1,"(0.7025350332260132, 0.22715242207050323)","(0.6982066035270691, 0.14182354509830475)",1,1,3.0372467041015625,2.896392822265625,"(-47.585960388183594, -64.56920623779297, 722.5797119140625)","(17.960365295410156, -62.06534194946289, 720.065673828125)","(70.45652770996094, 159.07908630371094, 47.25827407836914)","(68.95655822753906, 174.70889282226562, 52.94707107543945)",POINT (0.7003708183765411 0.184487983584404),,,,,,,,,,,,,,,,,,,,,,,,,,,,,,,,,,,,,,,,,,,,1,,
0,54,27,437238517016,1804877245,1,1,"(0.7006871104240417, 0.2739455997943878)","(0.6997632384300232, 0.1549113243818283)",1,1,3.033966064453125,2.9064178466796875,"(-47.45048141479492, -64.7288818359375, 722.5581665039062)","(18.068662643432617, -62.214385986328125, 720.04443359375)","(69.81614685058594, 150.50790405273438, 44.13863754272461)","(69.4959945678711, 172.31158447265625, 52.074493408203125)",POINT (0.7002251744270325 0.2144284620881081),,,,,,,,,,,,,,,,,,,,,,,,,,,,,,,,,,,,,,,,,,,,,1,
0,54,27,437238533683,1804893911,1,1,"(0.6940481066703796, 0.3315541446208954)","(0.6856704950332642, 0.18049709498882294)",1,1,3.1028594970703125,2.93438720703125,"(-47.36153793334961, -64.92778015136719, 722.5850830078125)","(18.188596725463867, -62.38748550415039, 720.0369262695312)","(67.5155029296875, 139.95570373535156, 40.29789733886719)","(64.61235046386719, 167.625, 50.368736267089844)",POINT (0.6898593008518219 0.2560256198048592),,,,,,,,,,,,,,,,,,,,,,,,,,,,,,,,,,,,,,,,,,,,1,1,
0,54,27,437238550355,1804910583,1,1,"(0.6986815929412842, 0.3137790560722351)","(0.6959715485572815, 0.23236431181430817)",1,1,3.0814666748046875,2.9720611572265625,"(-47.242488861083984, -65.1142578125, 722.6301879882812)","(18.285646438598633, -62.57130813598633, 720.133056640625)","(69.12117004394531, 143.21157836914062, 41.48295974731445)","(68.18204498291016, 158.12442016601562, 46.910797119140625)",POINT (0.6973265707492828 0.2730716839432716),,,,,,,,,,,,,,,,,,,,,,,,,,,,,,,,,,,,,,,,,,,,1,1,
0,54,27,437238567022,1804927249,1,1,"(0.700075626373291, 0.3427397906780243)","(0.6878110766410828, 0.24865001440048218)",1,1,3.05810546875,2.9716339111328125,"(-47.126827239990234, -65.34648132324219, 722.7341918945312)","(18.420747756958008, -62.777191162109375, 719.89697265625)","(69.604248046875, 137.90679931640625, 39.55220031738281)","(65.35413360595703, 155.14134216308594, 45.825050354003906)",POINT (0.6939433515071869 0.2956949025392532),,,,,,,,,,,,,,,,,,,,,,,,,,,,,,,,,,,,,,,,,,,,1,1,
0,54,27,437238583689,1804943916,1,1,"(0.6892023682594299, 0.4478903114795685)","(0.7189549207687378, 0.21512682735919952)",1,1,3.055816650390625,2.966781616210937,"(-46.988407135009766, -65.49586486816406, 722.6983642578125)","(18.525129318237305, -62.978939056396484, 720.03466796875)","(65.83625030517578, 118.64625549316406, 32.54192352294922)","(76.1466064453125, 161.28182983398438, 48.06000900268555)",POINT (0.7040786445140839 0.331508569419384),,,,,,,,,,,,,,,,,,,,,,,,,,,,,,,,,,,,,,,,,,,,,1,
0,54,27,437238617023,1804977249,1,1,"(0.7104706168174744, 0.315896213054657)","(0.7184345722198486, 0.20019203424453735)",1,1,3.026214599609375,2.9430084228515625,"(-46.728118896484375, -65.74639892578125, 722.896240234375)","(18.79834747314453, -63.31962585449219, 720.4619140625)","(73.20648956298828, 142.8237762451172, 41.341835021972656)","(75.96630096435547, 164.01744079589844, 49.05571746826172)",POINT (0.7144525945186615 0.2580441236495972),,,,,,,,,,,,,,,,,,,,,,,,,,,,,,,,,,,,,,,,,,,,1,1,
0,54,27,437238650358,1805010583,1,1,"(0.7192987203598022, 0.2459801584482193)","(0.7186445593833923, 0.1642216295003891)",1,1,3.0039825439453125,2.916854858398437,"(-46.520240783691406, -65.86219787597656, 723.17138671875)","(19.02141761779785, -63.59947967529297, 720.7064819335938)","(76.26573944091797, 155.63038635253906, 46.00304412841797)","(76.03907012939453, 170.606201171875, 51.45381164550781)",POINT (0.7189716398715973 0.2051008939743042),,,,,,,,,,,,,,,,,,,,,,,,,,,,,,,,,,,,,,,,,,,,,,
0,54,27,437238667025,1805027249,1,1,"(0.7199267148971558, 0.32981571555137634)","(0.7132020592689514, 0.17370721697807312)",1,1,3.038787841796875,2.9503173828125,"(-46.464393615722656, -65.8758544921875, 723.4260864257812)","(19.099681854248047, -63.725730895996094, 721.2046508789062)","(76.48338317871094, 140.27413940429688, 40.413814544677734)","(74.1530532836914, 168.8686981201172, 50.821441650390625)",POINT (0.7165643870830536 0.2517614662647247),,,,,,,,,,,,,,,,,,,,,,,,,,,,,,,,,,,,,,,,,,,,1,1,
0,54,27,437238683698,1805043922,1,1,"(0.696488618850708, 0.3796245753765106)","(0.706389307975769, 0.25706732273101807)",1,1,3.062286376953125,2.977157592773437,"(-46.39970397949219, -65.90603637695312, 723.4794311523438)","(19.158355712890625, -63.81517028808594, 721.3177490234375)","(68.36122131347656, 131.15057373046875, 37.09311294555664)","(71.79217529296875, 153.5995330810547, 45.26390075683594)",POINT (0.7014389634132385 0.3183459490537643),,,,,,,,,,,,,,,,,,,,,,,,,,,,,,,,,,,,,,,,,,,,,1,
0,54,27,437238700366,1805060589,1,1,"(0.7079952955245972, 0.30247530341148376)","(0.7070064544677734, 0.21025030314922333)",1,1,3.050140380859375,2.981536865234375,"(-46.377777099609375, -65.88128662109375, 723.7587890625)","(19.18376922607422, -63.81804275512695, 721.416748046875)","(72.34867858886719, 145.2821044921875, 42.236568450927734)","(72.00604248046875, 162.17506408691406, 48.385135650634766)",POINT (0.7075008749961853 0.2563628032803536),,,,,,,,,,,,,,,,,,,,,,,,,,,,,,,,,,,,,,,,,,,,1,1,
0,54,27,437238717032,1805077255,1,1,"(0.7016925811767578, 0.30263620615005493)","(0.7160028219223022, 0.20932722091674805)",1,1,3.029052734375,2.923675537109375,"(-46.35607147216797, -65.93128204345703, 723.9520263671875)","(19.20716094970703, -63.88981628417969, 721.5432739257812)","(70.16459655761719, 145.25262451171875, 42.22585678100586)","(75.12361907958984, 162.34414672851562, 48.446678161621094)",POINT (0.70884770154953 0.2559817135334015),,,,,,,,,,,,,,,,,,,,,,,,,,,,,,,,,,,,,,,,,,,,1,1,
0,54,27,437238733700,1805093922,1,1,"(0.7114408016204834, 0.2998315393924713)","(0.7112987637519836, 0.20358432829380035)",1,1,3.03814697265625,2.973541259765625,"(-46.38214874267578, -65.95770263671875, 724.1235961914062)","(19.18466567993164, -63.94470977783203, 721.802490234375)","(73.54268646240234, 145.766357421875, 42.41284942626953)","(73.49346160888672, 163.39608764648438, 48.82953643798828)",POINT (0.7113697826862335 0.2517079338431358),,,,,,,,,,,,,,,,,,,,,,,,,,,,,,,,,,,,,,,,,,,,1,1,
0,54,27,437238750367,1805110589,1,1,"(0.7085628509521484, 0.3380313515663147)","(0.7098160982131958, 0.19911186397075653)",1,1,3.054534912109375,2.985214233398437,"(-46.42503356933594, -66.00543212890625, 724.2211303710938)","(19.150310516357422, -64.0152816772461, 721.9633178710938)","(72.54537963867188, 138.76925659179688, 39.866092681884766)","(72.97968292236328, 164.21530151367188, 49.127723693847656)",POINT (0.7091894745826721 0.2685716077685356),,,,,,,,,,,,,,,,,,,,,,,,,,,,,,,,,,,,,,,,,,,,1,1,
0,54,27,437238767034,1805127255,1,1,"(0.7140035629272461, 0.3021562695503235)","(0.7089192271232605, 0.12060918658971786)",1,1,3.003997802734375,2.876922607421875,"(-46.49872589111328, -66.10723876953125, 724.15283203125)","(19.08319091796875, -64.11185455322266, 721.8824462890625)","(74.43080139160156, 145.3405303955078, 42.25786209106445)","(72.66889190673828, 178.59474182128906, 54.361392974853516)",POINT (0.7114613950252533 0.2113827280700207),,,,,,,,,,,,,,,,,,,,,,,,,,,,,,,,,,,,,,,,,,,,,,
0,54,27,437238783701,1805143922,1,1,"(0.7004736065864563, 0.4048539102077484)","(0.7110084295272827, 0.2075112909078598)",1,1,3.060211181640625,2.967193603515625,"(-46.58727264404297, -66.08413696289062, 724.257568359375)","(18.975933074951172, -64.07479858398438, 721.9176635742188)","(69.74215698242188, 126.52928924560547, 35.411094665527344)","(73.39286804199219, 162.67677307128906, 48.567745208740234)",POINT (0.7057410180568695 0.3061826005578041),,,,,,,,,,,,,,,,,,,,,,,,,,,,,,,,,,,,,,,,,,,,,1,
0,54,27,437238800368,1805160588,1,1,"(0.7184285521507263, 0.33836299180984497)","(0.6979816555976868, 0.2228524535894394)",1,1,3.133209228515625,2.960052490234375,"(-46.70050811767578, -66.26339721679688, 724.2559204101562)","(18.883209228515625, -64.22356414794922, 722.063720703125)","(75.96420288085938, 138.70849609375, 39.843997955322266)","(68.87860107421875, 159.86671447753906, 47.54496383666992)",POINT (0.7082051038742065 0.2806077226996422),,,,,,,,,,,,,,,,,,,,,,,,,,,,,,,,,,,,,,,,,,,,1,1,
0,54,27,437238817039,1805177259,1,1,"(0.7196967005729675, 0.28079330921173096)","(0.7133298516273499, 0.173566535115242)",1,1,3.088958740234375,2.9515380859375,"(-46.79669952392578, -66.24345397949219, 724.2274780273438)","(18.77879524230957, -64.15106201171875, 721.7838745117188)","(76.40365600585938, 149.25360107421875, 43.682125091552734)","(74.19731140136719, 168.8944854736328, 50.83078384399414)",POINT (0.7165132761001587 0.2271799221634865),,,,,,,,,,,,,,,,,,,,,,,,,,,,,,,,,,,,,,,,,,,,,1,
0,54,27,437238833707,1805193926,1,1,"(0.719073474407196, 0.26816511154174805)","(0.7118737697601318, 0.17051106691360474)",1,1,3.0324859619140625,2.950546264648437,"(-46.93720245361328, -66.48641967773438, 724.2808837890625)","(18.647930145263672, -64.35064697265625, 721.8933715820312)","(76.18769073486328, 151.5667266845703, 44.52404022216797)","(73.69273376464844, 169.45416259765625, 51.03446960449219)",POINT (0.7154736220836639 0.2193380892276764),,,,,,,,,,,,,,,,,,,,,,,,,,,,,,,,,,,,,,,,,,,,,1,
0,54,27,437238850373,1805210592,1,1,"(0.7137547135353088, 0.36460477113723755)","(0.7176321744918823, 0.15479187667369843)",1,1,3.076812744140625,2.920684814453125,"(-47.02620315551758, -66.54729461669922, 724.152099609375)","(18.553606033325195, -64.35478973388672, 721.5813598632812)","(74.34455871582031, 133.90174865722656, 38.094478607177734)","(75.688232421875, 172.33348083496094, 52.08247375488281)",POINT (0.7156934440135956 0.259698323905468),,,,,,,,,,,,,,,,,,,,,,,,,,,,,,,,,,,,,,,,,,,,1,1,
0,54,27,437238867041,1805227259,1,1,"(0.7070911526679993, 0.35960230231285095)","(0.7076007127761841, 0.2365223616361618)",1,1,3.0396270751953125,2.977401733398437,"(-47.13252639770508, -66.7776870727539, 724.0642700195312)","(18.43617820739746, -64.5543212890625, 721.70458984375)","(72.03539276123047, 134.8180694580078, 38.42800521850586)","(72.21195983886719, 157.36279296875, 46.633583068847656)",POINT (0.7073459327220917 0.2980623319745064),,,,,,,,,,,,,,,,,,,,,,,,,,,,,,,,,,,,,,,,,,,,,1,
0,54,27,437238883707,1805243925,1,1,"(0.7082335352897644, 0.23810839653015137)","(0.6989690065383911, 0.21911154687404633)",1,1,3.021209716796875,2.956893920898437,"(-47.20931625366211, -66.81688690185547, 723.9068603515625)","(18.366674423217773, -64.55815124511719, 721.6365966796875)","(72.43125915527344, 157.07225036621094, 46.527870178222656)","(69.22075653076172, 160.55194091796875, 47.79436111450195)",POINT (0.7036012709140778 0.2286099717020988),,,,,,,,,,,,,,,,,,,,,,,,,,,,,,,,,,,,,,,,,,,,,1,
0,54,27,437238900375,1805260593,1,1,"(0.7149061560630798, 0.33872199058532715)","(0.7164254188537598, 0.16725580394268036)",1,1,3.0368194580078125,2.956695556640625,"(-47.29050064086914, -66.95490264892578, 723.9114990234375)","(18.281339645385742, -64.6239242553711, 721.351318359375)","(74.74357604980469, 138.6427459716797, 39.8200569152832)","(75.2700424194336, 170.05044555664062, 51.251502990722656)",POINT (0.7156657874584198 0.2529888972640038),,,,,,,,,,,,,,,,,,,,,,,,,,,,,,,,,,,,,,,,,,,,1,1,
0,54,27,437238917042,1805277259,1,1,"(0.7128187417984009, 0.33117443323135376)","(0.7220011949539185, 0.16708101332187653)",1,1,3.0574493408203125,2.880355834960937,"(-47.33393859863281, -67.01063537597656, 723.7744140625)","(18.227310180664062, -64.65225219726562, 721.4263916015625)","(74.02021026611328, 140.02523803710938, 40.3232536315918)","(77.20225524902344, 170.08245849609375, 51.26314163208008)",POINT (0.7174099683761597 0.2491277232766151),,,,,,,,,,,,,,,,,,,,,,,,,,,,,,,,,,,,,,,,,,,,1,1,
0,54,27,437238933714,1805293931,1,1,"(0.7076600790023804, 0.29980072379112244)","(0.6927208304405212, 0.13828831911087036)",1,1,3.110946655273437,2.91961669921875,"(-47.37767028808594, -67.07231140136719, 723.693115234375)","(18.180362701416016, -64.68730163574219, 721.5145263671875)","(72.23253631591797, 145.77200317382812, 42.41489791870117)","(67.0555419921875, 175.3564453125, 53.18275451660156)",POINT (0.7001904547214508 0.2190445214509964),,,,,,,,,,,,,,,,,,,,,,,,,,,,,,,,,,,,,,,,,,,,,1,
0,54,27,437238950383,1805310599,1,1,"(0.6792228817939758, 0.406999796628952)","(0.6849079132080078, 0.2131546139717102)",1,1,3.0600738525390625,2.977279663085937,"(-47.402950286865234, -67.1811294555664, 723.7059326171875)","(18.14958381652832, -64.75596618652344, 721.6051025390625)","(62.37800979614258, 126.13622283935547, 35.2680549621582)","(64.34807586669922, 161.64308166503906, 48.191490173339844)",POINT (0.6820653975009918 0.3100772053003311),,,,,,,,,,,,,,,,,,,,,,,,,,,,,,,,,,,,,,,,,,,,,1,
0,54,27,437238967049,1805327265,1,1,"(0.6763493418693542, 0.4498010277748108)","(0.6874225735664368, 0.17366956174373627)",1,1,3.0143280029296875,2.956298828125,"(-47.35456848144531, -67.21298217773438, 723.7862548828125)","(18.19647979736328, -64.75772094726562, 721.616943359375)","(61.38222122192383, 118.29624938964844, 32.414554595947266)","(65.21949768066406, 168.87559509277344, 50.82395935058594)",POINT (0.6818859577178955 0.3117352947592735),,,,,,,,,,,,,,,,,,,,,,,,,,,,,,,,,,,,,,,,,,,,,1,
0,54,27,437238983717,1805343932,1,1,"(0.6899300813674927, 0.31371164321899414)","(0.6865697503089905, 0.2125072032213211)",1,1,3.0516815185546875,2.9391326904296875,"(-47.293983459472656, -67.27442169189453, 723.7942504882812)","(18.24555206298828, -64.77346801757812, 721.3560180664062)","(66.08843994140625, 143.22393798828125, 41.48744201660156)","(64.9239730834961, 161.76168823242188, 48.2346305847168)",POINT (0.6882499158382416 0.2631094232201576),,,,,,,,,,,,,,,,,,,,,,,,,,,,,,,,,,,,,,,,,,,,1,1,
0,54,27,437239000384,1805360599,1,1,"(0.7064815163612366, 0.21613682806491852)","(0.6857902407646179, 0.23324015736579895)",1,1,3.0023345947265625,2.975433349609375,"(-47.19563293457031, -67.22005462646484, 723.6636352539062)","(18.35001564025879, -64.75281524658203, 721.4505615234375)","(71.82411193847656, 161.09683227539062, 47.99265670776367)","(64.65384674072266, 157.96397399902344, 46.85244369506836)",POINT (0.6961358785629272 0.2246884927153587),,,,,,,,,,,,,,,,,,,,,,,,,,,,,,,,,,,,,,,,,,,,,1,
0,54,27,437239017051,1805377265,1,1,"(0.6671101450920105, 0.4812045097351074)","(0.6836476922035217, 0.1831720620393753)",1,1,3.1272735595703125,2.9032745361328125,"(-47.103492736816406, -67.23846435546875, 724.0416259765625)","(18.45735740661621, -64.76274108886719, 721.5164184570312)","(58.18050765991211, 112.54403686523438, 30.320934295654297)","(63.911380767822266, 167.13502502441406, 50.190399169921875)",POINT (0.6753789186477661 0.3321882858872414),,,,,,,,,,,,,,,,,,,,,,,,,,,,,,,,,,,,,,,,,,,,,1,
0,54,27,437239033718,1805393932,1,1,"(0.6919322609901428, 0.3973516523838043)","(0.6871317028999329, 0.08054856210947037)",1,1,3.0763092041015625,2.8307647705078125,"(-46.954898834228516, -67.13984680175781, 723.8273315429688)","(18.600631713867188, -64.72575378417969, 721.5645751953125)","(66.78227233886719, 127.90349578857422, 35.911258697509766)","(65.11870574951172, 185.93270874023438, 57.032188415527344)",POINT (0.6895319819450378 0.2389501072466373),,,,,,,,,,,,,,,,,,,,,,,,,,,,,,,,,,,,,,,,,,,,,1,
0,54,27,437239050385,1805410598,1,1,"(0.7093505859375, 0.23066002130508423)","(0.6974846720695496, 0.1367923468351364)",1,1,2.9292144775390625,2.932098388671875,"(-46.831993103027344, -67.09394836425781, 724.077880859375)","(18.729995727539062, -64.69845581054688, 721.4850463867188)","(72.81834411621094, 158.4365997314453, 47.024444580078125)","(68.70637512207031, 175.63046264648438, 53.28245544433594)",POINT (0.7034176290035248 0.1837261840701103),,,,,,,,,,,,,,,,,,,,,,,,,,,,,,,,,,,,,,,,,,,,1,,
0,54,27,437239067056,1805427269,1,1,"(0.706082284450531, 0.2775309681892395)","(0.6929753422737122, 0.1470768302679062)",1,1,3.00921630859375,2.9244537353515625,"(-46.672847747802734, -67.00881958007812, 724.0869140625)","(18.898296356201172, -64.70291900634766, 721.848388671875)","(71.68576049804688, 149.85118103027344, 43.89961624145508)","(67.14373779296875, 173.7466278076172, 52.59685134887695)",POINT (0.6995288133621216 0.2123038992285728),,,,,,,,,,,,,,,,,,,,,,,,,,,,,,,,,,,,,,,,,,,,,,
0,54,27,437239083724,1805443936,1,1,"(0.7039592266082764, 0.2773752808570862)","(0.691887378692627, 0.18219472467899323)",1,1,3.018783569335937,2.9192352294921875,"(-46.50022506713867, -66.92639923095703, 723.9641723632812)","(19.07073974609375, -64.68097686767578, 721.752197265625)","(70.95006561279297, 149.8796844482422, 43.91000747680664)","(66.76671600341797, 167.3140411376953, 50.25556182861328)",POINT (0.6979233026504517 0.2297850027680397),,,,,,,,,,,,,,,,,,,,,,,,,,,,,,,,,,,,,,,,,,,,,1,
0,54,27,437239117058,1805477269,1,1,"(0.7037038803100586, 0.3181726634502411)","(0.6925987601280212, 0.15991942584514618)",1,1,2.99468994140625,2.8913726806640625,"(-46.18379211425781, -66.74895477294922, 724.0821533203125)","(19.38677978515625, -64.64643859863281, 721.77685546875)","(70.86155700683594, 142.40679931640625, 41.1900634765625)","(67.01323699951172, 171.39425659179688, 51.74062728881836)",POINT (0.6981513202190399 0.2390460446476936),,,,,,,,,,,,,,,,,,,,,,,,,,,,,,,,,,,,,,,,,,,,,1,
0,54,27,437239133724,1805493935,1,1,"(0.6850442290306091, 0.37804412841796875)","(0.6880506277084351, 0.20081382989883423)",1,1,2.991439819335937,2.92132568359375,"(-46.01746368408203, -66.63636016845703, 723.82666015625)","(19.553539276123047, -64.60730743408203, 721.537353515625)","(64.39530944824219, 131.4400634765625, 37.198490142822266)","(65.4371337890625, 163.903564453125, 49.014251708984375)",POINT (0.6865474283695221 0.2894289791584015),,,,,,,,,,,,,,,,,,,,,,,,,,,,,,,,,,,,,,,,,,,,1,1,
0,54,27,437239150392,1805510602,1,1,"(0.6871137022972107, 0.3604019582271576)","(0.7057088613510132, 0.14835867285728455)",1,1,3.0013580322265625,2.880645751953125,"(-45.90333557128906, -66.55467987060547, 723.8872680664062)","(19.686363220214844, -64.5877685546875, 721.5010986328125)","(65.11247253417969, 134.67160034179688, 38.37468719482422)","(71.55636596679688, 173.51185607910156, 52.5113639831543)",POINT (0.6964112818241119 0.2543803155422211),,,,,,,,,,,,,,,,,,,,,,,,,,,,,,,,,,,,,,,,,,,,1,1,
0,54,27,437239183726,1805543935,1,1,"(0.6985684037208557, 0.35686200857162476)","(0.6953338980674744, 0.14068514108657837)",1,1,2.93731689453125,2.882919311523437,"(-45.676963806152344, -66.36756896972656, 723.421875)","(19.900115966796875, -64.48884582519531, 721.12939453125)","(69.0819320678711, 135.32000732421875, 38.61069869995117)","(67.96106719970703, 174.9174041748047, 53.02296829223633)",POINT (0.696951150894165 0.2487735748291016),,,,,,,,,,,,,,,,,,,,,,,,,,,,,,,,,,,,,,,,,,,,1,1,
0,54,27,437239200397,1805560606,1,1,"(0.6919997334480286, 0.3819181025028229)","(0.6919108629226685, 0.1890278458595276)",1,1,3.007675170898437,2.8863525390625,"(-45.61692810058594, -66.25167846679688, 723.1993408203125)","(19.9575252532959, -64.40898132324219, 720.8509521484375)","(66.80565643310547, 130.73046875, 36.940223693847656)","(66.77486419677734, 166.06240844726562, 49.80002975463867)",POINT (0.6919552981853485 0.2854729741811752),,,,,,,,,,,,,,,,,,,,,,,,,,,,,,,,,,,,,,,,,,,,1,1,
0,54,27,437239217065,1805577273,1,1,"(0.7005846500396729, 0.3357708156108856)","(0.6963765025138855, 0.18834397196769714)",1,1,2.946029663085937,2.9154815673828125,"(-45.59077835083008, -66.15481567382812, 723.0277709960938)","(19.997215270996094, -64.33639526367188, 720.8489379882812)","(69.78065490722656, 139.18331909179688, 40.01681900024414)","(68.32237243652344, 166.1876983642578, 49.845577239990234)",POINT (0.6984805762767792 0.2620573937892914),,,,,,,,,,,,,,,,,,,,,,,,,,,,,,,,,,,,,,,,,,,,1,1,
0,54,27,437239233732,1805593940,1,1,"(0.6927549242973328, 0.26652762293815613)","(0.6762844920158386, 0.14045895636081696)",1,1,2.9542236328125,2.884368896484375,"(-45.67245864868164, -66.05087280273438, 722.884033203125)","(19.919294357299805, -64.23439025878906, 720.3964233398438)","(67.06735229492188, 151.86668395996094, 44.63320541381836)","(61.3597526550293, 174.95884704589844, 53.03803634643555)",POINT (0.6845197081565857 0.2034932896494865),,,,,,,,,,,,,,,,,,,,,,,,,,,,,,,,,,,,,,,,,,,,,,
0,54,27,437239250399,1805610606,1,1,"(0.5775987505912781, 0.36371323466300964)","(0.5704695582389832, 0.165580153465271)",1,1,2.871002197265625,2.958648681640625,"(-45.97570037841797, -65.97637176513672, 722.523193359375)","(19.589277267456055, -64.2238998413086, 720.5741577148438)","(27.161535263061523, 134.0650634765625, 38.153926849365234)","(24.690996170043945, 170.35736083984375, 51.36323928833008)",POINT (0.5740341544151306 0.2646466940641403),,,,,,,,,,,,,,,,,,,,,,,,,,,,,,,,,,,,,,,,,,,,1,1,
0,54,27,437239283734,1805643940,1,1,"(0.4465581774711609, 0.4037474989891052)","(0.4218871295452118, 0.2358425259590149)",1,1,2.948028564453125,2.9613189697265625,"(-46.57421112060547, -65.96197509765625, 722.3370361328125)","(18.934059143066406, -64.13816833496094, 720.1536254882812)","(-18.248815536499023, 126.73192596435547, 35.48490524291992)","(-26.798242568969727, 157.4873046875, 46.67893600463867)",POINT (0.4342226535081863 0.3197950124740601),,,,,,,,,,,,,,,,,,,,,,,,,,,,,,,,,,,,,,,,,,,,,1,
0,54,27,437239317068,1805677273,1,1,"(0.43611377477645874, 0.3724386990070343)","(0.41317304968833923, 0.23942069709300995)",1,1,3.015625,2.9599151611328125,"(-46.91460418701172, -65.98872375488281, 722.2445068359375)","(18.636165618896484, -64.0374755859375, 719.8549194335938)","(-21.86819839477539, 132.46681213378906, 37.57223129272461)","(-29.817983627319336, 156.83189392089844, 46.44035720825195)",POINT (0.424643412232399 0.3059296980500221),,,,,,,,,,,,,,,,,,,,,,,,,,,,,,,,,,,,,,,,,,,,,1,
0,54,27,437239333741,1805693946,1,1,"(0.4386298656463623, 0.42653700709342957)","(0.4286365807056427, 0.21701429784297943)",1,1,3.031280517578125,2.956207275390625,"(-47.10145568847656, -66.02938842773438, 722.1884765625)","(18.458560943603516, -64.0241928100586, 719.8933715820312)","(-20.996274948120117, 122.55755615234375, 33.965538024902344)","(-24.459314346313477, 160.93609619140625, 47.934165954589844)",POINT (0.4336332231760025 0.3217756524682045),,,,,,,,,,,,,,,,,,,,,,,,,,,,,,,,,,,,,,,,,,,,,1,
0,54,27,437239350408,1805710612,1,1,"(0.42445361614227295, 0.3886174261569977)","(0.422101765871048, 0.2301962673664093)",1,1,2.9707183837890625,2.987152099609375,"(-47.29827880859375, -66.11366271972656, 722.1766967773438)","(18.25494384765625, -64.03854370117188, 719.8191528320312)","(-25.908849716186523, 129.50332641601562, 36.49359893798828)","(-26.72386360168457, 158.52154541015625, 47.05533218383789)",POINT (0.4232776910066605 0.3094068467617035),,,,,,,,,,,,,,,,,,,,,,,,,,,,,,,,,,,,,,,,,,,,,1,
0,54,27,437239383742,1805743945,1,1,"(0.43308699131011963, 0.3941057324409485)","(0.41229596734046936, 0.23933082818984985)",1,1,3.0076904296875,2.96038818359375,"(-47.712928771972656, -66.26361083984375, 722.2449951171875)","(17.849281311035156, -64.06065368652344, 719.4560546875)","(-22.917089462280273, 128.49803161621094, 36.127685546875)","(-30.12192153930664, 156.84835815429688, 46.44633865356445)",POINT (0.4226914793252945 0.3167182803153992),,,,,,,,,,,,,,,,,,,,,,,,,,,,,,,,,,,,,,,,,,,,,1,
0,54,27,437239417077,1805777279,1,1,"(0.424872487783432, 0.2793789803981781)","(0.422151118516922, 0.19230256974697113)",1,1,2.9882049560546875,2.9624481201171875,"(-48.10248565673828, -66.45498657226562, 722.32080078125)","(17.471040725708008, -64.16536712646484, 719.5350341796875)","(-25.763710021972656, 149.51268005371094, 43.77635955810547)","(-26.706754684448242, 165.4625701904297, 49.581687927246094)",POINT (0.423511803150177 0.2358407750725746),,,,,,,,,,,,,,,,,,,,,,,,,,,,,,,,,,,,,,,,,,,,,1,
0,54,27,437239433743,1805793945,1,1,"(0.41577133536338806, 0.400926798582077)","(0.43393754959106445, 0.22019900381565094)",1,1,3.136566162109375,2.963043212890625,"(-48.30028533935547, -66.57429504394531, 722.49462890625)","(17.274442672729492, -64.21968078613281, 719.472412109375)","(-28.917585372924805, 127.24861145019531, 35.67292404174805)","(-22.62232208251953, 160.35276794433594, 47.721824645996094)",POINT (0.4248544424772263 0.310562901198864),,,,,,,,,,,,,,,,,,,,,,,,,,,,,,,,,,,,,,,,,,,,,1,
0,54,27,437239483747,1805843947,1,1,"(0.39513063430786133, 0.29882335662841797)","(0.38572409749031067, 0.2526167929172516)",1,1,3.0681304931640625,2.9993438720703125,"(-48.956851959228516, -66.96195220947266, 722.6326904296875)","(16.564115524291992, -64.47616577148438, 718.8387451171875)","(-36.07034683227539, 145.95101928710938, 42.48008728027344)","(-39.330047607421875, 154.4147491455078, 45.560550689697266)",POINT (0.390427365899086 0.2757200747728348),,,,,,,,,,,,,,,,,,,,,,,,,,,,,,,,,,,,,,1,,,,,,1,1,
0,54,27,437239500413,1805860613,1,1,"(0.39981839060783386, 0.29345786571502686)","(0.37950795888900757, 0.17888323962688446)",1,1,3.036117553710937,2.9472198486328125,"(-49.12860107421875, -67.0264663696289, 722.5776977539062)","(16.388839721679688, -64.51152801513672, 718.56298828125)","(-34.445865631103516, 146.93385314941406, 42.83774948120117)","(-41.48418045043945, 167.9206085205078, 50.476341247558594)",POINT (0.3896631747484207 0.2361705526709557),,,,,,,,,,,,,,,,,,,,,,,,,,,,,,,,,,,,,,,,,,,,,1,
0,54,27,437239517080,1805877279,1,1,"(0.40629592537879944, 0.4139035940170288)","(0.37957096099853516, 0.2676379680633545)",1,1,3.04644775390625,3.010467529296875,"(-49.27580261230469, -67.07194519042969, 722.5707397460938)","(16.212635040283203, -64.52352905273438, 718.4022216796875)","(-32.20116424560547, 124.87163543701172, 34.807804107666016)","(-41.462345123291016, 151.6632843017578, 44.55915451049805)",POINT (0.3929334431886673 0.3407707810401916),,,,,,,,,,,,,,,,,,,,,,,,,,,,,,,,,,,,,,,,,,,,,,
0,54,27,437239550415,1805910613,1,1,"(0.396153062582016, 0.362289696931839)","(0.383988618850708, 0.2484426200389862)",1,1,3.012664794921875,2.99859619140625,"(-49.51847457885742, -67.10017395019531, 722.5501708984375)","(15.950764656066895, -64.45344543457031, 718.2274780273438)","(-35.716033935546875, 134.32582092285156, 38.24882888793945)","(-39.93146896362305, 155.17933654785156, 45.8388786315918)",POINT (0.390070840716362 0.3053661584854126),,,,,,,,,,,,,,,,,,,,,,,,,,,,,,,,,,,,,,,,,,,,,1,
0,54,27,437239567082,1805927280,1,1,"(0.4349406659603119, 0.3379628360271454)","(0.3897275924682617, 0.22816632688045502)",1,1,2.956161499023437,2.9873199462890625,"(-49.621307373046875, -67.10401916503906, 722.534423828125)","(15.84720230102539, -64.40934753417969, 718.3046875)","(-22.274707794189453, 138.7818145751953, 39.87065124511719)","(-37.94268798828125, 158.89337158203125, 47.19069290161133)",POINT (0.4123341292142868 0.2830645814538002),,,,,,,,,,,,,,,,,,,,,,,,,,,,,,,,,,,,,,,,,,,,1,1,
0,54,27,437239583749,1805943946,1,1,"(0.39089396595954895, 0.3618967831134796)","(0.3955532908439636, 0.24714621901512146)",1,1,2.96875,2.963623046875,"(-49.69713592529297, -67.1019058227539, 722.479736328125)","(15.751608848571777, -64.35095977783203, 718.2099609375)","(-37.53850173950195, 134.3977813720703, 38.27504348754883)","(-35.923885345458984, 155.4167938232422, 45.925331115722656)",POINT (0.3932236284017563 0.3045215010643005),,,,,,,,,,,,,,,,,,,,,,,,,,,,,,,,,,,,,,,,,,,,,1,
0,54,27,437239600423,1805960620,1,1,"(0.3925120532512665, 0.34822210669517517)","(0.3876548707485199, 0.26809483766555786)",1,1,3.049789428710937,3.0156402587890625,"(-49.75722885131836, -67.08447265625, 722.5135498046875)","(15.695751190185547, -64.28909301757812, 717.9859619140625)","(-36.9777717590332, 136.902587890625, 39.18671798706055)","(-38.66096878051758, 151.57962036132812, 44.528690338134766)",POINT (0.3900834619998932 0.3081584721803665),,,,,,,,,,,,,,,,,,,,,,,,,,,,,,,,,,,,,,,,,,,,,1,
0,54,27,437239733762,1806093955,1,1,"(0.3985453248023987, 0.3304298222064972)","(0.3844170868396759, 0.2764900326728821)",1,1,3.069091796875,3.032455444335937,"(-49.92848205566406, -66.65553283691406, 721.7591552734375)","(15.509428024291992, -63.91993713378906, 717.3250732421875)","(-34.88703155517578, 140.16165161132812, 40.37287521362305)","(-39.782989501953125, 150.04185485839844, 43.96896743774414)",POINT (0.3914812058210373 0.3034599274396896),,,,,,,,,,,,,,,,,,,,,,,,,,,,,,,,,,,,,,,,,,,,,1,
0,54,27,437239783763,1806143955,1,1,"(0.4074056148529053, 0.33341488242149353)","(0.3854338228702545, 0.32282915711402893)",1,1,3.1078643798828125,3.035507202148437,"(-50.13797378540039, -66.42056274414062, 721.3046875)","(15.304038047790527, -63.71640396118164, 716.853515625)","(-31.81662368774414, 139.6148681640625, 40.17387390136719)","(-39.430641174316406, 141.55386352539062, 40.8796272277832)",POINT (0.3964197188615799 0.3281220197677612),,,,,,,,,,,,,,,,,,,,,,,,,,,,,,,,,,,,,,,,,,,,,1,
0,54,27,437239817098,1806177289,1,1,"(0.4079599380493164, 0.35924383997917175)","(0.37808486819267273, 0.2909618318080902)",1,1,3.0670928955078125,3.0452880859375,"(-50.32719421386719, -66.37608337402344, 720.9570922851562)","(15.126588821411133, -63.69129180908203, 716.791015625)","(-31.624513626098633, 134.88372802734375, 38.451881408691406)","(-41.977325439453125, 147.39102172851562, 43.004180908203125)",POINT (0.3930224031209946 0.325102835893631),,,,,,,,,,,,,,,,,,,,,,,,,,,,,,,,,,,,,,,,,,,,,1,
0,54,27,437239833765,1806193955,1,1,"(0.4049413502216339, 0.3623787760734558)","(0.3925632834434509, 0.2788456678390503)",1,1,3.135711669921875,3.011505126953125,"(-50.41719436645508, -66.3560791015625, 720.8133544921875)","(15.022345542907715, -63.6494140625, 716.4833374023438)","(-32.67056655883789, 134.3095245361328, 38.242828369140625)","(-36.96001434326172, 149.61038208007812, 43.811920166015625)",POINT (0.3987523168325424 0.320612221956253),,,,,,,,,,,,,,,,,,,,,,,,,,,,,,,,,,,,,,,,,,,,,1,
0,54,27,437239850439,1806210629,1,1,"(0.403307169675827, 0.3158254623413086)","(0.39238306879997253, 0.29238808155059814)",1,1,3.0656890869140625,3.0515594482421875,"(-50.52146911621094, -66.31739807128906, 720.7406005859375)","(14.948314666748047, -63.641868591308594, 716.6704711914062)","(-33.236873626708984, 142.83673095703125, 41.34654235839844)","(-37.02246856689453, 147.12977600097656, 42.90913009643555)",POINT (0.3978451192378998 0.3041067719459534),,,,,,,,,,,,,,,,,,,,,,,,,,,,,,,,,,,,,,,,,,,,,1,
0,54,27,437239867107,1806227296,1,1,"(0.40878599882125854, 0.3604883849620819)","(0.39007896184921265, 0.31475603580474854)",1,1,3.10137939453125,3.018417358398437,"(-50.60341262817383, -66.2190170288086, 720.5685424804688)","(14.86268424987793, -63.549766540527344, 716.3623046875)","(-31.3382625579834, 134.65576171875, 38.36894607543945)","(-37.820926666259766, 143.03262329101562, 41.41786193847656)",POINT (0.3994324803352356 0.3376222103834152),,,,,,,,,,,,,,,,,,,,,,,,,,,,,,,,,,,,,,,,,,,,,,
0,54,27,437239883773,1806243962,1,1,"(0.3816320300102234, 0.3063555955886841)","(0.3865644633769989, 0.2972097396850586)",1,1,3.1700592041015625,3.026824951171875,"(-50.67876434326172, -66.1361083984375, 720.4956665039062)","(14.787710189819336, -63.482276916503906, 716.1824951171875)","(-40.74810791015625, 144.5713348388672, 41.97789764404297)","(-39.038841247558594, 146.24659729003906, 42.587646484375)",POINT (0.3840982466936112 0.3017826676368713),,,,,,,,,,,,,,,,,,,,,,,,,,,,,,,,,,,,,,,,,,,,,1,
0,54,27,437239900441,1806260629,1,1,"(0.39980316162109375, 0.33728012442588806)","(0.39038294553756714, 0.29420924186706543)",1,1,3.1230010986328125,3.0736236572265625,"(-50.74740219116211, -66.01734924316406, 720.3729248046875)","(14.734737396240234, -63.45849609375, 716.4970703125)","(-34.45114517211914, 138.90684509277344, 39.91620635986328)","(-37.7155876159668, 146.7962188720703, 42.78763961791992)",POINT (0.3950930535793304 0.3157446831464768),,,,,,,,,,,,,,,,,,,,,,,,,,,,,,,,,,,,,,,,,,,,,1,
0,54,27,437239917108,1806277296,1,1,"(0.40118342638015747, 0.3431335985660553)","(0.393667995929718, 0.2731132507324219)",1,1,3.1337890625,3.075546264648437,"(-50.7972412109375, -65.93268585205078, 720.3770141601562)","(14.689936637878418, -63.425682067871094, 716.4138793945312)","(-33.97283172607422, 137.8346710205078, 39.52592849731445)","(-36.57719802856445, 150.66038513183594, 44.19410705566406)",POINT (0.3974257111549377 0.3081234246492386),,,,,,,,,,,,,,,,,,,,,,,,,,,,,,,,,,,,,,,,,,,,,1,
0,54,27,437239950442,1806310629,1,1,"(0.3653043210506439, 0.32945504784584045)","(0.3920513391494751, 0.29572346806526184)",1,1,3.2295074462890625,3.1011962890625,"(-50.8389892578125, -65.7929916381836, 720.0677490234375)","(14.635931015014648, -63.34679412841797, 716.0753173828125)","(-46.406246185302734, 140.34017944335938, 40.43790817260742)","(-37.13744354248047, 146.5188446044922, 42.68672180175781)",POINT (0.3786778301000595 0.3125892579555512),,,,,,,,,,,,,,,,,,,,,,,,,,,,,,,,,,,,,,,,,,,,,1,
0,54,27,437239967109,1806327295,1,1,"(0.4058760404586792, 0.30302855372428894)","(0.3898963928222656, 0.2784334123134613)",1,1,3.09698486328125,3.044189453125,"(-50.84539794921875, -65.71479034423828, 719.8365478515625)","(14.62434196472168, -63.345680236816406, 715.9488525390625)","(-32.3466682434082, 145.18077087402344, 42.199684143066406)","(-37.88420867919922, 149.68588256835938, 43.839447021484375)",POINT (0.3978862166404724 0.2907309830188751),,,,,,,,,,,,,,,,,,,,,,,,,,,,,,,,,,,,,,,,,,,,1,1,
0,54,27,437239983780,1806343966,1,1,"(0.42570459842681885, 0.33014369010925293)","(0.4012503921985626, 0.3022114336490631)",1,1,3.0092315673828125,3.0669708251953125,"(-50.84687423706055, -65.65943908691406, 719.5179443359375)","(14.605390548706055, -63.387847900390625, 715.73876953125)","(-25.475353240966797, 140.21405029296875, 40.39195251464844)","(-33.94962692260742, 145.33042907714844, 42.254207611083984)",POINT (0.4134774953126907 0.316177561879158),,,,,,,,,,,,,,,,,,,,,,,,,,,,,,,,,,,,,,,,,,,,,1,
0,54,27,437240000448,1806360633,1,1,"(0.41159841418266296, 0.3739527463912964)","(0.3974555730819702, 0.28221914172172546)",1,1,3.057861328125,3.04498291015625,"(-50.853424072265625, -65.5889892578125, 719.4283447265625)","(14.611085891723633, -63.40217590332031, 715.6394653320312)","(-30.363664627075195, 132.18948364257812, 37.47124481201172)","(-35.26466369628906, 148.99244689941406, 43.5870475769043)",POINT (0.4045269936323166 0.3280859440565109),,,,,,,,,,,,,,,,,,,,,,,,,,,,,,,,,,,,,,,,,,,,,1,
0,54,27,437240017114,1806377299,1,1,"(0.43230104446411133, 0.3794112801551819)","(0.39372718334198, 0.2926099896430969)",1,1,2.9186248779296875,3.03594970703125,"(-50.854801177978516, -65.52530670166016, 719.18212890625)","(14.621125221252441, -63.437381744384766, 715.5529174804688)","(-23.18944549560547, 131.18963623046875, 37.10736083984375)","(-36.55668640136719, 147.08912658691406, 42.89429473876953)",POINT (0.4130141139030456 0.3360106348991394),,,,,,,,,,,,,,,,,,,,,,,,,,,,,,,,,,,,,,,,,,,,,1,
0,54,27,437240050448,1806410632,1,1,"(0.3822019398212433, 0.36529341340065)","(0.3925316631793976, 0.3318639099597931)",1,1,3.00091552734375,3.072418212890625,"(-50.90269470214844, -65.35234069824219, 718.7578735351562)","(14.57613754272461, -63.52667236328125, 715.1168212890625)","(-40.550621032714844, 133.775634765625, 38.0485725402832)","(-36.970985412597656, 139.89895629882812, 40.27722930908203)",POINT (0.3873668015003204 0.3485786616802216),,,,,,,,,,,,,,,,,,,,,,,,,,,,,,,,,,,,,,,,,,,,,,
0,54,27,437240067117,1806427300,1,1,"(0.3785303235054016, 0.41035667061805725)","(0.3854444622993469, 0.3122401237487793)",1,1,3.0224609375,3.049285888671875,"(-50.947288513183594, -65.24148559570312, 718.691650390625)","(14.560007095336914, -63.50049591064453, 715.0042724609375)","(-41.822959899902344, 125.52134704589844, 35.04421615600586)","(-39.42695999145508, 143.4934539794922, 41.5855598449707)",POINT (0.3819873929023743 0.3612983971834183),,,,,,,,,,,,,,,,,,,,,,,,,,,,,,,,,,,,,,,,,,,,,,
0,54,27,437240083783,1806443966,1,1,"(0.4268117845058441, 0.44664978981018066)","(0.39305704832077026, 0.29694080352783203)",1,1,2.8434295654296875,3.07830810546875,"(-51.002464294433594, -65.12042999267578, 718.3973388671875)","(14.524898529052734, -63.49808883666992, 714.921630859375)","(-25.09166145324707, 118.87346649169922, 32.624629974365234)","(-36.788917541503906, 146.29583740234375, 42.60559844970703)",POINT (0.4099344164133072 0.3717952966690064),,,,,,,,,,,,,,,,,,,,,,,,,,,,,,,,,,,,,,,,,,,,,,
0,54,27,437240100450,1806460632,1,1,"(0.3826162815093994, 0.406253844499588)","(0.3860990107059479, 0.30026862025260925)",1,1,2.96600341796875,3.078582763671875,"(-51.06291198730469, -64.98799133300781, 717.9947509765625)","(14.448214530944824, -63.44036865234375, 714.4736328125)","(-40.407039642333984, 126.2728500366211, 35.317787170410156)","(-39.20013427734375, 145.68629455566406, 42.38371658325195)",POINT (0.3843576461076736 0.3532612323760986),,,,,,,,,,,,,,,,,,,,,,,,,,,,,,,,,,,,,,,,,,,,,,
0,54,27,437240117122,1806477304,1,1,"(0.3684847056865692, 0.37534213066101074)","(0.38795897364616394, 0.34247803688049316)",1,1,2.9690399169921875,3.0527801513671875,"(-51.16529083251953, -64.88101959228516, 717.809814453125)","(14.3541841506958, -63.40938186645508, 714.3652954101562)","(-45.30413055419922, 131.9349822998047, 37.37864685058594)","(-38.55559539794922, 137.95474243164062, 39.56964874267578)",POINT (0.3782218396663666 0.358910083770752),,,,,,,,,,,,,,,,,,,,,,,,,,,,,,,,,,,,,,,,,,,,,,
0,54,27,437240133789,1806493970,1,1,"(0.35862335562705994, 0.38969293236732483)","(0.3845183253288269, 0.36423182487487793)",1,1,3.0115203857421875,3.071762084960937,"(-51.2415657043457, -64.72698974609375, 717.2783203125)","(14.243837356567383, -63.3089599609375, 714.0336303710938)","(-48.721458435058594, 129.30633544921875, 36.4218864440918)","(-39.747894287109375, 133.97007751464844, 38.119346618652344)",POINT (0.3715708404779434 0.3769623786211014),,,,,,,,,,,,,,,,,,,,,,,,,,,,,,,,,,,,,,,,,,,,,,
0,54,27,437240150447,1806510628,1,1,"(0.3648298382759094, 0.38428032398223877)","(0.38615718483924866, 0.31542009115219116)",1,1,3.01898193359375,3.075347900390625,"(-51.392391204833984, -64.59597778320312, 717.0989990234375)","(14.117433547973633, -63.26479721069336, 714.1095581054688)","(-46.570682525634766, 130.29776000976562, 36.782718658447266)","(-39.17998123168945, 142.91099548339844, 41.37355422973633)",POINT (0.375493511557579 0.349850207567215),,,,,,,,,,,,,,,,,,,,,,,,,,,,,,,,,,,,,,,,,,,,,,
0,54,27,437240167115,1806527295,1,1,"(0.3593718111515045, 0.3866955637931824)","(0.3859935402870178, 0.3077811598777771)",1,1,3.026641845703125,3.073089599609375,"(-51.53668975830078, -64.43954467773438, 716.9013061523438)","(13.967164993286133, -63.10963439941406, 713.77685546875)","(-48.46208572387695, 129.85537719726562, 36.6216926574707)","(-39.236690521240234, 144.31021118164062, 41.882850646972656)",POINT (0.3726826757192612 0.3472383618354797),,,,,,,,,,,,,,,,,,,,,,,,,,,,,,,,,,,,,,,,,,,,,,
0,54,27,437240183790,1806543970,1,1,"(0.3695752024650574, 0.3948805332183838)","(0.3825990855693817, 0.28876781463623047)",1,1,2.9737548828125,3.06390380859375,"(-51.71916961669922, -64.26261138916016, 716.7879028320312)","(13.80197525024414, -63.017948150634766, 713.9964599609375)","(-44.926231384277344, 128.35610961914062, 36.07603454589844)","(-40.41298294067383, 147.79293823242188, 43.150421142578125)",POINT (0.3760871440172195 0.3418241739273071),,,,,,,,,,,,,,,,,,,,,,,,,,,,,,,,,,,,,,,,,,,,,,
0,54,27,437240200449,1806560628,1,1,"(0.36302000284194946, 0.3489018380641937)","(0.381120502948761, 0.33808067440986633)",1,1,3.004150390625,3.0447540283203125,"(-51.919254302978516, -64.10099029541016, 716.6835327148438)","(13.611590385437012, -62.834678649902344, 713.919677734375)","(-47.19784164428711, 136.778076171875, 39.14137649536133)","(-40.92536544799805, 138.76022338867188, 39.8628044128418)",POINT (0.3720702528953552 0.34349125623703),,,,,,,,,,,,,,,,,,,,,,,,,,,,,,,,,,,,,,,,,,,,,,
0,54,27,437240217115,1806577294,1,1,"(0.35511499643325806, 0.4183517396450043)","(0.3747824728488922, 0.3110664188861847)",1,1,3.031234741210937,3.0432891845703125,"(-52.14485549926758, -63.9387321472168, 716.76025390625)","(13.390918731689453, -62.693458557128906, 713.7030029296875)","(-49.937225341796875, 124.05685424804688, 34.51125717163086)","(-43.12173080444336, 143.70843505859375, 41.66385269165039)",POINT (0.3649487346410751 0.3647090792655945),,,,,,,,,,,,,,,,,,,,,,,,,,,,,,,,,,,,,,,,,,,,,,
0,54,27,437240233784,1806593962,1,1,"(0.381422758102417, 0.3906897306442261)","(0.37177133560180664, 0.26904428005218506)",1,1,3.03582763671875,3.0716552734375,"(-52.37084197998047, -63.765907287597656, 716.5532836914062)","(13.158769607543945, -62.53028869628906, 713.6572265625)","(-40.82062530517578, 129.12376403808594, 36.35541915893555)","(-44.16520309448242, 151.4057159423828, 44.46539306640625)",POINT (0.3765970468521118 0.3298670053482056),,,,,,,,,,,,,,,,,,,,,,,,,,,,,,,,,,,,,,,,,,,,,,
0,54,27,437240283791,1806643968,1,1,"(0.33939310908317566, 0.3695354461669922)","(0.37422674894332886, 0.3311307430267334)",1,1,3.0440826416015625,3.0580291748046875,"(-53.06188201904297, -63.494197845458984, 716.4263916015625)","(12.501398086547852, -62.2778434753418, 713.219482421875)","(-55.385433197021484, 132.99859619140625, 37.765769958496094)","(-43.314308166503906, 140.03323364257812, 40.3261604309082)",POINT (0.3568099290132523 0.3503330945968628),,,,,,,,,,,,,,,,,,,,,,,,,,,,,,,,,,,,,,,,,,,,,,
0,54,27,437240300466,1806660642,1,1,"(0.36793190240859985, 0.3895045220851898)","(0.37711071968078613, 0.29705724120140076)",1,1,2.9999237060546875,3.032928466796875,"(-53.28882598876953, -63.45902633666992, 716.3890991210938)","(12.275382995605469, -62.28254318237305, 713.171875)","(-45.495704650878906, 129.34085083007812, 36.43443298339844)","(-42.31490707397461, 146.2745361328125, 42.59781265258789)",POINT (0.372521311044693 0.3432808816432953),,,,,,,,,,,,,,,,,,,,,,,,,,,,,,,,,,,,,,,,,,,,,,
0,54,27,437240333801,1806693976,1,1,"(0.3474692702293396, 0.4013167917728424)","(0.38029780983924866, 0.28716838359832764)",1,1,3.0201873779296875,3.0743560791015625,"(-53.735504150390625, -63.432884216308594, 716.2008666992188)","(11.826354026794434, -62.403587341308594, 713.4547119140625)","(-52.586753845214844, 127.17717742919922, 35.64693832397461)","(-41.210453033447266, 148.0858917236328, 43.25701904296875)",POINT (0.3638835400342941 0.344242587685585),,,,,,,,,,,,,,,,,,,,,,,,,,,,,,,,,,,,,,,,,,,,,,
0,54,27,437240367128,1806727302,1,1,"(0.3531990647315979, 0.40423405170440674)","(0.3728084862232208, 0.3027508854866028)",1,1,2.97314453125,3.079376220703125,"(-54.151756286621094, -63.43565368652344, 716.0037841796875)","(11.414995193481445, -62.52360534667969, 713.68115234375)","(-50.601158142089844, 126.64283752441406, 35.452423095703125)","(-43.805789947509766, 145.23159790039062, 42.21826171875)",POINT (0.3630037754774094 0.3534924685955048),,,,,,,,,,,,,,,,,,,,,,,,,,,,,,,,,,,,,,,,,,,,,,
0,54,27,437240383800,1806743974,1,1,"(0.3607070744037628, 0.419215589761734)","(0.37191489338874817, 0.3087382912635803)",1,1,3.0648651123046875,3.060409545898437,"(-54.34525680541992, -63.43549346923828, 715.828857421875)","(11.233781814575195, -62.53437042236328, 713.7014770507812)","(-47.99936294555664, 123.89862060546875, 34.45363998413086)","(-44.115455627441406, 144.13490295410156, 41.81904220581055)",POINT (0.3663109838962555 0.3639769405126572),,,,,,,,,,,,,,,,,,,,,,,,,,,,,,,,,,,,,,,,,,,,,,
0,54,27,437240417133,1806777306,1,1,"(0.34581321477890015, 0.42716071009635925)","(0.3704088628292084, 0.34274253249168396)",1,1,2.9829559326171875,3.0972900390625,"(-54.699710845947266, -63.49302673339844, 716.07373046875)","(10.90208625793457, -62.58773422241211, 713.6276245117188)","(-53.16063690185547, 122.44330596923828, 33.92395782470703)","(-44.63734436035156, 137.9062957763672, 39.55202865600586)",POINT (0.3581110388040543 0.3849516212940216),,,,,,,,,,,,,,,,,,,,,,,,,,,,,,,,,,,,,,,,,,,,,,
0,54,27,437240433800,1806793972,1,1,"(0.3588400185108185, 0.42372140288352966)","(0.37035125494003296, 0.2852652072906494)",1,1,3.0043182373046875,3.0305328369140625,"(-54.77392578125, -63.492713928222656, 715.4334716796875)","(10.789132118225098, -62.70569610595703, 713.5751953125)","(-48.64636993408203, 123.07328796386719, 34.15326690673828)","(-44.65730285644531, 148.4344940185547, 43.38397216796875)",POINT (0.3645956367254257 0.3544933050870895),,,,,,,,,,,,,,,,,,,,,,,,,,,,,,,,,,,,,,,,,,,,,,
0,54,27,437240450468,1806810640,1,1,"(0.3385144770145416, 0.38595280051231384)","(0.3819291293621063, 0.3430851995944977)",1,1,3.007675170898437,3.078460693359375,"(-54.915382385253906, -63.55344009399414, 715.8375244140625)","(10.655235290527344, -62.762332916259766, 713.4683837890625)","(-55.689918518066406, 129.99142456054688, 36.671234130859375)","(-40.64514923095703, 137.84352111816406, 39.52919006347656)",POINT (0.360221803188324 0.3645190000534058),,,,,,,,,,,,,,,,,,,,,,,,,,,,,,,,,,,,,,,,,,,,,,
0,54,27,437240483802,1806843973,1,1,"(0.3369795083999634, 0.3634423613548279)","(0.37766942381858826, 0.24801869690418243)",1,1,3.018218994140625,3.0465240478515625,"(-55.008460998535156, -63.52046203613281, 715.3775634765625)","(10.570907592773438, -62.894493103027344, 713.3992309570312)","(-56.22182846069336, 134.11468505859375, 38.171966552734375)","(-42.12129211425781, 155.25697326660156, 45.867164611816406)",POINT (0.3573244661092758 0.3057305291295052),,,,,,,,,,,,,,,,,,,,,,,,,,,,,,,,,,,,,,,,,,,,,1,
0,54,27,437240500469,1806860640,1,1,"(0.39154908061027527, 0.3299875557422638)","(0.43787726759910583, 0.23475219309329987)",1,1,3.0643310546875,3.0608062744140625,"(-54.940860748291016, -63.486236572265625, 715.4896240234375)","(10.627265930175781, -62.946533203125, 713.38427734375)","(-37.31148147583008, 140.24264526367188, 40.40238571166992)","(-21.25706672668457, 157.68701171875, 46.751644134521484)",POINT (0.4147131741046906 0.2823698744177818),,,,,,,,,,,,,,,,,,,,,,,,,,,,,,,,,,,,,,,,,,,,1,1,
0,54,27,437240517139,1806877309,1,1,"(0.5101011991500854, 0.32648351788520813)","(0.43833863735198975, 0.13543583452701569)",1,1,2.6092681884765625,3.149261474609375,"(-54.98033142089844, -63.42437744140625, 715.4813232421875)","(10.600885391235352, -62.943599700927734, 713.4411010742188)","(3.771164655685425, 140.88449096679688, 40.635982513427734)","(-21.097187042236328, 175.87892150878906, 53.372928619384766)",POINT (0.4742199182510376 0.2309596762061119),,,,,,,,,,,,,,,,,,,,,,,,,,,,,,,,,,,,,,,,,,,,1,1,
0,54,27,437240533806,1806893976,1,1,"(0.4044228196144104, 0.43098506331443787)","(0.42815640568733215, 0.2886009216308594)",1,1,2.963653564453125,3.0765533447265625,"(-55.00559997558594, -63.37575912475586, 715.3184814453125)","(10.56974983215332, -62.926353454589844, 713.55419921875)","(-32.85025405883789, 121.7427978515625, 33.66899871826172)","(-24.62571144104004, 147.82350158691406, 43.161563873291016)",POINT (0.4162896126508713 0.3597929924726486),,,,,,,,,,,,,,,,,,,,,,,,,,,,,,,,,,,,,,,,,,,,,,
0,54,27,437240550474,1806910643,1,1,"(0.39564135670661926, 0.40114185214042664)","(0.441012978553772, 0.22455501556396484)",1,1,3.0381317138671875,3.03106689453125,"(-55.05860137939453, -63.34163284301758, 715.4674072265625)","(10.529080390930176, -62.86139678955078, 713.6541137695312)","(-35.89336013793945, 127.20921325683594, 35.658607482910156)","(-20.170427322387695, 159.55484008789062, 47.43144989013672)",POINT (0.4183271676301956 0.3128484338521957),,,,,,,,,,,,,,,,,,,,,,,,,,,,,,,,,,,,,,,,,,,,,1,
0,54,27,437240567141,1806927310,1,1,"(0.41252943873405457, 0.4305741786956787)","(0.43958228826522827, 0.3370492160320282)",1,1,2.939071655273437,3.085052490234375,"(-55.13217544555664, -63.341827392578125, 715.7275390625)","(10.472951889038086, -62.8303108215332, 713.782958984375)","(-30.0410213470459, 121.81805419921875, 33.696380615234375)","(-20.66621208190918, 138.9491424560547, 39.93160629272461)",POINT (0.4260558634996414 0.3838116973638534),,,,,,,,,,,,,,,,,,,,,,,,,,,,,,,,,,,,,,,,,,,,,,
0,54,27,437240583808,1806943976,1,1,"(0.3833558261394501, 0.3601444959640503)","(0.4365842044353485, 0.32007941603660583)",1,1,3.090423583984375,3.1000518798828125,"(-55.17196273803711, -63.289581298828125, 715.4642333984375)","(10.404232025146484, -62.77460479736328, 713.518798828125)","(-40.15074920654297, 134.71878051757812, 38.391807556152344)","(-21.70515251159668, 142.05751037597656, 41.06294631958008)",POINT (0.4099700152873993 0.3401119560003281),,,,,,,,,,,,,,,,,,,,,,,,,,,,,,,,,,,,,,,,,,,,,,
0,54,27,437240617143,1806977310,1,1,"(0.4040323793888092, 0.39226362109184265)","(0.4345555305480957, 0.3135983645915985)",1,1,3.013916015625,3.10198974609375,"(-55.310150146484375, -63.31939697265625, 715.4832763671875)","(10.304643630981445, -62.786136627197266, 713.859130859375)","(-32.985565185546875, 128.83546447753906, 36.25048065185547)","(-22.408178329467773, 143.2446746826172, 41.49504852294922)",POINT (0.4192939549684524 0.3529309928417206),,,,,,,,,,,,,,,,,,,,,,,,,,,,,,,,,,,,,,,,,,,,,,
0,54,27,437240633809,1806993976,1,1,"(0.38521045446395874, 0.3615013062953949)","(0.4440002143383026, 0.32433632016181946)",1,1,3.0666656494140625,3.091522216796875,"(-55.39918518066406, -63.35123062133789, 715.5963134765625)","(10.1946382522583, -62.78291320800781, 713.7642822265625)","(-39.508052825927734, 134.47024536132812, 38.30136489868164)","(-19.135251998901367, 141.2777862548828, 40.779151916503906)",POINT (0.4146053344011307 0.3429188132286072),,,,,,,,,,,,,,,,,,,,,,,,,,,,,,,,,,,,,,,,,,,,,,
0,54,27,437240683817,1807043982,1,1,"(0.39844104647636414, 0.5068621039390564)","(0.4338417053222656, 0.3012714982032776)",1,1,2.8697509765625,3.091537475585937,"(-55.58905792236328, -63.35300064086914, 715.5921630859375)","(10.02380657196045, -62.69139099121094, 713.7117309570312)","(-34.92315673828125, 107.84430694580078, 28.61034393310547)","(-22.655559539794922, 145.50259399414062, 42.31685256958008)",POINT (0.4161413758993149 0.404066801071167),,,,,,,,,,,,,,,,,,,,,,,,,,,,,,,,,,,,,,,,,,,,,,
0,54,27,437240700484,1807060649,1,1,"(0.39716920256614685, 0.4578973352909088)","(0.42950502038002014, 0.3202921748161316)",1,1,3.004486083984375,3.1182403564453125,"(-55.627342224121094, -63.345802307128906, 715.528564453125)","(9.977823257446289, -62.668006896972656, 713.797607421875)","(-35.363914489746094, 116.81327056884766, 31.874719619750977)","(-24.158367156982422, 142.0185546875, 41.04875946044922)",POINT (0.4133371114730835 0.3890947550535202),,,,,,,,,,,,,,,,,,,,,,,,,,,,,,,,,,,,,,,,,,,,,,
0,54,27,437240817160,1807177321,1,1,"(0.41728630661964417, 0.3610655963420868)","(0.4543699324131012, 0.12367282807826996)",1,1,3.077362060546875,3.086944580078125,"(-55.59467697143555, -63.2825927734375, 716.0079956054688)","(10.019962310791016, -62.62939453125, 714.7545166015625)","(-28.392602920532227, 134.55003356933594, 38.33042907714844)","(-15.54176139831543, 178.03358459472656, 54.157135009765625)",POINT (0.4358281195163727 0.2423692122101784),,,,,,,,,,,,,,,,,,,,,,,,,,,,,,,,,,,,,,,,,,,,1,1,
0,54,27,437240883836,1807243995,1,1,"(0.4616257846355438, 0.8258122801780701)","(0.438996821641922, 0.34498003125190735)",1,1,1.730621337890625,3.0678253173828125,"(-55.4230842590332, -63.59100341796875, 716.7406005859375)","(10.202224731445312, -62.930809020996094, 714.8336181640625)","(-13.027341842651367, 49.42177963256836, 7.3463006019592285)","(-20.869117736816406, 137.49647521972656, 39.40282440185547)",POINT (0.4503113031387329 0.5853961557149887),,,,,,,,,,,,,,,,,,,,,,,,,,,,,,,,,,,,,,,,,,,,,1,
0,54,27,437240983835,1807343991,1,1,"(0.5105606317520142, 0.6041088700294495)","(0.4397921860218048, 0.35732677578926086)",1,1,2.5579376220703125,3.0702056884765625,"(-54.81562042236328, -64.31126403808594, 718.0218505859375)","(10.79664134979248, -64.06141662597656, 716.2973022460938)","(3.9303553104400635, 90.03147888183594, 22.12703514099121)","(-20.593488693237305, 135.23487854003906, 38.57966232299805)",POINT (0.4751764088869095 0.4807178229093552),,,,,,,,,,,,,,,,,,,,,,,,,,,,,,,,,,,,,,,,,,,,,1,
0,54,27,437241000502,1807360658,1,1,"(0.5191426873207092, 0.947604238986969)","(0.43371763825416565, 0.19667468965053558)",1,1,1.4285430908203125,3.096664428710937,"(-54.725318908691406, -64.49385070800781, 718.5001831054688)","(10.913456916809082, -64.3178939819336, 716.618896484375)","(6.904376029968262, 27.11300277709961, -0.7734501361846924)","(-22.698545455932617, 164.6617431640625, 49.290164947509766)",POINT (0.4764301627874374 0.5721394643187523),,,,,,,,,,,,,,,,,,,,,,,,,,,,,,,,,,,,,,,,,,,,,1,
0,54,27,437241017169,1807377324,1,1,"(0.4050065875053406, 0.4667907655239105)","(0.43199026584625244, 0.301974356174469)",1,1,2.934967041015625,3.082626342773437,"(-54.62982940673828, -64.66738891601562, 718.74755859375)","(10.996210098266602, -64.59729766845703, 716.7581787109375)","(-32.64796447753906, 115.18421936035156, 31.2818660736084)","(-23.297119140625, 145.3738555908203, 42.269996643066406)",POINT (0.4184984266757965 0.3843825608491898),,,,,,,,,,,,,,,,,,,,,,,,,,,,,,,,,,,,,,,,,,,,,,
0,54,27,437241033839,1807393994,1,1,"(0.5055548548698425, 0.6209359765052795)","(0.4472190737724304, 0.3223952651023865)",1,1,2.551177978515625,3.08050537109375,"(-54.57293701171875, -64.88490295410156, 719.1748046875)","(11.085406303405762, -64.91130065917969, 717.3096923828125)","(2.195683717727661, 86.94925689697266, 21.005168914794922)","(-18.01980209350586, 141.63333129882812, 40.908546447753906)",POINT (0.4763869643211365 0.471665620803833),,,,,,,,,,,,,,,,,,,,,,,,,,,,,,,,,,,,,,,,,,,,,1,
0,54,27,437241050508,1807410662,1,1,"(0.4605872929096222, 1.1148887872695923)","(0.4839617609977722, 0.32358410954475403)",1,1,1.180999755859375,3.072967529296875,"(-54.419517517089844, -65.10970306396484, 719.126953125)","(11.176920890808105, -65.23636627197266, 717.775390625)","(-13.38721752166748, -3.528714895248413, -11.926130294799805)","(-5.287117958068848, 141.4155731201172, 40.82929992675781)",POINT (0.4722745269536972 0.7192364484071732),,,,,,,,,,,,,,,,,,,,,,,,,,,,,,,,,,,,,,,,,,,,,,1
0,54,27,437241383859,1807744004,1,1,"(0.41133439540863037, 0.4256356656551361)","(0.4305915832519531, 0.3088863790035248)",1,1,3.138275146484375,3.1448974609375,"(-54.99761199951172, -71.87535095214844, 728.6926879882812)","(10.690119743347168, -71.59237670898438, 725.94482421875)","(-30.45515251159668, 122.72264862060547, 34.02561950683594)","(-23.781831741333008, 144.10777282714844, 41.80917739868164)",POINT (0.4209629893302918 0.3672610223293304),,,,,,,,,,,,,,,,,,,,,,,,,,,,,,,,,,,,,,,,,,,,,,
0,54,27,437241400528,1807760672,1,1,"(0.41313421726226807, 0.3714653253555298)","(0.4216918349266052, 0.28440210223197937)",1,1,3.18731689453125,3.170379638671875,"(-54.854042053222656, -71.94285583496094, 729.2081909179688)","(10.849456787109375, -71.67434692382812, 726.5946044921875)","(-29.831445693969727, 132.6450958251953, 37.63710021972656)","(-26.865917205810547, 148.5926055908203, 43.441490173339844)",POINT (0.4174130260944366 0.3279337137937546),,,,,,,,,,,,,,,,,,,,,,,,,,,,,,,,,,,,,,,,,,,,,1,
0,54,27,437241417194,1807777338,1,1,"(0.41268622875213623, 0.36045438051223755)","(0.42870885133743286, 0.30519595742225647)",1,1,3.2409820556640625,3.1483154296875,"(-54.69072723388672, -71.98965454101562, 729.6951904296875)","(10.994332313537598, -71.71058654785156, 727.02685546875)","(-29.986684799194336, 134.6619873046875, 38.37118911743164)","(-24.434267044067383, 144.78375244140625, 42.05518341064453)",POINT (0.4206975400447846 0.332825168967247),,,,,,,,,,,,,,,,,,,,,,,,,,,,,,,,,,,,,,,,,,,,,1,
0,54,27,437241433865,1807794008,1,1,"(0.4132714867591858, 0.3891647458076477)","(0.405468612909317, 0.32351717352867126)",1,1,3.21820068359375,3.191070556640625,"(-54.49853515625, -71.99707794189453, 730.02392578125)","(11.17924690246582, -71.75093078613281, 727.4871826171875)","(-29.783863067626953, 129.403076171875, 36.457115173339844)","(-32.48786163330078, 141.4278106689453, 40.83375549316406)",POINT (0.4093700498342514 0.3563409596681595),,,,,,,,,,,,,,,,,,,,,,,,,,,,,,,,,,,,,,,,,,,,,,
0,54,27,437241450532,1807810675,1,1,"(0.4143247902393341, 0.35489198565483093)","(0.41067415475845337, 0.3202204406261444)",1,1,3.263031005859375,3.1788330078125,"(-54.32341766357422, -71.99073791503906, 730.43896484375)","(11.355749130249023, -71.7975082397461, 728.1532592773438)","(-29.41886329650879, 135.6808624267578, 38.74204635620117)","(-30.683950424194336, 142.0316925048828, 41.05353546142578)",POINT (0.4124994724988937 0.3375562131404877),,,,,,,,,,,,,,,,,,,,,,,,,,,,,,,,,,,,,,,,,,,,,1,
0,54,27,437241467200,1807827342,1,1,"(0.3854004442691803, 0.34866246581077576)","(0.39137211441993713, 0.310842901468277)",1,1,3.270782470703125,3.199859619140625,"(-54.20661926269531, -71.98725891113281, 731.1451416015625)","(11.47603702545166, -71.79949951171875, 728.426513671875)","(-39.44221496582031, 136.8219451904297, 39.15732192993164)","(-37.37281799316406, 143.7493896484375, 41.67871856689453)",POINT (0.3883862793445587 0.3297526836395264),,,,,,,,,,,,,,,,,,,,,,,,,,,,,,,,,,,,,,,,,,,,,1,
0,54,27,437241483867,1807844009,1,1,"(0.38004830479621887, 0.33940497040748596)","(0.3848472535610199, 0.3012654185295105)",1,1,3.274520874023437,3.192535400390625,"(-54.03047180175781, -71.8847427368164, 731.5770263671875)","(11.643665313720703, -71.75616455078125, 728.94580078125)","(-41.29692077636719, 138.51763916015625, 39.774513244628906)","(-39.63391876220703, 145.5037384033203, 42.31721496582031)",POINT (0.3824477791786194 0.3203351944684982),,,,,,,,,,,,,,,,,,,,,,,,,,,,,,,,,,,,,,,,,,,,,1,
0,54,27,437241500534,1807860675,1,1,"(0.3787759840488434, 0.3309457004070282)","(0.38511785864830017, 0.3091255724430084)",1,1,3.296600341796875,3.196258544921875,"(-53.847251892089844, -71.8270263671875, 731.949462890625)","(11.82394790649414, -71.76665496826172, 729.61474609375)","(-41.73782730102539, 140.067138671875, 40.33850860595703)","(-39.54013442993164, 144.06396484375, 41.793209075927734)",POINT (0.3819469213485718 0.3200356364250183),,,,,,,,,,,,,,,,,,,,,,,,,,,,,,,,,,,,,,,,,,,,,1,
0,54,27,437241517201,1807877342,1,1,"(0.37869274616241455, 0.33679166436195374)","(0.3792804777622223, 0.30214399099349976)",1,1,3.293487548828125,3.1937408447265625,"(-53.67738342285156, -71.70342254638672, 732.396240234375)","(12.01248550415039, -71.70553588867188, 729.8443603515625)","(-41.76667404174805, 138.996337890625, 39.94872283935547)","(-41.56300354003906, 145.34278869628906, 42.258663177490234)",POINT (0.3789866119623184 0.3194678276777268),,,,,,,,,,,,,,,,,,,,,,,,,,,,,,,,,,,,,,,,,,,,,1,
0,54,27,437241533869,1807894009,1,1,"(0.3895249664783478, 0.24263738095760345)","(0.3975740373134613, 0.31051141023635864)",1,1,3.3226776123046875,3.2326202392578125,"(-53.54562759399414, -71.63835144042969, 732.7479248046875)","(12.147104263305664, -71.66934967041016, 730.13232421875)","(-38.012916564941406, 156.24269104003906, 46.225921630859375)","(-35.223609924316406, 143.81011962890625, 41.700836181640625)",POINT (0.3935495018959045 0.276574395596981),,,,,,,,,,,,,,,,,,,,,,,,,,,,,,,,,,,,,,1,,,,,,1,1,
0,54,27,437241550535,1807910675,1,1,"(0.3797276020050049, 0.327472448348999)","(0.3859163224697113, 0.32370391488075256)",1,1,3.3193359375,3.21148681640625,"(-53.4050407409668, -71.47530364990234, 732.7838745117188)","(12.28335189819336, -71.55542755126953, 730.43603515625)","(-41.40806198120117, 140.70333862304688, 40.570037841796875)","(-39.26344680786133, 141.39364624023438, 40.82128143310547)",POINT (0.3828219622373581 0.3255881816148758),,,,,,,,,,,,,,,,,,,,,,,,,,,,,,,,,,,,,,,,,,,,,1,
0,54,27,437241567211,1807927350,1,1,"(0.3782666027545929, 0.33039620518684387)","(0.3943289816379547, 0.31118303537368774)",1,1,3.29766845703125,3.2171783447265625,"(-53.3380126953125, -71.42339324951172, 733.2310791015625)","(12.357637405395508, -71.5031509399414, 730.6105346679688)","(-41.91434860229492, 140.16778564453125, 40.3751106262207)","(-36.34813690185547, 143.6870880126953, 41.65604019165039)",POINT (0.3862977921962738 0.3207896202802658),,,,,,,,,,,,,,,,,,,,,,,,,,,,,,,,,,,,,,,,,,,,,1,
0,54,27,437241583877,1807944016,1,1,"(0.3802971839904785, 0.32528841495513916)","(0.39734548330307007, 0.30256757140159607)",1,1,3.289459228515625,3.186126708984375,"(-53.26362228393555, -71.28868103027344, 733.301513671875)","(12.427289962768555, -71.41805267333984, 731.12158203125)","(-41.21067810058594, 141.1033935546875, 40.715675354003906)","(-35.302818298339844, 145.26519775390625, 42.23043441772461)",POINT (0.3888213336467743 0.3139279931783676),,,,,,,,,,,,,,,,,,,,,,,,,,,,,,,,,,,,,,,,,,,,,1,
0,54,27,437241600545,1807960683,1,1,"(0.39080578088760376, 0.2944837510585785)","(0.39447832107543945, 0.29721224308013916)",1,1,3.321151733398437,3.146835327148437,"(-53.23768615722656, -71.22705078125, 733.3345336914062)","(12.449743270874023, -71.345947265625, 731.28515625)","(-37.56905746459961, 146.74595642089844, 42.76933288574219)","(-36.29640197753906, 146.24612426757812, 42.58749771118164)",POINT (0.3926420509815216 0.2958479970693588),,,,,,,,,,,,,,,,,,,,,,,,,,,,,,,,,,,,,,,,,,,,1,1,
0,54,27,437241617212,1807977350,1,1,"(0.37860238552093506, 0.3075571060180664)","(0.38770201802253723, 0.31181854009628296)",1,1,3.307708740234375,3.164215087890625,"(-53.236976623535156, -71.10948181152344, 733.4276733398438)","(12.457012176513672, -71.25555419921875, 731.386474609375)","(-41.797977447509766, 144.35125732421875, 41.897789001464844)","(-38.64462661743164, 143.57069396972656, 41.613651275634766)",POINT (0.3831522017717362 0.3096878230571747),,,,,,,,,,,,,,,,,,,,,,,,,,,,,,,,,,,,,,,,,,,,,1,
0,54,27,437241633880,1807994017,1,1,"(0.381011039018631, 0.29343903064727783)","(0.3927728533744812, 0.3247782588005066)",1,1,3.2359161376953125,3.1380157470703125,"(-53.272926330566406, -71.02639770507812, 733.6279907226562)","(12.435023307800293, -71.1147232055664, 731.5660400390625)","(-40.96330642700195, 146.93727111816406, 42.83903121948242)","(-36.88740158081055, 141.1968231201172, 40.749671936035156)",POINT (0.3868919461965561 0.3091086447238922),,,,,,,,,,,,,,,,,,,,,,,,,,,,,,,,,,,,,,,,,,,,,1,
0,54,27,437241650546,1808010683,1,1,"(0.3745177686214447, 0.2940307557582855)","(0.39195623993873596, 0.2913241684436798)",1,1,3.213287353515625,3.1099853515625,"(-53.348976135253906, -70.85070037841797, 733.9912109375)","(12.375228881835938, -70.83940124511719, 731.2733154296875)","(-43.213443756103516, 146.82888793945312, 42.79958724975586)","(-37.17039489746094, 147.32467651367188, 42.98000717163086)",POINT (0.3832370042800903 0.2926774621009827),,,,,,,,,,,,,,,,,,,,,,,,,,,,,,,,,,,,,,,,,,,,1,1,
0,54,27,437241667214,1808027350,1,1,"(0.381019651889801, 0.3217350244522095)","(0.3863873779773712, 0.30398252606391907)",1,1,3.1845855712890625,3.0845489501953125,"(-53.421470642089844, -70.64503479003906, 733.8306274414062)","(12.265006065368652, -70.57441711425781, 731.5423583984375)","(-40.9603157043457, 141.7542724609375, 40.95256423950195)","(-39.100196838378906, 145.0060272216797, 42.13607406616211)",POINT (0.3837035149335861 0.3128587752580643),,,,,,,,,,,,,,,,,,,,,,,,,,,,,,,,,,,,,,,,,,,,,1,
0,54,27,437241683880,1808044016,1,1,"(0.36414507031440735, 0.29424944519996643)","(0.3798181414604187, 0.3227314054965973)",1,1,3.1568145751953125,3.06439208984375,"(-53.559715270996094, -70.4365005493164, 734.0178833007812)","(12.148456573486328, -70.20719146728516, 731.5755615234375)","(-46.80797576904297, 146.7888641357422, 42.78497314453125)","(-41.37668228149414, 141.57176208496094, 40.886131286621094)",POINT (0.371981605887413 0.3084904253482819),,,,,,,,,,,,,,,,,,,,,,,,,,,,,,,,,,,,,,,,,,,,,1,
0,54,27,437241700551,1808060686,1,1,"(0.36748436093330383, 0.30048447847366333)","(0.3898506164550781, 0.3520704209804535)",1,1,3.11224365234375,3.0960235595703125,"(-53.68265914916992, -70.24739074707031, 733.98193359375)","(12.000788688659668, -69.94609832763672, 731.9517211914062)","(-45.650787353515625, 145.6467742919922, 42.36929702758789)","(-37.90006637573242, 136.19769287109375, 38.93013000488281)",POINT (0.378667488694191 0.3262774497270584),,,,,,,,,,,,,,,,,,,,,,,,,,,,,,,,,,,,,,,,,,,,,1,
0,54,27,437241717218,1808077353,1,1,"(0.36692145466804504, 0.27305978536605835)","(0.3947885036468506, 0.35754743218421936)",1,1,3.1026763916015625,3.0405426025390625,"(-53.86004638671875, -70.06855010986328, 734.2816772460938)","(11.840678215026855, -69.64192962646484, 731.4697265625)","(-45.84586715698242, 150.67019653320312, 44.197662353515625)","(-36.188907623291016, 135.1944580078125, 38.565006256103516)",POINT (0.3808549791574478 0.3153036087751388),,,,,,,,,,,,,,,,,,,,,,,,,,,,,,,,,,,,,,,,,,,,,1,
0,54,27,437241733885,1808094019,1,1,"(0.37264493107795715, 0.34477710723876953)","(0.37588971853256226, 0.35957664251327515)",1,1,3.08843994140625,3.0496063232421875,"(-53.980491638183594, -69.86394500732422, 733.94384765625)","(11.710236549377441, -69.44513702392578, 731.9620361328125)","(-43.86246871948242, 137.5336456298828, 39.416324615478516)","(-42.73802185058594, 134.82276916503906, 38.429691314697266)",POINT (0.3742673248052597 0.3521768748760223),,,,,,,,,,,,,,,,,,,,,,,,,,,,,,,,,,,,,,,,,,,,,,
0,54,27,437241750552,1808110686,1,1,"(0.36270761489868164, 0.28505611419677734)","(0.38576534390449524, 0.33632171154022217)",1,1,3.0864410400390625,3.0024566650390625,"(-54.1533088684082, -69.79345703125, 734.2322998046875)","(11.526839256286621, -69.21383666992188, 731.7618408203125)","(-47.30610656738281, 148.47279357910156, 43.39789581298828)","(-39.31575012207031, 139.0823974609375, 39.9800910949707)",POINT (0.3742364794015884 0.3106889128684998),,,,,,,,,,,,,,,,,,,,,,,,,,,,,,,,,,,,,,,,,,,,,1,
0,54,27,437241767219,1808127352,1,1,"(0.3649429678916931, 0.3466619849205017)","(0.38208436965942383, 0.30091699957847595)",1,1,3.071151733398437,2.9800567626953125,"(-54.347774505615234, -69.68195343017578, 734.2601318359375)","(11.344747543334961, -69.12015533447266, 731.53125)","(-46.53147506713867, 137.1883544921875, 39.29071807861328)","(-40.59136199951172, 145.56753540039062, 42.340484619140625)",POINT (0.3735136687755585 0.3237894922494888),,,,,,,,,,,,,,,,,,,,,,,,,,,,,,,,,,,,,,,,,,,,,1,
0,54,27,437241783886,1808144019,1,1,"(0.37243130803108215, 0.2979496717453003)","(0.38120320439338684, 0.3173488676548004)",1,1,3.03076171875,2.956817626953125,"(-54.52604675292969, -69.62857055664062, 734.0628662109375)","(11.170395851135254, -68.99493408203125, 731.5812377929688)","(-43.936485290527344, 146.11106872558594, 42.53830337524414)","(-40.89670944213867, 142.55770874023438, 41.244956970214844)",POINT (0.3768172562122345 0.3076492697000504),,,,,,,,,,,,,,,,,,,,,,,,,,,,,,,,,,,,,,,,,,,,,1,
0,54,27,437241800554,1808160686,1,1,"(0.3658192753791809, 0.3048405349254608)","(0.37644124031066895, 0.3411639928817749)",1,1,3.07623291015625,2.964752197265625,"(-54.713470458984375, -69.60928344726562, 733.987060546875)","(10.982210159301758, -68.97236633300781, 732.0318603515625)","(-46.22779846191406, 144.84886169433594, 42.07889175415039)","(-42.546905517578125, 138.19544982910156, 39.657249450683594)",POINT (0.3711302578449249 0.3230022639036179),,,,,,,,,,,,,,,,,,,,,,,,,,,,,,,,,,,,,,,,,,,,,1,
0,54,27,437241817226,1808177358,1,1,"(0.36764344573020935, 0.32120588421821594)","(0.3723405599594116, 0.33375102281570435)",1,1,3.001693725585937,2.9810943603515625,"(-54.90907669067383, -69.60014343261719, 734.0140380859375)","(10.779914855957031, -68.93431854248047, 731.9940185546875)","(-45.59566116333008, 141.8511962890625, 40.98784637451172)","(-43.96792984008789, 139.5532989501953, 40.15145492553711)",POINT (0.3699920028448105 0.3274784535169601),,,,,,,,,,,,,,,,,,,,,,,,,,,,,,,,,,,,,,,,,,,,,,
0,54,27,437241833894,1808194025,1,1,"(0.36491185426712036, 0.3240493834018707)","(0.3856196105480194, 0.28996047377586365)",1,1,3.0159149169921875,2.902587890625,"(-55.11822509765625, -69.60749816894531, 734.0552978515625)","(10.571002960205078, -68.83611297607422, 731.6603393554688)","(-46.54225158691406, 141.330322265625, 40.79830551147461)","(-39.36626434326172, 147.574462890625, 43.0709342956543)",POINT (0.3752657324075699 0.3070049285888672),,,,,,,,,,,,,,,,,,,,,,,,,,,,,,,,,,,,,,,,,,,,,1,
0,54,27,437241850561,1808210692,1,1,"(0.3585525155067444, 0.3187273144721985)","(0.37958258390426636, 0.31673291325569153)",1,1,2.984481811523437,2.940536499023437,"(-55.33979034423828, -69.62510681152344, 734.16748046875)","(10.360121726989746, -68.73287963867188, 731.5057983398438)","(-48.74599838256836, 142.30519104003906, 41.153106689453125)","(-41.45832061767578, 142.67051696777344, 41.28601837158203)",POINT (0.3690675497055054 0.317730113863945),,,,,,,,,,,,,,,,,,,,,,,,,,,,,,,,,,,,,,,,,,,,,1,
0,54,27,437241867228,1808227358,1,1,"(0.36687129735946655, 0.3436722457408905)","(0.3802897036075592, 0.31946226954460144)",1,1,2.939804077148437,2.9268951416015625,"(-55.55305480957031, -69.63691711425781, 734.162109375)","(10.158077239990234, -68.6999282836914, 731.3350219726562)","(-45.86323165893555, 137.73599243164062, 39.49003601074219)","(-41.2132682800293, 142.17059326171875, 41.10404586791992)",POINT (0.3735805004835129 0.331567257642746),,,,,,,,,,,,,,,,,,,,,,,,,,,,,,,,,,,,,,,,,,,,,,
0,54,27,437241883895,1808244025,1,1,"(0.36926358938217163, 0.370374470949173)","(0.3812721073627472, 0.2935464084148407)",1,1,2.929428100585937,2.93194580078125,"(-55.73257064819336, -69.62733459472656, 733.9813842773438)","(9.971447944641113, -68.72157287597656, 731.6214599609375)","(-45.03422164916992, 132.8449249267578, 37.709808349609375)","(-40.872833251953125, 146.91761779785156, 42.831871032714844)",POINT (0.3752678483724594 0.3319604396820068),,,,,,,,,,,,,,,,,,,,,,,,,,,,,,,,,,,,,,,,,,,,,,
0,54,27,437241900563,1808260692,1,1,"(0.3733544647693634, 0.3987325131893158)","(0.38351115584373474, 0.3075849711894989)",1,1,2.97686767578125,2.916168212890625,"(-55.87741470336914, -69.62226104736328, 733.970703125)","(9.807677268981934, -68.72639465332031, 731.7742919921875)","(-43.6165771484375, 127.65052032470703, 35.81926345825195)","(-40.09691619873047, 144.34616088867188, 41.89590835571289)",POINT (0.3784328103065491 0.3531587421894074),,,,,,,,,,,,,,,,,,,,,,,,,,,,,,,,,,,,,,,,,,,,,,
0,54,27,437241917229,1808277358,1,1,"(0.36182573437690735, 0.32289326190948486)","(0.3791697323322296, 0.3421807885169983)",1,1,2.9527587890625,2.906890869140625,"(-56.04291534423828, -69.64210510253906, 734.1689453125)","(9.6690092086792, -68.69410705566406, 731.3207397460938)","(-47.6117057800293, 141.54209899902344, 40.875343322753906)","(-41.60137939453125, 138.00917053222656, 39.589515686035156)",POINT (0.3704977333545685 0.3325370252132416),,,,,,,,,,,,,,,,,,,,,,,,,,,,,,,,,,,,,,,,,,,,,,
0,54,27,437241933897,1808294025,1,1,"(0.3754139542579651, 0.36686891317367554)","(0.3794265389442444, 0.3261151909828186)",1,1,2.928314208984375,2.9411773681640625,"(-56.12763214111328, -69.63945770263672, 733.9598999023438)","(9.562936782836914, -68.71591186523438, 731.7818603515625)","(-42.90289306640625, 133.48703002929688, 37.94355773925781)","(-41.512386322021484, 140.95193481445312, 40.66056823730469)",POINT (0.3774202466011047 0.3464920520782471),,,,,,,,,,,,,,,,,,,,,,,,,,,,,,,,,,,,,,,,,,,,,,
0,54,27,437241950566,1808310694,1,1,"(0.362141489982605, 0.3097614049911499)","(0.39038965106010437, 0.31762179732322693)",1,1,2.9066925048828125,2.911239624023437,"(-56.22346115112305, -69.67387390136719, 733.989501953125)","(9.485027313232422, -68.70427703857422, 731.5776977539062)","(-47.502288818359375, 143.94749450683594, 41.750823974609375)","(-37.71327209472656, 142.5076904296875, 41.22681427001953)",POINT (0.3762655705213547 0.3136916011571884),,,,,,,,,,,,,,,,,,,,,,,,,,,,,,,,,,,,,,,,,,,,,1,
0,54,27,437241967232,1808327359,1,1,"(0.3652132451534271, 0.3044826090335846)","(0.37878718972206116, 0.3355046510696411)",1,1,2.896270751953125,2.891220092773437,"(-56.27936553955078, -69.71211242675781, 733.98095703125)","(9.407535552978516, -68.66584014892578, 731.16650390625)","(-46.43782043457031, 144.91441345214844, 42.10275650024414)","(-41.733951568603516, 139.23207092285156, 40.034568786621094)",POINT (0.3720002174377441 0.3199936300516128),,,,,,,,,,,,,,,,,,,,,,,,,,,,,,,,,,,,,,,,,,,,,1,
0,54,27,437241983899,1808344026,1,1,"(0.36639225482940674, 0.34499409794807434)","(0.3722761571407318, 0.29664134979248047)",1,1,2.851898193359375,2.867095947265625,"(-56.31291961669922, -69.77252197265625, 734.0355224609375)","(9.379813194274902, -68.70150756835938, 731.3739013671875)","(-46.029239654541016, 137.49386596679688, 39.401920318603516)","(-43.99025344848633, 146.35072326660156, 42.62553405761719)",POINT (0.3693342059850693 0.3208177238702774),,,,,,,,,,,,,,,,,,,,,,,,,,,,,,,,,,,,,,,,,,,,,1,
0,54,27,437242000567,1808360693,1,1,"(0.3654613494873047, 0.31504055857658386)","(0.37952205538749695, 0.32034429907798767)",1,1,2.884063720703125,2.893646240234375,"(-56.33115768432617, -69.79832458496094, 734.0023803710938)","(9.359917640686035, -68.7779769897461, 731.50634765625)","(-46.35184860229492, 142.98049926757812, 41.39888000488281)","(-41.47929000854492, 142.00900268554688, 41.04530715942383)",POINT (0.3724917024374008 0.3176924288272858),,,,,,,,,,,,,,,,,,,,,,,,,,,,,,,,,,,,,,,,,,,,,1,
0,54,27,437242017234,1808377360,1,1,"(0.3630674183368683, 0.3737121522426605)","(0.38281872868537903, 0.26221102476119995)",1,1,2.8704833984375,2.89202880859375,"(-56.333499908447266, -69.82275390625, 734.075927734375)","(9.362360000610352, -68.8809814453125, 731.462890625)","(-47.181419372558594, 132.2335662841797, 37.48731231689453)","(-40.33686447143555, 152.65733337402344, 44.920982360839844)",POINT (0.3729430735111237 0.3179615885019302),,,,,,,,,,,,,,,,,,,,,,,,,,,,,,,,,,,,,,,,,,,,,1,
0,54,27,437242033901,1808394027,1,1,"(0.3721023499965668, 0.36736929416656494)","(0.3810141980648041, 0.2767259180545807)",1,1,2.9374237060546875,2.889129638671875,"(-56.30817413330078, -69.83966827392578, 734.1551513671875)","(9.39483642578125, -68.90077209472656, 731.0343017578125)","(-44.05049514770508, 133.3953857421875, 37.910186767578125)","(-40.96220779418945, 149.99862670898438, 43.953304290771484)",POINT (0.3765582740306854 0.3220476061105728),,,,,,,,,,,,,,,,,,,,,,,,,,,,,,,,,,,,,,,,,,,,,1,
0,54,27,437242050569,1808410694,1,1,"(0.3671451210975647, 0.3991430699825287)","(0.38503268361091614, 0.23020803928375244)",1,1,2.898178100585937,2.8975067138671875,"(-56.22419357299805, -69.83258056640625, 733.74755859375)","(9.474462509155273, -69.09461975097656, 731.4149169921875)","(-45.76835632324219, 127.57534790039062, 35.791839599609375)","(-39.56965637207031, 158.5194091796875, 47.05452346801758)",POINT (0.3760889023542404 0.3146755546331406),,,,,,,,,,,,,,,,,,,,,,,,,,,,,,,,,,,,,,,,,,,,,1,
0,54,27,437242067235,1808427360,1,1,"(0.3745630085468292, 0.3351813852787018)","(0.379247784614563, 0.3044196665287018)",1,1,2.9315185546875,2.921630859375,"(-56.13904571533203, -69.849853515625, 733.6119995117188)","(9.544441223144531, -69.19465637207031, 731.678955078125)","(-43.197776794433594, 139.29129028320312, 40.056129455566406)","(-41.57433319091797, 144.92593383789062, 42.10696792602539)",POINT (0.3769053965806961 0.3198005259037018),,,,,,,,,,,,,,,,,,,,,,,,,,,,,,,,,,,,,,,,,,,,,1,
0,54,27,437242083910,1808444034,1,1,"(0.37733060121536255, 0.32778695225715637)","(0.3818301260471344, 0.25088801980018616)",1,1,2.880035400390625,2.9223785400390625,"(-56.07178497314453, -69.95955657958984, 733.9727783203125)","(9.628015518188477, -69.33912658691406, 731.2191772460938)","(-42.238712310791016, 140.64573669433594, 40.54909133911133)","(-40.67945861816406, 154.73141479492188, 45.675846099853516)",POINT (0.3795803636312485 0.2893374860286713),,,,,,,,,,,,,,,,,,,,,,,,,,,,,,,,,,,,,,,,,,,,1,1,
0,54,27,437242117244,1808477367,1,1,"(0.35486114025115967, 0.31571176648139954)","(0.3877360224723816, 0.26931706070899963)",1,1,2.9012451171875,2.9421539306640625,"(-55.88420867919922, -70.04936981201172, 733.4019775390625)","(9.780881881713867, -69.63780212402344, 731.642333984375)","(-50.02519226074219, 142.85755920410156, 41.354129791259766)","(-38.632850646972656, 151.35572814941406, 44.44722366333008)",POINT (0.3712985813617706 0.2925144135951996),,,,,,,,,,,,,,,,,,,,,,,,,,,,,,,,,,,,,,,,,,,,1,1,
0,54,27,437242133912,1808494034,1,1,"(0.3578495979309082, 0.3573644757270813)","(0.3824670910835266, 0.2885800302028656)",1,1,2.9583740234375,2.9350738525390625,"(-55.85386657714844, -70.09880065917969, 733.48291015625)","(9.823774337768555, -69.69098663330078, 731.5821533203125)","(-48.98958969116211, 135.22796630859375, 38.577186584472656)","(-40.45872497558594, 147.8273162841797, 43.1629638671875)",POINT (0.3701583445072174 0.3229722529649734),,,,,,,,,,,,,,,,,,,,,,,,,,,,,,,,,,,,,,,,,,,,,1,
0,54,27,437242150580,1808510701,1,1,"(0.36754053831100464, 0.3401359021663666)","(0.38663575053215027, 0.2569989860057831)",1,1,2.899276733398437,2.9709014892578125,"(-55.842918395996094, -70.18932342529297, 733.5909423828125)","(9.846473693847656, -69.84271240234375, 731.5074462890625)","(-45.63132095336914, 138.38377380371094, 39.72578048706055)","(-39.01412582397461, 153.61204528808594, 45.26844024658203)",POINT (0.3770881444215774 0.2985674440860748),,,,,,,,,,,,,,,,,,,,,,,,,,,,,,,,,,,,,,,,,,,,,1,
0,54,27,437242167246,1808527367,1,1,"(0.3489786982536316, 0.3289722204208374)","(0.39104288816452026, 0.2741576135158539)",1,1,2.9553985595703125,2.944915771484375,"(-55.84172058105469, -70.23049926757812, 733.6504516601562)","(9.838094711303711, -69.87159729003906, 731.2431640625)","(-52.063682556152344, 140.42861938476562, 40.4700813293457)","(-37.48688507080078, 150.46910095214844, 44.12450408935547)",POINT (0.3700107932090759 0.3015649169683456),,,,,,,,,,,,,,,,,,,,,,,,,,,,,,,,,,,,,,,,,,,,,1,
0,54,27,437242183914,1808544034,1,1,"(0.3662283718585968, 0.37469351291656494)","(0.38467878103256226, 0.28397202491760254)",1,1,2.8795623779296875,2.9469757080078125,"(-55.8485107421875, -70.27012634277344, 733.6490478515625)","(9.840496063232422, -69.95664978027344, 731.5963134765625)","(-46.086029052734375, 132.05380249023438, 37.42185592651367)","(-39.692291259765625, 148.67135620117188, 43.470211029052734)",POINT (0.3754535764455795 0.3293327689170837),,,,,,,,,,,,,,,,,,,,,,,,,,,,,,,,,,,,,,,,,,,,,,
0,54,27,437242200581,1808560701,1,1,"(0.354613333940506, 0.33449217677116394)","(0.38725781440734863, 0.28216925263404846)",1,1,2.95697021484375,2.9685211181640625,"(-55.86446762084961, -70.26435852050781, 733.6609497070312)","(9.818401336669922, -69.99205780029297, 731.7587280273438)","(-50.11107635498047, 139.4175262451172, 40.1020622253418)","(-38.798561096191406, 149.0015869140625, 43.59036636352539)",POINT (0.3709355741739273 0.3083307147026062),,,,,,,,,,,,,,,,,,,,,,,,,,,,,,,,,,,,,,,,,,,,,1,
0,54,27,437242217252,1808577371,1,1,"(0.376270592212677, 0.28902047872543335)","(0.3934496343135834, 0.2903994619846344)",1,1,2.925079345703125,2.961151123046875,"(-55.87287902832031, -70.255126953125, 733.7044677734375)","(9.789810180664062, -70.01900482177734, 731.9517822265625)","(-42.60603713989258, 147.7466278076172, 43.13361358642578)","(-36.65287399291992, 147.4940643310547, 43.041656494140625)",POINT (0.3848601132631302 0.2897099703550339),,,,,,,,,,,,,,,,,,,,,,,,,,,,,,,,,,,,,,,,,,,,1,1,
0,54,27,437242233919,1808594038,1,1,"(0.4428468942642212, 0.2492339015007019)","(0.46710410714149475, 0.23342594504356384)",1,1,2.9589385986328125,2.9901885986328125,"(-55.767913818359375, -70.16011047363281, 734.2188720703125)","(9.87839412689209, -69.92724609375, 731.9353637695312)","(-19.5349178314209, 155.03439331054688, 45.786109924316406)","(-11.128901481628418, 157.92996215820312, 46.84001541137695)",POINT (0.454975500702858 0.2413299232721329),,,,,,,,,,,,,,,,,,,,,,,,,,,,,,,,,,,,,,,,,,,,1,1,
0,54,27,437242267253,1808627371,1,1,"(0.5302708745002747, 0.3387278914451599)","(0.5278523564338684, 0.1860489696264267)",1,1,3.0138092041015625,3.0227203369140625,"(-55.603118896484375, -70.05198669433594, 734.322265625)","(10.021076202392578, -69.91315460205078, 732.6099853515625)","(10.760686874389648, 138.64166259765625, 39.81968688964844)","(9.922571182250977, 166.60806274414062, 49.99858474731445)",POINT (0.5290616154670715 0.2623884305357933),,,,,,,,,,,,,,,,,,,,,,,,,,,,,,,,,,,,,,,,,,,,1,1,
0,54,27,437242283921,1808644038,1,1,"(0.5268968343734741, 0.3448107838630676)","(0.5337632894515991, 0.21991664171218872)",1,1,3.046905517578125,3.0225372314453125,"(-55.65444564819336, -70.0354232788086, 734.5994873046875)","(9.990245819091797, -69.88655090332031, 732.5663452148438)","(9.591458320617676, 137.5274658203125, 39.414100646972656)","(11.970949172973633, 160.4044647216797, 47.740692138671875)",POINT (0.5303300619125366 0.2823637127876282),,,,,,,,,,,,,,,,,,,,,,,,,,,,,,,,,,,,,,,,,,,,1,1,
0,54,27,437242300587,1808660704,1,1,"(0.5231127738952637, 0.3611973524093628)","(0.532662570476532, 0.24369311332702637)",1,1,3.073959350585937,3.025253295898437,"(-55.675846099853516, -69.94352722167969, 734.4594116210938)","(9.976652145385742, -69.84371185302734, 732.78955078125)","(8.280141830444336, 134.52590942382812, 38.32164764404297)","(11.589507102966309, 156.04930114746094, 46.155540466308594)",POINT (0.5278876721858978 0.3024452328681946),,,,,,,,,,,,,,,,,,,,,,,,,,,,,,,,,,,,,,,,,,,,,1,
0,54,27,437242317256,1808677372,1,1,"(0.5289778113365173, 0.34265586733818054)","(0.5360862016677856, 0.20749464631080627)",1,1,3.059906005859375,3.016082763671875,"(-55.70767593383789, -69.90682983398438, 734.4969482421875)","(9.94758129119873, -69.84640502929688, 732.730712890625)","(10.312603950500488, 137.9221649169922, 39.557838439941406)","(12.775918006896973, 162.67982482910156, 48.568878173828125)",POINT (0.5325320065021515 0.2750752568244934),,,,,,,,,,,,,,,,,,,,,,,,,,,,,,,,,,,,,,,,,,,,1,1,
0,54,27,437242333922,1808694038,1,1,"(0.5276967287063599, 0.32803037762641907)","(0.5394639372825623, 0.19459128379821777)",1,1,3.087799072265625,3.0012969970703125,"(-55.73564529418945, -69.88848114013672, 734.6434936523438)","(9.932894706726074, -69.84465026855469, 732.7461547851562)","(9.86864948272705, 140.60113525390625, 40.53287887573242)","(13.946410179138184, 165.04336547851562, 49.429073333740234)",POINT (0.5335803329944611 0.2613108307123184),,,,,,,,,,,,,,,,,,,,,,,,,,,,,,,,,,,,,,,,,,,,1,1,
0,54,27,437242350594,1808710709,1,1,"(0.5392875075340271, 0.3419738709926605)","(0.5428358316421509, 0.2179725617170334)",1,1,3.08636474609375,3.0451202392578125,"(-55.76447677612305, -69.87812805175781, 734.7154541015625)","(9.917492866516113, -69.87025451660156, 732.746337890625)","(13.885296821594238, 138.04708862304688, 39.60327911376953)","(15.114916801452637, 160.7605743408203, 47.87029266357422)",POINT (0.541061669588089 0.279973216354847),,,,,,,,,,,,,,,,,,,,,,,,,,,,,,,,,,,,,,,,,,,,1,1,
0,54,27,437242367261,1808727376,1,1,"(0.5361649990081787, 0.3315340280532837)","(0.5345116257667542, 0.18901710212230682)",1,1,3.0911865234375,3.0278778076171875,"(-55.79761505126953, -69.8559341430664, 734.739013671875)","(9.893081665039062, -69.88262176513672, 732.880859375)","(12.803221702575684, 139.95938110351562, 40.29928207397461)","(12.230278968811035, 166.0643768310547, 49.800697326660156)",POINT (0.5353383123874664 0.2602755650877953),,,,,,,,,,,,,,,,,,,,,,,,,,,,,,,,,,,,,,,,,,,,1,1,
0,54,27,437242383929,1808744043,1,1,"(0.5269986987113953, 0.29185837507247925)","(0.5424296259880066, 0.22605659067630768)",1,1,3.0487823486328125,3.0505523681640625,"(-55.80044174194336, -69.82647705078125, 734.5736083984375)","(9.875164031982422, -69.8908462524414, 732.9993896484375)","(9.626761436462402, 147.22683715820312, 42.944393157958984)","(14.974136352539062, 159.2798309326172, 47.33131790161133)",POINT (0.5347141623497009 0.2589574828743935),,,,,,,,,,,,,,,,,,,,,,,,,,,,,,,,,,,,,,,,,,,,1,1,
0,54,27,437242400596,1808760710,1,1,"(0.5369269847869873, 0.3086927533149719)","(0.550445020198822, 0.2199200689792633)",1,1,3.05828857421875,3.02691650390625,"(-55.82496643066406, -69.81724548339844, 734.5997314453125)","(9.85517692565918, -69.87493896484375, 732.9261474609375)","(13.067268371582031, 144.1432342529297, 41.82207489013672)","(17.751747131347656, 160.4038543701172, 47.74043655395508)",POINT (0.5436860024929047 0.2643064111471176),,,,,,,,,,,,,,,,,,,,,,,,,,,,,,,,,,,,,,,,,,,,1,1,
0,54,27,437242417265,1808777377,1,1,"(0.41237249970436096, 0.2998005747795105)","(0.42280787229537964, 0.2734231948852539)",1,1,3.0591583251953125,3.06195068359375,"(-56.073448181152344, -69.87743377685547, 734.677490234375)","(9.558698654174805, -69.95573425292969, 732.7286987304688)","(-30.095415115356445, 145.77203369140625, 42.4149055480957)","(-26.479169845581055, 150.60360717773438, 44.17348098754883)",POINT (0.4175901859998703 0.2866118848323822),,,,,,,,,,,,,,,,,,,,,,,,,,,,,,,,,,,,,,,,,,,,1,1,
0,54,27,437242433931,1808794043,1,1,"(0.3531545400619507, 0.2666197121143341)","(0.3589519262313843, 0.2466856688261032)",1,1,3.0746002197265625,3.03253173828125,"(-56.28581619262695, -69.86077117919922, 734.716552734375)","(9.330690383911133, -69.86602783203125, 732.6749267578125)","(-50.61659240722656, 151.8498077392578, 44.62703323364258)","(-48.60758972167969, 155.50115966796875, 45.95602035522461)",POINT (0.3560532331466675 0.2566526904702187),,,,,,,,,,,,,,,,,,,,,,,,,,,,,,,,,,,,,1,,,,,,,1,1,
0,54,27,437242450599,1808810710,1,1,"(0.36062484979629517, 0.251138836145401)","(0.3686886131763458, 0.2981821894645691)",1,1,3.067840576171875,3.0404510498046875,"(-56.27389144897461, -69.7712173461914, 734.4940795898438)","(9.338807106018066, -69.78044128417969, 732.646240234375)","(-48.027870178222656, 154.6854705810547, 45.659149169921875)","(-45.23347473144531, 146.0684814453125, 42.52281951904297)",POINT (0.3646567314863205 0.274660512804985),,,,,,,,,,,,,,,,,,,,,,,,,,,,,,,,,,,,,,,,,,,,1,1,
0,54,27,437242467265,1808827376,1,1,"(0.3552826941013336, 0.3002169728279114)","(0.36162909865379333, 0.23963263630867004)",1,1,3.036956787109375,3.0217742919921875,"(-56.29004669189453, -69.67375183105469, 734.517822265625)","(9.338077545166016, -69.71217346191406, 732.4540405273438)","(-49.87910461425781, 145.6957550048828, 42.387149810791016)","(-47.67985916137695, 156.79307556152344, 46.42622375488281)",POINT (0.3584558963775635 0.2699248045682907),,,,,,,,,,,,,,,,,,,,,,,,,,,,,,,,,,,,,,,,,,,,1,1,
0,54,27,437242483937,1808844047,1,1,"(0.3398899734020233, 0.2183888703584671)","(0.35304537415504456, 0.2428686022758484)",1,1,3.1074676513671875,2.965087890625,"(-56.300838470458984, -69.6094970703125, 734.4415283203125)","(9.359909057617188, -69.57598114013672, 732.3193969726562)","(-55.2132453918457, 160.68431091308594, 47.84253692626953)","(-50.6544303894043, 156.20033264160156, 46.210506439208984)",POINT (0.3464676737785339 0.2306287363171578),,,,,,,,,,,,,,,,,,,,,,,,,,,,,,,,,,,,,,,,,,,,,1,
0,54,27,437242500604,1808860714,1,1,"(0.3452666103839874, 0.2152394950389862)","(0.36301007866859436, 0.2948634624481201)",1,1,3.10296630859375,3.032623291015625,"(-56.274200439453125, -69.40682983398438, 734.1886596679688)","(9.371147155761719, -69.44236755371094, 732.3049926757812)","(-53.35005187988281, 161.26119995117188, 48.05250930786133)","(-47.2012939453125, 146.67636108398438, 42.74406051635742)",POINT (0.3541383445262909 0.2550514787435532),,,,,,,,,,,,,,,,,,,,,,,,,,,,,,,,,,,,,,,,,,,,1,1,
0,54,27,437242517272,1808877381,1,1,"(0.34884756803512573, 0.18443967401981354)","(0.3675844371318817, 0.3005569279193878)",1,1,3.0921173095703125,3.04638671875,"(-56.26484680175781, -69.24103546142578, 734.1033935546875)","(9.378620147705078, -69.21626281738281, 731.9647216796875)","(-52.109127044677734, 166.90284729003906, 50.10588073730469)","(-45.61610412597656, 145.6334991455078, 42.36448287963867)",POINT (0.3582160025835037 0.2424983009696007),,,,,,,,,,,,,,,,,,,,,,,,,1,,,,,,,,,,,,,,,,,,,,1,
0,54,27,437242533938,1808894047,1,1,"(0.3267861604690552, 0.18426470458507538)","(0.3613366484642029, 0.27320587635040283)",1,1,3.1006622314453125,3.013671875,"(-56.27122497558594, -69.07868957519531, 734.1292724609375)","(9.402725219726562, -68.98589324951172, 731.6533203125)","(-59.754207611083984, 166.93487548828125, 50.117557525634766)","(-47.78118896484375, 150.64341735839844, 44.18793869018555)",POINT (0.344061404466629 0.2287352904677391),,,,,,,,,,,,,,,,,,,,,,,,,,,,,,,,,,,,,,,,,,,,,1,
0,54,27,437242550605,1808910713,1,1,"(0.3500210642814636, 0.2221670299768448)","(0.36345764994621277, 0.3003797233104706)",1,1,3.099716186523437,3.0301666259765625,"(-56.24544143676758, -68.86091613769531, 733.9061279296875)","(9.419686317443848, -68.82366943359375, 731.7109375)","(-51.702457427978516, 159.99227905273438, 47.590633392333984)","(-47.04619216918945, 145.66595458984375, 42.37627410888672)",POINT (0.3567393571138382 0.2612733766436577),,,,,,,,,,,,,,,,,,,,,,,,,,,,,,,,,,,,,1,,,,,,,1,1,
0,54,27,437242567272,1808927380,1,1,"(0.34912416338920593, 0.1999371349811554)","(0.3616536259651184, 0.27892544865608215)",1,1,3.063690185546875,3.04095458984375,"(-56.2407112121582, -68.65663146972656, 733.8915405273438)","(9.438764572143555, -68.63973999023438, 731.4603271484375)","(-52.01328659057617, 164.0641632080078, 49.07268142700195)","(-47.671348571777344, 149.59576416015625, 43.806640625)",POINT (0.3553888946771622 0.2394312918186188),,,,,,,,,,,,,,,,,,,,,,,,,,,,,,,,,,,,,,,,,,,,,1,
0,54,27,437242583940,1808944047,1,1,"(0.3627282977104187, 0.26045680046081543)","(0.3605155646800995, 0.3129934072494507)",1,1,3.10235595703125,3.0568389892578125,"(-56.20106506347656, -68.46272277832031, 733.6303100585938)","(9.471830368041992, -68.44134521484375, 731.5484619140625)","(-47.298946380615234, 152.9786834716797, 45.03789520263672)","(-48.06573486328125, 143.35548400878906, 41.53535461425781)",POINT (0.3616219311952591 0.2867251038551331),,,,,,,,,,,,,,,,,,,,,,,,,,,,,,,,,,,,,,,,,,,,1,1,
0,54,27,437242600607,1808960714,1,1,"(0.3488541543483734, 0.034349475055933)","(0.3590560257434845, 0.32110077142715454)",1,1,3.035873413085937,3.031463623046875,"(-56.14804458618164, -68.28248596191406, 733.35205078125)","(9.499261856079102, -68.25626373291016, 731.84228515625)","(-52.10684585571289, 194.3950653076172, 60.11222457885742)","(-48.571510314941406, 141.87046813964844, 40.994808197021484)",POINT (0.353955090045929 0.1777251232415438),,,,,,,,,,,,,,,,,,,,,,,,,,,,,,,,,,,,,,,,,,,,1,,
0,54,27,437242617278,1808977384,1,1,"(0.3456800580024719, 0.24170158803462982)","(0.36131852865219116, 0.28651413321495056)",1,1,3.115829467773437,3.04205322265625,"(-56.10187911987305, -68.0775146484375, 733.1929321289062)","(9.544395446777344, -68.08869934082031, 731.6483154296875)","(-53.20677947998047, 156.41409301757812, 46.2883186340332)","(-47.7874755859375, 148.20571899414062, 43.300724029541016)",POINT (0.3534992933273315 0.2641078606247902),,,,,,,,,,,,,,,,,,,,,,,,,,,,,,,,,,,,,1,,,,,,,1,1,
0,54,27,437242633945,1808994051,1,1,"(0.3422921895980835, 0.20191146433353424)","(0.3590964078903198, 0.3327425420284271)",1,1,3.100448608398437,3.050628662109375,"(-56.05345916748047, -67.94000244140625, 733.2779541015625)","(9.59669017791748, -67.93238067626953, 731.3233642578125)","(-54.380802154541016, 163.70248413085938, 48.941097259521484)","(-48.55751419067383, 139.73800659179688, 40.21870040893555)",POINT (0.3506942987442017 0.2673270031809807),,,,,,,,,,,,,,,,,,,,,,,,,,,,,,,,,,,,,,,,,,,,1,1,
0,54,27,437242650613,1809010718,1,1,"(0.34472519159317017, 0.21409255266189575)","(0.3570239245891571, 0.3067239224910736)",1,1,3.1160125732421875,3.01885986328125,"(-56.01285171508789, -67.83039855957031, 733.5524291992188)","(9.671957969665527, -67.75643920898438, 731.039794921875)","(-53.53766632080078, 161.47128295898438, 48.12897872924805)","(-49.275718688964844, 144.50387573242188, 41.95333480834961)",POINT (0.3508745580911636 0.2604082375764847),,,,,,,,,,,,,,,,,,,,,,,,,,,,,,,,,,,,,1,,,,,,,1,1,
0,54,27,437242667279,1809027384,1,1,"(0.3458389937877655, 0.2580265402793884)","(0.3682367205619812, 0.2946029007434845)",1,1,3.132720947265625,3.0336456298828125,"(-55.91595458984375, -67.65444946289062, 733.1347045898438)","(9.749622344970703, -67.70831298828125, 731.4951171875)","(-53.151710510253906, 153.42384338378906, 45.1999397277832)","(-45.390071868896484, 146.72409057617188, 42.761436462402344)",POINT (0.3570378571748734 0.2763147205114365),,,,,,,,,,,,,,,,,,,,,,,,,,,,,,,,,,,,,1,,,,,,,1,1,
0,54,27,437242683947,1809044051,1,1,"(0.3592243194580078, 0.18733865022659302)","(0.36027127504348755, 0.30674347281455994)",1,1,3.098388671875,3.049957275390625,"(-55.82744598388672, -67.55012512207031, 732.9825439453125)","(9.839818954467773, -67.59196472167969, 731.2113037109375)","(-48.51319122314453, 166.371826171875, 49.91262435913086)","(-48.150390625, 144.50027465820312, 41.952064514160156)",POINT (0.3597477972507477 0.2470410615205765),,,,,,,,,,,,,,,,,,,,,,,,,1,,,,,,,,,,,,,,,,,,,,1,
0,54,27,437242700614,1809060717,1,1,"(0.34677955508232117, 0.19937454164028168)","(0.3700386881828308, 0.33943840861320496)",1,1,3.1236114501953125,3.0372772216796875,"(-55.75638961791992, -67.46239471435547, 733.3873291015625)","(9.921348571777344, -67.43877410888672, 730.8115234375)","(-52.82575988769531, 164.16720581054688, 49.11018753051758)","(-44.765621185302734, 138.51150512695312, 39.77233123779297)",POINT (0.358409121632576 0.2694064751267433),,,,,,,,,,,,,,,,,,,,,,,,,,,,,,,,,,,,,,,,,,,,1,1,
0,54,27,437242717282,1809077384,1,1,"(0.3477078080177307, 0.22615781426429749)","(0.36414313316345215, 0.3014174699783325)",1,1,3.124847412109375,3.045684814453125,"(-55.62458801269531, -67.3251953125, 732.92578125)","(10.053573608398438, -67.4238052368164, 731.14599609375)","(-52.504093170166016, 159.2612762451172, 47.32455825805664)","(-46.80863571166992, 145.47586059570312, 42.30712127685547)",POINT (0.3559254705905914 0.263787642121315),,,,,,,,,,,,,,,,,,,,,,,,,,,,,,,,,,,,,1,,,,,,,1,1,
0,54,27,437242733951,1809094053,1,1,"(0.34365221858024597, 0.18697166442871094)","(0.36197012662887573, 0.29189532995224)",1,1,3.1079864501953125,3.050155639648437,"(-55.51704406738281, -67.26307678222656, 733.1266479492188)","(10.172748565673828, -67.3453598022461, 730.744140625)","(-53.90950393676758, 166.43905639648438, 49.93705368041992)","(-47.56167221069336, 147.22003173828125, 42.94194793701172)",POINT (0.3528111726045608 0.2394334971904755),,,,,,,,,,,,,,,,,,,,,,,,,,,,,,,,,,,,,,,,,,,,,1,
0,54,27,437242750620,1809110721,1,1,"(0.34749236702919006, 0.23315337300300598)","(0.35826683044433594, 0.29637181758880615)",1,1,3.1097412109375,3.0557098388671875,"(-55.34797286987305, -67.17091369628906, 732.7357788085938)","(10.329548835754395, -67.35762786865234, 730.9157104492188)","(-52.578739166259766, 157.97988891601562, 46.85818862915039)","(-48.84499740600586, 146.40008544921875, 42.64348220825195)",POINT (0.352879598736763 0.2647625952959061),,,,,,,,,,,,,,,,,,,,,,,,,,,,,,,,,,,,,1,,,,,,,1,1,
0,54,27,437242767285,1809127386,1,1,"(0.34965792298316956, 0.21640077233314514)","(0.3724457919597626, 0.24496473371982574)",1,1,3.1400909423828125,3.03155517578125,"(-55.197566986083984, -67.10371398925781, 733.027587890625)","(10.464442253112793, -67.31129455566406, 730.8375854492188)","(-51.828304290771484, 161.04849243164062, 47.975067138671875)","(-43.93147277832031, 155.81639099121094, 46.07073974609375)",POINT (0.3610518574714661 0.2306827530264854),,,,,,,,,,,,,,,,,,,,,,,,,1,,,,,,,,,,,,,,,,,,,,1,
0,54,27,437242783952,1809144052,1,1,"(0.3527205288410187, 0.22990919649600983)","(0.3685038983821869, 0.23883108794689178)",1,1,3.125457763671875,3.03521728515625,"(-55.035011291503906, -67.07174682617188, 732.874755859375)","(10.624866485595703, -67.33898162841797, 730.6113891601562)","(-50.76700210571289, 158.57412719726562, 47.07447814941406)","(-45.297481536865234, 156.9398956298828, 46.47970199584961)",POINT (0.3606122136116028 0.2343701422214508),,,,,,,,,,,,,,,,,,,,,,,,,1,,,,,,,,,,,,,,,,,,,,1,
0,54,27,437242800619,1809160719,1,1,"(0.3683762848377228, 0.08041799068450928)","(0.368537575006485, 0.24814529716968536)",1,1,2.992034912109375,3.0453643798828125,"(-54.86257553100586, -67.02283477783203, 732.6497802734375)","(10.786035537719727, -67.37574768066406, 730.88623046875)","(-45.34170913696289, 185.95663452148438, 57.04087448120117)","(-45.28582000732422, 155.23379516601562, 45.858699798583984)",POINT (0.3684569299221039 0.1642816439270973),,,,,,,,,,,,,,,,,,,,,,,,,,,,,,,,,,,,,,,,,,,,1,,
0,54,27,437242817286,1809177386,1,1,"(0.35690838098526, 0.2850734293460846)","(0.3711481988430023, 0.23713885247707367)",1,1,3.0955352783203125,3.012939453125,"(-54.742897033691406, -66.98480987548828, 732.8663330078125)","(10.91374683380127, -67.35139465332031, 730.5877075195312)","(-49.31575393676758, 148.46961975097656, 43.396751403808594)","(-44.38114547729492, 157.24986267089844, 46.59247589111328)",POINT (0.3640282899141312 0.2611061409115791),,,,,,,,,,,,,,,,,,,,,,,,,,,,,,,,,,,,,,,,,,,,1,1,
0,54,27,437242833962,1809194061,1,1,"(0.3613719642162323, 0.13725051283836365)","(0.36606132984161377, 0.2668638825416565)",1,1,3.0112762451171875,2.989837646484375,"(-54.602455139160156, -66.85282897949219, 732.5870361328125)","(11.049318313598633, -67.28424072265625, 730.6853637695312)","(-47.76896667480469, 175.54652404785156, 53.2519645690918)","(-46.14392852783203, 151.80508422851562, 44.61079406738281)",POINT (0.363716647028923 0.2020571976900101),,,,,,,,,,,,,,,,,,,,,,,,,,,,,,,,,,,,,,,,,,,,,,
0,54,27,437242850620,1809210719,1,1,"(0.3640580177307129, 0.23651878535747528)","(0.3660731911659241, 0.2734752297401428)",1,1,3.0818634033203125,2.9920806884765625,"(-54.51283264160156, -66.81599426269531, 732.66064453125)","(11.141666412353516, -67.2259521484375, 730.5498046875)","(-46.83815002441406, 157.36343383789062, 46.633853912353516)","(-46.13981246948242, 150.5940704345703, 44.16999816894531)",POINT (0.3650656044483185 0.254997007548809),,,,,,,,,,,,,,,,,,,,,,,,,,,,,,,,,,,,,,,,,,,,1,1,
0,54,27,437242867304,1809227402,1,1,"(0.3475911617279053, 0.06888742744922638)","(0.37557753920555115, 0.29128527641296387)",1,1,3.0577545166015625,3.0386962890625,"(-54.413330078125, -66.74811553955078, 732.5905151367188)","(11.226417541503906, -67.19255828857422, 730.7385864257812)","(-52.54450988769531, 188.06869506835938, 57.80961608886719)","(-42.84621047973633, 147.33180236816406, 42.98262023925781)",POINT (0.3615843504667282 0.1800863519310951),,,,,,,,,,,,,,,,,,,,,,,,,,,,,,,,,,,,,,,,,,,,1,,
0,54,27,437242883962,1809244060,1,1,"(0.3427790403366089, 0.1400311142206192)","(0.3650546967983246, 0.29854103922843933)",1,1,3.1029205322265625,3.02960205078125,"(-54.33953857421875, -66.68769073486328, 732.46826171875)","(11.316991806030273, -67.15850830078125, 730.5445556640625)","(-54.21208572387695, 175.03720092773438, 53.06657028198242)","(-46.49276351928711, 146.00274658203125, 42.4989013671875)",POINT (0.3539168685674667 0.2192860767245293),,,,,,,,,,,,,,,,,,,,,,,,,,,,,,,,,,,,,,,,,,,,,1,
0,54,27,437242900632,1809260729,1,1,"(0.39141014218330383, 0.22415025532245636)","(0.42187994718551636, 0.2524256408214569)",1,1,3.092010498046875,3.01702880859375,"(-54.18427276611328, -66.62578582763672, 732.7614135742188)","(11.48259449005127, -67.17002868652344, 731.0243530273438)","(-37.3596305847168, 159.62899780273438, 47.45843505859375)","(-26.80072784423828, 154.44976806640625, 45.57331085205078)",POINT (0.4066450446844101 0.2382879480719566),,,,,,,,,,,,,,,,,,,,,,,,,,,,,,,,,,,,,,,,,,,,,1,
0,54,27,437242917298,1809277394,1,1,"(0.3877916932106018, 0.2547597289085388)","(0.4111495018005371, 0.2542135715484619)",1,1,3.073577880859375,3.02734375,"(-54.133140563964844, -66.56204223632812, 732.6940307617188)","(11.537384986877441, -67.11897277832031, 731.0067138671875)","(-38.61355972290039, 154.022216796875, 45.41774368286133)","(-30.51922607421875, 154.12228393554688, 45.45413589477539)",POINT (0.3994705975055695 0.2544866502285004),,,,,,,,,,,,,,,,,,,,,,,,,,,,,,,,,,,,,,,,,,,,1,1,
0,54,27,437242933965,1809294061,1,1,"(0.3898789882659912, 0.24199356138706207)","(0.40495970845222473, 0.2578430473804474)",1,1,3.0510406494140625,2.979843139648437,"(-54.101417541503906, -66.42974853515625, 732.6121215820312)","(11.577417373657227, -66.95428466796875, 730.6965942382812)","(-37.890235900878906, 156.36062622070312, 46.26881790161133)","(-32.664222717285156, 153.45745849609375, 45.212158203125)",POINT (0.397419348359108 0.2499183043837547),,,,,,,,,,,,,,,,,,,,,,,,,,,,,,,,,,,,,,,,,,,,1,1,
0,54,27,437242950633,1809310728,1,1,"(0.3964028060436249, 0.2329888641834259)","(0.41014328598976135, 0.2673889994621277)",1,1,3.01654052734375,2.9910125732421875,"(-54.076419830322266, -66.3475112915039, 732.6864624023438)","(11.602575302124023, -66.91450500488281, 730.548828125)","(-35.629486083984375, 158.01002502441406, 46.8691520690918)","(-30.86790657043457, 151.7089080810547, 44.575740814208984)",POINT (0.4032730460166931 0.2501889318227768),,,,,,,,,,,,,,,,,,,,,,,,,,,,,,,,,,,,,,,,,,,,1,1,
0,54,27,437242967300,1809327394,1,1,"(0.39867329597473145, 0.2490321546792984)","(0.41530799865722656, 0.2473379671573639)",1,1,3.0628204345703125,3.00762939453125,"(-54.063385009765625, -66.24626159667969, 732.7237548828125)","(11.620447158813477, -66.83905029296875, 730.50341796875)","(-34.842681884765625, 155.07135009765625, 45.79957580566406)","(-29.078153610229492, 155.3816680908203, 45.91255569458008)",POINT (0.406990647315979 0.2481850609183312),,,,,,,,,,,,,,,,,,,,,,,,,,1,,,,,,,,,,,,,,,,,,1,1,
0,54,27,437242983967,1809344061,1,1,"(0.3865821659564972, 0.1942516267299652)","(0.41667234897613525, 0.26224711537361145)",1,1,3.0426177978515625,3.02587890625,"(-54.046722412109375, -66.1773681640625, 732.7254638671875)","(11.636856079101562, -66.78118896484375, 730.6196899414062)","(-39.0327033996582, 165.10557556152344, 49.45175552368164)","(-28.605361938476562, 152.65077209472656, 44.91852569580078)",POINT (0.4016272574663162 0.2282493710517883),,,,,,,,,,,,,,,,,,,,,,,,,,1,,,,,,,,,,,,,,,,,,,1,
0,54,27,437243000645,1809360738,1,1,"(0.3969431519508362, 0.2584426999092102)","(0.4156825542449951, 0.2526789903640747)",1,1,3.0574188232421875,2.9919586181640625,"(-54.051727294921875, -66.12239074707031, 732.706787109375)","(11.63195514678955, -66.71542358398438, 730.7386474609375)","(-35.44225311279297, 153.3476104736328, 45.17220687866211)","(-28.948354721069336, 154.4033660888672, 45.55640411376953)",POINT (0.4063128530979156 0.2555608451366425),,,,,,,,,,,,,,,,,,,,,,,,,,,,,,,,,,,,,,1,,,,,,1,1,
0,54,27,437243033970,1809394062,1,1,"(0.3812468945980072, 0.23159334063529968)","(0.4045102000236511, 0.23077984154224396)",1,1,3.073226928710937,2.99932861328125,"(-54.101280212402344, -66.10469055175781, 732.4891967773438)","(11.584402084350586, -66.66930389404297, 730.402099609375)","(-40.88156509399414, 158.26564025878906, 46.96223449707031)","(-32.81998062133789, 158.4146270751953, 47.016483306884766)",POINT (0.3928785473108292 0.2311865910887718),,,,,,,,,,,,,,,,,,,,,,,,,,1,,,,,,,,,,,,,,,,,,,1,
0,54,27,437243050637,1809410729,1,1,"(0.3931741416454315, 0.2578754127025604)","(0.403307169675827, 0.2449413686990738)",1,1,3.02825927734375,3.005355834960937,"(-54.139400482177734, -66.125, 732.4984130859375)","(11.552267074584961, -66.68020629882812, 730.4620361328125)","(-36.74834442138672, 153.45152282714844, 45.20998001098633)","(-33.23688507080078, 155.82066345214844, 46.07229995727539)",POINT (0.3982406556606293 0.2514083907008171),,,,,,,,,,,,,,,,,,,,,,,,,,,,,,,,,,,,,,,,,,,,1,1,
0,54,27,437243067305,1809427396,1,1,"(0.38239169120788574, 0.23662826418876648)","(0.4126737415790558, 0.2399938702583313)",1,1,3.0433807373046875,2.9721221923828125,"(-54.223793029785156, -66.13280487060547, 732.3807373046875)","(11.472155570983887, -66.7041244506836, 730.5384521484375)","(-40.48485565185547, 157.3433837890625, 46.626522064208984)","(-29.991012573242188, 156.72689819335938, 46.402156829833984)",POINT (0.3975327163934708 0.2383110672235489),,,,,,,,,,,,,,,,,,,,,,,,,,,,,,,,,,,,,,,,,,,,,1,
0,54,27,437243083973,1809444064,1,1,"(0.39685457944869995, 0.32168009877204895)","(0.41458895802497864, 0.25194141268730164)",1,1,2.9917755126953125,3.0070037841796875,"(-54.291778564453125, -66.17668151855469, 732.132080078125)","(11.38303279876709, -66.74432373046875, 730.3197021484375)","(-35.47292709350586, 141.7643280029297, 40.95621109008789)","(-29.327322006225586, 154.5384521484375, 45.60564041137695)",POINT (0.4057217687368393 0.2868107557296753),,,,,,,,,,,,,,,,,,,,,,,,,,,,,,,,,,,,,,,,,,,,1,1,
0,54,27,437243100639,1809460729,1,1,"(0.38385578989982605, 0.2590440511703491)","(0.40537506341934204, 0.2173813283443451)",1,1,3.050765991210937,2.9868927001953125,"(-54.37061309814453, -66.22512817382812, 732.2071533203125)","(11.320646286010742, -66.76683044433594, 730.27783203125)","(-39.97749710083008, 153.23745727539062, 45.13209915161133)","(-32.5202751159668, 160.86888122558594, 47.90969467163086)",POINT (0.394615426659584 0.2382126897573471),,,,,,,,,,,,,,,,,,,,,,,,,,,,,,,,,,,,,,,,,,,,,1,
0,54,27,437243117307,1809477397,1,1,"(0.3946903645992279, 0.25950226187705994)","(0.4271690547466278, 0.21493536233901978)",1,1,3.047454833984375,2.985992431640625,"(-54.461181640625, -66.28974151611328, 732.068359375)","(11.231119155883789, -66.850341796875, 730.267333984375)","(-36.22291564941406, 153.15353393554688, 45.10151672363281)","(-24.967845916748047, 161.31690979003906, 48.07273864746094)",POINT (0.4109297096729279 0.2372188121080399),,,,,,,,,,,,,,,,,,,,,,,,,,,,,,,,,,,,,,,,,,,,,1,
0,54,27,437243133989,1809494078,1,1,"(0.39606973528862, 0.21238099038600922)","(0.4136333167552948, 0.1854015290737152)",1,1,3.01470947265625,2.97723388671875,"(-54.53445053100586, -66.31739807128906, 732.0136108398438)","(11.14763355255127, -66.82845306396484, 729.91748046875)","(-35.74490737915039, 161.78480529785156, 48.243045806884766)","(-29.658498764038086, 166.72665405273438, 50.0417594909668)",POINT (0.4048515260219574 0.1988912597298622),,,,,,,,,,,,,,,,,,,,,,,,,,,,,,,,,,,,,,,,,,,,,,
0,54,27,437243150647,1809510736,1,1,"(0.3899399936199188, 0.27392134070396423)","(0.4077267050743103, 0.2335275262594223)",1,1,3.021392822265625,2.9930572509765625,"(-54.587276458740234, -66.40553283691406, 731.9178466796875)","(11.098245620727539, -66.86349487304688, 729.93408203125)","(-37.86908721923828, 150.51235961914062, 44.1402587890625)","(-31.705347061157227, 157.91136169433594, 46.83323287963867)",POINT (0.3988333493471146 0.2537244334816933),,,,,,,,,,,,,,,,,,,,,,,,,,,,,,,,,,,,,,,,,,,,1,1,
0,54,27,437243167315,1809527403,1,1,"(0.3955562114715576, 0.20314326882362366)","(0.40832462906837463, 0.21800637245178223)",1,1,2.9918365478515625,3.0209197998046875,"(-54.62782287597656, -66.41790771484375, 731.58203125)","(11.062084197998047, -66.85833740234375, 729.8179931640625)","(-35.92286682128906, 163.47686767578125, 48.858943939208984)","(-31.498140335083008, 160.75439453125, 47.8680305480957)",POINT (0.4019404202699661 0.2105748206377029),,,,,,,,,,,,,,,,,,,,,,,,,,,,,,,,,,,,,,,,,,,,,,
0,54,27,437243183982,1809544070,1,1,"(0.3802109658718109, 0.17604826390743256)","(0.4097348749637604, 0.21403396129608154)",1,1,3.01373291015625,2.965316772460937,"(-54.694149017333984, -66.47441864013672, 731.5682373046875)","(11.001323699951172, -66.87864685058594, 729.584228515625)","(-41.24055862426758, 168.4398956298828, 50.66533279418945)","(-31.009437561035156, 161.4820098876953, 48.13286209106445)",POINT (0.3949729204177856 0.195041112601757),,,,,,,,,,,,,,,,,,,,,,,,,,,,,,,,,,,,,,,,,,,,,,
0,54,27,437243200649,1809560736,1,1,"(0.4048749506473541, 0.30822181701660156)","(0.4209060072898865, 0.20488320291042328)",1,1,3.028839111328125,2.970932006835937,"(-54.743953704833984, -66.47510528564453, 731.6495361328125)","(10.954524040222168, -66.8562240600586, 729.4099731445312)","(-32.69358444213867, 144.2294921875, 41.85350036621094)","(-27.138233184814453, 163.1581573486328, 48.742958068847656)",POINT (0.4128904789686203 0.2565525099635124),,,,,,,,,,,,,,,,,,,,,,,,,,,,,,,,,,,,,,1,,,,,,1,1,
0,54,27,437243217316,1809577403,1,1,"(0.5133339762687683, 0.2019704431295395)","(0.4199858009815216, 0.2558955252170563)",1,1,2.52850341796875,3.019149780273437,"(-54.76860427856445, -66.49858093261719, 731.689697265625)","(10.924638748168945, -66.8684310913086, 729.3672485351562)","(4.891436576843262, 163.6916961669922, 48.93716812133789)","(-27.457128524780273, 153.81419372558594, 45.34196472167969)",POINT (0.466659888625145 0.2289329841732979),,,,,,,,,,,,,,,,,,,,,,,,,,,1,,,,,,,,,,,,,,,,,,1,
0,54,27,437243233983,1809594069,1,1,"(0.38231542706489563, 0.2894531786441803)","(0.4222877323627472, 0.23231738805770874)",1,1,3.046905517578125,3.0168914794921875,"(-54.78404235839844, -66.49641418457031, 731.702880859375)","(10.905471801757812, -66.85298156738281, 729.4708862304688)","(-40.511287689208984, 147.66737365722656, 43.10477828979492)","(-26.659421920776367, 158.1330108642578, 46.91392135620117)",POINT (0.4023015797138214 0.2608852833509445),,,,,,,,,,,,,,,,,,,,,,,,,,,,,,,,,,,,,,1,,,,,,1,1,
0,54,27,437243250651,1809610736,1,1,"(0.3932175040245056, 0.3103693425655365)","(0.41479161381721497, 0.2124042809009552)",1,1,3.034637451171875,3.037460327148437,"(-54.79022979736328, -66.51663208007812, 731.62744140625)","(10.900077819824219, -66.86279296875, 729.4267578125)","(-36.73330307006836, 143.8361358642578, 41.71030044555664)","(-29.25710105895996, 161.78053283691406, 48.241519927978516)",POINT (0.4040045589208603 0.2613868117332458),,,,,,,,,,,,,,,,,,,,,,,,,,,,,,,,,,,,,,1,,,,,,1,1,
0,54,27,437243267323,1809627407,1,1,"(0.38839951157569885, 0.3220226466655731)","(0.4115770757198334, 0.24557141959667206)",1,1,3.031112670898437,3.0030059814453125,"(-54.796844482421875, -66.51310729980469, 731.56689453125)","(10.88686466217041, -66.84727478027344, 729.4420166015625)","(-38.402915954589844, 141.7015838623047, 40.93339538574219)","(-30.371055603027344, 155.70523071289062, 46.030372619628906)",POINT (0.3999882936477661 0.2837970331311226),,,,,,,,,,,,,,,,,,,,,,,,,,,,,,,,,,,,,,,,,,,,1,1,
0,54,27,437243283989,1809644073,1,1,"(0.37541189789772034, 0.2561716139316559)","(0.4096131920814514, 0.24413153529167175)",1,1,3.0084228515625,2.9943084716796875,"(-54.816505432128906, -66.54782104492188, 731.4610595703125)","(10.866022109985352, -66.88105773925781, 729.4566650390625)","(-42.903594970703125, 153.76361083984375, 45.323585510253906)","(-31.05161476135254, 155.96900939941406, 46.12625503540039)",POINT (0.3925125449895859 0.2501515746116638),,,,,,,,,,,,,,,,,,,,,,,,,,,,,,,,,,,,,,,,,,,,1,1,
0,54,27,437243300656,1809660739,1,1,"(0.3878476917743683, 0.29021987318992615)","(0.4141611158847809, 0.24256907403469086)",1,1,3.0164337158203125,3.0113677978515625,"(-54.85020446777344, -66.56924438476562, 731.2919921875)","(10.830634117126465, -66.89564514160156, 729.4428100585938)","(-38.59415054321289, 147.52694702148438, 43.05363464355469)","(-29.4755802154541, 156.25521850585938, 46.23044967651367)",POINT (0.4010044038295746 0.2663944736123085),,,,,,,,,,,,,,,,,,,,,,,,,,,,,,,,,,,,,,1,,,,,,1,1,
0,54,27,437243317323,1809677406,1,1,"(0.3889465928077698, 0.2907499670982361)","(0.413738876581192, 0.21370112895965576)",1,1,3.0267486572265625,3.0392608642578125,"(-54.93305206298828, -66.6570053100586, 731.3668212890625)","(10.76397705078125, -66.94483947753906, 729.21044921875)","(-38.21334457397461, 147.42984008789062, 43.0182991027832)","(-29.621906280517578, 161.54296875, 48.15507888793945)",POINT (0.4013427346944809 0.2522255480289459),,,,,,,,,,,,,,,,,,,,,,,,,,,,,,,,,,,,,,,,,,,,1,1,
0,54,27,437243333991,1809694073,1,1,"(0.38667210936546326, 0.3326996862888336)","(0.41098445653915405, 0.2151295244693756)",1,1,3.02752685546875,3.016510009765625,"(-55.02775192260742, -66.69782257080078, 731.438720703125)","(10.665477752685547, -66.95291900634766, 729.3458251953125)","(-39.00153350830078, 139.74586486816406, 40.2215690612793)","(-30.576414108276367, 161.2813262939453, 48.059837341308594)",POINT (0.3988282829523086 0.2739146053791046),,,,,,,,,,,,,,,,,,,,,,,,,,,,,,,,,,,,,,1,,,,,,1,1,
0,54,27,437243350658,1809710740,1,1,"(0.3910104036331177, 0.3561183512210846)","(0.41158875823020935, 0.3048924207687378)",1,1,3.0061492919921875,3.042236328125,"(-55.12158966064453, -66.83865356445312, 731.2617797851562)","(10.51373291015625, -67.057373046875, 729.3372802734375)","(-37.49816131591797, 135.45623779296875, 38.66025161743164)","(-30.367000579833984, 144.83935546875, 42.075435638427734)",POINT (0.4012995809316635 0.3305053859949112),,,,,,,,,,,,,,,,,,,,,,,,,,,,,,,,,,,,,,,,,,,,,1,
0,54,27,437243367326,1809727407,1,1,"(0.372504860162735, 0.3458184599876404)","(0.4002561867237091, 0.3118576407432556)",1,1,3.0193634033203125,3.0095367431640625,"(-55.262786865234375, -66.89602661132812, 731.4163818359375)","(10.386646270751953, -67.0399169921875, 729.25341796875)","(-43.9109992980957, 137.34288024902344, 39.3469352722168)","(-34.29416275024414, 143.5635223388672, 41.611045837402344)",POINT (0.386380523443222 0.328838050365448),,,,,,,,,,,,,,,,,,,,,,,,,,,,,,,,,,,,,,,,,,,,,1,
0,54,27,437243383992,1809744073,1,1,"(0.39246854186058044, 0.3574434816837311)","(0.4135688841342926, 0.30970868468284607)",1,1,2.964096069335937,3.0006256103515625,"(-55.41210174560547, -66.89289855957031, 731.197021484375)","(10.252513885498047, -66.96568298339844, 728.9491577148438)","(-36.99285888671875, 135.2135009765625, 38.571937561035156)","(-29.680816650390625, 143.9571533203125, 41.75434494018555)",POINT (0.4030187129974365 0.3335760831832886),,,,,,,,,,,,,,,,,,,,,,,,,,,,,,,,,,,,,,,,,,,,,1,
0,54,27,437243400665,1809760745,1,1,"(0.38877469301223755, 0.32098424434661865)","(0.40743201971054077, 0.3112781047821045)",1,1,3.0269775390625,3.0102081298828125,"(-55.55937194824219, -66.8389892578125, 731.1431884765625)","(10.106561660766602, -66.83430480957031, 729.3352661132812)","(-38.272911071777344, 141.89178466796875, 41.002628326416016)","(-31.807472229003906, 143.66969299316406, 41.64967727661133)",POINT (0.3981033563613892 0.3161311745643616),,,,,,,,,,,,,,,,,,,,,,,,,,,,,,,,,,,,,,,,,,,,,1,
0,54,27,437243417332,1809777412,1,1,"(0.3883638083934784, 0.3486035466194153)","(0.4103819727897644, 0.2895202040672302)",1,1,2.9896697998046875,3.030380249023437,"(-55.71588897705078, -66.81947326660156, 731.205810546875)","(9.952445983886719, -66.764892578125, 729.002685546875)","(-38.41529083251953, 136.8327178955078, 39.16128921508789)","(-30.785205841064453, 147.6551055908203, 43.100284576416016)",POINT (0.3993728905916214 0.3190618753433228),,,,,,,,,,,,,,,,,,,,,,,,,,,,,,,,,,,,,,,,,,,,,1,
0,54,27,437243433999,1809794078,1,1,"(0.38586488366127014, 0.3686205744743347)","(0.40189406275749207, 0.28338542580604553)",1,1,3.0069580078125,2.9835662841796875,"(-55.88563919067383, -66.79400634765625, 731.1324462890625)","(9.802397727966309, -66.64749145507812, 728.8748779296875)","(-39.28126907348633, 133.1661834716797, 37.82674026489258)","(-33.72657012939453, 148.77882385253906, 43.509281158447266)",POINT (0.3938794732093811 0.3260030001401901),,,,,,,,,,,,,,,,,,,,,,,,,,,,,,,,,,,,,,,,,,,,,1,
0,54,27,437243450666,1809810745,1,1,"(0.3896542489528656, 0.3601771593093872)","(0.415544718503952, 0.3318299353122711)",1,1,2.95220947265625,3.0039520263671875,"(-56.12364196777344, -66.74993133544922, 731.0304565429688)","(9.558320999145508, -66.55705261230469, 728.8831787109375)","(-37.96810531616211, 134.71278381347656, 38.38964080810547)","(-28.996124267578125, 139.90518188476562, 40.2795295715332)",POINT (0.4025994837284088 0.3460035473108292),,,,,,,,,,,,,,,,,,,,,,,,,,,,,,,,,,,,,,,,,,,,,,
0,54,27,437243467334,1809827412,1,1,"(0.35847845673561096, 0.38038164377212524)","(0.40844419598579407, 0.2888903319835663)",1,1,3.1205291748046875,2.9954376220703125,"(-56.38490676879883, -66.71255493164062, 731.0440063476562)","(9.3074951171875, -66.44880676269531, 728.5968017578125)","(-48.77166748046875, 131.0118865966797, 37.04269790649414)","(-31.456703186035156, 147.7704620361328, 43.14232635498047)",POINT (0.3834613263607025 0.3346359878778458),,,,,,,,,,,,,,,,,,,,,,,,,,,,,,,,,,,,,,,,,,,,,,
0,54,27,437243484001,1809844079,1,1,"(0.3880542516708374, 0.38143348693847656)","(0.4048904776573181, 0.32279887795448303)",1,1,2.99786376953125,3.0005645751953125,"(-56.64073944091797, -66.68096923828125, 730.9847412109375)","(9.049583435058594, -66.28684997558594, 728.5460815429688)","(-38.52257537841797, 130.81922912597656, 36.97251892089844)","(-32.68819808959961, 141.55938720703125, 40.88166809082031)",POINT (0.3964723646640778 0.3521161824464798),,,,,,,,,,,,,,,,,,,,,,,,,,,,,,,,,,,,,,,,,,,,,,
0,54,27,437243500668,1809860745,1,1,"(0.3915739953517914, 0.3964017331600189)","(0.4071005582809448, 0.28818875551223755)",1,1,2.9117431640625,3.0219879150390625,"(-56.862762451171875, -66.64997100830078, 730.8568115234375)","(8.834369659423828, -66.189208984375, 728.4196166992188)","(-37.3028450012207, 128.07748413085938, 35.97461700439453)","(-31.922334671020508, 147.8990020751953, 43.18901824951172)",POINT (0.3993372768163681 0.3422952443361282),,,,,,,,,,,,,,,,,,,,,,,,,,,,,,,,,,,,,,,,,,,,,,
0,54,27,437243517334,1809877411,1,1,"(0.3952725827693939, 0.3832319378852844)","(0.41393065452575684, 0.33238011598587036)",1,1,2.971466064453125,3.032455444335937,"(-57.02294158935547, -66.60054016113281, 730.457275390625)","(8.660882949829102, -66.03923034667969, 728.3663330078125)","(-36.02116012573242, 130.48980712890625, 36.85263442993164)","(-29.555444717407227, 139.8043975830078, 40.24286651611328)",POINT (0.4046016186475754 0.3578060269355774),,,,,,,,,,,,,,,,,,,,,,,,,,,,,,,,,,,,,,,,,,,,,,
0,54,27,437243534009,1809894084,1,1,"(0.3896302580833435, 0.3235822319984436)","(0.39954715967178345, 0.2862929403781891)",1,1,2.9763336181640625,3.0392608642578125,"(-57.16985321044922, -66.54341888427734, 730.3577880859375)","(8.517023086547852, -65.95663452148438, 728.077392578125)","(-37.97643280029297, 141.41590881347656, 40.829410552978516)","(-34.53985595703125, 148.24624633789062, 43.3154296875)",POINT (0.3945887088775635 0.3049375861883164),,,,,,,,,,,,,,,,,,,,,,,,,,,,,,,,,,,,,,,,,,,,,1,
0,54,27,437243550675,1809910750,1,1,"(0.3806271255016327, 0.34534475207328796)","(0.410555899143219, 0.29647645354270935)",1,1,2.979400634765625,3.0477294921875,"(-57.28852081298828, -66.43517303466797, 730.348876953125)","(8.386208534240723, -65.76948547363281, 728.16845703125)","(-41.096336364746094, 137.4296417236328, 39.37852478027344)","(-30.724924087524414, 146.3809051513672, 42.63655471801758)",POINT (0.3955915123224258 0.3209106028079987),,,,,,,,,,,,,,,,,,,,,,,,,,,,,,,,,,,,,,,,,,,,,1,
0,54,27,437243567343,1809927417,1,1,"(0.3744628131389618, 0.34436750411987305)","(0.40878772735595703, 0.25956621766090393)",1,1,3.09063720703125,3.0128936767578125,"(-57.346458435058594, -66.34541320800781, 730.2057495117188)","(8.327510833740234, -65.62383270263672, 727.9357299804688)","(-43.23249816894531, 137.60865783691406, 39.44367599487305)","(-31.33765983581543, 153.14183044433594, 45.09727096557617)",POINT (0.3916252702474594 0.3019668608903885),,,,,,,,,,,,,,,,,,,,,,,,,,,,,,,,,,,,,,,,,,,,,1,
0,54,27,437243584010,1809944084,1,1,"(0.3930971622467041, 0.3307228684425354)","(0.3996509909629822, 0.2845626473426819)",1,1,2.97308349609375,3.0404510498046875,"(-57.393917083740234, -66.17972564697266, 729.9873046875)","(8.292856216430664, -65.4728775024414, 727.7619018554688)","(-36.77501678466797, 140.1079559326172, 40.35337829589844)","(-34.503883361816406, 148.5631866455078, 43.43080520629883)",POINT (0.3963740766048431 0.3076427578926086),,,,,,,,,,,,,,,,,,,,,,,,,,,,,,,,,,,,,,,,,,,,,1,
0,54,27,437243600676,1809960750,1,1,"(0.38704293966293335, 0.31322821974754333)","(0.40063586831092834, 0.29225990176200867)",1,1,3.0189971923828125,3.028564453125,"(-57.40596389770508, -66.0228271484375, 729.9576416015625)","(8.288480758666992, -65.26319885253906, 727.7763061523438)","(-38.873023986816406, 143.31246948242188, 41.51973342895508)","(-34.16257858276367, 147.15325927734375, 42.917659759521484)",POINT (0.3938394039869308 0.302744060754776),,,,,,,,,,,,,,,,,,,,,,,,,,,,,,,,,,,,,,,,,,,,,1,
0,54,27,437243617343,1809977416,1,1,"(0.39340150356292725, 0.3396260142326355)","(0.39584052562713623, 0.3119025230407715)",1,1,3.0190887451171875,3.0253448486328125,"(-57.373939514160156, -65.81538391113281, 729.783203125)","(8.311174392700195, -65.07051849365234, 727.6439208984375)","(-36.66954803466797, 138.47715759277344, 39.759765625)","(-35.82434844970703, 143.55531311035156, 41.6080436706543)",POINT (0.3946210145950317 0.3257642686367035),,,,,,,,,,,,,,,,,,,,,,,,,,,,,,,,,,,,,,,,,,,,,1,
0,54,27,437243634010,1809994083,1,1,"(0.39560019969940186, 0.3302226662635803)","(0.4077523350715637, 0.2835143804550171)",1,1,3.0234375,3.056610107421875,"(-57.31329345703125, -65.61602783203125, 729.8502807617188)","(8.377805709838867, -64.91508483886719, 727.5546875)","(-35.907623291015625, 140.1995849609375, 40.386680603027344)","(-31.696460723876953, 148.7552032470703, 43.50065612792969)",POINT (0.4016762673854828 0.3068685233592987),,,,,,,,,,,,,,,,,,,,,,,,,,,,,,,,,,,,,,,,,,,,,1,
0,54,27,437243650678,1810010750,1,1,"(0.3866332769393921, 0.32726550102233887)","(0.3918982446193695, 0.2692606747150421)",1,1,3.01641845703125,3.0415496826171875,"(-57.21487808227539, -65.40116119384766, 729.7632446289062)","(8.496498107910156, -64.7408447265625, 727.580810546875)","(-39.01498794555664, 140.7412567138672, 40.583839416503906)","(-37.19048309326172, 151.36605834960938, 44.45096969604492)",POINT (0.3892657607793808 0.2982630878686905),,,,,,,,,,,,,,,,,,,,,,,,,,,,,,,,,,,,,,,,,,,,,1,
0,54,27,437243667350,1810027422,1,1,"(0.3814847767353058, 0.23996959626674652)","(0.40036630630493164, 0.27389875054359436)",1,1,2.9781951904296875,3.057723999023437,"(-57.08521270751953, -65.2237548828125, 729.6533203125)","(8.61367130279541, -64.5624008178711, 727.3876953125)","(-40.79912567138672, 156.73135375976562, 46.403770446777344)","(-34.255985260009766, 150.51651000976562, 44.14173126220703)",POINT (0.3909255415201187 0.2569341734051704),,,,,,,,,,,,,,,,,,,,,,,,,,,,,,,,,,,,,,1,,,,,,1,1,
0,54,27,437243684017,1810044088,1,1,"(0.358145534992218, 0.31953296065330505)","(0.38971829414367676, 0.25495269894599915)",1,1,3.0343780517578125,3.020294189453125,"(-57.00764465332031, -65.08575439453125, 729.710693359375)","(8.701813697814941, -64.48765563964844, 727.4293212890625)","(-48.88703536987305, 142.15760803222656, 41.09938049316406)","(-37.9459228515625, 153.9868621826172, 45.40488052368164)",POINT (0.3739319145679474 0.2872428297996521),,,,,,,,,,,,,,,,,,,,,,,,,,,,,,,,,,,,,,,,,,,,1,1,
0,54,27,437243700685,1810060755,1,1,"(0.2866646349430084, 0.3181372880935669)","(0.32663780450820923, 0.22811292111873627)",1,1,3.0538330078125,3.0561981201171875,"(-56.97564697265625, -64.88888549804688, 729.6690063476562)","(8.676156044006348, -64.29774475097656, 727.3126220703125)","(-73.65778350830078, 142.41326904296875, 41.19242477416992)","(-59.80562210083008, 158.9031524658203, 47.19423294067383)",POINT (0.3066512197256088 0.2731251046061516),,,,,,,,,,,,,,,,,,,,,,,,,,,,,,,,,,,,1,,,,,,,,1,1,
0,54,27,437243717351,1810077421,1,1,"(0.29883062839508057, 0.30958524346351624)","(0.3320414423942566, 0.22624267637729645)",1,1,2.9712066650390625,3.08245849609375,"(-56.8824462890625, -64.7599868774414, 729.4497680664062)","(8.768692970275879, -64.2472152709961, 727.41259765625)","(-69.44182586669922, 143.97975158691406, 41.762603759765625)","(-57.93306350708008, 159.24574279785156, 47.318931579589844)",POINT (0.3154360353946686 0.2679139599204063),,,,,,,,,,,,,,,,,,,,,,,,,,,,,,,,,,,,1,,,,,,,,1,1,
0,54,27,437243734019,1810094088,1,1,"(0.3145121932029724, 0.31612685322761536)","(0.33635661005973816, 0.11752670258283615)",1,1,3.0003662109375,3.012451171875,"(-56.828941345214844, -64.65278625488281, 729.3961181640625)","(8.846000671386719, -64.15130615234375, 727.176513671875)","(-64.00757598876953, 142.78152465820312, 41.326446533203125)","(-56.43769454956055, 179.15936279296875, 54.56692123413086)",POINT (0.3254344016313553 0.2168267779052258),,,,,,,,,,,,,,,,,,,,,,,,,,,,,,,,,,,,,,,,,,,,,1,
0,54,27,437243750686,1810110755,1,1,"(0.33141764998435974, 0.37409117817878723)","(0.3312681317329407, 0.24155761301517487)",1,1,2.9796295166015625,3.0830230712890625,"(-56.81798553466797, -64.61099243164062, 729.3985595703125)","(8.878918647766113, -64.01111602783203, 726.88427734375)","(-58.14921951293945, 132.1641082763672, 37.46207046508789)","(-58.20103073120117, 156.4404754638672, 46.29789733886719)",POINT (0.3313428908586502 0.307824395596981),,,,,,,,,,,,,,,,,,,,,,,,,,,,,,,,,,,,,,,,,,,,,,
0,54,27,437243767354,1810127422,1,1,"(0.317654013633728, 0.38061538338661194)","(0.3258245885372162, 0.20459367334842682)",1,1,3.0086822509765625,3.046417236328125,"(-56.83730697631836, -64.59364318847656, 729.3365478515625)","(8.860578536987305, -63.96573257446289, 726.6812133789062)","(-62.91883850097656, 130.9690704345703, 37.027095794677734)","(-60.08742141723633, 163.21121215820312, 48.762237548828125)",POINT (0.3217393010854721 0.2926045283675194),,,,,,,,,,,,,,,,,,,,,,,,,,,,,,,,,,,,,,,,,,,,1,1,
0,54,27,437243784024,1810144092,1,1,"(0.3131231367588043, 0.36052584648132324)","(0.32796934247016907, 0.18994849920272827)",1,1,3.03961181640625,3.065765380859375,"(-56.87879180908203, -64.58607482910156, 729.1805419921875)","(8.799540519714355, -63.96074295043945, 726.8726806640625)","(-64.48893737792969, 134.64891052246094, 38.36641311645508)","(-59.34419250488281, 165.89378356933594, 49.738624572753906)",POINT (0.3205462396144867 0.2752371728420258),,,,,,,,,,,,,,,,,,,,,,,,,,,,,,,,,,,,1,,,,,,,,1,1,
0,54,27,437243800692,1810160759,1,1,"(0.31421080231666565, 0.2811562716960907)","(0.3193150460720062, 0.15542517602443695)",1,1,3.0685272216796875,3.0620880126953125,"(-56.97691345214844, -64.61318969726562, 729.2965698242188)","(8.738471984863281, -63.966304779052734, 726.990234375)","(-64.11201477050781, 149.1871337890625, 43.65789031982422)","(-62.34321975708008, 172.2174530029297, 52.040287017822266)",POINT (0.3167629241943359 0.2182907238602638),,,,,,,,,,,,,,,,,,,,,,,,,,,,,,,,,,,,,,,,,,,,,1,
0,54,27,437243817360,1810177426,1,1,"(0.31477952003479004, 0.31184983253479004)","(0.32686498761177063, 0.14755266904830933)",1,1,2.99365234375,3.0509796142578125,"(-57.08277130126953, -64.60581970214844, 729.17431640625)","(8.612747192382812, -63.91474151611328, 726.64404296875)","(-63.91493606567383, 143.56495666503906, 41.611610412597656)","(-59.726890563964844, 173.65948486328125, 52.565101623535156)",POINT (0.3208222538232803 0.2297012507915497),,,,,,,,,,,,,,,,,,,,,,,1,,,,,,,,,,,,,,,,,,,,,,1,
0,54,27,437243834026,1810194092,1,1,"(0.3239302635192871, 0.38073456287384033)","(0.33141636848449707, 0.21522067487239838)",1,1,3.0478973388671875,3.0493927001953125,"(-57.215919494628906, -64.59664916992188, 729.2095947265625)","(8.479934692382812, -63.80314254760742, 726.734619140625)","(-60.743873596191406, 130.94725036621094, 37.01911544799805)","(-58.149662017822266, 161.26463317871094, 48.05378723144531)",POINT (0.3276733160018921 0.2979776188731194),,,,,,,,,,,,,,,,,,,,,,,,,,,,,,,,,,,,,,,,,,,,,1,
0,54,27,437243850693,1810210758,1,1,"(0.30804213881492615, 0.38298577070236206)","(0.33143696188926697, 0.19601328670978546)",1,1,3.0347137451171875,3.0519256591796875,"(-57.35489273071289, -64.55030822753906, 729.113037109375)","(8.328910827636719, -63.69933319091797, 726.5503540039062)","(-66.24969482421875, 130.53489685058594, 36.869022369384766)","(-58.14253234863281, 164.7828826904297, 49.33428955078125)",POINT (0.3197395503520966 0.2894995287060738),,,,,,,,,,,,,,,,,,,,,,,,,,,,,,,,,,,,,,,,,,,,1,1,
0,54,27,437243867361,1810227426,1,1,"(0.32808274030685425, 0.35218119621276855)","(0.3489985167980194, 0.2399040162563324)",1,1,3.0888214111328125,3.05487060546875,"(-57.449806213378906, -64.47831726074219, 729.12744140625)","(8.225473403930664, -63.56129837036133, 726.6388549804688)","(-59.304901123046875, 136.1774139404297, 38.92274856567383)","(-52.056800842285156, 156.74334716796875, 46.408164978027344)",POINT (0.3385406285524368 0.2960426062345505),,,,,,,,,,,,,,,,,,,,,,,,,,,,,,,,,,,,,,,,,,,,1,1,
0,54,27,437243884027,1810244091,1,1,"(0.33000901341438293, 0.3390355408191681)","(0.3521787226200104, 0.1519051492214203)",1,1,3.039154052734375,3.0791473388671875,"(-57.60356521606445, -64.41398620605469, 729.3643188476562)","(8.087641716003418, -63.45256042480469, 726.716064453125)","(-58.637359619140625, 138.58531188964844, 39.7991828918457)","(-50.95475769042969, 172.8622283935547, 52.27492904663086)",POINT (0.3410938680171967 0.2454703450202942),,,,,,,,,,,,,,,,,,,,,,,,,,,,,,,,,,,,,,,,,,,,,1,
0,54,27,437243900693,1810260757,1,1,"(0.3031785190105438, 0.3843678832054138)","(0.3454134166240692, 0.1884584277868271)",1,1,2.8985748291015625,3.033187866210937,"(-57.723060607910156, -64.33737182617188, 729.3734130859375)","(7.960424423217773, -63.24272918701172, 726.7049560546875)","(-67.93511962890625, 130.28173828125, 36.776851654052734)","(-53.299171447753906, 166.16671752929688, 49.83792495727539)",POINT (0.3242959678173065 0.2864131554961204),,,,,,,,,,,,,,,,,,,,,,,,,,,,,,,,,,,,,,,,,,,,1,1,
0,54,27,437243917365,1810277428,1,1,"(0.31505656242370605, 0.23411528766155243)","(0.3513262867927551, 0.2101988047361374)",1,1,3.128158569335937,3.0796356201171875,"(-57.84604263305664, -64.21084594726562, 729.4844360351562)","(7.843767166137695, -63.05117416381836, 726.7509765625)","(-63.818931579589844, 157.8037109375, 46.79405212402344)","(-51.25014114379883, 162.1844940185547, 48.38856506347656)",POINT (0.3331914246082306 0.2221570461988449),,,,,,,,,,,,,,,,,,,,,,,,,,,,,,,,,,,,,,,,,,,,,1,
0,54,27,437243934041,1810294104,1,1,"(0.3126523196697235, 0.22938761115074158)","(0.3530380129814148, 0.17707693576812744)",1,1,3.098739624023437,3.0736541748046875,"(-57.942256927490234, -64.07395935058594, 729.5885620117188)","(7.748862266540527, -62.88480758666992, 726.73828125)","(-64.652099609375, 158.66966247558594, 47.1092414855957)","(-50.65696334838867, 168.25148010253906, 50.59675979614258)",POINT (0.3328451663255692 0.2032322734594345),,,,,,,,,,,,,,,,,,,,,,,,,,,,,,,,,,,,,,,,,,,,,,
0,54,27,437243950701,1810310763,1,1,"(0.34103187918663025, 0.22372958064079285)","(0.35349041223526, 0.1990610957145691)",1,1,3.040878295898437,3.07257080078125,"(-58.01533508300781, -63.920188903808594, 729.5272216796875)","(7.677080154418945, -62.75, 726.7108764648438)","(-54.81753921508789, 159.7060546875, 47.486480712890625)","(-50.50020217895508, 164.224609375, 49.13108825683594)",POINT (0.3472611457109451 0.211395338177681),,,,,,,,,,,,,,,,,,,,,,,,,,,,,,,,,,,,,,,,,,,,,,
0,54,27,437243967368,1810327429,1,1,"(0.3295719027519226, 0.23974524438381195)","(0.34691181778907776, 0.07708454132080078)",1,1,3.03857421875,2.970977783203125,"(-58.04526138305664, -63.76250457763672, 729.5399169921875)","(7.655402183532715, -62.65713119506836, 726.9002685546875)","(-58.788841247558594, 156.7724609375, 46.41872024536133)","(-52.77993392944336, 186.56723022460938, 57.26311492919922)",POINT (0.3382418602705002 0.1584148928523064),,,,,,,,,,,,,,,,,,,,,,,,,,,,,,,,,,,,,,,,,,,,1,,
0,54,27,437243984034,1810344095,1,1,"(0.34585270285606384, 0.40711379051208496)","(0.3521522283554077, 0.21600326895713806)",1,1,3.04925537109375,3.0732879638671875,"(-58.046661376953125, -63.65916061401367, 729.55126953125)","(7.665759563446045, -62.56575012207031, 726.739990234375)","(-53.14695358276367, 126.1153335571289, 35.260459899902344)","(-50.96393585205078, 161.1212921142578, 48.001590728759766)",POINT (0.3490024656057358 0.3115585297346115),,,,,,,,,,,,,,,,,,,,,,,,,,,,,,,,,,,,,,,,,,,,,1,
0,54,27,437244000702,1810360762,1,1,"(0.3362928330898285, 0.2673998475074768)","(0.35502833127975464, 0.22796563804149628)",1,1,3.0726470947265625,3.062896728515625,"(-58.000946044921875, -63.53584289550781, 729.4578857421875)","(7.713311672210693, -62.54429244995117, 726.884765625)","(-56.45979690551758, 151.70692443847656, 44.575042724609375)","(-49.96726989746094, 158.93014526367188, 47.204017639160156)",POINT (0.3456605821847916 0.2476827427744865),,,,,,,,,,,,,,,,,,,,,,,,,,,,,,,,,,,,,,,,,,,,,1,
0,54,27,437244017369,1810377429,1,1,"(0.3311755359172821, 0.3624635636806488)","(0.35555151104927063, 0.1754806488752365)",1,1,3.097930908203125,3.072052001953125,"(-57.93689727783203, -63.46080780029297, 729.3780517578125)","(7.771872520446777, -62.56348419189453, 727.1019897460938)","(-58.23313903808594, 134.29397583007812, 38.23723220825195)","(-49.78594970703125, 168.5438690185547, 50.70316696166992)",POINT (0.3433635234832764 0.2689721062779427),,,,,,,,,,,,,,,,,,,,,,,,,,,,,,,,,,,,,,,,,,,,1,1,
0,54,27,437244034036,1810394095,1,1,"(0.32048624753952026, 0.3304446339607239)","(0.3432013690471649, 0.18824540078639984)",1,1,3.0670623779296875,3.06817626953125,"(-57.895538330078125, -63.40986633300781, 729.3984985351562)","(7.824808597564697, -62.548316955566406, 726.8822631835938)","(-61.937355041503906, 140.15892028808594, 40.37189865112305)","(-54.06574630737305, 166.2057342529297, 49.85218811035156)",POINT (0.3318438082933426 0.2593450173735619),,,,,,,,,,,,,,,,,,,,,,,,,,,,,,,,,,,,,,,,,,,,1,1,
0,54,27,437244050708,1810410767,1,1,"(0.3301766812801361, 0.3018670678138733)","(0.35439276695251465, 0.2128172665834427)",1,1,2.9631805419921875,3.050262451171875,"(-57.85614013671875, -63.377960205078125, 729.2570190429688)","(7.8621931076049805, -62.55268859863281, 726.7063598632812)","(-58.57926559448242, 145.3935089111328, 42.277122497558594)","(-50.18750762939453, 161.7048797607422, 48.21398162841797)",POINT (0.3422847241163254 0.257342167198658),,,,,,,,,,,,,,,,,,,,,,,,,,,,,,,,,,,,,,,,,,,,1,1,
0,54,27,437244067375,1810427433,1,1,"(0.348736971616745, 0.3407690227031708)","(0.3854023814201355, 0.24901416897773743)",1,1,3.1776275634765625,3.05902099609375,"(-57.736637115478516, -63.3834114074707, 728.9951171875)","(7.962912559509277, -62.63200378417969, 726.6448974609375)","(-52.147438049316406, 138.26780700683594, 39.68357467651367)","(-39.44153594970703, 155.07461547851562, 45.80080795288086)",POINT (0.3670696765184402 0.2948915958404541),,,,,,,,,,,,,,,,,,,,,,,,,,,,,,,,,,,,,,,,,,,,1,1,
0,54,27,437244084043,1810444100,1,1,"(0.37787574529647827, 0.3713623881340027)","(0.39802274107933044, 0.21857598423957825)",1,1,3.0550994873046875,3.0834197998046875,"(-57.68208312988281, -63.42022705078125, 729.0504150390625)","(8.02046012878418, -62.73914337158203, 726.8623046875)","(-42.0497932434082, 132.66395568847656, 37.643951416015625)","(-35.0681266784668, 160.65003967285156, 47.830078125)",POINT (0.3879492431879044 0.2949691861867905),,,,,,,,,,,,,,,,,,,,,,,,,,,,,,,,,,,,,,,,,,,,1,1,
0,54,27,437244100708,1810460765,1,1,"(0.3843853175640106, 0.3719228208065033)","(0.38668861985206604, 0.18473556637763977)",1,1,2.9863433837890625,3.092864990234375,"(-57.68682861328125, -63.43663787841797, 728.842529296875)","(8.012055397033691, -62.752384185791016, 726.8341064453125)","(-39.79399871826172, 132.56129455566406, 37.60660934448242)","(-38.99580764770508, 166.84864807128906, 50.08614730834961)",POINT (0.3855369687080383 0.2783291935920715),,,,,,,,,,,,,,,,,,,,,,,,,,,,,,,,,,,,,,,,,,,,1,1,
0,54,27,437244117376,1810477432,1,1,"(0.37657681107521057, 0.3635023832321167)","(0.39954179525375366, 0.23723888397216797)",1,1,3.0011749267578125,3.0700836181640625,"(-57.70841979980469, -63.49347686767578, 728.6181640625)","(7.9837493896484375, -62.76750946044922, 726.674560546875)","(-42.499935150146484, 134.10369873046875, 38.16798400878906)","(-34.541717529296875, 157.23153686523438, 46.58584976196289)",POINT (0.3880593031644821 0.3003706336021423),,,,,,,,,,,,,,,,,,,,,,,,,,,,,,,,,,,,,,,,,,,,,1,
0,54,27,437244134044,1810494100,1,1,"(0.37453344464302063, 0.3385829031467438)","(0.3958302438259125, 0.19977056980133057)",1,1,3.014739990234375,3.0435943603515625,"(-57.74250793457031, -63.513153076171875, 728.5379028320312)","(7.952442646026611, -62.76959991455078, 726.5733642578125)","(-43.208030700683594, 138.66822814941406, 39.82933044433594)","(-35.82790756225586, 164.0946502685547, 49.08377456665039)",POINT (0.3851818442344666 0.2691767364740372),,,,,,,,,,,,,,,,,,,,,,,,,,,,,,,,,,,,,,,,,,,,1,1,
0,54,27,437244150711,1810510766,1,1,"(0.3661800026893616, 0.33148428797721863)","(0.38524946570396423, 0.20162644982337952)",1,1,3.1201629638671875,3.0286407470703125,"(-57.80888748168945, -63.49793243408203, 728.7799072265625)","(7.90993595123291, -62.753623962402344, 726.5159301757812)","(-46.1027946472168, 139.96847534179688, 40.302574157714844)","(-39.494529724121094, 163.7547149658203, 48.96004867553711)",POINT (0.3757147341966629 0.2665553689002991),,,,,,,,,,,,,,,,,,,,,,,,,,,,,,,,,,,,,,,,,,,,1,1,
0,54,27,437244167378,1810527433,1,1,"(0.37224212288856506, 0.3597998321056366)","(0.38923534750938416, 0.17436882853507996)",1,1,3.0160064697265625,3.0537872314453125,"(-57.839027404785156, -63.402381896972656, 728.69580078125)","(7.864955902099609, -62.72016143798828, 726.6337890625)","(-44.002052307128906, 134.78187561035156, 38.414886474609375)","(-38.11326599121094, 168.7475128173828, 50.77730178833008)",POINT (0.3807387351989746 0.2670843303203583),,,,,,,,,,,,,,,,,,,,,,,,,,,,,,,,,,,,,,,,,,,,1,1,
0,54,27,437244184051,1810544105,1,1,"(0.3750903606414795, 0.3889118432998657)","(0.3867339789867401, 0.22199907898902893)",1,1,2.98626708984375,3.069976806640625,"(-57.887115478515625, -63.337806701660156, 728.77685546875)","(7.82998514175415, -62.564579010009766, 726.7507934570312)","(-43.01503372192383, 129.4494171142578, 36.47391891479492)","(-38.98009490966797, 160.02301025390625, 47.60187530517578)",POINT (0.3809121698141098 0.3054554611444473),,,,,,,,,,,,,,,,,,,,,,,,,,,,,,,,,,,,,,,,,,,,,1,
0,54,27,437244200718,1810560772,1,1,"(0.37732842564582825, 0.37906935811042786)","(0.38799309730529785, 0.19707424938678741)",1,1,3.0177459716796875,3.0700836181640625,"(-57.93702697753906, -63.21314239501953, 728.8426513671875)","(7.77827262878418, -62.50983428955078, 726.99951171875)","(-42.239463806152344, 131.25225830078125, 37.13017272949219)","(-38.54376983642578, 164.5885467529297, 49.2635612487793)",POINT (0.382660761475563 0.2880718037486076),,,,,,,,,,,,,,,,,,,,,,,,,,,,,,,,,,,,,,,,,,,,1,1,
0,54,27,437244217386,1810577439,1,1,"(0.3772311806678772, 0.4104873239994049)","(0.38584306836128235, 0.20690256357192993)",1,1,2.97601318359375,3.0350494384765625,"(-57.98284912109375, -63.142738342285156, 728.9650268554688)","(7.7379021644592285, -62.35725402832031, 726.9568481445312)","(-42.27315902709961, 125.49739837646484, 35.03553009033203)","(-39.288818359375, 162.7882843017578, 48.60829162597656)",POINT (0.3815371245145798 0.3086949437856674),,,,,,,,,,,,,,,,,,,,,,,,,,,,,,,,,,,,,,,,,,,,,1,
0,54,27,437244234054,1810594106,1,1,"(0.3699101507663727, 0.3260062634944916)","(0.3958749771118164, 0.22494712471961975)",1,1,2.964324951171875,3.0577392578125,"(-58.01365661621094, -63.074954986572266, 729.1561889648438)","(7.716032981872559, -62.314762115478516, 727.1470336914062)","(-44.81016540527344, 140.97190856933594, 40.667789459228516)","(-35.812408447265625, 159.48304748535156, 47.40528869628906)",POINT (0.3828925639390945 0.2754766941070557),,,,,,,,,,,,,,,,,,,,,,,,,,,,,,,,,,,,,,1,,,,,,1,1,
0,54,27,437244250721,1810610773,1,1,"(0.44224709272384644, 0.3827629089355469)","(0.39691728353500366, 0.2470027655363083)",1,1,2.7346649169921875,3.059432983398437,"(-58.01892852783203, -63.06125259399414, 729.2449951171875)","(7.6980180740356445, -62.334293365478516, 727.3074951171875)","(-19.74276351928711, 130.57571411132812, 36.8839225769043)","(-35.451210021972656, 155.4430694580078, 45.93489456176758)",POINT (0.419582188129425 0.3148828372359276),,,,,,,,,,,,,,,,,,,,,,,,,,,,,,,,,,,,,,,,,,,,,1,
0,54,27,437244284055,1810644106,1,1,"(0.3613511621952057, 0.3803554177284241)","(0.39171212911605835, 0.24499410390853882)",1,1,3.015380859375,3.05072021484375,"(-57.965187072753906, -63.242183685302734, 729.5802001953125)","(7.738779067993164, -62.58684539794922, 727.6134033203125)","(-47.77616882324219, 131.01669311523438, 37.04442596435547)","(-37.254974365234375, 155.81100463867188, 46.06875991821289)",POINT (0.376531645655632 0.3126747608184814),,,,,,,,,,,,,,,,,,,,,,,,,,,,,,,,,,,,,,,,,,,,,1,
0,54,27,437244300722,1810660772,1,1,"(0.38091638684272766, 0.4217691719532013)","(0.3695879578590393, 0.2053912729024887)",1,1,2.9063720703125,3.046234130859375,"(-57.93193054199219, -63.46593475341797, 729.8509521484375)","(7.757100582122803, -62.83266067504883, 727.8612060546875)","(-40.99610137939453, 123.43089294433594, 34.283416748046875)","(-44.92182159423828, 163.06509399414062, 48.70906448364258)",POINT (0.3752521723508835 0.313580222427845),,,,,,,,,,,,,,,,,,,,,,,,,,,,,,,,,,,,,,,,,,,,,1,
0,54,27,437244317393,1810677443,1,1,"(0.34981274604797363, 0.4243130087852478)","(0.36800432205200195, 0.22448651492595673)",1,1,2.89251708984375,3.013412475585937,"(-58.000118255615234, -63.7833251953125, 730.1422119140625)","(7.728541374206543, -63.08218765258789, 727.97900390625)","(-51.774635314941406, 122.96493530273438, 34.11376953125)","(-45.47060012817383, 159.56739807128906, 47.436012268066406)",POINT (0.3589085340499878 0.3243997618556023),,,,,,,,,,,,,,,,,,,,,,,,,,,,,,,,,,,,,,,,,,,,,,
0,54,27,437244334061,1810694110,1,1,"(0.36968567967414856, 0.49668386578559875)","(0.3759152293205261, 0.28730693459510803)",1,1,2.8382720947265625,2.9990997314453125,"(-58.02593231201172, -64.17793273925781, 730.2882080078125)","(7.705747604370117, -63.358951568603516, 728.1259765625)","(-44.8879508972168, 109.70864868164062, 29.288942337036133)","(-42.72918701171875, 148.0605010986328, 43.24784469604492)",POINT (0.3728004544973373 0.3919954001903534),,,,,,,,,,,,,,,,,,,,,,,,,,,,,,,,,,,,,,,,,,,,,,
0,54,27,437245234131,1811594151,1,1,"(0.44000157713890076, 0.419723242521286)","(0.4572228491306305, 0.43521010875701904)",1,1,3.3607940673828125,3.280136108398437,"(-56.440834045410156, -74.30317687988281, 727.07861328125)","(9.06027603149414, -73.0819320678711, 725.225830078125)","(-20.520910263061523, 123.80564880371094, 34.419776916503906)","(-14.55312728881836, 120.96888732910156, 33.38731384277344)",POINT (0.4486122131347656 0.4274666756391525),,,,,,,,,,,,,,,,,,,,,,,,,,,,,,,,,,,,,,,,,,,,,,
0,54,27,437245250799,1811610818,1,1,"(0.44430914521217346, 0.387312650680542)","(0.45450645685195923, 0.2759454846382141)",1,1,3.421630859375,3.457672119140625,"(-56.48257064819336, -74.26727294921875, 726.894287109375)","(9.036922454833984, -73.04609680175781, 725.0963134765625)","(-19.0281982421875, 129.74234008789062, 36.5805549621582)","(-15.494453430175781, 150.14161682128906, 44.00529098510742)",POINT (0.4494078010320664 0.331629067659378),,,,,,,,,,,,,,,,,,,,,,,,,,,,,,,,,,,,,,,,,,,,,1,
0,54,27,437245267457,1811627476,1,1,"(0.4478764235973358, 0.32992708683013916)","(0.45578160881996155, 0.3407731056213379)",1,1,3.50653076171875,3.4126739501953125,"(-56.49702835083008, -74.19161987304688, 726.8175048828125)","(9.03364372253418, -72.99729919433594, 724.9949951171875)","(-17.791994094848633, 140.25372314453125, 40.40642166137695)","(-15.052563667297363, 138.26702880859375, 39.68333053588867)",POINT (0.4518290162086487 0.3353500962257385),,,,,,,,,,,,,,,,,,,,,,,,,,,,,,,,,,,,,,,,,,,,,1,
0,54,27,437245284125,1811644142,1,1,"(0.4478960633277893, 0.29790472984313965)","(0.4572477638721466, 0.3600929379463196)",1,1,3.538482666015625,3.367095947265625,"(-56.47700119018555, -74.11880493164062, 726.7027587890625)","(9.049126625061035, -72.98194885253906, 725.0670776367188)","(-17.78519058227539, 146.1193084716797, 42.54128646850586)","(-14.544485092163086, 134.72817993164062, 38.39533233642578)",POINT (0.452571913599968 0.3289988338947296),,,,,,,,,,,,,,,,,,,,,,,,,,,,,,,,,,,,,,,,,,,,,1,
0,54,27,437245300793,1811660810,1,1,"(0.4509342312812805, 0.3412719964981079)","(0.4514423906803131, 0.35589390993118286)",1,1,3.503036499023437,3.3941802978515625,"(-56.45389175415039, -74.07630157470703, 726.6767578125)","(9.078601837158203, -72.96418762207031, 725.022705078125)","(-16.732349395751953, 138.1756591796875, 39.65007019042969)","(-16.55626106262207, 135.49734497070312, 38.675228118896484)",POINT (0.4511883109807968 0.3485829532146454),,,,,,,,,,,,,,,,,,,,,,,,,,,,,,,,,,,,,,,,,,,,,1,
0,54,27,437245317461,1811677477,1,1,"(0.4478716552257538, 0.34415534138679504)","(0.45336413383483887, 0.34556448459625244)",1,1,3.493927001953125,3.366668701171875,"(-56.420005798339844, -74.05742645263672, 726.8009033203125)","(9.112390518188477, -72.96124267578125, 724.934814453125)","(-17.79364776611328, 137.6475067138672, 39.45781326293945)","(-15.89030933380127, 137.389404296875, 39.3638916015625)",POINT (0.4506178945302963 0.3448599129915237),,,,,,,,,,,,,,,,,,,,,,,,,,,,,,,,,,,,,,,,,,,,,1,
0,54,27,437245334127,1811694143,1,1,"(0.4174700975418091, 0.31188300251960754)","(0.4282703101634979, 0.2968924343585968)",1,1,3.4921875,3.3995819091796875,"(-56.41310119628906, -73.96964263916016, 726.8916015625)","(9.077601432800293, -72.9588623046875, 725.1676025390625)","(-28.32891273498535, 143.5588836669922, 41.6093864440918)","(-24.586238861083984, 146.3047332763672, 42.6087646484375)",POINT (0.4228702038526535 0.3043877184391022),,,,,,,,,,,,,,,,,,,,,,,,,,,,,,,,,,,,,,,,,,,,,1,
0,54,27,437245350795,1811710810,1,1,"(0.41995885968208313, 0.3094513416290283)","(0.4315876364707947, 0.29271945357322693)",1,1,3.499786376953125,3.389923095703125,"(-56.36053466796875, -73.92658996582031, 726.85546875)","(9.109039306640625, -72.97483825683594, 725.1521606445312)","(-27.466453552246094, 144.00428771972656, 41.77152633666992)","(-23.436670303344727, 147.069091796875, 42.88699722290039)",POINT (0.4257732480764389 0.3010853976011276),,,,,,,,,,,,,,,,,,,,,,,,,,,,,,,,,,,,,,,,,,,,,1,
0,54,27,437245367466,1811727481,1,1,"(0.421418160200119, 0.3064795732498169)","(0.43023917078971863, 0.31340494751930237)",1,1,3.470947265625,3.3944244384765625,"(-56.31024169921875, -73.92756652832031, 726.86474609375)","(9.182292938232422, -73.02651977539062, 725.1353759765625)","(-26.960752487182617, 144.5486297607422, 41.96965789794922)","(-23.903955459594727, 143.2800750732422, 41.50796127319336)",POINT (0.4258286654949188 0.3099422603845596),,,,,,,,,,,,,,,,,,,,,,,,,,,,,,,,,,,,,,,,,,,,,1,
0,54,27,437245384133,1811744147,1,1,"(0.4232444167137146, 0.31677475571632385)","(0.4402830898761749, 0.2963407337665558)",1,1,3.475692749023437,3.3729400634765625,"(-56.25244903564453, -73.92607116699219, 726.9775390625)","(9.245452880859375, -73.08953857421875, 725.3218383789062)","(-26.32788848876953, 142.66285705566406, 41.28324508666992)","(-20.423357009887695, 146.40577697753906, 42.64555358886719)",POINT (0.4317637532949448 0.3065577447414398),,,,,,,,,,,,,,,,,,,,,,,,,,,,,,,,,,,,,,,,,,,,,1,
0,54,27,437245400800,1811760814,1,1,"(0.4226236939430237, 0.3048135042190552)","(0.4341105818748474, 0.2972644865512848)",1,1,3.450424194335937,3.3527374267578125,"(-56.179176330566406, -73.94468688964844, 726.9902954101562)","(9.316474914550781, -73.1556396484375, 725.334716796875)","(-26.542997360229492, 144.85382080078125, 42.08068084716797)","(-22.56236457824707, 146.23658752441406, 42.58395767211914)",POINT (0.4283671379089356 0.30103899538517),,,,,,,,,,,,,,,,,,,,,,,,,,,,,,,,,,,,,,,,,,,,,1,
0,54,27,437245417468,1811777481,1,1,"(0.4159112870693207, 0.29646188020706177)","(0.4311193823814392, 0.3060626685619354)",1,1,3.42059326171875,3.32135009765625,"(-56.117706298828125, -73.96794128417969, 726.98583984375)","(9.375406265258789, -73.2061767578125, 725.3331298828125)","(-28.869089126586914, 146.38357543945312, 42.63750457763672)","(-23.59893035888672, 144.62501525878906, 41.99738311767578)",POINT (0.4235153347253799 0.3012622743844986),,,,,,,,,,,,,,,,,,,,,,,,,,,,,,,,,,,,,,,,,,,,,1,
0,54,27,437245434134,1811794147,1,1,"(0.4188818335533142, 0.2797624170780182)","(0.4319634437561035, 0.3105608820915222)",1,1,3.37469482421875,3.2779083251953125,"(-56.07722473144531, -74.04283142089844, 726.9931640625)","(9.427122116088867, -73.265869140625, 725.3751220703125)","(-27.83968162536621, 149.44244384765625, 43.75084686279297)","(-23.30642318725586, 143.80105590820312, 41.69753646850586)",POINT (0.4254226386547089 0.2951616495847702),,,,,,,,,,,,,,,,,,,,,,,,,,,,,,,,,,,,,,,,,,,,1,1,
0,54,27,437245450802,1811810814,1,1,"(0.4190509021282196, 0.29950377345085144)","(0.4330158531665802, 0.28463831543922424)",1,1,3.331024169921875,3.1953277587890625,"(-56.05834197998047, -74.10657501220703, 727.1593017578125)","(9.456478118896484, -73.30931091308594, 725.3743286132812)","(-27.78110122680664, 145.82640075683594, 42.43467330932617)","(-22.94172477722168, 148.54933166503906, 43.42573928833008)",POINT (0.4260333776473999 0.2920710444450378),,,,,,,,,,,,,,,,,,,,,,,,,,,,,,,,,,,,,,,,,,,,1,1,
0,54,27,437245467469,1811827481,1,1,"(0.4218216836452484, 0.2942346930503845)","(0.4413979649543762, 0.28029221296310425)",1,1,3.260345458984375,3.1258697509765625,"(-56.04803466796875, -74.14656066894531, 727.0869750976562)","(9.462820053100586, -73.36817169189453, 725.3883056640625)","(-26.820911407470703, 146.79153442382812, 42.785980224609375)","(-20.037023544311523, 149.34539794921875, 43.71549987792969)",POINT (0.4316098242998123 0.2872634530067444),,,,,,,,,,,,,,,,,,,,,,,,,,,,,,,,,,,,,,,,,,,,1,1,
0,54,27,437245484136,1811844147,1,1,"(0.4178997278213501, 0.28413254022598267)","(0.4373551607131958, 0.2927004098892212)",1,1,3.186676025390625,3.1069793701171875,"(-56.05436706542969, -74.16172790527344, 727.1146240234375)","(9.454715728759766, -73.4041748046875, 725.5048828125)","(-28.180025100708008, 148.6419677734375, 43.45948028564453)","(-21.437997817993164, 147.0725860595703, 42.888282775878906)",POINT (0.427627444267273 0.2884164750576019),,,,,,,,,,,,,,,,,,,,,,,,,,,,,,,,,,,,,,,,,,,,1,1,
0,54,27,437245500808,1811860819,1,1,"(0.37660324573516846, 0.3254658281803131)","(0.38781264424324036, 0.2915521562099457)",1,1,3.147201538085937,3.0077362060546875,"(-56.1617431640625, -74.20457458496094, 727.21484375)","(9.315584182739258, -73.44729614257812, 725.5527954101562)","(-42.490745544433594, 141.07089233398438, 40.70382308959961)","(-38.60629653930664, 147.28289794921875, 42.964805603027344)",POINT (0.3822079449892044 0.3085089921951294),,,,,,,,,,,,,,,,,,,,,,,,,,,,,,,,,,,,,,,,,,,,,1,
0,54,27,437245517476,1811877486,1,1,"(0.3793189525604248, 0.29897475242614746)","(0.38784223794937134, 0.27824071049690247)",1,1,3.079574584960937,2.944442749023437,"(-56.213539123535156, -74.21450805664062, 727.264892578125)","(9.275127410888672, -73.40516662597656, 725.3506469726562)","(-41.54966735839844, 145.92327880859375, 42.47001647949219)","(-38.596031188964844, 149.72119140625, 43.85226821899414)",POINT (0.3835805952548981 0.288607731461525),,,,,,,,,,,,,,,,,,,,,,,,,,,,,,,,,,,,,,,,,,,,1,1,
0,54,27,437245534142,1811894152,1,1,"(0.3762866258621216, 0.2831774652004242)","(0.39220884442329407, 0.29009565711021423)",1,1,3.0095367431640625,2.909408569335937,"(-56.24359130859375, -74.23626708984375, 727.2894897460938)","(9.254240989685059, -73.41246795654297, 725.423583984375)","(-42.6004753112793, 148.81692504882812, 43.52313232421875)","(-37.082847595214844, 147.5496826171875, 43.061920166015625)",POINT (0.3842477351427078 0.2866365611553192),,,,,,,,,,,,,,,,,,,,,,,,,,,,,,,,,,,,,,,,,,,,1,1,
0,54,27,437245550811,1811910819,1,1,"(0.37011778354644775, 0.2359847128391266)","(0.3990834355354309, 0.2631492018699646)",1,1,2.883163452148437,2.8319091796875,"(-56.278533935546875, -74.27112579345703, 727.3421020507812)","(9.221446990966797, -73.40606689453125, 725.41015625)","(-44.73821258544922, 157.4612579345703, 46.66944885253906)","(-34.7005615234375, 152.4855194091797, 44.8583984375)",POINT (0.3846006095409393 0.2495669573545456),,,,,,,,,,,,,,,,,,,,,,,,,,,,,,,,,,,,,,,,,,,,1,1,
0,54,27,437245567478,1811927486,1,1,"(0.3705309331417084, 0.18708756566047668)","(0.3918817341327667, 0.2191517949104309)",1,1,2.764144897460937,2.7434539794921875,"(-56.30225372314453, -74.29276275634766, 727.2499389648438)","(9.190300941467285, -73.4131088256836, 725.4983520507812)","(-44.59504318237305, 166.41781616210938, 49.929378509521484)","(-37.19620895385742, 160.54458618164062, 47.791656494140625)",POINT (0.3812063336372376 0.2031196802854538),,,,,,,,,,,,,,,,,,,,,,,,,,,,,,,,,,,,,,,,,,,,,,
0,54,27,437245584145,1811944152,1,1,"(0.3646826446056366, 0.2092706263065338)","(0.39126256108283997, 0.20275260508060455)",1,1,2.769882202148437,2.687225341796875,"(-56.320919036865234, -74.29674530029297, 727.2311401367188)","(9.165098190307617, -73.40866088867188, 725.54248046875)","(-46.621681213378906, 162.35450744628906, 48.45044708251953)","(-37.41077423095703, 163.54844665527344, 48.88497543334961)",POINT (0.3779726028442383 0.2060116156935692),,,,,,,,,,,,,,,,,,,,,,,,,,,,,,,,,,,,,,,,,,,,,,
0,54,27,437245600812,1811960819,1,1,"(0.3629924952983856, 0.2030421495437622)","(0.3876419961452484, 0.21604688465595245)",1,1,2.7166290283203125,2.653549194335937,"(-56.33480453491211, -74.27863311767578, 727.2728271484375)","(9.152033805847168, -73.37886047363281, 725.6007080078125)","(-47.207393646240234, 163.4954071044922, 48.86567687988281)","(-38.66542434692383, 161.1133270263672, 47.998661041259766)",POINT (0.375317245721817 0.2095445170998573),,,,,,,,,,,,,,,,,,,,,,,,,,,,,,,,,,,,,,,,,,,,,,
0,54,27,437245617480,1811977486,1,1,"(0.3691733777523041, 0.22374604642391205)","(0.3953542113304138, 0.2358977496623993)",1,1,2.6945343017578125,2.656723022460937,"(-56.34576416015625, -74.23484802246094, 727.3600463867188)","(9.137126922607422, -73.33500671386719, 725.703125)","(-45.06547927856445, 159.70303344726562, 47.4853630065918)","(-35.992862701416016, 157.47718811035156, 46.67527389526367)",POINT (0.382263794541359 0.2298218980431557),,,,,,,,,,,,,,,,,,,,,,,,,,,,,,,,,,,,,,,,,,,,,1,
0,54,27,437245634151,1811994157,1,1,"(0.3707324266433716, 0.23392243683338165)","(0.3953872323036194, 0.2227979153394699)",1,1,2.681396484375,2.629974365234375,"(-56.34274673461914, -74.208740234375, 727.5527954101562)","(9.151734352111816, -73.31171417236328, 725.8480224609375)","(-44.525211334228516, 157.83901977539062, 46.80693054199219)","(-35.98143768310547, 159.87672424316406, 47.5485725402832)",POINT (0.3830598294734955 0.2283601760864258),,,,,,,,,,,,,,,,,,,,,,,,,,,,,,,,,,,,,,,,,,,,,1,
0,54,27,437245650819,1812010824,1,1,"(0.3708711862564087, 0.25595563650131226)","(0.39506563544273376, 0.2223585993051529)",1,1,2.687652587890625,2.58013916015625,"(-56.326175689697266, -74.16360473632812, 727.7487182617188)","(9.17747974395752, -73.26823425292969, 725.9491577148438)","(-44.47712326049805, 153.8031768798828, 45.33799743652344)","(-36.09286117553711, 159.95718383789062, 47.5778694152832)",POINT (0.3829684108495712 0.2391571179032326),,,,,,,,,,,,,,,,,,,,,,,,,,,,,,,,,,,,,,,,,,,,,1,
0,54,27,437245667486,1812027491,1,1,"(0.3669402003288269, 0.2145799994468689)","(0.39973801374435425, 0.21817000210285187)",1,1,2.5924835205078125,2.539764404296875,"(-56.305274963378906, -74.13706970214844, 727.9290161132812)","(9.207816123962402, -73.24444580078125, 726.0352783203125)","(-45.83936309814453, 161.3820037841797, 48.09646987915039)","(-34.473724365234375, 160.72442626953125, 47.857078552246094)",POINT (0.3833391070365906 0.2163750007748604),,,,,,,,,,,,,,,,,,,,,,,,,,,,,,,,,,,,,,,,,,,,,1,
0,54,27,437245684153,1812044157,1,1,"(0.3703356385231018, 0.22154532372951508)","(0.394155353307724, 0.23177799582481384)",1,1,2.5692901611328125,2.510238647460937,"(-56.25096130371094, -74.05946350097656, 727.982666015625)","(9.267834663391113, -73.1864242553711, 726.1058349609375)","(-44.66271209716797, 160.10614013671875, 47.632102966308594)","(-36.408321380615234, 158.2318115234375, 46.949893951416016)",POINT (0.3822454959154129 0.2266616597771645),,,,,,,,,,,,,,,,,,,,,,,,,,,,,,,,,,,,,,,,,,,,,1,
0,54,27,437245700820,1812060824,1,1,"(0.382876455783844, 0.13462555408477783)","(0.4008633494377136, 0.23469097912311554)",1,1,2.6518096923828125,2.4879913330078125,"(-56.196510314941406, -74.00314331054688, 728.1395263671875)","(9.345846176147461, -73.16477966308594, 726.322021484375)","(-40.31686782836914, 176.02735900878906, 53.426937103271484)","(-34.0837516784668, 157.69822692871094, 46.755714416503906)",POINT (0.3918699026107788 0.1846582666039467),,,,,,,,,,,,,,,,,,,,,,,,,,,,,,,,,,,,,,,,,,,,1,,
0,54,27,437245867496,1812227494,1,1,"(0.42594608664512634, 0.2032325267791748)","(0.4465769827365875, 0.21666809916496277)",1,1,2.4768218994140625,2.411041259765625,"(-55.677268981933594, -74.03874206542969, 728.5108642578125)","(9.853116989135742, -73.45113372802734, 726.7289428710938)","(-25.391658782958984, 163.4605255126953, 48.85300827026367)","(-18.2423152923584, 160.99951171875, 47.957244873046875)",POINT (0.4362615346908569 0.2099503129720688),,,,,,,,,,,,,,,,,,,,,,,,,,,,,,,,,,,,,,,,,,,,,,
0,54,27,437245884169,1812244166,1,1,"(0.4397093653678894, 0.19111214578151703)","(0.4376058578491211, 0.23980821669101715)",1,1,2.508636474609375,2.383209228515625,"(-55.73131561279297, -74.0634536743164, 728.3387451171875)","(9.789790153503418, -73.45803833007812, 726.672607421875)","(-20.622196197509766, 165.68064880371094, 49.66101837158203)","(-21.35112190246582, 156.7609100341797, 46.414527893066406)",POINT (0.4386576116085052 0.2154601812362671),,,,,,,,,,,,,,,,,,,,,,,,,,,,,,,,,,,,,,,,,,,,,1,
0,54,27,437245900835,1812260832,1,1,"(0.4312260150909424, 0.2362598329782486)","(0.4492550194263458, 0.21831169724464417)",1,1,2.4376373291015625,2.3538360595703125,"(-55.81800842285156, -74.12203979492188, 728.4136962890625)","(9.712960243225098, -73.47175598144531, 726.6016845703125)","(-23.56197738647461, 157.41087341308594, 46.65110397338867)","(-17.314260482788086, 160.69845581054688, 47.847679138183594)",POINT (0.4402405172586441 0.2272857651114464),,,,,,,,,,,,,,,,,,,,,,,,,,,,,,,,,,,,,,,,,,,,,1,
0,54,27,437245917503,1812277499,1,1,"(0.42452239990234375, 0.253461629152298)","(0.44642987847328186, 0.2405158430337906)",1,1,2.442962646484375,2.40972900390625,"(-55.90159225463867, -74.14710235595703, 728.399169921875)","(9.61763858795166, -73.46479797363281, 726.5753784179688)","(-25.885019302368164, 154.25999450683594, 45.5042724609375)","(-18.293283462524414, 156.6313018798828, 46.3673210144043)",POINT (0.4354761391878128 0.2469887360930443),,,,,,,,,,,,,,,,,,,,,,,,,,,1,,,,,,,,,,,,,,,,,1,1,
0,54,27,437245934170,1812294166,1,1,"(0.4287007451057434, 0.2500859797000885)","(0.44752463698387146, 0.24945232272148132)",1,1,2.4791259765625,2.429046630859375,"(-55.982643127441406, -74.15234375, 728.236328125)","(9.528409004211426, -73.45457458496094, 726.5640869140625)","(-24.437074661254883, 154.87831115722656, 45.729312896728516)","(-17.913908004760742, 154.99440002441406, 45.771541595458984)",POINT (0.4381126910448074 0.2497691512107849),,,,,,,,,,,,,,,,,,,,,,,,,,,,,,,,,,,,,,,,,,,,1,1,
0,54,27,437245950838,1812310833,1,1,"(0.42240166664123535, 0.229448601603508)","(0.44385600090026855, 0.21801665425300598)",1,1,2.449188232421875,2.3949737548828125,"(-56.08300018310547, -74.17802429199219, 728.45654296875)","(9.451608657836914, -73.44226837158203, 726.6390380859375)","(-26.619937896728516, 158.6584930419922, 47.1052131652832)","(-19.185222625732422, 160.7525177001953, 47.867332458496094)",POINT (0.433128833770752 0.223732627928257),,,,,,,,,,,,,,,,,,,,,,,,,,,,,,,,,,,,,,,,,,,,,1,
0,54,27,437245967504,1812327499,1,1,"(0.4240468144416809, 0.244167760014534)","(0.44516274333000183, 0.23595215380191803)",1,1,2.465576171875,2.4261932373046875,"(-56.15351867675781, -74.17096710205078, 728.37060546875)","(9.361382484436035, -73.41178894042969, 726.5689697265625)","(-26.049827575683594, 155.9623565673828, 46.1239128112793)","(-18.732402801513672, 157.46722412109375, 46.671627044677734)",POINT (0.4346047788858414 0.240059956908226),,,,,,,,,,,,,,,,,,,,,,,,,,,,,,,,,,,,,,,,,,,,1,1,
0,54,27,437245984172,1812344166,1,1,"(0.42354676127433777, 0.2351996898651123)","(0.448872447013855, 0.21636952459812164)",1,1,2.4667510986328125,2.4263916015625,"(-56.21638107299805, -74.15125274658203, 728.3148193359375)","(9.297194480895996, -73.40033721923828, 726.8917236328125)","(-26.223112106323242, 157.6050567626953, 46.72178649902344)","(-17.44684410095215, 161.05421447753906, 47.97714614868164)",POINT (0.4362096041440964 0.225784607231617),,,,,,,,,,,,,,,,,,,,,,,,,,,,,,,,,,,,,,,,,,,,,1,
0,54,27,437246000839,1812360833,1,1,"(0.4216706454753876, 0.24675220251083374)","(0.43750765919685364, 0.20786666870117188)",1,1,2.4907989501953125,2.436065673828125,"(-56.278900146484375, -74.13975524902344, 728.4378662109375)","(9.245111465454102, -73.35966491699219, 726.74755859375)","(-26.873266220092773, 155.4889678955078, 45.95158004760742)","(-21.385150909423828, 162.61167907714844, 48.54404830932617)",POINT (0.4295891523361206 0.2273094356060028),,,,,,,,,,,,,,,,,,,,,,,,,,,,,,,,,,,,,,,,,,,,,1,
0,54,27,437246017511,1812377504,1,1,"(0.41750001907348633, 0.2681244909763336)","(0.4456952214241028, 0.18888163566589355)",1,1,2.523223876953125,2.44610595703125,"(-56.337135314941406, -74.08687591552734, 728.5166625976562)","(9.199161529541016, -73.31524658203125, 726.879638671875)","(-28.31852912902832, 151.5741729736328, 44.52672576904297)","(-18.547861099243164, 166.0891876220703, 49.80976104736328)",POINT (0.4315976202487946 0.2285030633211136),,,,,,,,,,,,,,,,,,,,,,,,,,,1,,,,,,,,,,,,,,,,,,1,
0,54,27,437246034177,1812394170,1,1,"(0.4271322190761566, 0.2673740088939667)","(0.44905805587768555, 0.19970367848873138)",1,1,2.529693603515625,2.4419097900390625,"(-56.37413024902344, -74.04815673828125, 728.5093383789062)","(9.152755737304688, -73.23624420166016, 726.7642211914062)","(-24.980632781982422, 151.71165466308594, 44.576725006103516)","(-17.38252067565918, 164.10693359375, 49.088233947753906)",POINT (0.4380951374769211 0.233538843691349),,,,,,,,,,,,,,,,,,,,,,,,,,,1,,,,,,,,,,,,,,,,,,1,
0,54,27,437246050846,1812410838,1,1,"(0.4195387065410614, 0.2621934413909912)","(0.45523542165756226, 0.22400233149528503)",1,1,2.53717041015625,2.490631103515625,"(-56.390769958496094, -74.00469970703125, 728.5059814453125)","(9.128499031066895, -73.17085266113281, 726.76513671875)","(-27.612043380737305, 152.66058349609375, 44.922122955322266)","(-15.241837501525879, 159.65609741210938, 47.46829605102539)",POINT (0.4373870640993118 0.2430978864431381),,,,,,,,,,,,,,,,,,,,,,,,,,,1,,,,,,,,,,,,,,,,,1,1,
0,54,27,437246067513,1812427504,1,1,"(0.4450443983078003, 0.2297128140926361)","(0.4780242145061493, 0.2162504494190216)",1,1,2.5159454345703125,2.47430419921875,"(-56.35027313232422, -73.96339416503906, 728.6320190429688)","(9.130574226379395, -73.10140991210938, 726.517578125)","(-18.77340316772461, 158.61009216308594, 47.08759307861328)","(-7.3446855545043945, 161.0760040283203, 47.98515319824219)",POINT (0.4615343064069748 0.2229816317558289),,,,,,,,,,,,,,,,,,,,,,,,,,,,,,,,,,,,,,,,,,,,,1,
0,54,27,437246084179,1812444170,1,1,"(0.44744637608528137, 0.2385062277317047)","(0.47591519355773926, 0.20542319118976593)",1,1,2.5142059326171875,2.5079803466796875,"(-56.34063720703125, -73.89911651611328, 728.6930541992188)","(9.153181076049805, -73.09559631347656, 726.8074951171875)","(-17.94103240966797, 156.9993896484375, 46.501346588134766)","(-8.075532913208008, 163.05926513671875, 48.7069091796875)",POINT (0.4616807848215103 0.2219647094607353),,,,,,,,,,,,,,,,,,,,,,,,,,,,,,,,,,,,,,,,,,,,,1,
0,54,27,437246100847,1812460837,1,1,"(0.45194700360298157, 0.259028822183609)","(0.4728947877883911, 0.2036970853805542)",1,1,2.5481719970703125,2.515350341796875,"(-56.31181335449219, -73.82086944580078, 728.712158203125)","(9.191452026367188, -73.06907653808594, 726.981689453125)","(-16.381391525268555, 153.24024963378906, 45.133113861083984)","(-9.122207641601562, 163.37542724609375, 48.82202911376953)",POINT (0.4624208956956863 0.2313629537820816),,,,,,,,,,,,,,,,,,,,,,,,,,,1,,,,,,,,,,,,,,,,,,1,
0,54,27,437246117515,1812477504,1,1,"(0.4520634710788727, 0.23222288489341736)","(0.47115662693977356, 0.1984812617301941)",1,1,2.527496337890625,2.4967041015625,"(-56.24652862548828, -73.76129150390625, 728.7380981445312)","(9.251191139221191, -73.06990051269531, 727.3299560546875)","(-16.341041564941406, 158.15032958984375, 46.92024612426758)","(-9.72456169128418, 164.33082580566406, 49.16973876953125)",POINT (0.4616100490093231 0.2153520733118057),,,,,,,,,,,,,,,,,,,,,,,,,,,,,,,,,,,,,,,,,,,,,1,
0,54,27,437246134182,1812494171,1,1,"(0.44900235533714294, 0.23738938570022583)","(0.4849972724914551, 0.2167704552412033)",1,1,2.5390167236328125,2.5120086669921875,"(-56.16456604003906, -73.71977996826172, 728.7967529296875)","(9.30781364440918, -73.0359115600586, 727.0946044921875)","(-17.401826858520508, 157.2039794921875, 46.57575225830078)","(-4.928267002105713, 160.9807586669922, 47.9504508972168)",POINT (0.466999813914299 0.2270799204707146),,,,,,,,,,,,,,,,,,,,,,,,,,,,,,,,,,,,,,,,,,,,,1,
0,54,27,437246150854,1812510842,1,1,"(0.44606634974479675, 0.22834526002407074)","(0.4719274342060089, 0.20730549097061157)",1,1,2.51617431640625,2.4976348876953125,"(-56.059226989746094, -73.68818664550781, 728.8299560546875)","(9.447746276855469, -73.04369354248047, 727.1781616210938)","(-18.41925811767578, 158.860595703125, 47.17873764038086)","(-9.45744800567627, 162.7144775390625, 48.581443786621094)",POINT (0.4589968919754028 0.2178253754973412),,,,,,,,,,,,,,,,,,,,,,,,,,,,,,,,,,,,,,,,,,,,,1,
0,54,27,437246167520,1812527508,1,1,"(0.44756531715393066, 0.22784319519996643)","(0.4820476472377777, 0.2075556218624115)",1,1,2.503997802734375,2.495956420898437,"(-55.94746017456055, -73.68103790283203, 728.9229736328125)","(9.541036605834961, -73.07363891601562, 727.234130859375)","(-17.89981460571289, 158.95254516601562, 47.21223068237305)","(-5.950420379638672, 162.66864013671875, 48.564815521240234)",POINT (0.4648064821958542 0.217699408531189),,,,,,,,,,,,,,,,,,,,,,,,,,,,,,,,,,,,,,,,,,,,,1,
0,54,27,437246184187,1812544174,1,1,"(0.44736388325691223, 0.21910572052001953)","(0.46903088688850403, 0.19342443346977234)",1,1,2.5196990966796875,2.47723388671875,"(-55.82542037963867, -73.67313385009766, 728.8552856445312)","(9.690078735351562, -73.11405944824219, 727.3757934570312)","(-17.96961212158203, 160.55300903320312, 47.79473114013672)","(-10.461204528808594, 165.257080078125, 49.50690841674805)",POINT (0.4581973850727081 0.2062650769948959),,,,,,,,,,,,,,,,,,,,,,,,,,,,,,,,,,,,,,,,,,,,,,
0,54,27,437246200854,1812560841,1,1,"(0.4463304877281189, 0.24431400001049042)","(0.4817275106906891, 0.20448951423168182)",1,1,2.5281219482421875,2.485260009765625,"(-55.712425231933594, -73.69916534423828, 728.9627685546875)","(9.773421287536621, -73.16313171386719, 727.549072265625)","(-18.327714920043945, 155.93557739257812, 46.1141357421875)","(-6.06135892868042, 163.23028564453125, 48.76918411254883)",POINT (0.464028999209404 0.2244017571210861),,,,,,,,,,,,,,,,,,,,,,,,,,,,,,,,,,,,,,,,,,,,,1,
0,54,27,437246217522,1812577508,1,1,"(0.4430215358734131, 0.22476574778556824)","(0.4690418839454651, 0.22479188442230225)",1,1,2.503753662109375,2.51141357421875,"(-55.62852096557617, -73.72248840332031, 729.0509643554688)","(9.878718376159668, -73.16854858398438, 727.283203125)","(-19.474393844604492, 159.51626586914062, 47.417381286621094)","(-10.457392692565918, 159.51145935058594, 47.41566467285156)",POINT (0.4560317099094391 0.2247788161039352),,,,,,,,,,,,,,,,,,,,,,,,,,,,,,,,,,,,,,,,,,,,,1,
0,54,27,437246234189,1812594175,1,1,"(0.4509097635746002, 0.2572542428970337)","(0.4706525504589081, 0.20632459223270416)",1,1,2.519775390625,2.4469757080078125,"(-55.54051971435547, -73.74195861816406, 728.917236328125)","(9.973615646362305, -73.22328186035156, 727.601318359375)","(-16.7408447265625, 153.56529235839844, 45.25144958496094)","(-9.899239540100098, 162.89414978027344, 48.646854400634766)",POINT (0.4607811570167542 0.2317894175648689),,,,,,,,,,,,,,,,,,,,,,,,,,,1,,,,,,,,,,,,,,,,,,1,
0,54,27,437246250856,1812610841,1,1,"(0.44744372367858887, 0.23558390140533447)","(0.4819338023662567, 0.24727404117584229)",1,1,2.509017944335937,2.50970458984375,"(-55.467063903808594, -73.77890014648438, 728.9896240234375)","(10.01490592956543, -73.25201416015625, 727.3955688476562)","(-17.941946029663086, 157.53468322753906, 46.696163177490234)","(-5.989882469177246, 155.39340209960938, 45.91677474975586)",POINT (0.4646887630224228 0.2414289712905884),,,,,,,,,,,,,,,,,,,,,,,,,,,,,,,,,,,,,,,,,,,,1,1,
0,54,27,437246267523,1812627508,1,1,"(0.44399455189704895, 0.23840562999248505)","(0.47716742753982544, 0.23835337162017822)",1,1,2.49237060546875,2.488510131835937,"(-55.40266036987305, -73.80070495605469, 728.9716796875)","(10.090770721435547, -73.29139709472656, 727.39306640625)","(-19.1372127532959, 157.01783752441406, 46.50802993774414)","(-7.641592502593994, 157.02740478515625, 46.51149368286133)",POINT (0.4605809897184372 0.2383795008063316),,,,,,,,,,,,,,,,,,,,,,,,,,,,,,,,,,,,,,,,,,,,1,1,
0,54,27,437246284196,1812644180,1,1,"(0.45324039459228516, 0.27945059537887573)","(0.4725310206413269, 0.22275198996067047)",1,1,2.543075561523437,2.469024658203125,"(-55.33722686767578, -73.82758331298828, 728.98193359375)","(10.170385360717773, -73.35169982910156, 727.5948486328125)","(-15.933189392089844, 149.49957275390625, 43.77159118652344)","(-9.248271942138672, 159.8851318359375, 47.55162048339844)",POINT (0.462885707616806 0.2511012926697731),,,,,,,,,,,,,,,,,,,,,,,,,,,,,,,,,,,,,,,,,,,,1,1,
0,54,27,437246300863,1812660847,1,1,"(0.41734936833381653, 0.291253924369812)","(0.4382668137550354, 0.22629769146442413)",1,1,2.5503387451171875,2.45233154296875,"(-55.34917068481445, -73.83450317382812, 729.1138916015625)","(10.13559341430664, -73.360595703125, 727.6250610351562)","(-28.37073516845703, 147.33753967285156, 42.98469161987305)","(-21.12207794189453, 159.23565673828125, 47.31527328491211)",POINT (0.427808091044426 0.2587758079171181),,,,,,,,,,,,,,,,,,,,,,,,,,,,,,,,,,,,,,,,,,,,1,1,
0,54,27,437246317531,1812677514,1,1,"(0.4106355905532837, 0.26766887307167053)","(0.4298470914363861, 0.22378957271575928)",1,1,2.5072021484375,2.449859619140625,"(-55.30686950683594, -73.81845092773438, 729.1644897460938)","(10.187524795532227, -73.34620666503906, 727.739990234375)","(-30.697317123413086, 151.6576385498047, 44.55706787109375)","(-24.039817810058594, 159.69505310058594, 47.48250198364258)",POINT (0.4202413409948349 0.2457292228937149),,,,,,,,,,,,,,,,,,,,,,,,,,,,,,,,,,,,,,,,,,,,1,1,
0,54,27,437246334198,1812694180,1,1,"(0.4101369380950928, 0.243434876203537)","(0.4353950321674347, 0.22689953446388245)",1,1,2.5058746337890625,2.4333648681640625,"(-55.23345184326172, -73.77561950683594, 729.2366943359375)","(10.236377716064453, -73.2951889038086, 727.7093505859375)","(-30.870115280151367, 156.0966033935547, 46.17276382446289)","(-22.11725616455078, 159.1254119873047, 47.27510452270508)",POINT (0.4227659851312637 0.2351672053337097),,,,,,,,,,,,,,,,,,,,,,,,,,,,,,,,,,,,,,,,,,,,,1,
0,54,27,437246350865,1812710847,1,1,"(0.40696051716804504, 0.2458060085773468)","(0.43689990043640137, 0.24126893281936646)",1,1,2.4799041748046875,2.459823608398437,"(-55.15484619140625, -73.74397277832031, 729.32470703125)","(10.32194709777832, -73.2926025390625, 728.05810546875)","(-31.970861434936523, 155.6622772216797, 46.01467514038086)","(-21.595766067504883, 156.49334716796875, 46.317161560058594)",POINT (0.4219302088022232 0.2435374706983566),,,,,,,,,,,,,,,,,,,,,,,,,,,,,,,,,,,,,,,,,,,,1,1,
0,54,27,437246367533,1812727514,1,1,"(0.40972867608070374, 0.26732200384140015)","(0.4281923174858093, 0.22229859232902527)",1,1,2.495361328125,2.455718994140625,"(-55.07123565673828, -73.6716537475586, 729.38330078125)","(10.428431510925293, -73.236083984375, 727.9088745117188)","(-31.011587142944336, 151.72117614746094, 44.58021926879883)","(-24.61326789855957, 159.96817016601562, 47.58187484741211)",POINT (0.4189604967832565 0.2448102980852127),,,,,,,,,,,,,,,,,,,,,,,,,,,,,,,,,,,,,,,,,,,,1,1,
0,54,27,437246384201,1812744181,1,1,"(0.4098026156425476, 0.25023412704467773)","(0.4400964379310608, 0.22374065220355988)",1,1,2.489044189453125,2.4547119140625,"(-54.99020767211914, -73.63146209716797, 729.44140625)","(10.49835205078125, -73.21733093261719, 727.9937744140625)","(-30.9859619140625, 154.8511962890625, 45.719444274902344)","(-20.48804473876953, 159.7040252685547, 47.485740661621094)",POINT (0.4249495267868042 0.2369873896241188),,,,,,,,,,,,,,,,,,,,,,,,,,,,,,,,,,,,,,,,,,,,,1,
0,54,27,437246400867,1812760847,1,1,"(0.40358296036720276, 0.23686771094799042)","(0.42996570467948914, 0.24641413986682892)",1,1,2.47540283203125,2.4680633544921875,"(-54.90409469604492, -73.57281494140625, 729.5143432617188)","(10.60490894317627, -73.1973876953125, 728.3124389648438)","(-33.14129638671875, 157.2995147705078, 46.610591888427734)","(-23.998708724975586, 155.55087280273438, 45.97416687011719)",POINT (0.416774332523346 0.2416409254074097),,,,,,,,,,,,,,,,,,,,,,,,,,,,,,,,,,,,,,,,,,,,1,1,
0,54,27,437246417540,1812777519,1,1,"(0.4124511182308197, 0.2412404716014862)","(0.43196550011634827, 0.22760224342346191)",1,1,2.4829864501953125,2.441864013671875,"(-54.82065200805664, -73.5421371459961, 729.5875244140625)","(10.698427200317383, -73.15376281738281, 728.1336669921875)","(-30.06817054748535, 156.49856567382812, 46.31903076171875)","(-23.30571937561035, 158.99671936035156, 47.22823715209961)",POINT (0.422208309173584 0.2344213575124741),,,,,,,,,,,,,,,,,,,,,,,,,,,,,,,,,,,,,,,,,,,,,1,
0,54,27,437246434206,1812794185,1,1,"(0.4474821090698242, 0.26603615283966064)","(0.4677491784095764, 0.25714072585105896)",1,1,2.5020904541015625,2.4488525390625,"(-54.63676834106445, -73.4629135131836, 729.5592041015625)","(10.890926361083984, -73.11497497558594, 728.1683959960938)","(-17.928632736206055, 151.95669555664062, 44.66594696044922)","(-10.905365943908691, 153.58609008789062, 45.25899124145508)",POINT (0.4576156437397003 0.2615884393453598),,,,,,,,,,,,,,,,,,,,,,,,,,,,,,,,,,,,,,,,,,,,1,1,
0,54,27,437246450874,1812810852,1,1,"(0.4698248505592346, 0.24786601960659027)","(0.49174678325653076, 0.27613914012908936)",1,1,2.5208740234375,2.48675537109375,"(-54.485618591308594, -73.41840362548828, 729.613037109375)","(11.024053573608398, -73.07699584960938, 727.828369140625)","(-10.186079025268555, 155.2849578857422, 45.8773078918457)","(-2.589311122894287, 150.1061248779297, 43.99238586425781)",POINT (0.4807858169078827 0.2620025798678398),,,,,,,,,,,,,,,,,,,,,,,,,,,,,,,,,,,,,,,,,,,,1,1,
0,54,27,437246467541,1812827519,1,1,"(0.46839845180511475, 0.2645168900489807)","(0.49152588844299316, 0.29525458812713623)",1,1,2.534820556640625,2.510971069335937,"(-54.416778564453125, -73.37571716308594, 729.6546630859375)","(11.115960121154785, -73.06549072265625, 727.9717407226562)","(-10.680359840393066, 152.23497009277344, 44.767242431640625)","(-2.665865659713745, 146.60472106933594, 42.71799850463867)",POINT (0.479962170124054 0.2798857390880585),,,,,,,,,,,,,,,,,,,,,,,,,,,,,,,,,,,,,,,,,,,,1,1,
0,54,27,437246484208,1812844185,1,1,"(0.47375449538230896, 0.28799569606781006)","(0.498019278049469, 0.26714393496513367)",1,1,2.5613250732421875,2.50994873046875,"(-54.318565368652344, -73.348876953125, 729.640869140625)","(11.21137809753418, -73.07926940917969, 727.9091796875)","(-8.82431411743164, 147.93435668945312, 43.201927185058594)","(-0.4156610369682312, 151.7537841796875, 44.59211349487305)",POINT (0.485886886715889 0.2775698155164719),,,,,,,,,,,,,,,,,,,,,,,,,,,,,,,,,,,,,,,,,,,,1,1,
0,54,27,437246500875,1812860852,1,1,"(0.46753212809562683, 0.22638192772865295)","(0.4912703335285187, 0.2761135697364807)",1,1,2.484466552734375,2.4980621337890625,"(-54.23500061035156, -73.3222885131836, 729.6548461914062)","(11.306266784667969, -73.09278106689453, 727.8619384765625)","(-10.980579376220703, 159.22023010253906, 47.30963897705078)","(-2.7544214725494385, 150.11080932617188, 43.994110107421875)",POINT (0.4794012308120728 0.2512477487325668),,,,,,,,,,,,,,,,,,,,,,,,,,,,,,,,,,,,,,,,,,,,1,1,
0,54,27,437246517542,1812877518,1,1,"(0.4693000316619873, 0.2395365983247757)","(0.487895667552948, 0.2614406645298004)",1,1,2.503524780273437,2.500579833984375,"(-54.138397216796875, -73.31675720214844, 729.6561279296875)","(11.41025447845459, -73.15516662597656, 728.033203125)","(-10.367938041687012, 156.81065368652344, 46.43263626098633)","(-3.9238767623901367, 152.79849243164062, 44.9722900390625)",POINT (0.4785978496074676 0.2504886314272881),,,,,,,,,,,,,,,,,,,,,,,,,,,,,,,,,,,,,,,,,,,,1,1,
0,54,27,437246534210,1812894186,1,1,"(0.46525025367736816, 0.28293362259864807)","(0.4936923086643219, 0.23990929126739502)",1,1,2.553680419921875,2.436431884765625,"(-54.04554748535156, -73.291748046875, 729.6864013671875)","(11.499210357666016, -73.16709899902344, 727.899169921875)","(-11.77133846282959, 148.861572265625, 43.53940963745117)","(-1.915115237236023, 156.74240112304688, 46.40776062011719)",POINT (0.479471281170845 0.2614214569330216),,,,,,,,,,,,,,,,,,,,,,,,,,,,,,,,,,,,,,,,,,,,1,1,
0,54,27,437246550881,1812910856,1,1,"(0.4758303761482239, 0.23576459288597107)","(0.4887136220932007, 0.3020592927932739)",1,1,2.496185302734375,2.5323486328125,"(-53.95928955078125, -73.2847900390625, 729.6564331054688)","(11.614344596862793, -73.2342529296875, 728.144287109375)","(-8.104936599731445, 157.5015869140625, 46.68409729003906)","(-3.640423059463501, 145.35830688476562, 42.264339447021484)",POINT (0.4822719991207123 0.2689119428396225),,,,,,,,,,,,,,,,,,,,,,,,,,,,,,,,,,,,,,,,,,,,1,1,
0,54,27,437246567547,1812927522,1,1,"(0.4755515158176422, 0.23396790027618408)","(0.5043244957923889, 0.2893458306789398)",1,1,2.5050506591796875,2.50653076171875,"(-53.8593864440918, -73.25628662109375, 729.6290283203125)","(11.681802749633789, -73.23028564453125, 727.76171875)","(-8.201571464538574, 157.83070373535156, 46.803890228271484)","(1.7693161964416504, 147.68704223632812, 43.11191940307617)",POINT (0.4899380058050156 0.261656865477562),,,,,,,,,,,,,,,,,,,,,,,,,,,,,,,,,,,,,,,,,,,,1,1,
0,54,27,437246584214,1812944189,1,1,"(0.46660351753234863, 0.2524830102920532)","(0.48859158158302307, 0.2755827009677887)",1,1,2.5507965087890625,2.4993438720703125,"(-53.770652770996094, -73.24796295166016, 729.5394897460938)","(11.785652160644531, -73.31262969970703, 728.020751953125)","(-11.302379608154297, 154.43923950195312, 45.56953430175781)","(-3.682703971862793, 150.20803833007812, 44.029476165771484)",POINT (0.4775975495576858 0.264032855629921),,,,,,,,,,,,,,,,,,,,,,,,,,,,,,,,,,,,,,,,,,,,1,1,
0,54,27,437246600882,1812960855,1,1,"(0.48159125447273254, 0.33760008215904236)","(0.4887714087963104, 0.2876795828342438)",1,1,2.64361572265625,2.5438690185546875,"(-53.693580627441406, -73.22444915771484, 729.537841796875)","(11.876771926879883, -73.36775970458984, 728.2069091796875)","(-6.108580112457275, 138.84823608398438, 39.894874572753906)","(-3.6203906536102295, 147.99224853515625, 43.223026275634766)",POINT (0.4851813316345215 0.3126398324966431),,,,,,,,,,,,,,,,,,,,,,,,,,,,,,,,,,,,,,,,,,,,,1,
0,54,27,437246617549,1812977522,1,1,"(0.47819262742996216, 0.2457975149154663)","(0.49949339032173157, 0.24672996997833252)",1,1,2.5402374267578125,2.4740142822265625,"(-53.623836517333984, -73.22589874267578, 729.5487670898438)","(11.948251724243164, -73.40115356445312, 728.189453125)","(-7.2863287925720215, 155.66383361816406, 46.01523971557617)","(0.0951642319560051, 155.4930419921875, 45.95307922363281)",POINT (0.4888430088758469 0.2462637424468994),,,,,,,,,,,,,,,,,,,,,,,,,,,,,1,,,,,,,,,,,,,,,1,1,
0,54,27,437246634216,1812994188,1,1,"(0.488940566778183, 0.31128665804862976)","(0.4858846366405487, 0.20618242025375366)",1,1,2.494842529296875,2.4788970947265625,"(-53.59900665283203, -73.19929504394531, 729.626708984375)","(12.035006523132324, -73.40420532226562, 728.6102294921875)","(-3.561782121658325, 143.66812133789062, 41.64914321899414)","(-4.620760917663574, 162.92019653320312, 48.65631866455078)",POINT (0.4874126017093658 0.2587345391511917),,,,,,,,,,,,,,,,,,,,,,,,,,,,,,,,,,,,,,,,,,,,1,1,
0,54,27,437246817564,1813177531,1,1,"(0.4144556224346161, 0.2909258008003235)","(0.411063015460968, 0.15922066569328308)",1,1,2.629135131835937,2.525497436523437,"(-54.13195037841797, -73.18089294433594, 730.4282836914062)","(11.526955604553223, -73.31436920166016, 729.1728515625)","(-29.373533248901367, 147.39764404296875, 43.006568908691406)","(-30.54918670654297, 171.522216796875, 51.7872314453125)",POINT (0.412759318947792 0.2250732332468033),,,,,,,,,,,,,,,,,,,,,,,,,,,,,,,,,,,,,,,,,,,,,1,
0,54,27,437246834232,1813194198,1,1,"(0.41587913036346436, 0.21323560178279877)","(0.4181937873363495, 0.22573958337306976)",1,1,2.6126861572265625,2.5438385009765625,"(-54.181156158447266, -73.22256469726562, 730.4961547851562)","(11.478891372680664, -73.33721923828125, 729.203857421875)","(-28.880231857299805, 161.62826538085938, 48.18608093261719)","(-28.0781192779541, 159.337890625, 47.352439880371094)",POINT (0.4170364588499069 0.2194875925779343),,,,,,,,,,,,,,,,,,,,,,,,,,,,,,,,,,,,,,,,,,,,,1,
0,54,27,437246850899,1813210865,1,1,"(0.4096273183822632, 0.21124833822250366)","(0.42105236649513245, 0.2711889445781708)",1,1,2.6710662841796875,2.544525146484375,"(-54.21579360961914, -73.25595092773438, 730.4913330078125)","(11.446513175964355, -73.32270050048828, 728.8969116210938)","(-31.046724319458008, 161.99224853515625, 48.31859588623047)","(-27.0875186920166, 151.0128631591797, 44.322418212890625)",POINT (0.4153398424386978 0.2412186414003372),,,,,,,,,,,,,,,,,,,,,,,,,,,,,,,,,,,,,,,,,,,,1,1,
0,54,27,437246867567,1813227531,1,1,"(0.41380545496940613, 0.20514149963855743)","(0.4222812056541443, 0.3279419541358948)",1,1,2.61273193359375,2.6254119873046875,"(-54.242897033691406, -73.29843139648438, 730.4130859375)","(11.422155380249023, -73.32383728027344, 728.7657470703125)","(-29.598840713500977, 163.11085510253906, 48.725746154785156)","(-26.661670684814453, 140.61732482910156, 40.538734436035156)",POINT (0.4180433303117752 0.2665417268872261),,,,,,,,,,,,,,,,,,,,,,,,,,,,,,,,,,,,,,,,,,,,1,1,
0,54,27,437246884234,1813244198,1,1,"(0.4106481373310089, 0.20839151740074158)","(0.41978543996810913, 0.3101395070552826)",1,1,2.5978546142578125,2.5943145751953125,"(-54.26094436645508, -73.31586456298828, 730.2020263671875)","(11.384061813354492, -73.3485107421875, 729.0020751953125)","(-30.69295310974121, 162.5155487060547, 48.509056091308594)","(-27.52655029296875, 143.8782501220703, 41.725589752197266)",POINT (0.415216788649559 0.2592655122280121),,,,,,,,,,,,,,,,,,,,,,,,,,,,,,,,,,,,,,1,,,,,,1,1,
0,54,27,437246900902,1813260865,1,1,"(0.40663158893585205, 0.19270379841327667)","(0.42963531613349915, 0.3120879828929901)",1,1,2.6109161376953125,2.6157684326171875,"(-54.29510498046875, -73.34552001953125, 730.269775390625)","(11.352291107177734, -73.360107421875, 729.0762939453125)","(-32.08485412597656, 165.3890838623047, 49.55491256713867)","(-24.113218307495117, 143.52133178710938, 41.59572982788086)",POINT (0.4181334525346756 0.2523958906531334),,,,,,,,,,,,,,,,,,,,,,,,,,,,,,,,,,,,,,,,,,,,1,1,
0,54,27,437246917568,1813277531,1,1,"(0.40381401777267456, 0.2269728183746338)","(0.4237627387046814, 0.32134753465652466)",1,1,2.660995483398437,2.6147918701171875,"(-54.30997848510742, -73.36009216308594, 730.29638671875)","(11.342093467712402, -73.35527038574219, 729.0175170898438)","(-33.06123352050781, 159.1119842529297, 47.270263671875)","(-26.14828109741211, 141.8252410888672, 40.978397369384766)",POINT (0.413788378238678 0.2741601765155792),,,,,,,,,,,,,,,,,,,,,,,,,,,,,,,,,,,,,,1,,,,,,1,1,
0,54,27,437246934239,1813294201,1,1,"(0.40887123346328735, 0.2558603584766388)","(0.42203909158706665, 0.3232536017894745)",1,1,2.67901611328125,2.63623046875,"(-54.32685470581055, -73.34016418457031, 730.220703125)","(11.32107162475586, -73.34257507324219, 729.0333251953125)","(-31.3087158203125, 153.8206024169922, 45.34436798095703)","(-26.74558448791504, 141.4761199951172, 40.85132598876953)",POINT (0.415455162525177 0.2895569801330566),,,,,,,,,,,,,,,,,,,,,,,,,,,,,,,,,,,,,,,,,,,,1,1,
0,54,27,437246950906,1813310868,1,1,"(0.41150298714637756, 0.21260209381580353)","(0.42939499020576477, 0.3456813395023346)",1,1,2.65533447265625,2.672821044921875,"(-54.337799072265625, -73.3276596069336, 730.2039794921875)","(11.312246322631836, -73.33150482177734, 729.004150390625)","(-30.396726608276367, 161.74429321289062, 48.22831726074219)","(-24.19649314880371, 137.36798095703125, 39.356117248535156)",POINT (0.4204489886760712 0.2791417166590691),,,,,,,,,,,,,,,,,,,,,,,,,,,,,,,,,,,,,,,,,,,,1,1,
0,54,27,437246967575,1813327536,1,1,"(0.40482577681541443, 0.2552182376384735)","(0.4208005964756012, 0.32488813996315)",1,1,2.733993530273437,2.6699371337890625,"(-54.347068786621094, -73.29107666015625, 730.1875)","(11.30510139465332, -73.31217956542969, 728.9752197265625)","(-32.710628509521484, 153.938232421875, 45.38716506958008)","(-27.174762725830078, 141.1767120361328, 40.74235153198242)",POINT (0.4128131866455078 0.2900531888008118),,,,,,,,,,,,,,,,,,,,,,,,,,,,,,,,,,,,,,,,,,,,1,1,
0,54,27,437246984240,1813344201,1,1,"(0.41423067450523376, 0.3057253062725067)","(0.4263173043727875, 0.3271642327308655)",1,1,2.707870483398437,2.7007293701171875,"(-54.35438537597656, -73.25962829589844, 730.0968627929688)","(11.295398712158203, -73.29119873046875, 728.8876953125)","(-29.45148468017578, 144.68679809570312, 42.01991653442383)","(-25.26302146911621, 140.75979614257812, 40.59061050415039)",POINT (0.4202739894390106 0.3164447695016861),,,,,,,,,,,,,,,,,,,,,,,,,,,,,,,,,,,,,,,,,,,,,1,
0,54,27,437247000909,1813360869,1,1,"(0.41149047017097473, 0.2954440712928772)","(0.4235948622226715, 0.3195664882659912)",1,1,2.734222412109375,2.698089599609375,"(-54.364192962646484, -73.22913360595703, 730.1542358398438)","(11.295424461364746, -73.24943542480469, 728.79931640625)","(-30.401063919067383, 146.5700225830078, 42.70533752441406)","(-26.206449508666992, 142.1514892578125, 41.097145080566406)",POINT (0.4175426661968231 0.3075052797794342),,,,,,,,,,,,,,,,,,,,,,,,,,,,,,,,,,,,,,,,,,,,,1,
0,54,27,437247017576,1813377536,1,1,"(0.41281747817993164, 0.2825910151004791)","(0.4306173324584961, 0.3201904594898224)",1,1,2.752410888671875,2.72076416015625,"(-54.36481475830078, -73.20442199707031, 730.1242065429688)","(11.29649543762207, -73.22710418701172, 728.8135375976562)","(-29.941213607788086, 148.92431640625, 43.56227493286133)","(-23.772907257080078, 142.0371856689453, 41.05553436279297)",POINT (0.4217174053192139 0.3013907372951508),,,,,,,,,,,,,,,,,,,,,,,,,,,,,,,,,,,,,,,,,,,,,1,
0,54,27,437247034243,1813394202,1,1,"(0.4106362462043762, 0.30238065123558044)","(0.4273098111152649, 0.3295457065105438)",1,1,2.7735748291015625,2.718002319335937,"(-54.372650146484375, -73.18862915039062, 730.1519775390625)","(11.295465469360352, -73.20213317871094, 728.7984619140625)","(-30.697086334228516, 145.2994384765625, 42.24285125732422)","(-24.9190731048584, 140.3235626220703, 40.43184280395508)",POINT (0.4189730286598206 0.3159631788730621),,,,,,,,,,,,,,,,,,,,,,,,,,,,,,,,,,,,,,,,,,,,,1,
0,54,27,437247050910,1813410869,1,1,"(0.40100330114364624, 0.29108113050460815)","(0.41603150963783264, 0.34167754650115967)",1,1,2.7859344482421875,2.7386016845703125,"(-54.38211441040039, -73.16166687011719, 730.0308837890625)","(11.269208908081055, -73.17760467529297, 728.7557983398438)","(-34.03524398803711, 147.36917114257812, 42.996246337890625)","(-28.827423095703125, 138.10137939453125, 39.62301254272461)",POINT (0.4085174053907394 0.3163793385028839),,,,,,,,,,,,,,,,,,,,,,,,,,,,,,,,,,,,,,,,,,,,,1,
0,54,27,437247067585,1813427543,1,1,"(0.40126553177833557, 0.29773470759391785)","(0.4198460578918457, 0.3569434583187103)",1,1,2.801116943359375,2.7687225341796875,"(-54.37592697143555, -73.14226531982422, 729.957763671875)","(11.27188777923584, -73.16508483886719, 728.7116088867188)","(-33.94437789916992, 146.15045166015625, 42.55259704589844)","(-27.505542755126953, 135.3050994873047, 38.60523223876953)",POINT (0.4105557948350906 0.3273390829563141),,,,,,,,,,,,,,,,,,,,,,,,,,,,,,,,,,,,,,,,,,,,,1,
0,54,27,437247084251,1813444209,1,1,"(0.4040660262107849, 0.31038928031921387)","(0.42075443267822266, 0.3102875351905823)",1,1,2.8296051025390625,2.708114624023437,"(-54.372074127197266, -73.12603759765625, 729.9135131835938)","(11.271966934204102, -73.15843963623047, 728.7119140625)","(-32.97389602661133, 143.83248901367188, 41.70900344848633)","(-27.190752029418945, 143.8511199951172, 41.71574783325195)",POINT (0.4124102294445038 0.3103384077548981),,,,,,,,,,,,,,,,,,,,,,,,,,,,,,,,,,,,,,,,,,,,,1,
0,54,27,437247100918,1813460875,1,1,"(0.4042874574661255, 0.3021007776260376)","(0.42335841059684753, 0.32911041378974915)",1,1,2.8031463623046875,2.7518463134765625,"(-54.379356384277344, -73.11529541015625, 729.927734375)","(11.263928413391113, -73.13938903808594, 728.6094970703125)","(-32.89717102050781, 145.35069274902344, 42.26155090332031)","(-26.28839111328125, 140.40328979492188, 40.460880279541016)",POINT (0.4138229340314865 0.3156055957078934),,,,,,,,,,,,,,,,,,,,,,,,,,,,,,,,,,,,,,,,,,,,,1,
0,54,27,437247117585,1813477542,1,1,"(0.4129062592983246, 0.29944372177124023)","(0.4216144382953644, 0.34666404128074646)",1,1,2.760589599609375,2.770248413085937,"(-54.38722610473633, -73.11127471923828, 729.9114990234375)","(11.259349822998047, -73.14852142333984, 728.5806884765625)","(-29.910446166992188, 145.83740234375, 42.438697814941406)","(-26.892738342285156, 137.18798828125, 39.29059600830078)",POINT (0.4172603487968445 0.3230538815259934),,,,,,,,,,,,,,,,,,,,,,,,,,,,,,,,,,,,,,,,,,,,,1,
0,54,27,437247134253,1813494209,1,1,"(0.4041334390640259, 0.3119542598724365)","(0.422249972820282, 0.34349706768989563)",1,1,2.798583984375,2.758758544921875,"(-54.40336227416992, -73.09614562988281, 729.89453125)","(11.24874210357666, -73.14259338378906, 728.566650390625)","(-32.95055389404297, 143.54583740234375, 41.60462188720703)","(-26.67249870300293, 137.76809692382812, 39.501670837402344)",POINT (0.4131917059421539 0.3277256637811661),,,,,,,,,,,,,,,,,,,,,,,,,,,,,,,,,,,,,,,,,,,,,1,
0,54,27,437247150919,1813510875,1,1,"(0.4013251066207886, 0.3113313317298889)","(0.4206569194793701, 0.31604987382888794)",1,1,2.77801513671875,2.72113037109375,"(-54.42201614379883, -73.10914611816406, 729.8614501953125)","(11.22787094116211, -73.16860961914062, 728.552490234375)","(-33.923736572265625, 143.65994262695312, 41.64614486694336)","(-27.22455406188965, 142.79562377929688, 41.33158493041992)",POINT (0.4109910130500794 0.3136906027793884),,,,,,,,,,,,,,,,,,,,,,,,,,,,,,,,,,,,,,,,,,,,,1,
0,54,27,437247167588,1813527543,1,1,"(0.4109927713871002, 0.3250177800655365)","(0.41987019777297974, 0.3195061683654785)",1,1,2.8134918212890625,2.74053955078125,"(-54.44880294799805, -73.11314392089844, 729.8712158203125)","(11.206299781799316, -73.17141723632812, 728.5090942382812)","(-30.573524475097656, 141.1529541015625, 40.73369216918945)","(-27.497169494628906, 142.1625213623047, 41.101165771484375)",POINT (0.41543148458004 0.3222619742155075),,,,,,,,,,,,,,,,,,,,,,,,,,,,,,,,,,,,,,,,,,,,,1,
0,54,27,437247184254,1813544209,1,1,"(0.4095769226551056, 0.3340960741043091)","(0.41568559408187866, 0.3144764006137848)",1,1,2.80517578125,2.7306671142578125,"(-54.46956253051758, -73.12751770019531, 729.80859375)","(11.178874969482422, -73.19731903076172, 728.5101318359375)","(-31.06417465209961, 139.49008178710938, 40.12845230102539)","(-28.94729232788086, 143.08384704589844, 41.43650817871094)",POINT (0.4126312583684921 0.3242862373590469),,,,,,,,,,,,,,,,,,,,,,,,,,,,,,,,,,,,,,,,,,,,,1,
0,54,27,437247200924,1813560878,1,1,"(0.4082321524620056, 0.35953494906425476)","(0.41567233204841614, 0.33140289783477783)",1,1,2.849517822265625,2.72265625,"(-54.507957458496094, -73.148681640625, 729.8319091796875)","(11.144253730773926, -73.2020034790039, 728.4825439453125)","(-31.530183792114258, 134.83042907714844, 38.43243408203125)","(-28.951894760131836, 139.9833984375, 40.308021545410156)",POINT (0.4119522422552109 0.3454689234495163),,,,,,,,,,,,,,,,,,,,,,,,,,,,,,,,,,,,,,,,,,,,,,
0,54,27,437247217590,1813577544,1,1,"(0.40627869963645935, 0.3292962312698364)","(0.424622118473053, 0.3142511248588562)",1,1,2.7874908447265625,2.714462280273437,"(-54.511932373046875, -73.1730728149414, 729.8165893554688)","(11.133115768432617, -73.22205352783203, 728.4830322265625)","(-32.20712661743164, 140.36927795410156, 40.448463439941406)","(-25.850460052490234, 143.12510681152344, 41.451515197753906)",POINT (0.4154504090547562 0.3217736780643463),,,,,,,,,,,,,,,,,,,,,,,,,,,,,,,,,,,,,,,,,,,,,1,
0,54,27,437247234258,1813594211,1,1,"(0.469973087310791, 0.36136066913604736)","(0.48079562187194824, 0.33247652649879456)",1,1,2.8429412841796875,2.759429931640625,"(-54.40337371826172, -73.1998062133789, 729.8936767578125)","(11.237397193908691, -73.2563247680664, 728.640625)","(-10.134697914123535, 134.49600219726562, 38.31075668334961)","(-6.384300231933594, 139.78672790527344, 40.236446380615234)",POINT (0.4753843545913696 0.346918597817421),,,,,,,,,,,,,,,,,,,,,,,,,,,,,,,,,,,,,,,,,,,,,1,
0,54,27,437247250925,1813610878,1,1,"(0.4718392789363861, 0.321943074464798)","(0.48031893372535706, 0.33334028720855713)",1,1,2.781280517578125,2.751434326171875,"(-54.420875549316406, -73.20919036865234, 729.757568359375)","(11.209484100341797, -73.26022338867188, 728.5829467773438)","(-9.487987518310547, 141.71615600585938, 40.93870162963867)","(-6.5494890213012695, 139.62852478027344, 40.17887878417969)",POINT (0.4760791063308716 0.3276416808366776),,,,,,,,,,,,,,,,,,,,,,,,,,,,,,,,,,,,,,,,,,,,,1,
0,54,27,437247267592,1813627544,1,1,"(0.4725424349308014, 0.34829509258270264)","(0.48189908266067505, 0.3309004306793213)",1,1,2.780731201171875,2.7341461181640625,"(-54.45629119873047, -73.2401123046875, 729.7818603515625)","(11.176215171813965, -73.25076293945312, 728.510986328125)","(-9.244330406188965, 136.88922119140625, 39.18183517456055)","(-6.001900672912598, 140.075439453125, 40.34149932861328)",POINT (0.4772207587957382 0.339597761631012),,,,,,,,,,,,,,,,,,,,,,,,,,,,,,,,,,,,,,,,,,,,,1,
0,54,27,437247284259,1813644211,1,1,"(0.47199389338493347, 0.29445168375968933)","(0.4796803295612335, 0.34939882159233093)",1,1,2.723968505859375,2.7573394775390625,"(-54.469024658203125, -73.25775146484375, 729.7350463867188)","(11.157641410827637, -73.25779724121094, 728.4677124023438)","(-9.43441104888916, 146.75180053710938, 42.77150344848633)","(-6.77078914642334, 136.6870574951172, 39.108238220214844)",POINT (0.4758371114730835 0.3219252526760101),,,,,,,,,,,,,,,,,,,,,,,,,,,,,,,,,,,,,,,,,,,,,1,
0,54,27,437247300926,1813660877,1,1,"(0.47002625465393066, 0.35600632429122925)","(0.4829014539718628, 0.32279205322265625)",1,1,2.8245086669921875,2.733993530273437,"(-54.47870635986328, -73.23533630371094, 729.6740112304688)","(11.144632339477539, -73.25579071044922, 728.5123291015625)","(-10.116272926330566, 135.4767608642578, 38.6677360534668)","(-5.654552459716797, 141.5606689453125, 40.8820686340332)",POINT (0.4764638543128967 0.3393991887569428),,,,,,,,,,,,,,,,,,,,,,,,,,,,,,,,,,,,,,,,,,,,,1,
0,54,27,437247317592,1813677543,1,1,"(0.4758695065975189, 0.3645433783531189)","(0.48739874362945557, 0.3340611159801483)",1,1,2.81146240234375,2.7498931884765625,"(-54.489654541015625, -73.23328399658203, 729.7762451171875)","(11.139814376831055, -73.26693725585938, 728.5712280273438)","(-8.091376304626465, 133.91299438476562, 38.098602294921875)","(-4.096063137054443, 139.49649047851562, 40.13079833984375)",POINT (0.4816341251134872 0.3493022471666336),,,,,,,,,,,,,,,,,,,,,,,,,,,,,,,,,,,,,,,,,,,,,1,
0,54,27,437247334266,1813694216,1,1,"(0.47448691725730896, 0.36888790130615234)","(0.47631993889808655, 0.32258665561676025)",1,1,2.819320678710937,2.7365264892578125,"(-54.495521545410156, -73.19654846191406, 729.8345947265625)","(11.138376235961914, -73.23656463623047, 728.571044921875)","(-8.570490837097168, 133.1172332763672, 37.80890655517578)","(-7.935271739959717, 141.59828186035156, 40.895782470703125)",POINT (0.4754034280776978 0.3457372784614563),,,,,,,,,,,,,,,,,,,,,,,,,,,,,,,,,,,,,,,,,,,,,1,
0,54,27,437247350934,1813710884,1,1,"(0.47375744581222534, 0.3716720938682556)","(0.48388105630874634, 0.313132643699646)",1,1,2.8390350341796875,2.729476928710937,"(-54.49408721923828, -73.18545532226562, 729.8343505859375)","(11.136451721191406, -73.2269515991211, 728.62939453125)","(-8.823269844055176, 132.6072235107422, 37.623321533203125)","(-5.315083026885986, 143.32998657226562, 41.52605056762695)",POINT (0.4788192510604858 0.3424023687839508),,,,,,,,,,,,,,,,,,,,,,,,,,,,,,,,,,,,,,,,,,,,,1,
0,54,27,437247367601,1813727550,1,1,"(0.4719187617301941, 0.3444145917892456)","(0.4823443591594696, 0.32240134477615356)",1,1,2.8038330078125,2.735015869140625,"(-54.48302459716797, -73.16130065917969, 729.8956909179688)","(11.150045394897461, -73.18861389160156, 728.6865234375)","(-9.46045207977295, 137.6000213623047, 39.44055938720703)","(-5.847590446472168, 141.63223266601562, 40.90812683105469)",POINT (0.4771315604448318 0.3334079682826996),,,,,,,,,,,,,,,,,,,,,,,,,,,,,,,,,,,,,,,,,,,,,1,
0,54,27,437247384268,1813744217,1,1,"(0.47254401445388794, 0.35978052020072937)","(0.4757690727710724, 0.34376269578933716)",1,1,2.819564819335937,2.774765014648437,"(-54.47288513183594, -73.16263580322266, 729.9424438476562)","(11.16092586517334, -73.1746826171875, 728.6570434570312)","(-9.243775367736816, 134.78543090820312, 38.416099548339844)","(-8.126178741455078, 137.71945190429688, 39.483951568603516)",POINT (0.4741565436124802 0.3517716079950333),,,,,,,,,,,,,,,,,,,,,,,,,,,,,,,,,,,,,,,,,,,,,1,
0,54,27,437247400936,1813760884,1,1,"(0.4803336262702942, 0.3661673963069916)","(0.4807664453983307, 0.33555710315704346)",1,1,2.8440399169921875,2.7415008544921875,"(-54.472740173339844, -73.15805053710938, 730.0462646484375)","(11.16653823852539, -73.16796875, 728.7887573242188)","(-6.544398784637451, 133.61553955078125, 37.990325927734375)","(-6.394399166107178, 139.2224578857422, 40.031063079833984)",POINT (0.4805500358343124 0.3508622497320175),,,,,,,,,,,,,,,,,,,,,,,,,,,,,,,,,,,,,,,,,,,,,1,
0,54,27,437247417602,1813777550,1,1,"(0.4733189642429352, 0.36834242939949036)","(0.4830915033817291, 0.33462658524513245)",1,1,2.8309783935546875,2.767684936523437,"(-54.469398498535156, -73.17604064941406, 730.135986328125)","(11.172811508178711, -73.18921661376953, 728.8178100585938)","(-8.975232124328613, 133.2171173095703, 37.84531021118164)","(-5.58867883682251, 139.3928985595703, 40.09309387207031)",POINT (0.4782052338123322 0.3514845073223114),,,,,,,,,,,,,,,,,,,,,,,,,,,,,,,,,,,,,,,,,,,,,1,
0,54,27,437247434270,1813794217,1,1,"(0.47487515211105347, 0.3648340702056885)","(0.4808892011642456, 0.32244038581848145)",1,1,2.8171844482421875,2.726104736328125,"(-54.46055603027344, -73.17639923095703, 730.167236328125)","(11.182353019714355, -73.19022369384766, 728.831787109375)","(-8.435957908630371, 133.85977172851562, 38.07919692993164)","(-6.351863861083984, 141.6250762939453, 40.905517578125)",POINT (0.4778821766376495 0.343637228012085),,,,,,,,,,,,,,,,,,,,,,,,,,,,,,,,,,,,,,,,,,,,,1,
0,54,27,437247450936,1813810883,1,1,"(0.45376813411712646, 0.34706786274909973)","(0.4619123339653015, 0.3105340301990509)",1,1,2.8219451904296875,2.720855712890625,"(-54.49951934814453, -73.19732666015625, 730.1610107421875)","(11.135199546813965, -73.2292251586914, 729.0097045898438)","(-15.750310897827148, 137.114013671875, 39.2636604309082)","(-12.928040504455566, 143.80596923828125, 41.69933319091797)",POINT (0.457840234041214 0.3288009464740753),,,,,,,,,,,,,,,,,,,,,,,,,,,,,,,,,,,,,,,,,,,,,1,
0,54,27,437247467610,1813827556,1,1,"(0.45968344807624817, 0.3301508128643036)","(0.46594342589378357, 0.3266240358352661)",1,1,2.7871551513671875,2.7463836669921875,"(-54.491947174072266, -73.20819854736328, 730.2518310546875)","(11.149288177490234, -73.21647644042969, 728.9651489257812)","(-13.700432777404785, 140.21273803710938, 40.39151382446289)","(-11.531126976013184, 140.85874938964844, 40.626609802246094)",POINT (0.4628134369850159 0.3283874243497848),,,,,,,,,,,,,,,,,,,,,,,,,,,,,,,,,,,,,,,,,,,,,1,
0,54,27,437247484277,1813844223,1,1,"(0.46202829480171204, 0.37739190459251404)","(0.464468777179718, 0.324607789516449)",1,1,2.8382568359375,2.7445068359375,"(-54.484466552734375, -73.23172760009766, 730.2823486328125)","(11.15688705444336, -73.23543548583984, 728.950439453125)","(-12.887856483459473, 131.5595245361328, 37.24197006225586)","(-12.042134284973145, 141.22805786132812, 40.761016845703125)",POINT (0.463248535990715 0.3509998470544815),,,,,,,,,,,,,,,,,,,,,,,,,,,,,,,,,,,,,,,,,,,,,1,
0,54,27,437247500944,1813860889,1,1,"(0.4583350718021393, 0.3561384379863739)","(0.46685585379600525, 0.3273543417453766)",1,1,2.8274383544921875,2.751190185546875,"(-54.4688606262207, -73.22769165039062, 730.2702026367188)","(11.168801307678223, -73.22373962402344, 728.8912963867188)","(-14.167696952819824, 135.4525604248047, 38.658905029296875)","(-11.214932441711426, 140.7249755859375, 40.57791519165039)",POINT (0.4625954627990723 0.3417463898658752),,,,,,,,,,,,,,,,,,,,,,,,,,,,,,,,,,,,,,,,,,,,,1,
0,54,27,437247517611,1813877556,1,1,"(0.4548053741455078, 0.36041295528411865)","(0.47186970710754395, 0.2803921401500702)",1,1,2.822601318359375,2.6667633056640625,"(-54.445091247558594, -73.242919921875, 730.3189697265625)","(11.19262409210205, -73.24406433105469, 728.9052734375)","(-15.39086627960205, 134.66958618164062, 38.373958587646484)","(-9.477447509765625, 149.3271026611328, 43.708858489990234)",POINT (0.4633375406265259 0.3204025477170944),,,,,,,,,,,,,,,,,,,,,,,,,,,,,,,,,,,,,,,,,,,,,1,
0,54,27,437247534279,1813894223,1,1,"(0.4508543610572815, 0.3598748445510864)","(0.45976391434669495, 0.30630624294281006)",1,1,2.82470703125,2.72698974609375,"(-54.41883087158203, -73.22297668457031, 730.2643432617188)","(11.219260215759277, -73.24749755859375, 728.9190063476562)","(-16.760038375854492, 134.76815795898438, 38.409820556640625)","(-13.672548294067383, 144.5803680419922, 41.9811897277832)",POINT (0.4553091377019882 0.3330905437469482),,,,,,,,,,,,,,,,,,,,,,,,,,,,,,,,,,,,,,,,,,,,,1,
0,54,27,437247550945,1813910889,1,1,"(0.4535648226737976, 0.34875091910362244)","(0.4650460481643677, 0.30626824498176575)",1,1,2.80938720703125,2.7323455810546875,"(-54.38438415527344, -73.2034683227539, 730.2249755859375)","(11.252181053161621, -73.24671173095703, 728.9180908203125)","(-15.820767402648926, 136.80575561523438, 39.15143966674805)","(-11.842087745666504, 144.5873260498047, 41.98373794555664)",POINT (0.4593054354190826 0.3275095820426941),,,,,,,,,,,,,,,,,,,,,,,,,,,,,,,,,,,,,,,,,,,,,1,
0,54,27,437247567613,1813927556,1,1,"(0.45036378502845764, 0.3486630618572235)","(0.46533623337745667, 0.33730965852737427)",1,1,2.8203887939453125,2.762054443359375,"(-54.34623718261719, -73.17820739746094, 730.2160034179688)","(11.29397964477539, -73.23233032226562, 728.9308471679688)","(-16.9300537109375, 136.82183837890625, 39.15728759765625)","(-11.741534233093262, 138.90145874023438, 39.9141960144043)",POINT (0.4578500092029572 0.3429863601922989),,,,,,,,,,,,,,,,,,,,,,,,,,,,,,,,,,,,,,,,,,,,,1,
0,54,27,437247584282,1813944225,1,1,"(0.453341543674469, 0.35461124777793884)","(0.4715845584869385, 0.3422715663909912)",1,1,2.8125762939453125,2.771331787109375,"(-54.298797607421875, -73.14111328125, 730.074951171875)","(11.333316802978516, -73.22178649902344, 729.0318603515625)","(-15.898141860961914, 135.7322998046875, 38.76075744628906)","(-9.576271057128906, 137.99258422851562, 39.58340835571289)",POINT (0.4624630510807037 0.348441407084465),,,,,,,,,,,,,,,,,,,,,,,,,,,,,,,,,,,,,,,,,,,,,1,
0,54,27,437247600950,1813960892,1,1,"(0.45623230934143066, 0.26661235094070435)","(0.4614681899547577, 0.3180316984653473)",1,1,2.745941162109375,2.7206268310546875,"(-54.26396942138672, -73.104248046875, 730.0362548828125)","(11.36989688873291, -73.1806640625, 728.9718627929688)","(-14.896378517150879, 151.8511505126953, 44.627540588378906)","(-13.081952095031738, 142.43260192871094, 41.199466705322266)",POINT (0.4588502496480942 0.2923220247030258),,,,,,,,,,,,,,,,,,,,,,,,,,,,,,,,,,,,,,,,,,,,1,1,
0,54,27,437247617617,1813977559,1,1,"(0.44670048356056213, 0.14911124110221863)","(0.46455681324005127, 0.3182658553123474)",1,1,2.71240234375,2.697906494140625,"(-54.23772430419922, -73.07209777832031, 730.1009521484375)","(11.416817665100098, -73.15867614746094, 729.058349609375)","(-18.199501037597656, 173.3739776611328, 52.461204528808594)","(-12.01164436340332, 142.3897247314453, 41.18385314941406)",POINT (0.4556286484003067 0.233688548207283),,,,,,,,,,,,,,,,,,,,,,,,,,,1,,,,,,,,,,,,,,,,,,1,
0,54,27,437247784291,1814144228,1,1,"(0.45998477935791016, 0.3771895468235016)","(0.47171416878700256, 0.15042050182819366)",1,1,2.74566650390625,2.678070068359375,"(-53.91181945800781, -72.98582458496094, 730.9720458984375)","(11.806854248046875, -73.32633972167969, 729.74853515625)","(-13.59601879119873, 131.5966033935547, 37.255455017089844)","(-9.531342506408691, 173.1341552734375, 52.37394332885742)",POINT (0.4658494740724564 0.2638050243258476),,,,,,,,,,,,,,,,,,,,,,,,,,,,,,,,,,,,,,,,,,,,1,1,
0,54,27,437247800959,1814160895,1,1,"(0.4720166027545929, 0.37414824962615967)","(0.48204249143600464, 0.24615000188350677)",1,1,2.7247467041015625,2.6944732666015625,"(-53.88266372680664, -73.01365661621094, 731.0074462890625)","(11.820287704467773, -73.37208557128906, 729.8519897460938)","(-9.426549911499023, 132.15367126464844, 37.458213806152344)","(-5.952214241027832, 155.59927368164062, 45.99174118041992)",POINT (0.4770295470952988 0.3101491257548332),,,,,,,,,,,,,,,,,,,,,,,,,,,,,,,,,,,,,,,,,,,,,1,
0,54,27,437247817625,1814177561,1,1,"(0.4780709743499756, 0.28066322207450867)","(0.4806692898273468, 0.3156140446662903)",1,1,2.8004913330078125,2.7001495361328125,"(-53.86177062988281, -73.0512466430664, 731.025146484375)","(11.829645156860352, -73.41825866699219, 730.0576171875)","(-7.328479290008545, 149.27743530273438, 43.69076919555664)","(-6.428084373474121, 142.87547302246094, 41.36064147949219)",POINT (0.4793701320886612 0.2981386333703995),,,,,,,,,,,,,,,,,,,,,,,,,,,,,,,,,,,,,,,,,,,,,1,
0,54,27,437247850966,1814210901,1,1,"(0.4717271029949188, 0.25400763750076294)","(0.48490092158317566, 0.32055169343948364)",1,1,2.783187866210937,2.69500732421875,"(-53.85274124145508, -73.19917297363281, 731.505615234375)","(11.852441787719727, -73.52499389648438, 730.466796875)","(-9.52686882019043, 154.15997314453125, 45.467864990234375)","(-4.961643695831299, 141.97100830078125, 41.03145980834961)",POINT (0.4783140122890472 0.2872796654701233),,,,,,,,,,,,,,,,,,,,,,,,,,,,,,,,,,,,,,,,,,,,1,1,
0,54,27,437247867633,1814227567,1,1,"(0.46939170360565186, 0.23637984693050385)","(0.48175927996635437, 0.33538928627967834)",1,1,2.792510986328125,2.7127227783203125,"(-53.84050750732422, -73.24699401855469, 731.521240234375)","(11.857183456420898, -73.56625366210938, 730.4803466796875)","(-10.336174011230469, 157.3888702392578, 46.64310836791992)","(-6.050351142883301, 139.25320434570312, 40.042259216308594)",POINT (0.4755754917860031 0.2858845666050911),,,,,,,,,,,,,,,,,,,,,,,,,,,,,,,,,,,,,,,,,,,,1,1,
0,54,27,437247884300,1814244234,1,1,"(0.47697699069976807, 0.2684803009033203)","(0.482955664396286, 0.31954893469810486)",1,1,2.81121826171875,2.726776123046875,"(-53.84140396118164, -73.28852844238281, 731.6557006835938)","(11.860252380371094, -73.60488891601562, 730.5555419921875)","(-7.707588195800781, 151.50901794433594, 44.50297927856445)","(-5.635758399963379, 142.15469360351562, 41.09831237792969)",POINT (0.479966327548027 0.2940146178007126),,,,,,,,,,,,,,,,,,,,,,,,,,,,,,,,,,,,,,,,,,,,1,1,
0,54,27,437247900967,1814260900,1,1,"(0.4729369282722473, 0.26539766788482666)","(0.48390644788742065, 0.3222966492176056)",1,1,2.8001861572265625,2.7475738525390625,"(-53.8340950012207, -73.340087890625, 731.8063354492188)","(11.867334365844727, -73.65313720703125, 730.6298828125)","(-9.107629776000977, 152.0736541748047, 44.70851516723633)","(-5.306281089782715, 141.65139770507812, 40.915103912353516)",POINT (0.478421688079834 0.2938471585512161),,,,,,,,,,,,,,,,,,,,,,,,,,,,,,,,,,,,,,,,,,,,1,1,
0,54,27,437247917634,1814277567,1,1,"(0.4713219404220581, 0.21917007863521576)","(0.4911470413208008, 0.33950093388557434)",1,1,2.766845703125,2.762313842773437,"(-53.82604217529297, -73.35548400878906, 731.927734375)","(11.877775192260742, -73.67713928222656, 730.6737060546875)","(-9.667267799377441, 160.5412139892578, 47.79045867919922)","(-2.79714298248291, 138.50006103515625, 39.76811981201172)",POINT (0.4812344908714294 0.279335506260395),,,,,,,,,,,,,,,,,,,,,,,,,,,,,,,,,,,,,,,,,,,,1,1,
0,54,27,437247934301,1814294233,1,1,"(0.4767312705516815, 0.2724784314632416)","(0.49490782618522644, 0.3262658715248108)",1,1,2.7559814453125,2.7468414306640625,"(-53.7951774597168, -73.36197662353516, 731.977294921875)","(11.893866539001465, -73.71593475341797, 730.821044921875)","(-7.792734622955322, 150.7766571044922, 44.236446380615234)","(-1.493898868560791, 140.92434692382812, 40.650516510009766)",POINT (0.485819548368454 0.2993721514940262),,,,,,,,,,,,,,,,,,,,,,,,,,,,,,,,,,,,,,,,,,,,,1,
0,54,27,437247950968,1814310900,1,1,"(0.47277817130088806, 0.2999803423881531)","(0.4922991096973419, 0.3219873607158661)",1,1,2.837020874023437,2.7718658447265625,"(-53.77035903930664, -73.32292938232422, 732.0558471679688)","(11.920055389404297, -73.72285461425781, 731.011474609375)","(-9.162639617919922, 145.7390899658203, 42.402923583984375)","(-2.397919178009033, 141.7080535888672, 40.93574523925781)",POINT (0.482538640499115 0.3109838515520096),,,,,,,,,,,,,,,,,,,,,,,,,,,,,,,,,,,,,,,,,,,,,1,
0,54,27,437247967636,1814327567,1,1,"(0.4642629623413086, 0.2723642885684967)","(0.4784417152404785, 0.31333181262016296)",1,1,2.798583984375,2.769317626953125,"(-53.7186279296875, -73.30303955078125, 732.0792236328125)","(11.965174674987793, -73.7482681274414, 731.3338623046875)","(-12.11347770690918, 150.79757690429688, 44.24406051635742)","(-7.200013160705566, 143.2935028076172, 41.51279067993164)",POINT (0.4713523387908936 0.2928480505943298),,,,,,,,,,,,,,,,,,,,,,,,,,,,,,,,,,,,,,,,,,,,1,1,
0,54,27,437247984308,1814344239,1,1,"(0.46270105242729187, 0.2547919750213623)","(0.47947120666503906, 0.2972918450832367)",1,1,2.801177978515625,2.7755126953125,"(-53.65514373779297, -73.27971649169922, 732.2847900390625)","(12.018820762634277, -73.71002197265625, 731.111083984375)","(-12.654725074768066, 154.01632690429688, 45.415557861328125)","(-6.843244552612305, 146.2315673828125, 42.5821533203125)",POINT (0.4710861295461655 0.2760419100522995),,,,,,,,,,,,,,,,,,,,,,,,,,,,,,,,,,,,,,,,,,,,1,1,
0,54,27,437248000975,1814360905,1,1,"(0.4662376642227173, 0.2743070125579834)","(0.477722704410553, 0.2968593239784241)",1,1,2.8022613525390625,2.76226806640625,"(-53.583980560302734, -73.24781799316406, 732.2369384765625)","(12.086318016052246, -73.6771240234375, 731.0186767578125)","(-11.429158210754395, 150.4417266845703, 44.114524841308594)","(-7.4491705894470215, 146.31077575683594, 42.611000061035156)",POINT (0.4719801843166351 0.2855831682682037),,,,,,,,,,,,,,,,,,,,,,,,,,,,,,,,,,,,,,,,,,,,1,1,
0,54,27,437248017642,1814377572,1,1,"(0.46989086270332336, 0.311972975730896)","(0.48064443469047546, 0.303150475025177)",1,1,2.8289947509765625,2.8017730712890625,"(-53.526145935058594, -73.20682525634766, 732.2907104492188)","(12.158863067626953, -73.67680358886719, 731.2959594726562)","(-10.163174629211426, 143.54238891601562, 41.6033935546875)","(-6.436677932739258, 145.15843200683594, 42.19156265258789)",POINT (0.4752676486968994 0.3075617253780365),,,,,,,,,,,,,,,,,,,,,,,,,,,,,,,,,,,,,,,,,,,,,1,
0,54,27,437248034309,1814394238,1,1,"(0.4702491760253906, 0.34935903549194336)","(0.4733349680900574, 0.30880868434906006)",1,1,2.8706817626953125,2.8259429931640625,"(-53.4516716003418, -73.18382263183594, 732.4071044921875)","(12.22891616821289, -73.68995666503906, 731.5435180664062)","(-10.03902816772461, 136.6943359375, 39.11090850830078)","(-8.969684600830078, 144.1220245361328, 41.81431579589844)",POINT (0.471792072057724 0.3290838599205017),,,,,,,,,,,,,,,,,,,,,,,,,,,,,,,,,,,,,,,,,,,,,1,
0,54,27,437248050976,1814410905,1,1,"(0.47257158160209656, 0.35170572996139526)","(0.48139095306396484, 0.31093791127204895)",1,1,2.8866424560546875,2.81982421875,"(-53.39161682128906, -73.16497039794922, 732.3572998046875)","(12.278596878051758, -73.66996765136719, 731.37939453125)","(-9.234230995178223, 136.26449584960938, 38.954471588134766)","(-6.177987575531006, 143.7319793701172, 41.67241668701172)",POINT (0.4769812673330307 0.3313218206167221),,,,,,,,,,,,,,,,,,,,,,,,,,,,,,,,,,,,,,,,,,,,,1,
0,54,27,437248067644,1814427572,1,1,"(0.46941882371902466, 0.3178744316101074)","(0.4829891622066498, 0.29862669110298157)",1,1,2.8448944091796875,2.79901123046875,"(-53.342899322509766, -73.15219116210938, 732.379638671875)","(12.327434539794922, -73.66035461425781, 731.2893676757812)","(-10.326777458190918, 142.46142578125, 41.209938049316406)","(-5.624156475067139, 145.98704528808594, 42.4931755065918)",POINT (0.4762039929628372 0.3082505613565445),,,,,,,,,,,,,,,,,,,,,,,,,,,,,,,,,,,,,,,,,,,,,1,
0,54,27,437248084311,1814444239,1,1,"(0.4810815751552582, 0.3506286144256592)","(0.4754769504070282, 0.31306764483451843)",1,1,2.9064178466796875,2.821807861328125,"(-53.295352935791016, -73.14891815185547, 732.282470703125)","(12.381614685058594, -73.68984985351562, 731.4349975585938)","(-6.285205364227295, 136.46177673339844, 39.02629852294922)","(-8.22740650177002, 143.34188842773438, 41.53040313720703)",POINT (0.4782792627811432 0.3318481296300888),,,,,,,,,,,,,,,,,,,,,,,,,,,,,,,,,,,,,,,,,,,,,1,
0,54,27,437248100978,1814460905,1,1,"(0.46276360750198364, 0.332897424697876)","(0.4773584306240082, 0.2995472848415375)",1,1,2.8677978515625,2.805267333984375,"(-53.243804931640625, -73.14913940429688, 732.349853515625)","(12.43470573425293, -73.71810913085938, 731.580322265625)","(-12.633042335510254, 139.7096405029297, 40.20841598510742)","(-7.575398921966553, 145.81842041015625, 42.43181610107422)",POINT (0.4700610190629959 0.3162223547697067),,,,,,,,,,,,,,,,,,,,,,,,,,,,,,,,,,,,,,,,,,,,,1,
0,54,27,437248117649,1814477576,1,1,"(0.47054940462112427, 0.29812949895858765)","(0.47355520725250244, 0.30662718415260315)",1,1,2.8502197265625,2.814483642578125,"(-53.19731140136719, -73.15389251708984, 732.3435668945312)","(12.471782684326172, -73.73176574707031, 731.5792846679688)","(-9.934980392456055, 146.07814025878906, 42.52631759643555)","(-8.893362045288086, 144.5216064453125, 41.95975112915039)",POINT (0.4720523059368134 0.3023783415555954),,,,,,,,,,,,,,,,,,,,,,,,,,,,,,,,,,,,,,,,,,,,,1,
0,54,27,437248134317,1814494243,1,1,"(0.4673939645290375, 0.30616357922554016)","(0.47734320163726807, 0.29416513442993164)",1,1,2.8727264404296875,2.797836303710937,"(-53.14543914794922, -73.15774536132812, 732.3369140625)","(12.511218070983887, -73.70185852050781, 731.2391357421875)","(-11.028443336486816, 144.60650634765625, 41.990692138671875)","(-7.580671787261963, 146.80429077148438, 42.79057693481445)",POINT (0.4723685830831528 0.3001643568277359),,,,,,,,,,,,,,,,,,,,,,,,,,,,,,,,,,,,,,,,,,,,,1,
0,54,27,437248150984,1814510910,1,1,"(0.46657371520996094, 0.3009893000125885)","(0.48510754108428955, 0.29891660809516907)",1,1,2.84869384765625,2.812042236328125,"(-53.10708236694336, -73.151123046875, 732.3128662109375)","(12.557066917419434, -73.6959228515625, 731.1922607421875)","(-11.312707901000977, 145.55429077148438, 42.33566665649414)","(-4.890046119689941, 145.93392944335938, 42.4738655090332)",POINT (0.4758406281471252 0.2999529540538788),,,,,,,,,,,,,,,,,,,,,,,,,,,,,,,,,,,,,,,,,,,,,1,
0,54,27,437248167652,1814527577,1,1,"(0.47055476903915405, 0.31866466999053955)","(0.47885051369667053, 0.3114962577819824)",1,1,2.878448486328125,2.81494140625,"(-53.0705451965332, -73.14667510986328, 732.1998291015625)","(12.598414421081543, -73.71159362792969, 731.25)","(-9.933137893676758, 142.31668090820312, 41.15723419189453)","(-7.0583391189575195, 143.62973022460938, 41.63514709472656)",POINT (0.4747026413679123 0.315080463886261),,,,,,,,,,,,,,,,,,,,,,,,,,,,,,,,,,,,,,,,,,,,,1,
0,54,27,437248184318,1814544243,1,1,"(0.42835813760757446, 0.28991734981536865)","(0.44073739647865295, 0.306924968957901)",1,1,2.840682983398437,2.829986572265625,"(-53.115013122558594, -73.13935852050781, 732.2968139648438)","(12.522568702697754, -73.69705200195312, 731.1497802734375)","(-24.555797576904297, 147.58236694335938, 43.073814392089844)","(-20.265941619873047, 144.46705627441406, 41.93990707397461)",POINT (0.4345477670431137 0.2984211593866348),,,,,,,,,,,,,,,,,,,,,,,,,,,,,,,,,,,,,,,,,,,,,1,
0,54,27,437248200986,1814560910,1,1,"(0.4224666655063629, 0.2991669476032257)","(0.4384699761867523, 0.3137606084346771)",1,1,2.883651733398437,2.838043212890625,"(-53.10015106201172, -73.15345764160156, 732.2548217773438)","(12.54117202758789, -73.70185852050781, 731.1050415039062)","(-26.59739875793457, 145.88807678222656, 42.457191467285156)","(-21.051671981811523, 143.2149658203125, 41.48419189453125)",POINT (0.4304683208465576 0.3064637780189514),,,,,,,,,,,,,,,,,,,,,,,,,,,,,,,,,,,,,,,,,,,,,1,
0,54,27,437248217653,1814577577,1,1,"(0.42438802123069763, 0.2868429720401764)","(0.4358479380607605, 0.32599151134490967)",1,1,2.823272705078125,2.8455047607421875,"(-53.078407287597656, -73.14527130126953, 732.1682739257812)","(12.575084686279297, -73.70292663574219, 731.0740966796875)","(-25.931583404541016, 148.14547729492188, 43.27878952026367)","(-21.960296630859375, 140.97462463378906, 40.668766021728516)",POINT (0.4301179796457291 0.306417241692543),,,,,,,,,,,,,,,,,,,,,,,,,,,,,,,,,,,,,,,,,,,,,1,
0,54,27,437248234321,1814594244,1,1,"(0.4251875579357147, 0.2703925371170044)","(0.43673229217529297, 0.31056153774261475)",1,1,2.815338134765625,2.807647705078125,"(-53.05148696899414, -73.15005493164062, 732.0390625)","(12.603346824645996, -73.71371459960938, 731.043701171875)","(-25.654521942138672, 151.1587371826172, 44.375511169433594)","(-21.653858184814453, 143.8009490966797, 41.697479248046875)",POINT (0.4309599250555038 0.2904770374298096),,,,,,,,,,,,,,,,,,,,,,,,,,,,,,,,,,,,,,,,,,,,1,1,
0,54,27,437248250990,1814610913,1,1,"(0.42871159315109253, 0.2616533637046814)","(0.4363265633583069, 0.3087787926197052)",1,1,2.8132476806640625,2.8097686767578125,"(-53.03183364868164, -73.16493225097656, 731.9830322265625)","(12.62727165222168, -73.72677612304688, 731.1019287109375)","(-24.433320999145508, 152.75950622558594, 44.95812225341797)","(-21.794456481933594, 144.1274871826172, 41.816341400146484)",POINT (0.4325190782546997 0.2852160781621933),,,,,,,,,,,,,,,,,,,,,,,,,,,,,,,,,,,,,,,,,,,,1,1,
0,54,27,437248267657,1814627579,1,1,"(0.4298096299171448, 0.2583554983139038)","(0.43883389234542847, 0.3395754098892212)",1,1,2.81048583984375,2.83538818359375,"(-53.01696014404297, -73.17568969726562, 731.882568359375)","(12.640192985534668, -73.74638366699219, 731.1456298828125)","(-24.05280876159668, 153.3635711669922, 45.17800521850586)","(-20.92557716369629, 138.48641967773438, 39.763187408447266)",POINT (0.4343217611312866 0.2989654541015625),,,,,,,,,,,,,,,,,,,,,,,,,,,,,,,,,,,,,,,,,,,,,1,
0,54,27,437248284324,1814644246,1,1,"(0.4224300682544708, 0.2211434692144394)","(0.44074276089668274, 0.3119071424007416)",1,1,2.793426513671875,2.7857818603515625,"(-53.01114273071289, -73.19600677490234, 731.8228149414062)","(12.641605377197266, -73.76081085205078, 731.1456909179688)","(-26.610092163085938, 160.1797332763672, 47.65890884399414)","(-20.26407241821289, 143.55445861816406, 41.6077766418457)",POINT (0.4315864145755768 0.2665253058075905),,,,,,,,,,,,,,,,,,,,,,,,,,,,,,,,,,,,,,,,,,,,1,1,
0,54,27,437248300991,1814660913,1,1,"(0.425484836101532, 0.21789415180683136)","(0.44648927450180054, 0.32611891627311707)",1,1,2.7862548828125,2.808334350585937,"(-53.01506805419922, -73.21334838867188, 731.8070678710938)","(12.639162063598633, -73.78030395507812, 731.1307373046875)","(-25.55150604248047, 160.7749481201172, 47.87550354003906)","(-18.272695541381836, 140.95126342773438, 40.660282135009766)",POINT (0.4359870553016663 0.2720065340399742),,,,,,,,,,,,,,,,,,,,,,,,,,,,,,,,,,,,,,,,,,,,1,1,
0,54,27,437248317659,1814677580,1,1,"(0.42649975419044495, 0.2478335052728653)","(0.4424711763858795, 0.3270364999771118)",1,1,2.802825927734375,2.8176422119140625,"(-53.041168212890625, -73.23411560058594, 731.8921508789062)","(12.618124008178711, -73.78116607666016, 730.99853515625)","(-25.199804306030273, 155.29090881347656, 45.879478454589844)","(-19.665117263793945, 140.783203125, 40.599098205566406)",POINT (0.4344854652881622 0.2874350026249886),,,,,,,,,,,,,,,,,,,,,,,,,,,,,,,,,,,,,,,,,,,,1,1,
0,54,27,437248334325,1814694246,1,1,"(0.42209944128990173, 0.20099380612373352)","(0.43571892380714417, 0.30284810066223145)",1,1,2.754486083984375,2.760498046875,"(-53.06454086303711, -73.2482681274414, 731.9324951171875)","(12.591436386108398, -73.77841186523438, 730.896484375)","(-26.72466468811035, 163.87060546875, 49.00223159790039)","(-22.005022048950195, 145.2138214111328, 42.21168899536133)",POINT (0.428909182548523 0.2519209533929825),,,,,,,,,,,,,,,,,,,,,,,,,,,,,,,,,,,,,,,,,,,,1,1,
0,54,27,437248350993,1814710913,1,1,"(0.4225432276725769, 0.22749152779579163)","(0.4357554018497467, 0.30384570360183716)",1,1,2.76904296875,2.7825469970703125,"(-53.08787536621094, -73.24877166748047, 731.92822265625)","(12.564756393432617, -73.76508331298828, 730.7794799804688)","(-26.57088279724121, 159.0169677734375, 47.235687255859375)","(-21.99237632751465, 145.0310821533203, 42.14522933959961)",POINT (0.4291493147611618 0.2656686156988144),,,,,,,,,,,,,,,,,,,,,,,,,,,,,,,,,,,,,,,,,,,,1,1,
0,54,27,437248367659,1814727579,1,1,"(0.42117220163345337, 0.24591590464115143)","(0.4345625340938568, 0.3071577250957489)",1,1,2.8240203857421875,2.764556884765625,"(-53.13996505737305, -73.25833129882812, 732.0096435546875)","(12.531119346618652, -73.7640151977539, 730.8697509765625)","(-27.04599952697754, 155.6421661376953, 46.007347106933594)","(-22.405744552612305, 144.42440795898438, 41.92441940307617)",POINT (0.4278673678636551 0.2765368148684502),,,,,,,,,,,,,,,,,,,,,,,,,,,,,,,,,,,,,,1,,,,,,1,1,
0,54,27,437248384333,1814744252,1,1,"(0.43016716837882996, 0.2696114778518677)","(0.4356606900691986, 0.3238831162452698)",1,1,2.820953369140625,2.798080444335937,"(-53.18009948730469, -73.23619079589844, 731.8688354492188)","(12.482915878295898, -73.7628173828125, 730.9752197265625)","(-23.928895950317383, 151.30181884765625, 44.42757797241211)","(-22.025182723999023, 141.3607940673828, 40.80934524536133)",POINT (0.4329139292240143 0.2967472970485687),,,,,,,,,,,,,,,,,,,,,,,,,,,,,,,,,,,,,,,,,,,,,1,
0,54,27,437248401000,1814760919,1,1,"(0.4277133345603943, 0.19375258684158325)","(0.43600836396217346, 0.307370662689209)",1,1,2.7698516845703125,2.7626190185546875,"(-53.2410774230957, -73.22575378417969, 731.8890380859375)","(12.435821533203125, -73.76849365234375, 731.2125244140625)","(-24.779247283935547, 165.19699096679688, 49.4849967956543)","(-21.904726028442383, 144.38540649414062, 41.91022872924805)",POINT (0.4318608492612839 0.2505616247653961),,,,,,,,,,,,,,,,,,,,,,,,,,,,,,,,,,,,,,,,,,,,1,1,
0,54,27,437248417667,1814777585,1,1,"(0.4220781922340393, 0.21160520613193512)","(0.4393745958805084, 0.3136337101459503)",1,1,2.763671875,2.7696533203125,"(-53.3150634765625, -73.22975158691406, 732.0863037109375)","(12.364952087402344, -73.74908447265625, 731.05322265625)","(-26.732027053833008, 161.9268798828125, 48.2947883605957)","(-20.73819923400879, 143.2382049560547, 41.492645263671875)",POINT (0.4307263940572739 0.2626194581389427),,,,,,,,,,,,,,,,,,,,,,,,,,,,,,,,,,,,,,,,,,,,1,1,
0,54,27,437248434334,1814794252,1,1,"(0.42110294103622437, 0.2139759361743927)","(0.4378805458545685, 0.2896920144557953)",1,1,2.7889556884765625,2.7530975341796875,"(-53.37271499633789, -73.21971893310547, 732.1072998046875)","(12.29620361328125, -73.72917175292969, 730.9085083007812)","(-27.07000160217285, 161.4926300048828, 48.136756896972656)","(-21.255939483642578, 147.62362670898438, 43.088829040527344)",POINT (0.4294917434453964 0.251833975315094),,,,,,,,,,,,,,,,,,,,,,,,,,,,,,,,,,,,,,,,,,,,1,1,
0,54,27,437248451002,1814810919,1,1,"(0.42057138681411743, 0.2438240796327591)","(0.4368179440498352, 0.3156106472015381)",1,1,2.8200225830078125,2.790802001953125,"(-53.43895721435547, -73.20160675048828, 731.9912719726562)","(12.232539176940918, -73.74313354492188, 731.32373046875)","(-27.25420379638672, 156.02532958984375, 46.14678955078125)","(-21.624176025390625, 142.87608337402344, 41.36087417602539)",POINT (0.4286946654319763 0.2797173634171486),,,,,,,,,,,,,,,,,,,,,,,,,,,,,,,,,,,,,,,,,,,,1,1,
0,54,27,437248467668,1814827585,1,1,"(0.4528610110282898, 0.25992298126220703)","(0.46648216247558594, 0.3200085461139679)",1,1,2.853744506835937,2.7976531982421875,"(-53.474891662597656, -73.2154312133789, 732.0899658203125)","(12.206013679504395, -73.7496566772461, 731.4869995117188)","(-16.064674377441406, 153.0764923095703, 45.073486328125)","(-11.34443473815918, 142.0705108642578, 41.06767654418945)",POINT (0.4596715867519379 0.2899657636880875),,,,,,,,,,,,,,,,,,,,,,,,,,,,,,,,,,,,,,,,,,,,1,1,
0,54,27,437248484336,1814844252,1,1,"(0.45351964235305786, 0.2086707353591919)","(0.4700493812561035, 0.3065059185028076)",1,1,2.8120880126953125,2.787704467773437,"(-53.55101013183594, -73.22038269042969, 732.152587890625)","(12.138554573059082, -73.7184066772461, 731.2238159179688)","(-15.836416244506836, 162.46438598632812, 48.49044418334961)","(-10.108254432678223, 144.54379272460938, 41.967891693115234)",POINT (0.4617845118045807 0.2575883269309998),,,,,,,,,,,,,,,,,,,,,,,,,,,,,,,,,,,,,,,,,,,1,1,1,
0,54,27,437248501003,1814860919,1,1,"(0.44482704997062683, 0.2511935830116272)","(0.46228405833244324, 0.3039960563182831)",1,1,2.8584442138671875,2.7805938720703125,"(-53.63714599609375, -73.25294494628906, 732.1829833984375)","(12.029523849487305, -73.70135498046875, 731.1395263671875)","(-18.84871482849121, 154.67543029785156, 45.65548324584961)","(-12.799226760864258, 145.0035400390625, 42.13521957397461)",POINT (0.453555554151535 0.2775948196649551),,,,,,,,,,,,,,,,,,,,,,,,,,,,,,,,,,,,,,,,,,,,1,1,
0,54,27,437248517675,1814877590,1,1,"(0.4517715275287628, 0.20836855471134186)","(0.47067368030548096, 0.3156321942806244)",1,1,2.8126983642578125,2.799667358398437,"(-53.746307373046875, -73.26860809326172, 732.1201171875)","(11.945612907409668, -73.73487091064453, 731.52587890625)","(-16.44220542907715, 162.519775390625, 48.51054382324219)","(-9.891924858093262, 142.87213134765625, 41.35946273803711)",POINT (0.4612226039171219 0.2620003744959831),,,,,,,,,,,,,,,,,,,,,,,,,,,,,,,,,,,,,,,,,,,1,1,1,
0,54,27,437248534342,1814894257,1,1,"(0.4574962854385376, 0.21720443665981293)","(0.46485403180122375, 0.3046184480190277)",1,1,2.8341522216796875,2.783782958984375,"(-53.84309387207031, -73.3059310913086, 732.1632080078125)","(11.835369110107422, -73.70069122314453, 731.1025390625)","(-14.458362579345703, 160.90127563476562, 47.921512603759766)","(-11.908635139465332, 144.8895263671875, 42.093719482421875)",POINT (0.4611751586198807 0.2609114423394203),,,,,,,,,,,,,,,,,,,,,,,,,,,,,,,,,,,,,,,,,,,1,1,1,
0,54,27,437248551010,1814910924,1,1,"(0.45162028074264526, 0.28064921498298645)","(0.4642692506313324, 0.30710569024086)",1,1,2.89971923828125,2.8045806884765625,"(-53.9262809753418, -73.31932067871094, 732.0150146484375)","(11.747318267822266, -73.73356628417969, 731.4152221679688)","(-16.494619369506836, 149.27999877929688, 43.691715240478516)","(-12.111288070678711, 144.43394470214844, 41.92786407470703)",POINT (0.4579447656869888 0.2938774526119232),,,,,,,,,,,,,,,,,,,,,,,,,,,,,,,,,,,,,,,,,,,,1,1,
0,54,27,437248567676,1814927590,1,1,"(0.45060551166534424, 0.23527531325817108)","(0.4635188579559326, 0.3092416226863861)",1,1,2.833404541015625,2.7958221435546875,"(-54.02121353149414, -73.34326171875, 732.0452880859375)","(11.673408508300781, -73.7188720703125, 731.2267456054688)","(-16.846267700195312, 157.59120178222656, 46.71675109863281)","(-12.371320724487305, 144.04270935058594, 41.78547668457031)",POINT (0.4570621848106384 0.2722584679722786),,,,,,,,,,,,,,,,,,,,,,,,,,,,,,,,,,,,,,,,,,,,1,1,
0,54,27,437248584344,1814944257,1,1,"(0.4495062530040741, 0.2537219822406769)","(0.4671993851661682, 0.3121998608112335)",1,1,2.8555145263671875,2.804534912109375,"(-54.08757400512695, -73.34553527832031, 732.0639038085938)","(11.599870681762695, -73.69259643554688, 730.9783935546875)","(-17.227195739746094, 154.21231079101562, 45.486907958984375)","(-11.09588623046875, 143.50083923339844, 41.5882568359375)",POINT (0.4583528190851212 0.2829609215259552),,,,,,,,,,,,,,,,,,,,,,,,,,,,,,,,,,,,,,,,,,,,1,1,
0,54,27,437248601011,1814960924,1,1,"(0.4567822515964508, 0.28149163722991943)","(0.46288150548934937, 0.2997381389141083)",1,1,2.9122467041015625,2.7806549072265625,"(-54.1455078125, -73.33830261230469, 732.0243530273438)","(11.540210723876953, -73.68424224853516, 730.921630859375)","(-14.70580768585205, 149.12571716308594, 43.63551712036133)","(-12.592192649841309, 145.783447265625, 42.41908264160156)",POINT (0.4598318785429001 0.2906148880720138),,,,,,,,,,,,,,,,,,,,,,,,,,,,,,,,,,,,,,,,,,,,1,1,
0,54,27,437248617678,1814977590,1,1,"(0.454334020614624, 0.28855493664741516)","(0.4629095196723938, 0.30689364671707153)",1,1,2.8702850341796875,2.8202362060546875,"(-54.1922607421875, -73.32579040527344, 731.9266357421875)","(11.502052307128906, -73.69886016845703, 731.202392578125)","(-15.554203987121582, 147.8319091796875, 43.164634704589844)","(-12.582476615905762, 144.47279357910156, 41.94200897216797)",POINT (0.4586217701435089 0.2977242916822434),,,,,,,,,,,,,,,,,,,,,,,,,,,,,,,,,,,,,,,,,,,,,1,
0,54,27,437248634349,1814994261,1,1,"(0.4602397382259369, 0.27718690037727356)","(0.46332430839538574, 0.29040995240211487)",1,1,2.8983306884765625,2.803436279296875,"(-54.2365608215332, -73.32684326171875, 731.94921875)","(11.4647855758667, -73.6783447265625, 731.2034912109375)","(-13.50765323638916, 149.91421508789062, 43.92253112792969)","(-12.438740730285645, 147.49212646484375, 43.04096221923828)",POINT (0.4617820233106613 0.2837984263896942),,,,,,,,,,,,,,,,,,,,,,,,,,,,,,,,,,,,,,,,,,,,1,1,
0,54,27,437248651016,1815010927,1,1,"(0.45886722207069397, 0.266332745552063)","(0.47008848190307617, 0.3138522803783417)",1,1,2.86962890625,2.80462646484375,"(-54.264808654785156, -73.32707214355469, 731.960205078125)","(11.435676574707031, -73.64559173583984, 731.0714721679688)","(-13.983290672302246, 151.90237426757812, 44.64619445800781)","(-10.094696044921875, 143.19813537597656, 41.47813034057617)",POINT (0.4644778519868851 0.2900925129652023),,,,,,,,,,,,,,,,,,,,,,,,,,,,,,,,,,,,,,,,,,,,1,1,
0,54,27,437248667683,1815027594,1,1,"(0.4581030309200287, 0.24463021755218506)","(0.4680013656616211, 0.31257370114326477)",1,1,2.903656005859375,2.801864624023437,"(-54.28883361816406, -73.32937622070312, 731.970947265625)","(11.413376808166504, -73.62217712402344, 731.028076171875)","(-14.24810791015625, 155.87765502929688, 46.093048095703125)","(-10.817984580993652, 143.43235778808594, 41.5633659362793)",POINT (0.4630521982908249 0.2786019593477249),,,,,,,,,,,,,,,,,,,,,,,,,,,,,,,,,,,,,,,,,,,,1,1,
0,54,27,437248684351,1815044261,1,1,"(0.4442662000656128, 0.27062925696372986)","(0.4672871232032776, 0.3257918953895569)",1,1,2.922821044921875,2.81219482421875,"(-54.30992126464844, -73.32374572753906, 732.0271606445312)","(11.404447555541992, -73.59048461914062, 731.042724609375)","(-19.04306411743164, 151.11537170410156, 44.35974884033203)","(-11.065484046936035, 141.0111541748047, 40.68212890625)",POINT (0.4557766616344452 0.2982105761766434),,,,,,,,,,,,,,,,,,,,,,,,,,,,,,,,,,,,,,,,,,,,,1,
0,54,27,437248934369,1815294272,1,1,"(0.4434550106525421, 0.23526518046855927)","(0.46897661685943604, 0.1340709775686264)",1,1,2.751220703125,2.78466796875,"(-53.80244064331055, -72.99884796142578, 731.5418701171875)","(11.95816707611084, -73.30200958251953, 730.4188232421875)","(-19.32417869567871, 157.59307861328125, 46.71738052368164)","(-10.480010032653809, 176.12893676757812, 53.463897705078125)",POINT (0.4562158137559891 0.1846680790185928),,,,,,,,,,,,,,,,,,,,,,,,,,,,,,,,,,,,,,,,,,,,1,,
0,54,27,437248951037,1815310939,1,1,"(0.451580286026001, 0.2582203149795532)","(0.4774157404899597, 0.25024887919425964)",1,1,2.809783935546875,2.854644775390625,"(-53.75762176513672, -72.9991455078125, 731.5791015625)","(12.03005599975586, -73.33332061767578, 730.6220703125)","(-16.508466720581055, 153.38833618164062, 45.18703842163086)","(-7.555545806884766, 154.84848022460938, 45.71842956542969)",POINT (0.4644980132579804 0.2542345970869064),,,,,,,,,,,,,,,,,,,,,,,,,,,,,,,,,,,,,,,,,,,,1,1,
0,54,27,437248967703,1815327605,1,1,"(0.45199182629585266, 0.35428810119628906)","(0.4634893238544464, 0.15667924284934998)",1,1,2.8964080810546875,2.747894287109375,"(-53.689266204833984, -72.99484252929688, 731.3360595703125)","(12.074499130249023, -73.35089111328125, 730.4146118164062)","(-16.36585235595703, 135.79147338867188, 38.78227996826172)","(-12.381553649902344, 171.9877471923828, 51.956661224365234)",POINT (0.4577405750751495 0.2554836720228195),,,,,,,,,,,,,,,,,,,,,,,,,,,,,,,,,,,,,,,,,,,,1,1,
0,54,27,437248984370,1815344271,1,1,"(0.46491122245788574, 0.28841301798820496)","(0.47971659898757935, 0.24786914885044098)",1,1,2.8941802978515625,2.841766357421875,"(-53.63441467285156, -72.99417114257812, 731.2861938476562)","(12.120559692382812, -73.37632751464844, 730.3990478515625)","(-11.888816833496094, 147.85791015625, 43.1740837097168)","(-6.758208751678467, 155.2843780517578, 45.87712478637695)",POINT (0.4723139107227325 0.268141083419323),,,,,,,,,,,,,,,,,,,,,,,,,,,,,,,,,,,,,,,,,,,,1,1,
0,54,27,437249001036,1815360937,1,1,"(0.4065922200679779, 0.29394975304603577)","(0.4186069071292877, 0.29769670963287354)",1,1,2.96051025390625,2.8468170166015625,"(-53.69090270996094, -73.01396942138672, 731.2162475585938)","(12.033193588256836, -73.406982421875, 730.0205078125)","(-32.098487854003906, 146.84373474121094, 42.80496597290039)","(-27.93497085571289, 146.15740966796875, 42.55516815185547)",POINT (0.4125995635986328 0.2958232313394546),,,,,,,,,,,,,,,,,,,,,,,,,,,,,,,,,,,,,,,,,,,,1,1,
0,54,27,437249017705,1815377605,1,1,"(0.4074469804763794, 0.2522796392440796)","(0.42563596367836, 0.2971782088279724)",1,1,2.976715087890625,2.8310699462890625,"(-53.671260833740234, -73.00922393798828, 731.1746826171875)","(12.030946731567383, -73.40750122070312, 730.005859375)","(-31.802270889282227, 154.47650146484375, 45.58304977416992)","(-25.49913215637207, 146.25238037109375, 42.58973693847656)",POINT (0.4165414720773697 0.274728924036026),,,,,,,,,,,,,,,,,,,,,,,,,,,,,,,,,,,,,,1,,,,,,1,1,
0,54,27,437249034375,1815394275,1,1,"(0.4014013111591339, 0.26230666041374207)","(0.41405242681503296, 0.31930962204933167)",1,1,2.949569702148437,2.8343048095703125,"(-53.619686126708984, -73.00635528564453, 731.048828125)","(12.075087547302246, -73.43438720703125, 730.0037841796875)","(-33.89732360839844, 152.6398468017578, 44.91458511352539)","(-29.51325798034668, 142.19851684570312, 41.11429214477539)",POINT (0.4077268689870834 0.2908081412315369),,,,,,,,,,,,,,,,,,,,,,,,,,,,,,,,,,,,,,,,,,,,1,1,
0,54,27,437249051043,1815410942,1,1,"(0.41184279322624207, 0.24547933042049408)","(0.4268774688243866, 0.31246834993362427)",1,1,2.9224395751953125,2.83544921875,"(-53.58982849121094, -73.00664520263672, 731.0983276367188)","(12.098114013671875, -73.45732116699219, 730.1206665039062)","(-30.278961181640625, 155.72210693359375, 46.036476135253906)","(-25.068904876708984, 143.45166015625, 41.57038497924805)",POINT (0.4193601310253143 0.2789738401770592),,,,,,,,,,,,,,,,,,,,,,,,,,,,,,,,,,,,,,,,,,,,1,1,
0,54,27,437249067709,1815427608,1,1,"(0.41671642661094666, 0.2733685076236725)","(0.4256327450275421, 0.31379297375679016)",1,1,2.93365478515625,2.8422393798828125,"(-53.575950622558594, -73.01809692382812, 731.2049560546875)","(12.109903335571289, -73.4703140258789, 730.046142578125)","(-28.590084075927734, 150.61361694335938, 44.17713928222656)","(-25.500232696533203, 143.2090301513672, 41.48203659057617)",POINT (0.4211745858192444 0.2935807406902313),,,,,,,,,,,,,,,,,,,,,,,,,,,,,,,,,,,,,,,,,,,,1,1,
0,54,27,437249084377,1815444275,1,1,"(0.4124693274497986, 0.28316935896873474)","(0.4281545877456665, 0.3165075480937958)",1,1,2.9697418212890625,2.845565795898437,"(-53.56478500366211, -73.01141357421875, 731.2069702148438)","(12.126249313354492, -73.49266052246094, 730.2508544921875)","(-30.061845779418945, 148.81838989257812, 43.5236930847168)","(-24.626340866088867, 142.71180725097656, 41.30106735229492)",POINT (0.4203119575977325 0.2998384535312653),,,,,,,,,,,,,,,,,,,,,,,,,,,,,,,,,,,,,,,,,,,,,1,
0,54,27,437249101043,1815460941,1,1,"(0.4116229712963104, 0.250414103269577)","(0.42340490221977234, 0.32689234614372253)",1,1,2.9306182861328125,2.874267578125,"(-53.551841735839844, -73.01173400878906, 731.1793212890625)","(12.141937255859375, -73.50956726074219, 730.191162109375)","(-30.355138778686523, 154.81820678710938, 45.70745086669922)","(-26.27227210998535, 140.80960083007812, 40.60871124267578)",POINT (0.4175139367580414 0.2886532247066498),,,,,,,,,,,,,,,,,,,,,,,,,,,,,,,,,,,,,,,,,,,,1,1,
0,54,27,437249117711,1815477608,1,1,"(0.41938239336013794, 0.29141470789909363)","(0.4222610890865326, 0.326619416475296)",1,1,2.942138671875,2.890045166015625,"(-53.556427001953125, -73.00680541992188, 731.2086181640625)","(12.129903793334961, -73.501953125, 730.1328125)","(-27.66622543334961, 147.30809020996094, 42.973968505859375)","(-26.66864585876465, 140.8595733642578, 40.62694549560547)",POINT (0.4208217412233353 0.3090170621871948),,,,,,,,,,,,,,,,,,,,,,,,,,,,,,,,,,,,,,,,,,,,,1,
0,54,27,437249134378,1815494275,1,1,"(0.4139837622642517, 0.23895308375358582)","(0.430326372385025, 0.32028862833976746)",1,1,2.887313842773437,2.888290405273437,"(-53.56554412841797, -73.00991821289062, 731.19140625)","(12.12225341796875, -73.50874328613281, 730.206298828125)","(-29.53704833984375, 156.91754150390625, 46.47154235839844)","(-23.873737335205078, 142.0192108154297, 41.04897689819336)",POINT (0.4221550673246384 0.2796208560466766),,,,,,,,,,,,,,,,,,,,,,,,,,,,,,,,,,,,,,,,,,,,1,1,
0,54,27,437249151046,1815510942,1,1,"(0.41446852684020996, 0.2815193831920624)","(0.4218699038028717, 0.3120121657848358)",1,1,2.944610595703125,2.8936309814453125,"(-53.57189178466797, -72.99330139160156, 731.05712890625)","(12.108205795288086, -73.48883056640625, 730.2078857421875)","(-29.369064331054688, 149.12063598632812, 43.633670806884766)","(-26.80421257019043, 143.5352325439453, 41.600765228271484)",POINT (0.4181692153215408 0.2967657744884491),,,,,,,,,,,,,,,,,,,,,,,,,,,,,,,,,,,,,,,,,,,,,1,
0,54,27,437249167716,1815527612,1,1,"(0.416389137506485, 0.29446089267730713)","(0.4210008382797241, 0.3324417173862457)",1,1,2.9316864013671875,2.9186553955078125,"(-53.59709930419922, -72.98670959472656, 730.9935302734375)","(12.088035583496094, -73.46476745605469, 730.1358642578125)","(-28.703493118286133, 146.75010681152344, 42.770896911621094)","(-27.105365753173828, 139.79310607910156, 40.23878860473633)",POINT (0.4186949878931046 0.3134513050317764),,,,,,,,,,,,,,,,,,,,,,,,,,,,,,,,,,,,,,,,,,,,,1,
0,54,27,437249184384,1815544279,1,1,"(0.41302937269210815, 0.28499308228492737)","(0.4165647029876709, 0.32832521200180054)",1,1,2.9383697509765625,2.9257965087890625,"(-53.62527084350586, -72.97032165527344, 730.9140625)","(12.061569213867188, -73.42906188964844, 729.9453125)","(-29.867778778076172, 148.48434448242188, 43.402099609375)","(-28.642656326293945, 140.54714965820312, 40.5131950378418)",POINT (0.4147970378398895 0.306659147143364),,,,,,,,,,,,,,,,,,,,,,,,,,,,,,,,,,,,,,,,,,,,,1,
0,54,27,437249201051,1815560946,1,1,"(0.41344699263572693, 0.3231029808521271)","(0.4160802960395813, 0.3217471241950989)",1,1,2.98211669921875,2.907196044921875,"(-53.65824890136719, -72.96733093261719, 730.8638916015625)","(12.03117561340332, -73.40672302246094, 729.8295288085938)","(-29.723058700561523, 141.50369262695312, 40.86137771606445)","(-28.810516357421875, 141.75204467773438, 40.9517936706543)",POINT (0.4147636443376541 0.322425052523613),,,,,,,,,,,,,,,,,,,,,,,,,,,,,,,,,,,,,,,,,,,,,1,
0,54,27,437249217718,1815577612,1,1,"(0.4120312035083771, 0.3055960536003113)","(0.4181445837020874, 0.32243695855140686)",1,1,2.9563751220703125,2.91839599609375,"(-53.700897216796875, -72.9696044921875, 730.9910278320312)","(12.004358291625977, -73.3996810913086, 729.8746337890625)","(-30.21367073059082, 144.71046447753906, 42.02854919433594)","(-28.09516143798828, 141.62570190429688, 40.9057502746582)",POINT (0.4150878936052322 0.3140165060758591),,,,,,,,,,,,,,,,,,,,,,,,,,,,,,,,,,,,,,,,,,,,,1,
0,54,27,437249234385,1815594279,1,1,"(0.41259530186653137, 0.2771591544151306)","(0.42322149872779846, 0.3143835961818695)",1,1,2.9170379638671875,2.907562255859375,"(-53.74560546875, -72.97203063964844, 731.1031494140625)","(11.966682434082031, -73.39802551269531, 729.861328125)","(-30.01819610595703, 149.91928100585938, 43.924400329589844)","(-26.335830688476562, 143.10084533691406, 41.44266128540039)",POINT (0.4179084002971649 0.2957713752985001),,,,,,,,,,,,,,,,,,,,,,,,,,,,,,,,,,,,,,,,,,,,1,1,
0,54,27,437249251053,1815610946,1,1,"(0.41951829195022583, 0.27708756923675537)","(0.428250253200531, 0.3292129635810852)",1,1,2.9073028564453125,2.9268798828125,"(-53.754966735839844, -72.9375, 731.0423583984375)","(11.954290390014648, -73.38430786132812, 729.8614501953125)","(-27.619131088256836, 149.93240356445312, 43.92914581298828)","(-24.593177795410156, 140.384521484375, 40.45402145385742)",POINT (0.4238842725753784 0.3031502664089203),,,,,,,,,,,,,,,,,,,,,,,,,,,,,,,,,,,,,,,,,,,,,1,
0,54,27,437249267720,1815627613,1,1,"(0.4120800495147705, 0.28221458196640015)","(0.430113822221756, 0.30232444405555725)",1,1,2.901763916015625,2.8850250244140625,"(-53.762107849121094, -72.90223693847656, 730.9520263671875)","(11.936002731323242, -73.3736572265625, 729.8623657226562)","(-30.196760177612305, 148.9932861328125, 43.58733367919922)","(-23.9473934173584, 145.30972290039062, 42.24666213989258)",POINT (0.4210969358682632 0.2922695130109787),,,,,,,,,,,,,,,,,,,,,,,,,,,,,,,,,,,,,,,,,,,,1,1,
0,54,27,437249284387,1815644279,1,1,"(0.4128910303115845, 0.2701668441295624)","(0.42610448598861694, 0.2863839864730835)",1,1,2.86810302734375,2.878448486328125,"(-53.764060974121094, -72.85574340820312, 730.862060546875)","(11.926536560058594, -73.34567260742188, 729.84765625)","(-29.915721893310547, 151.20008850097656, 44.39055252075195)","(-25.3367862701416, 148.2295684814453, 43.30937957763672)",POINT (0.4194977581501007 0.2782754153013229),,,,,,,,,,,,,,,,,,,,,,,,,,,,,,,,,,,,,,,,,,,,1,1,
0,54,27,437249301060,1815660952,1,1,"(0.4166822135448456, 0.35466253757476807)","(0.43086302280426025, 0.28031274676322937)",1,1,2.957672119140625,2.841537475585937,"(-53.76667785644531, -72.84188079833984, 730.8018798828125)","(11.916841506958008, -73.31442260742188, 729.7158203125)","(-28.601932525634766, 135.722900390625, 38.757293701171875)","(-23.687767028808594, 149.3416290283203, 43.71415710449219)",POINT (0.4237726181745529 0.3174876421689987),,,,,,,,,,,,,,,,,,,,,,,,,,,,,,,,,,,,,,,,,,,,,1,
0,54,27,437249317729,1815677620,1,1,"(0.4178266227245331, 0.3402310013771057)","(0.4279821813106537, 0.2842465341091156)",1,1,2.95086669921875,2.841278076171875,"(-53.76803207397461, -72.8205337524414, 730.74267578125)","(11.916646957397461, -73.2777099609375, 729.627197265625)","(-28.20534896850586, 138.3663330078125, 39.71946716308594)","(-24.68608283996582, 148.62109375, 43.45185852050781)",POINT (0.4229044020175934 0.3122387677431107),,,,,,,,,,,,,,,,,,,,,,,,,,,,,,,,,,,,,,,,,,,,,1,
0,54,27,437249334396,1815694287,1,1,"(0.4147247076034546, 0.32117918133735657)","(0.43163615465164185, 0.29293274879455566)",1,1,2.8999481201171875,2.8485870361328125,"(-53.784908294677734, -72.81937408447266, 730.5909423828125)","(11.894946098327637, -73.28254699707031, 729.6427612304688)","(-29.280288696289062, 141.85609436035156, 40.9896354675293)","(-23.419845581054688, 147.03001403808594, 42.872798919677734)",POINT (0.4231804311275482 0.3070559650659561),,,,,,,,,,,,,,,,,,,,,,,,,,,,,,,,,,,,,,,,,,,,,1,
0,54,27,437249351063,1815710953,1,1,"(0.36121004819869995, 0.33013543486595154)","(0.3742387294769287, 0.2981387972831726)",1,1,2.890869140625,2.824203491210937,"(-53.89842987060547, -72.82600402832031, 730.6611938476562)","(11.746980667114258, -73.23541259765625, 729.2655639648438)","(-47.8250617980957, 140.2155303955078, 40.39253616333008)","(-43.310142517089844, 146.07643127441406, 42.525665283203125)",POINT (0.3677243888378143 0.3141371160745621),,,,,,,,,,,,,,,,,,,,,,,,,,,,,,,,,,,,,,,,,,,,,1,
0,54,27,437249367729,1815727619,1,1,"(0.3641502559185028, 0.27762025594711304)","(0.3811209797859192, 0.28660914301872253)",1,1,2.81854248046875,2.809326171875,"(-53.93742370605469, -72.85646057128906, 730.6549072265625)","(11.711762428283691, -73.24568939208984, 729.35546875)","(-46.80617141723633, 149.83482360839844, 43.89365768432617)","(-40.925201416015625, 148.18832397460938, 43.29439163208008)",POINT (0.372635617852211 0.2821146994829178),,,,,,,,,,,,,,,,,,,,,,,,,,,,,,,,,,,,,,,,,,,,1,1,
0,54,27,437249384397,1815744286,1,1,"(0.3684987425804138, 0.24690672755241394)","(0.3780663311481476, 0.2705189287662506)",1,1,2.75592041015625,2.7854461669921875,"(-53.98676681518555, -72.89131927490234, 730.7364501953125)","(11.679441452026367, -73.26187133789062, 729.4010009765625)","(-45.29926300048828, 155.46066284179688, 45.9412956237793)","(-41.98374557495117, 151.13560485839844, 44.367061614990234)",POINT (0.3732825368642807 0.2587128281593323),,,,,,,,,,,,,,,,,,,,,,,,,,,,,,,,,,,,,,,,,,,,1,1,
0,54,27,437249401065,1815760954,1,1,"(0.3759355843067169, 0.3157072067260742)","(0.3783949017524719, 0.28992053866386414)",1,1,2.84375,2.8103179931640625,"(-54.01013946533203, -72.91002655029297, 730.5681762695312)","(11.646469116210938, -73.27020263671875, 729.3583374023438)","(-42.72213363647461, 142.85838317871094, 41.354454040527344)","(-41.86988067626953, 147.58175659179688, 43.0736083984375)",POINT (0.3771652430295944 0.3028138726949692),,,,,,,,,,,,,,,,,,,,,,,,,,,,,,,,,,,,,,,,,,,,,1,
0,54,27,437249417732,1815777620,1,1,"(0.3734074532985687, 0.3089156150817871)","(0.3777093291282654, 0.2971723973751068)",1,1,2.84271240234375,2.807830810546875,"(-54.03800582885742, -72.93829345703125, 730.4588012695312)","(11.617443084716797, -73.29983520507812, 729.3741455078125)","(-43.59822463989258, 144.1024169921875, 41.80722427368164)","(-42.107460021972656, 146.25341796875, 42.590145111083984)",POINT (0.375558391213417 0.303044006228447),,,,,,,,,,,,,,,,,,,,,,,,,,,,,,,,,,,,,,,,,,,,,1,
0,54,27,437249434402,1815794290,1,1,"(0.368344247341156, 0.3019607961177826)","(0.37326523661613464, 0.2800845205783844)",1,1,2.8102569580078125,2.780609130859375,"(-54.06245803833008, -72.94416046142578, 730.3657836914062)","(11.593988418579102, -73.29890441894531, 729.2721557617188)","(-45.35280990600586, 145.3763427734375, 42.27088165283203)","(-43.64751434326172, 149.38345336914062, 43.729339599609375)",POINT (0.3708047419786453 0.2910226583480835),,,,,,,,,,,,,,,,,,,,,,,,,,,,,,,,,,,,,,,,,,,,1,1,
0,54,27,437249451070,1815810957,1,1,"(0.3692266047000885, 0.3048214912414551)","(0.37137946486473083, 0.28050386905670166)",1,1,2.802581787109375,2.785400390625,"(-54.083248138427734, -72.97046661376953, 730.34765625)","(11.577207565307617, -73.3203353881836, 729.3175048828125)","(-45.04703903198242, 144.85232543945312, 42.080177307128906)","(-44.300994873046875, 149.30662536621094, 43.70139694213867)",POINT (0.3703030347824097 0.2926626801490784),,,,,,,,,,,,,,,,,,,,,,,,,,,,,,,,,,,,,,,,,,,,1,1,
0,54,27,437249467737,1815827624,1,1,"(0.3672977089881897, 0.3169310986995697)","(0.3702564239501953, 0.258853942155838)",1,1,2.8121490478515625,2.7334136962890625,"(-54.096717834472656, -72.9684829711914, 730.3159790039062)","(11.565958976745605, -73.30707550048828, 729.244140625)","(-45.715476989746094, 142.6342315673828, 41.27281951904297)","(-44.690155029296875, 153.2722930908203, 45.14474105834961)",POINT (0.3687770664691925 0.2878925204277039),,,,,,,,,,,,,,,,,,,,,,,,,,,,,,,,,,,,,,,,,,,,1,1,
0,54,27,437249484405,1815844291,1,1,"(0.36900508403778076, 0.30273979902267456)","(0.37366148829460144, 0.2921428978443146)",1,1,2.7819366455078125,2.769012451171875,"(-54.10639572143555, -72.97289276123047, 730.314208984375)","(11.5581693649292, -73.3028564453125, 729.229736328125)","(-45.12380599975586, 145.23365783691406, 42.218929290771484)","(-43.51018524169922, 147.1746826171875, 42.92546463012695)",POINT (0.3713332861661911 0.2974413484334946),,,,,,,,,,,,,,,,,,,,,,,,,,,,,,,,,,,,,,,,,,,,,1,
0,54,27,437249501071,1815860957,1,1,"(0.36795303225517273, 0.28707829117774963)","(0.36727437376976013, 0.2752590477466583)",1,1,2.78350830078125,2.7323760986328125,"(-54.11933898925781, -72.95809936523438, 730.326416015625)","(11.550396919250488, -73.27568054199219, 729.170654296875)","(-45.48837661743164, 148.10238647460938, 43.26308059692383)","(-45.72356033325195, 150.267333984375, 44.05107116699219)",POINT (0.3676137030124664 0.281168669462204),,,,,,,,,,,,,,,,,,,,,,,,,,,,,,,,,,,,,,,,,,,,1,1,
0,54,27,437249517739,1815877624,1,1,"(0.36866867542266846, 0.29483428597450256)","(0.3711055815219879, 0.2941882610321045)",1,1,2.7617950439453125,2.7566375732421875,"(-54.10699462890625, -72.94180297851562, 730.2835693359375)","(11.561266899108887, -73.25209045410156, 729.1701049804688)","(-45.24037551879883, 146.6817169189453, 42.745994567871094)","(-44.395912170410156, 146.80006408691406, 42.78904342651367)",POINT (0.3698871284723282 0.2945112735033035),,,,,,,,,,,,,,,,,,,,,,,,,,,,,,,,,,,,,,,,,,,,1,1,
0,54,27,437249534405,1815894290,1,1,"(0.370331734418869, 0.2765781581401825)","(0.37613344192504883, 0.29378876090049744)",1,1,2.7412261962890625,2.7514801025390625,"(-54.108062744140625, -72.91836547851562, 730.2684326171875)","(11.55391788482666, -73.20985412597656, 729.2291259765625)","(-44.66407012939453, 150.02569580078125, 43.963134765625)","(-42.65355682373047, 146.8732147216797, 42.815711975097656)",POINT (0.3732325881719589 0.28518345952034),,,,,,,,,,,,,,,,,,,,,,,,,,,,,,,,,,,,,,,,,,,,1,1,
0,54,27,437249551075,1815910959,1,1,"(0.36256468296051025, 0.2623957693576813)","(0.3770734369754791, 0.30961066484451294)",1,1,2.709869384765625,2.7528839111328125,"(-54.090965270996094, -72.89952087402344, 730.1973876953125)","(11.568533897399902, -73.18392944335938, 729.302490234375)","(-47.35563278198242, 152.62351989746094, 44.90863037109375)","(-42.32783889770508, 143.97511291503906, 41.760868072509766)",POINT (0.3698190599679947 0.2860032171010971),,,,,,,,,,,,,,,,,,,,,,,,,,,,,,,,,,,,,,,,,,,,1,1,
0,54,27,437249567742,1815927626,1,1,"(0.36456045508384705, 0.2756243944168091)","(0.37811097502708435, 0.27847379446029663)",1,1,2.7476348876953125,2.726043701171875,"(-54.076499938964844, -72.87213897705078, 730.1854248046875)","(11.582249641418457, -73.1585464477539, 729.390380859375)","(-46.66402816772461, 150.20040893554688, 44.02671813964844)","(-41.9682731628418, 149.67848205566406, 43.836727142333984)",POINT (0.3713357150554657 0.2770490944385529),,,,,,,,,,,,,,,,,,,,,,,,,,,,,,,,,,,,,,,,,,,,1,1,
0,54,27,437249584410,1815944293,1,1,"(0.3635106384754181, 0.2565886676311493)","(0.37738877534866333, 0.2879369556903839)",1,1,2.71929931640625,2.7284393310546875,"(-54.07341003417969, -72.86398315429688, 730.23046875)","(11.59181022644043, -73.1494140625, 729.3901977539062)","(-47.0278205871582, 153.6872100830078, 45.2957878112793)","(-42.21855163574219, 147.94512939453125, 43.20581817626953)",POINT (0.3704497069120407 0.2722628116607666),,,,,,,,,,,,,,,,,,,,,,,,,,,,,,,,,,,,,,,,,,,,1,1,
0,54,27,437249601075,1815960958,1,1,"(0.3671983480453491, 0.2810598611831665)","(0.3801887035369873, 0.2812325060367584)",1,1,2.7559051513671875,2.712753295898437,"(-54.058956146240234, -72.82869720458984, 730.2186279296875)","(11.605803489685059, -73.1236572265625, 729.2874755859375)","(-45.74990463256836, 149.2047882080078, 43.66434860229492)","(-41.24827194213867, 149.17315673828125, 43.65284729003906)",POINT (0.3736935257911682 0.2811461836099625),,,,,,,,,,,,,,,,,,,,,,,,,,,,,,,,,,,,,,,,,,,,1,1,
0,54,27,437249617743,1815977625,1,1,"(0.37546542286872864, 0.3080391585826874)","(0.37299901247024536, 0.2801675796508789)",1,1,2.782211303710937,2.7207794189453125,"(-54.03517532348633, -72.81428527832031, 730.1185302734375)","(11.625385284423828, -73.11748504638672, 729.1546020507812)","(-42.88505172729492, 144.26295471191406, 41.86566162109375)","(-43.73976135253906, 149.3682403564453, 43.72381591796875)",POINT (0.374232217669487 0.2941033691167831),,,,,,,,,,,,,,,,,,,,,,,,,,,,,,,,,,,,,,,,,,,,1,1,
0,54,27,437249634409,1815994291,1,1,"(0.3741396963596344, 0.3148269057273865)","(0.3824957013130188, 0.28182679414749146)",1,1,2.7721710205078125,2.72930908203125,"(-54.02521514892578, -72.78204345703125, 730.1201782226562)","(11.631448745727539, -73.09730529785156, 729.0078125)","(-43.34446716308594, 143.0196533203125, 41.41312789916992)","(-40.44880294799805, 149.0643310546875, 43.61317825317383)",POINT (0.3783176988363266 0.298326849937439),,,,,,,,,,,,,,,,,,,,,,,,,,,,,,,,,,,,,,,,,,,,,1,
0,54,27,437249651077,1816010958,1,1,"(0.37013593316078186, 0.2713976800441742)","(0.3800261318683624, 0.29656556248664856)",1,1,2.7213897705078125,2.740585327148437,"(-54.00436019897461, -72.77842712402344, 730.1232299804688)","(11.655143737792969, -73.08470153808594, 728.7576904296875)","(-44.7319221496582, 150.97462463378906, 44.30849075317383)","(-41.30460739135742, 146.36459350585938, 42.63059616088867)",POINT (0.3750810325145721 0.2839816212654114),,,,,,,,,,,,,,,,,,,,,,,,,,,,,,,,,,,,,,,,,,,,1,1,
0,54,27,437249667744,1816027625,1,1,"(0.3749113380908966, 0.33046582341194153)","(0.3796575367450714, 0.29134008288383484)",1,1,2.7850494384765625,2.736312866210937,"(-53.985897064208984, -72.75596618652344, 730.1553344726562)","(11.676980018615723, -73.07685852050781, 728.7128295898438)","(-43.07706832885742, 140.15504455566406, 40.370487213134766)","(-41.43232727050781, 147.32174682617188, 42.978965759277344)",POINT (0.377284437417984 0.3109029531478882),,,,,,,,,,,,,,,,,,,,,,,,,,,,,,,,,,,,,,,,,,,,,1,
0,54,27,437249684418,1816044298,1,1,"(0.3752279281616211, 0.3153412938117981)","(0.3741009831428528, 0.29424023628234863)",1,1,2.794662475585937,2.7335662841796875,"(-53.97212219238281, -72.75639343261719, 730.2169189453125)","(11.69692611694336, -73.08395385742188, 728.6828002929688)","(-42.96735763549805, 142.92539978027344, 41.37887954711914)","(-43.35789108276367, 146.79052734375, 42.78560256958008)",POINT (0.3746644556522369 0.3047907650470734),,,,,,,,,,,,,,,,,,,,,,,,,,,,,,,,,,,,,,,,,,,,,1,
0,54,27,437249701084,1816060964,1,1,"(0.40963393449783325, 0.2529732882976532)","(0.42705702781677246, 0.31193840503692627)",1,1,2.753753662109375,2.7888336181640625,"(-53.822174072265625, -72.7095947265625, 730.1522216796875)","(11.829208374023438, -73.10214233398438, 729.2059326171875)","(-31.04441261291504, 154.3494415283203, 45.53683090209961)","(-25.006689071655273, 143.54872131347656, 41.605712890625)",POINT (0.4183454811573029 0.2824558466672897),,,,,,,,,,,,,,,,,,,,,,,,,,,,,,,,,,,,,,,,,,,,1,1,
0,54,27,437249717751,1816077630,1,1,"(0.5943028330802917, 0.19713342189788818)","(0.5997400283813477, 0.21270543336868286)",1,1,2.822509765625,2.765228271484375,"(-53.29084014892578, -72.60163116455078, 729.9564208984375)","(12.282835960388184, -73.06671142578125, 729.261474609375)","(32.950096130371094, 164.57769775390625, 49.259639739990234)","(34.834293365478516, 161.72535705566406, 48.22145462036133)",POINT (0.5970214307308197 0.2049194276332855),,,,,,,,,,,,,,,,,,,,,,,,,,,,,,,,,,,,,,,,,,,,1,,
0,54,27,437249734419,1816094298,1,1,"(0.7135489583015442, 0.18394094705581665)","(0.7285987734794617, 0.1642741709947586)",1,1,2.838241577148437,2.6683807373046875,"(-52.90120315551758, -72.50481414794922, 730.0942993164062)","(12.591050148010254, -73.04169464111328, 729.454345703125)","(74.27325439453125, 166.99420166015625, 50.139129638671875)","(79.48857116699219, 170.59658813476562, 51.450294494628906)",POINT (0.7210738658905029 0.1741075590252876),,,,,,,,,,,,,,,,,,,,,,,,,,,,,,,,,,,,,,,,,,,,1,,
0,54,27,437249751086,1816110964,1,1,"(0.7139272093772888, 0.1974511295557022)","(0.724364697933197, 0.13540808856487274)",1,1,2.8365020751953125,2.66455078125,"(-52.884517669677734, -72.498046875, 730.0513916015625)","(12.646358489990234, -73.05331420898438, 729.4524536132812)","(74.40431213378906, 164.51951599121094, 49.23844909667969)","(78.02130126953125, 175.88401794433594, 53.374794006347656)",POINT (0.7191459536552429 0.1664296090602875),,,,,,,,,,,,,,,,,,,,,,,,,,,,,,,,,,,,,,,,,,,,1,,
0,54,27,437249767754,1816127632,1,1,"(0.7105451226234436, 0.19823876023292542)","(0.717277467250824, 0.14365658164024353)",1,1,2.8233642578125,2.6787261962890625,"(-52.89960861206055, -72.4925537109375, 730.0341796875)","(12.662043571472168, -73.0463638305664, 729.4078369140625)","(73.2323226928711, 164.375244140625, 49.185916900634766)","(75.56531524658203, 174.3731231689453, 52.82484817504883)",POINT (0.7139112949371338 0.1709476709365845),,,,,,,,,,,,,,,,,,,,,,,,,,,,,,,,,,,,,,,,,,,,1,,
0,54,27,437249784422,1816144299,1,1,"(0.7081676125526428, 0.20294809341430664)","(0.7226341962814331, 0.16182319819927216)",1,1,2.8255615234375,2.7055206298828125,"(-52.91985321044922, -72.5044937133789, 730.06103515625)","(12.669651985168457, -73.07032775878906, 729.4812622070312)","(72.40843200683594, 163.5126190185547, 48.871971130371094)","(77.421630859375, 171.0455322265625, 51.61368179321289)",POINT (0.715400904417038 0.1823856458067894),,,,,,,,,,,,,,,,,,,,,,,,,,,,,,,,,,,,,,,,,,,,1,,
0,54,27,437249801088,1816160965,1,1,"(0.7080398797988892, 0.18460214138031006)","(0.7162951231002808, 0.14609818160533905)",1,1,2.8242950439453125,2.7021942138671875,"(-52.9537353515625, -72.51521301269531, 730.130126953125)","(12.654789924621582, -73.06666564941406, 729.4524536132812)","(72.3641586303711, 166.87307739257812, 50.09503936767578)","(75.22489166259766, 173.9259033203125, 52.66208267211914)",POINT (0.712167501449585 0.1653501614928246),,,,,,,,,,,,,,,,,,,,,,,,,,,,,,,,,,,,,,,,,,,,1,,
0,54,27,437249817760,1816177636,1,1,"(0.7116812467575073, 0.1612233966588974)","(0.7162837386131287, 0.15694893896579742)",1,1,2.76934814453125,2.716781616210937,"(-52.98863220214844, -72.539794921875, 730.183837890625)","(12.637598037719727, -73.08436584472656, 729.4974975585938)","(73.62601470947266, 171.15538024902344, 51.653717041015625)","(75.22093963623047, 171.9383544921875, 51.93864822387695)",POINT (0.713982492685318 0.1590861678123474),,,,,,,,,,,,,,,,,,,,,,,,,,,,,,,,,,,,,,,,,,,,1,,
0,54,27,437249834428,1816194304,1,1,"(0.7095760703086853, 0.16925464570522308)","(0.7288084626197815, 0.14516209065914154)",1,1,2.792327880859375,2.7008056640625,"(-53.02458953857422, -72.54874420166016, 730.11865234375)","(12.596769332885742, -73.08233642578125, 729.454833984375)","(72.896484375, 169.68431091308594, 51.118221282958984)","(79.56121063232422, 174.09735107421875, 52.72450256347656)",POINT (0.7191922664642334 0.1572083681821823),,,,,,,,,,,,,,,,,,,,,,,,,,,,,,,,,,,,,,,,,,,,1,,
0,54,27,437249851094,1816210969,1,1,"(0.72088623046875, 0.18099327385425568)","(0.730111837387085, 0.13068202137947083)",1,1,2.8122100830078125,2.685882568359375,"(-53.053409576416016, -72.57189178466797, 730.0401000976562)","(12.55430793762207, -73.09076690673828, 729.4710693359375)","(76.8158950805664, 167.53411865234375, 50.33563232421875)","(80.01290130615234, 176.74969482421875, 53.689876556396484)",POINT (0.7254990339279175 0.1558376476168632),,,,,,,,,,,,,,,,,,,,,,,,,,,,,,,,,,,,,,,,,,,,1,,
0,54,27,437249867762,1816227637,1,1,"(0.7116380929946899, 0.16451036930084229)","(0.7264679670333862, 0.14860960841178894)",1,1,2.805145263671875,2.67840576171875,"(-53.107242584228516, -72.60466766357422, 730.16455078125)","(12.51740550994873, -73.0940933227539, 729.5021362304688)","(73.61107635498047, 170.55332946777344, 51.43453598022461)","(78.75015258789062, 173.4658660888672, 52.49466323852539)",POINT (0.7190530300140381 0.1565599888563156),,,,,,,,,,,,,,,,,,,,,,,,,,,,,,,,,,,,,,,,,,,,1,,
0,54,27,437249884429,1816244303,1,1,"(0.70969158411026, 0.18913304805755615)","(0.7203083634376526, 0.1704605668783188)",1,1,2.8327178955078125,2.741455078125,"(-53.16766357421875, -72.63655090332031, 730.2281494140625)","(12.463960647583008, -73.10134887695312, 729.5481567382812)","(72.9365463256836, 166.04315185546875, 49.79298400878906)","(76.61563110351562, 169.46340942382812, 51.03785705566406)",POINT (0.7149999737739563 0.1797968074679375),,,,,,,,,,,,,,,,,,,,,,,,,,,,,,,,,,,,,,,,,,,,1,,
0,54,27,437249901096,1816260970,1,1,"(0.7108272314071655, 0.175246924161911)","(0.7185570001602173, 0.14479751884937286)",1,1,2.834381103515625,2.691024780273437,"(-53.250755310058594, -72.68246459960938, 730.3787231445312)","(12.407746315002441, -73.1087646484375, 729.565185546875)","(73.330078125, 168.58670043945312, 50.718719482421875)","(76.00869750976562, 174.16415405273438, 52.74877166748047)",POINT (0.7146921157836914 0.1600222215056419),,,,,,,,,,,,,,,,,,,,,,,,,,,,,,,,,,,,,,,,,,,,1,,
0,54,27,437249917764,1816277637,1,1,"(0.7123479843139648, 0.18379977345466614)","(0.7284985780715942, 0.13147912919521332)",1,1,2.8178863525390625,2.667449951171875,"(-53.29526901245117, -72.69853210449219, 730.2532958984375)","(12.345138549804688, -73.11617279052734, 729.538330078125)","(73.85706329345703, 167.02005004882812, 50.14855194091797)","(79.4538345336914, 176.60366821289062, 53.63672637939453)",POINT (0.7204232811927795 0.1576394513249397),,,,,,,,,,,,,,,,,,,,,,,,,,,,,,,,,,,,,,,,,,,,1,,
0,54,27,437249934431,1816294304,1,1,"(0.6679794788360596, 0.18281203508377075)","(0.6725249290466309, 0.17409704625606537)",1,1,2.8396148681640625,2.7632293701171875,"(-53.43846893310547, -72.7110595703125, 730.3626708984375)","(12.204126358032227, -73.11988830566406, 729.6173095703125)","(58.481754302978516, 167.2009735107422, 50.214412689208984)","(60.056922912597656, 168.7973175048828, 50.795406341552734)",POINT (0.6702522039413452 0.1784545406699181),,,,,,,,,,,,,,,,,,,,,,,,,,,,,,,,,,,,,,,,,,,,1,,
0,54,27,437249951102,1816310974,1,1,"(0.6720649003982544, 0.1998976618051529)","(0.6819324493408203, 0.14240461587905884)",1,1,2.8626251220703125,2.705902099609375,"(-53.49103546142578, -72.71199035644531, 730.3547973632812)","(12.154531478881836, -73.12165832519531, 729.6484985351562)","(59.897483825683594, 164.0713653564453, 49.07534408569336)","(63.316959381103516, 174.60244750976562, 52.908294677734375)",POINT (0.6769986748695374 0.1711511388421059),,,,,,,,,,,,,,,,,,,,,,,,,,,,,,,,,,,,,,,,,,,,1,,
0,54,27,437249967769,1816327641,1,1,"(0.6751205921173096, 0.17127381265163422)","(0.6879666447639465, 0.12311407178640366)",1,1,2.8260650634765625,2.691070556640625,"(-53.52046203613281, -72.7081298828125, 730.365478515625)","(12.12531566619873, -73.1240463256836, 729.635009765625)","(60.9564323425293, 169.314453125, 50.983638763427734)","(65.40806579589844, 178.13592529296875, 54.19441604614258)",POINT (0.681543618440628 0.1471939422190189),,,,,,,,,,,,,,,,,,,,,,,,,,,,,,,,,,,,,,,,,,,,1,,
0,54,27,437249984436,1816344308,1,1,"(0.6768107414245605, 0.17092961072921753)","(0.6857098937034607, 0.11255940794944763)",1,1,2.817489624023437,2.66632080078125,"(-53.538055419921875, -72.69585418701172, 730.3323974609375)","(12.107078552246094, -73.11299896240234, 729.63525390625)","(61.54212188720703, 169.3774871826172, 51.006591796875)","(64.62598419189453, 180.06922912597656, 54.898075103759766)",POINT (0.6812603175640106 0.1417445093393326),,,,,,,,,,,,,,,,,,,,,,,,,,,,,,,,,,,,,,,,,,,,1,,
0,54,27,437250001104,1816360975,1,1,"(0.6703513264656067, 0.17344547808170319)","(0.68475341796875, 0.13560914993286133)",1,1,2.7973785400390625,2.7089080810546875,"(-53.54632568359375, -72.699951171875, 730.330810546875)","(12.098642349243164, -73.10494995117188, 729.6358642578125)","(59.30368423461914, 168.91665649414062, 50.83884811401367)","(64.2945327758789, 175.84718322753906, 53.36137390136719)",POINT (0.6775523722171783 0.1545273140072823),,,,,,,,,,,,,,,,,,,,,,,,,,,,,,,,,,,,,,,,,,,,1,,
0,54,27,437250017771,1816377642,1,1,"(0.6748295426368713, 0.16671520471572876)","(0.6839272379875183, 0.11537695676088333)",1,1,2.826629638671875,2.672119140625,"(-53.549217224121094, -72.70804595947266, 730.330810546875)","(12.101446151733398, -73.10779571533203, 729.6797485351562)","(60.85555648803711, 170.14944458007812, 51.287574768066406)","(64.00824737548828, 179.5531463623047, 54.71022033691406)",POINT (0.6793783903121948 0.141046080738306),,,,,,,,,,,,,,,,,,,,,,,,,,,,,,,,,,,,,,,,,,,,1,,
0,54,27,437250034438,1816394308,1,1,"(0.6730761528015137, 0.195026233792305)","(0.6843642592430115, 0.12394703179597855)",1,1,2.8526611328125,2.706298828125,"(-53.550872802734375, -72.72369384765625, 730.3453369140625)","(12.09954833984375, -73.12025451660156, 729.6505737304688)","(60.24794387817383, 164.96368408203125, 49.40010070800781)","(64.1596908569336, 177.9833526611328, 54.13886260986328)",POINT (0.6787202060222626 0.1594866327941418),,,,,,,,,,,,,,,,,,,,,,,,,,,,,,,,,,,,,,,,,,,,1,,
0,54,27,437250051105,1816410975,1,1,"(0.6743559241294861, 0.1759122759103775)","(0.6827953457832336, 0.1218833401799202)",1,1,2.828094482421875,2.6831817626953125,"(-53.55002975463867, -72.73152923583984, 730.31494140625)","(12.101444244384766, -73.12551879882812, 729.6358032226562)","(60.691444396972656, 168.46481323242188, 50.67441177368164)","(63.616004943847656, 178.3613739013672, 54.27642822265625)",POINT (0.6785756349563599 0.1488978080451488),,,,,,,,,,,,,,,,,,,,,,,,,,,,,,,,,,,,,,,,,,,,1,,
0,54,27,437250067771,1816427640,1,1,"(0.6772934794425964, 0.15416394174098969)","(0.6860156655311584, 0.1648038774728775)",1,1,2.7935333251953125,2.729843139648437,"(-53.542869567871094, -72.75212097167969, 730.302490234375)","(12.107187271118164, -73.14773559570312, 729.7237548828125)","(61.70939636230469, 172.44845581054688, 52.1243782043457)","(64.7319564819336, 170.4995574951172, 51.41497039794922)",POINT (0.6816545724868774 0.1594839096069336),,,,,,,,,,,,,,,,,,,,,,,,,,,,,,,,,,,,,,,,,,,,1,,
0,54,27,437250084442,1816444311,1,1,"(0.6779176592826843, 0.15321682393550873)","(0.681713342666626, 0.138905331492424)",1,1,2.780990600585937,2.6938629150390625,"(-53.537017822265625, -72.77680969238281, 730.34912109375)","(12.120174407958984, -73.15413665771484, 729.6644287109375)","(61.925697326660156, 172.62197875976562, 52.18745040893555)","(63.24103927612305, 175.243408203125, 53.14164352416992)",POINT (0.6798155009746552 0.1460610777139664),,,,,,,,,,,,,,,,,,,,,,,,,,,,,,,,,,,,,,,,,,,,1,,
0,54,27,437250101110,1816460978,1,1,"(0.6697217226028442, 0.17235952615737915)","(0.685284435749054, 0.14245568215847015)",1,1,2.832977294921875,2.70391845703125,"(-53.52269744873047, -72.79447174072266, 730.3352661132812)","(12.133848190307617, -73.16462707519531, 729.678466796875)","(59.08551025390625, 169.1155548095703, 50.911285400390625)","(64.47855377197266, 174.59310913085938, 52.90492248535156)",POINT (0.6775030791759491 0.1574076041579246),,,,,,,,,,,,,,,,,,,,,,,,,,,,,,,,,,,,,,,,,,,,1,,
0,54,27,437250117775,1816477643,1,1,"(0.6736486554145813, 0.13694529235363007)","(0.6768612265586853, 0.14653611183166504)",1,1,2.7508697509765625,2.716461181640625,"(-53.508636474609375, -72.81898498535156, 730.3837280273438)","(12.157360076904297, -73.17108154296875, 729.559814453125)","(60.446327209472656, 175.60244750976562, 53.27227020263672)","(61.55961990356445, 173.84567260742188, 52.632877349853516)",POINT (0.6752549409866333 0.1417407020926476),,,,,,,,,,,,,,,,,,,,,,,,,,,,,,,,,,,,,,,,,,,,1,,
0,54,27,437250134443,1816494310,1,1,"(0.6663144826889038, 0.15350152552127838)","(0.6748943328857422, 0.1535700112581253)",1,1,2.78302001953125,2.7116241455078125,"(-53.47188949584961, -72.82898712158203, 730.4190673828125)","(12.201092720031738, -73.18380737304688, 729.6168212890625)","(57.90476989746094, 172.56980895996094, 52.16852951049805)","(60.878013610839844, 172.55728149414062, 52.16392517089844)",POINT (0.670604407787323 0.1535357683897018),,,,,,,,,,,,,,,,,,,,,,,,,,,,,,,,,,,,,,,,,,,,1,,
0,54,27,437250151110,1816510977,1,1,"(0.6673414707183838, 0.16488565504550934)","(0.679405927658081, 0.16019025444984436)",1,1,2.8035125732421875,2.704620361328125,"(-53.428321838378906, -72.81944274902344, 730.3515625)","(12.237082481384277, -73.17682647705078, 729.6007080078125)","(58.260650634765625, 170.48455810546875, 51.409568786621094)","(62.44145584106445, 171.34463500976562, 51.72257614135742)",POINT (0.6733736991882324 0.1625379547476768),,,,,,,,,,,,,,,,,,,,,,,,,,,,,,,,,,,,,,,,,,,,1,,
0,54,27,437250167778,1816527644,1,1,"(0.6721566915512085, 0.17495118081569672)","(0.6861138343811035, 0.16448606550693512)",1,1,2.80706787109375,2.7096710205078125,"(-53.375946044921875, -72.79066467285156, 730.2711181640625)","(12.28480339050293, -73.17460632324219, 729.64306640625)","(59.929325103759766, 168.64085388183594, 50.73849105834961)","(64.76598358154297, 170.55776977539062, 51.43619155883789)",POINT (0.679135262966156 0.1697186231613159),,,,,,,,,,,,,,,,,,,,,,,,,,,,,,,,,,,,,,,,,,,,1,,
0,54,27,437250184444,1816544310,1,1,"(0.6716843843460083, 0.17566460371017456)","(0.6844639778137207, 0.149114191532135)",1,1,2.7904205322265625,2.675521850585937,"(-53.31295394897461, -72.7509765625, 730.1761474609375)","(12.346792221069336, -73.1541519165039, 729.567626953125)","(59.765655517578125, 168.5101776123047, 50.69092559814453)","(64.19422912597656, 173.37347412109375, 52.460975646972656)",POINT (0.6780741810798645 0.1623893976211548),,,,,,,,,,,,,,,,,,,,,,,,,,,,,,,,,,,,,,,,,,,,1,,
0,54,27,437250201112,1816560977,1,1,"(0.6699803471565247, 0.1897779107093811)","(0.6776791214942932, 0.15036673843860626)",1,1,2.82086181640625,2.681182861328125,"(-53.26873016357422, -72.71149444580078, 730.1983642578125)","(12.410907745361328, -73.11846160888672, 729.418212890625)","(59.17514419555664, 165.92503356933594, 49.75000762939453)","(61.84302520751953, 173.14401245117188, 52.37750244140625)",POINT (0.6738297343254089 0.1700723245739937),,,,,,,,,,,,,,,,,,,,,,,,,,,,,,,,,,,,,,,,,,,,1,,
0,54,27,437250217785,1816577650,1,1,"(0.668401300907135, 0.14678175747394562)","(0.6831246614456177, 0.1443021446466446)",1,1,2.76800537109375,2.6833648681640625,"(-53.2015266418457, -72.6781234741211, 730.297607421875)","(12.489288330078125, -73.11217498779297, 729.54736328125)","(58.6279296875, 173.80067443847656, 52.61651611328125)","(63.7301139831543, 174.2548828125, 52.78180694580078)",POINT (0.6757629811763763 0.1455419510602951),,,,,,,,,,,,,,,,,,,,,,,,,,,,,,,,,,,,,,,,,,,,1,,
0,54,27,437250234453,1816594317,1,1,"(0.6728999614715576, 0.13993388414382935)","(0.6870311498641968, 0.1600877046585083)",1,1,2.7937774658203125,2.68902587890625,"(-53.12512969970703, -72.6130142211914, 730.2659912109375)","(12.560791015625, -73.06420135498047, 729.5729370117188)","(60.1868896484375, 175.05502319335938, 53.07307434082031)","(65.0838623046875, 171.36341857910156, 51.72938919067383)",POINT (0.6799655556678772 0.1500107944011688),,,,,,,,,,,,,,,,,,,,,,,,,,,,,,,,,,,,,,,,,,,,1,,
0,54,27,437250251120,1816610984,1,1,"(0.6852084398269653, 0.08803936094045639)","(0.6818304657936096, 0.1382853090763092)",1,1,2.8247528076171875,2.654037475585937,"(-53.06734848022461, -72.53085327148438, 730.215576171875)","(12.64546012878418, -72.99894714355469, 729.7451171875)","(64.45222473144531, 184.56057739257812, 56.5328483581543)","(63.28163528442383, 175.35699462890625, 53.18294143676758)",POINT (0.6835194528102875 0.1131623350083828),,,,,,,,,,,,,,,,,,,,,,,,,,,,,,,,,,,,,,,,,,,,,,
0,54,27,437250934497,1817294340,1,1,"(0.9330570101737976, -0.015915777534246445)","(1.1113104820251465, -0.25032350420951843)",1,1,2.40826416015625,2.82269287109375,"(-52.7047119140625, -71.98056030273438, 731.2271728515625)","(12.962675094604492, -72.529541015625, 733.2352294921875)","(150.34078979492188, 203.60220336914062, 63.46336364746094)","(212.11216735839844, 246.5389862060547, 79.09102630615234)",POINT (1.022183746099472 -0.1331196408718824),,,,,,,,,,,,,,,,,,,,,,,,,,,,,,,,,,,,,,,,,,,,,,
0,54,27,437251117840,1817477678,1,1,"(0.4331017732620239, 0.4874940514564514)","(0.46304044127464294, 0.29164135456085205)",1,1,2.969711303710937,3.106536865234375,"(-55.22211456298828, -73.0159683227539, 731.2919311523438)","(10.46963882446289, -72.97588348388672, 730.1777954101562)","(-22.91195297241211, 111.39195251464844, 29.901628494262695)","(-12.537115097045898, 147.26657104492188, 42.958900451660156)",POINT (0.4480711072683334 0.3895677030086517),,,,,,,,,,,,,,,,,,,,,,,,,,,,,,,,,,,,,,,,,,,,,,
0,54,27,437251134511,1817494348,1,1,"(0.4478636384010315, 0.3641263246536255)","(0.4585529565811157, 0.29383572936058044)",1,1,3.1634979248046875,3.1281890869140625,"(-55.271827697753906, -73.03421020507812, 731.0888671875)","(10.423210144042969, -73.01925659179688, 730.1790771484375)","(-17.79642105102539, 133.98939514160156, 38.126407623291016)","(-14.092187881469727, 146.86463928222656, 42.81254196166992)",POINT (0.4532082974910736 0.328981027007103),,,,,,,,,,,,,,,,,,,,,,,,,,,,,,,,,,,,,,,,,,,,,1,
0,54,27,437251151177,1817511014,1,1,"(0.4618459641933441, 0.34814828634262085)","(0.4521716833114624, 0.2750292718410492)",1,1,3.2295074462890625,3.115203857421875,"(-55.32360076904297, -73.06273651123047, 730.871826171875)","(10.383712768554688, -73.05792236328125, 730.047607421875)","(-12.951032638549805, 136.91612243652344, 39.19160842895508)","(-16.303543090820312, 150.30941772460938, 44.066402435302734)",POINT (0.4570088237524033 0.311588779091835),,,,,,,,,,,,,,,,,,,,,,,,,,,,,,,,,,,,,,,,,,,,,1,
0,54,27,437251167845,1817527681,1,1,"(0.45023298263549805, 0.32221317291259766)","(0.45511531829833984, 0.289419025182724)",1,1,3.214569091796875,3.1425018310546875,"(-55.36283493041992, -73.1025161743164, 730.8359375)","(10.351313591003418, -73.09281921386719, 729.9611206054688)","(-16.975360870361328, 141.6667022705078, 40.92066192626953)","(-15.283458709716797, 147.6736297607422, 43.10704040527344)",POINT (0.452674150466919 0.3058160990476608),,,,,,,,,,,,,,,,,,,,,,,,,,,,,,,,,,,,,,,,,,,,,1,
0,54,27,437251184512,1817544348,1,1,"(0.4493076503276825, 0.2858886420726776)","(0.4584610164165497, 0.32004794478416443)",1,1,3.1902618408203125,3.163482666015625,"(-55.435909271240234, -73.16815185546875, 731.0931396484375)","(10.31663703918457, -73.12939453125, 729.9920654296875)","(-17.29602813720703, 148.32029724121094, 43.342384338378906)","(-14.124049186706543, 142.0633087158203, 41.06501388549805)",POINT (0.4538843333721161 0.302968293428421),,,,,,,,,,,,,,,,,,,,,,,,,,,,,,,,,,,,,,,,,,,,,1,
0,54,27,437251201179,1817561014,1,1,"(0.4406866133213043, 0.28653210401535034)","(0.4592375159263611, 0.3271333873271942)",1,1,3.256072998046875,3.1564178466796875,"(-55.46293640136719, -73.19743347167969, 731.0731201171875)","(10.28262710571289, -73.12628173828125, 729.7581176757812)","(-20.283533096313477, 148.20245361328125, 43.299468994140625)","(-13.854964256286621, 140.7654266357422, 40.59269714355469)",POINT (0.4499620646238327 0.3068327456712723),,,,,,,,,,,,,,,,,,,,,,,,,,,,,,,,,,,,,,,,,,,,,1,
0,54,27,437251217846,1817577681,1,1,"(0.44458577036857605, 0.2984776496887207)","(0.4651995301246643, 0.3106319308280945)",1,1,3.2716064453125,3.1066436767578125,"(-55.493370056152344, -73.20472717285156, 730.888916015625)","(10.245450973510742, -73.14667510986328, 729.8180541992188)","(-18.932329177856445, 146.01434326171875, 42.50312042236328)","(-11.788907051086426, 143.78802490234375, 41.69284439086914)",POINT (0.4548926502466202 0.3045547902584076),,,,,,,,,,,,,,,,,,,,,,,,,,,,,,,,,,,,,,,,,,,,,1,
0,54,27,437251234513,1817594347,1,1,"(0.4547390639781952, 0.3206835389137268)","(0.4594162106513977, 0.32063156366348267)",1,1,3.2666015625,3.12255859375,"(-55.51294708251953, -73.21056365966797, 730.7354736328125)","(10.219558715820312, -73.16468048095703, 729.8336181640625)","(-15.413836479187012, 141.94688415527344, 41.022647857666016)","(-13.793045997619629, 141.9563751220703, 41.02615737915039)",POINT (0.4570776373147964 0.3206575512886047),,,,,,,,,,,,,,,,,,,,,,,,,,,,,,,,,,,,,,,,,,,,,1,
0,54,27,437251251180,1817611014,1,1,"(0.44960975646972656, 0.3034602105617523)","(0.45410415530204773, 0.31082651019096375)",1,1,3.27471923828125,3.1175994873046875,"(-55.545204162597656, -73.22370910644531, 730.67041015625)","(10.18797492980957, -73.18657684326172, 729.84912109375)","(-17.191335678100586, 145.1016845703125, 42.17092514038086)","(-15.6338529586792, 143.7523956298828, 41.679813385009766)",POINT (0.4518569558858872 0.307143360376358),,,,,,,,,,,,,,,,,,,,,,,,,,,,,,,,,,,,,,,,,,,,,1,
0,54,27,437251267855,1817627688,1,1,"(0.44283488392829895, 0.30063456296920776)","(0.45568928122520447, 0.33187249302864075)",1,1,3.28924560546875,3.13568115234375,"(-55.588661193847656, -73.24992370605469, 730.7530517578125)","(10.155948638916016, -73.21104431152344, 729.952880859375)","(-19.539079666137695, 145.61927795410156, 42.35928726196289)","(-15.084565162658691, 139.8973846435547, 40.276702880859375)",POINT (0.4492620825767517 0.3162535279989243),,,,,,,,,,,,,,,,,,,,,,,,,,,,,,,,,,,,,,,,,,,,,1,
0,54,27,437251284521,1817644354,1,1,"(0.4438445270061493, 0.3092685043811798)","(0.4488636255264282, 0.3136380910873413)",1,1,3.2450714111328125,3.1115264892578125,"(-55.62980270385742, -73.2801742553711, 730.910400390625)","(10.120140075683594, -73.21687316894531, 729.8953857421875)","(-19.1892032623291, 144.03778076171875, 41.78369140625)","(-17.44989776611328, 143.23739624023438, 41.49236297607422)",POINT (0.4463540762662888 0.3114532977342606),,,,,,,,,,,,,,,,,,,,,,,,,,,,,,,,,,,,,,,,,,,,,1,
0,54,27,437251301189,1817661021,1,1,"(0.4407765567302704, 0.2655319273471832)","(0.452298104763031, 0.3144747018814087)",1,1,3.2559051513671875,3.1014404296875,"(-55.65131378173828, -73.28933715820312, 730.9810791015625)","(10.099266052246094, -73.20265197753906, 729.8519287109375)","(-20.252355575561523, 152.049072265625, 44.69953536987305)","(-16.259716033935547, 143.0841522216797, 41.43660354614258)",POINT (0.4465373307466507 0.290003314614296),,,,,,,,,,,,,,,,,,,,,,,,,,,,,,,,,,,,,,,,,,,,1,1,
0,54,27,437251317856,1817677688,1,1,"(0.4387281835079193, 0.30119451880455017)","(0.4541950523853302, 0.3374773859977722)",1,1,3.2745819091796875,3.1107330322265625,"(-55.67064666748047, -73.2860107421875, 731.0228271484375)","(10.077306747436523, -73.18199157714844, 729.8818969726562)","(-20.962203979492188, 145.51669311523438, 42.321983337402344)","(-15.602355003356934, 138.87071228027344, 39.9030647277832)",POINT (0.4464616179466248 0.3193359524011612),,,,,,,,,,,,,,,,,,,,,,,,,,,,,,,,,,,,,,,,,,,,,1,
0,54,27,437251334523,1817694354,1,1,"(0.4403188228607178, 0.296157568693161)","(0.4528172016143799, 0.3393590450286865)",1,1,3.225067138671875,3.08599853515625,"(-55.675537109375, -73.26405334472656, 731.0508422851562)","(10.06856632232666, -73.14970397949219, 729.9264526367188)","(-20.410982131958008, 146.4393310546875, 42.65778732299805)","(-16.0798397064209, 138.52606201171875, 39.77759552001953)",POINT (0.4465680122375488 0.3177583068609238),,,,,,,,,,,,,,,,,,,,,,,,,,,,,,,,,,,,,,,,,,,,,1,
0,54,27,437251351190,1817711021,1,1,"(0.435542494058609, 0.28454938530921936)","(0.45063450932502747, 0.32518497109413147)",1,1,3.185638427734375,3.0283966064453125,"(-55.67539596557617, -73.25056457519531, 731.095458984375)","(10.06890869140625, -73.12428283691406, 729.9998779296875)","(-22.066160202026367, 148.56561279296875, 43.43169021606445)","(-16.836227416992188, 141.12234497070312, 40.72256088256836)",POINT (0.4430885016918182 0.3048671782016754),,,,,,,,,,,,,,,,,,,,,,,,,,,,,,,,,,,,,,,,,,,,,1,
0,54,27,437251367857,1817727687,1,1,"(0.43970510363578796, 0.30532827973365784)","(0.45223990082740784, 0.3124455213546753)",1,1,3.10345458984375,2.9801788330078125,"(-55.681915283203125, -73.23062133789062, 731.1240234375)","(10.064456939697266, -73.08279418945312, 730.08740234375)","(-20.62364959716797, 144.759521484375, 42.046363830566406)","(-16.279895782470703, 143.4558563232422, 41.57186508178711)",POINT (0.4459725022315979 0.3088869005441666),,,,,,,,,,,,,,,,,,,,,,,,,,,,,,,,,,,,,,,,,,,,,1,
0,54,27,437251384524,1817744354,1,1,"(0.4313068985939026, 0.26371732354164124)","(0.4482558071613312, 0.3280624449253082)",1,1,3.037338256835937,2.917022705078125,"(-55.6893310546875, -73.22918701171875, 731.2422485351562)","(10.049084663391113, -73.0468978881836, 730.043701171875)","(-23.533946990966797, 152.38143920898438, 44.82052993774414)","(-17.66053009033203, 140.59527587890625, 40.53071975708008)",POINT (0.4397813528776169 0.2958898842334747),,,,,,,,,,,,,,,,,,,,,,,,,,,,,,,,,,,,,,,,,,,,1,1,
0,54,27,437251401197,1817761026,1,1,"(0.43167489767074585, 0.2888156771659851)","(0.455769807100296, 0.3551889657974243)",1,1,2.982772827148437,2.903076171875,"(-55.66674041748047, -73.18922424316406, 731.2320556640625)","(10.064962387084961, -72.99330139160156, 730.0731201171875)","(-23.406423568725586, 147.78414916992188, 43.147274017333984)","(-15.056648254394531, 135.62646484375, 38.72222137451172)",POINT (0.4437223523855209 0.3220023214817047),,,,,,,,,,,,,,,,,,,,,,,,,,,,,,,,,,,,,,,,,,,,,1,
0,54,27,437251417863,1817777692,1,1,"(0.4323124587535858, 0.2372768372297287)","(0.4446750283241272, 0.3447239100933075)",1,1,2.8801727294921875,2.85186767578125,"(-55.638771057128906, -73.12306213378906, 731.1473388671875)","(10.085136413574219, -72.95085144042969, 730.0139770507812)","(-23.185495376586914, 157.22459411621094, 46.583282470703125)","(-18.901403427124023, 137.5433807373047, 39.41990661621094)",POINT (0.4384937435388565 0.2910003736615181),,,,,,,,,,,,,,,,,,,,,,,,,,,,,,,,,,,,,,,,,,,,1,1,
0,54,27,437251434531,1817794359,1,1,"(0.43554383516311646, 0.3080795705318451)","(0.4468078911304474, 0.3203335106372833)",1,1,2.903915405273437,2.803573608398437,"(-55.595436096191406, -73.03749084472656, 731.0646362304688)","(10.120888710021973, -72.9243392944336, 730.2041625976562)","(-22.065683364868164, 144.25555419921875, 41.86297607421875)","(-18.16227912902832, 142.010986328125, 41.0460090637207)",POINT (0.4411758631467819 0.3142065405845642),,,,,,,,,,,,,,,,,,,,,,,,,,,,,,,,,,,,,,,,,,,,,1,
0,54,27,437251451198,1817811026,1,1,"(0.4351607859134674, 0.26271456480026245)","(0.4510614275932312, 0.30705323815345764)",1,1,2.8315582275390625,2.75360107421875,"(-55.542205810546875, -72.99390411376953, 731.0283813476562)","(10.160442352294922, -72.87877655029297, 730.114501953125)","(-22.198436737060547, 152.5651397705078, 44.88737106323242)","(-16.688274383544922, 144.44354248046875, 41.931392669677734)",POINT (0.4431111067533493 0.28488390147686),,,,,,,,,,,,,,,,,,,,,,,,,,,,,,,,,,,,,,,,,,,,1,1,
0,54,27,437251467865,1817827692,1,1,"(0.43034493923187256, 0.1999151110649109)","(0.46255144476890564, 0.3233579993247986)",1,1,2.744842529296875,2.741195678710937,"(-55.49486541748047, -72.96232604980469, 731.140625)","(10.203388214111328, -72.82440185546875, 730.0977783203125)","(-23.867294311523438, 164.06817626953125, 49.07416534423828)","(-12.706573486328125, 141.4569854736328, 40.84440231323242)",POINT (0.4464481920003891 0.2616365551948547),,,,,,,,,,,,,,,,,,,,,,,,,,,,,,,,,,,,,,,,,1,,,1,1,
0,54,27,437251484533,1817844360,1,1,"(0.43455126881599426, 0.2062847763299942)","(0.45069339871406555, 0.33144229650497437)",1,1,2.714706420898437,2.709213256835937,"(-55.451072692871094, -72.92893981933594, 731.1935424804688)","(10.273661613464355, -72.77528381347656, 730.0220947265625)","(-22.409650802612305, 162.90142822265625, 48.64951705932617)","(-16.815811157226562, 139.97616577148438, 40.30539321899414)",POINT (0.4426223337650299 0.2688635364174843),,,,,,,,,,,,,,,,,,,,,,,,,,,,,,,,,,,,,,,,,,,,1,1,
0,54,27,437251501200,1817861026,1,1,"(0.436220645904541, 0.289272665977478)","(0.45339658856391907, 0.3477107584476471)",1,1,2.724594116210937,2.6961822509765625,"(-55.38119125366211, -72.88442993164062, 731.0562133789062)","(10.325920104980469, -72.74998474121094, 729.9765014648438)","(-21.831153869628906, 147.700439453125, 43.116783142089844)","(-15.87907600402832, 136.9962615966797, 39.2208137512207)",POINT (0.44480861723423 0.3184917122125626),,,,,,,,,,,,,,,,,,,,,,,,,,,,,,,,,,,,,,,,,,,,,1,
0,54,27,437251517871,1817877697,1,1,"(0.42916393280029297, 0.23364737629890442)","(0.4458561837673187, 0.28845125436782837)",1,1,2.6859588623046875,2.6221923828125,"(-55.32817840576172, -72.86103820800781, 730.9312133789062)","(10.36947250366211, -72.74529266357422, 729.93115234375)","(-24.276567459106445, 157.88938903808594, 46.82527542114258)","(-18.492088317871094, 147.8509063720703, 43.171539306640625)",POINT (0.4375100582838058 0.2610493153333664),,,,,,,,,,,,,,,,,,,,,,,,,,,,,,,,,,,,,,,,,,,,1,1,
0,54,27,437251534539,1817894364,1,1,"(0.432216078042984, 0.23344777524471283)","(0.44841572642326355, 0.27063682675361633)",1,1,2.659912109375,2.57415771484375,"(-55.2894172668457, -72.85912322998047, 730.952392578125)","(10.404541015625, -72.75856018066406, 730.01806640625)","(-23.218883514404297, 157.92596435546875, 46.83858108520508)","(-17.605113983154297, 151.11398315429688, 44.3592414855957)",POINT (0.4403159022331238 0.2520423009991646),,,,,,,,,,,,,,,,,,,,,,,,,,,,,,,,,,,,,,,,,,,,1,1,
0,54,27,437251551205,1817911030,1,1,"(0.43228670954704285, 0.2298983931541443)","(0.44905129075050354, 0.2763425409793854)",1,1,2.608016967773437,2.5509490966796875,"(-55.2603645324707, -72.87806701660156, 730.9724731445312)","(10.434191703796387, -72.7691650390625, 729.9727172851562)","(-23.194408416748047, 158.5760955810547, 47.075225830078125)","(-17.384870529174805, 150.06887817382812, 43.97883224487305)",POINT (0.4406690001487732 0.2531204670667648),,,,,,,,,,,,,,,,,,,,,,,,,,,,,,,,,,,,,,,,,,,,1,1,
0,54,27,437251567873,1817927697,1,1,"(0.42983537912368774, 0.19710347056388855)","(0.4513842761516571, 0.29004576802253723)",1,1,2.6062774658203125,2.580230712890625,"(-55.242218017578125, -72.89654541015625, 731.0203857421875)","(10.457745552062988, -72.77313232421875, 729.942626953125)","(-24.043886184692383, 164.58319091796875, 49.26162338256836)","(-16.57640838623047, 147.558837890625, 43.06523132324219)",POINT (0.4406098276376724 0.2435746192932129),,,,,,,,,,,,,,,,,,,,,,,,,,,1,,,,,,,,,,,,,,,,,1,1,
0,54,27,437251584540,1817944364,1,1,"(0.4239770174026489, 0.19477832317352295)","(0.44883275032043457, 0.29680994153022766)",1,1,2.640121459960937,2.567855834960937,"(-55.23780059814453, -72.91324615478516, 731.06591796875)","(10.475273132324219, -72.77287292480469, 729.9271240234375)","(-26.074016571044922, 165.0090789794922, 49.41663360595703)","(-17.460596084594727, 146.31983947753906, 42.6142692565918)",POINT (0.4364048838615418 0.2457941323518753),,,,,,,,,,,,,,,,,,,,,,,,,,,1,,,,,,,,,,,,,,,,,1,1,
0,54,27,437251801221,1818161039,1,1,"(0.46418145298957825, 0.23382046818733215)","(0.4770100712776184, 0.21888238191604614)",1,1,2.53851318359375,2.4425201416015625,"(-55.66624450683594, -72.68729400634766, 730.8125)","(10.105867385864258, -72.5069580078125, 729.8212890625)","(-12.141714096069336, 157.85768127441406, 46.81373596191406)","(-7.696122646331787, 160.59390258789062, 47.809669494628906)",POINT (0.4705957621335983 0.2263514250516892),,,,,,,,,,,,,,,,,,,,,,,,,,,,,,,,,,,,,,,,,,,,,1,
0,54,27,437251817889,1818177706,1,1,"(0.46534672379493713, 0.16390161216259003)","(0.47970932722091675, 0.27241575717926025)",1,1,2.5845947265625,2.488265991210937,"(-55.729331970214844, -72.6849594116211, 730.562744140625)","(10.021059036254883, -72.49488830566406, 729.7064208984375)","(-11.737905502319336, 170.66482543945312, 51.47513198852539)","(-6.760730266571045, 150.7881622314453, 44.240570068359375)",POINT (0.4725280255079269 0.2181586846709251),,,,,,,,,,,,,,,,,,,,,,,,,,,,,,,,,,,,,,,,,,,,,1,
0,54,27,437251834555,1818194372,1,1,"(0.46715253591537476, 0.15147711336612701)","(0.47758716344833374, 0.29512280225753784)",1,1,2.597152709960937,2.505233764648437,"(-55.791404724121094, -72.68063354492188, 730.3876953125)","(9.94607162475586, -72.5026626586914, 729.7822265625)","(-11.112122535705566, 172.94064331054688, 52.30345153808594)","(-7.4961442947387695, 146.6288604736328, 42.72677993774414)",POINT (0.4723698496818542 0.2232999578118324),,,,,,,,,,,,,,,,,,,,,,,,,,,,,,,,,,,,,,,,,,,,,1,
0,54,27,437251851223,1818211039,1,1,"(0.46947818994522095, 0.13707223534584045)","(0.47373005747795105, 0.270937442779541)",1,1,2.632049560546875,2.47857666015625,"(-55.892303466796875, -72.72032165527344, 730.6837158203125)","(9.88014030456543, -72.51531219482422, 729.7988891601562)","(-10.3062105178833, 175.57919311523438, 53.26383972167969)","(-8.832757949829102, 151.05892944335938, 44.33918762207031)",POINT (0.471604123711586 0.2040048390626907),,,,,,,,,,,,,,,,,,,,,,,,,,,,,,,,,,,,,,,,,,,,1,,
0,54,27,437251867890,1818227706,1,1,"(0.4571690857410431, 0.13483600318431854)","(0.47564804553985596, 0.32573577761650085)",1,1,2.6304168701171875,2.5683135986328125,"(-55.940608978271484, -72.72154235839844, 730.5413818359375)","(9.822662353515625, -72.52603149414062, 729.7127075195312)","(-14.571748733520508, 175.9888153076172, 53.41291427612305)","(-8.168111801147461, 141.02145385742188, 40.68583297729492)",POINT (0.4664085656404495 0.2302858904004097),,,,,,,,,,,,,,,,,,,,,,,,,,,1,,,,,,,,,,,,,,,,,,1,
0,54,27,437251884557,1818244372,1,1,"(0.4667755961418152, 0.2012646198272705)","(0.4799105226993561, 0.3058375418186188)",1,1,2.5680694580078125,2.558822631835937,"(-55.98599624633789, -72.71726989746094, 730.266357421875)","(9.753861427307129, -72.5472412109375, 729.4942626953125)","(-11.242751121520996, 163.82098388671875, 48.984188079833984)","(-6.691018104553223, 144.66622924804688, 42.012428283691406)",POINT (0.4733430594205856 0.2535510808229446),,,,,,,,,,,,,,,,,,,,,,,,,,,,,,,,,,,,,,,,,,,,1,1,
0,54,27,437251901223,1818261038,1,1,"(0.4726943373680115, 0.17864078283309937)","(0.47700855135917664, 0.2594122588634491)",1,1,2.59814453125,2.498931884765625,"(-56.036956787109375, -72.74905395507812, 730.302978515625)","(9.698091506958008, -72.58052062988281, 729.584716796875)","(-9.191694259643555, 167.96502685546875, 50.49248123168945)","(-7.696651458740234, 153.17001342773438, 45.10755157470703)",POINT (0.4748514443635941 0.2190265208482742),,,,,,,,,,,,,,,,,,,,,,,,,,,,,,,,,,,,,,,,,,,,,1,
0,54,27,437251917895,1818277709,1,1,"(0.45432791113853455, 0.2409997135400772)","(0.47489574551582336, 0.32812973856925964)",1,1,2.614364624023437,2.590805053710937,"(-56.093971252441406, -72.77803802490234, 730.383544921875)","(9.65597915649414, -72.58995056152344, 729.5421142578125)","(-15.556319236755371, 156.54266357421875, 46.33510208129883)","(-8.428825378417969, 140.58294677734375, 40.526222229003906)",POINT (0.464611828327179 0.2845647260546684),,,,,,,,,,,,,,,,,,,,,,,,,,,,,,,,,,,,,,,,,,,,1,1,
0,54,27,437251934562,1818294376,1,1,"(0.5504615306854248, 0.21837200224399567)","(0.5723832249641418, 0.3069802224636078)",1,1,2.6033477783203125,2.550643920898437,"(-55.916404724121094, -72.8304214477539, 730.4583740234375)","(9.811613082885742, -72.63516235351562, 729.640869140625)","(17.757492065429688, 160.68740844726562, 47.84367370605469)","(25.354154586791992, 144.45693969726562, 41.936241149902344)",POINT (0.5614223778247833 0.2626761123538017),,,,,,,,,,,,,,,,,,,,,,,,,,,,,,,,,,,,,,,,,,,,1,1,
0,54,27,437251951229,1818311042,1,1,"(0.5599448084831238, 0.2649841904640198)","(0.5791059732437134, 0.3253940939903259)",1,1,2.599853515625,2.591033935546875,"(-55.904266357421875, -72.8236312866211, 730.475830078125)","(9.818603515625, -72.63072967529297, 729.5965576171875)","(21.043806076049805, 152.14939880371094, 44.736080169677734)","(27.683837890625, 141.0840301513672, 40.708595275878906)",POINT (0.5695253908634186 0.2951891422271728),,,,,,,,,,,,,,,,,,,,,,,,,,,,,,,,,,,,,,,,,,,,1,1,
0,54,27,437251967896,1818327709,1,1,"(0.564439594745636, 0.17086446285247803)","(0.5737413763999939, 0.34009578824043274)",1,1,2.609161376953125,2.6053924560546875,"(-55.93025207519531, -72.85652160644531, 730.366943359375)","(9.79519271850586, -72.62864685058594, 729.4652099609375)","(22.601398468017578, 169.38941955566406, 51.010948181152344)","(25.82481575012207, 138.39111328125, 39.728458404541016)",POINT (0.5690904855728149 0.2554801255464554),,,,,,,,,,,,,,,,,,,,,,,,,,,,,,,,,,,,,,,,,,,,1,1,
0,54,27,437251984564,1818344376,1,1,"(0.5648534297943115, 0.18312902748584747)","(0.5774188041687012, 0.31892359256744385)",1,1,2.60601806640625,2.5706329345703125,"(-55.942928314208984, -72.86283111572266, 730.2750244140625)","(9.776866912841797, -72.63483428955078, 729.4508666992188)","(22.744810104370117, 167.14288330078125, 50.19332504272461)","(27.099157333374023, 142.2692413330078, 41.13998794555664)",POINT (0.5711361169815063 0.2510263100266457),,,,,,,,,,,,,,,,,,,,,,,,,,,,,,,,,,,,,,,,,,,,1,1,
0,54,27,437252001230,1818361042,1,1,"(0.5660374164581299, 0.17813390493392944)","(0.5742213726043701, 0.3782716393470764)",1,1,2.6194610595703125,2.624618530273437,"(-55.94004821777344, -72.89483642578125, 730.2750244140625)","(9.779345512390137, -72.64959716796875, 729.465576171875)","(23.155101776123047, 168.05787658691406, 50.52627944946289)","(25.991132736206055, 131.3983917236328, 37.183311462402344)",POINT (0.57012939453125 0.2782027721405029),,,,,,,,,,,,,,,,,,,,,,,,,,,,,,,,,,,,,,,,,,,,1,1,
0,54,27,437252017898,1818377709,1,1,"(0.5725909471511841, 0.21039274334907532)","(0.574546754360199, 0.3660286068916321)",1,1,2.6303253173828125,2.6285400390625,"(-55.94197082519531, -72.90506744384766, 730.2440795898438)","(9.778036117553711, -72.6522216796875, 729.4215087890625)","(25.426158905029297, 162.1490020751953, 48.37559127807617)","(26.103897094726562, 133.64096069335938, 37.99953842163086)",POINT (0.5735688507556915 0.2882106751203537),,,,,,,,,,,,,,,,,,,,,,,,,,,,,,,,,,,,,,,,,,,,1,1,
0,54,27,437252034565,1818394376,1,1,"(0.5644199848175049, 0.20150688290596008)","(0.5806432962417603, 0.29909875988960266)",1,1,2.633773803710937,2.50982666015625,"(-55.9256477355957, -72.9261474609375, 730.3062744140625)","(9.796968460083008, -72.66937255859375, 729.4502563476562)","(22.5946102142334, 163.776611328125, 48.968055725097656)","(28.216562271118164, 145.9005889892578, 42.46171569824219)",POINT (0.5725316405296326 0.2503028213977814),,,,,,,,,,,,,,,,,,,,,,,,,,,,,,,,,,,,,,,,,,,,1,1,
0,54,27,437252051238,1818411048,1,1,"(0.5666935443878174, 0.18647266924381256)","(0.5776922702789307, 0.362922340631485)",1,1,2.647125244140625,2.611175537109375,"(-55.90730667114258, -72.937744140625, 730.3834228515625)","(9.823078155517578, -72.68182373046875, 729.5521240234375)","(23.38247299194336, 166.5304412841797, 49.970367431640625)","(27.193933486938477, 134.20994567871094, 38.20663070678711)",POINT (0.572192907333374 0.2746975049376488),,,,,,,,,,,,,,,,,,,,,,,,,,,,,,,,,,,,,,,,,,,,1,1,
0,54,27,437252067905,1818427715,1,1,"(0.5557304620742798, 0.23180899024009705)","(0.5759144425392151, 0.3493661880493164)",1,1,2.64178466796875,2.6016845703125,"(-55.84915542602539, -72.93722534179688, 730.2294921875)","(9.855398178100586, -72.70228576660156, 729.5804443359375)","(19.583362579345703, 158.2261505126953, 46.94781494140625)","(26.577856063842773, 136.6930389404297, 39.11039733886719)",POINT (0.5658224523067474 0.2905875891447067),,,,,,,,,,,,,,,,,,,,,,,,,,,,,,,,,,,,,,,,,,,,1,1,
0,54,27,437252084573,1818444382,1,1,"(0.5551674962043762, 0.24877984821796417)","(0.5727910399436951, 0.35444509983062744)",1,1,2.668426513671875,2.6206817626953125,"(-55.812286376953125, -72.9344482421875, 730.2655029296875)","(9.894143104553223, -72.68742370605469, 729.5353393554688)","(19.388275146484375, 155.11756896972656, 45.81640625)","(25.4954833984375, 135.76271057128906, 38.77183151245117)",POINT (0.5639792680740356 0.3016124740242958),,,,,,,,,,,,,,,,,,,,,,,,,,,,,,,,,,,,,,,,,,,,,1,
0,54,27,437252101239,1818461048,1,1,"(0.5605841279029846, 0.188835009932518)","(0.5695971250534058, 0.35652047395706177)",1,1,2.652694702148437,2.5977935791015625,"(-55.75923156738281, -72.93598175048828, 730.2001953125)","(9.95383071899414, -72.69036865234375, 729.4305419921875)","(21.265338897705078, 166.0977325439453, 49.81288146972656)","(24.388694763183594, 135.38258361816406, 38.6334342956543)",POINT (0.5650906264781952 0.2726777419447899),,,,,,,,,,,,,,,,,,,,,,,,,,,,,,,,,,,,,,,,,,,,1,1,
0,54,27,437252117907,1818477715,1,1,"(0.5601449012756348, 0.19389699399471283)","(0.5732936263084412, 0.3464629352092743)",1,1,2.646148681640625,2.599609375,"(-55.707916259765625, -72.93052673339844, 730.343994140625)","(10.019291877746582, -72.67437744140625, 729.51611328125)","(21.11313819885254, 165.17051696777344, 49.475399017333984)","(25.669647216796875, 137.22483825683594, 39.303955078125)",POINT (0.566719263792038 0.2701799646019936),,,,,,,,,,,,,,,,,,,,,,,,,,,,,,,,,,,,,,,,,,,,1,1,
0,54,27,437252134574,1818494382,1,1,"(0.5375905632972717, 0.21426165103912354)","(0.5543396472930908, 0.3640062212944031)",1,1,2.62774658203125,2.6128082275390625,"(-55.6887321472168, -72.93202209472656, 730.5408935546875)","(10.04242992401123, -72.68157958984375, 729.58935546875)","(13.297225952148438, 161.44032287597656, 48.11769485473633)","(19.10139274597168, 134.0113983154297, 38.13438034057617)",POINT (0.5459651052951813 0.2891339361667633),,,,,,,,,,,,,,,,,,,,,,,,,,,,,,,,,,,,,,,,,,,,1,1,
0,54,27,437252151241,1818511048,1,1,"(0.5359390377998352, 0.20992355048656464)","(0.5522517561912537, 0.3355948328971863)",1,1,2.597747802734375,2.5951080322265625,"(-55.58540344238281, -72.850830078125, 730.3519287109375)","(10.120267868041992, -72.66012573242188, 729.6016235351562)","(12.724912643432617, 162.2349395751953, 48.40688705444336)","(18.377851486206055, 139.21554565429688, 40.02854919433594)",POINT (0.5440953969955444 0.2727591916918755),,,,,,,,,,,,,,,,,,,,,,,,,,,,,,,,,,,,,,,,,,,,1,1,
0,54,27,437252167908,1818527715,1,1,"(0.5422099232673645, 0.1952821910381317)","(0.5523320436477661, 0.30765029788017273)",1,1,2.612701416015625,2.537567138671875,"(-55.47662353515625, -72.80107116699219, 730.3692626953125)","(10.243417739868164, -72.6487808227539, 729.33349609375)","(14.897997856140137, 164.9167938232422, 49.3830451965332)","(18.405704498291016, 144.3341827392578, 41.8915901184082)",POINT (0.5472709834575653 0.2514662444591522),,,,,,,,,,,,,,,,,,,,,,,,,,,,,,,,,,,,,,,,,,,,1,1,
0,54,27,437252184577,1818544383,1,1,"(0.5312342047691345, 0.2338983565568924)","(0.5548992156982422, 0.3540407121181488)",1,1,2.60943603515625,2.601806640625,"(-55.38010787963867, -72.74992370605469, 730.5335083007812)","(10.343997955322266, -72.64717864990234, 729.6089477539062)","(11.094532012939453, 157.8434295654297, 46.80853271484375)","(19.29530143737793, 135.83680725097656, 38.79874038696289)",POINT (0.5430667102336884 0.2939695343375206),,,,,,,,,,,,,,,,,,,,,,,,,,,,,,,,,,,,,,,,,,,,1,1,
0,54,27,437252201243,1818561049,1,1,"(0.5333003401756287, 0.2326144129037857)","(0.5455824732780457, 0.36543628573417664)",1,1,2.6244659423828125,2.632720947265625,"(-55.235755920410156, -72.71148681640625, 730.2738037109375)","(10.481072425842285, -72.64022064208984, 729.3699340820312)","(11.810497283935547, 158.07859802246094, 46.89414596557617)","(16.06671905517578, 133.74945068359375, 38.0390510559082)",POINT (0.5394414067268372 0.2990253493189812),,,,,,,,,,,,,,,,,,,,,,,,,,,,,,,,,,,,,,,,,,,,,1,
0,54,27,437252217911,1818577716,1,1,"(0.5333351492881775, 0.2087031602859497)","(0.5534511804580688, 0.3327277898788452)",1,1,2.6173095703125,2.617904663085937,"(-55.133209228515625, -72.70780944824219, 730.4688720703125)","(10.589576721191406, -72.63662719726562, 729.5423583984375)","(11.822583198547363, 162.4584503173828, 48.48828887939453)","(18.793506622314453, 139.74072265625, 40.21967697143555)",POINT (0.5433931648731232 0.2707154750823975),,,,,,,,,,,,,,,,,,,,,,,,,,,,,,,,,,,,,,,,,,,,1,1,
0,54,27,437252234578,1818594383,1,1,"(0.5277165174484253, 0.26356837153434753)","(0.5527207255363464, 0.3441968262195587)",1,1,2.676544189453125,2.58331298828125,"(-55.00836181640625, -72.67448425292969, 730.1331787109375)","(10.704766273498535, -72.63709259033203, 729.3184204101562)","(9.875516891479492, 152.40872192382812, 44.83048629760742)","(18.540395736694336, 137.63992309570312, 39.45504379272461)",POINT (0.5402186214923859 0.3038825988769531),,,,,,,,,,,,,,,,,,,,,,,,,,,,,,,,,,,,,,,,,,,,,1,
0,54,27,437252251245,1818611049,1,1,"(0.5269410014152527, 0.24208787083625793)","(0.554843544960022, 0.34605681896209717)",1,1,2.645416259765625,2.5947723388671875,"(-54.937774658203125, -72.69783020019531, 730.5177001953125)","(10.79810905456543, -72.657470703125, 729.59423828125)","(9.606760025024414, 156.34335327148438, 46.262535095214844)","(19.27600860595703, 137.29922485351562, 39.33100891113281)",POINT (0.5408922731876373 0.2940723448991776),,,,,,,,,,,,,,,,,,,,,,,,,,,,,,,,,,,,,,,,,,,,1,1,
0,54,27,437252267912,1818627716,1,1,"(0.5359439253807068, 0.25423163175582886)","(0.557073175907135, 0.33725303411483765)",1,1,2.60955810546875,2.599761962890625,"(-54.84061813354492, -72.68153381347656, 730.2066650390625)","(10.875066757202148, -72.6692886352539, 729.4006958007812)","(12.726594924926758, 154.11895751953125, 45.45293426513672)","(20.048654556274414, 138.9118194580078, 39.91800308227539)",POINT (0.5465085506439209 0.2957423329353332),,,,,,,,,,,,,,,,,,,,,,,,,,,,,,,,,,,,,,,,,,,,1,1,
0,54,27,437252284580,1818644383,1,1,"(0.533355712890625, 0.2158898562192917)","(0.5518655180931091, 0.3053443431854248)",1,1,2.633026123046875,2.5478973388671875,"(-54.772430419921875, -72.660888671875, 730.0386962890625)","(10.93954849243164, -72.65919494628906, 729.2369384765625)","(11.829695701599121, 161.14207458496094, 48.00910568237305)","(18.24401092529297, 144.75657653808594, 42.04529571533203)",POINT (0.5426106154918671 0.2606170997023582),,,,,,,,,,,,,,,,,,,,,,,,,,,,,,,,,,,,,,,,,,,,1,1,
0,54,27,437252301246,1818661049,1,1,"(0.5362164974212646, 0.2059662640094757)","(0.558905839920044, 0.3549034595489502)",1,1,2.616806030273437,2.5745391845703125,"(-54.73558807373047, -72.69401550292969, 730.1939697265625)","(10.984996795654297, -72.70276641845703, 729.3375244140625)","(12.821070671081543, 162.95977783203125, 48.670738220214844)","(20.683757781982422, 135.67877197265625, 38.741249084472656)",POINT (0.5475611686706543 0.280434861779213),,,,,,,,,,,,,,,,,,,,,,,,,,,,,,,,,,,,,,,,,,,,1,1,
0,54,27,437252317923,1818677725,1,1,"(0.5293291211128235, 0.20227740705013275)","(0.5524345636367798, 0.3229319155216217)",1,1,2.5906219482421875,2.5464630126953125,"(-54.70710372924805, -72.70205688476562, 730.2879028320312)","(11.020696640014648, -72.7041015625, 729.409912109375)","(10.434334754943848, 163.63548278808594, 48.91666030883789)","(18.44122886657715, 141.5350341796875, 40.87275314331055)",POINT (0.5408818423748016 0.2626046612858772),,,,,,,,,,,,,,,,,,,,,,,,,,,,,,,,,,,,,,,,,,,,1,1,
0,54,27,437252334591,1818694392,1,1,"(0.5324460864067078, 0.22161203622817993)","(0.5521398186683655, 0.3212135434150696)",1,1,2.631927490234375,2.5499420166015625,"(-54.688743591308594, -72.71650695800781, 730.2757568359375)","(11.037252426147461, -72.72014617919922, 729.33544921875)","(11.514469146728516, 160.0939178466797, 47.627655029296875)","(18.339073181152344, 141.8498077392578, 40.98728942871094)",POINT (0.5422929525375366 0.2714127898216248),,,,,,,,,,,,,,,,,,,,,,,,,,,,,,,,,,,,,,,,,,,,1,1,
0,54,27,437252351257,1818711058,1,1,"(0.5303806066513062, 0.19756348431110382)","(0.5557429790496826, 0.32351154088974)",1,1,2.62554931640625,2.557968139648437,"(-54.67378234863281, -72.70744323730469, 730.2330932617188)","(11.04758071899414, -72.70088195800781, 729.4090576171875)","(10.79871940612793, 164.49893188476562, 49.23096466064453)","(19.58770179748535, 141.42886352539062, 40.8341178894043)",POINT (0.5430617928504944 0.2605375126004219),,,,,,,,,,,,,,,,,,,,,,,,,,,,,,,,,,,,,,,,,,,,1,1,
0,54,27,437252367925,1818727725,1,1,"(0.5288935899734497, 0.2564130425453186)","(0.5577046871185303, 0.3137096166610718)",1,1,2.6309967041015625,2.5360107421875,"(-54.66773986816406, -72.71073913574219, 730.2638549804688)","(11.05688762664795, -72.69542694091797, 729.4674682617188)","(10.283404350280762, 153.71939086914062, 45.30747604370117)","(20.26752471923828, 143.2242889404297, 41.48759460449219)",POINT (0.54329913854599 0.2850613296031952),,,,,,,,,,,,,,,,,,,,,,,,,,,,,,,,,,,,,,,,,,,,1,1,
0,54,27,437252384593,1818744392,1,1,"(0.5179563760757446, 0.18930691480636597)","(0.538877010345459, 0.3170263171195984)",1,1,2.589935302734375,2.5706024169921875,"(-54.71195983886719, -72.68733215332031, 730.257080078125)","(11.011847496032715, -72.64164733886719, 729.3521118164062)","(6.493267059326172, 166.0112762451172, 49.78142547607422)","(13.743026733398438, 142.6167755126953, 41.2664794921875)",POINT (0.5284166932106018 0.2531666159629822),,,,,,,,,,,,,,,,,,,,,,,,,,,,,,,,,,,,,,,,,,,,1,1,
0,54,27,437252401259,1818761058,1,1,"(0.49809595942497253, 0.19383177161216736)","(0.5153998732566833, 0.30093204975128174)",1,1,2.6105499267578125,2.5535125732421875,"(-54.74699401855469, -72.644287109375, 730.0439453125)","(10.944326400756836, -72.60456848144531, 729.2222900390625)","(-0.3890988230705261, 165.18247985839844, 49.47972106933594)","(5.607349395751953, 145.56475830078125, 42.33949661254883)",POINT (0.5067479163408279 0.2473819106817246),,,,,,,,,,,,,,,,,,,,,,,,,,,,,,,,,,,,,,,,,,,,1,1,
0,54,27,437252417927,1818777725,1,1,"(0.49473172426223755, 0.20273281633853912)","(0.5152667760848999, 0.2872006893157959)",1,1,2.5962677001953125,2.5467071533203125,"(-54.74258804321289, -72.57959747314453, 729.985595703125)","(10.948369979858398, -72.55055236816406, 729.236328125)","(-1.5549267530441284, 163.5520477294922, 48.88631057739258)","(5.5612077713012695, 148.07997131347656, 43.25493240356445)",POINT (0.5049992501735687 0.2449667528271675),,,,,,,,,,,,,,,,,,,,,,,,,,,,,,,,,,,,,,,,,,,,1,1,
0,54,27,437252434596,1818794394,1,1,"(0.4971390962600708, 0.24175085127353668)","(0.5160698890686035, 0.34523966908454895)",1,1,2.589340209960937,2.62322998046875,"(-54.75402069091797, -72.54165649414062, 730.042724609375)","(10.939980506896973, -72.50186157226562, 729.1920776367188)","(-0.7206816673278809, 156.40509033203125, 46.285003662109375)","(5.839527606964111, 137.4488983154297, 39.385528564453125)",POINT (0.5066044926643372 0.2934952601790428),,,,,,,,,,,,,,,,,,,,,,,,,,,,,,,,,,,,,,,,,,,,1,1,
0,54,27,437252451264,1818811061,1,1,"(0.4939503073692322, 0.22832296788692474)","(0.5194790959358215, 0.3198266327381134)",1,1,2.6314849853515625,2.56298828125,"(-54.75830841064453, -72.48094177246094, 729.9819946289062)","(10.937309265136719, -72.43989562988281, 729.1779174804688)","(-1.8257076740264893, 158.86468505859375, 47.18022537231445)","(7.0209455490112305, 142.1038360595703, 41.07981491088867)",POINT (0.5067147016525269 0.2740748003125191),,,,,,,,,,,,,,,,,,,,,,,,,,,,,,,,,,,,,,,,,,,,1,1,
0,54,27,437252467931,1818827728,1,1,"(0.5030350685119629, 0.213419109582901)","(0.5125035643577576, 0.3552093505859375)",1,1,2.57781982421875,2.6297149658203125,"(-54.770328521728516, -72.46881103515625, 730.0091552734375)","(10.927719116210938, -72.41852569580078, 729.2078247070312)","(1.3224998712539673, 161.59463500976562, 48.17387008666992)","(4.603665828704834, 135.6227264404297, 38.720882415771484)",POINT (0.5077693164348602 0.2843142300844192),,,,,,,,,,,,,,,,,,,,,,,,,,,,,,,,,,,,,,,,,,,,1,1,
0,54,27,437252484598,1818844394,1,1,"(0.49743205308914185, 0.22743119299411774)","(0.5137341022491455, 0.3035208582878113)",1,1,2.6422576904296875,2.55126953125,"(-54.80030822753906, -72.45295715332031, 730.0782470703125)","(10.898033142089844, -72.3952865600586, 729.2532958984375)","(-0.6191620826721191, 159.0280303955078, 47.23969268798828)","(5.0300984382629395, 145.09056091308594, 42.16688919067383)",POINT (0.5055830776691437 0.2654760256409645),,,,,,,,,,,,,,,,,,,,,,,,,,,,,,,,,,,,,,,,,,,,1,1,
0,54,27,437252501265,1818861061,1,1,"(0.4993940591812134, 0.21945858001708984)","(0.5127158164978027, 0.3594876229763031)",1,1,2.598541259765625,2.6309051513671875,"(-54.83579635620117, -72.45639038085938, 730.146484375)","(10.866792678833008, -72.40133666992188, 729.4008178710938)","(0.0607462041079998, 160.48838806152344, 47.77119827270508)","(4.677204608917236, 134.83909606933594, 38.43561553955078)",POINT (0.5060549378395081 0.2894731014966965),,,,,,,,,,,,,,,,,,,,,,,,,,,,,,,,,,,,,,,,,,,,1,1,
0,54,27,437252517933,1818877728,1,1,"(0.48686447739601135, 0.28603866696357727)","(0.5171407461166382, 0.3419158160686493)",1,1,2.6656494140625,2.624053955078125,"(-54.8707275390625, -72.44800567626953, 730.140869140625)","(10.830619812011719, -72.39756774902344, 729.4899291992188)","(-4.2812042236328125, 148.29281616210938, 43.33237838745117)","(6.210629463195801, 138.05772399902344, 39.60714340209961)",POINT (0.5020026117563248 0.3139772415161133),,,,,,,,,,,,,,,,,,,,,,,,,,,,,,,,,,,,,,,,,,,,,1,
0,54,27,437252534599,1818894394,1,1,"(0.4949799180030823, 0.22937138378620148)","(0.5174272656440735, 0.3290591239929199)",1,1,2.6631011962890625,2.5963134765625,"(-54.92347717285156, -72.45049285888672, 730.1013793945312)","(10.787073135375977, -72.4072265625, 729.5506591796875)","(-1.468915343284607, 158.6726531982422, 47.11034393310547)","(6.309916973114014, 140.41270446777344, 40.46427536010742)",POINT (0.5062035918235779 0.2792152538895607),,,,,,,,,,,,,,,,,,,,,,,,,,,,,,,,,,,,,,,,,,,,1,1,
0,54,27,437252551267,1818911061,1,1,"(0.5033150315284729, 0.22586052119731903)","(0.5188218951225281, 0.3251206874847412)",1,1,2.634368896484375,2.617889404296875,"(-54.981971740722656, -72.44976806640625, 730.0923461914062)","(10.731637001037598, -72.38558959960938, 729.3760986328125)","(1.419519066810608, 159.3157196044922, 47.34442138671875)","(6.793200492858887, 141.1341094970703, 40.72683334350586)",POINT (0.5110684633255005 0.2754906043410301),,,,,,,,,,,,,,,,,,,,,,,,,,,,,,,,,,,,,,,,,,,,1,1,
0,54,27,437252567939,1818927733,1,1,"(0.49931782484054565, 0.19579988718032837)","(0.515034019947052, 0.3317248225212097)",1,1,2.629135131835937,2.6272735595703125,"(-55.03783416748047, -72.45724487304688, 730.0682373046875)","(10.659067153930664, -72.37141418457031, 729.20263671875)","(0.0343354195356369, 164.8219757080078, 49.3485221862793)","(5.480567455291748, 139.92442321777344, 40.28655242919922)",POINT (0.5071759223937988 0.263762354850769),,,,,,,,,,,,,,,,,,,,,,,,,,,,,,,,,,,,,,,,,,,,1,1,
0,54,27,437252584606,1818944399,1,1,"(0.571589469909668, 0.25841110944747925)","(0.5996308922767639, 0.365314781665802)",1,1,2.706268310546875,2.6241455078125,"(-54.9155158996582, -72.47447967529297, 730.1038818359375)","(10.781785011291504, -72.40985107421875, 729.5358276367188)","(25.079082489013672, 153.3533935546875, 45.17429733276367)","(34.79648208618164, 133.77171325683594, 38.04714584350586)",POINT (0.5856101810932159 0.3118629455566406),,,,,,,,,,,,,,,,,,,,,,,,,,,,,,,,,,,,,,,,,,,,,1,
0,54,27,437252601273,1818961066,1,1,"(0.6433043479919434, 0.21753868460655212)","(0.6539815664291382, 0.33441635966300964)",1,1,2.640777587890625,2.59442138671875,"(-54.79039764404297, -72.47013854980469, 730.020751953125)","(10.862532615661621, -72.42627716064453, 729.532958984375)","(49.93092346191406, 160.84002685546875, 47.89925765991211)","(53.630977630615234, 139.431396484375, 40.10713195800781)",POINT (0.6486429572105408 0.2759775221347809),,,,,,,,,,,,,,,,,,,,,,,,,,,,,,,,,,,,,,,,,,,,1,1,
0,54,27,437252617941,1818977733,1,1,"(0.6412186622619629, 0.20422711968421936)","(0.6575146913528442, 0.34206610918045044)",1,1,2.69500732421875,2.619171142578125,"(-54.90088653564453, -72.49717712402344, 730.181396484375)","(10.782978057861328, -72.43092346191406, 729.6679077148438)","(49.20815658569336, 163.27833557128906, 48.78671646118164)","(54.855323791503906, 138.0301971435547, 39.59714126586914)",POINT (0.6493666768074036 0.2731466144323349),,,,,,,,,,,,,,,,,,,,,,,,,,,,,,,,,,,,,,,,,,,,1,1,
0,54,27,437252634607,1818994399,1,1,"(0.6477732062339783, 0.20359335839748383)","(0.6425987482070923, 0.34487855434417725)",1,1,2.666595458984375,2.6098175048828125,"(-54.999725341796875, -72.5279541015625, 730.0320434570312)","(10.685689926147461, -72.41940307617188, 729.3331909179688)","(51.479549407958984, 163.39442443847656, 48.82894515991211)","(49.6863899230957, 137.51504516601562, 39.409568786621094)",POINT (0.6451859772205353 0.2742359563708305),,,,,,,,,,,,,,,,,,,,,,,,,,,,,,,,,,,,,,,,,,,,1,1,
0,54,27,437252651275,1819011066,1,1,"(0.6398236751556396, 0.24644257128238678)","(0.6630479693412781, 0.3106657564640045)",1,1,2.672576904296875,2.5682525634765625,"(-55.1099967956543, -72.58097839355469, 730.1920776367188)","(10.58031940460205, -72.44497680664062, 729.5711059570312)","(48.72473907470703, 155.54568481445312, 45.97221374511719)","(56.77281951904297, 143.78182983398438, 41.6905403137207)",POINT (0.6514358222484589 0.2785541638731956),,,,,,,,,,,,,,,,,,,,,,,,,,,,,,,,,,,,,,,,,,,,1,1,
0,54,27,437252667942,1819027733,1,1,"(0.648639440536499, 0.16732946038246155)","(0.6442463397979736, 0.37020736932754517)",1,1,2.67742919921875,2.656341552734375,"(-55.23065185546875, -72.65170288085938, 730.244873046875)","(10.485580444335938, -72.45771026611328, 729.4568481445312)","(51.77971649169922, 170.03695678710938, 51.24658203125)","(50.25735855102539, 132.87551879882812, 37.720977783203125)",POINT (0.6464428901672363 0.2687684148550034),,,,,,,,,,,,,,,,,,,,,,,,,,,,,,,,,,,,,,,,,,,,1,1,
0,54,27,437252684609,1819044399,1,1,"(0.6419751644134521, 0.2059469372034073)","(0.657261312007904, 0.296843022108078)",1,1,2.650604248046875,2.565048217773437,"(-55.32658386230469, -72.68846893310547, 730.21337890625)","(10.381038665771484, -72.49771118164062, 729.50390625)","(49.47030258178711, 162.9633331298828, 48.6719856262207)","(54.76751708984375, 146.31378173828125, 42.612056732177734)",POINT (0.6496182382106781 0.2513949796557426),,,,,,,,,,,,,,,,,,,,,,,,,,,,,,,,,,,,,,,,,,,,1,1,
0,54,27,437252701281,1819061071,1,1,"(0.6449503898620605, 0.1904575079679489)","(0.6506984829902649, 0.3140600919723511)",1,1,2.708892822265625,2.600082397460937,"(-55.44852066040039, -72.72579956054688, 730.26806640625)","(10.283882141113281, -72.54017639160156, 729.565673828125)","(50.501338958740234, 165.800537109375, 49.70468521118164)","(52.493247985839844, 143.1601104736328, 41.46424102783203)",POINT (0.6478244364261627 0.25225879997015),,,,,,,,,,,,,,,,,,,,,,,,,,,,,,,,,,,,,,,,,,,,1,1,
0,54,27,437252717949,1819077738,1,1,"(0.6521170139312744, 0.21615613996982574)","(0.66051185131073, 0.2895764410495758)",1,1,2.685653686523437,2.5363311767578125,"(-55.53504180908203, -72.77975463867188, 730.1221923828125)","(10.175037384033203, -72.57501220703125, 729.496826171875)","(52.98481750488281, 161.09329223632812, 47.99140548706055)","(55.893951416015625, 147.64480590820312, 43.09654235839844)",POINT (0.6563144326210022 0.2528662905097008),,,,,,,,,,,,,,,,,,,,,,,,,,,,,,,,,,,,,,,,,,,,1,1,
0,54,27,437252734615,1819094404,1,1,"(0.6458705067634583, 0.19330166280269623)","(0.6543900966644287, 0.32345259189605713)",1,1,2.6806182861328125,2.623031616210937,"(-55.66615295410156, -72.87476348876953, 730.427001953125)","(10.079623222351074, -72.59988403320312, 729.5291137695312)","(50.820186614990234, 165.27955627441406, 49.515106201171875)","(53.77252960205078, 141.43966674804688, 40.838050842285156)",POINT (0.6501303017139435 0.2583771273493767),,,,,,,,,,,,,,,,,,,,,,,,,,,,,,,,,,,,,,,,,,,,1,1,
0,54,27,437252751283,1819111071,1,1,"(0.6540720462799072, 0.20025500655174255)","(0.6497710347175598, 0.31804966926574707)",1,1,2.693954467773437,2.6328887939453125,"(-55.744972229003906, -72.9095458984375, 730.0994873046875)","(9.977243423461914, -72.62022399902344, 729.4449462890625)","(53.66232681274414, 164.0059051513672, 49.051536560058594)","(52.171871185302734, 142.42933654785156, 41.19822692871094)",POINT (0.6519215404987335 0.2591523379087448),,,,,,,,,,,,,,,,,,,,,,,,,,,,,,,,,,,,,,,,,,,,1,1,
0,54,27,437252767950,1819127738,1,1,"(0.6408748030662537, 0.2344236969947815)","(0.6464440226554871, 0.3278687298297882)",1,1,2.7251739501953125,2.641815185546875,"(-55.84576416015625, -72.9590072631836, 730.2164306640625)","(9.879701614379883, -72.62680053710938, 729.3890991210938)","(49.088993072509766, 157.7471923828125, 46.773502349853516)","(51.01892852783203, 140.63075256347656, 40.543636322021484)",POINT (0.6436594128608704 0.2811462134122848),,,,,,,,,,,,,,,,,,,,,,,,,,,,,,,,,,,,,,,,,,,,1,1,
0,54,27,437252784617,1819144404,1,1,"(0.643453061580658, 0.22461436688899994)","(0.6456014513969421, 0.35015231370925903)",1,1,2.696380615234375,2.6551971435546875,"(-55.93694305419922, -73.00157165527344, 730.06787109375)","(9.789290428161621, -72.64974212646484, 729.4652099609375)","(49.98244094848633, 159.54397583007812, 47.42750930786133)","(50.726959228515625, 136.54904174804688, 39.05801010131836)",POINT (0.6445272564888 0.2873833402991295),,,,,,,,,,,,,,,,,,,,,,,,,,,,,,,,,,,,,,,,,,,,1,1,
0,54,27,437252801285,1819161071,1,1,"(0.6488720774650574, 0.1866505891084671)","(0.6475947499275208, 0.3557031452655792)",1,1,2.6902618408203125,2.6634063720703125,"(-56.01668167114258, -73.07870483398438, 729.979736328125)","(9.698783874511719, -72.65077209472656, 729.233154296875)","(51.8603515625, 166.4978485107422, 49.95851135253906)","(51.41769790649414, 135.5322723388672, 38.687957763671875)",POINT (0.6482334136962891 0.2711768671870232),,,,,,,,,,,,,,,,,,,,,,,,,,,,,,,,,,,,,,,,,,,,1,1,
0,54,27,437252817952,1819177738,1,1,"(0.6442092061042786, 0.19700050354003906)","(0.6462289094924927, 0.3590095341205597)",1,1,2.720916748046875,2.6759490966796875,"(-56.11488723754883, -73.14064025878906, 730.0965576171875)","(9.61648178100586, -72.66559600830078, 729.3235473632812)","(50.244483947753906, 164.60205078125, 49.26848602294922)","(50.94438171386719, 134.9266357421875, 38.46753692626953)",POINT (0.6452190577983856 0.2780050188302994),,,,,,,,,,,,,,,,,,,,,,,,,,,,,,,,,,,,,,,,,,,,1,1,
0,54,27,437252834624,1819194409,1,1,"(0.6438392400741577, 0.22393278777599335)","(0.655402660369873, 0.34221306443214417)",1,1,2.7472686767578125,2.674102783203125,"(-56.18777847290039, -73.17030334472656, 729.9793701171875)","(9.544843673706055, -72.68959045410156, 729.2518310546875)","(50.11628723144531, 159.66883850097656, 47.47288131713867)","(54.1234130859375, 138.00326538085938, 39.58732986450195)",POINT (0.6496209502220154 0.2830729261040688),,,,,,,,,,,,,,,,,,,,,,,,,,,,,,,,,,,,,,,,,,,,1,1,
0,54,27,437252851291,1819211076,1,1,"(0.6443568468093872, 0.17071686685085297)","(0.650194525718689, 0.32852867245674133)",1,1,2.706298828125,2.633026123046875,"(-56.22833251953125, -73.16645812988281, 729.809326171875)","(9.484848976135254, -72.68498229980469, 729.16552734375)","(50.29563903808594, 169.41647338867188, 51.020729064941406)","(52.318626403808594, 140.50987243652344, 40.499664306640625)",POINT (0.6472756862640381 0.2496227696537972),,,,,,,,,,,,,,,,,,,,,,,,,,,,,,,,,,,,,,,,,,,,1,1,
0,54,27,437252867959,1819227743,1,1,"(0.6514663100242615, 0.1949918121099472)","(0.6514288783073425, 0.36101868748664856)",1,1,2.706771850585937,2.6854400634765625,"(-56.25090408325195, -73.18994903564453, 729.8062744140625)","(9.462423324584961, -72.72299194335938, 729.10791015625)","(52.75934600830078, 164.96998596191406, 49.40238952636719)","(52.746368408203125, 134.5586395263672, 38.33354568481445)",POINT (0.651447594165802 0.2780052497982979),,,,,,,,,,,,,,,,,,,,,,,,,,,,,,,,,,,,,,,,,,,,1,1,
0,54,27,437252884626,1819244409,1,1,"(0.69188392162323, 0.23373037576675415)","(0.698248028755188, 0.2853386402130127)",1,1,2.7107696533203125,2.610595703125,"(-56.18763732910156, -73.17657470703125, 729.7275390625)","(9.51425552368164, -72.73655700683594, 729.1502685546875)","(66.76551055908203, 157.87420654296875, 46.81971740722656)","(68.97093200683594, 148.42103576660156, 43.379058837890625)",POINT (0.695065975189209 0.2595345079898834),,,,,,,,,,,,,,,,,,,,,,,,,,,,,,,,,,,,,,,,,,,,1,1,
0,54,27,437252901293,1819261076,1,1,"(0.6905196309089661, 0.22392240166664124)","(0.6923235654830933, 0.3054793179035187)",1,1,2.7276153564453125,2.661117553710937,"(-56.18122863769531, -73.19206237792969, 729.6987915039062)","(9.522601127624512, -72.76869201660156, 729.19384765625)","(66.29273223876953, 159.6707305908203, 47.473628997802734)","(66.91789245605469, 144.7318572998047, 42.03628921508789)",POINT (0.6914215981960297 0.26470085978508),,,,,,,,,,,,,,,,,,,,,,,,,,,,,,,,,,,,,,,,,,,,1,1,
0,54,27,437252917961,1819277743,1,1,"(0.6885221004486084, 0.22561179101467133)","(0.7012065649032593, 0.29456689953804016)",1,1,2.7261199951171875,2.609115600585937,"(-56.175575256347656, -73.18878173828125, 729.6993408203125)","(9.53400707244873, -72.75796508789062, 729.1936645507812)","(65.60052490234375, 159.3612823486328, 47.361019134521484)","(69.99613952636719, 146.73069763183594, 42.76383590698242)",POINT (0.6948643326759338 0.2600893452763557),,,,,,,,,,,,,,,,,,,,,,,,,,,,,,,,,,,,,,,,,,,,1,1,
0,54,27,437252934627,1819294409,1,1,"(0.6908591985702515, 0.23940140008926392)","(0.6981734037399292, 0.30647802352905273)",1,1,2.71185302734375,2.6403045654296875,"(-56.156375885009766, -73.20037841796875, 729.6580200195312)","(9.561173439025879, -72.77972412109375, 729.266357421875)","(66.41040802001953, 156.83543395996094, 46.44164276123047)","(68.94507598876953, 144.54891967773438, 41.96974182128906)",POINT (0.6945163011550903 0.2729397118091583),,,,,,,,,,,,,,,,,,,,,,,,,,,,,,,,,,,,,,,,,,,,1,1,
0,54,27,437252951295,1819311076,1,1,"(0.6819671392440796, 0.23569408059120178)","(0.7060332298278809, 0.3015116751194)",1,1,2.7223052978515625,2.615753173828125,"(-56.12079620361328, -73.19711303710938, 729.768798828125)","(9.605478286743164, -72.77290344238281, 729.2064208984375)","(63.329010009765625, 157.51449584960938, 46.6888313293457)","(71.66876220703125, 145.4586181640625, 42.30082702636719)",POINT (0.6940001845359802 0.2686028778553009),,,,,,,,,,,,,,,,,,,,,,,,,,,,,,,,,,,,,,,,,,,,1,1,
0,54,27,437252967964,1819327745,1,1,"(0.6817290186882019, 0.21712353825569153)","(0.6999591588973999, 0.3171423673629761)",1,1,2.746337890625,2.6443023681640625,"(-56.051937103271484, -73.20380401611328, 729.795654296875)","(9.658346176147461, -72.7945556640625, 729.1466064453125)","(63.2464714050293, 160.9160919189453, 47.926902770996094)","(69.56389617919922, 142.5955047607422, 41.258750915527344)",POINT (0.6908440887928009 0.2671329528093338),,,,,,,,,,,,,,,,,,,,,,,,,,,,,,,,,,,,,,,,,,,,1,1,
0,54,27,437252984632,1819344412,1,1,"(0.6877092719078064, 0.20961834490299225)","(0.6997181177139282, 0.26475098729133606)",1,1,2.74688720703125,2.60552978515625,"(-55.978187561035156, -73.17448425292969, 729.6594848632812)","(9.736421585083008, -72.81106567382812, 729.2174072265625)","(65.31885528564453, 162.29083251953125, 48.42725372314453)","(69.4803466796875, 152.19210815429688, 44.75164031982422)",POINT (0.6937136948108673 0.2371846660971642),,,,,,,,,,,,,,,,,,,,,,,,,,,,,,,,,,,,,,,,,,,,,1,
0,54,27,437253001299,1819361079,1,1,"(0.688788115978241, 0.20193743705749512)","(0.6997901201248169, 0.3360349237918854)",1,1,2.73046875,2.66583251953125,"(-55.91029357910156, -73.17770385742188, 729.6560668945312)","(9.818183898925781, -72.84248352050781, 729.2442626953125)","(65.69271087646484, 163.69773864746094, 48.939353942871094)","(69.50531768798828, 139.1349334716797, 39.99921417236328)",POINT (0.6942891180515289 0.2689861804246902),,,,,,,,,,,,,,,,,,,,,,,,,,,,,,,,,,,,,,,,,,,,1,1,
0,54,27,437253017966,1819377745,1,1,"(0.674829363822937, 0.2420818954706192)","(0.6982264518737793, 0.35098764300346375)",1,1,2.7838287353515625,2.684310913085937,"(-55.80754852294922, -73.17650604248047, 729.76220703125)","(9.907416343688965, -72.84060668945312, 729.09521484375)","(60.85548400878906, 156.34445190429688, 46.26290512084961)","(68.96343994140625, 136.3960418701172, 39.002296447753906)",POINT (0.6865279078483582 0.2965347692370415),,,,,,,,,,,,,,,,,,,,,,,,,,,,,,,,,,,,,,,,,,,,,1,
0,54,27,437253034633,1819394412,1,1,"(0.693294107913971, 0.19679056107997894)","(0.6981666684150696, 0.34522998332977295)",1,1,2.75323486328125,2.6743927001953125,"(-55.71088790893555, -73.17583465576172, 729.6156005859375)","(10.006270408630371, -72.88888549804688, 729.2822875976562)","(67.25420379638672, 164.64048767089844, 49.282493591308594)","(68.94271850585938, 137.45066833496094, 39.38617706298828)",POINT (0.6957303881645203 0.271010272204876),,,,,,,,,,,,,,,,,,,,,,,,,,,,,,,,,,,,,,,,,,,,1,1,
0,54,27,437253051301,1819411079,1,1,"(0.6792377233505249, 0.220187708735466)","(0.7015777826309204, 0.3324422240257263)",1,1,2.778549194335937,2.6426239013671875,"(-55.629364013671875, -73.1576156616211, 729.5999755859375)","(10.093588829040527, -72.90780639648438, 729.3234252929688)","(62.383148193359375, 160.3548126220703, 47.722618103027344)","(70.12480163574219, 139.7930145263672, 40.23874282836914)",POINT (0.6904077529907227 0.2763149663805962),,,,,,,,,,,,,,,,,,,,,,,,,,,,,,,,,,,,,,,,,,,,1,1,
0,54,27,437253067967,1819427745,1,1,"(0.6876708269119263, 0.2192884236574173)","(0.6972295641899109, 0.31264784932136536)",1,1,2.763427734375,2.634765625,"(-55.52161407470703, -73.16373443603516, 729.6474609375)","(10.19725513458252, -72.93250274658203, 729.2169189453125)","(65.3055191040039, 160.51954650878906, 47.782569885253906)","(68.61798858642578, 143.41879272460938, 41.55838394165039)",POINT (0.6924501955509186 0.2659681364893913),,,,,,,,,,,,,,,,,,,,,,,,,,,,,,,,,,,,,,,,,,,,1,1,
0,54,27,437253084635,1819444412,1,1,"(0.6997324824333191, 0.19718289375305176)","(0.6922314167022705, 0.3603210747241974)",1,1,2.7219390869140625,2.699951171875,"(-55.447120666503906, -73.13853454589844, 729.5848388671875)","(10.28941535949707, -72.95645141601562, 729.4046020507812)","(69.48533630371094, 164.56863403320312, 49.25633239746094)","(66.88593292236328, 134.68641662597656, 38.380062103271484)",POINT (0.6959819495677948 0.2787519842386246),,,,,,,,,,,,,,,,,,,,,,,,,,,,,,,,,,,,,,,,,,,,1,1,
0,54,27,437253101308,1819461085,1,1,"(0.7076486349105835, 0.1904248595237732)","(0.7205997705459595, 0.22485409677028656)",1,1,2.74810791015625,2.598846435546875,"(-55.2977409362793, -73.06173706054688, 729.7447509765625)","(10.378667831420898, -72.88046264648438, 729.2705078125)","(72.22856140136719, 165.8065185546875, 49.706886291503906)","(76.71662902832031, 159.50006103515625, 47.41154098510742)",POINT (0.7141242027282715 0.2076394781470299),,,,,,,,,,,,,,,,,,,,,,,,,,,,,,,,,,,,,,,,,,,,,,
0,54,27,437253117975,1819477751,1,1,"(0.7075124979019165, 0.07812714576721191)","(0.7316792011260986, 0.1258268505334854)",1,1,2.7962188720703125,2.64971923828125,"(-55.137474060058594, -72.84807586669922, 729.9797973632812)","(10.447811126708984, -72.71424102783203, 729.516845703125)","(72.18138122558594, 186.376220703125, 57.19366455078125)","(80.55602264404297, 177.63902282714844, 54.01356506347656)",POINT (0.7195958495140076 0.1019769981503487),,,,,,,,,,,,,,,,,,,,,,,,,,,,,,,,,,,,,,,,,,,,,,
0,54,27,437253134642,1819494418,1,1,"(0.714911162853241, 0.14503784477710724)","(0.7317044138908386, 0.14604417979717255)",1,1,2.75042724609375,2.684600830078125,"(-55.09376525878906, -72.83808898925781, 729.9573974609375)","(10.532089233398438, -72.74110412597656, 729.58740234375)","(74.74529266357422, 174.1201171875, 52.73279571533203)","(80.5647964477539, 173.93580627441406, 52.665645599365234)",POINT (0.7233077883720398 0.1455410122871399),,,,,,,,,,,,,,,,,,,,,,,,,,,,,,,,,,,,,,,,,,,,1,,
0,54,27,437253151310,1819511085,1,1,"(0.7163406014442444, 0.07912906259298325)","(0.7360473871231079, 0.13413302600383759)",1,1,2.848739624023437,2.6527252197265625,"(-55.055442810058594, -72.80152130126953, 729.9343872070312)","(10.582855224609375, -72.71459197998047, 729.5858764648438)","(75.24066162109375, 186.19271850585938, 57.126834869384766)","(82.06977844238281, 176.11756896972656, 53.45977020263672)",POINT (0.7261939942836761 0.1066310442984104),,,,,,,,,,,,,,,,,,,,,,,,,,,,,,,,,,,,,,,,,,,,,,
0,54,27,437253167977,1819527752,1,1,"(0.7157776355743408, 0.07931149750947952)","(0.7362786531448364, 0.1329648494720459)",1,1,2.808349609375,2.653427124023437,"(-55.029876708984375, -72.79206085205078, 729.820068359375)","(10.610127449035645, -72.72117614746094, 729.555419921875)","(75.0455551147461, 186.1593017578125, 57.114662170410156)","(82.14991760253906, 176.33154296875, 53.53768539428711)",POINT (0.7260281443595886 0.1061381734907627),,,,,,,,,,,,,,,,,,,,,,,,,,,,,,,,,,,,,,,,,,,,,,
0,54,27,437253184645,1819544419,1,1,"(0.7134514451026917, 0.153037890791893)","(0.7306568026542664, 0.13713249564170837)",1,1,2.764434814453125,2.6619873046875,"(-55.02058029174805, -72.7701644897461, 729.7918701171875)","(10.631924629211426, -72.69703674316406, 729.481689453125)","(74.23944091796875, 172.6547393798828, 52.19941711425781)","(80.20173645019531, 175.56814575195312, 53.25982666015625)",POINT (0.722054123878479 0.1450851932168007),,,,,,,,,,,,,,,,,,,,,,,,,,,,,,,,,,,,,,,,,,,,1,,
0,54,27,437253201311,1819561085,1,1,"(0.7135108709335327, 0.09895016252994537)","(0.734476625919342, 0.11884400993585587)",1,1,2.825408935546875,2.6906280517578125,"(-55.044822692871094, -72.81197357177734, 729.9063110351562)","(10.621368408203125, -72.72796630859375, 729.5110473632812)","(74.26004028320312, 182.56204223632812, 55.80541229248047)","(81.52544403076172, 178.9180908203125, 54.47907638549805)",POINT (0.7239937484264374 0.1088970862329006),,,,,,,,,,,,,,,,,,,,,,,,,,,,,,,,,,,,,,,,,,,,,,
0,54,27,437253217979,1819577752,1,1,"(0.7049437761306763, 0.10631657391786575)","(0.7352666258811951, 0.14368677139282227)",1,1,2.8390655517578125,2.6806793212890625,"(-55.06990051269531, -72.80757904052734, 729.902099609375)","(10.604669570922852, -72.713623046875, 729.51171875)","(71.29124450683594, 181.21275329589844, 55.31425476074219)","(81.7992172241211, 174.3675994873047, 52.822853088378906)",POINT (0.7201052010059357 0.125001672655344),,,,,,,,,,,,,,,,,,,,,,,,,,,,,,,,,,,,,,,,,,,,,,
0,54,27,437253234652,1819594424,1,1,"(0.7066019773483276, 0.06871996074914932)","(0.7316409945487976, 0.12040327489376068)",1,1,2.83251953125,2.706695556640625,"(-55.126014709472656, -72.85994720458984, 729.9664306640625)","(10.568843841552734, -72.74887084960938, 729.5419311523438)","(71.86587524414062, 188.099365234375, 57.820804595947266)","(80.54279327392578, 178.63246154785156, 54.37514877319336)",POINT (0.7191214859485626 0.094561617821455),,,,,,,,,,,,,,,,,,,,,,,,,,,,,,,,,,,,,,,,,,,,,,
0,54,27,437253251319,1819611091,1,1,"(0.7086154222488403, 0.15659525990486145)","(0.7266863584518433, 0.1477786898612976)",1,1,2.830413818359375,2.70806884765625,"(-55.183956146240234, -72.86463928222656, 729.89697265625)","(10.516753196716309, -72.73863220214844, 729.4998779296875)","(72.56359100341797, 172.00314331054688, 51.962249755859375)","(78.82583618164062, 173.61805725097656, 52.55006790161133)",POINT (0.7176508903503418 0.1521869748830795),,,,,,,,,,,,,,,,,,,,,,,,,,,,,,,,,,,,,,,,,,,,1,,
0,54,27,437253267987,1819627758,1,1,"(0.7039144039154053, 0.07520537823438644)","(0.7301418781280518, 0.10227489471435547)",1,1,2.8583526611328125,2.6769561767578125,"(-55.22283935546875, -72.88260650634766, 729.7264404296875)","(10.454277038574219, -72.76227569580078, 729.32568359375)","(70.93450927734375, 186.91143798828125, 57.38838195800781)","(80.02330017089844, 181.95306396484375, 55.58375930786133)",POINT (0.7170281410217285 0.088740136474371),,,,,,,,,,,,,,,,,,,,,,,,,,,,,,,,,,,,,,,,,,,,,,
0,54,27,437253284653,1819644424,1,1,"(0.6926853656768799, 0.05360734835267067)","(0.7267414331436157, 0.11677871644496918)",1,1,2.8810577392578125,2.706878662109375,"(-55.31086730957031, -72.91290283203125, 729.8603515625)","(10.363950729370117, -72.76532745361328, 729.2991943359375)","(67.0432357788086, 190.8675537109375, 58.82833480834961)","(78.84492492675781, 179.29638671875, 54.61676025390625)",POINT (0.7097133994102478 0.0851930323988199),,,,,,,,,,,,,,,,,,,,,,,,,,,,,,,,,,,,,,,,,,,,,,
0,54,27,437253301321,1819661091,1,1,"(0.6778891086578369, 0.11079917848110199)","(0.6989118456840515, 0.09808424860239029)",1,1,2.880599975585937,2.6755523681640625,"(-55.43363571166992, -72.94328308105469, 729.7659912109375)","(10.24402141571045, -72.78638458251953, 729.2006225585938)","(61.91581344604492, 180.39166259765625, 55.015419006347656)","(69.2009506225586, 182.72067260742188, 55.86311721801758)",POINT (0.6884004771709442 0.1044417135417461),,,,,,,,,,,,,,,,,,,,,,,,,,,,,,,,,,,,,,,,,,,,,,
0,54,27,437253317987,1819677757,1,1,"(0.6890065670013428, 0.0859440490603447)","(0.7013663649559021, 0.12859447300434113)",1,1,2.839935302734375,2.721221923828125,"(-55.482093811035156, -72.95429992675781, 729.7880859375)","(10.193077087402344, -72.79411315917969, 729.2173461914062)","(65.7684326171875, 184.9444122314453, 56.6724853515625)","(70.05155944824219, 177.13206481933594, 53.829044342041016)",POINT (0.6951864659786224 0.1072692610323429),,,,,,,,,,,,,,,,,,,,,,,,,,,,,,,,,,,,,,,,,,,,,,
0,54,27,437253334655,1819694424,1,1,"(0.6888601779937744, 0.09499511122703552)","(0.7052716016769409, 0.11469078809022903)",1,1,2.8824615478515625,2.7220001220703125,"(-55.54058837890625, -72.98701477050781, 729.8232421875)","(10.139565467834473, -72.82086944580078, 729.3073120117188)","(65.71768951416016, 183.28651428222656, 56.06904983520508)","(71.40484619140625, 179.6788330078125, 54.756004333496094)",POINT (0.6970658898353577 0.1048429496586323),,,,,,,,,,,,,,,,,,,,,,,,,,,,,,,,,,,,,,,,,,,,,,
0,54,27,437253351325,1819711094,1,1,"(0.6865391135215759, 0.12614330649375916)","(0.6972979307174683, 0.15151412785053253)",1,1,2.857177734375,2.759246826171875,"(-55.6025276184082, -73.00375366210938, 729.9317626953125)","(10.097284317016602, -72.82521057128906, 729.3377685546875)","(64.9133529663086, 177.58103942871094, 53.99245834350586)","(68.64166259765625, 172.93385314941406, 52.30101013183594)",POINT (0.6919185221195221 0.1388287171721458),,,,,,,,,,,,,,,,,,,,,,,,,,,,,,,,,,,,,,,,,,,,,,
0,54,27,437253367992,1819727760,1,1,"(0.6877843141555786, 0.05994156002998352)","(0.6953732371330261, 0.12037692219018936)",1,1,2.845077514648437,2.72503662109375,"(-55.65188980102539, -73.01858520507812, 729.9531860351562)","(10.057788848876953, -72.83871459960938, 729.3538818359375)","(65.34486389160156, 189.7073211669922, 58.40603256225586)","(67.97468566894531, 178.6372833251953, 54.37689208984375)",POINT (0.6915787756443024 0.0901592411100864),,,,,,,,,,,,,,,,,,,,,,,,,,,,,,,,,,,,,,,,,,,,,,
0,54,27,437253384660,1819744427,1,1,"(0.6936546564102173, 0.05590790882706642)","(0.7007535099983215, 0.1412314474582672)",1,1,2.8557891845703125,2.736907958984375,"(-55.68008041381836, -73.00629425048828, 729.7701416015625)","(10.023707389831543, -72.84617614746094, 729.35498046875)","(67.379150390625, 190.4461669921875, 58.67495346069336)","(69.83914947509766, 174.8173370361328, 52.98653030395508)",POINT (0.6972040832042694 0.0985696781426668),,,,,,,,,,,,,,,,,,,,,,,,,,,,,,,,,,,,,,,,,,,,,,
0,54,27,437253401327,1819761094,1,1,"(0.6922464966773987, 0.10886672884225845)","(0.695245087146759, 0.14218680560588837)",1,1,2.85076904296875,2.727874755859375,"(-55.707881927490234, -72.99691772460938, 729.661376953125)","(9.979750633239746, -72.84027099609375, 729.25390625)","(66.89116668701172, 180.74563598632812, 55.1442756652832)","(67.9302978515625, 174.64234924316406, 52.922847747802734)",POINT (0.6937457919120789 0.1255267672240734),,,,,,,,,,,,,,,,,,,,,,,,,,,,,,,,,,,,,,,,,,,,,,
0,54,27,437253417994,1819777761,1,1,"(0.6884903907775879, 0.08392900973558426)","(0.7032845616340637, 0.11236444860696793)",1,1,2.8661346435546875,2.668563842773437,"(-55.75604248046875, -73.00732421875, 729.7720336914062)","(9.935285568237305, -72.84056854248047, 729.22607421875)","(65.58956909179688, 185.31350708007812, 56.80681228637695)","(70.71626281738281, 180.10494995117188, 54.91106414794922)",POINT (0.6958874762058258 0.0981467291712761),,,,,,,,,,,,,,,,,,,,,,,,,,,,,,,,,,,,,,,,,,,,,,
0,54,27,437253434661,1819794427,1,1,"(0.6820415258407593, 0.11890222132205963)","(0.7032436728477478, 0.11675126850605011)",1,1,2.84747314453125,2.7297515869140625,"(-55.817264556884766, -73.02680969238281, 729.8652954101562)","(9.8919677734375, -72.84828186035156, 729.315185546875)","(63.354766845703125, 178.9074249267578, 54.47520446777344)","(70.70211029052734, 179.30142211914062, 54.61857604980469)",POINT (0.6926425993442535 0.1178267449140549),,,,,,,,,,,,,,,,,,,,,,,,,,,,,,,,,,,,,,,,,,,,,,
0,54,27,437253451327,1819811093,1,1,"(0.6810709238052368, 0.09230062365531921)","(0.695294976234436, 0.11521141231060028)",1,1,2.886444091796875,2.7442779541015625,"(-55.874237060546875, -73.02783966064453, 729.9002075195312)","(9.84640121459961, -72.8438491821289, 729.316650390625)","(63.0184326171875, 183.7800750732422, 56.24867630004883)","(67.94757843017578, 179.58346557617188, 54.72126007080078)",POINT (0.6881829500198364 0.1037560179829598),,,,,,,,,,,,,,,,,,,,,,,,,,,,,,,,,,,,,,,,,,,,,,
0,54,27,437253467995,1819827760,1,1,"(0.6923367381095886, 0.06537032127380371)","(0.6821969747543335, 0.14775484800338745)",1,1,2.8504638671875,2.751861572265625,"(-55.9482536315918, -73.07294464111328, 729.7081298828125)","(9.750844955444336, -72.86431884765625, 729.3341674804688)","(66.92242431640625, 188.71292114257812, 58.044132232666016)","(63.40863037109375, 173.62245178222656, 52.5516242980957)",POINT (0.6872668564319611 0.1065625846385956),,,,,,,,,,,,,,,,,,,,,,,,,,,,,,,,,,,,,,,,,,,,,,
0,54,27,437253484667,1819844432,1,1,"(0.5519558787345886, 0.27056849002838135)","(0.5754247307777405, 0.2849924564361572)",1,1,2.91021728515625,2.7881317138671875,"(-56.249351501464844, -73.2113037109375, 729.7470092773438)","(9.370893478393555, -72.99620056152344, 729.154541015625)","(18.275325775146484, 151.1265106201172, 44.36376953125)","(26.408164978027344, 148.4844512939453, 43.40212631225586)",POINT (0.5636903047561646 0.2777804732322693),,,,,,,,,,,,,,,,,,,,,,,,,,,,,,,,,,,,,,,,,,,,1,1,
0,54,27,437253501335,1819861099,1,1,"(0.49042022228240967, 0.2797143757343292)","(0.5084575414657593, 0.35128656029701233)",1,1,2.87823486328125,2.85076904296875,"(-56.49036407470703, -73.34928894042969, 729.8687744140625)","(9.108560562133789, -73.08326721191406, 729.2215576171875)","(-3.049018383026123, 149.4512481689453, 43.75403594970703)","(3.2015652656555176, 136.34127807617188, 38.98240661621094)",POINT (0.4994388818740845 0.3155004680156708),,,,,,,,,,,,,,,,,,,,,,,,,,,,,,,,,,,,,,,,,,,,,1,
0,54,27,437253518001,1819877765,1,1,"(0.4857591986656189, 0.352897971868515)","(0.502699613571167, 0.3484339118003845)",1,1,2.926971435546875,2.8459625244140625,"(-56.574127197265625, -73.37149047851562, 730.00341796875)","(9.079473495483398, -73.06939697265625, 729.1343994140625)","(-4.664228439331055, 136.0460968017578, 38.87498092651367)","(1.2062472105026245, 136.86380004882812, 39.172576904296875)",POINT (0.4942294061183929 0.3506659418344498),,,,,,,,,,,,,,,,,,,,,,,,,,,,,,,,,,,,,,,,,,,,,1,
0,54,27,437253534669,1819894432,1,1,"(0.4857470393180847, 0.30750396847724915)","(0.4992508292198181, 0.3530796468257904)",1,1,2.9203033447265625,2.846435546875,"(-56.61262512207031, -73.38296508789062, 729.9521484375)","(9.062849044799805, -73.0738525390625, 729.1642456054688)","(-4.668447971343994, 144.36099243164062, 41.90132522583008)","(0.011109508574008942, 136.01284790039062, 38.86284255981445)",POINT (0.4924989342689514 0.3302918076515198),,,,,,,,,,,,,,,,,,,,,,,,,,,,,,,,,,,,,,,,,,,,,1,
0,54,27,437253551335,1819911098,1,1,"(0.4802084267139435, 0.3108169436454773)","(0.5035036206245422, 0.3642561137676239)",1,1,2.953887939453125,2.8552398681640625,"(-56.62926483154297, -73.38243103027344, 729.904541015625)","(9.063969612121582, -73.0722427368164, 729.1348266601562)","(-6.587782859802246, 143.75413513183594, 41.68047332763672)","(1.4848675727844238, 133.9656219482422, 38.11772155761719)",POINT (0.4918560236692429 0.3375365287065506),,,,,,,,,,,,,,,,,,,,,,,,,,,,,,,,,,,,,,,,,,,,,1,
0,54,27,437253568004,1819927766,1,1,"(0.4865441620349884, 0.29839757084846497)","(0.49973827600479126, 0.3440793752670288)",1,1,2.918670654296875,2.8386993408203125,"(-56.63771057128906, -73.37274169921875, 729.8588256835938)","(9.072197914123535, -73.07062530517578, 729.10546875)","(-4.392218589782715, 146.02902221679688, 42.508453369140625)","(0.18002693355083466, 137.6614227294922, 39.46290588378906)",POINT (0.4931412190198898 0.3212384730577469),,,,,,,,,,,,,,,,,,,,,,,,,,,,,,,,,,,,,,,,,,,,,1,
0,54,27,437253584670,1819944432,1,1,"(0.48280584812164307, 0.3069286048412323)","(0.49929696321487427, 0.35011038184165955)",1,1,2.944564819335937,2.842437744140625,"(-56.61571502685547, -73.35466003417969, 729.81787109375)","(9.093887329101562, -73.06861877441406, 729.0899047851562)","(-5.6876726150512695, 144.4663848876953, 41.939701080322266)","(0.02709035389125347, 136.5567169189453, 39.06081008911133)",POINT (0.4910514056682587 0.3285194933414459),,,,,,,,,,,,,,,,,,,,,,,,,,,,,,,,,,,,,,,,,,,,,1,
0,54,27,437253601338,1819961099,1,1,"(0.48162415623664856, 0.24288247525691986)","(0.4994492828845978, 0.33962440490722656)",1,1,2.876327514648437,2.8453826904296875,"(-56.60479736328125, -73.33209228515625, 729.8646850585938)","(9.121081352233887, -73.05500030517578, 729.103515625)","(-6.097177505493164, 156.19778442382812, 46.20958709716797)","(0.07988836616277695, 138.47744750976562, 39.7598991394043)",POINT (0.4905367195606232 0.2912534400820732),,,,,,,,,,,,,,,,,,,,,,,,,,,,,,,,,,,,,,,,,,,,1,1,
0,54,27,437253618008,1819977769,1,1,"(0.4766201376914978, 0.30180513858795166)","(0.49469122290611267, 0.35877877473831177)",1,1,2.9519500732421875,2.87347412109375,"(-56.55961227416992, -73.32202911376953, 729.7979736328125)","(9.158882141113281, -73.04660034179688, 729.0437622070312)","(-7.831250190734863, 145.4048614501953, 42.281253814697266)","(-1.5689629316329956, 134.96893310546875, 38.482887268066406)",POINT (0.4856556802988052 0.3302919566631317),,,,,,,,,,,,,,,,,,,,,,,,,,,,,,,,,,,,,,,,,,,,,1,
0,54,27,437253634676,1819994436,1,1,"(0.47916167974472046, 0.31605300307273865)","(0.5032469034194946, 0.3240956962108612)",1,1,2.9403076171875,2.851531982421875,"(-56.516605377197266, -73.28556060791016, 729.7018432617188)","(9.193365097045898, -73.01624298095703, 728.9696044921875)","(-6.950514793395996, 142.79507446289062, 41.331329345703125)","(1.3959007263183594, 141.3218536376953, 40.79520797729492)",POINT (0.4912042915821075 0.3200743496417999),,,,,,,,,,,,,,,,,,,,,,,,,,,,,,,,,,,,,,,,,,,,,1,
0,54,27,437253651343,1820011103,1,1,"(0.46839290857315063, 0.2789599597454071)","(0.49766191840171814, 0.32890555262565613)",1,1,2.9518585205078125,2.83056640625,"(-56.49076461791992, -73.2928695678711, 729.67626953125)","(9.22574234008789, -73.02851104736328, 729.012939453125)","(-10.682296752929688, 149.58941650390625, 43.80433654785156)","(-0.539512038230896, 140.4408416748047, 40.47447967529297)",POINT (0.4830274134874344 0.3039327561855316),,,,,,,,,,,,,,,,,,,,,,,,,,,,,,,,,,,,,,,,,,,,,1,
0,54,27,437253668010,1820027769,1,1,"(0.47829514741897583, 0.27428239583969116)","(0.49674251675605774, 0.3456868827342987)",1,1,2.928619384765625,2.8626861572265625,"(-56.48644256591797, -73.28706359863281, 729.7215576171875)","(9.233274459838867, -73.02354431152344, 728.9976196289062)","(-7.250794410705566, 150.44622802734375, 44.116207122802734)","(-0.8581039905548096, 137.3669891357422, 39.355712890625)",POINT (0.4875188320875168 0.3099846392869949),,,,,,,,,,,,,,,,,,,,,,,,,,,,,,,,,,,,,,,,,,,,,1,
0,54,27,437253684678,1820044436,1,1,"(0.421001136302948, 0.318447470664978)","(0.43276986479759216, 0.29691338539123535)",1,1,2.948455810546875,2.8506011962890625,"(-56.60562515258789, -73.2767333984375, 729.983154296875)","(9.077167510986328, -73.01431274414062, 729.075439453125)","(-27.10527229309082, 142.3564453125, 41.17172622680664)","(-23.026975631713867, 146.30088806152344, 42.6074104309082)",POINT (0.4268855005502701 0.3076804280281067),,,,,,,,,,,,,,,,,,,,,,,,,,,,,,,,,,,,,,,,,,,,,1,
0,54,27,437253701344,1820061102,1,1,"(0.41740575432777405, 0.25365567207336426)","(0.43782803416252136, 0.3207508623600006)",1,1,2.931381225585937,2.87750244140625,"(-56.610595703125, -73.28031921386719, 729.9674682617188)","(9.077959060668945, -72.99919128417969, 729.089599609375)","(-28.35118865966797, 154.22447204589844, 45.491302490234375)","(-21.274126052856445, 141.93455505371094, 41.018165588378906)",POINT (0.4276168942451477 0.2872032672166824),,,,,,,,,,,,,,,,,,,,,,,,,,,,,,,,,,,,,,,,,,,,1,1,
0,54,27,437253718012,1820077769,1,1,"(0.4175931513309479, 0.2578979730606079)","(0.43205586075782776, 0.3049609065055847)",1,1,2.93914794921875,2.8590087890625,"(-56.60626983642578, -73.32940673828125, 730.0130615234375)","(9.102550506591797, -73.03501892089844, 729.074951171875)","(-28.286252975463867, 153.4473876953125, 45.2084846496582)","(-23.27440643310547, 144.82679748535156, 42.070892333984375)",POINT (0.4248245060443878 0.2814294397830963),,,,,,,,,,,,,,,,,,,,,,,,,,,,,,,,,,,,,,,,,,,,1,1,
0,54,27,437253734679,1820094436,1,1,"(0.41346901655197144, 0.25091320276260376)","(0.4346160590648651, 0.3282305598258972)",1,1,2.9560546875,2.887435913085937,"(-56.587066650390625, -73.33694458007812, 729.9716796875)","(9.120511054992676, -73.03903198242188, 729.1181640625)","(-29.715425491333008, 154.72679138183594, 45.6741943359375)","(-22.387195587158203, 140.56448364257812, 40.519493103027344)",POINT (0.4240425378084183 0.2895718812942505),,,,,,,,,,,,,,,,,,,,,,,,,,,,,,,,,,,,,,,,,,,,1,1,
0,54,27,437253751352,1820111108,1,1,"(0.4081469476222992, 0.2878219485282898)","(0.4322797656059265, 0.3204227089881897)",1,1,2.9591522216796875,2.861541748046875,"(-56.566429138183594, -73.34991455078125, 729.9296875)","(9.14016056060791, -73.05162811279297, 729.10302734375)","(-31.559711456298828, 147.96617126464844, 43.2135009765625)","(-23.196809768676758, 141.99465942382812, 41.040016174316406)",POINT (0.4202133566141128 0.3041223287582398),,,,,,,,,,,,,,,,,,,,,,,,,,,,,,,,,,,,,,,,,,,,,1,
0,54,27,437253768019,1820127775,1,1,"(0.4194085896015167, 0.25963664054870605)","(0.4308965504169464, 0.30946820974349976)",1,1,2.967132568359375,2.848297119140625,"(-56.541656494140625, -73.34475708007812, 729.844482421875)","(9.158310890197754, -73.05014038085938, 729.0587158203125)","(-27.657140731811523, 153.12890625, 45.092586517333984)","(-23.676151275634766, 144.00119018554688, 41.77040100097656)",POINT (0.4251525700092316 0.2845524251461029),,,,,,,,,,,,,,,,,,,,,,,,,,,,,,,,,,,,,,,,,,,,1,1,
0,54,27,437253784687,1820144442,1,1,"(0.4126953184604645, 0.2375987470149994)","(0.4300679862499237, 0.30511119961738586)",1,1,2.94232177734375,2.826507568359375,"(-56.50499725341797, -73.3460464477539, 729.77685546875)","(9.196436882019043, -73.05686950683594, 728.9992065429688)","(-29.983530044555664, 157.16561889648438, 46.56184005737305)","(-23.963279724121094, 144.7992706298828, 42.06088638305664)",POINT (0.4213816523551941 0.2713549733161926),,,,,,,,,,,,,,,,,,,,,,,,,,,,,,,,,,,,,,,,,,,,1,1,
0,54,27,437253801353,1820161108,1,1,"(0.418186753988266, 0.2794314920902252)","(0.43185943365097046, 0.29303255677223206)",1,1,2.9313201904296875,2.8043365478515625,"(-56.48250198364258, -73.3286361694336, 729.7805786132812)","(9.2215576171875, -73.04588317871094, 728.968994140625)","(-28.080562591552734, 149.5030517578125, 43.77293395996094)","(-23.34248924255371, 147.01173400878906, 42.866111755371094)",POINT (0.4250230938196182 0.2862320244312286),,,,,,,,,,,,,,,,,,,,,,,,,,,,,,,,,,,,,,,,,,,,1,1,
0,54,27,437253818021,1820177775,1,1,"(0.41009828448295593, 0.2040332704782486)","(0.42837923765182495, 0.3388960659503937)",1,1,2.823959350585937,2.8735809326171875,"(-56.445335388183594, -73.308349609375, 729.7737426757812)","(9.263677597045898, -73.04667663574219, 729.0262451171875)","(-30.88351058959961, 163.3138427734375, 48.79962158203125)","(-24.54849624633789, 138.61087036132812, 39.80845260620117)",POINT (0.4192387610673904 0.2714646682143211),,,,,,,,,,,,,,,,,,,,,,,,,,,,,,,,,,,,,,,,,,,,1,1,
0,54,27,437253834688,1820194442,1,1,"(0.4116688072681427, 0.27654126286506653)","(0.4378012418746948, 0.3250392973423004)",1,1,2.9328765869140625,2.8354949951171875,"(-56.40434265136719, -73.26280212402344, 729.7216186523438)","(9.301673889160156, -73.03271484375, 729.0833740234375)","(-30.33926010131836, 150.03245544433594, 43.96559524536133)","(-21.28342628479004, 141.14901733398438, 40.73230743408203)",POINT (0.4247350245714188 0.3007902801036835),,,,,,,,,,,,,,,,,,,,,,,,,,,,,,,,,,,,,,,,,,,,,1,
0,54,27,437253851356,1820211109,1,1,"(0.4128572344779968, 0.30841389298439026)","(0.4363681375980377, 0.2852175831794739)",1,1,2.9398956298828125,2.7950592041015625,"(-56.375816345214844, -73.24345397949219, 729.8311157226562)","(9.337757110595703, -73.02598571777344, 729.1409912109375)","(-29.927433013916016, 144.19430541992188, 41.8406867980957)","(-21.78004264831543, 148.44322204589844, 43.387149810791016)",POINT (0.4246126860380173 0.2968157380819321),,,,,,,,,,,,,,,,,,,,,,,,,,,,,,,,,,,,,,,,,,,,,1,
0,54,27,437253868023,1820227775,1,1,"(0.41553929448127747, 0.2564122974872589)","(0.4302108585834503, 0.3149937391281128)",1,1,2.922515869140625,2.843505859375,"(-56.34062957763672, -73.2115249633789, 729.910888671875)","(9.374263763427734, -73.01173400878906, 729.257080078125)","(-28.997995376586914, 153.71954345703125, 45.307525634765625)","(-23.91375732421875, 142.9890899658203, 41.40199661254883)",POINT (0.4228750765323639 0.2857030183076858),,,,,,,,,,,,,,,,,,,,,,,,,,,,,,,,,,,,,,,,,,,,1,1,
0,54,27,437253884694,1820244446,1,1,"(0.44601011276245117, 0.2533394694328308)","(0.46133896708488464, 0.2628825306892395)",1,1,2.92926025390625,2.800689697265625,"(-56.221351623535156, -73.1645736694336, 729.811767578125)","(9.468412399291992, -72.94915771484375, 729.1509399414062)","(-18.43874740600586, 154.28237915039062, 45.51240158081055)","(-13.126739501953125, 152.5343475341797, 44.87621307373047)",POINT (0.4536745399236679 0.2581110000610352),,,,,,,,,,,,,,,,,,,,,,,,,,,,,,,,,,,,,,,,,,1,,1,1,
0,54,27,437253901362,1820261113,1,1,"(0.4421975612640381, 0.2654988467693329)","(0.46100807189941406, 0.2934245765209198)",1,1,2.923980712890625,2.8501739501953125,"(-56.204864501953125, -73.14735412597656, 729.8287353515625)","(9.486361503601074, -72.92800903320312, 729.0482177734375)","(-19.759933471679688, 152.0551300048828, 44.7017707824707)","(-13.241393089294434, 146.93994140625, 42.839996337890625)",POINT (0.4516028165817261 0.2794617116451263),,,,,,,,,,,,,,,,,,,,,,,,,,,,,,,,,,,,,,,,,,,,1,1,
0,54,27,437253918028,1820277779,1,1,"(0.4449922740459442, 0.2578779458999634)","(0.4590993821620941, 0.28890880942344666)",1,1,2.9266815185546875,2.82476806640625,"(-56.20045471191406, -73.15260314941406, 729.8740234375)","(9.498628616333008, -72.92684936523438, 728.9888305664062)","(-18.79146385192871, 153.4510498046875, 45.20982360839844)","(-13.90283489227295, 147.76710510253906, 43.14104461669922)",POINT (0.4520458281040192 0.273393377661705),,,,,,,,,,,,,,,,,,,,,,,,,,,,,,,,,,,,,,,,,,1,,1,1,
0,54,27,437253934696,1820294446,1,1,"(0.4479636251926422, 0.22832240164279938)","(0.45690757036209106, 0.27427908778190613)",1,1,2.869354248046875,2.7957916259765625,"(-56.18699645996094, -73.14461517333984, 729.8463134765625)","(9.509859085083008, -72.92961120605469, 728.9591674804688)","(-17.76178550720215, 158.8647918701172, 47.180267333984375)","(-14.662382125854492, 150.44683837890625, 44.11638641357422)",POINT (0.4524355977773666 0.2513007447123528),,,,,,,,,,,,,,,,,,,,,,,,,,,,,,,,,,,,,,,,,,,,1,1,
0,54,27,437253951363,1820311113,1,1,"(0.44052499532699585, 0.2601701319217682)","(0.46847400069236755, 0.28188320994377136)",1,1,2.9247283935546875,2.821502685546875,"(-56.18707275390625, -73.15322875976562, 729.8463134765625)","(9.515743255615234, -72.9476318359375, 728.8712768554688)","(-20.339542388916016, 153.03118896484375, 45.05703353881836)","(-10.65418815612793, 149.05397033691406, 43.60942077636719)",POINT (0.4544994980096817 0.2710266709327698),,,,,,,,,,,,,,,,,,,,,,,,,,,,,,,,,,,,,,,,,,1,,1,1,
0,54,27,437253968030,1820327779,1,1,"(0.4375115931034088, 0.15237948298454285)","(0.46241509914398193, 0.27365925908088684)",1,1,2.832061767578125,2.800567626953125,"(-56.18777847290039, -73.14970397949219, 729.7716064453125)","(9.515679359436035, -72.95713806152344, 728.8714599609375)","(-21.3837947845459, 172.7753448486328, 52.2432975769043)","(-12.753830909729004, 150.5603790283203, 44.15773010253906)",POINT (0.4499633461236954 0.2130193710327148),,,,,,,,,,,,,,,,,,,,,,,,,,,,,,,,,,,,,,,,,,,,,1,
0,54,27,437253984697,1820344446,1,1,"(0.44287845492362976, 0.23568813502788544)","(0.46370628476142883, 0.2900789976119995)",1,1,2.9222412109375,2.814071655273437,"(-56.189491271972656, -73.16026306152344, 729.7861328125)","(9.523319244384766, -72.98208618164062, 728.85693359375)","(-19.52397346496582, 157.51559448242188, 46.689208984375)","(-12.306380271911621, 147.55274963378906, 43.06302261352539)",POINT (0.4532923698425293 0.2628835663199425),,,,,,,,,,,,,,,,,,,,,,,,,,,,,,,,,,,,,,,,,,1,,1,1,
0,54,27,437254001364,1820361112,1,1,"(0.4444873034954071, 0.21881455183029175)","(0.4577181041240692, 0.2791953980922699)",1,1,2.937103271484375,2.79559326171875,"(-56.202674865722656, -73.16146850585938, 729.7546997070312)","(9.511560440063477, -72.98871612548828, 728.7840576171875)","(-18.96646499633789, 160.60635375976562, 47.814170837402344)","(-14.381501197814941, 149.54632568359375, 43.788631439208984)",POINT (0.4511027038097382 0.2490049749612808),,,,,,,,,,,,,,,,,,,,,,,,,,,1,,,,,,,,,,,,,,,,,1,1,
0,54,27,437254018035,1820377783,1,1,"(0.4462846517562866, 0.238986074924469)","(0.45371201634407043, 0.2848230004310608)",1,1,2.928314208984375,2.7993316650390625,"(-56.21067810058594, -73.16163635253906, 729.738037109375)","(9.500089645385742, -72.99595642089844, 728.784423828125)","(-18.34360122680664, 156.9114990234375, 46.469364166259766)","(-15.769747734069824, 148.51548767089844, 43.413448333740234)",POINT (0.4499983340501785 0.2619045376777649),,,,,,,,,,,,,,,,,,,,,,,,,,,,,,,,,,,,,,,,,,,,1,1,
0,54,27,437254034702,1820394449,1,1,"(0.4380553066730499, 0.2667202949523926)","(0.45720022916793823, 0.26208990812301636)",1,1,2.9181671142578125,2.799789428710937,"(-56.222347259521484, -73.15724182128906, 729.6467895507812)","(9.479958534240723, -73.0030517578125, 728.7852172851562)","(-21.195377349853516, 151.83140563964844, 44.62032699584961)","(-14.560966491699219, 152.67955017089844, 44.929039001464844)",POINT (0.4476277679204941 0.2644051015377045),,,,,,,,,,,,,,,,,,,,,,,,,,,,,,,,,,,,,,,,,1,,,1,1,
0,54,27,437254051370,1820411117,1,1,"(0.42761316895484924, 0.23773780465126038)","(0.44793152809143066, 0.26666226983070374)",1,1,2.927886962890625,2.82464599609375,"(-56.26043701171875, -73.15760803222656, 729.5968017578125)","(9.426946640014648, -73.0125732421875, 728.845703125)","(-24.81395721435547, 157.14015197753906, 46.55256271362305)","(-17.77290153503418, 151.84201049804688, 44.624210357666016)",POINT (0.43777234852314 0.2522000372409821),,,,,,,,,,,,,,,,,,,,,,,,,,,,,,,,,,,,,,,,,,,,1,1,
0,54,27,437254068037,1820427783,1,1,"(0.40891721844673157, 0.248726949095726)","(0.430308997631073, 0.23702965676784515)",1,1,2.90948486328125,2.754623413085937,"(-56.34696960449219, -73.162353515625, 729.6549682617188)","(9.338109970092773, -73.00318145751953, 728.9358520507812)","(-31.29279136657715, 155.1272430419922, 45.81997299194336)","(-23.879751205444336, 157.2698516845703, 46.59978103637695)",POINT (0.4196131080389023 0.2428783029317856),,,,,,,,,,,,,,,,,,,,,,,,,,,,,,,,,,,,,,,,,,,,1,1,
0,54,27,437254084703,1820444449,1,1,"(0.4099508225917816, 0.245637908577919)","(0.440031498670578, 0.29666441679000854)",1,1,2.942138671875,2.825653076171875,"(-56.385826110839844, -73.1625747680664, 729.6038818359375)","(9.300348281860352, -72.98668670654297, 728.8489990234375)","(-30.934608459472656, 155.69308471679688, 46.02584457397461)","(-20.51055145263672, 146.3464813232422, 42.624000549316406)",POINT (0.4249911606311798 0.2711511626839638),,,,,,,,,,,,,,,,,,,,,,,,,,,,,,,,,,,,,,,,,,,,1,1,
0,54,27,437254101372,1820461117,1,1,"(0.4173450767993927, 0.25714561343193054)","(0.4395963251590729, 0.29248782992362976)",1,1,2.892608642578125,2.8238677978515625,"(-56.43284225463867, -73.16766357421875, 729.626220703125)","(9.255155563354492, -72.96709442138672, 728.79150390625)","(-28.37223243713379, 153.585205078125, 45.25865936279297)","(-20.66135597229004, 147.11151123046875, 42.9024543762207)",POINT (0.4284707009792328 0.2748167216777802),,,,,,,,,,,,,,,,,,,,,,,,,,,,,,,,,,,,,,,,,,,,1,1,
0,54,27,437254118038,1820477783,1,1,"(0.40864720940589905, 0.33107978105545044)","(0.42523717880249023, 0.2447352409362793)",1,1,2.894622802734375,2.7796630859375,"(-56.47349548339844, -73.17442321777344, 729.61865234375)","(9.212976455688477, -72.96935272216797, 728.851318359375)","(-31.386350631713867, 140.04258728027344, 40.32956314086914)","(-25.637340545654297, 155.8584442138672, 46.08600616455078)",POINT (0.4169421941041946 0.2879075109958649),,,,,,,,,,,,,,,,,,,,,,,,,,,,,,,,,,,,,,,,,,,,1,1,
0,54,27,437254134706,1820494450,1,1,"(0.4119912087917328, 0.22833839058876038)","(0.43160396814346313, 0.2602958381175995)",1,1,2.9160919189453125,2.781356811523437,"(-56.52749252319336, -73.1968002319336, 729.6978759765625)","(9.165576934814453, -72.98483276367188, 728.969970703125)","(-30.2275447845459, 158.86184692382812, 47.17921447753906)","(-23.430999755859375, 153.0081787109375, 45.04863739013672)",POINT (0.421797588467598 0.2443171143531799),,,,,,,,,,,,,,,,,,,,,,,,,,,,,,,,,,,,,,,,,,,,1,1,
0,54,27,437254151380,1820511123,1,1,"(0.41397905349731445, 0.25761106610298157)","(0.43039923906326294, 0.2375621199607849)",1,1,2.9065399169921875,2.761581420898437,"(-56.58328628540039, -73.21719360351562, 729.8388061523438)","(9.127851486206055, -72.98847198486328, 729.0294189453125)","(-29.538677215576172, 153.49993896484375, 45.227630615234375)","(-23.84848403930664, 157.17233276367188, 46.56425857543945)",POINT (0.4221891462802887 0.2475865930318832),,,,,,,,,,,,,,,,,,,,,,,,,,,1,,,,,,,,,,,,,,,,,1,1,
0,54,27,437254168046,1820527789,1,1,"(0.40842190384864807, 0.2243267148733139)","(0.43433448672294617, 0.2130710482597351)",1,1,2.856048583984375,2.7345123291015625,"(-56.625633239746094, -73.23210144042969, 729.7718505859375)","(9.073993682861328, -72.97416687011719, 728.9288330078125)","(-31.464431762695312, 159.5966796875, 47.44663619995117)","(-22.484773635864258, 161.65838623046875, 48.19706726074219)",POINT (0.4213781952857971 0.2186988815665245),,,,,,,,,,,,,,,,,,,,,,,,,,,,,,,,,,,,,,,,,,,,,1,
0,54,27,437254184714,1820544456,1,1,"(0.4082501232624054, 0.22320954501628876)","(0.43319347500801086, 0.20482824742794037)",1,1,2.9345855712890625,2.7488555908203125,"(-56.64659881591797, -73.24066162109375, 729.6347045898438)","(9.038997650146484, -72.97474670410156, 728.9149780273438)","(-31.523975372314453, 159.8013153076172, 47.52117919921875)","(-22.880184173583984, 163.1682586669922, 48.746585845947266)",POINT (0.4207217991352081 0.2140188962221146),,,,,,,,,,,,,,,,,,,,,,,,,,,,,,,,,,,,,,,,,,,,,1,
0,54,27,437254201380,1820561122,1,1,"(0.4031182825565338, 0.2327788770198822)","(0.4139980971813202, 0.23689872026443481)",1,1,2.915130615234375,2.7563018798828125,"(-56.710147857666016, -73.25408935546875, 729.8319702148438)","(8.988130569458008, -72.9626235961914, 728.93115234375)","(-33.302337646484375, 158.04847717285156, 46.8831672668457)","(-29.532075881958008, 157.29383850097656, 46.608516693115234)",POINT (0.408558189868927 0.2348387986421585),,,,,,,,,,,,,,,,,,,,,,,,,,,,,,,,,,,,,,,,,,,,,1,
0,54,27,437254218048,1820577789,1,1,"(0.3765384554862976, 0.22399458289146423)","(0.38633865118026733, 0.19996389746665955)",1,1,2.8917388916015625,2.76922607421875,"(-56.8298225402832, -73.2655029296875, 729.900146484375)","(8.837478637695312, -72.95655822753906, 729.052490234375)","(-42.51321029663086, 159.6575164794922, 47.46881866455078)","(-39.11709213256836, 164.0592498779297, 49.07088851928711)",POINT (0.3814385533332825 0.2119792401790619),,,,,,,,,,,,,,,,,,,,,,,,,,,,,,,,,,,,,,,,,,,,,,
0,54,27,437254234714,1820594455,1,1,"(0.3745219111442566, 0.17355136573314667)","(0.3857905864715576, 0.26462697982788086)",1,1,2.851318359375,2.798583984375,"(-56.84736251831055, -73.26850128173828, 729.9271850585938)","(8.832326889038086, -72.93550109863281, 729.0380859375)","(-43.212013244628906, 168.8972625732422, 50.831809997558594)","(-39.307029724121094, 152.21484375, 44.75990676879883)",POINT (0.3801562488079071 0.2190891727805138),,,,,,,,,,,,,,,,,,,,,,,,,,,,,,,,,,,,,,,,,,,,,1,
0,54,27,437254251382,1820611122,1,1,"(0.37892287969589233, 0.17418305575847626)","(0.37776073813438416, 0.19934965670108795)",1,1,2.886459350585937,2.75762939453125,"(-56.86328887939453, -73.28758239746094, 729.909423828125)","(8.818984031677246, -72.9298095703125, 728.9354858398438)","(-41.68692398071289, 168.7815704345703, 50.78963851928711)","(-42.089664459228516, 164.17176818847656, 49.11185073852539)",POINT (0.3783418089151382 0.1867663562297821),,,,,,,,,,,,,,,,,,,,,,,,,,,,,,,,,,,,,,,,,,,,1,,
0,54,27,437254268049,1820627789,1,1,"(0.3707102835178375, 0.12122850120067596)","(0.39409545063972473, 0.24610573053359985)",1,1,2.904052734375,2.810699462890625,"(-56.87156677246094, -73.289794921875, 729.952392578125)","(8.82031536102295, -72.92086791992188, 728.90673828125)","(-44.53288269042969, 178.4813232421875, 54.320091247558594)","(-36.4290657043457, 155.60739135742188, 45.99467849731445)",POINT (0.3824028670787811 0.1836671158671379),,,,,,,,,,,,,,,,,,,,,,,,,,,,,,,,,,,,,,,,,,,,1,,
0,54,27,437254284721,1820644460,1,1,"(0.37879520654678345, 0.22464852035045624)","(0.3797627389431, 0.21331016719341278)",1,1,2.904296875,2.7632598876953125,"(-56.859169006347656, -73.28248596191406, 729.9989013671875)","(8.841647148132324, -72.93189239501953, 728.9788818359375)","(-41.73115921020508, 159.5377197265625, 47.42523193359375)","(-41.395896911621094, 161.61460876464844, 48.18110656738281)",POINT (0.3792789727449417 0.2189793437719345),,,,,,,,,,,,,,,,,,,,,,,,,,,,,,,,,,,,,,,,,,,,,1,
0,54,27,437254301388,1820661127,1,1,"(0.38271814584732056, 0.26326417922973633)","(0.37657877802848816, 0.229786217212677)",1,1,2.880401611328125,2.7969512939453125,"(-56.845191955566406, -73.25131225585938, 730.0458374023438)","(8.862481117248535, -72.9311752319336, 729.0225219726562)","(-40.371726989746094, 152.46444702148438, 44.85076141357422)","(-42.499244689941406, 158.59666442871094, 47.08268356323242)",POINT (0.3796484619379044 0.2465251982212067),,,,,,,,,,,,,,,,,,,,,,,,,,,,,,,,,,,,,,,,,,,,,1,
0,54,27,437254318056,1820677794,1,1,"(0.3726552724838257, 0.15922050178050995)","(0.3735373914241791, 0.2132740616798401)",1,1,2.871673583984375,2.777008056640625,"(-56.81202697753906, -73.21514892578125, 730.00732421875)","(8.893440246582031, -72.92926788330078, 729.1244506835938)","(-43.8588752746582, 171.5222625732422, 51.7872428894043)","(-43.55319595336914, 161.62120056152344, 48.183555603027344)",POINT (0.3730963319540024 0.186247281730175),,,,,,,,,,,,,,,,,,,,,,,,,,,,,,,,,,,,,,,,,,,,1,,
0,54,27,437254334722,1820694460,1,1,"(0.3643993139266968, 0.14109107851982117)","(0.37501266598701477, 0.22678187489509583)",1,1,2.92626953125,2.7911529541015625,"(-56.77320861816406, -73.19640350341797, 729.9688720703125)","(8.929064750671387, -72.90789031982422, 729.0501708984375)","(-46.719879150390625, 174.8430633544922, 52.99589157104492)","(-43.041961669921875, 159.14697265625, 47.28297424316406)",POINT (0.3697059899568558 0.1839364767074585),,,,,,,,,,,,,,,,,,,,,,,,,,,,,,,,,,,,,,,,,,,,1,,
0,54,27,437254351390,1820711127,1,1,"(0.3685809075832367, 0.2473352998495102)","(0.3746359348297119, 0.1935291439294815)",1,1,2.841705322265625,2.7738189697265625,"(-56.74333190917969, -73.19062805175781, 730.00439453125)","(8.965035438537598, -72.89530181884766, 729.019775390625)","(-45.27080535888672, 155.3821563720703, 45.91273498535156)","(-43.17251205444336, 165.23789978027344, 49.499916076660156)",POINT (0.3716084212064743 0.2204322218894958),,,,,,,,,,,,,,,,,,,,,,,,,,,,,,,,,,,,,,,,,,,,,1,
0,54,27,437254368058,1820727794,1,1,"(0.371647447347641, 0.16542507708072662)","(0.37690842151641846, 0.2462918907403946)",1,1,2.8933868408203125,2.791290283203125,"(-56.70592498779297, -73.182373046875, 729.9360961914062)","(8.997050285339355, -72.88573455810547, 728.960693359375)","(-44.20812225341797, 170.3857421875, 51.37360382080078)","(-42.385009765625, 155.5732879638672, 45.98228454589844)",POINT (0.3742779344320297 0.2058584839105606),,,,,,,,,,,,,,,,,,,,,,,,,,,,,,,,,,,,,,,,,,,,,,
0,54,27,437254384725,1820744461,1,1,"(0.36274656653404236, 0.13470543920993805)","(0.37506332993507385, 0.1844073385000229)",1,1,2.888275146484375,2.7416229248046875,"(-56.68558120727539, -73.1966781616211, 729.969970703125)","(9.023324012756348, -72.91937255859375, 729.032470703125)","(-47.292606353759766, 176.01271057128906, 53.421630859375)","(-43.02439498901367, 166.9087677001953, 50.108036041259766)",POINT (0.3689049482345581 0.1595563888549805),,,,,,,,,,,,,,,,,,,,,,,,,,,,,,,,,,,,,,,,,,,,1,,
0,54,27,437254401396,1820761131,1,1,"(0.3751964271068573, 0.19842645525932312)","(0.38203680515289307, 0.22804561257362366)",1,1,2.876983642578125,2.802841186523437,"(-56.679115295410156, -73.20683288574219, 730.0298461914062)","(9.042430877685547, -72.93255615234375, 729.134521484375)","(-42.978271484375, 164.3408660888672, 49.17338562011719)","(-40.60783004760742, 158.9154815673828, 47.198726654052734)",POINT (0.3786166161298752 0.2132360339164734),,,,,,,,,,,,,,,,,,,,,,,,,,,,,,,,,,,,,,,,,,,,,1,
0,54,27,437254618075,1820977803,1,1,"(0.48563408851623535, 1.168761134147644)","(0.49828439950942993, 0.46469125151634216)",1,1,1.06396484375,2.791595458984375,"(-56.2093391418457, -73.39616394042969, 730.45361328125)","(9.630036354064941, -73.1461410522461, 729.6759643554688)","(-4.707595348358154, -13.396568298339844, -15.517763137817383)","(-0.32380664348602295, 115.56878662109375, 31.421817779541016)",POINT (0.4919592440128326 0.8167261928319931),,,,,,,,,,,,,,,,,,,,,,,,,,,,,,,,,,,,,,,,,,,,,,1
0,54,27,437254634742,1820994470,1,1,"(0.40903741121292114, 1.0373939275741577)","(0.4615017771720886, 0.34776583313941956)",1,1,1.03375244140625,2.764556884765625,"(-56.17327117919922, -73.39886474609375, 730.4150390625)","(9.659491539001465, -73.14541625976562, 729.7191162109375)","(-31.251127243041992, 10.666111946105957, -6.759657859802246)","(-13.070322036743164, 136.9861602783203, 39.21711349487305)",POINT (0.4352695941925049 0.6925798803567886),,,,,,,,,,,,,,,,,,,,,,,,,,,,,,,,,,,,,,,,,,,,,,1
0,54,27,437254651409,1821011136,1,1,"(0.466214120388031, 0.43620654940605164)","(0.47395437955856323, 0.32727059721946716)",1,1,2.747955322265625,2.8013153076171875,"(-56.134803771972656, -73.42923736572266, 730.451416015625)","(9.706182479858398, -73.15200805664062, 729.4240112304688)","(-11.4373140335083, 120.786376953125, 33.320858001708984)","(-8.755034446716309, 140.7403106689453, 40.583499908447266)",POINT (0.4700842499732971 0.3817385733127594),,,,,,,,,,,,,,,,,,,,,,,,,,,,,,,,,,,,,,,,,,,,,,
0,54,27,437254668082,1821027809,1,1,"(0.4587864577770233, 0.4223235249519348)","(0.47471460700035095, 0.32821187376976013)",1,1,2.8665008544921875,2.8185577392578125,"(-56.07133102416992, -73.41459655761719, 730.2236328125)","(9.725128173828125, -73.18408203125, 729.4520263671875)","(-14.01128101348877, 123.329345703125, 34.246463775634766)","(-8.491585731506348, 140.56788635253906, 40.52075958251953)",POINT (0.4667505323886871 0.3752676993608475),,,,,,,,,,,,,,,,,,,,,,,,,,,,,,,,,,,,,,,,,,,,,,
0,54,27,437254684750,1821044476,1,1,"(0.4598502814769745, 0.33796098828315735)","(0.4820536971092224, 0.2906622290611267)",1,1,2.9266510009765625,2.82232666015625,"(-56.029197692871094, -73.41818237304688, 730.0218505859375)","(9.761543273925781, -73.25151062011719, 729.40625)","(-13.642607688903809, 138.7821502685547, 39.870784759521484)","(-5.948312282562256, 147.44590759277344, 43.024173736572266)",POINT (0.4709519892930984 0.314311608672142),,,,,,,,,,,,,,,,,,,,,,,,,,,,,,,,,,,,,,,,,,,,,1,
0,54,27,437254701416,1821061142,1,1,"(0.4655590057373047, 0.3288837671279907)","(0.48261457681655884, 0.31107813119888306)",1,1,2.9591217041015625,2.81109619140625,"(-56.000221252441406, -73.41934967041016, 730.056396484375)","(9.797197341918945, -73.2689208984375, 729.317626953125)","(-11.664334297180176, 140.44480895996094, 40.475975036621094)","(-5.753970146179199, 143.706298828125, 41.66306686401367)",POINT (0.4740867912769318 0.3199809491634369),,,,,,,,,,,,,,,,,,,,,,,,,,,,,,,,,,,,,,,,,,,,,1,
0,54,27,437254718084,1821077809,1,1,"(0.4703933894634247, 0.30040088295936584)","(0.4868292212486267, 0.3454703986644745)",1,1,3.0024566650390625,2.857086181640625,"(-55.97660827636719, -73.4402847290039, 730.0314331054688)","(9.828937530517578, -73.3189697265625, 729.302734375)","(-9.989049911499023, 145.6620635986328, 42.374900817871094)","(-4.293445110321045, 137.40664672851562, 39.37015151977539)",POINT (0.4786113053560257 0.3229356408119202),,,,,,,,,,,,,,,,,,,,,,,,,,,,,,,,,,,,,,,,,,,,,1,
0,54,27,437254734751,1821094476,1,1,"(0.46499013900756836, 0.30394214391708374)","(0.47729596495628357, 0.35525715351104736)",1,1,2.9658660888671875,2.8504791259765625,"(-55.951629638671875, -73.44467163085938, 730.1099243164062)","(9.859028816223145, -73.32443237304688, 729.2284545898438)","(-11.861469268798828, 145.01341247558594, 42.13880157470703)","(-7.597045421600342, 135.6139678955078, 38.71769714355469)",POINT (0.471143051981926 0.3295996487140656),,,,,,,,,,,,,,,,,,,,,,,,,,,,,,,,,,,,,,,,,,,,,1,
0,54,27,437254751418,1821111142,1,1,"(0.46515581011772156, 0.3160325884819031)","(0.47831082344055176, 0.36128148436546326)",1,1,2.9443359375,2.8298492431640625,"(-55.91777038574219, -73.4688720703125, 730.131591796875)","(9.88210678100586, -73.34870147705078, 729.2720947265625)","(-11.80406379699707, 142.79879760742188, 41.332725524902344)","(-7.245360851287842, 134.51048278808594, 38.316062927246094)",POINT (0.4717333167791367 0.3386570364236832),,,,,,,,,,,,,,,,,,,,,,,,,,,,,,,,,,,,,,,,,,,,,1,
0,54,27,437254768085,1821127809,1,1,"(0.4697035849094391, 0.2995006740093231)","(0.46995100378990173, 0.3690810799598694)",1,1,2.9702606201171875,2.86944580078125,"(-55.89155960083008, -73.4574966430664, 730.1800537109375)","(9.905441284179688, -73.34403228759766, 729.2275390625)","(-10.228092193603516, 145.82696533203125, 42.43490982055664)","(-10.142348289489746, 133.0818328857422, 37.79607009887695)",POINT (0.4698272943496704 0.3342908769845962),,,,,,,,,,,,,,,,,,,,,,,,,,,,,,,,,,,,,,,,,,,,,1,
0,54,27,437254784753,1821144476,1,1,"(0.46471652388572693, 0.33045056462287903)","(0.48159319162368774, 0.38046613335609436)",1,1,2.9259185791015625,2.86279296875,"(-55.8416748046875, -73.46125030517578, 730.0853881835938)","(9.939087867736816, -73.34156799316406, 729.021240234375)","(-11.956281661987305, 140.1578369140625, 40.37149429321289)","(-6.107900619506836, 130.99642944335938, 37.037010192871094)",POINT (0.4731548577547073 0.3554583489894867),,,,,,,,,,,,,,,,,,,,,,,,,,,,,,,,,,,,,,,,,,,,,1,
0,54,27,437254801422,1821161145,1,1,"(0.5444655418395996, 0.32110756635665894)","(0.550245463848114, 0.3537021577358246)",1,1,2.987167358398437,2.8896942138671875,"(-55.6361083984375, -73.416748046875, 730.044677734375)","(10.114331245422363, -73.35650634765625, 729.4407348632812)","(15.679658889770508, 141.8692169189453, 40.994380950927734)","(17.682640075683594, 135.8988037109375, 38.82135772705078)",POINT (0.5473555028438568 0.3374048620462418),,,,,,,,,,,,,,,,,,,,,,,,,,,,,,,,,,,,,,,,,,,,,1,
0,54,27,437254818089,1821177811,1,1,"(0.5939748883247375, 0.28502514958381653)","(0.5879368782043457, 0.33109837770462036)",1,1,2.9943084716796875,2.8507537841796875,"(-55.48428726196289, -73.40274047851562, 729.8179321289062)","(10.2386474609375, -73.36892700195312, 729.275146484375)","(32.836456298828125, 148.4784698486328, 43.399940490722656)","(30.74406623840332, 140.03916931152344, 40.32834243774414)",POINT (0.5909558832645416 0.3080617636442184),,,,,,,,,,,,,,,,,,,,,,,,,,,,,,,,,,,,,,,,,,,,,1,
0,54,27,437254834756,1821194478,1,1,"(0.5904805064201355, 0.29835793375968933)","(0.5890905261039734, 0.34985220432281494)",1,1,2.978729248046875,2.872665405273437,"(-55.49181365966797, -73.38844299316406, 729.7864379882812)","(10.232525825500488, -73.35531616210938, 729.201904296875)","(31.625532150268555, 146.03627014160156, 42.51108169555664)","(31.14385986328125, 136.60403442382812, 39.0779914855957)",POINT (0.5897855162620544 0.3241050690412521),,,,,,,,,,,,,,,,,,,,,,,,,,,,,,,,,,,,,,,,,,,,,1,
0,54,27,437254851424,1821211145,1,1,"(0.5909609794616699, 0.28530946373939514)","(0.5850146412849426, 0.3581252694129944)",1,1,2.99737548828125,2.87420654296875,"(-55.50480651855469, -73.40031433105469, 729.7996826171875)","(10.214269638061523, -73.36266326904297, 729.1438598632812)","(31.792028427124023, 148.42640686035156, 43.380977630615234)","(29.731395721435547, 135.088623046875, 38.52647399902344)",POINT (0.5879878103733063 0.3217173665761948),,,,,,,,,,,,,,,,,,,,,,,,,,,,,,,,,,,,,,,,,,,,,1,
0,54,27,437254868092,1821227812,1,1,"(0.5884318351745605, 0.3148334324359894)","(0.5845423340797424, 0.34027591347694397)",1,1,2.9989471435546875,2.839950561523437,"(-55.541751861572266, -73.38987731933594, 729.8076171875)","(10.176763534545898, -73.34872436523438, 729.1160888671875)","(30.91558837890625, 143.0184783935547, 41.41265869140625)","(29.5677433013916, 138.35812377929688, 39.71643829345703)",POINT (0.5864870846271515 0.3275546729564667),,,,,,,,,,,,,,,,,,,,,,,,,,,,,,,,,,,,,,,,,,,,,1,
0,54,27,437254884758,1821244478,1,1,"(0.581371545791626, 0.3198738098144531)","(0.594214141368866, 0.3501303195953369)",1,1,2.9991912841796875,2.8873443603515625,"(-55.596370697021484, -73.40621948242188, 729.8133544921875)","(10.118889808654785, -73.36651611328125, 729.1907958984375)","(28.46892738342285, 142.09519958496094, 41.07662582397461)","(32.91938400268555, 136.55307006835938, 39.0594596862793)",POINT (0.587792843580246 0.335002064704895),,,,,,,,,,,,,,,,,,,,,,,,,,,,,,,,,,,,,,,,,,,,,1,
0,54,27,437254901426,1821261145,1,1,"(0.589870035648346, 0.302215039730072)","(0.5876129865646362, 0.3498753309249878)",1,1,2.9727020263671875,2.8762969970703125,"(-55.66692352294922, -73.40425109863281, 729.757080078125)","(10.060548782348633, -73.36318969726562, 729.3250732421875)","(31.413984298706055, 145.32977294921875, 42.253944396972656)","(30.6318359375, 136.5997772216797, 39.076480865478516)",POINT (0.5887415111064911 0.3260451853275299),,,,,,,,,,,,,,,,,,,,,,,,,,,,,,,,,,,,,,,,,,,,,1,
0,54,27,437254918092,1821277811,1,1,"(0.5898162126541138, 0.32405775785446167)","(0.5910080671310425, 0.3495776951313019)",1,1,2.9817047119140625,2.885482788085937,"(-55.73695755004883, -73.41976928710938, 729.6868896484375)","(9.97357177734375, -73.35458374023438, 729.1514892578125)","(31.395334243774414, 141.3288116455078, 40.797706604003906)","(31.808349609375, 136.654296875, 39.096317291259766)",POINT (0.5904121398925781 0.3368177264928818),,,,,,,,,,,,,,,,,,,,,,,,,,,,,,,,,,,,,,,,,,,,,1,
0,54,27,437254934765,1821294483,1,1,"(0.5821143388748169, 0.3282771706581116)","(0.5918037295341492, 0.3506055772304535)",1,1,2.971710205078125,2.8720245361328125,"(-55.8352165222168, -73.44197082519531, 729.8485107421875)","(9.878340721130371, -73.33100891113281, 729.1839599609375)","(28.726356506347656, 140.55593872070312, 40.51642608642578)","(32.084075927734375, 136.4660186767578, 39.02776336669922)",POINT (0.586959034204483 0.3394413739442825),,,,,,,,,,,,,,,,,,,,,,,,,,,,,,,,,,,,,,,,,,,,,1,
0,54,27,437254951432,1821311150,1,1,"(0.5937319397926331, 0.3260040581226349)","(0.5878929495811462, 0.3483484983444214)",1,1,2.969329833984375,2.8626251220703125,"(-55.929534912109375, -73.45899200439453, 729.69921875)","(9.798453330993652, -73.34390258789062, 729.3333129882812)","(32.752254486083984, 140.9722900390625, 40.66799545288086)","(30.728853225708008, 136.87945556640625, 39.178260803222656)",POINT (0.5908124446868896 0.3371762782335281),,,,,,,,,,,,,,,,,,,,,,,,,,,,,,,,,,,,,,,,,,,,,1,
0,54,27,437254968099,1821327816,1,1,"(0.5830162763595581, 0.3160586357116699)","(0.5878444314002991, 0.33807042241096497)",1,1,2.94757080078125,2.8444366455078125,"(-56.01713180541992, -73.47125244140625, 729.743896484375)","(9.675968170166016, -73.29613494873047, 729.0731811523438)","(29.038902282714844, 142.7940216064453, 41.33100509643555)","(30.712051391601562, 138.76210021972656, 39.86347198486328)",POINT (0.5854303538799286 0.3270645290613174),,,,,,,,,,,,,,,,,,,,,,,,,,,,,,,,,,,,,,,,,,,,,1,
0,54,27,437254984766,1821344483,1,1,"(0.5892384052276611, 0.32476553320884705)","(0.5869147777557373, 0.33830180764198303)",1,1,2.904876708984375,2.8328094482421875,"(-56.1488037109375, -73.5201187133789, 729.8696899414062)","(9.584582328796387, -73.30690002441406, 729.2222900390625)","(31.195100784301758, 141.1991729736328, 40.75052261352539)","(30.38986587524414, 138.71971130371094, 39.84809494018555)",POINT (0.5880765914916992 0.331533670425415),,,,,,,,,,,,,,,,,,,,,,,,,,,,,,,,,,,,,,,,,,,,,1,
0,54,27,437255001434,1821361150,1,1,"(0.5801354646682739, 0.3201623558998108)","(0.5778318643569946, 0.33476871252059937)",1,1,2.9131011962890625,2.8043670654296875,"(-56.23820495605469, -73.50011444091797, 729.7503662109375)","(9.465829849243164, -73.24984741210938, 729.181396484375)","(28.040584564208984, 142.0423583984375, 41.05738830566406)","(27.2423095703125, 139.3668670654297, 40.08363342285156)",POINT (0.5789836645126343 0.3274655342102051),,,,,,,,,,,,,,,,,,,,,,,,,,,,,,,,,,,,,,,,,,,,,1,
0,54,27,437255018100,1821377816,1,1,"(0.580761194229126, 0.3020692765712738)","(0.5833559036254883, 0.32106149196624756)",1,1,2.883026123046875,2.7579803466796875,"(-56.31706237792969, -73.50723266601562, 729.8258056640625)","(9.39529037475586, -73.2276382446289, 729.1680908203125)","(28.257421493530273, 145.35646057128906, 42.2636833190918)","(29.156585693359375, 141.8776397705078, 40.997459411621094)",POINT (0.5820585489273071 0.3115653842687607),,,,,,,,,,,,,,,,,,,,,,,,,,,,,,,,,,,,,,,,,,,,,1,
0,54,27,437255034768,1821394483,1,1,"(0.5867953896522522, 0.3128662407398224)","(0.5853984355926514, 0.3564891219139099)",1,1,2.81549072265625,2.778564453125,"(-56.3846435546875, -73.45044708251953, 729.664794921875)","(9.331214904785156, -73.16050720214844, 729.0972290039062)","(30.348495483398438, 143.3787841796875, 41.54380798339844)","(29.86441993713379, 135.3883056640625, 38.635562896728516)",POINT (0.5860969126224518 0.3346776813268662),,,,,,,,,,,,,,,,,,,,,,,,,,,,,,,,,,,,,,,,,,,,,1,
0,54,27,437255051435,1821411149,1,1,"(0.5874167084693909, 0.3176531493663788)","(0.5842096209526062, 0.3547191619873047)",1,1,2.820220947265625,2.7664794921875,"(-56.43205642700195, -73.4357681274414, 729.6556396484375)","(9.278436660766602, -73.14321899414062, 729.1873779296875)","(30.563800811767578, 142.501953125, 41.224700927734375)","(29.452442169189453, 135.7125244140625, 38.7535514831543)",POINT (0.5858131647109985 0.3361861556768417),,,,,,,,,,,,,,,,,,,,,,,,,,,,,,,,,,,,,,,,,,,,,1,
0,54,27,437255068106,1821427820,1,1,"(0.6280080080032349, 0.309078186750412)","(0.6285423040390015, 0.36314985156059265)",1,1,2.82281494140625,2.74053955078125,"(-56.38763427734375, -73.42108154296875, 729.76806640625)","(9.321754455566406, -73.12489318847656, 729.3770751953125)","(44.63016891479492, 144.07264709472656, 41.796363830566406)","(44.815330505371094, 134.16827392578125, 38.19148635864258)",POINT (0.6282751560211182 0.3361140191555023),,,,,,,,,,,,,,,,,,,,,,,,,,,,,,,,,,,,,,,,,,,,,1,
0,54,27,437255084774,1821444487,1,1,"(0.6294760704040527, 0.31185823678970337)","(0.6202253103256226, 0.33511969447135925)",1,1,2.807769775390625,2.712066650390625,"(-56.41009521484375, -73.40217590332031, 729.6740112304688)","(9.288924217224121, -73.1135025024414, 729.3339233398438)","(45.13892364501953, 143.5634307861328, 41.61100387573242)","(41.933197021484375, 139.30259704589844, 40.06017303466797)",POINT (0.6248506903648376 0.3234889656305313),,,,,,,,,,,,,,,,,,,,,,,,,,,,,,,,,,,,,,,,,,,,,1,
0,54,27,437255101440,1821461153,1,1,"(0.6178408265113831, 0.3240543305873871)","(0.6240982413291931, 0.29118287563323975)",1,1,2.7953338623046875,2.6399383544921875,"(-56.44080352783203, -73.39715576171875, 729.7140502929688)","(9.248865127563477, -73.09335327148438, 729.320068359375)","(41.10688781738281, 141.32945251464844, 40.79789733886719)","(43.275291442871094, 147.3505401611328, 42.989418029785156)",POINT (0.6209695339202881 0.3076186031103134),,,,,,,,,,,,,,,,,,,,,,,,,,,,,,,,,,,,,,,,,,,,,1,
0,54,27,437255118108,1821477820,1,1,"(0.6175321936607361, 0.33263006806373596)","(0.62822026014328, 0.3043622374534607)",1,1,2.770614624023437,2.632080078125,"(-56.489532470703125, -73.4102783203125, 729.8394775390625)","(9.201955795288086, -73.08403778076172, 729.35107421875)","(40.999935150146484, 139.75860595703125, 40.226219177246094)","(44.70371627807617, 144.9364776611328, 42.11077117919922)",POINT (0.6228762269020081 0.3184961527585983),,,,,,,,,,,,,,,,,,,,,,,,,,,,,,,,,,,,,,,,,,,,,1,
0,54,27,437255134775,1821494487,1,1,"(0.6264747381210327, 0.3158397674560547)","(0.6259098052978516, 0.3334384262561798)",1,1,2.720550537109375,2.674285888671875,"(-56.5264892578125, -73.42093658447266, 729.9521484375)","(9.171442031860352, -73.07791900634766, 729.3078002929688)","(44.098854064941406, 142.83412170410156, 41.34557342529297)","(43.90305709838867, 139.6105499267578, 40.17229080200195)",POINT (0.6261922717094421 0.3246390968561172),,,,,,,,,,,,,,,,,,,,,,,,,,,,,,,,,,,,,,,,,,,,,1,
0,54,27,437255151442,1821511153,1,1,"(0.6179217100143433, 0.33108067512512207)","(0.6386277079582214, 0.3086864948272705)",1,1,2.73638916015625,2.649200439453125,"(-56.55943298339844, -73.44670867919922, 730.0213012695312)","(9.143060684204102, -73.09632110595703, 729.3818359375)","(41.134918212890625, 140.04241943359375, 40.32951354980469)","(48.31028366088867, 144.14439392089844, 41.82250213623047)",POINT (0.6282747089862823 0.3198835849761963),,,,,,,,,,,,,,,,,,,,,,,,,,,,,,,,,,,,,,,,,,,,,1,
0,54,27,437255168109,1821527820,1,1,"(0.6173776388168335, 0.31466424465179443)","(0.6283161640167236, 0.31798872351646423)",1,1,2.7207183837890625,2.627182006835937,"(-56.57268142700195, -73.47296905517578, 730.0487670898438)","(9.132917404174805, -73.1104736328125, 729.4410400390625)","(40.94636154174805, 143.04940795898438, 41.423988342285156)","(44.73697280883789, 142.4404754638672, 41.20232391357422)",POINT (0.6228469014167786 0.3163264840841293),,,,,,,,,,,,,,,,,,,,,,,,,,,,,,,,,,,,,,,,,,,,,1,
0,54,27,437255184777,1821544487,1,1,"(0.6198914647102356, 0.34023788571357727)","(0.6316220164299011, 0.3168787360191345)",1,1,2.7644195556640625,2.6107635498046875,"(-56.59187698364258, -73.52339172363281, 730.134765625)","(9.121219635009766, -73.13008117675781, 729.5001831054688)","(41.817508697509766, 138.3650665283203, 39.71901321411133)","(45.882564544677734, 142.64381408691406, 41.276309967041016)",POINT (0.6257567405700684 0.3285583108663559),,,,,,,,,,,,,,,,,,,,,,,,,,,,,,,,,,,,,,,,,,,,,1,
0,54,27,437255201448,1821561158,1,1,"(0.6203922629356384, 0.27931204438209534)","(0.6337287425994873, 0.3472510576248169)",1,1,2.662872314453125,2.6475372314453125,"(-56.58683395385742, -73.55604553222656, 730.1505737304688)","(9.130884170532227, -73.16622924804688, 729.6611328125)","(41.99104690551758, 149.5249481201172, 43.78084945678711)","(46.612640380859375, 137.08045959472656, 39.2514762878418)",POINT (0.6270605027675629 0.3132815510034561),,,,,,,,,,,,,,,,,,,,,,,,,,,,,,,,,,,,,,,,,,,,,1,
0,54,27,437255218116,1821577825,1,1,"(0.621273934841156, 0.3201826810836792)","(0.6272827386856079, 0.35092881321907043)",1,1,2.7076873779296875,2.633163452148437,"(-56.56793975830078, -73.57276916503906, 730.1240234375)","(9.146991729736328, -73.19393920898438, 729.6751708984375)","(42.29658508300781, 142.03860473632812, 41.056053161621094)","(44.37882995605469, 136.4068145751953, 39.00623321533203)",POINT (0.624278336763382 0.3355557471513748),,,,,,,,,,,,,,,,,,,,,,,,,,,,,,,,,,,,,,,,,,,,,1,
0,54,27,437255234783,1821594492,1,1,"(0.6237640976905823, 0.29554739594459534)","(0.6311805844306946, 0.3168042302131653)",1,1,2.678192138671875,2.588470458984375,"(-56.547210693359375, -73.57732391357422, 730.1279296875)","(9.164371490478516, -73.20763397216797, 729.7330322265625)","(43.159507751464844, 146.5511016845703, 42.69845199584961)","(45.72958755493164, 142.65745544433594, 41.28129196166992)",POINT (0.6274723410606384 0.3061758130788803),,,,,,,,,,,,,,,,,,,,,,,,,,,,,,,,,,,,,,,,,,,,,1,
0,54,27,437255251450,1821611158,1,1,"(0.6242372989654541, 0.309455007314682)","(0.6318479776382446, 0.3359988033771515)",1,1,2.679168701171875,2.59893798828125,"(-56.50818634033203, -73.55989074707031, 730.0904541015625)","(9.19468879699707, -73.18758392333984, 729.6148681640625)","(43.323482513427734, 144.00363159179688, 41.77121353149414)","(45.96087646484375, 139.14157104492188, 40.00160598754883)",POINT (0.6280426383018494 0.3227269053459168),,,,,,,,,,,,,,,,,,,,,,,,,,,,,,,,,,,,,,,,,,,,,1,
0,54,27,437255268117,1821627825,1,1,"(0.6244174838066101, 0.30261358618736267)","(0.6292539238929749, 0.32885631918907166)",1,1,2.6396636962890625,2.581695556640625,"(-56.47386169433594, -73.52632141113281, 730.0369262695312)","(9.220956802368164, -73.15897369384766, 729.4971923828125)","(43.38593673706055, 145.25677490234375, 42.22734069824219)","(45.06193161010742, 140.44985961914062, 40.47779083251953)",POINT (0.6268357038497925 0.3157349526882172),,,,,,,,,,,,,,,,,,,,,,,,,,,,,,,,,,,,,,,,,,,,,1,
0,54,27,437255284785,1821644492,1,1,"(0.6245529651641846, 0.30506590008735657)","(0.6214070320129395, 0.3434019982814789)",1,1,2.645111083984375,2.59930419921875,"(-56.43923568725586, -73.47608947753906, 729.9678955078125)","(9.250723838806152, -73.14202880859375, 729.4962158203125)","(43.43287658691406, 144.8075714111328, 42.06388854980469)","(42.342716217041016, 137.78550720214844, 39.5080680847168)",POINT (0.622979998588562 0.3242339491844177),,,,,,,,,,,,,,,,,,,,,,,,,,,,,,,,,,,,,,,,,,,,,1,
0,54,27,437255301451,1821661158,1,1,"(0.549389660358429, 0.3793739378452301)","(0.5696630477905273, 0.3707273006439209)",1,1,2.714874267578125,2.64056396484375,"(-56.59197235107422, -73.47946166992188, 730.373291015625)","(9.099451065063477, -73.1519775390625, 729.72119140625)","(17.386064529418945, 131.19647216796875, 37.109867095947266)","(24.411529541015625, 132.78028869628906, 37.686283111572266)",POINT (0.5595263540744781 0.3750506192445755),,,,,,,,,,,,,,,,,,,,,,,,,,,,,,,,,,,,,,,,,,,,,1,
0,54,27,437255318123,1821677829,1,1,"(0.45649173855781555, 0.3449964225292206)","(0.4692566394805908, 0.3010512590408325)",1,1,2.70062255859375,2.6158447265625,"(-56.799217224121094, -73.46000671386719, 730.4712524414062)","(8.863845825195312, -73.14230346679688, 729.8453369140625)","(-14.806476593017578, 137.4934539794922, 39.401737213134766)","(-10.382965087890625, 145.54295349121094, 42.331512451171875)",POINT (0.4628741890192032 0.3230238407850266),,,,,,,,,,,,,,,,,,,,,,,,,,,,,,,,,,,,,,,,,,,,,1,
0,54,27,437255334790,1821694496,1,1,"(0.4581451416015625, 0.3485601842403412)","(0.4610319137573242, 0.30856138467788696)",1,1,2.739486694335937,2.621551513671875,"(-56.772117614746094, -73.44173431396484, 730.4157104492188)","(8.891057968139648, -73.11221313476562, 729.81396484375)","(-14.233509063720703, 136.84066772460938, 39.164154052734375)","(-13.233146667480469, 144.1673126220703, 41.830814361572266)",POINT (0.4595885276794434 0.3285607844591141),,,,,,,,,,,,,,,,,,,,,,,,,,,,,,,,,,,,,,,,,,,,,1,
0,54,27,437255351457,1821711162,1,1,"(0.4647671580314636, 0.3560314476490021)","(0.4680715799331665, 0.30884650349617004)",1,1,2.7234649658203125,2.6389617919921875,"(-56.74799346923828, -73.43141174316406, 730.4205322265625)","(8.915956497192383, -73.10043334960938, 729.9013671875)","(-11.938745498657227, 135.47215270996094, 38.666046142578125)","(-10.793645858764648, 144.1150665283203, 41.811824798583984)",POINT (0.4664193689823151 0.3324389755725861),,,,,,,,,,,,,,,,,,,,,,,,,,,,,,,,,,,,,,,,,,,,,1,
0,54,27,437255368124,1821727829,1,1,"(0.46273893117904663, 0.34533414244651794)","(0.4713517427444458, 0.32833540439605713)",1,1,2.714691162109375,2.6536407470703125,"(-56.72053527832031, -73.42012786865234, 730.4555053710938)","(8.94508171081543, -73.0770492553711, 729.98876953125)","(-12.6416015625, 137.4315948486328, 39.379234313964844)","(-9.656942367553711, 140.5452880859375, 40.51250457763672)",POINT (0.4670453369617462 0.3368347734212875),,,,,,,,,,,,,,,,,,,,,,,,,,,,,,,,,,,,,,,,,,,,,1,
0,54,27,437255384792,1821744496,1,1,"(0.4608194828033447, 0.3287182152271271)","(0.4719295799732208, 0.3126028776168823)",1,1,2.71417236328125,2.639999389648437,"(-56.70611572265625, -73.41630554199219, 730.5470581054688)","(8.966216087341309, -73.04644775390625, 729.8702392578125)","(-13.306763648986816, 140.47515869140625, 40.48699951171875)","(-9.456693649291992, 143.42701721191406, 41.56137466430664)",POINT (0.4663745313882828 0.3206605464220047),,,,,,,,,,,,,,,,,,,,,,,,,,,,,,,,,,,,,,,,,,,,,1,
0,54,27,437255401459,1821761163,1,1,"(0.4573138952255249, 0.3336479961872101)","(0.4735284447669983, 0.327167272567749)",1,1,2.7143096923828125,2.643539428710937,"(-56.6823616027832, -73.415283203125, 730.6408081054688)","(8.999600410461426, -73.02963256835938, 729.8107299804688)","(-14.521574020385742, 139.57215881347656, 40.15834045410156)","(-8.902642250061035, 140.7592315673828, 40.59043502807617)",POINT (0.4654211699962616 0.3304076343774796),,,,,,,,,,,,,,,,,,,,,,,,,,,,,,,,,,,,,,,,,,,,,1,
0,54,27,437255418126,1821777829,1,1,"(0.4578583836555481, 0.33025646209716797)","(0.46970850229263306, 0.306612104177475)",1,1,2.6920318603515625,2.6262664794921875,"(-56.66590118408203, -73.41461181640625, 730.7777099609375)","(9.032957077026367, -73.02818298339844, 729.8685913085938)","(-14.332887649536133, 140.19338989257812, 40.38444900512695)","(-10.226387023925781, 144.52435302734375, 41.9608039855957)",POINT (0.4637834429740906 0.3184342831373215),,,,,,,,,,,,,,,,,,,,,,,,,,,,,,,,,,,,,,,,,,,,,1,
0,54,27,437255434793,1821794496,1,1,"(0.45792248845100403, 0.2917768955230713)","(0.4718758463859558, 0.3306719958782196)",1,1,2.684814453125,2.6585845947265625,"(-56.64484405517578, -73.40391540527344, 730.7967529296875)","(9.063325881958008, -73.02168273925781, 729.808349609375)","(-14.310672760009766, 147.24172973632812, 42.94983673095703)","(-9.475321769714355, 140.11727905273438, 40.35673522949219)",POINT (0.4648991674184799 0.3112244457006454),,,,,,,,,,,,,,,,,,,,,,,,,,,,,,,,,,,,,,,,,,,,,1,
0,54,27,437255451467,1821811169,1,1,"(0.45881348848342896, 0.28113895654678345)","(0.47335752844810486, 0.3268088400363922)",1,1,2.65966796875,2.672515869140625,"(-56.6043701171875, -73.386962890625, 730.6988525390625)","(9.10411548614502, -73.02757263183594, 729.807373046875)","(-14.001898765563965, 149.19029235839844, 43.6590576171875)","(-8.961861610412598, 140.82489013671875, 40.61428451538086)",POINT (0.4660855084657669 0.3039738982915878),,,,,,,,,,,,,,,,,,,,,,,,,,,,,,,,,,,,,,,,,,,,,1,
0,54,27,437255468133,1821827835,1,1,"(0.4579479396343231, 0.3250168263912201)","(0.46143969893455505, 0.32979851961135864)",1,1,2.73095703125,2.68597412109375,"(-56.56097412109375, -73.36407470703125, 730.557861328125)","(9.138107299804688, -73.03912353515625, 729.8359375)","(-14.301851272583008, 141.1531524658203, 40.73375701904297)","(-13.091827392578125, 140.27725219726562, 40.41499710083008)",POINT (0.4596938192844391 0.3274076730012894),,,,,,,,,,,,,,,,,,,,,,,,,,,,,,,,,,,,,,,,,,,,,1,
0,54,27,437255484801,1821844502,1,1,"(0.4625917077064514, 0.31764352321624756)","(0.4655188322067261, 0.3195886015892029)",1,1,2.7215728759765625,2.6562652587890625,"(-56.52726745605469, -73.33951568603516, 730.4739379882812)","(9.165544509887695, -73.04841613769531, 729.8936767578125)","(-12.692604064941406, 142.5037078857422, 41.225364685058594)","(-11.678263664245605, 142.14743041992188, 41.09563446044922)",POINT (0.4640552699565888 0.3186160624027252),,,,,,,,,,,,,,,,,,,,,,,,,,,,,,,,,,,,,,,,,,,,,1,
0,54,27,437255501469,1821861169,1,1,"(0.46345943212509155, 0.30957457423210144)","(0.4676584005355835, 0.3180825710296631)",1,1,2.7099609375,2.654525756835937,"(-56.503841400146484, -73.326904296875, 730.4478759765625)","(9.185174942016602, -73.05412292480469, 729.8492431640625)","(-12.391907691955566, 143.98170471191406, 41.76329040527344)","(-10.936827659606934, 142.4232940673828, 41.19607925415039)",POINT (0.4655589163303375 0.3138285726308823),,,,,,,,,,,,,,,,,,,,,,,,,,,,,,,,,,,,,,,,,,,,,1,
0,54,27,437255518136,1821877835,1,1,"(0.463494211435318, 0.33509576320648193)","(0.4780888259410858, 0.3199603259563446)",1,1,2.7328338623046875,2.66412353515625,"(-56.47996520996094, -73.31553649902344, 730.4072875976562)","(9.201634407043457, -73.05476379394531, 729.775634765625)","(-12.37986946105957, 139.3069610595703, 40.06182861328125)","(-7.322298526763916, 142.079345703125, 41.07088088989258)",POINT (0.4707915186882019 0.3275280445814133),,,,,,,,,,,,,,,,,,,,,,,,,,,,,,,,,,,,,,,,,,,,,1,
0,54,27,437255534803,1821894502,1,1,"(0.45984965562820435, 0.34138667583465576)","(0.4705621302127838, 0.32385483384132385)",1,1,2.7344207763671875,2.6965484619140625,"(-56.474212646484375, -73.30474853515625, 730.4522705078125)","(9.211763381958008, -73.04554748535156, 729.731201171875)","(-13.642836570739746, 138.15464782714844, 39.64241409301758)","(-9.930577278137207, 141.36598205566406, 40.811256408691406)",POINT (0.4652058929204941 0.3326207548379898),,,,,,,,,,,,,,,,,,,,,,,,,,,,,,,,,,,,,,,,,,,,,1,
0,54,27,437255551470,1821911168,1,1,"(0.46596410870552063, 0.34171614050865173)","(0.471230149269104, 0.2961975038051605)",1,1,2.739852905273437,2.6322479248046875,"(-56.46919250488281, -73.30459594726562, 730.423583984375)","(9.214502334594727, -73.05963134765625, 729.7313232421875)","(-11.52396297454834, 138.09432983398438, 39.620399475097656)","(-9.699094772338867, 146.43203735351562, 42.65509796142578)",POINT (0.4685971289873123 0.3189568221569061),,,,,,,,,,,,,,,,,,,,,,,,,,,,,,,,,,,,,,,,,,,,,1,
0,54,27,437255568137,1821927835,1,1,"(0.46528881788253784, 0.3474414646625519)","(0.4681657552719116, 0.3232804536819458)",1,1,2.743927001953125,2.6834259033203125,"(-56.4678955078125, -73.29310607910156, 730.3794555664062)","(9.215544700622559, -73.05554962158203, 729.7017822265625)","(-11.757972717285156, 137.0456085205078, 39.23871612548828)","(-10.761008262634277, 141.47120666503906, 40.84953308105469)",POINT (0.4667272865772247 0.3353609591722488),,,,,,,,,,,,,,,,,,,,,,,,,,,,,,,,,,,,,,,,,,,,,1,
0,54,27,437255584806,1821944503,1,1,"(0.45521262288093567, 0.32845431566238403)","(0.4636104106903076, 0.3205812871456146)",1,1,2.7483062744140625,2.677490234375,"(-56.48915481567383, -73.30310821533203, 730.3312377929688)","(9.190584182739258, -73.07040405273438, 729.688232421875)","(-15.249736785888672, 140.5234832763672, 40.50459671020508)","(-12.339604377746582, 141.96560668945312, 41.02946472167969)",POINT (0.4594115167856216 0.3245178014039993),,,,,,,,,,,,,,,,,,,,,,,,,,,,,,,,,,,,,,,,,,,,,1,
0,54,27,437255601472,1821961169,1,1,"(0.4578913450241089, 0.35703572630882263)","(0.45802298188209534, 0.3214999735355377)",1,1,2.7885284423828125,2.6794586181640625,"(-56.51616668701172, -73.30807495117188, 730.385498046875)","(9.1746187210083, -73.07963562011719, 729.7474975585938)","(-14.321470260620117, 135.28819274902344, 38.599098205566406)","(-14.275851249694824, 141.79733276367188, 40.968204498291016)",POINT (0.4579571634531021 0.3392678499221802),,,,,,,,,,,,,,,,,,,,,,,,,,,,,,,,,,,,,,,,,,,,,1,
0,54,27,437255618140,1821977836,1,1,"(0.4560163915157318, 0.2942551076412201)","(0.461163192987442, 0.31373709440231323)",1,1,2.6925048828125,2.68035888671875,"(-56.53281784057617, -73.3106918334961, 730.36865234375)","(9.156763076782227, -73.07855224609375, 729.7034301757812)","(-14.971199989318848, 146.7877960205078, 42.78464126586914)","(-13.187640190124512, 143.21925354003906, 41.48579025268555)",POINT (0.4585897922515869 0.3039961010217667),,,,,,,,,,,,,,,,,,,,,,,,,,,,,,,,,,,,,,,,,,,,,1,
0,54,27,437255634806,1821994502,1,1,"(0.4579642713069916, 0.3483453691005707)","(0.462163507938385, 0.32405149936676025)",1,1,2.768341064453125,2.6851959228515625,"(-56.577049255371094, -73.31654357910156, 730.435546875)","(9.124699592590332, -73.06097412109375, 729.630859375)","(-14.296183586120605, 136.88003540039062, 39.17845153808594)","(-12.84100341796875, 141.3299560546875, 40.79812240600586)",POINT (0.4600638896226883 0.3361984342336655),,,,,,,,,,,,,,,,,,,,,,,,,,,,,,,,,,,,,,,,,,,,,1,
0,54,27,437255651475,1822011170,1,1,"(0.45622509717941284, 0.32745909690856934)","(0.47146713733673096, 0.33417701721191406)",1,1,2.732177734375,2.687774658203125,"(-56.618263244628906, -73.3176498413086, 730.5625)","(9.090106964111328, -73.03520202636719, 729.6170654296875)","(-14.898885726928711, 140.70579528808594, 40.57093048095703)","(-9.616949081420898, 139.4752655029297, 40.12306594848633)",POINT (0.4638461172580719 0.3308180570602417),,,,,,,,,,,,,,,,,,,,,,,,,,,,,,,,,,,,,,,,,,,,,1,
0,54,27,437255668141,1822027836,1,1,"(0.45184022188186646, 0.3186294138431549)","(0.47054046392440796, 0.32357123494148254)",1,1,2.7205352783203125,2.6702423095703125,"(-56.646934509277344, -73.31832122802734, 730.6016845703125)","(9.053466796875, -73.01701354980469, 729.6181030273438)","(-16.418394088745117, 142.32313537597656, 41.15958786010742)","(-9.938081741333008, 141.4179229736328, 40.83015060424805)",POINT (0.4611903429031372 0.3211003243923187),,,,,,,,,,,,,,,,,,,,,,,,,,,,,,,,,,,,,,,,,,,,,1,
0,54,27,437255684808,1822044502,1,1,"(0.4565509855747223, 0.35813748836517334)","(0.4712792634963989, 0.3403741717338562)",1,1,2.765777587890625,2.6973876953125,"(-56.6722412109375, -73.28470611572266, 730.4335327148438)","(9.01068115234375, -72.97351837158203, 729.5753173828125)","(-14.785940170288086, 135.0863800048828, 38.525638580322266)","(-9.682063102722168, 138.34010314941406, 39.709903717041016)",POINT (0.4639151245355606 0.3492558300495148),,,,,,,,,,,,,,,,,,,,,,,,,,,,,,,,,,,,,,,,,,,,,1,
0,54,27,437255701476,1822061170,1,1,"(0.45795130729675293, 0.3270559310913086)","(0.46916526556015015, 0.3288434147834778)",1,1,2.7476043701171875,2.6800537109375,"(-56.7092399597168, -73.26872253417969, 730.3076171875)","(8.968698501586914, -72.96588897705078, 729.753173828125)","(-14.300674438476562, 140.77963256835938, 40.59782028198242)","(-10.414649963378906, 140.45220947265625, 40.47867202758789)",POINT (0.4635582864284515 0.3279496729373932),,,,,,,,,,,,,,,,,,,,,,,,,,,,,,,,,,,,,,,,,,,,,1,
0,54,27,437255718151,1822077844,1,1,"(0.4507284462451935, 0.3257301151752472)","(0.4577919840812683, 0.3529442250728607)",1,1,2.7427520751953125,2.6983642578125,"(-56.74837875366211, -73.25656127929688, 730.3902587890625)","(8.93533706665039, -72.93900299072266, 729.828125)","(-16.803668975830078, 141.02249145507812, 40.68619918823242)","(-14.355896949768066, 136.03762817382812, 38.87189865112305)",POINT (0.4542602151632309 0.339337170124054),,,,,,,,,,,,,,,,,,,,,,,,,,,,,,,,,,,,,,,,,,,,,1,
0,54,27,437255734818,1822094511,1,1,"(0.45293670892715454, 0.3621824085712433)","(0.471340149641037, 0.3485598862171173)",1,1,2.7650604248046875,2.695556640625,"(-56.790035247802734, -73.24087524414062, 730.5018920898438)","(8.901395797729492, -72.92313385009766, 729.8878173828125)","(-16.03842544555664, 134.345458984375, 38.25600051879883)","(-9.660965919494629, 136.84072875976562, 39.16416549682617)",POINT (0.4621384292840958 0.3553711473941803),,,,,,,,,,,,,,,,,,,,,,,,,,,,,,,,,,,,,,,,,,,,,1,
0,54,27,437255751485,1822111177,1,1,"(0.4585299491882324, 0.3462873101234436)","(0.4675082862377167, 0.34052756428718567)",1,1,2.76129150390625,2.69439697265625,"(-56.804473876953125, -73.21565246582031, 730.5137939453125)","(8.89244270324707, -72.91014099121094, 729.8588256835938)","(-14.100167274475098, 137.2570037841797, 39.3156852722168)","(-10.988842964172363, 138.31202697753906, 39.699668884277344)",POINT (0.4630191177129746 0.3434074372053146),,,,,,,,,,,,,,,,,,,,,,,,,,,,,,,,,,,,,,,,,,,,,1,
0,54,27,437255768152,1822127844,1,1,"(0.5295631885528564, 0.3419000506401062)","(0.5358219146728516, 0.3488769829273224)",1,1,2.770172119140625,2.7014312744140625,"(-56.650360107421875, -73.1783447265625, 730.5702514648438)","(9.036155700683594, -72.90576171875, 729.9281005859375)","(10.51545238494873, 138.0605926513672, 39.608192443847656)","(12.68432331085205, 136.7826385498047, 39.143043518066406)",POINT (0.532692551612854 0.3453885167837143),,,,,,,,,,,,,,,,,,,,,,,,,,,,,,,,,,,,,,,,,,,,,1,
0,54,27,437255784820,1822144511,1,1,"(0.533161461353302, 0.2903220057487488)","(0.536642849445343, 0.3143393397331238)",1,1,2.708251953125,2.690902709960937,"(-56.64346694946289, -73.13631439208984, 730.6163940429688)","(9.043595314025879, -72.8885498046875, 730.0012817382812)","(11.762372016906738, 147.5082244873047, 43.046852111816406)","(12.96882152557373, 143.10894775390625, 41.445640563964844)",POINT (0.5349021553993225 0.3023306727409363),,,,,,,,,,,,,,,,,,,,,,,,,,,,,,,,,,,,,,,,,,,,,1,
0,54,27,437255801487,1822161178,1,1,"(0.5203778147697449, 0.3037770688533783)","(0.5420610308647156, 0.3256268799304962)",1,1,2.69854736328125,2.6724090576171875,"(-56.651512145996094, -73.09783935546875, 730.6589965820312)","(9.03003215789795, -72.82819366455078, 729.9864501953125)","(7.332394123077393, 145.04364013671875, 42.14980697631836)","(14.846419334411621, 141.04139709472656, 40.6931037902832)",POINT (0.5312194228172302 0.3147019743919373),,,,,,,,,,,,,,,,,,,,,,,,,,,,,,,,,,,,,,,,,,,,,1,
0,54,27,437255818154,1822177844,1,1,"(0.5241100192070007, 0.2842194736003876)","(0.5350651144981384, 0.3484019339084625)",1,1,2.7276153564453125,2.718414306640625,"(-56.656150817871094, -73.07954406738281, 730.6737060546875)","(9.028288841247559, -72.79902648925781, 730.0306396484375)","(8.625734329223633, 148.6260528564453, 43.45367431640625)","(12.422078132629395, 136.86965942382812, 39.174678802490234)",POINT (0.5295875668525696 0.316310703754425),,,,,,,,,,,,,,,,,,,,,,,,,,,,,,,,,,,,,,,,,,,,,1,
0,54,27,437255834821,1822194511,1,1,"(0.5266597270965576, 0.2800605893135071)","(0.5405344367027283, 0.3384219706058502)",1,1,2.685791015625,2.6949615478515625,"(-56.660133361816406, -73.06666564941406, 730.717041015625)","(9.02729606628418, -72.772705078125, 730.089599609375)","(9.509303092956543, 149.3878173828125, 43.73097229003906)","(14.317381858825684, 138.6977081298828, 39.84003448486328)",POINT (0.5335970818996429 0.3092412799596786),,,,,,,,,,,,,,,,,,,,,,,,,,,,,,,,,,,,,,,,,,,,,1,
0,54,27,437255851493,1822211182,1,1,"(0.5227193832397461, 0.3471547067165375)","(0.5343236327171326, 0.33332088589668274)",1,1,2.7454833984375,2.6724395751953125,"(-56.67055130004883, -73.06905364990234, 730.7452392578125)","(9.013566017150879, -72.77698516845703, 730.11962890625)","(8.14382266998291, 137.09811401367188, 39.25786209106445)","(12.165108680725098, 139.63206481933594, 40.18015670776367)",POINT (0.5285215079784393 0.3402377963066101),,,,,,,,,,,,,,,,,,,,,,,,,,,,,,,,,,,,,,,,,,,,,1,
0,54,27,437255868160,1822227849,1,1,"(0.525587260723114, 0.3442267179489136)","(0.5330002307891846, 0.3247068524360657)",1,1,2.7662506103515625,2.674774169921875,"(-56.67920684814453, -73.10264587402344, 730.8487548828125)","(9.014566421508789, -72.81361389160156, 730.251708984375)","(9.137649536132812, 137.63442993164062, 39.453094482421875)","(11.706513404846191, 141.2099151611328, 40.754459381103516)",POINT (0.5292937457561493 0.3344667851924896),,,,,,,,,,,,,,,,,,,,,,,,,,,,,,,,,,,,,,,,,,,,,1,
0,54,27,437255884828,1822244516,1,1,"(0.5281611084938049, 0.3307751417160034)","(0.5352638959884644, 0.34085148572921753)",1,1,2.7844696044921875,2.72607421875,"(-56.68880844116211, -73.12942504882812, 730.8471069335938)","(8.998574256896973, -72.84605407714844, 730.3109130859375)","(10.029598236083984, 140.09837341308594, 40.349857330322266)","(12.490944862365723, 138.252685546875, 39.67808151245117)",POINT (0.5317125022411346 0.3358133137226105),,,,,,,,,,,,,,,,,,,,,,,,,,,,,,,,,,,,,,,,,,,,,1,
0,54,27,437255901494,1822261182,1,1,"(0.5207892060279846, 0.3269684314727783)","(0.5439443588256836, 0.319266140460968)",1,1,2.777008056640625,2.706893920898437,"(-56.696495056152344, -73.17778778076172, 730.87548828125)","(8.991446495056152, -72.89664459228516, 730.399658203125)","(7.474938869476318, 140.79566955566406, 40.60365295410156)","(15.499042510986328, 142.20651245117188, 41.11716079711914)",POINT (0.5323667824268341 0.3231172859668732),,,,,,,,,,,,,,,,,,,,,,,,,,,,,,,,,,,,,,,,,,,,,1,
0,54,27,437255918162,1822277849,1,1,"(0.5301998257637024, 0.32724326848983765)","(0.5391902923583984, 0.3151797950267792)",1,1,2.748504638671875,2.7044219970703125,"(-56.69821548461914, -73.20748138427734, 730.9348754882812)","(8.994453430175781, -72.92556762695312, 730.4732666015625)","(10.736068725585938, 140.7453155517578, 40.58534622192383)","(13.851601600646973, 142.9550018310547, 41.389610290527344)",POINT (0.5346950590610504 0.3212115317583084),,,,,,,,,,,,,,,,,,,,,,,,,,,,,,,,,,,,,,,,,,,,,1,
0,54,27,437255934829,1822294516,1,1,"(0.5313722491264343, 0.3397359251976013)","(0.5343493819236755, 0.3173466920852661)",1,1,2.7730865478515625,2.68817138671875,"(-56.69518280029297, -73.23326110839844, 731.010498046875)","(9.00362777709961, -72.95005798339844, 730.5320434570312)","(11.142374992370605, 138.45703125, 39.752437591552734)","(12.17403507232666, 142.55809020996094, 41.24512481689453)",POINT (0.5328608155250549 0.3285413086414337),,,,,,,,,,,,,,,,,,,,,,,,,,,,,,,,,,,,,,,,,,,,,1,
0,54,27,437255951496,1822311182,1,1,"(0.5238730311393738, 0.3441266119480133)","(0.5366807579994202, 0.33891987800598145)",1,1,2.758651733398437,2.7157745361328125,"(-56.692779541015625, -73.25076293945312, 731.1152954101562)","(9.014914512634277, -72.95531463623047, 730.5316772460938)","(8.543601036071777, 137.65277099609375, 39.45975875854492)","(12.98194408416748, 138.6064910888672, 39.80689239501953)",POINT (0.530276894569397 0.3415232449769974),,,,,,,,,,,,,,,,,,,,,,,,,,,,,,,,,,,,,,,,,,,,,1,
0,54,27,437255968164,1822327849,1,1,"(0.5266292095184326, 0.32807236909866333)","(0.5358763337135315, 0.3196943402290344)",1,1,2.7689361572265625,2.699737548828125,"(-56.65913009643555, -73.25731658935547, 731.151123046875)","(9.054630279541016, -72.9654541015625, 730.58935546875)","(9.498714447021484, 140.5934600830078, 40.53001403808594)","(12.703186988830566, 142.1280517578125, 41.088623046875)",POINT (0.5312527716159821 0.3238833546638489),,,,,,,,,,,,,,,,,,,,,,,,,,,,,,,,,,,,,,,,,,,,,1,
0,54,27,437255984834,1822344518,1,1,"(0.5239002108573914, 0.32894423604011536)","(0.5322243571281433, 0.33018580079078674)",1,1,2.72198486328125,2.7349090576171875,"(-56.63948059082031, -73.25515747070312, 731.1983642578125)","(9.07347297668457, -72.97145080566406, 730.64794921875)","(8.553030967712402, 140.43374633789062, 40.47195816040039)","(11.437646865844727, 140.20632934570312, 40.38913345336914)",POINT (0.5280622839927673 0.329565018415451),,,,,,,,,,,,,,,,,,,,,,,,,,,,,,,,,,,,,,,,,,,,,1,
0,54,27,437256001500,1822361184,1,1,"(0.5116339921951294, 0.3459455370903015)","(0.5159648060798645, 0.33330807089805603)",1,1,2.7902984619140625,2.7276611328125,"(-56.61717224121094, -73.23431396484375, 731.2021484375)","(9.081954956054688, -72.96490478515625, 730.6476440429688)","(4.302325248718262, 137.31959533691406, 39.33846664428711)","(5.803116798400879, 139.63442993164062, 40.18098449707031)",POINT (0.513799399137497 0.3396268039941788),,,,,,,,,,,,,,,,,,,,,,,,,,,,,,,,,,,,,,,,,,,,,1,
0,54,27,437256018168,1822377851,1,1,"(0.5118528604507446, 0.3127552270889282)","(0.5159438848495483, 0.3426717519760132)",1,1,2.77587890625,2.7320709228515625,"(-56.550880432128906, -73.20809936523438, 731.2149658203125)","(9.133434295654297, -72.94622802734375, 730.543212890625)","(4.378169536590576, 143.3990936279297, 41.551246643066406)","(5.795863628387451, 137.9192657470703, 39.556732177734375)",POINT (0.5138983726501465 0.3277134895324707),,,,,,,,,,,,,,,,,,,,,,,,,,,,,,,,,,,,,,,,,,,,,1,
0,54,27,437256034835,1822394518,1,1,"(0.5020967125892639, 0.3179745674133301)","(0.5225756168365479, 0.3287466764450073)",1,1,2.7489471435546875,2.72613525390625,"(-56.472068786621094, -73.15750885009766, 731.2435302734375)","(9.200973510742188, -72.92460632324219, 730.6146240234375)","(0.9973138570785522, 142.44308471679688, 41.20326614379883)","(8.093984603881836, 140.46994018554688, 40.48508834838867)",POINT (0.5123361647129059 0.3233606219291687),,,,,,,,,,,,,,,,,,,,,,,,,,,,,,,,,,,,,,,,,,,,,1,
0,54,27,437256051502,1822411184,1,1,"(0.5045529007911682, 0.30594849586486816)","(0.5242775678634644, 0.31805017590522766)",1,1,2.755828857421875,2.713134765625,"(-56.42634963989258, -73.11093139648438, 731.4891357421875)","(9.264930725097656, -72.90731811523438, 730.87744140625)","(1.8484781980514526, 144.6459197998047, 42.00502014160156)","(8.683794021606445, 142.42922973632812, 41.19823455810547)",POINT (0.5144152343273163 0.3119993358850479),,,,,,,,,,,,,,,,,,,,,,,,,,,,,,,,,,,,,,,,,,,,,1,
0,54,27,437256068169,1822427851,1,1,"(0.5101328492164612, 0.37024518847465515)","(0.5173524618148804, 0.3565944731235504)",1,1,2.8358917236328125,2.7294464111328125,"(-56.338111877441406, -73.05760955810547, 731.4149169921875)","(9.348531723022461, -72.8586196899414, 730.801025390625)","(3.7821054458618164, 132.8686065673828, 37.71843719482422)","(6.283993244171143, 135.3690185546875, 38.6285400390625)",POINT (0.5137426555156708 0.3634198307991028),,,,,,,,,,,,,,,,,,,,,,,,,,,,,,,,,,,,,,,,,,,,,1,
0,54,27,437256084837,1822444518,1,1,"(0.5094357132911682, 0.3292633295059204)","(0.520587146282196, 0.34091734886169434)",1,1,2.7882080078125,2.6923370361328125,"(-56.25468063354492, -73.0202407836914, 731.533935546875)","(9.418933868408203, -72.81571197509766, 730.902099609375)","(3.5405359268188477, 140.37530517578125, 40.450660705566406)","(7.404932975769043, 138.24061584472656, 39.67372512817383)",POINT (0.5150114297866821 0.3350903391838074),,,,,,,,,,,,,,,,,,,,,,,,,,,,,,,,,,,,,,,,,,,,,1,
0,54,27,437256101503,1822461184,1,1,"(0.5143714547157288, 0.25560706853866577)","(0.51792973279953, 0.3590678572654724)",1,1,2.689361572265625,2.737518310546875,"(-56.20070266723633, -72.98994445800781, 731.6929931640625)","(9.493227005004883, -72.81890869140625, 731.2100830078125)","(5.250960826873779, 153.8670196533203, 45.36123275756836)","(6.484023571014404, 134.9159698486328, 38.46360397338867)",POINT (0.5161505937576294 0.3073374629020691),,,,,,,,,,,,,,,,,,,,,,,,,,,,,,,,,,,,,,,,,,,,,1,
0,54,27,437256118178,1822477858,1,1,"(0.5041611790657043, 0.35090506076812744)","(0.5135663151741028, 0.3576287031173706)",1,1,2.817108154296875,2.7344207763671875,"(-56.117828369140625, -72.9048080444336, 731.751708984375)","(9.56713581085205, -72.78565216064453, 731.2230224609375)","(1.7127293348312378, 136.41114807128906, 39.00783920288086)","(4.971951961517334, 135.1795654296875, 38.5595703125)",POINT (0.5088637471199036 0.354266881942749),,,,,,,,,,,,,,,,,,,,,,,,,,,,,,,,,,,,,,,,,,,,,1,
0,54,27,437256134844,1822494524,1,1,"(0.5036877989768982, 0.36675724387168884)","(0.5198822021484375, 0.34176105260849)",1,1,2.820892333984375,2.7248992919921875,"(-56.04383850097656, -72.86112976074219, 731.9137573242188)","(9.622977256774902, -72.78107452392578, 731.2064208984375)","(1.5486747026443481, 133.5074920654297, 37.95097732543945)","(7.160638332366943, 138.08607482910156, 39.61746597290039)",POINT (0.5117850005626678 0.3542591482400894),,,,,,,,,,,,,,,,,,,,,,,,,,,,,,,,,,,,,,,,,,,,,1,
0,54,27,437256151512,1822511191,1,1,"(0.5081189870834351, 0.31142136454582214)","(0.5160703063011169, 0.33845648169517517)",1,1,2.820419311523437,2.752288818359375,"(-55.99321746826172, -72.81620788574219, 732.010986328125)","(9.691543579101562, -72.78326416015625, 731.4254150390625)","(3.084277391433716, 143.6434326171875, 41.6401481628418)","(5.83967924118042, 138.69139099121094, 39.83772659301758)",POINT (0.512094646692276 0.3249389231204987),,,,,,,,,,,,,,,,,,,,,,,,,,,,,,,,,,,,,,,,,,,,,1,
0,54,27,437256168179,1822527858,1,1,"(0.5059662461280823, 0.23283708095550537)","(0.5119614005088806, 0.3422115445137024)",1,1,2.659164428710937,2.76104736328125,"(-55.94078063964844, -72.8072509765625, 732.29052734375)","(9.762259483337402, -72.81234741210938, 731.7922973632812)","(2.3382506370544434, 158.03781127929688, 46.87930679321289)","(4.4157819747924805, 138.00357055664062, 39.58741760253906)",POINT (0.5089638233184814 0.2875243127346039),,,,,,,,,,,,,,,,,,,,,,,,,,,,,,,,,,,,,,,,,,,,1,1,
0,54,27,437256184847,1822544525,1,1,"(0.508873701095581, 0.30806446075439453)","(0.5186350345611572, 0.30222088098526)",1,1,2.774322509765625,2.719833374023437,"(-55.87774658203125, -72.78936767578125, 732.436767578125)","(9.800596237182617, -72.8233871459961, 731.8651123046875)","(3.3457717895507812, 144.25831604003906, 41.86397171020508)","(6.728448390960693, 145.32870483398438, 42.2535514831543)",POINT (0.5137543678283691 0.3051426708698273),,,,,,,,,,,,,,,,,,,,,,,,,,,,,,,,,,,,,,,,,,,,,1,
0,54,27,437256201513,1822561191,1,1,"(0.5144538283348083, 0.3124563992023468)","(0.5242152810096741, 0.3284861445426941)",1,1,2.7886199951171875,2.7290191650390625,"(-55.79010009765625, -72.78263854980469, 732.4366455078125)","(9.87221908569336, -72.84209442138672, 731.9072875976562)","(5.279509544372559, 143.453857421875, 41.57115173339844)","(8.662208557128906, 140.5176544189453, 40.50246047973633)",POINT (0.5193345546722412 0.3204712718725204),,,,,,,,,,,,,,,,,,,,,,,,,,,,,,,,,,,,,,,,,,,,,1,
0,54,27,437256218180,1822577857,1,1,"(0.5273350477218628, 0.2552390992641449)","(0.5310316681861877, 0.35061678290367126)",1,1,2.7552947998046875,2.7480010986328125,"(-55.739349365234375, -72.82002258300781, 732.9241943359375)","(9.969976425170898, -72.88871765136719, 732.2291259765625)","(9.743324279785156, 153.9344024658203, 45.385799407958984)","(11.024351119995117, 136.46395874023438, 39.027069091796875)",POINT (0.5291833579540253 0.3029279410839081),,,,,,,,,,,,,,,,,,,,,,,,,,,,,,,,,,,,,,,,,,,,,1,
0,54,27,437256234847,1822594524,1,1,"(0.5261203050613403, 0.29473021626472473)","(0.5326297283172607, 0.34402695298194885)",1,1,2.8015594482421875,2.739852905273437,"(-55.68170928955078, -72.86187744140625, 733.0546875)","(10.020261764526367, -72.95552062988281, 732.4488525390625)","(9.322358131408691, 146.70077514648438, 42.75292205810547)","(11.578108787536621, 137.67103576660156, 39.46635818481445)",POINT (0.5293750166893005 0.3193785846233368),,,,,,,,,,,,,,,,,,,,,,,,,,,,,,,,,,,,,,,,,,,,,1,
0,54,27,437256251520,1822611196,1,1,"(0.5294511318206787, 0.3190384805202484)","(0.5298181772232056, 0.3414302468299866)",1,1,2.7881622314453125,2.746368408203125,"(-55.63111114501953, -72.86898803710938, 733.0174560546875)","(10.056479454040527, -73.03287506103516, 732.6990966796875)","(10.476632118225098, 142.2482147216797, 41.13234329223633)","(10.6038236618042, 138.14666748046875, 39.6395263671875)",POINT (0.5296346545219421 0.3302343636751175),,,,,,,,,,,,,,,,,,,,,,,,,,,,,,,,,,,,,,,,,,,,,1,
0,54,27,437256268187,1822627863,1,1,"(0.5257383584976196, 0.2510339617729187)","(0.5395855903625488, 0.3315015435218811)",1,1,2.730209350585937,2.74664306640625,"(-55.587188720703125, -72.92549133300781, 733.2360229492188)","(10.07961654663086, -73.11680603027344, 732.7290649414062)","(9.190024375915527, 154.70468139648438, 45.666114807128906)","(13.988581657409668, 139.96531677246094, 40.30142593383789)",POINT (0.5326619744300842 0.2912677526473999),,,,,,,,,,,,,,,,,,,,,,,,,,,,,,,,,,,,,,,,,,,,1,1,
0,54,27,437256284854,1822644529,1,1,"(0.5210111141204834, 0.32175931334495544)","(0.5373992919921875, 0.3573049306869507)",1,1,2.8035888671875,2.7592315673828125,"(-55.55860137939453, -72.9649429321289, 733.6151123046875)","(10.12647819519043, -73.18028259277344, 733.1423950195312)","(7.551839828491211, 141.7498321533203, 40.95090103149414)","(13.230951309204102, 135.2388916015625, 38.581153869628906)",POINT (0.5292052030563354 0.3395321220159531),,,,,,,,,,,,,,,,,,,,,,,,,,,,,,,,,,,,,,,,,,,,,1,
0,54,27,437256301521,1822661196,1,1,"(0.5277668833732605, 0.3479295074939728)","(0.5432288646697998, 0.36179137229919434)",1,1,2.860687255859375,2.771820068359375,"(-55.536338806152344, -73.03904724121094, 733.920166015625)","(10.162178039550781, -73.24999237060547, 733.4075927734375)","(9.892951011657715, 136.95619201660156, 39.20622253417969)","(15.251096725463867, 134.41709899902344, 38.282066345214844)",POINT (0.5354978740215302 0.3548604398965836),,,,,,,,,,,,,,,,,,,,,,,,,,,,,,,,,,,,,,,,,,,,,1,
0,54,27,437256318188,1822677862,1,1,"(0.5266015529632568, 0.3066158592700958)","(0.5300323963165283, 0.34737712144851685)",1,1,2.831878662109375,2.767181396484375,"(-55.499671936035156, -73.07710266113281, 734.0172119140625)","(10.201225280761719, -73.33465576171875, 733.5836791992188)","(9.489133834838867, 144.52366638183594, 41.960548400878906)","(10.678058624267578, 137.05735778808594, 39.243064880371094)",POINT (0.5283169746398926 0.3269964903593063),,,,,,,,,,,,,,,,,,,,,,,,,,,,,,,,,,,,,,,,,,,,,1,
0,54,27,437256334856,1822694530,1,1,"(0.5208908915519714, 0.22992615401744843)","(0.5368475914001465, 0.3360362648963928)",1,1,2.678436279296875,2.7715301513671875,"(-55.457496643066406, -73.20152282714844, 734.1905517578125)","(10.23059368133545, -73.45848083496094, 733.6141967773438)","(7.510188102722168, 158.57101440429688, 47.0733642578125)","(13.039772987365723, 139.1346893310547, 39.999107360839844)",POINT (0.528869241476059 0.2829812094569206),,,,,,,,,,,,,,,,,,,,,,,,,,,,,,,,,,,,,,,,,,,,1,1,
0,54,27,437256351522,1822711195,1,1,"(0.5282572507858276, 0.32932233810424805)","(0.5373305082321167, 0.3509802520275116)",1,1,2.81689453125,2.768310546875,"(-55.42330551147461, -73.2761459350586, 734.4360961914062)","(10.267072677612305, -73.51681518554688, 733.7166748046875)","(10.062904357910156, 140.36448669433594, 40.446746826171875)","(13.207110404968262, 136.39736938476562, 39.002830505371094)",POINT (0.5327938795089722 0.3401512950658798),,,,,,,,,,,,,,,,,,,,,,,,,,,,,,,,,,,,,,,,,,,,,1,
0,54,27,437256368194,1822727867,1,1,"(0.5196622014045715, 0.33881404995918274)","(0.5415412783622742, 0.3302498161792755)",1,1,2.8245849609375,2.7721405029296875,"(-55.385154724121094, -73.37484741210938, 734.5338134765625)","(10.294268608093262, -73.69366455078125, 733.9384765625)","(7.0843963623046875, 138.6259002685547, 39.81387710571289)","(14.666302680969238, 140.19459533691406, 40.38490676879883)",POINT (0.5306017398834229 0.3345319330692291),,,,,,,,,,,,,,,,,,,,,,,,,,,,,,,,,,,,,,,,,,,,,1,
0,54,27,437256384862,1822744534,1,1,"(0.493331640958786, 0.3184770941734314)","(0.5013067722320557, 0.33907562494277954)",1,1,2.852996826171875,2.75579833984375,"(-55.43391418457031, -73.50540924072266, 734.8721313476562)","(10.243309020996094, -73.79006958007812, 734.23779296875)","(-2.040102005004883, 142.3510284423828, 41.169769287109375)","(0.7235614657402039, 138.57798767089844, 39.79648208618164)",POINT (0.4973192065954208 0.3287763595581055),,,,,,,,,,,,,,,,,,,,,,,,,,,,,,,,,,,,,,,,,,,,,1,
0,54,27,437256401527,1822761199,1,1,"(0.4867653250694275, 0.3589172661304474)","(0.5036306977272034, 0.33017799258232117)",1,1,2.86212158203125,2.76226806640625,"(-55.40654373168945, -73.57705688476562, 734.9072875976562)","(10.260523796081543, -73.9093017578125, 734.340087890625)","(-4.3155741691589355, 134.9435577392578, 38.473655700683594)","(1.5288833379745483, 140.207763671875, 40.389678955078125)",POINT (0.4951980113983154 0.3445476293563843),,,,,,,,,,,,,,,,,,,,,,,,,,,,,,,,,,,,,,,,,,,,,1,
0,54,27,437256418196,1822777866,1,1,"(0.49488839507102966, 0.3492986857891083)","(0.5093278288841248, 0.33161094784736633)",1,1,2.859359741210937,2.7490997314453125,"(-55.38335418701172, -73.63253784179688, 735.0475463867188)","(10.285798072814941, -74.00594329833984, 734.5189208984375)","(-1.5006293058395386, 136.70541381835938, 39.11488723754883)","(3.503147602081299, 139.94528198242188, 40.29414367675781)",POINT (0.5021081119775772 0.3404548168182373),,,,,,,,,,,,,,,,,,,,,,,,,,,,,,,,,,,,,,,,,,,,,1,
0,54,27,437256434863,1822794533,1,1,"(0.4980325698852539, 0.3206559419631958)","(0.5071521401405334, 0.34193482995033264)",1,1,2.822372436523437,2.77490234375,"(-55.355247497558594, -73.71367645263672, 735.15869140625)","(10.331487655639648, -74.06526184082031, 734.680908203125)","(-0.41106337308883667, 141.95193481445312, 41.024513244628906)","(2.749195098876953, 138.05426025390625, 39.605857849121094)",POINT (0.5025923550128937 0.3312953859567642),,,,,,,,,,,,,,,,,,,,,,,,,,,,,,,,,,,,,,,,,,,,,1,
0,54,27,437256451530,1822811199,1,1,"(0.4921642243862152, 0.2965514659881592)","(0.5051180124282837, 0.34190717339515686)",1,1,2.8057098388671875,2.750946044921875,"(-55.35242462158203, -73.77057647705078, 735.415771484375)","(10.3444185256958, -74.11386108398438, 734.8440551757812)","(-2.4446606636047363, 146.36717224121094, 42.631507873535156)","(2.0443148612976074, 138.05931091308594, 39.607696533203125)",POINT (0.4986411184072494 0.319229319691658),,,,,,,,,,,,,,,,,,,,,,,,,,,,,,,,,,,,,,,,,,,,,1,
0,54,27,437256468197,1822827866,1,1,"(0.49371138215065, 0.29758188128471375)","(0.5049719214439392, 0.33930420875549316)",1,1,2.83172607421875,2.7644195556640625,"(-55.34773254394531, -73.83045196533203, 735.703369140625)","(10.363649368286133, -74.18395233154297, 735.0365600585938)","(-1.908505916595459, 146.17843627929688, 42.56279373168945)","(1.9936614036560059, 138.53611755371094, 39.78122329711914)",POINT (0.4993416517972946 0.3184430450201034),,,,,,,,,,,,,,,,,,,,,,,,,,,,,,,,,,,,,,,,,,,,,1,
0,54,27,437256484865,1822844533,1,1,"(0.49992406368255615, 0.2962014079093933)","(0.4985305070877075, 0.34594494104385376)",1,1,2.8120269775390625,2.8265533447265625,"(-55.34043884277344, -73.84542846679688, 735.9463500976562)","(10.385427474975586, -74.21878051757812, 735.2738647460938)","(0.24441766738891602, 146.43130493164062, 42.65486145019531)","(-0.23850995302200317, 137.3197021484375, 39.338539123535156)",POINT (0.4992272853851318 0.3210731744766235),,,,,,,,,,,,,,,,,,,,,,,,,,,,,,,,,,,,,,,,,,,,,1,
0,54,27,437256501536,1822861204,1,1,"(0.4977892339229584, 0.30216237902641296)","(0.5026310086250305, 0.33354929089546204)",1,1,2.7993927001953125,2.7827606201171875,"(-55.32726287841797, -73.83467102050781, 736.0242309570312)","(10.39811897277832, -74.24392700195312, 735.4375)","(-0.49537646770477295, 145.33941650390625, 42.257442474365234)","(1.1824672222137451, 139.59022521972656, 40.16492462158203)",POINT (0.5002101212739944 0.3178558349609375),,,,,,,,,,,,,,,,,,,,,,,,,,,,,,,,,,,,,,,,,,,,,1,
0,54,27,437256518204,1822877871,1,1,"(0.4903097450733185, 0.3354732394218445)","(0.5005989074707031, 0.34077703952789307)",1,1,2.8537750244140625,2.781356811523437,"(-55.32208251953125, -73.79646301269531, 736.1005859375)","(10.402807235717773, -74.22109985351562, 735.51220703125)","(-3.087303638458252, 139.23780822753906, 40.03664779663086)","(0.4782690703868866, 138.2663116455078, 39.68306350708008)",POINT (0.4954543262720108 0.3381251394748688),,,,,,,,,,,,,,,,,,,,,,,,,,,,,,,,,,,,,,,,,,,,,1,
0,54,27,437256534870,1822894537,1,1,"(0.49994948506355286, 0.32607048749923706)","(0.4993673264980316, 0.35239624977111816)",1,1,2.8494873046875,2.775848388671875,"(-55.3240966796875, -73.76915740966797, 736.2218017578125)","(10.403613090515137, -74.20762634277344, 735.5722045898438)","(0.2532258927822113, 140.9601287841797, 40.663551330566406)","(0.051495760679244995, 136.1380157470703, 38.908390045166016)",POINT (0.4996584057807922 0.3392333686351776),,,,,,,,,,,,,,,,,,,,,,,,,,,,,,,,,,,,,,,,,,,,,1,
0,54,27,437256551538,1822911204,1,1,"(0.49703529477119446, 0.3808489441871643)","(0.5037989020347595, 0.35792240500450134)",1,1,2.885528564453125,2.80145263671875,"(-55.33018112182617, -73.74342346191406, 736.3409423828125)","(10.392940521240234, -74.17025756835938, 735.5430297851562)","(-0.756639301776886, 130.92630004882812, 37.01152038574219)","(1.587189793586731, 135.12579345703125, 38.53996276855469)",POINT (0.500417098402977 0.3693856745958328),,,,,,,,,,,,,,,,,,,,,,,,,,,,,,,,,,,,,,,,,,,,,1,
0,54,27,437256568204,1822927870,1,1,"(0.4971277415752411, 0.35485947132110596)","(0.5062922835350037, 0.3373025059700012)",1,1,2.8806610107421875,2.7653961181640625,"(-55.356117248535156, -73.75154113769531, 736.472412109375)","(10.370481491088867, -74.18341064453125, 735.82763671875)","(-0.7246149778366089, 135.68682861328125, 38.74419403076172)","(2.4512314796447754, 138.9027557373047, 39.914676666259766)",POINT (0.5017100125551224 0.3460809886455536),,,,,,,,,,,,,,,,,,,,,,,,,,,,,,,,,,,,,,,,,,,,,1,
0,54,27,437256584872,1822944537,1,1,"(0.5069124698638916, 0.33039090037345886)","(0.5190338492393494, 0.3544664978981018)",1,1,2.869873046875,2.804183959960937,"(-55.334259033203125, -73.74685668945312, 736.4921875)","(10.385175704956055, -74.1845474243164, 735.9320678710938)","(2.6661550998687744, 140.16876220703125, 40.37548828125)","(6.866646766662598, 135.75880432128906, 38.770381927490234)",POINT (0.5129731595516205 0.3424286991357803),,,,,,,,,,,,,,,,,,,,,,,,,,,,,,,,,,,,,,,,,,,,,1,
0,54,27,437256601539,1822961204,1,1,"(0.5409222841262817, 0.3412854075431824)","(0.5481296181678772, 0.3389337956905365)",1,1,2.88677978515625,2.7493438720703125,"(-55.268089294433594, -73.7416763305664, 736.3516845703125)","(10.421302795410156, -74.2049560546875, 736.005126953125)","(14.451796531677246, 138.17320251464844, 39.649147033691406)","(16.949405670166016, 138.60394287109375, 39.80595779418945)",POINT (0.5445259511470795 0.3401096016168594),,,,,,,,,,,,,,,,,,,,,,,,,,,,,,,,,,,,,,,,,,,,,1,
0,54,27,437256618207,1822977871,1,1,"(0.5424430966377258, 0.3573753237724304)","(0.5492547750473022, 0.34133386611938477)",1,1,2.875335693359375,2.7490692138671875,"(-55.332725524902344, -73.7762222290039, 736.5372314453125)","(10.370196342468262, -74.22640991210938, 736.171142578125)","(14.978816986083984, 135.22598266601562, 38.576454162597656)","(17.339303970336914, 138.16432189941406, 39.64592742919922)",POINT (0.545848935842514 0.3493545949459076),,,,,,,,,,,,,,,,,,,,,,,,,,,,,,,,,,,,,,,,,,,,,1,
0,54,27,437256634879,1822994543,1,1,"(0.5434796214103699, 0.26928818225860596)","(0.5580096244812012, 0.3197024464607239)",1,1,2.752838134765625,2.781478881835937,"(-55.380306243896484, -73.84197998046875, 736.6822509765625)","(10.323129653930664, -74.27804565429688, 736.366455078125)","(15.338010787963867, 151.3610382080078, 44.44911193847656)","(20.373180389404297, 142.1265869140625, 41.08806610107422)",POINT (0.5507446229457855 0.2944953143596649),,,,,,,,,,,,,,,,,,,,,,,,,,,,,,,,,,,,,,,,,,,,1,1,
0,54,27,437256651547,1823011210,1,1,"(0.5421728491783142, 0.3249812424182892)","(0.5552133917808533, 0.32711026072502136)",1,1,2.853851318359375,2.7845611572265625,"(-55.4163932800293, -73.87470245361328, 736.6309814453125)","(10.270206451416016, -74.284912109375, 736.233154296875)","(14.885159492492676, 141.15965270996094, 40.73615264892578)","(19.40418815612793, 140.76966857910156, 40.594215393066406)",POINT (0.5486931204795837 0.3260457515716553),,,,,,,,,,,,,,,,,,,,,,,,,,,,,,,,,,,,,,,,,,,,,1,
0,54,27,437256668214,1823027877,1,1,"(0.5409949421882629, 0.33879193663597107)","(0.5472782850265503, 0.34264615178108215)",1,1,2.8584442138671875,2.768890380859375,"(-55.481353759765625, -73.92265319824219, 736.6337890625)","(10.208168983459473, -74.30613708496094, 736.07080078125)","(14.476974487304688, 138.62994384765625, 39.81542205810547)","(16.654380798339844, 137.9239501953125, 39.55844497680664)",POINT (0.5441366136074066 0.3407190442085266),,,,,,,,,,,,,,,,,,,,,,,,,,,,,,,,,,,,,,,,,,,,,1,
0,54,27,437256684881,1823044543,1,1,"(0.5408820509910583, 0.33550742268562317)","(0.5450381636619568, 0.33263954520225525)",1,1,2.8731689453125,2.796630859375,"(-55.53742599487305, -73.93665313720703, 736.6085205078125)","(10.165475845336914, -74.33049011230469, 736.2661743164062)","(14.437847137451172, 139.23155212402344, 40.034385681152344)","(15.878090858459473, 139.75686645507812, 40.225555419921875)",POINT (0.5429601073265076 0.3340734839439392),,,,,,,,,,,,,,,,,,,,,,,,,,,,,,,,,,,,,,,,,,,,,1,
0,54,27,437256701547,1823061209,1,1,"(0.5498683452606201, 0.31370997428894043)","(0.5512081384658813, 0.3271043598651886)",1,1,2.851043701171875,2.773666381835937,"(-55.6182975769043, -73.96869659423828, 736.822509765625)","(10.103045463562012, -74.36016845703125, 736.61279296875)","(17.551931381225586, 143.22421264648438, 41.48760986328125)","(18.016225814819336, 140.770751953125, 40.59461975097656)",POINT (0.5505382418632507 0.3204071670770645),,,,,,,,,,,,,,,,,,,,,,,,,,,,,,,,,,,,,,,,,,,,,1,
0,54,27,437256718215,1823077876,1,1,"(0.5430856943130493, 0.2984069883823395)","(0.5524007678031921, 0.33646076917648315)",1,1,2.838714599609375,2.7875213623046875,"(-55.657875061035156, -73.9610595703125, 736.8306274414062)","(10.053285598754883, -74.30410766601562, 736.5546875)","(15.201529502868652, 146.0272674560547, 42.50785446166992)","(18.429506301879883, 139.05694580078125, 39.9708137512207)",POINT (0.5477432310581207 0.3174338787794113),,,,,,,,,,,,,,,,,,,,,,,,,,,,,,,,,,,,,,,,,,,,,1,
0,54,27,437256734882,1823094543,1,1,"(0.5420643091201782, 0.3084694743156433)","(0.5467262864112854, 0.34520480036735535)",1,1,2.8545684814453125,2.79034423828125,"(-55.70648956298828, -73.9580078125, 736.8072509765625)","(9.998384475708008, -74.247314453125, 736.332275390625)","(14.847535133361816, 144.1841583251953, 41.83694076538086)","(16.46310043334961, 137.45529174804688, 39.38783645629883)",POINT (0.5443952977657318 0.3268371373414993),,,,,,,,,,,,,,,,,,,,,,,,,,,,,,,,,,,,,,,,,,,,,1,
0,54,27,437256751549,1823111209,1,1,"(0.5364841818809509, 0.2736966013908386)","(0.5483728051185608, 0.3415239751338959)",1,1,2.8578338623046875,2.775970458984375,"(-55.76599884033203, -73.92788696289062, 736.8579711914062)","(9.947680473327637, -74.19258117675781, 736.1997680664062)","(12.913826942443848, 150.55352783203125, 44.15523147583008)","(17.03366470336914, 138.12948608398438, 39.633270263671875)",POINT (0.5424284934997559 0.3076102882623672),,,,,,,,,,,,,,,,,,,,,,,,,,,,,,,,,,,,,,,,,,,,,1,
0,54,27,437256768219,1823127879,1,1,"(0.5391206741333008, 0.20062780380249023)","(0.549017608165741, 0.32213646173477173)",1,1,2.736083984375,2.7892303466796875,"(-55.81542205810547, -73.89231872558594, 736.8045654296875)","(9.901548385620117, -74.16712951660156, 736.2465209960938)","(13.827478408813477, 163.93763732910156, 49.0266227722168)","(17.25710678100586, 141.6807403564453, 40.92580795288086)",POINT (0.5440691411495209 0.261382132768631),,,,,,,,,,,,,,,,,,,,,,,,,,,,,,,,,,,,,,,,,,,,1,1,
0,54,27,437256784887,1823144546,1,1,"(0.5443684458732605, 0.2970554530620575)","(0.5485793352127075, 0.32391557097435)",1,1,2.8217315673828125,2.7902984619140625,"(-55.85096740722656, -73.84992980957031, 736.8592529296875)","(9.884363174438477, -74.14178466796875, 736.514892578125)","(15.646001815795898, 146.27487182617188, 42.59788131713867)","(17.10523796081543, 141.3548583984375, 40.80715560913086)",POINT (0.546473890542984 0.3104855120182037),,,,,,,,,,,,,,,,,,,,,,,,,,,,,,,,,,,,,,,,,,,,,1,
0,54,27,437256801552,1823161211,1,1,"(0.5436292290687561, 0.3071672022342682)","(0.5545148253440857, 0.3381047248840332)",1,1,2.8671417236328125,2.775909423828125,"(-55.864925384521484, -73.80879211425781, 736.795166015625)","(9.85992431640625, -74.08086395263672, 736.5309448242188)","(15.389845848083496, 144.4226837158203, 41.923797607421875)","(19.162109375, 138.75582885742188, 39.86119079589844)",POINT (0.5490720272064209 0.3226359635591507),,,,,,,,,,,,,,,,,,,,,,,,,,,,,,,,,,,,,,,,,,,,,1,
0,54,27,437256818221,1823177879,1,1,"(0.5388564467430115, 0.3087586760520935)","(0.5504494905471802, 0.34286585450172424)",1,1,2.8827362060546875,2.779541015625,"(-55.87687683105469, -73.79788970947266, 736.82373046875)","(9.847389221191406, -74.03114318847656, 736.4864501953125)","(13.735895156860352, 144.1311798095703, 41.817691802978516)","(17.753326416015625, 137.88369750976562, 39.5438117980957)",POINT (0.5446529686450958 0.3258122652769089),,,,,,,,,,,,,,,,,,,,,,,,,,,,,,,,,,,,,,,,,,,,,1,
0,54,27,437256834887,1823194545,1,1,"(0.5406436324119568, 0.30411410331726074)","(0.5517240762710571, 0.3457704186439514)",1,1,2.8841552734375,2.7965087890625,"(-55.870025634765625, -73.78506469726562, 736.779296875)","(9.856861114501953, -74.00454711914062, 736.4114990234375)","(14.355237007141113, 144.98191833496094, 42.127323150634766)","(18.19502067565918, 137.3516845703125, 39.35014343261719)",POINT (0.546183854341507 0.3249422609806061),,,,,,,,,,,,,,,,,,,,,,,,,,,,,,,,,,,,,,,,,,,,,1,
0,54,27,437256851554,1823211211,1,1,"(0.5415358543395996, 0.27439525723457336)","(0.546923816204071, 0.32985690236091614)",1,1,2.87188720703125,2.77325439453125,"(-55.85540008544922, -73.77708435058594, 736.7059326171875)","(9.873964309692383, -73.99092102050781, 736.2764892578125)","(14.664406776428223, 150.425537109375, 44.10868453979492)","(16.53156280517578, 140.26657104492188, 40.41109848022461)",POINT (0.5442298352718353 0.3021260797977448),,,,,,,,,,,,,,,,,,,,,,,,,,,,,,,,,,,,,,,,,,,,,1,
0,54,27,437256868223,1823227879,1,1,"(0.5382459163665771, 0.2947911322116852)","(0.5487930774688721, 0.36868515610694885)",1,1,2.9115753173828125,2.79412841796875,"(-55.82997131347656, -73.75745391845703, 736.6043090820312)","(9.897127151489258, -73.97460174560547, 736.0514526367188)","(13.524328231811523, 146.68960571289062, 42.748878479003906)","(17.17931365966797, 133.15435791015625, 37.82243347167969)",POINT (0.5435194969177246 0.331738144159317),,,,,,,,,,,,,,,,,,,,,,,,,,,,,,,,,,,,,,,,,,,,,1,
0,54,27,437256884890,1823244545,1,1,"(0.5404061675071716, 0.3105431795120239)","(0.552215039730072, 0.35917264223098755)",1,1,2.8885650634765625,2.817489624023437,"(-55.77973937988281, -73.73736572265625, 736.4761962890625)","(9.943939208984375, -73.9976806640625, 736.0645751953125)","(14.272931098937988, 143.8042755126953, 41.69874954223633)","(18.365158081054688, 134.8967742919922, 38.45663833618164)",POINT (0.5463106036186218 0.3348579108715057),,,,,,,,,,,,,,,,,,,,,,,,,,,,,,,,,,,,,,,,,,,,,1,
0,54,27,437256901562,1823261217,1,1,"(0.5371384620666504, 0.3041437268257141)","(0.5529007315635681, 0.34816214442253113)",1,1,2.8926544189453125,2.8011627197265625,"(-55.722557067871094, -73.72999572753906, 736.4710693359375)","(9.984477996826172, -74.00837707519531, 735.8990478515625)","(13.140542030334473, 144.9764862060547, 42.12537384033203)","(18.60276985168457, 136.91357421875, 39.19071960449219)",POINT (0.5450195968151093 0.3261529356241226),,,,,,,,,,,,,,,,,,,,,,,,,,,,,,,,,,,,,,,,,,,,,1,
0,54,27,437256918230,1823277884,1,1,"(0.5198461413383484, 0.32047292590141296)","(0.5357987284660339, 0.33284568786621094)",1,1,2.875961303710937,2.77740478515625,"(-55.70415496826172, -73.71923828125, 736.4738159179688)","(9.996197700500488, -74.0186996459961, 735.853759765625)","(7.148136615753174, 141.98544311523438, 41.03672790527344)","(12.676290512084961, 139.7191162109375, 40.211822509765625)",POINT (0.5278224349021912 0.326659306883812),,,,,,,,,,,,,,,,,,,,,,,,,,,,,,,,,,,,,,,,,,,,,1,
0,54,27,437256934896,1823294550,1,1,"(0.5261704325675964, 0.30930018424987793)","(0.5383182168006897, 0.33947068452835083)",1,1,2.887924194335937,2.820098876953125,"(-55.654666900634766, -73.72411346435547, 736.5125732421875)","(10.062453269958496, -74.07766723632812, 736.150390625)","(9.339740753173828, 144.031982421875, 41.781585693359375)","(13.549398422241211, 138.505615234375, 39.77012252807617)",POINT (0.5322443246841431 0.3243854343891144),,,,,,,,,,,,,,,,,,,,,,,,,,,,,,,,,,,,,,,,,,,,,1,
0,54,27,437256951564,1823311217,1,1,"(0.5247092843055725, 0.3137984573841095)","(0.5263827443122864, 0.31618720293045044)",1,1,2.9240264892578125,2.76849365234375,"(-55.605255126953125, -73.70298767089844, 736.506103515625)","(10.123222351074219, -74.07575988769531, 736.013916015625)","(8.833385467529297, 143.20802307128906, 41.481693267822266)","(9.413313865661621, 142.7704620361328, 41.32246017456055)",POINT (0.5255460143089294 0.31499283015728),,,,,,,,,,,,,,,,,,,,,,,,,,,,,,,,,,,,,,,,,,,,,1,
0,54,27,437256968230,1823327883,1,1,"(0.5284797549247742, 0.1747799664735794)","(0.5272794961929321, 0.32637661695480347)",1,1,2.7641754150390625,2.780990600585937,"(-55.565528869628906, -73.68534851074219, 736.436279296875)","(10.165356636047363, -74.07255554199219, 735.8931274414062)","(10.139993667602539, 168.67221069335938, 50.749916076660156)","(9.724069595336914, 140.90406799316406, 40.64310073852539)",POINT (0.5278796255588531 0.2505782917141914),,,,,,,,,,,,,,,,,,,,,,,,,,,,,,,,,,,,,,,,,,,,1,1,
0,54,27,437256984898,1823344550,1,1,"(0.5215196013450623, 0.2459176927804947)","(0.5269400477409363, 0.33257895708084106)",1,1,2.8490142822265625,2.777084350585937,"(-55.51447296142578, -73.65792846679688, 736.2781372070312)","(10.197237014770508, -74.05301666259766, 735.7576904296875)","(7.72804594039917, 155.64183044433594, 46.007225036621094)","(9.606439590454102, 139.76797485351562, 40.22962188720703)",POINT (0.5242298245429993 0.2892483249306679),,,,,,,,,,,,,,,,,,,,,,,,,,,,,,,,,,,,,,,,,,,,1,1,
0,54,27,437257001565,1823361217,1,1,"(0.5246314406394958, 0.2620212733745575)","(0.5392189621925354, 0.3286854922771454)",1,1,2.8440704345703125,2.7708740234375,"(-55.47982406616211, -73.63978576660156, 736.20849609375)","(10.220297813415527, -74.03443145751953, 735.637451171875)","(8.806413650512695, 152.69210815429688, 44.93364334106445)","(13.861528396606445, 140.48114013671875, 40.48920822143555)",POINT (0.5319252014160156 0.2953533828258514),,,,,,,,,,,,,,,,,,,,,,,,,,,,,,,,,,,,,,,,,,,,1,1,
0,54,27,437257018232,1823377883,1,1,"(0.5261270403862, 0.1973583847284317)","(0.5385160446166992, 0.3500373363494873)",1,1,2.8061676025390625,2.7882232666015625,"(-55.47534942626953, -73.61930084228516, 736.2552490234375)","(10.232840538024902, -74.00540161132812, 735.65234375)","(9.324695587158203, 164.5364990234375, 49.24463653564453)","(13.617952346801758, 136.57009887695312, 39.06568145751953)",POINT (0.5323215425014496 0.2736978605389595),,,,,,,,,,,,,,,,,,,,,,,,,,,,,,,,,,,,,,,,,,,,1,1,
0,54,27,437257034906,1823394557,1,1,"(0.5261400938034058, 0.2598218619823456)","(0.537169873714447, 0.3313594162464142)",1,1,2.8842315673828125,2.7648162841796875,"(-55.46761703491211, -73.59862518310547, 736.2268676757812)","(10.236690521240234, -73.98307037353516, 735.6669921875)","(9.32922077178955, 153.09498596191406, 45.08022689819336)","(13.151439666748047, 139.99134826660156, 40.310935974121094)",POINT (0.5316549837589264 0.2955906391143799),,,,,,,,,,,,,,,,,,,,,,,,,,,,,,,,,,,,,,,,,,,,1,1,
0,54,27,437257051573,1823411223,1,1,"(0.5194803476333618, 0.26247015595436096)","(0.5399606823921204, 0.34572356939315796)",1,1,2.8366241455078125,2.78485107421875,"(-55.46540069580078, -73.57819366455078, 736.1971435546875)","(10.236260414123535, -73.9600830078125, 735.6819458007812)","(7.021387100219727, 152.60989379882812, 44.90367889404297)","(14.11856460571289, 137.36026000976562, 39.3532829284668)",POINT (0.5297205150127411 0.3040968626737595),,,,,,,,,,,,,,,,,,,,,,,,,,,,,,,,,,,,,,,,,,,,,1,
0,54,27,437257068240,1823427890,1,1,"(0.5201553106307983, 0.2514216899871826)","(0.5404075980186462, 0.3609987199306488)",1,1,2.841903686523437,2.782470703125,"(-55.477508544921875, -73.56985473632812, 736.1193237304688)","(10.223518371582031, -73.94117736816406, 735.5931396484375)","(7.255303382873535, 154.63365173339844, 45.6402702331543)","(14.273432731628418, 134.56228637695312, 38.33489227294922)",POINT (0.5302814543247223 0.3062102049589157),,,,,,,,,,,,,,,,,,,,,,,,,,,,,,,,,,,,,,,,,,,,,1,
0,54,27,437257084908,1823444557,1,1,"(0.5201279520988464, 0.23262010514736176)","(0.5382425785064697, 0.3427050709724426)",1,1,2.81610107421875,2.7882537841796875,"(-55.477420806884766, -73.56354522705078, 736.013427734375)","(10.222565650939941, -73.93353271484375, 735.578125)","(7.245798110961914, 158.0775604248047, 46.893760681152344)","(13.523178100585938, 137.91317749023438, 39.55449676513672)",POINT (0.5291852653026581 0.2876625880599022),,,,,,,,,,,,,,,,,,,,,,,,,,,,,,,,,,,,,,,,,,,,1,1,
0,54,27,437257101574,1823461223,1,1,"(0.5258650779724121, 0.20128829777240753)","(0.5343940854072571, 0.35133785009384155)",1,1,2.8377227783203125,2.748397827148437,"(-55.49143600463867, -73.5811996459961, 736.0106201171875)","(10.216425895690918, -73.93533325195312, 735.5036010742188)","(9.233914375305176, 163.81663513183594, 48.98264694213867)","(12.189521789550781, 136.33187866210938, 38.97898864746094)",POINT (0.5301295816898346 0.2763130739331245),,,,,,,,,,,,,,,,,,,,,,,,,,,,,,,,,,,,,,,,,,,,1,1,
0,54,27,437257118241,1823477890,1,1,"(0.5346064567565918, 0.20997676253318787)","(0.5368022322654724, 0.3756655156612396)",1,1,2.8277587890625,2.8218231201171875,"(-55.496376037597656, -73.58283996582031, 735.9794921875)","(10.217695236206055, -73.93539428710938, 735.5479736328125)","(12.263118743896484, 162.2251739501953, 48.40337371826172)","(13.024060249328613, 131.87574768066406, 37.35708999633789)",POINT (0.5357043445110321 0.2928211390972138),,,,,,,,,,,,,,,,,,,,,,,,,,,,,,,,,,,,,,,,,,,,1,1,
0,54,27,437257134909,1823494557,1,1,"(0.5204170942306519, 0.21451298892498016)","(0.534173309803009, 0.31605827808380127)",1,1,2.7994842529296875,2.764999389648437,"(-55.49496841430664, -73.57937622070312, 735.9196166992188)","(10.22433853149414, -73.94121551513672, 735.608154296875)","(7.345989227294922, 161.39427185058594, 48.100948333740234)","(12.11303424835205, 142.79408264160156, 41.33102798461914)",POINT (0.5272952020168304 0.2652856335043907),,,,,,,,,,,,,,,,,,,,,,,,,,,,,,,,,,,,,,,,,,,,1,1,
0,54,27,437257351590,1823711232,1,1,"(0.62391197681427, 0.4332711696624756)","(0.6283926963806152, 0.22933830320835114)",1,1,2.811676025390625,2.762115478515625,"(-55.304588317871094, -73.42414855957031, 735.8141479492188)","(10.484604835510254, -73.80677032470703, 735.0629272460938)","(43.21075439453125, 121.32405090332031, 33.51658630371094)","(44.76348876953125, 158.67869567871094, 47.11256790161133)",POINT (0.6261523365974426 0.3313047364354134),,,,,,,,,,,,,,,,,,,,,,,,,,,,,,,,,,,,,,,,,,,,,1,
0,54,27,437257368258,1823727899,1,1,"(0.6277506351470947, 0.34822455048561096)","(0.625608503818512, 0.24946042895317078)",1,1,2.93505859375,2.762176513671875,"(-55.32655334472656, -73.45826721191406, 735.947021484375)","(10.468355178833008, -73.83743286132812, 735.1234130859375)","(44.54099655151367, 136.9021453857422, 39.18653106689453)","(43.798667907714844, 154.99290466308594, 45.771034240722656)",POINT (0.6266795694828033 0.2988424897193909),,,,,,,,,,,,,,,,,,,,,,,,,,,,,,,,,,,,,,,,,,,,,1,
0,54,27,437257384924,1823744565,1,1,"(0.6207939982414246, 0.28676602244377136)","(0.6192286610603333, 0.2600550651550293)",1,1,2.9190826416015625,2.7483367919921875,"(-55.336151123046875, -73.47853088378906, 735.8403930664062)","(10.468835830688477, -73.8031234741211, 734.5579223632812)","(42.13026809692383, 148.15960693359375, 43.28385925292969)","(41.58781814575195, 153.05226135253906, 45.064720153808594)",POINT (0.6200113296508789 0.2734105437994003),,,,,,,,,,,,,,,,,,,,,,,,,,,,,,,,,,,,,,,,,,,,1,1,
0,54,27,437257401592,1823761232,1,1,"(0.6184378266334534, 0.2673702538013458)","(0.6052557229995728, 0.2896665334701538)",1,1,2.950347900390625,2.729278564453125,"(-55.33733367919922, -73.49829864501953, 735.673828125)","(10.440893173217773, -73.85582733154297, 735.2300415039062)","(41.31376266479492, 151.71234130859375, 44.57699966430664)","(36.74568557739258, 147.6282958984375, 43.09052658081055)",POINT (0.6118467748165131 0.2785183936357498),,,,,,,,,,,,,,,,,,,,,,,,,,,,,,,,,,,,,,,,,,,,1,1,
0,54,27,437257418262,1823777902,1,1,"(0.6176509857177734, 0.28264930844306946)","(0.616213321685791, 0.3334191143512726)",1,1,2.939361572265625,2.7550506591796875,"(-55.35227966308594, -73.53107452392578, 735.61083984375)","(10.440072059631348, -73.841796875, 734.96044921875)","(41.041080474853516, 148.9136505126953, 43.55838394165039)","(40.54289245605469, 139.61407470703125, 40.17359161376953)",POINT (0.6169321537017822 0.308034211397171),,,,,,,,,,,,,,,,,,,,,,,,,,,,,,,,,,,,,,,,,,,,,1,
0,54,27,437257434929,1823794568,1,1,"(0.47912856936454773, 0.24613042175769806)","(0.5061812400817871, 0.36468058824539185)",1,1,2.9159698486328125,2.8331756591796875,"(-55.63103485107422, -73.56880187988281, 735.5185546875)","(10.111072540283203, -73.86504364013672, 734.792236328125)","(-6.961989879608154, 155.60287475585938, 45.99303436279297)","(2.412733316421509, 133.88787841796875, 38.089447021484375)",POINT (0.4926549047231674 0.305405505001545),,,,,,,,,,,,,,,,,,,,,,,,,,,,,,,,,,,,,,,,,,,,,1,
0,54,27,437257451596,1823811235,1,1,"(0.42173463106155396, 0.21197859942913055)","(0.43657079339027405, 0.34989386796951294)",1,1,2.95416259765625,2.8300018310546875,"(-55.86589431762695, -73.61079406738281, 735.7503662109375)","(9.836784362792969, -73.86045837402344, 734.9644775390625)","(-26.851085662841797, 161.85850524902344, 48.26991271972656)","(-21.709808349609375, 136.59640502929688, 39.0752067565918)",POINT (0.429152712225914 0.2809362336993218),,,,,,,,,,,,,,,,,,,,,,,,,,,,,,,,,,,,,,,,,,,,1,1,
0,54,27,437257468263,1823827901,1,1,"(0.41627827286720276, 0.24654851853847504)","(0.42277178168296814, 0.35274457931518555)",1,1,2.960052490234375,2.8359375,"(-55.879638671875, -73.59921264648438, 735.536376953125)","(9.827559471130371, -73.84471130371094, 734.8607177734375)","(-28.741920471191406, 155.5262908935547, 45.96514892578125)","(-26.491687774658203, 136.07420349121094, 38.88521957397461)",POINT (0.4195250272750854 0.2996465489268303),,,,,,,,,,,,,,,,,,,,,,,,,,,,,,,,,,,,,,,,,,,,,1,
0,54,27,437257484930,1823844568,1,1,"(0.4226287007331848, 0.2853546440601349)","(0.43959006667137146, 0.3552514612674713)",1,1,2.9697723388671875,2.8183746337890625,"(-55.885467529296875, -73.57645416259766, 735.278076171875)","(9.788778305053711, -73.8038101196289, 734.5047607421875)","(-26.54125213623047, 148.41810607910156, 43.37800598144531)","(-20.663522720336914, 135.6150360107422, 38.71803283691406)",POINT (0.4311093837022781 0.3203030526638031),,,,,,,,,,,,,,,,,,,,,,,,,,,,,,,,,,,,,,,,,,,,,1,
0,54,27,437257501597,1823861234,1,1,"(0.4208638072013855, 0.2482423633337021)","(0.438242644071579, 0.3600788712501526)",1,1,2.927947998046875,2.8396148681640625,"(-55.907962799072266, -73.56214904785156, 735.198974609375)","(9.760781288146973, -73.79782104492188, 734.565185546875)","(-27.152854919433594, 155.2160186767578, 45.852237701416016)","(-21.130460739135742, 134.7307891845703, 38.39621353149414)",POINT (0.4295532256364822 0.3041606172919273),,,,,,,,,,,,,,,,,,,,,,,,,,,,,,,,,,,,,,,,,,,,,1,
0,54,27,437257518264,1823877901,1,1,"(0.4143278896808624, 0.21047678589820862)","(0.4359140396118164, 0.3556867837905884)",1,1,2.899765014648437,2.8571319580078125,"(-55.947147369384766, -73.552734375, 735.3739624023438)","(9.745113372802734, -73.78936004638672, 734.5654296875)","(-29.41780662536621, 162.1335906982422, 48.370033264160156)","(-21.937408447265625, 135.5352783203125, 38.6890754699707)",POINT (0.4251209646463394 0.2830817848443985),,,,,,,,,,,,,,,,,,,,,,,,,,,,,,,,,,,,,,,,,,,,1,1,
0,54,27,437257534932,1823894568,1,1,"(0.41780558228492737, 0.24025319516658783)","(0.4279528558254242, 0.32858169078826904)",1,1,2.9529266357421875,2.8465728759765625,"(-55.985374450683594, -73.54278564453125, 735.48876953125)","(9.733291625976562, -73.78402709960938, 734.6256103515625)","(-28.212644577026367, 156.6793975830078, 46.38490676879883)","(-24.696247100830078, 140.50015258789062, 40.49609375)",POINT (0.4228792190551758 0.2844174429774284),,,,,,,,,,,,,,,,,,,,,,,,,,,,,,,,,,,,,,,,,,,,1,1,
0,54,27,437257551603,1823911239,1,1,"(0.4204273521900177, 0.2558254301548004)","(0.4229845404624939, 0.3107492923736572)",1,1,2.9368896484375,2.8438262939453125,"(-56.009342193603516, -73.54387664794922, 735.545654296875)","(9.730853080749512, -73.78060150146484, 734.6997680664062)","(-27.30409812927246, 153.82701110839844, 45.346675872802734)","(-26.417945861816406, 143.76654052734375, 41.684967041015625)",POINT (0.4217059463262558 0.2832873612642288),,,,,,,,,,,,,,,,,,,,,,,,,,,,,,,,,,,,,,,,,,,,1,1,
0,54,27,437257568271,1823927906,1,1,"(0.4274333715438843, 0.25239598751068115)","(0.42579028010368347, 0.32632794976234436)",1,1,2.9563446044921875,2.8922882080078125,"(-56.037601470947266, -73.51827239990234, 735.5091552734375)","(9.715127944946289, -73.75619506835938, 734.7147216796875)","(-24.876266479492188, 154.45518493652344, 45.57533264160156)","(-25.44565773010254, 140.91297912597656, 40.6463508605957)",POINT (0.4266118258237839 0.2893619686365128),,,,,,,,,,,,,,,,,,,,,,,,,,,,,,,,,,,,,,,,,,,,1,1,
0,54,27,437257584938,1823944573,1,1,"(0.4156882166862488, 0.3086055815219879)","(0.424917995929718, 0.34086862206459045)",1,1,2.9929656982421875,2.903656005859375,"(-56.0624885559082, -73.51075744628906, 735.3994140625)","(9.70228385925293, -73.73343658447266, 734.640625)","(-28.94639778137207, 144.15921020507812, 41.82786560058594)","(-25.74793243408203, 138.24954223632812, 39.67693328857422)",POINT (0.4203031063079834 0.3247371017932892),,,,,,,,,,,,,,,,,,,,,,,,,,,,,,,,,,,,,,,,,,,,,1,
0,54,27,437257601606,1823961240,1,1,"(0.41906219720840454, 0.25071069598197937)","(0.4169803559780121, 0.3598197400569916)",1,1,2.982650756835937,2.9062042236328125,"(-56.070068359375, -73.48338317871094, 735.1719970703125)","(9.691049575805664, -73.70275115966797, 734.477294921875)","(-27.77718162536621, 154.76388549804688, 45.68766403198242)","(-28.49861717224121, 134.7782440185547, 38.41350173950195)",POINT (0.4180212765932083 0.3052652180194855),,,,,,,,,,,,,,,,,,,,,,,,,,,,,,,,,,,,,,,,,,,,,1,
0,54,27,437257618273,1823977907,1,1,"(0.42471468448638916, 0.179229274392128)","(0.426483690738678, 0.3344866633415222)",1,1,2.9431304931640625,2.898681640625,"(-56.08596420288086, -73.47373962402344, 734.94287109375)","(9.663326263427734, -73.6850357055664, 734.22509765625)","(-25.818397521972656, 167.85723876953125, 50.45327377319336)","(-25.205364227294922, 139.41854858398438, 40.10243225097656)",POINT (0.4255991876125336 0.2568579688668251),,,,,,,,,,,,,,,,,,,,,,,,,,,,,,,,,,,,,,1,,,,,,1,1,
0,54,27,437257634941,1823994574,1,1,"(0.41863372921943665, 0.251098096370697)","(0.42940524220466614, 0.33087894320487976)",1,1,2.9671173095703125,2.8822784423828125,"(-56.09830093383789, -73.46478271484375, 734.8201904296875)","(9.632749557495117, -73.65705871582031, 733.9290771484375)","(-27.9256649017334, 154.69293212890625, 45.661834716796875)","(-24.192934036254883, 140.07937622070312, 40.342952728271484)",POINT (0.4240194857120514 0.2909885197877884),,,,,,,,,,,,,,,,,,,,,,,,,,,,,,,,,,,,,,,,,,,,1,1,
0,54,27,437257651607,1824011240,1,1,"(0.4220857322216034, 0.24987632036209106)","(0.43070560693740845, 0.3140948712825775)",1,1,3.0166015625,2.891815185546875,"(-56.10508728027344, -73.47234344482422, 734.6981811523438)","(9.62208080291748, -73.66421508789062, 733.7509765625)","(-26.72942352294922, 154.91673278808594, 45.743282318115234)","(-23.74231719970703, 143.1537322998047, 41.4619026184082)",POINT (0.4263956695795059 0.2819855958223343),,,,,,,,,,,,,,,,,,,,,,,,,,,,,,,,,,,,,,,,,,,,1,1,
0,54,27,437257668275,1824027907,1,1,"(0.4181143343448639, 0.19254332780838013)","(0.4395536482334137, 0.3309309184551239)",1,1,2.9372100830078125,2.871368408203125,"(-56.09505081176758, -73.481689453125, 734.639404296875)","(9.646585464477539, -73.68650817871094, 733.7803344726562)","(-28.105649948120117, 165.41847229003906, 49.56565856933594)","(-20.676149368286133, 140.06985473632812, 40.33946990966797)",POINT (0.4288339912891388 0.261737123131752),,,,,,,,,,,,,,,,,,,,,,,,,,,,,,,,,,,,,,,,,,,,1,1,
0,54,27,437257684947,1824044579,1,1,"(0.5690664052963257, 0.29130876064300537)","(0.5846598148345947, 0.34512707591056824)",1,1,3.03912353515625,2.87353515625,"(-55.7470817565918, -73.49415588378906, 734.4273681640625)","(9.964553833007812, -73.7339096069336, 733.9494018554688)","(24.204753875732422, 147.3275146484375, 42.98100280761719)","(29.608457565307617, 137.4695281982422, 39.39302444458008)",POINT (0.5768631100654602 0.3182179182767868),,,,,,,,,,,,,,,,,,,,,,,,,,,,,,,,,,,,,,,,,,,,,1,
0,54,27,437257701614,1824061245,1,1,"(0.6334718465805054, 0.25535422563552856)","(0.635070264339447, 0.3286951780319214)",1,1,2.9906158447265625,2.838241577148437,"(-55.55879211425781, -73.4665298461914, 734.3837890625)","(10.127487182617188, -73.73702239990234, 733.7659301757812)","(46.52359390258789, 153.913330078125, 45.37808609008789)","(47.0775146484375, 140.47938537597656, 40.48851776123047)",POINT (0.6342710554599762 0.292024701833725),,,,,,,,,,,,,,,,,,,,,,,,,,,,,,,,,,,,,,,,,,,,1,1,
0,54,27,437257718281,1824077912,1,1,"(0.6328899264335632, 0.17049618065357208)","(0.6318184733390808, 0.3347773849964142)",1,1,2.9368438720703125,2.847198486328125,"(-55.567161560058594, -73.48009490966797, 734.2764282226562)","(10.133964538574219, -73.7344741821289, 733.5574340820312)","(46.32193374633789, 169.45687866210938, 51.03549575805664)","(45.950645446777344, 139.3652801513672, 40.08305358886719)",POINT (0.632354199886322 0.2526367828249931),,,,,,,,,,,,,,,,,,,,,,,,,,,,,,,,,,,,,,,,,,,,1,1,
0,54,27,437257734948,1824094578,1,1,"(0.6169960498809814, 0.2237756997346878)","(0.6294555068016052, 0.3387843370437622)",1,1,2.953887939453125,2.839096069335937,"(-55.561439514160156, -73.46849060058594, 734.0205078125)","(10.147927284240723, -73.73745727539062, 733.289794921875)","(40.81413650512695, 159.69761657714844, 47.483394622802734)","(45.131778717041016, 138.63133239746094, 39.81591796875)",POINT (0.6232257783412933 0.281280018389225),,,,,,,,,,,,,,,,,,,,,,,,,,,,,,,,,,,,,,,,,,,,1,1,
0,54,27,437257751615,1824111245,1,1,"(0.6204464435577393, 0.24775542318820953)","(0.6274149417877197, 0.3316768705844879)",1,1,2.981918334960937,2.8036041259765625,"(-55.54658508300781, -73.4656982421875, 733.782958984375)","(10.177900314331055, -73.75808715820312, 733.065673828125)","(42.00984573364258, 155.30520629882812, 45.88471603393555)","(44.424659729003906, 139.93321228027344, 40.28974533081055)",POINT (0.6239306926727295 0.2897161468863487),,,,,,,,,,,,,,,,,,,,,,,,,,,,,,,,,,,,,,,,,,,,1,1,
0,54,27,437257768282,1824127911,1,1,"(0.626607358455658, 0.24654927849769592)","(0.6307259798049927, 0.3217245638370514)",1,1,2.9883270263671875,2.770492553710937,"(-55.542930603027344, -73.44863891601562, 733.4981689453125)","(10.180482864379883, -73.74948120117188, 732.8280029296875)","(44.14480209350586, 155.52613830566406, 45.96512985229492)","(45.57205581665039, 141.7561798095703, 40.95327377319336)",POINT (0.6286666691303253 0.2841369211673737),,,,,,,,,,,,,,,,,,,,,,,,,,,,,,,,,,,,,,,,,,,,1,1,
0,54,27,437257784950,1824144579,1,1,"(0.6313266754150391, 0.27041590213775635)","(0.6263331770896912, 0.32231324911117554)",1,1,2.967620849609375,2.812591552734375,"(-55.53672790527344, -73.42947387695312, 733.1842041015625)","(10.187012672424316, -73.74089050292969, 732.5615234375)","(45.78021240234375, 151.15444946289062, 44.37393569946289)","(44.04978942871094, 141.6483612060547, 40.914005279541016)",POINT (0.6288299262523651 0.2963645756244659),,,,,,,,,,,,,,,,,,,,,,,,,,,,,,,,,,,,,,,,,,,,,1,
0,54,27,437257801617,1824161245,1,1,"(0.632512092590332, 0.27282342314720154)","(0.629436731338501, 0.33840298652648926)",1,1,2.938629150390625,2.770233154296875,"(-55.539405822753906, -73.39258575439453, 732.823974609375)","(10.180122375488281, -73.69013977050781, 732.3095703125)","(46.19102478027344, 150.71348571777344, 44.21343231201172)","(45.12529754638672, 138.70120239257812, 39.841312408447266)",POINT (0.6309744119644165 0.3056132048368454),,,,,,,,,,,,,,,,,,,,,,,,,,,,,,,,,,,,,,,,,,,,,1,
0,54,27,437257818287,1824177915,1,1,"(0.6318053007125854, 0.2546829283237457)","(0.6279828548431396, 0.3453112244606018)",1,1,2.891845703125,2.7610321044921875,"(-55.54566192626953, -73.36021423339844, 732.4334716796875)","(10.162784576416016, -73.66188049316406, 732.1041259765625)","(45.94609451293945, 154.0363006591797, 45.42283248901367)","(44.6214714050293, 137.435791015625, 39.38075256347656)",POINT (0.6298940777778625 0.2999970763921738),,,,,,,,,,,,,,,,,,,,,,,,,,,,,,,,,,,,,,,,,,,,,1,
0,54,27,437257834955,1824194582,1,1,"(0.6264665722846985, 0.2607600688934326)","(0.6215178370475769, 0.34710603952407837)",1,1,2.9207763671875,2.7630615234375,"(-55.58047103881836, -73.33580780029297, 732.3077392578125)","(10.125605583190918, -73.5955810546875, 731.7662353515625)","(44.09602355957031, 152.9231414794922, 45.017677307128906)","(42.38108444213867, 137.10704040527344, 39.26110076904297)",POINT (0.6239922046661377 0.3039330542087555),,,,,,,,,,,,,,,,,,,,,,,,,,,,,,,,,,,,,,,,,,,,,1,
0,54,27,437257851622,1824211249,1,1,"(0.6240765452384949, 0.22466051578521729)","(0.6233503818511963, 0.3400193154811859)",1,1,2.927154541015625,2.7622833251953125,"(-55.62776184082031, -73.33043670654297, 732.1797485351562)","(10.089165687561035, -73.56655883789062, 731.5763549804688)","(43.26778030395508, 159.5355224609375, 47.42445373535156)","(43.016143798828125, 138.4051055908203, 39.73356628417969)",POINT (0.6237134635448456 0.2823399156332016),,,,,,,,,,,,,,,,,,,,,,,,,,,,,,,,,,,,,,,,,,,,1,1,
0,54,27,437257868290,1824227916,1,1,"(0.6119213700294495, 0.2562325894832611)","(0.6233096122741699, 0.33274179697036743)",1,1,2.9192657470703125,2.7694854736328125,"(-55.718170166015625, -73.30792236328125, 731.9993286132812)","(10.014959335327148, -73.54129791259766, 731.5338134765625)","(39.055572509765625, 153.75244140625, 45.319515228271484)","(43.002010345458984, 139.7381591796875, 40.21875)",POINT (0.6176154911518097 0.2944871932268143),,,,,,,,,,,,,,,,,,,,,,,,,,,,,,,,,,,,,,,,,,,,1,1,
0,54,27,437257884956,1824244582,1,1,"(0.610632598400116, 0.278704434633255)","(0.6186137199401855, 0.32859399914741516)",1,1,2.9002685546875,2.7386474609375,"(-55.76793670654297, -73.29337310791016, 731.7816772460938)","(9.944499969482422, -73.50183868408203, 731.15283203125)","(38.60895538330078, 149.63623046875, 43.821407318115234)","(41.37471389770508, 140.49789428710938, 40.49528503417969)",POINT (0.6146231591701508 0.3036492168903351),,,,,,,,,,,,,,,,,,,,,,,,,,,,,,,,,,,,,,,,,,,,,1,
0,54,27,437257901624,1824261249,1,1,"(0.6079639196395874, 0.23770837485790253)","(0.6191569566726685, 0.30645012855529785)",1,1,2.8603973388671875,2.752410888671875,"(-55.82139587402344, -73.27590942382812, 731.6376953125)","(9.889608383178711, -73.45899963378906, 730.9327392578125)","(37.68416213989258, 157.14553833007812, 46.55452346801758)","(41.56298828125, 144.55401611328125, 41.97157669067383)",POINT (0.6135604381561279 0.2720792517066002),,,,,,,,,,,,,,,,,,,,,,,,,,,,,,,,,,,,,,,,,,,,1,1,
0,54,27,437257918291,1824277916,1,1,"(0.6071298122406006, 0.25709494948387146)","(0.616075873374939, 0.31667056679725647)",1,1,2.8960113525390625,2.7669219970703125,"(-55.89356994628906, -73.27195739746094, 731.4910888671875)","(9.832094192504883, -73.43683624267578, 730.9933471679688)","(37.39512634277344, 153.594482421875, 45.26203918457031)","(40.495235443115234, 142.6819305419922, 41.29021072387695)",POINT (0.6116028428077698 0.286882758140564),,,,,,,,,,,,,,,,,,,,,,,,,,,,,,,,,,,,,,,,,,,,1,1,
0,54,27,437257934959,1824294583,1,1,"(0.619443416595459, 0.23666596412658691)","(0.6155877709388733, 0.35714638233184814)",1,1,2.858551025390625,2.7581024169921875,"(-55.96943664550781, -73.26626586914062, 731.552978515625)","(9.763653755187988, -73.35353088378906, 730.7587890625)","(41.662227630615234, 157.3364715576172, 46.62403106689453)","(40.32612228393555, 135.2679443359375, 38.59170150756836)",POINT (0.6175155937671661 0.2969061732292175),,,,,,,,,,,,,,,,,,,,,,,,,,,,,,,,,,,,,,,,,,,,,1,
0,54,27,437257951630,1824311254,1,1,"(0.604887068271637, 0.27016574144363403)","(0.6212286949157715, 0.35422593355178833)",1,1,2.884506225585937,2.7434234619140625,"(-56.00664520263672, -73.25333404541016, 731.2482299804688)","(9.704839706420898, -73.32453918457031, 730.8049926757812)","(36.617923736572266, 151.20028686523438, 44.390628814697266)","(42.28089141845703, 135.80287170410156, 38.786407470703125)",POINT (0.6130578815937042 0.3121958374977112),,,,,,,,,,,,,,,,,,,,,,,,,,,,,,,,,,,,,,,,,,,,,1,
0,54,27,437257968297,1824327920,1,1,"(0.6102516651153564, 0.2774399220943451)","(0.6138758659362793, 0.35428041219711304)",1,1,2.9044342041015625,2.73846435546875,"(-56.088592529296875, -73.24708557128906, 731.099609375)","(9.637063980102539, -73.27532958984375, 730.6749267578125)","(38.476959228515625, 149.86785888671875, 43.905670166015625)","(39.73290252685547, 135.79287719726562, 38.78281021118164)",POINT (0.6120637655258179 0.3158601671457291),,,,,,,,,,,,,,,,,,,,,,,,,,,,,,,,,,,,,,,,,,,,,1,
0,54,27,437257984964,1824344587,1,1,"(0.6152597665786743, 0.31778478622436523)","(0.6114991307258606, 0.34174153208732605)",1,1,2.899017333984375,2.7230682373046875,"(-56.17619705200195, -73.275146484375, 731.2186279296875)","(9.562055587768555, -73.2486572265625, 730.5303955078125)","(40.21244812011719, 142.47784423828125, 41.21591567993164)","(38.90923309326172, 138.0896453857422, 39.61878204345703)",POINT (0.6133794486522675 0.3297631591558456),,,,,,,,,,,,,,,,,,,,,,,,,,,,,,,,,,,,,,,,,,,,,1,
0,54,27,437258001632,1824361254,1,1,"(0.6069881916046143, 0.25434911251068115)","(0.6162399649620056, 0.3504144549369812)",1,1,2.8757781982421875,2.738433837890625,"(-56.225040435791016, -73.25070190429688, 730.9424438476562)","(9.490686416625977, -73.23070526123047, 730.503173828125)","(37.34605026245117, 154.09744262695312, 45.445068359375)","(40.55214309692383, 136.50103759765625, 39.040523529052734)",POINT (0.6116140782833099 0.3023817837238312),,,,,,,,,,,,,,,,,,,,,,,,,,,,,,,,,,,,,,,,,,,,,1,
0,54,27,437258018298,1824377920,1,1,"(0.6091667413711548, 0.2622776925563812)","(0.6192174553871155, 0.3455009460449219)",1,1,2.8940582275390625,2.73468017578125,"(-56.29991912841797, -73.25178527832031, 730.8553466796875)","(9.420280456542969, -73.21028900146484, 730.314208984375)","(38.10099792480469, 152.64515686035156, 44.9164924621582)","(41.58393859863281, 137.40103149414062, 39.368133544921875)",POINT (0.6141920983791351 0.3038893193006516),,,,,,,,,,,,,,,,,,,,,,,,,,,,,,,,,,,,,,,,,,,,,1,
0,54,27,437258034966,1824394587,1,1,"(0.6110782027244568, 0.22627776861190796)","(0.6183634400367737, 0.3334459066390991)",1,1,2.8496551513671875,2.7411346435546875,"(-56.389549255371094, -73.25871276855469, 731.0784912109375)","(9.35287094116211, -73.20286560058594, 730.4339599609375)","(38.76337814331055, 159.23928833007812, 47.316619873046875)","(41.28797912597656, 139.6091766357422, 40.17180633544922)",POINT (0.6147208213806152 0.2798618376255035),,,,,,,,,,,,,,,,,,,,,,,,,,,,,,,,,,,,,,,,,,,,1,1,
0,54,27,437258051633,1824411254,1,1,"(0.6197013854980469, 0.26916685700416565)","(0.6126202940940857, 0.32062727212905884)",1,1,2.8402252197265625,2.7312469482421875,"(-56.44982147216797, -73.26144409179688, 731.0980834960938)","(9.29295539855957, -73.20272827148438, 730.509033203125)","(41.751625061035156, 151.3832550048828, 44.45720291137695)","(39.297760009765625, 141.95718383789062, 41.02641677856445)",POINT (0.6161608397960663 0.2948970645666122),,,,,,,,,,,,,,,,,,,,,,,,,,,,,,,,,,,,,,,,,,,,1,1,
0,54,27,437258068300,1824427920,1,1,"(0.6122778654098511, 0.27038344740867615)","(0.6126488447189331, 0.3067418038845062)",1,1,2.843719482421875,2.696319580078125,"(-56.477638244628906, -73.23847961425781, 730.9142456054688)","(9.242164611816406, -73.18167114257812, 730.45166015625)","(39.17912673950195, 151.16041564941406, 44.376102447509766)","(39.307674407958984, 144.50059509277344, 41.952125549316406)",POINT (0.6124633550643921 0.2885626256465912),,,,,,,,,,,,,,,,,,,,,,,,,,,,,,,,,,,,,,,,,,,,1,1,
0,54,27,437258084974,1824444594,1,1,"(0.6022720336914062, 0.2678752541542053)","(0.6206064820289612, 0.29399704933166504)",1,1,2.886260986328125,2.6979522705078125,"(-56.54185485839844, -73.26502227783203, 730.9924926757812)","(9.184366226196289, -73.19209289550781, 730.51220703125)","(35.711727142333984, 151.61984252929688, 44.54331970214844)","(42.065269470214844, 146.83506774902344, 42.80183792114258)",POINT (0.6114392578601837 0.2809361517429352),,,,,,,,,,,,,,,,,,,,,,,,,,,,,,,,,,,,,,,,,,,,1,1,
0,54,27,437258101642,1824461261,1,1,"(0.6094603538513184, 0.290852814912796)","(0.6163325309753418, 0.3072871267795563)",1,1,2.897369384765625,2.6908721923828125,"(-56.59285354614258, -73.27935028076172, 731.088623046875)","(9.148189544677734, -73.18318939208984, 730.4840087890625)","(38.20275115966797, 147.41099548339844, 43.011474609375)","(40.58420181274414, 144.40069580078125, 41.91580581665039)",POINT (0.6128964424133301 0.2990699708461762),,,,,,,,,,,,,,,,,,,,,,,,,,,,,,,,,,,,,,,,,,,,,1,
0,54,27,437258118309,1824477928,1,1,"(0.6173722743988037, 0.27771273255348206)","(0.6167870163917542, 0.33112606406211853)",1,1,2.827117919921875,2.748138427734375,"(-56.646183013916016, -73.32805633544922, 731.2745361328125)","(9.103219985961914, -73.22068786621094, 730.7062377929688)","(40.944515228271484, 149.81788635253906, 43.88752365112305)","(40.7417106628418, 140.0341033935547, 40.32648468017578)",POINT (0.6170796453952789 0.3044193983078003),,,,,,,,,,,,,,,,,,,,,,,,,,,,,,,,,,,,,,,,,,,,,1,
0,54,27,437258134976,1824494594,1,1,"(0.6124730706214905, 0.23640552163124084)","(0.6117452383041382, 0.34783321619033813)",1,1,2.826400756835937,2.746612548828125,"(-56.686012268066406, -73.36399841308594, 731.3573608398438)","(9.062094688415527, -73.2291259765625, 730.7661743164062)","(39.24676513671875, 157.3842010498047, 46.64136505126953)","(38.994544982910156, 136.9738311767578, 39.21263885498047)",POINT (0.6121091544628143 0.2921193689107895),,,,,,,,,,,,,,,,,,,,,,,,,,,,,,,,,,,,,,,,,,,,1,1,
0,54,27,437258151643,1824511261,1,1,"(0.611491322517395, 0.18880371749401093)","(0.6149922609329224, 0.34804680943489075)",1,1,2.832183837890625,2.71868896484375,"(-56.7256965637207, -73.43437194824219, 731.4847412109375)","(9.018019676208496, -73.25523376464844, 730.8850708007812)","(38.906532287597656, 166.1034698486328, 49.81496047973633)","(40.1197509765625, 136.9346923828125, 39.19839859008789)",POINT (0.6132417917251587 0.2684252634644508),,,,,,,,,,,,,,,,,,,,,,,,,,,,,,,,,,,,,,,,,,,,1,1,
0,54,27,437258168311,1824527928,1,1,"(0.6058163642883301, 0.20799212157726288)","(0.616614818572998, 0.35758423805236816)",1,1,2.86834716796875,2.7096710205078125,"(-56.75381088256836, -73.46336364746094, 731.4942626953125)","(8.983250617980957, -73.2702407836914, 730.9747924804688)","(36.93996810913086, 162.58871459960938, 48.53567123413086)","(40.68202590942383, 135.18772888183594, 38.56256103515625)",POINT (0.6112155914306641 0.2827881798148155),,,,,,,,,,,,,,,,,,,,,,,,,,,,,,,,,,,,,,,,,,,,1,1,
0,54,27,437258184977,1824544594,1,1,"(0.6096220016479492, 0.20854808390140533)","(0.6158789396286011, 0.3493230938911438)",1,1,2.8602447509765625,2.72491455078125,"(-56.79738235473633, -73.49950408935547, 731.4863891601562)","(8.937318801879883, -73.27562713623047, 730.8578491210938)","(38.258750915527344, 162.48687744140625, 48.498619079589844)","(40.42701721191406, 136.70091247558594, 39.11330795288086)",POINT (0.6127504706382751 0.2789355888962746),,,,,,,,,,,,,,,,,,,,,,,,,,,,,,,,,,,,,,,,,,,,1,1,
0,54,27,437258201648,1824561264,1,1,"(0.6064664125442505, 0.25147515535354614)","(0.6218363642692566, 0.3455404043197632)",1,1,2.873382568359375,2.7092742919921875,"(-56.83449935913086, -73.5155029296875, 731.554443359375)","(8.904815673828125, -73.28607177734375, 730.9913940429688)","(37.16522216796875, 154.6238555908203, 45.636722564697266)","(42.49148178100586, 137.393798828125, 39.36549377441406)",POINT (0.6141513884067535 0.2985077798366547),,,,,,,,,,,,,,,,,,,,,,,,,,,,,,,,,,,,,,,,,,,,,1,
0,54,27,437258218314,1824577930,1,1,"(0.6122872829437256, 0.2583816647529602)","(0.6128296852111816, 0.3523331880569458)",1,1,2.8990020751953125,2.7146148681640625,"(-56.877037048339844, -73.5401611328125, 731.7115478515625)","(8.876163482666016, -73.3014907836914, 731.1397705078125)","(39.182373046875, 153.35879516601562, 45.17626190185547)","(39.37035369873047, 136.14955139160156, 38.91262435913086)",POINT (0.6125584840774536 0.305357426404953),,,,,,,,,,,,,,,,,,,,,,,,,,,,,,,,,,,,,,,,,,,,,1,
0,54,27,437258234982,1824594597,1,1,"(0.6125128865242004, 0.24134086072444916)","(0.6227197647094727, 0.352245569229126)",1,1,2.9221343994140625,2.7305450439453125,"(-56.908447265625, -73.53860473632812, 731.7803955078125)","(8.84780216217041, -73.293701171875, 731.288818359375)","(39.26055145263672, 156.48016357421875, 46.31239318847656)","(42.797607421875, 136.1656036376953, 38.91846466064453)",POINT (0.6176163256168365 0.2967932149767876),,,,,,,,,,,,,,,,,,,,,,,,,,,,,,,,,,,,,,,,,,,,,1,
0,54,27,437258251649,1824611264,1,1,"(0.6145842671394348, 0.23960191011428833)","(0.6163373589515686, 0.36003267765045166)",1,1,2.8809967041015625,2.7311248779296875,"(-56.9257926940918, -73.54603576660156, 731.8967895507812)","(8.835494041442871, -73.29237365722656, 731.3624267578125)","(39.978363037109375, 156.79869079589844, 46.42831039428711)","(40.58586120605469, 134.73922729492188, 38.3992919921875)",POINT (0.6154608130455017 0.29981729388237),,,,,,,,,,,,,,,,,,,,,,,,,,,,,,,,,,,,,,,,,,,,,1,
0,54,27,437258268316,1824627930,1,1,"(0.6160485744476318, 0.1747892200946808)","(0.6164641380310059, 0.3597606420516968)",1,1,2.853866577148437,2.759979248046875,"(-56.93248748779297, -73.53050231933594, 731.98583984375)","(8.831884384155273, -73.29039001464844, 731.4658203125)","(40.48579788208008, 168.6705322265625, 50.749267578125)","(40.62981414794922, 134.78907775878906, 38.41743087768555)",POINT (0.6162563562393188 0.2672749310731888),,,,,,,,,,,,,,,,,,,,,,,,,,,,,,,,,,,,,,,,,,,,1,1,
0,54,27,437258284983,1824644597,1,1,"(0.6084043383598328, 0.18085362017154694)","(0.6153967380523682, 0.3418305516242981)",1,1,2.785369873046875,2.745574951171875,"(-56.93224334716797, -73.51738739013672, 732.0760498046875)","(8.836270332336426, -73.28976440429688, 731.53955078125)","(37.8368034362793, 167.55970764160156, 50.344940185546875)","(40.25990676879883, 138.07334899902344, 39.612796783447266)",POINT (0.6119005382061005 0.2613420858979225),,,,,,,,,,,,,,,,,,,,,,,,,,,,,,,,,,,,,,,,,,,,1,1,
0,54,27,437258301650,1824661263,1,1,"(0.6159523129463196, 0.15576225519180298)","(0.6221491694450378, 0.31777697801589966)",1,1,2.8150634765625,2.743804931640625,"(-56.91046142578125, -73.48311614990234, 732.1853637695312)","(8.859696388244629, -73.271728515625, 731.5535888671875)","(40.452457427978516, 172.15573120117188, 52.01774978637695)","(42.599891662597656, 142.47927856445312, 41.2164306640625)",POINT (0.6190507411956787 0.2367696166038513),,,,,,,,,,,,,,,,,,,,,,,,,,,,,,,,,,,,,,,,,,,,1,1,
0,54,27,437258318317,1824677930,1,1,"(0.6145307421684265, 0.19044694304466248)","(0.6269851922988892, 0.31582120060920715)",1,1,2.8446044921875,2.728912353515625,"(-56.87751770019531, -73.4542236328125, 732.20654296875)","(8.880760192871094, -73.25076293945312, 731.4935913085938)","(39.95982360839844, 165.80247497558594, 49.70540237426758)","(44.275753021240234, 142.8375244140625, 41.34682083129883)",POINT (0.6207579672336578 0.2531340718269348),,,,,,,,,,,,,,,,,,,,,,,,,,,,,,,,,,,,,,,,,,,,1,1,
0,54,27,437258334990,1824694602,1,1,"(0.6076550483703613, 0.3153078854084015)","(0.6228335499763489, 0.31489112973213196)",1,1,2.8671875,2.718658447265625,"(-56.83623123168945, -73.41700744628906, 732.1837158203125)","(8.919659614562988, -73.21893310546875, 731.5652465820312)","(37.57712173461914, 142.93154907226562, 41.38105010986328)","(42.837074279785156, 143.0078887939453, 41.40883255004883)",POINT (0.6152442991733551 0.3150995075702667),,,,,,,,,,,,,,,,,,,,,,,,,,,,,,,,,,,,,,,,,,,,,1,
0,54,27,437258351656,1824711268,1,1,"(0.6135851740837097, 0.20213602483272552)","(0.6238672733306885, 0.32008451223373413)",1,1,2.8789520263671875,2.7303619384765625,"(-56.795875549316406, -73.39629364013672, 732.1018676757812)","(8.957027435302734, -73.21430206298828, 731.6083984375)","(39.63214874267578, 163.661376953125, 48.92610168457031)","(43.19525909423828, 142.0565948486328, 41.06260299682617)",POINT (0.6187262237071991 0.2611102685332298),,,,,,,,,,,,,,,,,,,,,,,,,,,,,,,,,,,,,,,,,,,,1,1,
0,54,27,437258368325,1824727936,1,1,"(0.6167845129966736, 0.2058344930410385)","(0.6215713620185852, 0.31691086292266846)",1,1,2.8625640869140625,2.7371978759765625,"(-56.75404357910156, -73.3743667602539, 732.01806640625)","(8.991281509399414, -73.1986083984375, 731.5188598632812)","(40.74082565307617, 162.98391723632812, 48.67954635620117)","(42.3996467590332, 142.63792419433594, 41.27419662475586)",POINT (0.6191779375076294 0.2613726779818535),,,,,,,,,,,,,,,,,,,,,,,,,,,,,,,,,,,,,,,,,,,,1,1,
0,54,27,437258384991,1824744602,1,1,"(0.614648699760437, 0.2746264338493347)","(0.629257321357727, 0.2917441725730896)",1,1,2.8672637939453125,2.7197723388671875,"(-56.728904724121094, -73.36665344238281, 731.9312744140625)","(9.02165412902832, -73.22236633300781, 731.5768432617188)","(40.000694274902344, 150.38320922851562, 44.0932502746582)","(45.06310272216797, 147.2477264404297, 42.952049255371094)",POINT (0.621953010559082 0.2831853032112122),,,,,,,,,,,,,,,,,,,,,,,,,,,,,,,,,,,,,,,,,,,,1,1,
0,54,27,437258401658,1824761268,1,1,"(0.617435097694397, 0.2656216323375702)","(0.623740017414093, 0.3319208323955536)",1,1,2.862091064453125,2.74951171875,"(-56.70704650878906, -73.3583755493164, 731.906494140625)","(9.053247451782227, -73.22247314453125, 731.5907592773438)","(40.96627426147461, 152.0326385498047, 44.69358444213867)","(43.15116882324219, 139.8885498046875, 40.273433685302734)",POINT (0.620587557554245 0.2987712323665619),,,,,,,,,,,,,,,,,,,,,,,,,,,,,,,,,,,,,,,,,,,,,1,
0,54,27,437258418326,1824777936,1,1,"(0.6163483262062073, 0.21798135340213776)","(0.6175791621208191, 0.30640310049057007)",1,1,2.8610076904296875,2.737518310546875,"(-56.68990707397461, -73.36439514160156, 731.894287109375)","(9.07958984375, -73.23478698730469, 731.4281005859375)","(40.58967208862305, 160.75897216796875, 47.86967086791992)","(41.01620864868164, 144.56263732910156, 41.97470474243164)",POINT (0.6169637441635132 0.2621922269463539),,,,,,,,,,,,,,,,,,,,,,,,,,,,,,,,,,,,,,,,,,,,1,1,
0,54,27,437258434993,1824794602,1,1,"(0.6145128607749939, 0.20020423829555511)","(0.6167465448379517, 0.328797847032547)",1,1,2.822540283203125,2.762237548828125,"(-56.6761474609375, -73.36582946777344, 731.8968505859375)","(9.092818260192871, -73.23505401611328, 731.3250122070312)","(39.9536247253418, 164.01522827148438, 49.05487823486328)","(40.72768783569336, 140.4605712890625, 40.4816780090332)",POINT (0.6156297028064728 0.2645010426640511),,,,,,,,,,,,,,,,,,,,,,,,,,,,,,,,,,,,,,,,,,,,1,1,
0,54,27,437258451660,1824811269,1,1,"(0.6103997230529785, 0.30456092953681946)","(0.6119716167449951, 0.3120814263820648)",1,1,2.9016876220703125,2.72686767578125,"(-56.65973663330078, -73.36832427978516, 731.8096923828125)","(9.102747917175293, -73.25092315673828, 731.3104248046875)","(38.52827835083008, 144.90008544921875, 42.09751892089844)","(39.0729866027832, 143.5225372314453, 41.596160888671875)",POINT (0.6111856698989868 0.3083211779594421),,,,,,,,,,,,,,,,,,,,,,,,,,,,,,,,,,,,,,,,,,,,,1,
0,54,27,437258468333,1824827941,1,1,"(0.6118722558021545, 0.2772647738456726)","(0.6166083812713623, 0.32882189750671387)",1,1,2.890167236328125,2.7707061767578125,"(-56.64972686767578, -73.37059783935547, 731.796875)","(9.113496780395508, -73.24705505371094, 731.162841796875)","(39.038570404052734, 149.89993286132812, 43.91733932495117)","(40.679786682128906, 140.45616149902344, 40.48011779785156)",POINT (0.6142403185367584 0.3030433356761932),,,,,,,,,,,,,,,,,,,,,,,,,,,,,,,,,,,,,,,,,,,,,1,
0,54,27,437258484999,1824844607,1,1,"(0.6112682223320007, 0.29431167244911194)","(0.6203391551971436, 0.3513747751712799)",1,1,2.9064178466796875,2.7941131591796875,"(-56.65469741821289, -73.37992858886719, 731.8257446289062)","(9.113993644714355, -73.25839233398438, 731.17822265625)","(38.82923126220703, 146.77745056152344, 42.780845642089844)","(41.972652435302734, 136.32513427734375, 38.97649383544922)",POINT (0.6158036887645721 0.3228432238101959),,,,,,,,,,,,,,,,,,,,,,,,,,,,,,,,,,,,,,,,,,,,,1,
0,54,27,437258501667,1824861274,1,1,"(0.6102723479270935, 0.23892612755298615)","(0.6137307286262512, 0.3309658169746399)",1,1,2.89520263671875,2.78021240234375,"(-56.65159606933594, -73.36970520019531, 731.7219848632812)","(9.111873626708984, -73.25482940673828, 731.1631469726562)","(38.48411178588867, 156.9224853515625, 46.47335433959961)","(39.68257522583008, 140.06344604492188, 40.33715057373047)",POINT (0.6120015382766724 0.284945972263813),,,,,,,,,,,,,,,,,,,,,,,,,,,,,,,,,,,,,,,,,,,,1,1,
0,54,27,437258518333,1824877940,1,1,"(0.6200008988380432, 0.23511643707752228)","(0.6128661036491394, 0.3247734010219574)",1,1,2.9112701416015625,2.771835327148437,"(-56.66363525390625, -73.36375427246094, 731.7037353515625)","(9.101564407348633, -73.25115966796875, 731.177978515625)","(41.855430603027344, 157.62030029296875, 46.72732162475586)","(39.38294982910156, 141.19772338867188, 40.750030517578125)",POINT (0.6164335012435913 0.2799449190497398),,,,,,,,,,,,,,,,,,,,,,,,,,,,,,,,,,,,,,,,,,,,1,1,
0,54,27,437258535001,1824894607,1,1,"(0.6221129298210144, 0.26056966185569763)","(0.613865077495575, 0.3129211664199829)",1,1,2.9136505126953125,2.7677459716796875,"(-56.677154541015625, -73.36019897460938, 731.6868896484375)","(9.085192680358887, -73.24446868896484, 731.1781616210938)","(42.58732223510742, 152.95802307128906, 45.03037643432617)","(39.72914505004883, 143.36871337890625, 41.5401611328125)",POINT (0.6179890036582947 0.2867454141378403),,,,,,,,,,,,,,,,,,,,,,,,,,,,,,,,,,,,,,,,,,,,1,1,
0,54,27,437258551668,1824911274,1,1,"(0.6178237795829773, 0.22450192272663116)","(0.6102436184883118, 0.32580238580703735)",1,1,2.8784332275390625,2.75994873046875,"(-56.698978424072266, -73.3594741821289, 731.7135009765625)","(9.063741683959961, -73.23711395263672, 731.207763671875)","(41.10097885131836, 159.56459045410156, 47.43497848510742)","(38.47417449951172, 141.00924682617188, 40.68140411376953)",POINT (0.6140336990356445 0.2751521542668343),,,,,,,,,,,,,,,,,,,,,,,,,,,,,,,,,,,,,,,,,,,,1,1,
0,54,27,437258568335,1824927940,1,1,"(0.664284884929657, 0.21467220783233643)","(0.6824556589126587, 0.30964216589927673)",1,1,2.8998565673828125,2.755950927734375,"(-56.56819152832031, -73.36772918701172, 731.8547973632812)","(9.15372371673584, -73.22213745117188, 731.0872192382812)","(57.201454162597656, 161.36509704589844, 48.09033203125)","(63.4982795715332, 143.96932983398438, 41.75879669189453)",POINT (0.6733702719211578 0.2621571868658066),,,,,,,,,,,,,,,,,,,,,,,,,,,,,,,,,,,,,,,,,,,,1,1,
0,54,27,437258585002,1824944607,1,1,"(0.6725397706031799, 0.2501707077026367)","(0.6915409564971924, 0.30265265703201294)",1,1,2.904327392578125,2.7398681640625,"(-56.542083740234375, -73.35343170166016, 731.8297119140625)","(9.167497634887695, -73.2216796875, 731.21923828125)","(60.062068939208984, 154.86280822753906, 45.72366714477539)","(66.64667510986328, 145.24961853027344, 42.2247428894043)",POINT (0.6820403635501862 0.2764116823673248),,,,,,,,,,,,,,,,,,,,,,,,,,,,,,,,,,,,,,,,,,,,1,1,
0,54,27,437258601674,1824961278,1,1,"(0.6644098162651062, 0.16169482469558716)","(0.6982782483100891, 0.3005565404891968)",1,1,2.815704345703125,2.7138214111328125,"(-56.60747528076172, -73.36407470703125, 731.8033447265625)","(9.116711616516113, -73.21361541748047, 731.280029296875)","(57.24473190307617, 171.06903076171875, 51.622257232666016)","(68.98139190673828, 145.63356018066406, 42.36450958251953)",POINT (0.6813440322875977 0.231125682592392),,,,,,,,,,,,,,,,,,,,,,,,,,,,,,,,,,,,,,,,,,,,,1,
0,54,27,437258618341,1824977945,1,1,"(0.6884487271308899, 0.22685210406780243)","(0.6937584280967712, 0.2995866537094116)",1,1,2.8621826171875,2.71478271484375,"(-56.6671142578125, -73.3843002319336, 731.8234252929688)","(9.078186988830566, -73.22311401367188, 731.3836669921875)","(65.5750961303711, 159.13409423828125, 47.2783203125)","(67.41511535644531, 145.81121826171875, 42.429176330566406)",POINT (0.6911035776138306 0.263219378888607),,,,,,,,,,,,,,,,,,,,,,,,,,,,,,,,,,,,,,,,,,,,1,1,
0,54,27,437258635009,1824994612,1,1,"(0.6956761479377747, 0.19471026957035065)","(0.6978766918182373, 0.3055100739002228)",1,1,2.8094024658203125,2.728988647460937,"(-56.70618438720703, -73.38712310791016, 731.7715454101562)","(9.030242919921875, -73.21107482910156, 731.414306640625)","(68.07966613769531, 165.0215606689453, 49.421173095703125)","(68.84223937988281, 144.72622680664062, 42.03423309326172)",POINT (0.696776419878006 0.2501101717352867),,,,,,,,,,,,,,,,,,,,,,,,,,,,,,,,,,,,,,,,,,,,1,1,
0,54,27,437258651675,1825011278,1,1,"(0.690127968788147, 0.2010396420955658)","(0.6985510587692261, 0.2609978914260864)",1,1,2.8748779296875,2.70526123046875,"(-56.742774963378906, -73.42455291748047, 731.7801513671875)","(8.984514236450195, -73.2218017578125, 731.4013671875)","(66.1570053100586, 163.86221313476562, 48.999168395996094)","(69.07592010498047, 152.87957763671875, 45.00181579589844)",POINT (0.6943395137786865 0.2310187667608261),,,,,,,,,,,,,,,,,,,,,,,,,,,,,,,,,,,,,,,,,,,,,1,
0,54,27,437258668343,1825027945,1,1,"(0.6753444671630859, 0.2135329246520996)","(0.6897432208061218, 0.3151884377002716)",1,1,2.8784332275390625,2.764511108398437,"(-56.781227111816406, -73.4426498413086, 731.8936157226562)","(8.949996948242188, -73.2134017944336, 731.402099609375)","(61.033992767333984, 161.57379150390625, 48.16627502441406)","(66.02369689941406, 142.9534149169922, 41.389007568359375)",POINT (0.6825438439846039 0.2643606811761856),,,,,,,,,,,,,,,,,,,,,,,,,,,,,,,,,,,,,,,,,,,,1,1,
0,54,27,437258685010,1825044612,1,1,"(0.6761636734008789, 0.21189512312412262)","(0.6930636167526245, 0.3170521855354309)",1,1,2.84149169921875,2.7627716064453125,"(-56.8222541809082, -73.4786148071289, 732.005859375)","(8.910011291503906, -73.22447204589844, 731.3890380859375)","(61.3178825378418, 161.87379455566406, 48.275455474853516)","(67.1743392944336, 142.61203002929688, 41.2647590637207)",POINT (0.6846136450767517 0.2644736543297768),,,,,,,,,,,,,,,,,,,,,,,,,,,,,,,,,,,,,,,,,,,,1,1,
0,54,27,437258701677,1825061278,1,1,"(0.6722410321235657, 0.20850154757499695)","(0.7060494422912598, 0.2780452072620392)",1,1,2.8934783935546875,2.711151123046875,"(-56.84971618652344, -73.48357391357422, 732.031005859375)","(8.883039474487305, -73.22760009765625, 731.46337890625)","(59.95853042602539, 162.49539184570312, 48.501705169677734)","(71.67439270019531, 149.7570037841797, 43.86528015136719)",POINT (0.6891452372074127 0.2432733774185181),,,,,,,,,,,,,,,,,,,,,,,,,,,,,,,,,,,,,,,,,,,,1,1,
0,54,27,437258718344,1825077945,1,1,"(0.6804161667823792, 0.1840764880180359)","(0.6949352025985718, 0.2976273000240326)",1,1,2.88250732421875,2.7507781982421875,"(-56.871429443359375, -73.51215362548828, 732.0579223632812)","(8.869255065917969, -73.24214172363281, 731.4935913085938)","(62.7915153503418, 166.96937561035156, 50.13007736206055)","(67.82290649414062, 146.17013549804688, 42.55976104736328)",POINT (0.6876756846904755 0.2408518940210342),,,,,,,,,,,,,,,,,,,,,,,,,,,,,,,,,,,,,,,,,,,,,1,
0,54,27,437258735017,1825094617,1,1,"(0.6758507490158081, 0.20930586755275726)","(0.7005165219306946, 0.2963668406009674)",1,1,2.8665771484375,2.752166748046875,"(-56.88904571533203, -73.51956939697266, 732.130615234375)","(8.86319351196289, -73.23829650878906, 731.5086059570312)","(61.20943832397461, 162.34808349609375, 48.44802474975586)","(69.75703430175781, 146.4010009765625, 42.64380645751953)",POINT (0.6881836354732513 0.2528363540768623),,,,,,,,,,,,,,,,,,,,,,,,,,,,,,,,,,,,,,,,,,,,1,1,
0,54,27,437258751683,1825111283,1,1,"(0.6859834790229797, 0.13675813376903534)","(0.6948464512825012, 0.30686357617378235)",1,1,2.863998413085937,2.756378173828125,"(-56.898704528808594, -73.5367431640625, 732.1729736328125)","(8.853225708007812, -73.24620819091797, 731.5082397460938)","(64.72079467773438, 175.63673400878906, 53.28474426269531)","(67.79214477539062, 144.47830200195312, 41.943992614746094)",POINT (0.6904149651527405 0.2218108549714088),,,,,,,,,,,,,,,,,,,,,,,,,,,,,,,,,,,,,,,,,,,,,1,
0,54,27,437258768351,1825127950,1,1,"(0.6698242425918579, 0.20722413063049316)","(0.6955827474594116, 0.295455664396286)",1,1,2.9386444091796875,2.77313232421875,"(-56.930145263671875, -73.54954528808594, 732.151611328125)","(8.82242488861084, -73.24910736083984, 731.4801635742188)","(59.121028900146484, 162.72938537597656, 48.58687973022461)","(68.04730987548828, 146.56788635253906, 42.70460510253906)",POINT (0.6827034950256348 0.2513398975133896),,,,,,,,,,,,,,,,,,,,,,,,,,,,,,,,,,,,,,,,,,,,1,1,
0,54,27,437258785017,1825144616,1,1,"(0.6754990220069885, 0.19678060710430145)","(0.6676579713821411, 0.31271862983703613)",1,1,2.907135009765625,2.78582763671875,"(-56.956024169921875, -73.55032348632812, 732.02783203125)","(8.789827346801758, -73.26829528808594, 731.702392578125)","(61.08757400512695, 164.642333984375, 49.28311538696289)","(58.370361328125, 143.4058074951172, 41.55367660522461)",POINT (0.6715784966945648 0.2547496184706688),,,,,,,,,,,,,,,,,,,,,,,,,,,,,,,,,,,,,,,,,,,,1,1,
0,54,27,437258801685,1825161283,1,1,"(0.6770184636116028, 0.1602884978055954)","(0.6749756932258606, 0.3227694630622864)",1,1,2.895965576171875,2.80364990234375,"(-56.95275115966797, -73.5443344116211, 732.0132446289062)","(8.791864395141602, -73.27374267578125, 731.6876220703125)","(61.61408615112305, 171.32664489746094, 51.71602249145508)","(60.906211853027344, 141.56480407714844, 40.8835563659668)",POINT (0.6759970784187317 0.2415289804339409),,,,,,,,,,,,,,,,,,,,,,,,,,,,,,,,,,,,,,,,,,,,1,1,
0,54,27,437258818352,1825177950,1,1,"(0.6680875420570374, 0.1456763595342636)","(0.6795961260795593, 0.2971733510494232)",1,1,2.89349365234375,2.79278564453125,"(-56.94758605957031, -73.53133392333984, 732.0284423828125)","(8.799434661865234, -73.27194213867188, 731.6725463867188)","(58.51919174194336, 174.00315856933594, 52.690216064453125)","(62.507354736328125, 146.25326538085938, 42.59006118774414)",POINT (0.6738418340682983 0.2214248552918434),,,,,,,,,,,,,,,,,,,,,,,,,,,,,,,,,,,,,,,,,,,,,1,
0,54,27,437258835019,1825194616,1,1,"(0.6618090271949768, 0.19234049320220947)","(0.6768835783004761, 0.2946189343929291)",1,1,2.938262939453125,2.7892608642578125,"(-56.943702697753906, -73.50016021728516, 732.1348876953125)","(8.805601119995117, -73.26275634765625, 731.68701171875)","(56.34347152709961, 165.4556427001953, 49.57913589477539)","(61.56734848022461, 146.7211456298828, 42.7603759765625)",POINT (0.6693463027477264 0.2434797137975693),,,,,,,,,,,,,,,,,,,,,,,,,,,,,,,,,,,,,,,,,,,,1,1,
0,54,27,437258851687,1825211284,1,1,"(0.6628647446632385, 0.22489280998706818)","(0.6728267073631287, 0.3271813690662384)",1,1,2.9503936767578125,2.83538818359375,"(-56.937110900878906, -73.47393798828125, 732.195556640625)","(8.812829971313477, -73.25532531738281, 731.7159423828125)","(56.70932388305664, 159.49298095703125, 47.4089241027832)","(60.16148376464844, 140.75665283203125, 40.58946228027344)",POINT (0.6678457260131836 0.2760370895266533),,,,,,,,,,,,,,,,,,,,,,,,,,,,,,,,,,,,,,,,,,,,1,1,
0,54,27,437258868355,1825227951,1,1,"(0.6626785397529602, 0.2616726756095886)","(0.679568886756897, 0.29624035954475403)",1,1,2.899871826171875,2.76422119140625,"(-56.91898727416992, -73.44187927246094, 732.2440795898438)","(8.832718849182129, -73.22949981689453, 731.744140625)","(56.64478302001953, 152.75596618652344, 44.95683288574219)","(62.497894287109375, 146.42416381835938, 42.65226745605469)",POINT (0.6711237132549286 0.2789565175771713),,,,,,,,,,,,,,,,,,,,,,,,,,,,,,,,,,,,,,,,,,,,1,1,
0,54,27,437258885021,1825244617,1,1,"(0.6562401652336121, 0.2340749055147171)","(0.6776626706123352, 0.3019166588783264)",1,1,2.978515625,2.78631591796875,"(-56.907447814941406, -73.44073486328125, 732.2762451171875)","(8.843311309814453, -73.23045349121094, 731.8033447265625)","(54.41364288330078, 157.81109619140625, 46.7967414855957)","(61.83732986450195, 145.38441467285156, 42.27383804321289)",POINT (0.6669514179229736 0.2679957821965218),,,,,,,,,,,,,,,,,,,,,,,,,,,,,,,,,,,,,,,,,,,,1,1,
0,54,27,437258901689,1825261284,1,1,"(0.6566054821014404, 0.3395286798477173)","(0.6753637790679932, 0.3108159899711609)",1,1,2.94378662109375,2.807113647460937,"(-56.902626037597656, -73.426513671875, 732.306396484375)","(8.849807739257812, -73.21688842773438, 731.8179931640625)","(54.54024887084961, 138.4949951171875, 39.76626205444336)","(61.04069519042969, 143.7543182373047, 41.68050765991211)",POINT (0.6659846305847168 0.3251723349094391),,,,,,,,,,,,,,,,,,,,,,,,,,,,,,,,,,,,,,,,,,,,,1,
0,54,27,437258918356,1825277951,1,1,"(0.6619324088096619, 0.19658765196800232)","(0.6746543049812317, 0.3233540952205658)",1,1,2.9481201171875,2.80877685546875,"(-56.89777755737305, -73.44236755371094, 732.3372192382812)","(8.851364135742188, -73.24000549316406, 731.847412109375)","(56.38623046875, 164.67767333984375, 49.295989990234375)","(60.794830322265625, 141.45770263671875, 40.84463882446289)",POINT (0.6682933568954468 0.2599708735942841),,,,,,,,,,,,,,,,,,,,,,,,,,,,,,,,,,,,,,,,,,,,1,1,
0,54,27,437258935023,1825294617,1,1,"(0.6621630787849426, 0.27073508501052856)","(0.6706542372703552, 0.32822784781455994)",1,1,2.979522705078125,2.820541381835937,"(-56.9117431640625, -73.44365692138672, 732.3794555664062)","(8.83935260772705, -73.24057006835938, 731.8331909179688)","(56.46615219116211, 151.0959930419922, 44.35270690917969)","(59.40866470336914, 140.56495666503906, 40.519691467285156)",POINT (0.6664086580276489 0.2994814664125442),,,,,,,,,,,,,,,,,,,,,,,,,,,,,,,,,,,,,,,,,,,,,1,
0,54,27,437258951690,1825311284,1,1,"(0.6611356735229492, 0.21700982749462128)","(0.6825361251831055, 0.29305893182754517)",1,1,2.9719696044921875,2.793121337890625,"(-56.934017181396484, -73.46751403808594, 732.3757934570312)","(8.818256378173828, -73.26220703125, 731.8782958984375)","(56.11013412475586, 160.93692016601562, 47.934444427490234)","(63.52617645263672, 147.00689697265625, 42.86436462402344)",POINT (0.6718358993530273 0.2550343796610832),,,,,,,,,,,,,,,,,,,,,,,,,,,,,,,,,,,,,,,,,,,,1,1,
0,54,27,437258968358,1825327951,1,1,"(0.6648717522621155, 0.2655523419380188)","(0.6784386038780212, 0.29033446311950684)",1,1,2.9360809326171875,2.801254272460937,"(-56.95430374145508, -73.49278259277344, 732.3574829101562)","(8.797406196594238, -73.26521301269531, 731.8345947265625)","(57.40481948852539, 152.0453338623047, 44.69818115234375)","(62.106224060058594, 147.50595092773438, 43.0460090637207)",POINT (0.6716551780700684 0.2779434025287628),,,,,,,,,,,,,,,,,,,,,,,,,,,,,,,,,,,,,,,,,,,,1,1,
0,54,27,437258985025,1825344618,1,1,"(0.6736239790916443, 0.1892148107290268)","(0.674526035785675, 0.30886006355285645)",1,1,2.9493560791015625,2.8094024658203125,"(-56.969322204589844, -73.51043701171875, 732.2056884765625)","(8.770465850830078, -73.26988220214844, 731.8502197265625)","(60.43776321411133, 166.02816772460938, 49.78754425048828)","(60.75038528442383, 144.1125946044922, 41.81092071533203)",POINT (0.6740750074386597 0.2490374371409416),,,,,,,,,,,,,,,,,,,,,,,,,,,,,,,,,,,,,,,,,,,,1,1,
0,54,27,437259001701,1825361293,1,1,"(0.6693816781044006, 0.22386741638183594)","(0.6692719459533691, 0.311953067779541)",1,1,2.9288787841796875,2.8102569580078125,"(-56.99079132080078, -73.52241516113281, 732.1121826171875)","(8.734644889831543, -73.25527954101562, 731.792236328125)","(58.967674255371094, 159.68080139160156, 47.47731018066406)","(58.92964172363281, 143.54603576660156, 41.6047248840332)",POINT (0.6693268120288849 0.2679102420806885),,,,,,,,,,,,,,,,,,,,,,,,,,,,,,,,,,,,,,,,,,,,1,1,
0,54,27,437259018367,1825377959,1,1,"(0.660828173160553, 0.17617973685264587)","(0.6718729138374329, 0.32967883348464966)",1,1,2.9348602294921875,2.8337554931640625,"(-57.01984405517578, -73.54754638671875, 732.181640625)","(8.706095695495605, -73.26190185546875, 731.793212890625)","(56.003570556640625, 168.41583251953125, 50.65654754638672)","(59.830963134765625, 140.29920959472656, 40.422916412353516)",POINT (0.6663505434989929 0.2529292851686478),,,,,,,,,,,,,,,,,,,,,,,,,,,,,,,,,,,,,,,,,,,,1,1,
0,54,27,437259035034,1825394625,1,1,"(0.6722623705863953, 0.18075205385684967)","(0.6766678690910339, 0.32089582085609436)",1,1,2.911895751953125,2.824615478515625,"(-57.04408645629883, -73.55646514892578, 732.2823486328125)","(8.67516040802002, -73.24591827392578, 731.8523559570312)","(59.96593475341797, 167.57830810546875, 50.351741790771484)","(61.49260330200195, 141.90798950195312, 41.00851058959961)",POINT (0.6744651198387146 0.250823937356472),,,,,,,,,,,,,,,,,,,,,,,,,,,,,,,,,,,,,,,,,,,,1,1,
0,54,27,437259051701,1825411292,1,1,"(0.6621772050857544, 0.20880353450775146)","(0.6769677400588989, 0.33278027176856995)",1,1,2.9158477783203125,2.8214111328125,"(-57.08064270019531, -73.57621765136719, 732.4254150390625)","(8.648245811462402, -73.24232482910156, 731.8827514648438)","(56.47106170654297, 162.4400634765625, 48.48163604736328)","(61.59651184082031, 139.73109436035156, 40.21623229980469)",POINT (0.6695724725723267 0.2707919031381607),,,,,,,,,,,,,,,,,,,,,,,,,,,,,,,,,,,,,,,,,,,,1,1,
0,54,27,437259068369,1825427959,1,1,"(0.6579331755638123, 0.25741034746170044)","(0.6649578809738159, 0.3311968445777893)",1,1,2.9287872314453125,2.7998504638671875,"(-57.109710693359375, -73.5810317993164, 732.5548095703125)","(8.630077362060547, -73.21575927734375, 731.95654296875)","(55.00034713745117, 153.5366973876953, 45.241024017333984)","(57.434669494628906, 140.02113342285156, 40.32177734375)",POINT (0.6614455282688141 0.2943035960197449),,,,,,,,,,,,,,,,,,,,,,,,,,,,,,,,,,,,,,,,,,,,1,1,
0,54,27,437259085036,1825444626,1,1,"(0.6508484482765198, 0.24217364192008972)","(0.6702259182929993, 0.31453025341033936)",1,1,2.9898681640625,2.80133056640625,"(-57.121700286865234, -73.58833312988281, 732.6282348632812)","(8.627254486083984, -73.21453857421875, 731.9566650390625)","(52.545223236083984, 156.32763671875, 46.25681686401367)","(59.260231018066406, 143.073974609375, 41.43291473388672)",POINT (0.6605371832847595 0.2783519476652145),,,,,,,,,,,,,,,,,,,,,,,,,,,,,,,,,,,,,,,,,,,,1,1,
0,54,27,437259101703,1825461292,1,1,"(0.6709666848182678, 0.19604624807834625)","(0.6722225546836853, 0.3335549235343933)",1,1,2.9481353759765625,2.8094024658203125,"(-57.119808197021484, -73.56395721435547, 732.6589965820312)","(8.63099479675293, -73.18228912353516, 731.9276123046875)","(59.516929626464844, 164.77685546875, 49.332061767578125)","(59.95212936401367, 139.58920288085938, 40.164554595947266)",POINT (0.6715946197509766 0.2648005858063698),,,,,,,,,,,,,,,,,,,,,,,,,,,,,,,,,,,,,,,,,,,,1,1,
0,54,27,437259118370,1825477959,1,1,"(0.6534225344657898, 0.23066668212413788)","(0.6682514548301697, 0.33680787682533264)",1,1,2.94293212890625,2.8085479736328125,"(-57.1055908203125, -73.55984497070312, 732.6022338867188)","(8.639747619628906, -73.1817626953125, 731.956787109375)","(53.43726348876953, 158.43536376953125, 47.02400588989258)","(58.575992584228516, 138.99334716796875, 39.94769287109375)",POINT (0.6608369946479797 0.2837372794747353),,,,,,,,,,,,,,,,,,,,,,,,,,,,,,,,,,,,,,,,,,,,1,1,
0,54,27,437259135041,1825494629,1,1,"(0.6563122272491455, 0.22452740371227264)","(0.6602214574813843, 0.34714967012405396)",1,1,2.916839599609375,2.8255767822265625,"(-57.081199645996094, -73.53203582763672, 732.4866333007812)","(8.655467987060547, -73.1599349975586, 731.9864501953125)","(54.438621520996094, 159.55992126464844, 47.43328094482422)","(55.79330825805664, 137.09902954101562, 39.25822448730469)",POINT (0.6582668423652649 0.2858385369181633),,,,,,,,,,,,,,,,,,,,,,,,,,,,,,,,,,,,,,,,,,,,1,1,
0,54,27,437259151707,1825511295,1,1,"(0.6578778624534607, 0.2989545166492462)","(0.6662886738777161, 0.3390471935272217)",1,1,2.957748413085937,2.783782958984375,"(-57.06774139404297, -73.52535247802734, 732.4141845703125)","(8.666557312011719, -73.15563201904297, 731.9564819335938)","(54.981201171875, 145.927001953125, 42.47129821777344)","(57.895835876464844, 138.5831756591797, 39.79837417602539)",POINT (0.6620832681655884 0.319000855088234),,,,,,,,,,,,,,,,,,,,,,,,,,,,,,,,,,,,,,,,,,,,,1,
0,54,27,437259168375,1825527962,1,1,"(0.6682199835777283, 0.2191447615623474)","(0.6723662614822388, 0.3318067491054535)",1,1,2.983795166015625,2.7835845947265625,"(-57.04817199707031, -73.5147705078125, 732.372802734375)","(8.681350708007812, -73.14088439941406, 731.867431640625)","(58.56509017944336, 160.5458526611328, 47.79214096069336)","(60.001953125, 139.90940856933594, 40.28108596801758)",POINT (0.6702931225299835 0.2754757553339004),,,,,,,,,,,,,,,,,,,,,,,,,,,,,,,,,,,,,,,,,,,,1,1,
0,54,27,437259185041,1825544628,1,1,"(0.6588004231452942, 0.26639869809150696)","(0.670812726020813, 0.34643906354904175)",1,1,2.975326538085937,2.77862548828125,"(-57.03703689575195, -73.51602172851562, 732.3294677734375)","(8.693305969238281, -73.15655517578125, 731.8963623046875)","(55.30087661743164, 151.8903045654297, 44.64179229736328)","(59.46358108520508, 137.2292022705078, 39.30555725097656)",POINT (0.6648065745830536 0.3064188808202744),,,,,,,,,,,,,,,,,,,,,,,,,,,,,,,,,,,,,,,,,,,,,1,
0,54,27,437259201709,1825561295,1,1,"(0.6619571447372437, 0.2391919493675232)","(0.6722671389579773, 0.34283629059791565)",1,1,2.950592041015625,2.7905731201171875,"(-57.03010559082031, -73.51654052734375, 732.2855834960938)","(8.69919204711914, -73.17342376708984, 731.8958740234375)","(56.3947868347168, 156.87379455566406, 46.455623626708984)","(59.96760559082031, 137.88909912109375, 39.5457878112793)",POINT (0.6671121418476105 0.2910141199827194),,,,,,,,,,,,,,,,,,,,,,,,,,,,,,,,,,,,,,,,,,,,1,1,
0,54,27,437259218376,1825577962,1,1,"(0.6679016351699829, 0.16526521742343903)","(0.6650747060775757, 0.3434377908706665)",1,1,2.924545288085937,2.824676513671875,"(-57.0230598449707, -73.52790069580078, 732.2410278320312)","(8.7064847946167, -73.20621490478516, 731.8958740234375)","(58.45477294921875, 170.41505432128906, 51.38421630859375)","(57.47515869140625, 137.77894592285156, 39.50566482543945)",POINT (0.6664881706237793 0.2543515041470528),,,,,,,,,,,,,,,,,,,,,,,,,,,,,,,,,,,,,,,,,,,,1,1,
0,54,27,437259235043,1825594628,1,1,"(0.6705533862113953, 0.19634053111076355)","(0.6683492660522461, 0.2769260108470917)",1,1,2.93048095703125,2.73895263671875,"(-57.01979064941406, -73.5458984375, 732.2265625)","(8.712116241455078, -73.23914337158203, 731.8661499023438)","(59.37369918823242, 164.7229461669922, 49.31248092651367)","(58.60988235473633, 149.96200561523438, 43.93993377685547)",POINT (0.6694513261318207 0.2366332709789276),,,,,,,,,,,,,,,,,,,,,,,,,,,,,,,,,,,,,,,,,,,,,1,
0,54,27,437259251717,1825611302,1,1,"(0.6692673563957214, 0.2217216044664383)","(0.6680218577384949, 0.32003054022789)",1,1,2.91497802734375,2.7951202392578125,"(-57.03466796875, -73.56327819824219, 732.2982788085938)","(8.699908256530762, -73.2724609375, 731.92626953125)","(58.928035736083984, 160.07386779785156, 47.62034225463867)","(58.496437072753906, 142.06646728515625, 41.06621170043945)",POINT (0.6686446070671082 0.2708760723471642),,,,,,,,,,,,,,,,,,,,,,,,,,,,,,,,,,,,,,,,,,,,1,1,
0,54,27,437259268385,1825627969,1,1,"(0.6734429597854614, 0.25287768244743347)","(0.663878858089447, 0.3020152449607849)",1,1,2.920761108398437,2.8074951171875,"(-57.041744232177734, -73.57942962646484, 732.29736328125)","(8.694498062133789, -73.30070495605469, 731.9120483398438)","(60.375057220458984, 154.36695861816406, 45.54317855834961)","(57.06074142456055, 145.3663787841797, 42.26724624633789)",POINT (0.6686609089374542 0.2774464637041092),,,,,,,,,,,,,,,,,,,,,,,,,,,,,,,,,,,,,,,,,,,,1,1,
0,54,27,437259285052,1825644636,1,1,"(0.646401047706604, 0.3311612904071808)","(0.6690868735313416, 0.3383062779903412)",1,1,2.9837799072265625,2.831039428710937,"(-57.06390380859375, -73.59571838378906, 732.3831787109375)","(8.67371940612793, -73.3100814819336, 731.8831787109375)","(51.004058837890625, 140.0276336669922, 40.32414627075195)","(58.86550521850586, 138.71890258789062, 39.84776306152344)",POINT (0.6577439606189728 0.334733784198761),,,,,,,,,,,,,,,,,,,,,,,,,,,,,,,,,,,,,,,,,,,,,1,
0,54,27,437259301719,1825661302,1,1,"(0.662181556224823, 0.27367696166038513)","(0.6690733432769775, 0.2802733778953552)",1,1,2.9737701416015625,2.7516632080078125,"(-57.09028625488281, -73.61605072021484, 732.4686279296875)","(8.65140151977539, -73.31929016113281, 731.8545532226562)","(56.472564697265625, 150.55712890625, 44.156517028808594)","(58.86080551147461, 149.34886169433594, 43.71672821044922)",POINT (0.6656274497509003 0.2769751697778702),,,,,,,,,,,,,,,,,,,,,,,,,,,,,,,,,,,,,,,,,,,,1,1,
0,54,27,437259318386,1825677969,1,1,"(0.6594526767730713, 0.2860547602176666)","(0.6680764555931091, 0.31066203117370605)",1,1,3.003021240234375,2.775741577148437,"(-57.12908172607422, -73.63510131835938, 732.5516357421875)","(8.616100311279297, -73.34197235107422, 732.00341796875)","(55.52692413330078, 148.28985595703125, 43.331356048583984)","(58.5153694152832, 143.78253173828125, 41.6907958984375)",POINT (0.6637645661830902 0.2983583956956863),,,,,,,,,,,,,,,,,,,,,,,,,,,,,,,,,,,,,,,,,,,,,1,
0,54,27,437259335054,1825694636,1,1,"(0.6557019352912903, 0.2723638713359833)","(0.6701308488845825, 0.3208882808685303)",1,1,2.976181030273437,2.786163330078125,"(-57.16132354736328, -73.6614761352539, 732.560791015625)","(8.594611167907715, -73.36299133300781, 732.1514892578125)","(54.227134704589844, 150.79763793945312, 44.24409103393555)","(59.227291107177734, 141.90936279296875, 41.009033203125)",POINT (0.6629163920879364 0.2966260761022568),,,,,,,,,,,,,,,,,,,,,,,,,,,,,,,,,,,,,,,,,,,,,1,
0,54,27,437259351720,1825711302,1,1,"(0.6664758920669556, 0.3256325125694275)","(0.6746152639389038, 0.3588511347770691)",1,1,2.9176177978515625,2.790252685546875,"(-57.204444885253906, -73.67837524414062, 732.3736572265625)","(8.550729751586914, -73.36528015136719, 732.0786743164062)","(57.96070861816406, 141.04034423828125, 40.692718505859375)","(60.78129577636719, 134.95567321777344, 38.47805404663086)",POINT (0.6705455780029297 0.3422418236732483),,,,,,,,,,,,,,,,,,,,,,,,,,,,,,,,,,,,,,,,,,,,,1,
0,54,27,437259368388,1825727969,1,1,"(0.6601089835166931, 0.2700141370296478)","(0.6687825322151184, 0.3366270065307617)",1,1,2.917938232421875,2.78985595703125,"(-57.24059295654297, -73.71537780761719, 732.2630615234375)","(8.50525188446045, -73.38088989257812, 731.9612426757812)","(55.75433349609375, 151.22805786132812, 44.40073013305664)","(58.760040283203125, 139.0264892578125, 39.95977020263672)",POINT (0.6644457578659058 0.3033205717802048),,,,,,,,,,,,,,,,,,,,,,,,,,,,,,,,,,,,,,,,,,,,,1,
0,54,27,437259385058,1825744639,1,1,"(0.6638597249984741, 0.3201882541179657)","(0.6596537232398987, 0.32157599925994873)",1,1,2.87384033203125,2.8308258056640625,"(-57.28772735595703, -73.7686767578125, 732.3151245117188)","(8.449203491210938, -73.39993286132812, 732.0069580078125)","(57.054107666015625, 142.03759765625, 41.05567932128906)","(55.596588134765625, 141.7834014892578, 40.96318435668945)",POINT (0.6617567241191864 0.3208821266889572),,,,,,,,,,,,,,,,,,,,,,,,,,,,,,,,,,,,,,,,,,,,,1,
0,54,27,437259685074,1826044646,1,1,"(0.6705357432365417, 0.3996610939502716)","(0.6709653735160828, 0.3348831534385681)",1,1,2.9217529296875,2.8025665283203125,"(-57.78050994873047, -73.87370300292969, 732.364501953125)","(8.017784118652344, -73.22126007080078, 731.9142456054688)","(59.36759948730469, 127.4804458618164, 35.75730514526367)","(59.516483306884766, 139.3459014892578, 40.07600402832031)",POINT (0.6707505583763123 0.3672721236944199),,,,,,,,,,,,,,,,,,,,,,,,,,,,,,,,,,,,,,,,,,,,,,
0,54,27,437259701742,1826061313,1,1,"(0.6819187998771667, 0.46245795488357544)","(0.6693382263183594, 0.23920349776744843)",1,1,2.838287353515625,2.7728271484375,"(-57.7768440246582, -73.8814697265625, 732.4244995117188)","(8.026687622070312, -73.23339080810547, 731.9136962890625)","(63.312255859375, 115.9778823852539, 31.570690155029297)","(58.952613830566406, 156.87167358398438, 46.45487594604492)",POINT (0.6756285130977631 0.3508307263255119),,,,,,,,,,,,,,,,,,,,,,,,,,,,,,,,,,,,,,,,,,,,,1,
0,54,27,437259735076,1826094646,1,1,"(0.6899189352989197, 0.4300757646560669)","(0.677619993686676, 0.2767384946346283)",1,1,2.8667449951171875,2.778076171875,"(-57.770668029785156, -73.89707946777344, 732.3187255859375)","(8.034982681274414, -73.29832458496094, 732.2098388671875)","(66.08457946777344, 121.90937042236328, 33.72957229614258)","(61.822540283203125, 149.99635314941406, 43.95241165161133)",POINT (0.6837694644927979 0.3534071296453476),,,,,,,,,,,,,,,,,,,,,,,,,,,,,,,,,,,,,,,,,,,,,1,
0,54,27,437259751743,1826111313,1,1,"(0.6926966309547424, 0.331248015165329)","(0.6638398170471191, 0.269991397857666)",1,1,2.9112701416015625,2.839141845703125,"(-57.7805061340332, -73.939453125, 732.3641357421875)","(8.031606674194336, -73.30902099609375, 732.1214599609375)","(67.04716491699219, 140.01177978515625, 40.31830978393555)","(57.04720687866211, 151.2322235107422, 44.40225601196289)",POINT (0.6782682240009308 0.3006197065114975),,,,,,,,,,,,,,,,,,,,,,,,,,,,,,,,,,,,,,,,,,,,,1,
0,54,27,437259768411,1826127980,1,1,"(0.6732940673828125, 0.40535545349121094)","(0.6561105251312256, 0.3489742577075958)",1,1,2.831451416015625,2.83966064453125,"(-57.8010368347168, -74.01228332519531, 732.4808349609375)","(8.018096923828125, -73.32008361816406, 732.033447265625)","(60.32345962524414, 126.4374008178711, 35.37769317626953)","(54.36874771118164, 136.7648162841797, 39.136558532714844)",POINT (0.664702296257019 0.3771648555994034),,,,,,,,,,,,,,,,,,,,,,,,,,,,,,,,,,,,,,,,,,,,,,
0,54,27,437259785085,1826144654,1,1,"(0.6819331049919128, 0.3757241368293762)","(0.6644683480262756, 0.28854766488075256)",1,1,2.863922119140625,2.7647247314453125,"(-57.824501037597656, -74.07084655761719, 732.6559448242188)","(7.993080139160156, -73.33140563964844, 732.019287109375)","(63.317195892333984, 131.86502075195312, 37.35316467285156)","(57.26503372192383, 147.83323669433594, 43.16511535644531)",POINT (0.6732007265090942 0.3321359008550644),,,,,,,,,,,,,,,,,,,,,,,,,,,,,,,,,,,,,,,,,,,,,1,
0,54,27,437259801753,1826161321,1,1,"(0.6817274689674377, 0.39723411202430725)","(0.659298300743103, 0.31832659244537354)",1,1,2.919525146484375,2.821868896484375,"(-57.843162536621094, -74.0987777709961, 732.7120361328125)","(7.970307350158691, -73.33880615234375, 731.9754638671875)","(63.24592971801758, 127.92501068115234, 35.91911697387695)","(55.473392486572266, 142.37860107421875, 41.179786682128906)",POINT (0.6705128848552704 0.3577803522348404),,,,,,,,,,,,,,,,,,,,,,,,,,,,,,,,,,,,,,,,,,,,,1,
0,54,27,437259818420,1826177988,1,1,"(0.6560522317886353, 0.3860618770122528)","(0.6679592728614807, 0.3237283527851105)",1,1,2.91937255859375,2.8471221923828125,"(-57.869972229003906, -74.12337493896484, 732.7681884765625)","(7.934188365936279, -73.35468292236328, 732.0504150390625)","(54.3485221862793, 129.971435546875, 36.663970947265625)","(58.474754333496094, 141.38914489746094, 40.819671630859375)",POINT (0.662005752325058 0.3548951148986816),,,,,,,,,,,,,,,,,,,,,,,,,,,,,,,,,,,,,,,,,,,,,1,
0,54,27,437259835087,1826194654,1,1,"(0.6691054105758667, 0.40440818667411804)","(0.6772353053092957, 0.32801640033721924)",1,1,2.960418701171875,2.82958984375,"(-57.9020881652832, -74.13595581054688, 732.822265625)","(7.9056315422058105, -73.36711883544922, 732.213623046875)","(58.8719482421875, 126.61091613769531, 35.44084548950195)","(61.689247131347656, 140.60369873046875, 40.533782958984375)",POINT (0.6731703579425812 0.3662122935056686),,,,,,,,,,,,,,,,,,,,,,,,,,,,,,,,,,,,,,,,,,,,,,
0,54,27,437259851754,1826211321,1,1,"(0.6719796657562256, 0.3423455059528351)","(0.6700379848480225, 0.2985132336616516)",1,1,2.95587158203125,2.84130859375,"(-57.928749084472656, -74.12736511230469, 732.833251953125)","(7.879246234893799, -73.3548812866211, 732.2294921875)","(59.867958068847656, 137.97903442382812, 39.57844543457031)","(59.19509506225586, 146.00782775878906, 42.500728607177734)",POINT (0.671008825302124 0.3204293698072434),,,,,,,,,,,,,,,,,,,,,,,,,,,,,,,,,,,,,,,,,,,,,1,
0,54,27,437259868421,1826227987,1,1,"(0.6664870381355286, 0.39427024126052856)","(0.6781790256500244, 0.3012644648551941)",1,1,2.9381256103515625,2.841033935546875,"(-57.95819091796875, -74.10679626464844, 732.7085571289062)","(7.851325511932373, -73.34465789794922, 732.200439453125)","(57.964569091796875, 128.46791076660156, 36.1166877746582)","(62.01626968383789, 145.50389099121094, 42.31734085083008)",POINT (0.6723330318927765 0.3477673530578613),,,,,,,,,,,,,,,,,,,,,,,,,,,,,,,,,,,,,,,,,,,,,1,
0,54,27,437259901756,1826261321,1,1,"(0.6594502329826355, 0.3666117489337921)","(0.6669842600822449, 0.31629809737205505)",1,1,2.937118530273437,2.86138916015625,"(-58.00652313232422, -74.05791473388672, 732.578857421875)","(7.7839789390563965, -73.28087615966797, 732.2451171875)","(55.52604675292969, 133.5341339111328, 37.96070861816406)","(58.13687515258789, 142.75015258789062, 41.31502914428711)",POINT (0.6632172465324402 0.3414549231529236),,,,,,,,,,,,,,,,,,,,,,,,,,,,,,,,,,,,,,,,,,,,,1,
0,54,27,437259918424,1826277989,1,1,"(0.6595275402069092, 0.3583843410015106)","(0.6653987765312195, 0.3780100643634796)",1,1,2.9286651611328125,2.8784332275390625,"(-58.06884765625, -74.02615356445312, 732.717041015625)","(7.722146034240723, -73.19648742675781, 732.2171630859375)","(55.5528564453125, 135.0411834716797, 38.5091667175293)","(57.587467193603516, 131.44630432128906, 37.20072555541992)",POINT (0.6624631583690643 0.3681972026824951),,,,,,,,,,,,,,,,,,,,,,,,,,,,,,,,,,,,,,,,,,,,,1,
0,54,27,437259935092,1826294656,1,1,"(0.6597756743431091, 0.3731352686882019)","(0.6622828841209412, 0.3531999886035919)",1,1,2.9864044189453125,2.8919830322265625,"(-58.14485549926758, -74.0301513671875, 732.8543701171875)","(7.6487507820129395, -73.16032409667969, 732.3234252929688)","(55.63882064819336, 132.3392333984375, 37.5257682800293)","(56.50768280029297, 135.9907989501953, 38.85482406616211)",POINT (0.6610292792320251 0.3631676286458969),,,,,,,,,,,,,,,,,,,,,,,,,,,,,,,,,,,,,,,,,,,,,1,
0,54,27,437259985093,1826344656,1,1,"(0.6642237901687622, 0.3479214012622833)","(0.6496543884277344, 0.2999599874019623)",1,1,2.98663330078125,2.8525543212890625,"(-58.322235107421875, -73.98027038574219, 732.6280517578125)","(7.45082950592041, -73.09564971923828, 732.2984619140625)","(57.18026351928711, 136.95767211914062, 39.206748962402344)","(52.13144302368164, 145.74282836914062, 42.40427017211914)",POINT (0.6569390892982483 0.3239406943321228),,,,,,,,,,,,,,,,,,,,,,,,,,,,,,,,,,,,,,,,,,,,,1,
0,54,27,437260001760,1826361322,1,1,"(0.6516566276550293, 0.35746946930885315)","(0.6546265482902527, 0.29560524225234985)",1,1,2.969635009765625,2.8666229248046875,"(-58.4161491394043, -74.0198974609375, 732.9261474609375)","(7.37847375869751, -73.07417297363281, 732.1819458007812)","(52.825286865234375, 135.20872497558594, 38.57024002075195)","(53.85447692871094, 146.54049682617188, 42.69462203979492)",POINT (0.653141587972641 0.3265373557806015),,,,,,,,,,,,,,,,,,,,,,,,,,,,,,,,,,,,,,,,,,,,,1,
0,54,27,437260018426,1826377988,1,1,"(0.6510673761367798, 0.3444514572620392)","(0.6559410095214844, 0.30049583315849304)",1,1,2.925888061523437,2.857406616210937,"(-58.47126770019531, -73.99835205078125, 732.631103515625)","(7.312104225158691, -73.05650329589844, 732.2127685546875)","(52.621097564697266, 137.59326171875, 39.43809127807617)","(54.30998229980469, 145.6446990966797, 42.36854553222656)",POINT (0.6535041928291321 0.3224736452102661),,,,,,,,,,,,,,,,,,,,,,,,,,,,,,,,,,,,,,,,,,,,,1,
0,54,27,437260035094,1826394655,1,1,"(0.6583213210105896, 0.3370906710624695)","(0.6545354127883911, 0.33165860176086426)",1,1,2.920272827148437,2.8533172607421875,"(-58.529720306396484, -74.01668548583984, 732.5316162109375)","(7.239534854888916, -73.04005432128906, 732.22900390625)","(55.134849548339844, 138.9415740966797, 39.92877960205078)","(53.822906494140625, 139.93655395507812, 40.29095458984375)",POINT (0.6564283668994904 0.3343746364116669),,,,,,,,,,,,,,,,,,,,,,,,,,,,,,,,,,,,,,,,,,,,,1,
0,54,27,437260051766,1826411327,1,1,"(0.6453717350959778, 0.35854795575141907)","(0.6521474719047546, 0.3094371259212494)",1,1,2.880126953125,2.7907867431640625,"(-58.62031173706055, -74.05672454833984, 732.87548828125)","(7.174060344696045, -73.02227783203125, 732.333740234375)","(50.647335052490234, 135.01119995117188, 38.49828338623047)","(52.99538040161133, 144.0068817138672, 41.77244186401367)",POINT (0.6487596035003662 0.3339925408363342),,,,,,,,,,,,,,,,,,,,,,,,,,,,,,,,,,,,,,,,,,,,,1,
0,54,27,437260068435,1826427995,1,1,"(0.6491864919662476, 0.3617166578769684)","(0.6550522446632385, 0.2867421507835388)",1,1,2.926116943359375,2.7723541259765625,"(-58.68064498901367, -74.08256530761719, 732.7749633789062)","(7.11740779876709, -73.02577209472656, 732.1871948242188)","(51.96929168701172, 134.43077087402344, 38.28702926635742)","(54.00197982788086, 148.16397094726562, 43.28549575805664)",POINT (0.652119368314743 0.3242294043302536),,,,,,,,,,,,,,,,,,,,,,,,,,,,,,,,,,,,,,,,,,,,,1,
0,54,27,437260085101,1826444661,1,1,"(0.6515297889709473, 0.30860522389411926)","(0.6644861698150635, 0.3125212490558624)",1,1,2.9263458251953125,2.780014038085937,"(-58.714542388916016, -74.06462097167969, 732.4686279296875)","(7.057167053222656, -73.00341796875, 732.0704345703125)","(52.78133773803711, 144.15927124023438, 41.827919006347656)","(57.27119064331055, 143.44198608398438, 41.56682205200195)",POINT (0.6580079793930054 0.3105632364749908),,,,,,,,,,,,,,,,,,,,,,,,,,,,,,,,,,,,,,,,,,,,,1,
0,54,27,437260101768,1826461327,1,1,"(0.6568433046340942, 0.3525530695915222)","(0.659216582775116, 0.2568994164466858)",1,1,2.8570709228515625,2.7655487060546875,"(-58.754486083984375, -74.08763122558594, 732.416015625)","(7.002617835998535, -73.03130340576172, 732.1017456054688)","(54.622684478759766, 136.10928344726562, 38.89799880981445)","(55.44509506225586, 153.6302947998047, 45.275062561035156)",POINT (0.6580299437046051 0.304726243019104),,,,,,,,,,,,,,,,,,,,,,,,,,,,,,,,,,,,,,,,,,,,,1,
0,54,27,437260118436,1826477995,1,1,"(0.6436505913734436, 0.3656676709651947)","(0.669528603553772, 0.28025180101394653)",1,1,2.883544921875,2.7963409423828125,"(-58.8198356628418, -74.11602020263672, 732.6895751953125)","(6.946868419647217, -73.02311706542969, 732.102783203125)","(50.05091094970703, 133.70706176757812, 38.023651123046875)","(59.01858139038086, 149.35281372070312, 43.718177795410156)",POINT (0.6565895974636078 0.3229597359895706),,,,,,,,,,,,,,,,,,,,,,,,,,,,,,,,,,,,,,,,,,,,,1,
0,54,27,437260135103,1826494661,1,1,"(0.6484295725822449, 0.3759223520755768)","(0.6532140374183655, 0.2849453389644623)",1,1,2.8872833251953125,2.782958984375,"(-58.86304473876953, -74.13775634765625, 732.8319702148438)","(6.915514945983887, -73.03926086425781, 732.1773681640625)","(51.70700454711914, 131.8286895751953, 37.3399658203125)","(53.364994049072266, 148.4930877685547, 43.40530776977539)",POINT (0.6508218050003052 0.3304338455200195),,,,,,,,,,,,,,,,,,,,,,,,,,,,,,,,,,,,,,,,,,,,,1,
0,54,27,437260168442,1826527999,1,1,"(0.6492046117782593, 0.36537957191467285)","(0.666271984577179, 0.27580726146698)",1,1,2.8728790283203125,2.754150390625,"(-58.922401428222656, -74.15667724609375, 732.8653564453125)","(6.8627824783325195, -73.0356216430664, 732.119384765625)","(51.97557830810547, 133.75985717773438, 38.04281234741211)","(57.89004135131836, 150.1669158935547, 44.0145378112793)",POINT (0.6577382981777191 0.3205934166908264),,,,,,,,,,,,,,,,,,,,,,,,,,,,,,,,,,,,,,,,,,,,,1,
0,54,27,437260185109,1826544666,1,1,"(0.6986188888549805, 0.3771447241306305)","(0.69947749376297, 0.3094309866428375)",1,1,2.821884155273437,2.7511749267578125,"(-58.885215759277344, -74.17493438720703, 733.113037109375)","(6.902337074279785, -73.05154418945312, 732.2955932617188)","(69.09943389892578, 131.6048126220703, 37.25845718383789)","(69.39695739746094, 144.0080108642578, 41.77286911010742)",POINT (0.6990481913089752 0.343287855386734),,,,,,,,,,,,,,,,,,,,,,,,,,,,,,,,,,,,,,,,,,,,,1,
0,54,27,437260201777,1826561333,1,1,"(0.688953697681427, 0.4110938310623169)","(0.6998263597488403, 0.29304274916648865)",1,1,2.77264404296875,2.707489013671875,"(-58.904266357421875, -74.18783569335938, 733.1544189453125)","(6.88356876373291, -73.06430053710938, 732.3402709960938)","(65.7500991821289, 125.38630676269531, 34.99510192871094)","(69.51787567138672, 147.00987243652344, 42.86545944213867)",POINT (0.6943900287151337 0.3520682901144028),,,,,,,,,,,,,,,,,,,,,,,,,,,,,,,,,,,,,,,,,,,,,1,
0,54,27,437260218443,1826577999,1,1,"(0.666711151599884, 0.3774668872356415)","(0.693977952003479, 0.2720736563205719)",1,1,2.836090087890625,2.73431396484375,"(-58.92142105102539, -74.18577575683594, 733.0911254882812)","(6.863299369812012, -73.05460357666016, 732.3257446289062)","(58.04224395751953, 131.54579162597656, 37.236976623535156)","(67.49118041992188, 150.85081481933594, 44.263427734375)",POINT (0.6803445518016815 0.3247702717781067),,,,,,,,,,,,,,,,,,,,,,,,,,,,,,,,,,,,,,,,,,,,,1,
0,54,27,437260235111,1826594666,1,1,"(0.6795463562011719, 0.38283678889274597)","(0.6936171650886536, 0.22786684334278107)",1,1,2.8086090087890625,2.724761962890625,"(-58.93198776245117, -74.20507049560547, 733.02978515625)","(6.847658634185791, -73.08013153076172, 732.3709716796875)","(62.490089416503906, 130.56219482421875, 36.87894058227539)","(67.36615753173828, 158.94822692871094, 47.21067428588867)",POINT (0.6865817606449127 0.3053518161177635),,,,,,,,,,,,,,,,,,,,,,,,,,,,,,,,,,,,,,,,,,,,,1,
0,54,27,437260251778,1826611333,1,1,"(0.6919057965278625, 0.32573625445365906)","(0.6897542476654053, 0.30287569761276245)",1,1,2.8343505859375,2.7578277587890625,"(-58.936458587646484, -74.18917083740234, 732.9083862304688)","(6.833670616149902, -73.06603240966797, 732.3712158203125)","(66.77311706542969, 141.0213623046875, 40.685794830322266)","(66.02751922607422, 145.208740234375, 42.209903717041016)",POINT (0.6908300220966339 0.3143059760332108),,,,,,,,,,,,,,,,,,,,,,,,,,,,,,,,,,,,,,,,,,,,,1,
0,54,27,437260268445,1826627999,1,1,"(0.6807472109794617, 0.32465797662734985)","(0.69090735912323, 0.2636040449142456)",1,1,2.8670654296875,2.7429962158203125,"(-58.94816589355469, -74.21170043945312, 732.9217529296875)","(6.8220062255859375, -73.09120178222656, 732.4603271484375)","(62.9062614440918, 141.2188720703125, 40.757686614990234)","(66.42709350585938, 152.40220642089844, 44.82806396484375)",POINT (0.6858272850513458 0.2941310107707977),,,,,,,,,,,,,,,,,,,,,,,,,,,,,,,,,,,,,,,,,,,,1,1,
0,54,27,437260285112,1826644666,1,1,"(0.669520914554596, 0.39275744557380676)","(0.6915561556816101, 0.2731594145298004)",1,1,2.8507080078125,2.7301025390625,"(-58.94379425048828, -74.184326171875, 732.876708984375)","(6.810507297515869, -73.05979919433594, 732.46044921875)","(59.01591873168945, 128.74501037597656, 36.21754837036133)","(66.65193176269531, 150.6519317626953, 44.19104766845703)",POINT (0.680538535118103 0.3329584300518036),,,,,,,,,,,,,,,,,,,,,,,,,,,,,,,,,,,,,,,,,,,,,1,
0,54,27,437260301792,1826661345,1,1,"(0.6839246153831482, 0.3840824067592621)","(0.6891810894012451, 0.30563467741012573)",1,1,2.84820556640625,2.7328338623046875,"(-58.95330810546875, -74.21345520019531, 732.9959106445312)","(6.813945770263672, -73.08599090576172, 732.519775390625)","(64.00733947753906, 130.3340301513672, 36.7958984375)","(65.82889556884766, 144.70338439941406, 42.025936126708984)",POINT (0.6865528523921967 0.3448585420846939),,,,,,,,,,,,,,,,,,,,,,,,,,,,,,,,,,,,,,,,,,,,,1,
0,54,27,437260318450,1826678003,1,1,"(0.6724746227264404, 0.3452289402484894)","(0.6959128379821777, 0.25572794675827026)",1,1,2.8621826171875,2.6956329345703125,"(-58.9419059753418, -74.1749267578125, 732.9522705078125)","(6.808557510375977, -73.02484893798828, 732.504150390625)","(60.03948211669922, 137.45086669921875, 39.386226654052734)","(68.16168212890625, 153.84486389160156, 45.353214263916016)",POINT (0.6841937303543091 0.3004784435033798),,,,,,,,,,,,,,,,,,,,,,,,,,,,,,,,,,,,,,,,,,,,,1,
0,54,27,437260335118,1826694670,1,1,"(0.6757124066352844, 0.3673684895038605)","(0.695763885974884, 0.30335497856140137)",1,1,2.86279296875,2.726165771484375,"(-58.93964385986328, -74.17807006835938, 732.9229736328125)","(6.809165954589844, -73.03251647949219, 732.5638427734375)","(61.16148376464844, 133.39553833007812, 37.910221099853516)","(68.11005401611328, 145.12095642089844, 42.177947998046875)",POINT (0.6857381463050842 0.3353617340326309),,,,,,,,,,,,,,,,,,,,,,,,,,,,,,,,,,,,,,,,,,,,,1,
0,54,27,437260351784,1826711336,1,1,"(0.674791693687439, 0.4245010316371918)","(0.6923289895057678, 0.3527708351612091)",1,1,2.8915252685546875,2.7467803955078125,"(-58.93471145629883, -74.1636962890625, 733.029296875)","(6.814549446105957, -72.97148132324219, 732.6080322265625)","(60.842437744140625, 122.93050384521484, 34.10123825073242)","(66.91976165771484, 136.06939697265625, 38.8834342956543)",POINT (0.6835603415966034 0.3886359333992004),,,,,,,,,,,,,,,,,,,,,,,,,,,,,,,,,,,,,,,,,,,,,,
0,54,27,437260368452,1826728003,1,1,"(0.6698005199432373, 0.3487611711025238)","(0.6918051242828369, 0.3566967844963074)",1,1,2.8284454345703125,2.75457763671875,"(-58.94258117675781, -74.16705322265625, 733.0128173828125)","(6.804910659790039, -72.96710205078125, 732.6378173828125)","(59.11281204223633, 136.80386352539062, 39.15073013305664)","(66.73822021484375, 135.3502655029297, 38.62171936035156)",POINT (0.6808028221130371 0.3527289777994156),,,,,,,,,,,,,,,,,,,,,,,,,,,,,,,,,,,,,,,,,,,,,1,
0,54,27,437260385118,1826744669,1,1,"(0.6638749837875366, 0.3661355972290039)","(0.6784409880638123, 0.3365236520767212)",1,1,2.8402557373046875,2.7518463134765625,"(-58.9741096496582, -74.14540100097656, 732.8570556640625)","(6.758500099182129, -72.91908264160156, 732.4024658203125)","(57.05938720703125, 133.62135314941406, 37.99243927001953)","(62.10704040527344, 139.04541015625, 39.96664047241211)",POINT (0.6711579859256744 0.3513296246528626),,,,,,,,,,,,,,,,,,,,,,,,,,,,,,,,,,,,,,,,,,,,,1,
0,54,27,437260401787,1826761337,1,1,"(0.661629855632782, 0.375135600566864)","(0.6688224673271179, 0.3358437716960907)",1,1,2.814239501953125,2.7615966796875,"(-58.98442840576172, -74.14878845214844, 732.8245849609375)","(6.742884159088135, -72.91641235351562, 732.328857421875)","(56.281394958496094, 131.97280883789062, 37.39241409301758)","(58.773895263671875, 139.16995239257812, 40.01195526123047)",POINT (0.66522616147995 0.3554896861314774),,,,,,,,,,,,,,,,,,,,,,,,,,,,,,,,,,,,,,,,,,,,,1,
0,54,27,437260418453,1826778003,1,1,"(0.6592575311660767, 0.35157260298728943)","(0.6746059656143188, 0.3078535199165344)",1,1,2.8465576171875,2.7521209716796875,"(-58.98866653442383, -74.1241226196289, 732.779541015625)","(6.749933242797852, -72.89877319335938, 732.3287963867188)","(55.45927429199219, 136.2888946533203, 38.96331787109375)","(60.77809524536133, 144.29696655273438, 41.878047943115234)",POINT (0.6669317483901978 0.3297130614519119),,,,,,,,,,,,,,,,,,,,,,,,,,,,,,,,,,,,,,,,,,,,,1,
0,54,27,437260435126,1826794675,1,1,"(0.6673169732093811, 0.3650124967098236)","(0.6732091903686523, 0.269089013338089)",1,1,2.8741455078125,2.70721435546875,"(-58.99063491821289, -74.11937713623047, 732.7942504882812)","(6.746552467346191, -72.8977279663086, 732.34375)","(58.25218200683594, 133.8270721435547, 38.06733322143555)","(60.29402542114258, 151.3975067138672, 44.46241760253906)",POINT (0.6702630817890167 0.3170507550239563),,,,,,,,,,,,,,,,,,,,,,,,,,,,,,,,,,,,,,,,,,,,,1,
0,54,27,437260468460,1826828008,1,1,"(0.6658861637115479, 0.34351053833961487)","(0.6744042038917542, 0.3163387179374695)",1,1,2.863922119140625,2.733795166015625,"(-59.00809860229492, -74.09024810791016, 732.7158813476562)","(6.731508731842041, -72.87911987304688, 732.4034423828125)","(57.75634002685547, 137.765625, 39.50081253051758)","(60.70813751220703, 142.7427215576172, 41.312313079833984)",POINT (0.670145183801651 0.3299246281385422),,,,,,,,,,,,,,,,,,,,,,,,,,,,,,,,,,,,,,,,,,,,,1,
0,54,27,437260485127,1826844675,1,1,"(0.6654036045074463, 0.34159359335899353)","(0.6845082640647888, 0.2932834029197693)",1,1,2.835418701171875,2.6888580322265625,"(-59.0313720703125, -74.08058166503906, 732.7720947265625)","(6.701233863830566, -72.84387969970703, 732.418701171875)","(57.58912658691406, 138.1167449951172, 39.62860870361328)","(64.20958709716797, 146.9657745361328, 42.84942626953125)",POINT (0.6749559342861176 0.3174384981393814),,,,,,,,,,,,,,,,,,,,,,,,,,,,,,,,,,,,,,,,,,,,,1,
0,54,27,437260501794,1826861341,1,1,"(0.6817387938499451, 0.2871240973472595)","(0.6890837550163269, 0.2872427701950073)",1,1,2.7864532470703125,2.727874755859375,"(-59.086517333984375, -74.12870025634766, 732.9871826171875)","(6.663645267486572, -72.85542297363281, 732.434326171875)","(63.24986267089844, 148.09400939941406, 43.26000213623047)","(65.79515075683594, 148.07228088378906, 43.25210189819336)",POINT (0.685411274433136 0.2871834337711334),,,,,,,,,,,,,,,,,,,,,,,,,,,,,,,,,,,,,,,,,,,,1,1,
0,54,27,437260518461,1826878008,1,1,"(0.6515889167785645, 0.37591856718063354)","(0.6864491105079651, 0.30207929015159607)",1,1,2.846435546875,2.72869873046875,"(-59.15180587768555, -74.14892578125, 733.2460327148438)","(6.617316722869873, -72.82791137695312, 732.3316040039062)","(52.80181884765625, 131.82940673828125, 37.34019470214844)","(64.88216400146484, 145.35462951660156, 42.263004302978516)",POINT (0.6690190136432648 0.3389989286661148),,,,,,,,,,,,,,,,,,,,,,,,,,,,,,,,,,,,,,,,,,,,,1,
0,54,27,437260535127,1826894674,1,1,"(0.6529603600502014, 0.33021363615989685)","(0.6763980984687805, 0.297427773475647)",1,1,2.858734130859375,2.7440643310546875,"(-59.197879791259766, -74.15469360351562, 732.921875)","(6.54434061050415, -72.84591674804688, 732.4070434570312)","(53.27710723876953, 140.20123291015625, 40.387306213378906)","(61.39912033081055, 146.2066650390625, 42.5731201171875)",POINT (0.664679229259491 0.3138207048177719),,,,,,,,,,,,,,,,,,,,,,,,,,,,,,,,,,,,,,,,,,,,,1,
0,54,27,437260601802,1826961347,1,1,"(0.7127271890640259, 0.3062450587749481)","(0.7153671383857727, 0.245481938123703)",1,1,2.83978271484375,2.7054443359375,"(-59.49688720703125, -74.31417846679688, 732.628173828125)","(6.216251373291016, -72.81036376953125, 732.4285888671875)","(73.98847198486328, 144.59158325195312, 41.98525619506836)","(74.90331268310547, 155.7216339111328, 46.03629684448242)",POINT (0.7140471637248993 0.2758634984493256),,,,,,,,,,,,,,,,,,,,,,,,,,,,,,,,,,,,,,,,,,,,1,1,
0,54,27,437260618469,1826978013,1,1,"(0.70374596118927, 0.2861601710319519)","(0.7013683319091797, 0.30870169401168823)",1,1,2.8795166015625,2.735626220703125,"(-59.626739501953125, -74.37063598632812, 733.1160888671875)","(6.1309661865234375, -72.75679779052734, 732.341064453125)","(70.87615966796875, 148.27056884765625, 43.32429122924805)","(70.05220031738281, 144.1416015625, 41.82145309448242)",POINT (0.7025571465492249 0.2974309325218201),,,,,,,,,,,,,,,,,,,,,,,,,,,,,,,,,,,,,,,,,,,,,1,
0,54,27,437260635136,1826994680,1,1,"(0.6870988011360168, 0.33047571778297424)","(0.7045912742614746, 0.30039626359939575)",1,1,2.8807525634765625,2.7465972900390625,"(-59.69124221801758, -74.3576889038086, 732.668212890625)","(6.011896133422852, -72.75260925292969, 732.3140869140625)","(65.10730743408203, 140.1532440185547, 40.369781494140625)","(71.16907501220703, 145.6629180908203, 42.37517547607422)",POINT (0.6958450376987457 0.315435990691185),,,,,,,,,,,,,,,,,,,,,,,,,,,,,,,,,,,,,,,,,,,,,1,
0,54,27,437260651803,1827011346,1,1,"(0.7090049982070923, 0.24486838281154633)","(0.6999538540840149, 0.32455673813819885)",1,1,2.821640014648437,2.74774169921875,"(-59.78091812133789, -74.35443115234375, 732.6671142578125)","(5.947614669799805, -72.72052764892578, 732.5371704101562)","(72.6986083984375, 155.83404541015625, 46.07715606689453)","(69.56204223632812, 141.2374267578125, 40.76441955566406)",POINT (0.7044794261455536 0.2847125604748726),,,,,,,,,,,,,,,,,,,,,,,,,,,,,,,,,,,,,,,,,,,,1,1,
0,54,27,437260668470,1827028013,1,1,"(0.7001139521598816, 0.24449235200881958)","(0.7040422558784485, 0.3284629285335541)",1,1,2.849105834960937,2.737167358398437,"(-59.881813049316406, -74.41461181640625, 733.1591796875)","(5.869598388671875, -72.69607543945312, 732.346435546875)","(69.61751556396484, 155.90292358398438, 46.10222244262695)","(70.97884368896484, 140.52191162109375, 40.503990173339844)",POINT (0.702078104019165 0.2864776402711868),,,,,,,,,,,,,,,,,,,,,,,,,,,,,,,,,,,,,,,,,,,,1,1,
0,54,27,437260685146,1827044688,1,1,"(0.6877927184104919, 0.30065858364105225)","(0.7007019519805908, 0.33049893379211426)",1,1,2.8827667236328125,2.7412109375,"(-59.92266845703125, -74.3714828491211, 732.7909545898438)","(5.796151638031006, -72.66529846191406, 732.3327026367188)","(65.3477783203125, 145.61485290527344, 42.357723236083984)","(69.8212890625, 140.1489715576172, 40.36827087402344)",POINT (0.6942473351955414 0.3155787587165832),,,,,,,,,,,,,,,,,,,,,,,,,,,,,,,,,,,,,,,,,,,,,1,
0,54,27,437260701815,1827061357,1,1,"(0.7030715346336365, 0.29649415612220764)","(0.6981948018074036, 0.3148163855075836)",1,1,2.900909423828125,2.738067626953125,"(-59.985530853271484, -74.37501525878906, 732.7192993164062)","(5.734928131103516, -72.66504669189453, 732.2159423828125)","(70.64244842529297, 146.37767028808594, 42.63533401489258)","(68.95246887207031, 143.02157592773438, 41.413818359375)",POINT (0.70063316822052 0.3056552708148956),,,,,,,,,,,,,,,,,,,,,,,,,,,,,,,,,,,,,,,,,,,,,1,
0,54,27,437260718475,1827078016,1,1,"(0.7036371231079102, 0.3314862847328186)","(0.7126712799072266, 0.31092387437820435)",1,1,2.889022827148437,2.763275146484375,"(-60.045955657958984, -74.375244140625, 732.8287353515625)","(5.686524868011475, -72.65020751953125, 732.3355712890625)","(70.83843231201172, 139.9681396484375, 40.302425384521484)","(73.96910095214844, 143.73455810546875, 41.67332458496094)",POINT (0.7081542015075684 0.3212050795555115),,,,,,,,,,,,,,,,,,,,,,,,,,,,,,,,,,,,,,,,,,,,,1,
0,54,27,437260735142,1827094683,1,1,"(0.7078047394752502, 0.28494080901145935)","(0.717296302318573, 0.31727802753448486)",1,1,2.83551025390625,2.756454467773437,"(-60.091712951660156, -74.39850616455078, 733.0311279296875)","(5.65080451965332, -72.65011596679688, 732.439697265625)","(72.28267669677734, 148.49392700195312, 43.40555191040039)","(75.57182312011719, 142.57064819335938, 41.249717712402344)",POINT (0.7125505208969116 0.3011094182729721),,,,,,,,,,,,,,,,,,,,,,,,,,,,,,,,,,,,,,,,,,,,,1,
0,54,27,437260751818,1827111358,1,1,"(0.6960524320602417, 0.3565075099468231)","(0.7096675634384155, 0.28198471665382385)",1,1,2.845565795898437,2.7407684326171875,"(-60.12425231933594, -74.40144348144531, 733.1759033203125)","(5.633101463317871, -72.63972473144531, 732.3956298828125)","(68.21006774902344, 135.38494873046875, 38.63431930541992)","(72.9281997680664, 149.03538513183594, 43.602664947509766)",POINT (0.7028599977493286 0.3192461133003235),,,,,,,,,,,,,,,,,,,,,,,,,,,,,,,,,,,,,,,,,,,,,1,
0,54,27,437260768476,1827128016,1,1,"(0.6972089409828186, 0.3701815903186798)","(0.7021564245223999, 0.31239035725593567)",1,1,2.8472442626953125,2.762969970703125,"(-60.14479064941406, -74.40686798095703, 733.2163696289062)","(5.61812686920166, -72.64541625976562, 732.4549560546875)","(68.61083984375, 132.8802490234375, 37.72265625)","(70.3253173828125, 143.4659423828125, 41.57555389404297)",POINT (0.6996826827526093 0.3412859737873077),,,,,,,,,,,,,,,,,,,,,,,,,,,,,,,,,,,,,,,,,,,,,1,
0,54,27,437260785144,1827144683,1,1,"(0.7064146995544434, 0.2670510411262512)","(0.7016214728355408, 0.29284846782684326)",1,1,2.8564453125,2.747833251953125,"(-60.152122497558594, -74.3782730102539, 733.0194702148438)","(5.5989203453063965, -72.64581298828125, 732.514404296875)","(71.80094909667969, 151.77081298828125, 44.5982780456543)","(70.13993835449219, 147.04547119140625, 42.87839889526367)",POINT (0.7040180861949921 0.2799497544765472),,,,,,,,,,,,,,,,,,,,,,,,,,,,,,,,,,,,,,,,,,,,1,1,
0,54,27,437260801819,1827161358,1,1,"(0.6797558069229126, 0.3392735719680786)","(0.6979050040245056, 0.3242241442203522)",1,1,2.8961944580078125,2.76055908203125,"(-60.16083908081055, -74.37821960449219, 732.9881591796875)","(5.59184455871582, -72.65005493164062, 732.5146484375)","(62.562705993652344, 138.54171752929688, 39.78328323364258)","(68.85204315185547, 141.29833984375, 40.78660583496094)",POINT (0.6888304054737091 0.3317488580942154),,,,,,,,,,,,,,,,,,,,,,,,,,,,,,,,,,,,,,,,,,,,,1,
0,54,27,437260818478,1827178016,1,1,"(0.6831085085868835, 0.3009404242038727)","(0.6979054808616638, 0.29409220814704895)",1,1,2.90252685546875,2.760116577148437,"(-60.157527923583984, -74.37065887451172, 732.9739990234375)","(5.592100143432617, -72.64298248291016, 732.4407348632812)","(63.724517822265625, 145.563232421875, 42.338932037353516)","(68.85221099853516, 146.81764221191406, 42.79545974731445)",POINT (0.6905069947242737 0.2975163161754608),,,,,,,,,,,,,,,,,,,,,,,,,,,,,,,,,,,,,,,,,,,,,1,
0,54,27,437260835156,1827194694,1,1,"(0.70355623960495, 0.27121132612228394)","(0.7030928730964661, 0.3207317292690277)",1,1,2.805526733398437,2.755111694335937,"(-60.15937042236328, -74.37242126464844, 732.9432983398438)","(5.590619087219238, -72.6479263305664, 732.4407348632812)","(70.81041717529297, 151.00875854492188, 44.32091522216797)","(70.64984893798828, 141.93804931640625, 41.01946258544922)",POINT (0.703324556350708 0.2959715276956558),,,,,,,,,,,,,,,,,,,,,,,,,,,,,,,,,,,,,,,,,,,,1,1,
0,54,27,437260851824,1827211361,1,1,"(0.6926316618919373, 0.3417208790779114)","(0.7067599296569824, 0.31125974655151367)",1,1,2.84149169921875,2.7793731689453125,"(-60.148983001708984, -74.37081909179688, 733.0499267578125)","(5.611307144165039, -72.64224243164062, 732.3812255859375)","(67.02465057373047, 138.09344482421875, 39.62010192871094)","(71.92059326171875, 143.67303466796875, 41.65095901489258)",POINT (0.6996957957744598 0.3264903128147125),,,,,,,,,,,,,,,,,,,,,,,,,,,,,,,,,,,,,,,,,,,,,1,
0,54,27,437260868491,1827228028,1,1,"(0.6969654560089111, 0.36272644996643066)","(0.7091334462165833, 0.2988722026348114)",1,1,2.837982177734375,2.7432403564453125,"(-60.1408576965332, -74.38052368164062, 733.0970458984375)","(5.6266279220581055, -72.6489028930664, 732.3512573242188)","(68.52647399902344, 134.24581909179688, 38.2197265625)","(72.74310302734375, 145.94207763671875, 42.476829528808594)",POINT (0.7030494511127472 0.330799326300621),,,,,,,,,,,,,,,,,,,,,,,,,,,,,,,,,,,,,,,,,,,,,1,
0,54,27,437260885150,1827244686,1,1,"(0.6832216382026672, 0.3939644992351532)","(0.7129676342010498, 0.2935989499092102)",1,1,2.8852996826171875,2.7288970947265625,"(-60.12216567993164, -74.36721801757812, 733.1148681640625)","(5.646105766296387, -72.65559387207031, 732.3806762695312)","(63.763729095458984, 128.52391052246094, 36.13711929321289)","(74.07177734375, 146.90797424316406, 42.82841110229492)",POINT (0.6980946362018585 0.3437817245721817),,,,,,,,,,,,,,,,,,,,,,,,,,,,,,,,,,,,,,,,,,,,,1,
0,54,27,437260901825,1827261361,1,1,"(0.7018802165985107, 0.3309561610221863)","(0.7176647782325745, 0.2972870171070099)",1,1,2.8101348876953125,2.768661499023437,"(-60.099483489990234, -74.36360168457031, 733.0587158203125)","(5.67147159576416, -72.67599487304688, 732.4095458984375)","(70.22959899902344, 140.0652313232422, 40.33778762817383)","(75.69953155517578, 146.23243713378906, 42.58250045776367)",POINT (0.7097724974155426 0.3141215890645981),,,,,,,,,,,,,,,,,,,,,,,,,,,,,,,,,,,,,,,,,,,,,1,
0,54,27,437260918492,1827278027,1,1,"(0.7051616907119751, 0.3900236189365387)","(0.7028988599777222, 0.32787108421325684)",1,1,2.8853912353515625,2.7227325439453125,"(-60.06584548950195, -74.34294891357422, 732.8844604492188)","(5.696422100067139, -72.67664337158203, 732.3352661132812)","(71.36677551269531, 129.24575805664062, 36.39985656738281)","(70.58261108398438, 140.6302947998047, 40.54349899291992)",POINT (0.7040302753448486 0.3589473515748978),,,,,,,,,,,,,,,,,,,,,,,,,,,,,,,,,,,,,,,,,,,,,,
0,54,27,437260935150,1827294685,1,1,"(0.6995503306388855, 0.34908440709114075)","(0.7041551470756531, 0.3052850067615509)",1,1,2.790679931640625,2.741561889648437,"(-60.05793762207031, -74.3380126953125, 732.855712890625)","(5.702906608581543, -72.66813659667969, 732.2760620117188)","(69.42222595214844, 136.74465942382812, 39.12919998168945)","(71.0179443359375, 144.76744079589844, 42.04927062988281)",POINT (0.7018527388572693 0.3271847069263458),,,,,,,,,,,,,,,,,,,,,,,,,,,,,,,,,,,,,,,,,,,,,1,
0,54,27,437260968492,1827328026,1,1,"(0.7019281387329102, 0.3674590289592743)","(0.7152636051177979, 0.31368696689605713)",1,1,2.838592529296875,2.7412872314453125,"(-60.09825134277344, -74.36154174804688, 733.1043701171875)","(5.674620628356934, -72.6447525024414, 732.3208618164062)","(70.24620056152344, 133.3789520263672, 37.90420150756836)","(74.867431640625, 143.2284393310547, 41.489112854003906)",POINT (0.708595871925354 0.3405729979276657),,,,,,,,,,,,,,,,,,,,,,,,,,,,,,,,,,,,,,,,,,,,,1,
0,54,27,437260985169,1827344702,1,1,"(0.6709548234939575, 0.45243367552757263)","(0.7177103161811829, 0.28587618470191956)",1,1,2.851226806640625,2.737899780273437,"(-60.12956237792969, -74.37000274658203, 733.174072265625)","(5.646829605102539, -72.63722229003906, 732.3952026367188)","(59.5128173828125, 117.81404113769531, 32.23902130126953)","(75.71532440185547, 148.3225860595703, 43.34321212768555)",POINT (0.6943325698375702 0.3691549301147461),,,,,,,,,,,,,,,,,,,,,,,,,,,,,,,,,,,,,,,,,,,,,,
0,54,27,437261001835,1827361368,1,1,"(0.6816783547401428, 0.3912724256515503)","(0.7002743482589722, 0.28426826000213623)",1,1,2.79144287109375,2.74676513671875,"(-60.16014099121094, -74.35871887207031, 732.927978515625)","(5.593442440032959, -72.63292694091797, 732.440673828125)","(63.228912353515625, 129.01699829101562, 36.31660842895508)","(69.67312622070312, 148.6171112060547, 43.450401306152344)",POINT (0.6909763514995575 0.3377703428268433),,,,,,,,,,,,,,,,,,,,,,,,,,,,,,,,,,,,,,,,,,,,,1,
0,54,27,437261018503,1827378035,1,1,"(0.6967177987098694, 0.40751761198043823)","(0.6999553442001343, 0.2821752727031708)",1,1,2.81268310546875,2.737045288085937,"(-60.21445083618164, -74.34590911865234, 732.692626953125)","(5.517590522766113, -72.6093978881836, 732.515625)","(68.44064331054688, 126.04138946533203, 35.233482360839844)","(69.56256866455078, 149.00048828125, 43.58997344970703)",POINT (0.6983365714550018 0.3448464423418045),,,,,,,,,,,,,,,,,,,,,,,,,,,,,,,,,,,,,,,,,,,,,1,
0,54,27,437261035170,1827394702,1,1,"(0.6926508545875549, 0.36905908584594727)","(0.7149383425712585, 0.19821195304393768)",1,1,2.809051513671875,2.6807098388671875,"(-60.32710266113281, -74.38776397705078, 733.0169067382812)","(5.435546875, -72.57278442382812, 732.3986206054688)","(67.03131103515625, 133.0858612060547, 37.797508239746094)","(74.75471496582031, 164.38014221191406, 49.187721252441406)",POINT (0.7037945985794067 0.2836355194449425),,,,,,,,,,,,,,,,,,,,,,,,,,,,,,,,,,,,,,,,,,,,1,1,
0,54,27,437261051837,1827411368,1,1,"(0.6814296245574951, 0.45014405250549316)","(0.7022693157196045, 0.3047202527523041)",1,1,2.862030029296875,2.759613037109375,"(-60.384769439697266, -74.4085464477539, 733.1268310546875)","(5.367574691772461, -72.52082824707031, 732.31103515625)","(63.14272689819336, 118.2334213256836, 32.391693115234375)","(70.36446380615234, 144.87088012695312, 42.08689498901367)",POINT (0.6918494701385498 0.3774321526288986),,,,,,,,,,,,,,,,,,,,,,,,,,,,,,,,,,,,,,,,,,,,,,
0,54,27,437261068504,1827428035,1,1,"(0.6869347095489502, 0.47959062457084656)","(0.7138029336929321, 0.2697165906429291)",1,1,2.8167877197265625,2.710296630859375,"(-60.442928314208984, -74.39603424072266, 732.8153076171875)","(5.272133827209473, -72.49822998046875, 732.4309692382812)","(65.0504150390625, 112.83965301513672, 30.42852783203125)","(74.36125946044922, 151.28256225585938, 44.42055892944336)",POINT (0.7003688216209412 0.3746536076068878),,,,,,,,,,,,,,,,,,,,,,,,,,,,,,,,,,,,,,,,,,,,,,
0,54,27,437261085174,1827444704,1,1,"(0.7083255648612976, 0.3635430932044983)","(0.7098460793495178, 0.31934061646461487)",1,1,2.86224365234375,2.734619140625,"(-60.52641296386719, -74.42137145996094, 732.9353637695312)","(5.215597152709961, -72.47381591796875, 732.4913330078125)","(72.46314239501953, 134.09622192382812, 38.165279388427734)","(72.99005126953125, 142.19285583496094, 41.1121826171875)",POINT (0.7090858221054077 0.3414418548345566),,,,,,,,,,,,,,,,,,,,,,,,,,,,,,,,,,,,,,,,,,,,,1,
0,54,27,437261101841,1827461371,1,1,"(0.7024510502815247, 0.4040358364582062)","(0.7137489914894104, 0.26057419180870056)",1,1,2.81768798828125,2.7198486328125,"(-60.60346603393555, -74.47052001953125, 733.2210693359375)","(5.15606689453125, -72.4493637084961, 732.3739013671875)","(70.42740631103516, 126.67910766601562, 35.4657096862793)","(74.34258270263672, 152.9571533203125, 45.030147552490234)",POINT (0.7081000208854675 0.3323050141334534),,,,,,,,,,,,,,,,,,,,,,,,,,,,,,,,,,,,,,,,,,,,,1,
0,54,27,437261118508,1827478037,1,1,"(0.6980516314506531, 0.3932859003543854)","(0.7081494331359863, 0.303223192691803)",1,1,2.7983551025390625,2.7466278076171875,"(-60.63772964477539, -74.4828872680664, 733.2600708007812)","(5.111705780029297, -72.4185791015625, 732.2860717773438)","(68.90286254882812, 128.64820861816406, 36.18231964111328)","(72.40210723876953, 145.1450958251953, 42.18675994873047)",POINT (0.7031005322933197 0.3482545465230942),,,,,,,,,,,,,,,,,,,,,,,,,,,,,,,,,,,,,,,,,,,,,1,
0,54,27,437261135175,1827494704,1,1,"(0.7077578902244568, 0.39547473192214966)","(0.6978163719177246, 0.32783418893814087)",1,1,2.867523193359375,2.7247772216796875,"(-60.66826629638672, -74.4847412109375, 732.9985961914062)","(5.059308052062988, -72.42321014404297, 732.345703125)","(72.26643371582031, 128.24728393554688, 36.036407470703125)","(68.82133483886719, 140.63706970214844, 40.54594421386719)",POINT (0.7027871310710907 0.3616544604301453),,,,,,,,,,,,,,,,,,,,,,,,,,,,,,,,,,,,,,,,,,,,,,
0,54,27,437261151843,1827511371,1,1,"(0.6994525790214539, 0.388405442237854)","(0.6968830227851868, 0.3263649046421051)",1,1,2.8340606689453125,2.7529449462890625,"(-60.70518112182617, -74.49798583984375, 732.961669921875)","(5.024596691131592, -72.42398071289062, 732.3169555664062)","(69.38831329345703, 129.54217529296875, 36.507720947265625)","(68.49790954589844, 140.9062042236328, 40.64390563964844)",POINT (0.6981678009033203 0.3573851734399796),,,,,,,,,,,,,,,,,,,,,,,,,,,,,,,,,,,,,,,,,,,,,,
0,54,27,437261168509,1827528037,1,1,"(0.6981668472290039, 0.427278608083725)","(0.7088415026664734, 0.30056026577949524)",1,1,2.8564605712890625,2.7133941650390625,"(-60.738059997558594, -74.50532531738281, 732.8953247070312)","(4.991442680358887, -72.42334747314453, 732.2880859375)","(68.94276428222656, 122.42173767089844, 33.91604232788086)","(72.64193725585938, 145.6328887939453, 42.364219665527344)",POINT (0.7035041749477386 0.3639194369316101),,,,,,,,,,,,,,,,,,,,,,,,,,,,,,,,,,,,,,,,,,,,,,
0,54,27,437261185177,1827544704,1,1,"(0.7005795240402222, 0.3853970468044281)","(0.7214477062225342, 0.2524902820587158)",1,1,2.7950897216796875,2.688232421875,"(-60.765193939208984, -74.50654602050781, 732.9054565429688)","(4.975848197937012, -72.43289947509766, 732.3624267578125)","(69.77885437011719, 130.0932159423828, 36.70829772949219)","(77.01044464111328, 154.4379119873047, 45.569053649902344)",POINT (0.7110136151313782 0.318943664431572),,,,,,,,,,,,,,,,,,,,,,,,,,,,,,,,,,,,,,,,,,,,,1,
0,54,27,437261201844,1827561371,1,1,"(0.6874943971633911, 0.42736175656318665)","(0.7091102004051208, 0.2795419991016388)",1,1,2.78863525390625,2.70574951171875,"(-60.77302551269531, -74.47872924804688, 732.8878784179688)","(4.977360248565674, -72.42972564697266, 732.2883911132812)","(65.244384765625, 122.40647888183594, 33.91056442260742)","(72.73506164550781, 149.48281860351562, 43.76552963256836)",POINT (0.698302298784256 0.3534518778324127),,,,,,,,,,,,,,,,,,,,,,,,,,,,,,,,,,,,,,,,,,,,,1,
0,54,27,437261218518,1827578044,1,1,"(0.6892968416213989, 0.403293251991272)","(0.7141960263252258, 0.3002808392047882)",1,1,2.8028717041015625,2.725082397460937,"(-60.76036071777344, -74.43504333496094, 732.8008422851562)","(4.989562034606934, -72.42477416992188, 732.2290649414062)","(65.8689956665039, 126.81515502929688, 35.51514434814453)","(74.49748992919922, 145.68406677246094, 42.382877349853516)",POINT (0.7017464339733124 0.3517870455980301),,,,,,,,,,,,,,,,,,,,,,,,,,,,,,,,,,,,,,,,,,,,,1,
0,54,27,437261235185,1827594711,1,1,"(0.6970148086547852, 0.41887331008911133)","(0.700707733631134, 0.31581351161003113)",1,1,2.8152618408203125,2.7423248291015625,"(-60.74304962158203, -74.38821411132812, 732.7896728515625)","(5.011538505554199, -72.40180969238281, 732.1104736328125)","(68.5435562133789, 123.96134185791016, 34.47642135620117)","(69.82329559326172, 142.8389129638672, 41.347354888916016)",POINT (0.6988612711429596 0.3673434108495712),,,,,,,,,,,,,,,,,,,,,,,,,,,,,,,,,,,,,,,,,,,,,,
0,54,27,437261251852,1827611377,1,1,"(0.6940904259681702, 0.4384741485118866)","(0.6907211542129517, 0.3200961649417877)",1,1,2.789169311523437,2.748809814453125,"(-60.70081329345703, -74.34960174560547, 732.677490234375)","(5.0536017417907715, -72.3994369506836, 732.2425537109375)","(67.53015899658203, 120.37100982666016, 33.16970443725586)","(66.36257934570312, 142.05447387695312, 41.06182098388672)",POINT (0.6924057900905609 0.3792851567268372),,,,,,,,,,,,,,,,,,,,,,,,,,,,,,,,,,,,,,,,,,,,,,
0,54,27,437261268519,1827628044,1,1,"(0.684439480304718, 0.4975220561027527)","(0.7051602602005005, 0.310271292924881)",1,1,2.889404296875,2.73565673828125,"(-60.656227111816406, -74.31806945800781, 732.698974609375)","(5.096642017364502, -72.39445495605469, 732.2864990234375)","(64.18574523925781, 109.55513763427734, 29.233041763305664)","(71.36625671386719, 143.85409545898438, 41.71686935424805)",POINT (0.6947998702526093 0.4038966745138168),,,,,,,,,,,,,,,,,,,,,,,,,,,,,,,,,,,,,,,,,,,,,,
0,54,27,437261285187,1827644711,1,1,"(0.6968324780464172, 0.41557544469833374)","(0.7100259065628052, 0.31841200590133667)",1,1,2.7944488525390625,2.7631378173828125,"(-60.627864837646484, -74.29412841796875, 732.8543701171875)","(5.134772777557373, -72.38153076171875, 732.1825561523438)","(68.48037719726562, 124.5654067993164, 34.69632339477539)","(73.05237579345703, 142.3629608154297, 41.17412567138672)",POINT (0.7034291923046112 0.3669937252998352),,,,,,,,,,,,,,,,,,,,,,,,,,,,,,,,,,,,,,,,,,,,,,
0,54,27,437261301854,1827661378,1,1,"(0.6903213858604431, 0.44043025374412537)","(0.7006419897079468, 0.3135228753089905)",1,1,2.834320068359375,2.7818756103515625,"(-60.60974884033203, -74.26716613769531, 732.9330444335938)","(5.1606035232543945, -72.3774185180664, 732.1522216796875)","(66.22403717041016, 120.01271057128906, 33.039276123046875)","(69.80049133300781, 143.2584991455078, 41.500064849853516)",POINT (0.695481687784195 0.3769765645265579),,,,,,,,,,,,,,,,,,,,,,,,,,,,,,,,,,,,,,,,,,,,,,
0,54,27,437261318521,1827678044,1,1,"(0.7017442584037781, 0.4019109308719635)","(0.7194319367408752, 0.3047589957714081)",1,1,2.74432373046875,2.725082397460937,"(-60.584041595458984, -74.24030303955078, 732.907958984375)","(5.190689563751221, -72.37317657470703, 732.078125)","(70.18248748779297, 127.06834411621094, 35.607357025146484)","(76.31192016601562, 144.86380004882812, 42.08430480957031)",POINT (0.7105880975723267 0.3533349633216858),,,,,,,,,,,,,,,,,,,,,,,,,,,,,,,,,,,,,,,,,,,,,,
0,54,27,437261335187,1827694710,1,1,"(0.695198118686676, 0.417045533657074)","(0.7119624614715576, 0.3520554304122925)",1,1,2.8832550048828125,2.7337799072265625,"(-60.576576232910156, -74.22532653808594, 732.8939208984375)","(5.202239036560059, -72.364013671875, 731.9600219726562)","(67.91400146484375, 124.29611206054688, 34.598323822021484)","(73.72344970703125, 136.200439453125, 38.93112564086914)",POINT (0.7035802900791168 0.3845504820346832),,,,,,,,,,,,,,,,,,,,,,,,,,,,,,,,,,,,,,,,,,,,,,
0,54,27,437261351858,1827711380,1,1,"(0.7035623788833618, 0.391439825296402)","(0.7121081948280334, 0.3155089318752289)",1,1,2.842315673828125,2.7643280029296875,"(-60.565643310546875, -74.22189331054688, 732.821044921875)","(5.214689254760742, -72.36590576171875, 731.9298706054688)","(70.81253051757812, 128.98635864257812, 36.30543518066406)","(73.77397918701172, 142.89471435546875, 41.367652893066406)",POINT (0.7078352868556976 0.3534743785858154),,,,,,,,,,,,,,,,,,,,,,,,,,,,,,,,,,,,,,,,,,,,,,
0,54,27,437261368524,1827728046,1,1,"(0.7034516334533691, 0.4220964312553406)","(0.7082498669624329, 0.3287729024887085)",1,1,2.71600341796875,2.7767333984375,"(-60.562374114990234, -74.23267364501953, 732.8067626953125)","(5.213750839233398, -72.37421417236328, 731.9891357421875)","(70.77416229248047, 123.37093353271484, 34.26160430908203)","(72.43692016601562, 140.4651336669922, 40.483375549316406)",POINT (0.705850750207901 0.3754346668720245),,,,,,,,,,,,,,,,,,,,,,,,,,,,,,,,,,,,,,,,,,,,,,
0,54,27,437261385191,1827744712,1,1,"(0.6981273889541626, 0.43452325463294983)","(0.7083458304405212, 0.34664273262023926)",1,1,2.6494293212890625,2.756698608398437,"(-60.55678939819336, -74.2449951171875, 732.8258666992188)","(5.215671539306641, -72.36557006835938, 731.9152221679688)","(68.92912292480469, 121.09471893310547, 33.433074951171875)","(72.47016906738281, 137.19189453125, 39.29198455810547)",POINT (0.7032366096973419 0.3905829936265945),,,,,,,,,,,,,,,,,,,,,,,,,,,,,,,,,,,,,,,,,,,,,,
0,54,27,437261618542,1827978056,1,1,"(0.6329643726348877, 0.49582013487815857)","(0.6468580961227417, 0.3303830623626709)",1,1,2.7295684814453125,2.76776123046875,"(-60.79881286621094, -74.19721984863281, 732.79248046875)","(5.023237705230713, -72.19090270996094, 731.8733520507812)","(46.34773635864258, 109.86689758300781, 29.34645652770996)","(51.162418365478516, 140.17019653320312, 40.376033782958984)",POINT (0.6399112343788147 0.4131015986204147),,,,,,,,,,,,,,,,,,,,,,,,,,,,,,,,,,,,,,,,,,,,,,
0,54,27,437261635209,1827994723,1,1,"(0.6255652904510498, 0.3819701373577118)","(0.6439021825790405, 0.27207615971565247)",1,1,2.890350341796875,2.819686889648437,"(-60.76771926879883, -74.23323059082031, 732.8275756835938)","(5.05457067489624, -72.21681213378906, 731.665771484375)","(43.78369903564453, 130.72093200683594, 36.9367561340332)","(50.13808059692383, 150.85035705566406, 44.26324462890625)",POINT (0.6347337365150452 0.3270231485366821),,,,,,,,,,,,,,,,,,,,,,,,,,,,,,,,,,,,,,,,,,,,,1,
0,54,27,437261651876,1828011389,1,1,"(0.6245061159133911, 0.37954387068748474)","(0.6455790400505066, 0.3046073615550995)",1,1,2.848602294921875,2.8278350830078125,"(-60.7237663269043, -74.24678039550781, 732.7177734375)","(5.087381362915039, -72.27456665039062, 731.768798828125)","(43.416648864746094, 131.1653594970703, 37.098487854003906)","(50.719173431396484, 144.89157104492188, 42.09443664550781)",POINT (0.6350425779819489 0.3420756161212921),,,,,,,,,,,,,,,,,,,,,,,,,,,,,,,,,,,,,,,,,,,,,1,
0,54,27,437261668543,1828028056,1,1,"(0.6203466653823853, 0.33170878887176514)","(0.6436331272125244, 0.23610813915729523)",1,1,2.874755859375,2.799346923828125,"(-60.68885803222656, -74.26564025878906, 732.8883056640625)","(5.1156182289123535, -72.30960845947266, 731.8424072265625)","(41.97523498535156, 139.92738342285156, 40.28758239746094)","(50.04485321044922, 157.4386749267578, 46.66117477416992)",POINT (0.6319898962974548 0.2839084640145302),,,,,,,,,,,,,,,,,,,,,,,,,,,,,,,,,,,,,,,,,,,,1,1,
0,54,27,437261685211,1828044723,1,1,"(0.6210820078849792, 0.35888567566871643)","(0.6427699327468872, 0.2639192044734955)",1,1,2.89990234375,2.811141967773437,"(-60.65596008300781, -74.24714660644531, 732.7738037109375)","(5.142580986022949, -72.32807922363281, 731.842041015625)","(42.230064392089844, 134.94935607910156, 38.475765228271484)","(49.74574279785156, 152.34446716308594, 44.80706787109375)",POINT (0.6319259703159332 0.311402440071106),,,,,,,,,,,,,,,,,,,,,,,,,,,,,,,,,,,,,,,,,,,,,1,
0,54,27,437261701877,1828061389,1,1,"(0.6277009844779968, 0.3636389970779419)","(0.6469173431396484, 0.22779884934425354)",1,1,2.92352294921875,2.799667358398437,"(-60.64512252807617, -74.25140380859375, 732.79052734375)","(5.158593654632568, -72.34586334228516, 731.9599609375)","(44.52377700805664, 134.07867431640625, 38.15885925292969)","(51.182952880859375, 158.96067810058594, 47.21518325805664)",POINT (0.6373091638088226 0.2957189232110977),,,,,,,,,,,,,,,,,,,,,,,,,,,,,,,,,,,,,,,,,,,,1,1,
0,54,27,437261718544,1828078055,1,1,"(0.6180362701416016, 0.34189364314079285)","(0.6424576640129089, 0.29768943786621094)",1,1,2.93310546875,2.817352294921875,"(-60.63458251953125, -74.27061462402344, 732.8827514648438)","(5.171021938323975, -72.36224365234375, 732.0928955078125)","(41.17460632324219, 138.06178283691406, 39.60861587524414)","(49.637535095214844, 146.1587371826172, 42.55564880371094)",POINT (0.6302469670772552 0.3197915405035019),,,,,,,,,,,,,,,,,,,,,,,,,,,,,,,,,,,,,,,,,,,,,1,
0,54,27,437261735211,1828094722,1,1,"(0.6157985925674438, 0.3071495294570923)","(0.6374463438987732, 0.29852306842803955)",1,1,2.905136108398437,2.8326416015625,"(-60.6448974609375, -74.2782211303711, 732.8970947265625)","(5.151606559753418, -72.3492431640625, 731.9307250976562)","(40.3991813659668, 144.42591857910156, 41.924949645996094)","(47.90092086791992, 146.0060272216797, 42.50008773803711)",POINT (0.6266224682331085 0.3028362989425659),,,,,,,,,,,,,,,,,,,,,,,,,,,,,,,,,,,,,,,,,,,,,1,
0,54,27,437261751885,1828111395,1,1,"(0.6202972531318665, 0.30458056926727295)","(0.6438968181610107, 0.2730862498283386)",1,1,2.955047607421875,2.81689453125,"(-60.65997314453125, -74.28263092041016, 732.77392578125)","(5.127422332763672, -72.34947204589844, 731.9166870117188)","(41.95812225341797, 144.896484375, 42.09623718261719)","(50.1362190246582, 150.6653289794922, 44.19590377807617)",POINT (0.6320970356464386 0.2888334095478058),,,,,,,,,,,,,,,,,,,,,,,,,,,,,,,,,,,,,,,,,,,,1,1,
0,54,27,437261768552,1828128062,1,1,"(0.6192148923873901, 0.30689480900764465)","(0.6393641233444214, 0.2653854489326477)",1,1,2.9627838134765625,2.8235321044921875,"(-60.70294952392578, -74.30020904541016, 732.8260498046875)","(5.089983940124512, -72.34197235107422, 731.902587890625)","(41.58304977416992, 144.4725799560547, 41.941932678222656)","(48.56547546386719, 152.07589721679688, 44.709327697753906)",POINT (0.6292895078659058 0.2861401289701462),,,,,,,,,,,,,,,,,,,,,,,,,,,,,,,,,,,,,,,,,,,,1,1,
0,54,27,437261785219,1828144728,1,1,"(0.6208670735359192, 0.29450419545173645)","(0.6382333040237427, 0.2852379381656647)",1,1,2.964630126953125,2.81488037109375,"(-60.76494598388672, -74.337158203125, 732.9805908203125)","(5.035171985626221, -72.34728240966797, 731.9619140625)","(42.15557861328125, 146.74217224121094, 42.76801300048828)","(48.17363739013672, 148.4394989013672, 43.38575744628906)",POINT (0.6295501887798309 0.2898710668087006),,,,,,,,,,,,,,,,,,,,,,,,,,,,,,,,,,,,,,,,,,,,1,1,
0,54,27,437261801886,1828161395,1,1,"(0.6324628591537476, 0.2677108645439148)","(0.6397758722305298, 0.2817496359348297)",1,1,2.95953369140625,2.8177032470703125,"(-60.84018325805664, -74.36775207519531, 733.28271484375)","(4.97324275970459, -72.35317993164062, 732.1107788085938)","(46.17394256591797, 151.64996337890625, 44.55429458618164)","(48.70817184448242, 149.0784454345703, 43.61833572387695)",POINT (0.6361193656921387 0.2747302502393722),,,,,,,,,,,,,,,,,,,,,,,,,,,,,,,,,,,,,,,,,,,,1,1,
0,54,27,437261818553,1828178061,1,1,"(0.6298981308937073, 0.300611674785614)","(0.6394621729850769, 0.30261147022247314)",1,1,2.9712066650390625,2.8637237548828125,"(-60.87845230102539, -74.3834228515625, 733.27587890625)","(4.9254655838012695, -72.3655776977539, 732.2299194335938)","(45.28518295288086, 145.6234588623047, 42.36080551147461)","(48.5994873046875, 145.2571563720703, 42.22749710083008)",POINT (0.6346801519393921 0.3016115725040436),,,,,,,,,,,,,,,,,,,,,,,,,,,,,,,,,,,,,,,,,,,,,1,
0,54,27,437261835220,1828194728,1,1,"(0.6167579889297485, 0.3011021018028259)","(0.6321917772293091, 0.24435696005821228)",1,1,2.963714599609375,2.8503875732421875,"(-60.918251037597656, -74.38819885253906, 733.17919921875)","(4.8701910972595215, -72.35687255859375, 732.1864624023438)","(40.73164367675781, 145.5336151123047, 42.32817077636719)","(46.079994201660156, 155.92770385742188, 46.11128234863281)",POINT (0.6244748830795288 0.2727295309305191),,,,,,,,,,,,,,,,,,,,,,,,,,,,,,,,,,,,,,,,,,,,1,1,
0,54,27,437261851888,1828211395,1,1,"(0.6260035634040833, 0.2744404375553131)","(0.6385813355445862, 0.2667674422264099)",1,1,2.9900665283203125,2.8473663330078125,"(-60.982540130615234, -74.41556549072266, 733.2425537109375)","(4.816534519195557, -72.36079406738281, 732.1722412109375)","(43.93556594848633, 150.41729736328125, 44.105594635009766)","(48.294246673583984, 151.82276916503906, 44.61715316772461)",POINT (0.6322924494743347 0.2706039398908615),,,,,,,,,,,,,,,,,,,,,,,,,,,,,,,,,,,,,,,,,,,,1,1,
0,54,27,437261868554,1828228061,1,1,"(0.624274492263794, 0.32116684317588806)","(0.6392570734024048, 0.3009167015552521)",1,1,2.9429168701171875,2.831939697265625,"(-61.04648971557617, -74.43362426757812, 733.3209228515625)","(4.759765625, -72.3594741821289, 732.1880493164062)","(43.33639144897461, 141.85833740234375, 40.99046325683594)","(48.528404235839844, 145.56759643554688, 42.340492248535156)",POINT (0.6317657828330994 0.3110417723655701),,,,,,,,,,,,,,,,,,,,,,,,,,,,,,,,,,,,,,,,,,,,,1,
0,54,27,437261885228,1828244734,1,1,"(0.6447526812553406, 0.3175612688064575)","(0.6571215987205505, 0.3146125376224518)",1,1,2.950225830078125,2.839462280273437,"(-61.01418685913086, -74.46244812011719, 733.2210083007812)","(4.762664794921875, -72.36746215820312, 732.0704345703125)","(50.43281555175781, 142.518798828125, 41.23078918457031)","(54.7191047668457, 143.05889892578125, 41.42742156982422)",POINT (0.6509371399879456 0.3160869032144546),,,,,,,,,,,,,,,,,,,,,,,,,,,,,,,,,,,,,,,,,,,,,1,
0,54,27,437261901895,1828261401,1,1,"(0.6569588780403137, 0.3127186596393585)","(0.6634824275970459, 0.2623302638530731)",1,1,2.958358764648437,2.7926483154296875,"(-61.051734924316406, -74.49314880371094, 733.3642578125)","(4.738264560699463, -72.379150390625, 732.1744384765625)","(54.662715911865234, 143.4058074951172, 41.553688049316406)","(56.92335891723633, 152.63552856445312, 44.913002014160156)",POINT (0.6602206528186798 0.2875244617462158),,,,,,,,,,,,,,,,,,,,,,,,,,,,,,,,,,,,,,,,,,,,1,1,
0,54,27,437261918562,1828278067,1,1,"(0.6463282108306885, 0.23027147352695465)","(0.6612519025802612, 0.34347638487815857)",1,1,2.92315673828125,2.83734130859375,"(-61.08361053466797, -74.54470825195312, 733.388427734375)","(4.705174922943115, -72.39433288574219, 732.3372802734375)","(50.97880935668945, 158.50778198242188, 47.050323486328125)","(56.15042495727539, 137.77188110351562, 39.503082275390625)",POINT (0.6537900567054749 0.2868739292025566),,,,,,,,,,,,,,,,,,,,,,,,,,,,,,,,,,,,,,,,,,,,1,1,
0,54,27,437261935230,1828294735,1,1,"(0.6624264717102051, 0.3160371482372284)","(0.6616033315658569, 0.29290780425071716)",1,1,2.93353271484375,2.807723999023437,"(-61.107017517089844, -74.5392837524414, 733.337890625)","(4.678365230560303, -72.39557647705078, 732.3965454101562)","(56.55742263793945, 142.79798889160156, 41.33240509033203)","(56.27219772338867, 147.0345916748047, 42.874420166015625)",POINT (0.662014901638031 0.3044724762439728),,,,,,,,,,,,,,,,,,,,,,,,,,,,,,,,,,,,,,,,,,,,,1,
0,54,27,437261951897,1828311401,1,1,"(0.6447299718856812, 0.28209367394447327)","(0.6670236587524414, 0.31382688879966736)",1,1,2.9100341796875,2.8292388916015625,"(-61.137481689453125, -74.583740234375, 733.3782958984375)","(4.6488847732543945, -72.38876342773438, 732.2789306640625)","(50.424964904785156, 149.01541137695312, 43.595420837402344)","(58.15053176879883, 143.20281982421875, 41.47977828979492)",POINT (0.6558768153190613 0.2979602813720703),,,,,,,,,,,,,,,,,,,,,,,,,,,,,,,,,,,,,,,,,,,,,1,
0,54,27,437261968563,1828328067,1,1,"(0.650974690914154, 0.30027496814727783)","(0.657174289226532, 0.30437183380126953)",1,1,2.951629638671875,2.81243896484375,"(-61.1552734375, -74.57353210449219, 733.329345703125)","(4.621418476104736, -72.37506103515625, 732.235107421875)","(52.588958740234375, 145.6851348876953, 42.38326644897461)","(54.737361907958984, 144.9346923828125, 42.110172271728516)",POINT (0.654074490070343 0.3023234009742737),,,,,,,,,,,,,,,,,,,,,,,,,,,,,,,,,,,,,,,,,,,,,1,
0,54,27,437261985231,1828344734,1,1,"(0.6351422071456909, 0.27925366163253784)","(0.6746791005134583, 0.28524360060691833)",1,1,2.949310302734375,2.7774810791015625,"(-61.1688346862793, -74.60395050048828, 733.282470703125)","(4.602967262268066, -72.36770629882812, 732.1023559570312)","(47.10243606567383, 149.53562927246094, 43.78475570678711)","(60.80344009399414, 148.43846130371094, 43.385398864746094)",POINT (0.6549106538295746 0.2822486311197281),,,,,,,,,,,,,,,,,,,,,,,,,,,,,,,,,,,,,,,,,,,,1,1,
0,54,27,437262001898,1828361401,1,1,"(0.6381178498268127, 0.2973344326019287)","(0.6599025726318359, 0.26965031027793884)",1,1,2.9296417236328125,2.7977752685546875,"(-61.18522644042969, -74.57591247558594, 733.2178344726562)","(4.591380596160889, -72.35816955566406, 732.1021728515625)","(48.13360595703125, 146.22377014160156, 42.57931137084961)","(55.68281936645508, 151.29470825195312, 44.42496871948242)",POINT (0.6490102112293243 0.2834923714399338),,,,,,,,,,,,,,,,,,,,,,,,,,,,,,,,,,,,,,,,,,,,1,1,
0,54,27,437262018570,1828378072,1,1,"(0.6503236889839172, 0.19223231077194214)","(0.6608484983444214, 0.3019014894962311)",1,1,2.861083984375,2.8051300048828125,"(-61.18324661254883, -74.58116149902344, 733.202880859375)","(4.597711086273193, -72.35838317871094, 732.058349609375)","(52.3633918762207, 165.47544860839844, 49.586387634277344)","(56.01061248779297, 145.38722229003906, 42.27481460571289)",POINT (0.6555860936641693 0.2470669001340866),,,,,,,,,,,,,,,,,,,,,,,,,,,,,,,,,,,,,,,,,,,,1,1,
0,54,27,437262035237,1828394739,1,1,"(0.6506439447402954, 0.25428032875061035)","(0.6687799096107483, 0.29786160588264465)",1,1,2.8912353515625,2.77435302734375,"(-61.1796989440918, -74.53578186035156, 733.219482421875)","(4.604158878326416, -72.34965515136719, 732.13134765625)","(52.4743537902832, 154.1100311279297, 45.44969177246094)","(58.75912857055664, 146.12721252441406, 42.54413986206055)",POINT (0.6597119271755219 0.2760709673166275),,,,,,,,,,,,,,,,,,,,,,,,,,,,,,,,,,,,,,,,,,,,1,1,
0,54,27,437262051905,1828411406,1,1,"(0.595121443271637, 0.4189974367618561)","(0.609967827796936, 0.36908048391342163)",1,1,2.947021484375,2.7509307861328125,"(-61.279624938964844, -74.6366958618164, 733.0374755859375)","(4.437134742736816, -72.4188232421875, 732.2077026367188)","(33.23379135131836, 123.93859100341797, 34.468204498291016)","(38.37860107421875, 133.08192443847656, 37.79609680175781)",POINT (0.6025446355342865 0.3940389603376388),,,,,,,,,,,,,,,,,,,,,,,,,,,,,,,,,,,,,,,,,,,,,1,
0,54,27,437262068572,1828428073,1,1,"(0.5072788000106812, 0.5327305197715759)","(0.5135675668716431, 0.5072511434555054)",1,1,2.9503631591796875,2.8059234619140625,"(-61.499839782714844, -74.77983093261719, 733.2796020507812)","(4.151885986328125, -72.59809112548828, 732.0055541992188)","(2.7930996417999268, 103.10594177246094, 26.885744094848633)","(4.972384929656982, 107.77301788330078, 28.584423065185547)",POINT (0.5104231834411621 0.5199908316135406),,,,,,,,,,,,,,,,,,,,,,,,,,,,,,,,,,,,,,,,,,,,,1,
0,54,27,437262085239,1828444739,1,1,"(0.5051435828208923, 0.47900816798210144)","(0.5100225210189819, 0.4906275272369385)",1,1,2.958526611328125,2.7882080078125,"(-61.485450744628906, -74.80424499511719, 733.1185302734375)","(4.2042999267578125, -72.59408569335938, 731.9600219726562)","(2.05318021774292, 112.94635009765625, 30.467344284057617)","(3.7438769340515137, 110.8180160522461, 29.69269371032715)",POINT (0.5075830519199371 0.48481784760952),,,,,,,,,,,,,,,,,,,,,,,,,,,,,,,,,,,,,,,,,,,,,1,
0,54,27,437262101906,1828461406,1,1,"(0.5079773664474487, 0.5046059489250183)","(0.49816063046455383, 0.507882297039032)",1,1,2.9181060791015625,2.813079833984375,"(-61.464576721191406, -74.77864074707031, 733.047119140625)","(4.237951755523682, -72.57234191894531, 731.7825927734375)","(3.0351572036743164, 108.257568359375, 28.76076316833496)","(-0.36667612195014954, 107.65741729736328, 28.542362213134766)",POINT (0.5030689984560013 0.5062441229820251),,,,,,,,,,,,,,,,,,,,,,,,,,,,,,,,,,,,,,,,,,,,,1,
0,54,27,437262118573,1828478072,1,1,"(0.506384551525116, 0.5123612880706787)","(0.5011354684829712, 0.5185949802398682)",1,1,2.8898468017578125,2.805572509765625,"(-61.44544982910156, -74.80807495117188, 733.021728515625)","(4.270411968231201, -72.57989501953125, 731.708740234375)","(2.4832067489624023, 106.83699798583984, 28.24372673034668)","(0.6642197966575623, 105.69517517089844, 27.8281192779541)",POINT (0.5037600100040436 0.5154781341552734),,,,,,,,,,,,,,,,,,,,,,,,,,,,,,,,,,,,,,,,,,,,,1,
0,54,27,437262135243,1828494742,1,1,"(0.5059114098548889, 0.4814288914203644)","(0.5033294558525085, 0.5281210541725159)",1,1,2.9512939453125,2.79571533203125,"(-61.434471130371094, -74.81185913085938, 733.0693359375)","(4.293279647827148, -72.56498718261719, 731.51611328125)","(2.3192265033721924, 112.50294494628906, 30.30596351623535)","(1.424498200416565, 103.95027923583984, 27.19300651550293)",POINT (0.5046204328536987 0.5047749727964401),,,,,,,,,,,,,,,,,,,,,,,,,,,,,,,,,,,,,,,,,,,,,1,
0,54,27,437262151911,1828511409,1,1,"(0.49585485458374023, 0.47104623913764954)","(0.5133014917373657, 0.5468162298202515)",1,1,2.9703369140625,2.82080078125,"(-61.42003631591797, -74.86277770996094, 733.027099609375)","(4.317872524261475, -72.58534240722656, 731.4266967773438)","(-1.1657203435897827, 114.40473937988281, 30.99814796447754)","(4.880185604095459, 100.52587127685547, 25.94664192199707)",POINT (0.504578173160553 0.5089312344789505),,,,,,,,,,,,,,,,,,,,,,,,,,,,,,,,,,,,,,,,,,,,,1,
0,54,27,437262168577,1828528075,1,1,"(0.5058072805404663, 0.5242476463317871)","(0.5000290274620056, 0.5556550025939941)",1,1,2.915878295898437,2.794906616210937,"(-61.407066345214844, -74.87423706054688, 732.9395141601562)","(4.329948425292969, -72.59465789794922, 731.38232421875)","(2.283163070678711, 104.65977478027344, 27.451271057128906)","(0.2807706296443939, 98.9068603515625, 25.357337951660156)",POINT (0.502918154001236 0.5399513244628906),,,,,,,,,,,,,,,,,,,,,,,,,,,,,,,,,,,,,,,,,,,,,1,
0,54,27,437262185245,1828544742,1,1,"(0.5034616589546204, 0.522659420967102)","(0.5148119330406189, 0.5319798588752747)",1,1,2.9160614013671875,2.8167724609375,"(-61.40419387817383, -74.94427490234375, 733.0126342773438)","(4.344379425048828, -72.6917495727539, 731.426513671875)","(1.4703176021575928, 104.95069885253906, 27.55712890625)","(5.403608322143555, 103.24346923828125, 26.935747146606445)",POINT (0.5091367959976196 0.5273196399211884),,,,,,,,,,,,,,,,,,,,,,,,,,,,,,,,,,,,,,,,,,,,,1,
0,54,27,437262201912,1828561409,1,1,"(0.5044146776199341, 0.5015058517456055)","(0.50670325756073, 0.5118062496185303)",1,1,2.91937255859375,2.8135223388671875,"(-61.39855194091797, -74.96540832519531, 732.9691162109375)","(4.3547892570495605, -72.71978759765625, 731.4561767578125)","(1.800572395324707, 108.82542419433594, 28.96741485595703)","(2.5936496257781982, 106.93868255615234, 28.28070640563965)",POINT (0.505558967590332 0.5066560506820679),,,,,,,,,,,,,,,,,,,,,,,,,,,,,,,,,,,,,,,,,,,,,1,
0,54,27,437262218579,1828578075,1,1,"(0.499946266412735, 0.5188279747962952)","(0.5104258060455322, 0.5023505687713623)",1,1,2.9101715087890625,2.7644195556640625,"(-61.39775085449219, -75.04466247558594, 732.9561767578125)","(4.364752769470215, -72.7886962890625, 731.47119140625)","(0.252095103263855, 105.65251159667969, 27.812610626220703)","(3.883660316467285, 108.67068481445312, 28.911130905151367)",POINT (0.5051860362291336 0.5105892717838287),,,,,,,,,,,,,,,,,,,,,,,,,,,,,,,,,,,,,,,,,,,,,1,
0,54,27,437262235246,1828594742,1,1,"(0.5093790292739868, 0.48751020431518555)","(0.5090628862380981, 0.4746992290019989)",1,1,2.926254272460937,2.789093017578125,"(-61.39710998535156, -75.07254791259766, 733.0919799804688)","(4.377131938934326, -72.79310607910156, 731.5151977539062)","(3.520899772644043, 111.3890151977539, 29.900522232055664)","(3.411363124847412, 113.7356185913086, 30.754608154296875)",POINT (0.5092209577560425 0.4811047166585922),,,,,,,,,,,,,,,,,,,,,,,,,,,,,,,,,,,,,,,,,,,,,1,
0,54,27,437262251913,1828611408,1,1,"(0.49775180220603943, 0.501660943031311)","(0.5135703682899475, 0.524537205696106)",1,1,2.9102935791015625,2.819671630859375,"(-61.39312744140625, -75.10477447509766, 733.017822265625)","(4.370962142944336, -72.80140686035156, 731.4713134765625)","(-0.5083495378494263, 108.79698944091797, 28.95709800720215)","(4.973353862762451, 104.60673522949219, 27.431983947753906)",POINT (0.5056610852479935 0.5130990743637085),,,,,,,,,,,,,,,,,,,,,,,,,,,,,,,,,,,,,,,,,,,,,1,
0,54,27,437262268586,1828628081,1,1,"(0.503760814666748, 0.49313685297966003)","(0.5179518461227417, 0.509617805480957)",1,1,2.9131317138671875,2.7837066650390625,"(-61.39471435546875, -75.12188720703125, 733.062255859375)","(4.3765459060668945, -72.80317687988281, 731.471435546875)","(1.573987364768982, 110.3583755493164, 29.52541160583496)","(6.491696357727051, 107.33953857421875, 28.4266357421875)",POINT (0.5108563303947449 0.5013773292303085),,,,,,,,,,,,,,,,,,,,,,,,,,,,,,,,,,,,,,,,,,,,,1,
0,54,27,437262285254,1828644748,1,1,"(0.4976818561553955, 0.5231446623802185)","(0.4931910037994385, 0.5362643599510193)",1,1,2.872955322265625,2.8229217529296875,"(-61.423912048339844, -75.14983367919922, 733.05517578125)","(4.336441993713379, -72.8105239868164, 731.3680419921875)","(-0.5325935482978821, 104.86181640625, 27.52478790283203)","(-2.088836431503296, 102.45866394042969, 26.65012550354004)",POINT (0.495436429977417 0.5297045111656189),,,,,,,,,,,,,,,,,,,,,,,,,,,,,,,,,,,,,,,,,,,,,1,
0,54,27,437262301920,1828661414,1,1,"(0.49484750628471375, 0.5069202780723572)","(0.4877775013446808, 0.516258955001831)",1,1,2.8991851806640625,2.763427734375,"(-61.431758880615234, -75.15071105957031, 732.994140625)","(4.320234298706055, -72.80418395996094, 731.3386840820312)","(-1.5148056745529175, 107.83364868164062, 28.606477737426758)","(-3.9648141860961914, 106.12305450439453, 27.98391342163086)",POINT (0.4913125038146973 0.5115896165370941),,,,,,,,,,,,,,,,,,,,,,,,,,,,,,,,,,,,,,,,,,,,,1,
0,54,27,437262318589,1828678082,1,1,"(0.4935436248779297, 0.5193108320236206)","(0.4893953800201416, 0.5434113144874573)",1,1,2.8562469482421875,2.7798309326171875,"(-61.441009521484375, -75.1851577758789, 733.05126953125)","(4.314318656921387, -72.81336212158203, 731.3388671875)","(-1.966647982597351, 105.56405639648438, 27.780384063720703)","(-3.404158592224121, 101.14954376220703, 26.173641204833984)",POINT (0.4914695024490356 0.5313610732555389),,,,,,,,,,,,,,,,,,,,,,,,,,,,,,,,,,,,,,,,,,,,,1,
0,54,27,437262335255,1828694748,1,1,"(0.48738059401512146, 0.526620626449585)","(0.4916492998600006, 0.5481338500976562)",1,1,2.85791015625,2.769561767578125,"(-61.43901824951172, -75.19751739501953, 733.0369873046875)","(4.3127593994140625, -72.81001281738281, 731.3387451171875)","(-4.102358341217041, 104.22510528564453, 27.29306983947754)","(-2.6230764389038086, 100.28450775146484, 25.85880470275879)",POINT (0.489514946937561 0.5373772382736206),,,,,,,,,,,,,,,,,,,,,,,,,,,,,,,,,,,,,,,,,,,,,1,
0,54,27,437262351922,1828711414,1,1,"(0.4899231493473053, 0.5124513506889343)","(0.4880554676055908, 0.5377933979034424)",1,1,2.8627471923828125,2.7462615966796875,"(-61.43724060058594, -75.23684692382812, 733.0220947265625)","(4.309558391571045, -72.8260726928711, 731.4124755859375)","(-3.221266746520996, 106.82052612304688, 28.23768424987793)","(-3.8684911727905273, 102.17857360839844, 26.548185348510742)",POINT (0.4889893084764481 0.5251223742961884),,,,,,,,,,,,,,,,,,,,,,,,,,,,,,,,,,,,,,,,,,,,,1,
0,54,27,437262368590,1828728082,1,1,"(0.48608335852622986, 0.5125043988227844)","(0.4923292100429535, 0.5504956841468811)",1,1,2.832626342773437,2.750350952148437,"(-61.44296646118164, -75.24183654785156, 733.067138671875)","(4.300147533416748, -72.82186889648438, 731.427490234375)","(-4.5518999099731445, 106.81080627441406, 28.234146118164062)","(-2.3874781131744385, 99.85189056396484, 25.701339721679688)",POINT (0.4892062842845917 0.5315000414848328),,,,,,,,,,,,,,,,,,,,,,,,,,,,,,,,,,,,,,,,,,,,,1,
0,54,27,437262385257,1828744748,1,1,"(0.498240202665329, 0.5009495615959167)","(0.4930729866027832, 0.518933892250061)",1,1,2.8682403564453125,2.714096069335937,"(-61.430274963378906, -75.27542114257812, 733.1444091796875)","(4.3135271072387695, -72.83840942382812, 731.4564819335938)","(-0.3391164243221283, 108.92730712890625, 29.004535675048828)","(-2.129746675491333, 105.63309478759766, 27.805540084838867)",POINT (0.4956565946340561 0.5099417269229889),,,,,,,,,,,,,,,,,,,,,,,,,,,,,,,,,,,,,,,,,,,,,1,
0,54,27,437262401930,1828761421,1,1,"(0.4908246695995331, 0.5225508809089661)","(0.4947795271873474, 0.5239261984825134)",1,1,2.833526611328125,2.6658935546875,"(-61.42074966430664, -75.28060913085938, 733.236572265625)","(4.323797225952148, -72.8406982421875, 731.48583984375)","(-2.908859968185425, 104.97057342529297, 27.564395904541016)","(-1.5383539199829102, 104.71864318847656, 27.472713470458984)",POINT (0.4928020983934402 0.5232385396957397),,,,,,,,,,,,,,,,,,,,,,,,,,,,,,,,,,,,,,,,,,,,,1,
0,54,27,437262418597,1828778087,1,1,"(0.49038347601890564, 0.5307306051254272)","(0.49517983198165894, 0.5182215571403503)",1,1,2.7967529296875,2.6894989013671875,"(-61.40420913696289, -75.299072265625, 733.3305053710938)","(4.343053340911865, -72.86099243164062, 731.5740966796875)","(-3.061756134033203, 103.47228240966797, 27.019060134887695)","(-1.3996286392211914, 105.7635726928711, 27.852994918823242)",POINT (0.4927816540002823 0.5244760811328888),,,,,,,,,,,,,,,,,,,,,,,,,,,,,,,,,,,,,,,,,,,,,1,
0,54,27,437262435264,1828794754,1,1,"(0.4923347234725952, 0.516081690788269)","(0.49726471304893494, 0.5648248195648193)",1,1,2.790557861328125,2.7230682373046875,"(-61.36137008666992, -75.28282928466797, 733.3082275390625)","(4.3788275718688965, -72.87269592285156, 731.7657470703125)","(-2.385558605194092, 106.15553283691406, 27.99567222595215)","(-0.6771549582481384, 97.2271957397461, 24.746034622192383)",POINT (0.4947997182607651 0.5404532551765442),,,,,,,,,,,,,,,,,,,,,,,,,,,,,,,,,,,,,,,,,,,,,1,
0,54,27,437262451932,1828811421,1,1,"(0.4908556640148163, 0.49305304884910583)","(0.49371111392974854, 0.5251078605651855)",1,1,2.817718505859375,2.707733154296875,"(-61.332481384277344, -75.2847671508789, 733.3590087890625)","(4.4134202003479, -72.89773559570312, 731.8685302734375)","(-2.8981192111968994, 110.37373352050781, 29.53095817565918)","(-1.9086148738861084, 104.5022201538086, 27.393888473510742)",POINT (0.4922833889722824 0.5090804547071457),,,,,,,,,,,,,,,,,,,,,,,,,,,,,,,,,,,,,,,,,,,,,1,
0,54,27,437262468598,1828828087,1,1,"(0.5060117244720459, 0.509333074092865)","(0.4876113533973694, 0.5457152724266052)",1,1,2.8138885498046875,2.7109832763671875,"(-61.28569030761719, -75.2374267578125, 733.261962890625)","(4.470520973205566, -72.88922119140625, 731.8678588867188)","(2.3540074825286865, 107.3917007446289, 28.44560432434082)","(-4.022390842437744, 100.72753143310547, 26.02004051208496)",POINT (0.4968115389347076 0.5275241732597351),,,,,,,,,,,,,,,,,,,,,,,,,,,,,,,,,,,,,,,,,,,,,1,
0,54,27,437262485266,1828844754,1,1,"(0.4800198972225189, 0.5211108326911926)","(0.4775822162628174, 0.5175446271896362)",1,1,2.775787353515625,2.675277709960937,"(-61.233856201171875, -75.20401763916016, 733.1072998046875)","(4.502220153808594, -72.89640045166016, 731.852783203125)","(-6.653117656707764, 105.23433685302734, 27.66042137145996)","(-7.497855186462402, 105.88758087158203, 27.898168563842773)",POINT (0.4788010567426682 0.5193277299404144),,,,,,,,,,,,,,,,,,,,,,,,,,,,,,,,,,,,,,,,,,,,,1,
0,54,27,437262501932,1828861420,1,1,"(0.49459198117256165, 0.5447757840156555)","(0.48303043842315674, 0.5139937400817871)",1,1,2.7257080078125,2.6780242919921875,"(-61.2029914855957, -75.16736602783203, 733.23388671875)","(4.524692535400391, -72.8698501586914, 731.719482421875)","(-1.6033495664596558, 100.89962005615234, 26.082674026489258)","(-5.609841346740723, 106.53799438476562, 28.13488006591797)",POINT (0.4888112097978592 0.5293847620487213),,,,,,,,,,,,,,,,,,,,,,,,,,,,,,,,,,,,,,,,,,,,,1,
0,54,27,437262518600,1828878087,1,1,"(0.48648104071617126, 0.5198752880096436)","(0.49135148525238037, 0.49663251638412476)",1,1,2.7626495361328125,2.6647186279296875,"(-61.164085388183594, -75.15708923339844, 733.2111206054688)","(4.568760395050049, -72.8775634765625, 731.5706787109375)","(-4.414083957672119, 105.4606704711914, 27.742753982543945)","(-2.7262990474700928, 109.71807861328125, 29.292322158813477)",POINT (0.4889162629842758 0.5082539021968842),,,,,,,,,,,,,,,,,,,,,,,,,,,,,,,,,,,,,,,,,,,,,1,
0,54,27,437262535269,1828894756,1,1,"(0.48540619015693665, 0.491414338350296)","(0.48897016048431396, 0.5061438083648682)",1,1,2.8029022216796875,2.698822021484375,"(-61.12538146972656, -75.14220428466797, 733.1882934570312)","(4.603264808654785, -72.88198852539062, 731.62939453125)","(-4.786563873291016, 110.67390441894531, 29.640222549438477)","(-3.5515172481536865, 107.97587585449219, 28.658248901367188)",POINT (0.4871881753206253 0.4987790733575821),,,,,,,,,,,,,,,,,,,,,,,,,,,,,,,,,,,,,,,,,,,,,1,
0,54,27,437262551936,1828911422,1,1,"(0.47931987047195435, 0.4550955295562744)","(0.49247047305107117, 0.5022852420806885)",1,1,2.685409545898437,2.6874542236328125,"(-61.09619903564453, -75.13504791259766, 733.1934814453125)","(4.637380123138428, -72.90437316894531, 731.7174072265625)","(-6.895690441131592, 117.32645416259766, 32.06156921386719)","(-2.338531255722046, 108.68265533447266, 28.915491104125977)",POINT (0.4858951717615128 0.4786903858184814),,,,,,,,,,,,,,,,,,,,,,,,,,,,,,,,,,,,,,,,,,,,,1,
0,54,27,437262568603,1828928089,1,1,"(0.4823640286922455, 0.5048293471336365)","(0.4850600063800812, 0.5162200927734375)",1,1,2.782684326171875,2.68701171875,"(-61.080379486083984, -75.12715911865234, 733.2105712890625)","(4.671141624450684, -72.91702270507812, 731.7169189453125)","(-5.840798377990723, 108.2166519165039, 28.745849609375)","(-4.906522750854492, 106.13018035888672, 27.986454010009766)",POINT (0.4837120175361633 0.510524719953537),,,,,,,,,,,,,,,,,,,,,,,,,,,,,,,,,,,,,,,,,,,,,1,
0,54,27,437262585271,1828944756,1,1,"(0.49327895045280457, 0.4923289716243744)","(0.48777520656585693, 0.48378172516822815)",1,1,2.7474365234375,2.7135772705078125,"(-61.05973815917969, -75.1141357421875, 733.213623046875)","(4.705504417419434, -72.9254379272461, 731.70166015625)","(-2.058375120162964, 110.50635528564453, 29.579261779785156)","(-3.965611219406128, 112.07196807861328, 30.14910316467285)",POINT (0.4905270785093308 0.4880553483963013),,,,,,,,,,,,,,,,,,,,,,,,,,,,,,,,,,,,,,,,,,,,,1,
0,54,27,437262601937,1828961422,1,1,"(0.48262834548950195, 0.49795228242874146)","(0.48637503385543823, 0.48669523000717163)",1,1,2.7635498046875,2.680770874023437,"(-61.0348014831543, -75.09178161621094, 733.143310546875)","(4.731849670410156, -72.91776275634766, 731.6422119140625)","(-5.7491888999938965, 109.47632598876953, 29.204360961914062)","(-4.4508209228515625, 111.53829956054688, 29.954843521118164)",POINT (0.4845016896724701 0.4923237562179565),,,,,,,,,,,,,,,,,,,,,,,,,,,,,,,,,,,,,,,,,,,,,1,
0,54,27,437262618605,1828978089,1,1,"(0.4819473624229431, 0.5357546210289001)","(0.4868995249271393, 0.4993473291397095)",1,1,2.7110137939453125,2.7039031982421875,"(-61.00942611694336, -75.06680297851562, 732.982177734375)","(4.749085426330566, -72.92510223388672, 731.5679321289062)","(-5.9851765632629395, 102.5520248413086, 26.684112548828125)","(-4.269069671630859, 109.22077941894531, 29.11138343811035)",POINT (0.4844234436750412 0.5175509750843048),,,,,,,,,,,,,,,,,,,,,,,,,,,,,,,,,,,,,,,,,,,,,1,
0,54,27,437262635272,1828994756,1,1,"(0.487605482339859, 0.48342281579971313)","(0.4784834086894989, 0.5265858173370361)",1,1,2.78009033203125,2.755096435546875,"(-60.96698760986328, -75.03132629394531, 732.7345581054688)","(4.775416851043701, -72.92886352539062, 731.4789428710938)","(-4.024423599243164, 112.13771057128906, 30.173004150390625)","(-7.185562610626221, 104.23148345947266, 27.295398712158203)",POINT (0.483044445514679 0.5050043165683746),,,,,,,,,,,,,,,,,,,,,,,,,,,,,,,,,,,,,,,,,,,,,1,
0,54,27,437262651940,1829011423,1,1,"(0.4867522120475769, 0.5216925144195557)","(0.4815804362297058, 0.462676078081131)",1,1,2.772811889648437,2.705917358398437,"(-60.94482421875, -75.00260162353516, 732.5888671875)","(4.793624401092529, -72.92204284667969, 731.3165283203125)","(-4.320114612579346, 105.12781524658203, 27.621614456176758)","(-6.112329006195068, 115.93794250488281, 31.55612564086914)",POINT (0.4841663241386414 0.4921842962503433),,,,,,,,,,,,,,,,,,,,,,,,,,,,,,,,,,,,,,,,,,,,,1,
0,54,27,437262668614,1829028097,1,1,"(0.4952750504016876, 0.5326735973358154)","(0.4884263575077057, 0.5061558485031128)",1,1,2.7413787841796875,2.762802124023437,"(-60.921241760253906, -74.96659851074219, 732.442626953125)","(4.803846836090088, -72.90825653076172, 731.2428588867188)","(-1.366641879081726, 103.11637878417969, 26.889537811279297)","(-3.7399606704711914, 107.97367858886719, 28.657421112060547)",POINT (0.4918507039546967 0.5194147229194641),,,,,,,,,,,,,,,,,,,,,,,,,,,,,,,,,,,,,,,,,,,,,1,
0,54,27,437262685282,1829044764,1,1,"(0.4953741133213043, 0.5578311085700989)","(0.4918230473995209, 0.46405377984046936)",1,1,2.72174072265625,2.6964569091796875,"(-60.909481048583984, -74.94890594482422, 732.429931640625)","(4.815484046936035, -72.88844299316406, 731.1686401367188)","(-1.3323156833648682, 98.50824737548828, 25.21230697631836)","(-2.56288480758667, 115.68556213378906, 31.464317321777344)",POINT (0.4935985803604126 0.5109424442052841),,,,,,,,,,,,,,,,,,,,,,,,,,,,,,,,,,,,,,,,,,,,,1,
0,54,27,437262701949,1829061431,1,1,"(0.48438510298728943, 0.5386756062507629)","(0.49028685688972473, 0.49821481108665466)",1,1,2.7654266357421875,2.720321655273437,"(-60.899410247802734, -74.9133529663086, 732.3416137695312)","(4.823520660400391, -72.85069274902344, 731.0801391601562)","(-5.140413761138916, 102.01700592041016, 26.489341735839844)","(-3.095224618911743, 109.4282455444336, 29.18683433532715)",POINT (0.4873359799385071 0.5184452086687088),,,,,,,,,,,,,,,,,,,,,,,,,,,,,,,,,,,,,,,,,,,,,1,
0,54,27,437262718616,1829078097,1,1,"(0.4886595606803894, 0.5265073180198669)","(0.48882585763931274, 0.4975374639034271)",1,1,2.7944793701171875,2.72119140625,"(-60.89866256713867, -74.88548278808594, 732.2361450195312)","(4.819936275482178, -72.82604217529297, 731.0362548828125)","(-3.659151315689087, 104.24585723876953, 27.30060577392578)","(-3.6015286445617676, 109.55231475830078, 29.232011795043945)",POINT (0.4887427091598511 0.512022390961647),,,,,,,,,,,,,,,,,,,,,,,,,,,,,,,,,,,,,,,,,,,,,1,
0,54,27,437262735283,1829094764,1,1,"(0.4933379292488098, 0.5327076315879822)","(0.49986395239830017, 0.5194477438926697)",1,1,2.7394561767578125,2.719970703125,"(-60.90110778808594, -74.87020874023438, 732.2206420898438)","(4.820970058441162, -72.80047607421875, 730.947998046875)","(-2.0379176139831543, 103.11013793945312, 26.88724708557129)","(0.22357948124408722, 105.53897857666016, 27.7712459564209)",POINT (0.496600940823555 0.5260776877403259),,,,,,,,,,,,,,,,,,,,,,,,,,,,,,,,,,,,,,,,,,,,,1,
0,54,27,437262751950,1829111430,1,1,"(0.48346275091171265, 0.533298134803772)","(0.4792275130748749, 0.4617992341518402)",1,1,2.743881225585937,2.707763671875,"(-60.914310455322266, -74.85296630859375, 732.1884765625)","(4.813629150390625, -72.77294158935547, 730.815185546875)","(-5.460049629211426, 103.00198364257812, 26.847890853881836)","(-6.92769718170166, 116.09851837158203, 31.61466407775879)",POINT (0.4813451319932938 0.4975486844778061),,,,,,,,,,,,,,,,,,,,,,,,,,,,,,,,,,,,,,,,,,,,,1,
0,54,27,437262768617,1829128097,1,1,"(0.4867364764213562, 0.5459961891174316)","(0.48558318614959717, 0.47679612040519714)",1,1,2.768341064453125,2.7110748291015625,"(-60.92584228515625, -74.8340072631836, 732.1568603515625)","(4.803013801574707, -72.75341796875, 730.7276000976562)","(-4.32557487487793, 100.67607879638672, 26.001310348510742)","(-4.7252302169799805, 113.35152435302734, 30.614805221557617)",POINT (0.4861598312854767 0.5113961547613144),,,,,,,,,,,,,,,,,,,,,,,,,,,,,,,,,,,,,,,,,,,,,1,
0,54,27,437262785285,1829144764,1,1,"(0.4824254512786865, 0.5380233526229858)","(0.4928002655506134, 0.4138316214084625)",1,1,2.7266998291015625,2.662338256835937,"(-60.90566635131836, -74.78950500488281, 732.1458740234375)","(4.813573837280273, -72.73368835449219, 730.7420654296875)","(-5.819501876831055, 102.136474609375, 26.532865524291992)","(-2.224242925643921, 124.88482666015625, 34.81255340576172)",POINT (0.48761285841465 0.4759274870157242),,,,,,,,,,,,,,,,,,,,,,,,,,,,,,,,,,,,,,,,,,,,,1,
0,54,27,437262818621,1829178099,1,1,"(0.4925156533718109, 0.5261238813400269)","(0.4870187044143677, 0.39108332991600037)",1,1,2.7699432373046875,2.6787567138671875,"(-60.90446090698242, -74.74617767333984, 732.0712890625)","(4.8141279220581055, -72.71380615234375, 730.7860107421875)","(-2.3228600025177, 104.31609344482422, 27.32616424560547)","(-4.227766036987305, 129.0516357421875, 36.329200744628906)",POINT (0.4897671788930893 0.4586036056280136),,,,,,,,,,,,,,,,,,,,,,,,,,,,,,,,,,,,,,,,,,,,,1,
0,54,27,437262835287,1829194765,1,1,"(0.4846160411834717, 0.5110613107681274)","(0.4986468255519867, 0.43790706992149353)",1,1,2.7756805419921875,2.697357177734375,"(-60.89262390136719, -74.74823760986328, 732.0584716796875)","(4.826333045959473, -72.71360778808594, 730.8005981445312)","(-5.060378074645996, 107.07513427734375, 28.330394744873047)","(-0.19818517565727234, 120.47488403320312, 33.20750045776367)",POINT (0.4916314333677292 0.4744841903448105),,,,,,,,,,,,,,,,,,,,,,,,,,,,,,,,,,,,,,,,,,,,,1,
0,54,27,437262851955,1829211432,1,1,"(0.48998215794563293, 0.5352163314819336)","(0.4993446469306946, 0.4181217849254608)",1,1,2.7714080810546875,2.7064666748046875,"(-60.875770568847656, -74.7627182006836, 732.1521606445312)","(4.847155570983887, -72.72329711914062, 730.91796875)","(-3.2008230686187744, 102.65062713623047, 26.719995498657227)","(0.04363684728741646, 124.0989761352539, 34.52656936645508)",POINT (0.4946634024381638 0.4766690582036972),,,,,,,,,,,,,,,,,,,,,,,,,,,,,,,,,,,,,,,,,,,,,1,
0,54,27,437262868622,1829228099,1,1,"(0.49592775106430054, 0.539572536945343)","(0.5060340166091919, 0.4191212058067322)",1,1,2.778350830078125,2.707275390625,"(-60.85009002685547, -74.79830169677734, 732.3065185546875)","(4.8733696937561035, -72.74775695800781, 730.9765625)","(-1.1404579877853394, 101.85269927978516, 26.42953109741211)","(2.361725330352783, 123.91592407226562, 34.459938049316406)",POINT (0.5009808838367462 0.4793468713760376),,,,,,,,,,,,,,,,,,,,,,,,,,,,,,,,,,,,,,,,,,,,,1,
0,54,27,437262885289,1829244765,1,1,"(0.49346888065338135, 0.547694742679596)","(0.48751100897789, 0.494367390871048)",1,1,2.747039794921875,2.7597808837890625,"(-60.817317962646484, -74.83551025390625, 732.402099609375)","(4.925571441650391, -72.77412414550781, 731.0492553710938)","(-1.9925518035888672, 100.36494445800781, 25.888072967529297)","(-4.057153224945068, 110.13296508789062, 29.443382263183594)",POINT (0.4904899448156357 0.521031066775322),,,,,,,,,,,,,,,,,,,,,,,,,,,,,,,,,,,,,,,,,,,,,1,
0,54,27,437262901957,1829261433,1,1,"(0.5036097764968872, 0.5679668188095093)","(0.4896112382411957, 0.48559802770614624)",1,1,2.7047882080078125,2.715240478515625,"(-60.767032623291016, -74.86443328857422, 732.4264526367188)","(4.976296901702881, -72.80103302001953, 731.0048828125)","(1.521643042564392, 96.65168762207031, 24.53656578063965)","(-3.3293609619140625, 111.73927307128906, 30.02800941467285)",POINT (0.4966105073690414 0.5267824232578278),,,,,,,,,,,,,,,,,,,,,,,,,,,,,,,,,,,,,,,,,,,,,1,
0,54,27,437262918624,1829278099,1,1,"(0.49281513690948486, 0.5346152782440186)","(0.491110235452652, 0.4499989449977875)",1,1,2.749496459960937,2.715682983398437,"(-60.703033447265625, -74.915771484375, 732.2721557617188)","(5.031959056854248, -72.92101287841797, 731.0037231445312)","(-2.219093084335327, 102.76070404052734, 26.760086059570312)","(-2.8099100589752197, 118.2599868774414, 32.4013671875)",POINT (0.4919626861810684 0.492307111620903),,,,,,,,,,,,,,,,,,,,,,,,,,,,,,,,,,,,,,,,,,,,,1,
0,54,27,437262935295,1829294770,1,1,"(0.5009114146232605, 0.5371246337890625)","(0.4939948618412018, 0.4161047637462616)",1,1,2.763824462890625,2.6820220947265625,"(-60.654144287109375, -74.99519348144531, 732.3881225585938)","(5.098051071166992, -72.99100494384766, 730.973388671875)","(0.5865623950958252, 102.30109405517578, 26.592741012573242)","(-1.8102693557739258, 124.46844482421875, 34.6610221862793)",POINT (0.4974531382322311 0.476614698767662),,,,,,,,,,,,,,,,,,,,,,,,,,,,,,,,,,,,,,,,,,,,,1,
0,54,27,437262951964,1829311438,1,1,"(0.49335604906082153, 0.5704944729804993)","(0.49130722880363464, 0.47936904430389404)",1,1,2.734344482421875,2.732879638671875,"(-60.58694076538086, -75.06510925292969, 732.5061645507812)","(5.175134181976318, -73.03517150878906, 731.08984375)","(-2.031658887863159, 96.18868255615234, 24.36802101135254)","(-2.741636037826538, 112.88024139404297, 30.443296432495117)",POINT (0.4923316389322281 0.5249317586421967),,,,,,,,,,,,,,,,,,,,,,,,,,,,,,,,,,,,,,,,,,,,,1,
0,54,27,437262968631,1829328104,1,1,"(0.48901909589767456, 0.5486651062965393)","(0.495241641998291, 0.44020479917526245)",1,1,2.7501678466796875,2.7133026123046875,"(-60.5131950378418, -75.09894561767578, 732.4591674804688)","(5.24298620223999, -73.12328338623047, 731.088623046875)","(-3.5345444679260254, 100.18716430664062, 25.823410034179688)","(-1.3782098293304443, 120.05400848388672, 33.0543212890625)",POINT (0.4921303689479828 0.4944349527359009),,,,,,,,,,,,,,,,,,,,,,,,,,,,,,,,,,,,,,,,,,,,,1,
0,54,27,437262985299,1829344771,1,1,"(0.5121177434921265, 0.5683004260063171)","(0.4964436888694763, 0.43302464485168457)",1,1,2.721786499023437,2.7351531982421875,"(-60.43035888671875, -75.15023803710938, 732.3072509765625)","(5.310492515563965, -73.21259307861328, 730.8372802734375)","(4.469964504241943, 96.59058380126953, 24.514297485351562)","(-0.9616608023643494, 121.36920928955078, 33.533016204833984)",POINT (0.5042807161808014 0.5006625354290009),,,,,,,,,,,,,,,,,,,,,,,,,,,,,,,,,,,,,,,,,,,,,1,
0,54,27,437263001965,1829361437,1,1,"(0.4973113536834717, 0.564751148223877)","(0.4897364377975464, 0.4624994993209839)",1,1,2.7326202392578125,2.726165771484375,"(-60.371368408203125, -75.22282409667969, 732.55908203125)","(5.39539909362793, -73.2698974609375, 731.2041015625)","(-0.6609890460968018, 97.24068450927734, 24.750957489013672)","(-3.285975217819214, 115.97026062011719, 31.567960739135742)",POINT (0.493523895740509 0.5136253237724304),,,,,,,,,,,,,,,,,,,,,,,,,,,,,,,,,,,,,,,,,,,,,1,
0,54,27,437263018633,1829378104,1,1,"(0.49646371603012085, 0.5449662804603577)","(0.49193596839904785, 0.4764774441719055)",1,1,2.736480712890625,2.7337799072265625,"(-60.30353546142578, -75.27855682373047, 732.6474609375)","(5.4717302322387695, -73.2962646484375, 731.0704956054688)","(-0.9547236561775208, 100.86470794677734, 26.07000160217285)","(-2.523754119873047, 113.409912109375, 30.63604736328125)",POINT (0.4941998422145844 0.5107218623161316),,,,,,,,,,,,,,,,,,,,,,,,,,,,,,,,,,,,,,,,,,,,,1,
0,54,27,437263035300,1829394771,1,1,"(0.4982199966907501, 0.5534946322441101)","(0.4975002408027649, 0.5032296776771545)",1,1,2.7401275634765625,2.7381744384765625,"(-60.222320556640625, -75.28021240234375, 732.5732421875)","(5.552262783050537, -73.34825134277344, 730.9945678710938)","(-0.3461058735847473, 99.30255126953125, 25.50145149230957)","(-0.5955337882041931, 108.5096664428711, 28.852506637573242)",POINT (0.4978601187467575 0.5283621549606323),,,,,,,,,,,,,,,,,,,,,,,,,,,,,,,,,,,,,,,,,,,,,1,
0,54,27,437263068638,1829428108,1,1,"(0.4901766777038574, 0.5614576935768127)","(0.49254095554351807, 0.43898680806159973)",1,1,2.768218994140625,2.736663818359375,"(-60.0427131652832, -75.29197692871094, 732.6068115234375)","(5.722322463989258, -73.47187805175781, 731.301513671875)","(-3.1334125995635986, 97.84396362304688, 24.970500946044922)","(-2.314105272293091, 120.27711486816406, 33.135520935058594)",POINT (0.4913588166236877 0.5002222508192062),,,,,,,,,,,,,,,,,,,,,,,,,,,,,,,,,,,,,,,,,,,,,1,
0,54,27,437263085305,1829444774,1,1,"(0.49016013741493225, 0.5880177021026611)","(0.49434712529182434, 0.4093150198459625)",1,1,2.77398681640625,2.7609100341796875,"(-59.961265563964844, -75.29122161865234, 732.5922241210938)","(5.808611869812012, -73.4766616821289, 731.1527099609375)","(-3.1391451358795166, 92.97893524169922, 23.19980239868164)","(-1.6881991624832153, 125.7121353149414, 35.11371612548828)",POINT (0.4922536313533783 0.4986663609743118),,,,,,,,,,,,,,,,,,,,,,,,,,,,,,,,,,,,,,,,,,,,,1,
0,54,27,437263101972,1829461441,1,1,"(0.48944100737571716, 0.5544043779373169)","(0.4941149055957794, 0.4323161840438843)",1,1,2.7932281494140625,2.737640380859375,"(-59.8787956237793, -75.30168914794922, 732.8317260742188)","(5.901482582092285, -73.49749755859375, 731.4600830078125)","(-3.3883426189422607, 99.13592529296875, 25.440773010253906)","(-1.768677830696106, 121.4990005493164, 33.5801887512207)",POINT (0.4917779564857483 0.4933602809906006),,,,,,,,,,,,,,,,,,,,,,,,,,,,,,,,,,,,,,,,,,,,,1,
0,54,27,437263118640,1829478108,1,1,"(0.5519145131111145, 0.5356160402297974)","(0.5437608957290649, 0.3906867802143097)",1,1,2.778564453125,2.7371368408203125,"(-59.713836669921875, -75.2117919921875, 733.0867919921875)","(6.069310188293457, -73.40310668945312, 731.1912841796875)","(18.26101303100586, 102.5774154663086, 26.693309783935547)","(15.435478210449219, 129.12429809570312, 36.35562515258789)",POINT (0.5478377044200897 0.4631514102220535),,,,,,,,,,,,,,,,,,,,,,,,,,,,,,,,,,,,,,,,,,,,,1,
0,54,27,437263168641,1829528108,1,1,"(0.6300609111785889, 0.5043668150901794)","(0.6288870573043823, 0.368943452835083)",1,1,2.65985107421875,2.7646484375,"(-59.19074630737305, -74.9498062133789, 732.6106567382812)","(6.471012115478516, -73.27979278564453, 731.3164672851562)","(45.341590881347656, 108.30138397216797, 28.776689529418945)","(44.93479537963867, 133.1070556640625, 37.80522918701172)",POINT (0.6294739842414856 0.4366551339626312),,,,,,,,,,,,,,,,,,,,,,,,,,,,,,,,,,,,,,,,,,,,,1,
0,54,27,437263185314,1829544780,1,1,"(0.6359149813652039, 0.43152227997779846)","(0.634678840637207, 0.37118497490882874)",1,1,2.7152557373046875,2.7967071533203125,"(-59.172935485839844, -74.95091247558594, 732.7046508789062)","(6.524319648742676, -73.29903411865234, 731.4478759765625)","(47.3702392578125, 121.64440155029297, 33.63315963745117)","(46.941864013671875, 132.6964569091797, 37.65578079223633)",POINT (0.6352969110012054 0.4013536274433136),,,,,,,,,,,,,,,,,,,,,,,,,,,,,,,,,,,,,,,,,,,,,,
0,54,27,437263201981,1829561447,1,1,"(0.6407138109207153, 0.4437963366508484)","(0.635977566242218, 0.38506776094436646)",1,1,2.6816558837890625,2.7694244384765625,"(-59.15473556518555, -74.93092346191406, 732.7528686523438)","(6.562934398651123, -73.30409240722656, 731.5657958984375)","(49.03321075439453, 119.3961410522461, 32.814857482910156)","(47.391937255859375, 130.1535186767578, 36.73025894165039)",POINT (0.6383456885814667 0.4144320487976074),,,,,,,,,,,,,,,,,,,,,,,,,,,,,,,,,,,,,,,,,,,,,,
0,54,27,437263218649,1829578114,1,1,"(0.6352469325065613, 0.44635331630706787)","(0.6389245986938477, 0.3445127010345459)",1,1,2.751190185546875,2.771957397460937,"(-59.15294647216797, -74.93173217773438, 732.78271484375)","(6.576825141906738, -73.31101989746094, 731.6392822265625)","(47.138736724853516, 118.92778015136719, 32.64440155029297)","(48.413177490234375, 137.58204650878906, 39.43400192260742)",POINT (0.6370857656002045 0.3954330086708069),,,,,,,,,,,,,,,,,,,,,,,,,,,,,,,,,,,,,,,,,,,,,,
0,54,27,437263235316,1829594781,1,1,"(0.629783034324646, 0.4772360622882843)","(0.6248859763145447, 0.3070339262485504)",1,1,2.7486114501953125,2.793792724609375,"(-59.15494918823242, -74.89968872070312, 732.767333984375)","(6.582931995391846, -73.30860137939453, 731.6980590820312)","(45.24529266357422, 113.27095031738281, 30.585474014282227)","(43.54829025268555, 144.44708251953125, 41.93268966674805)",POINT (0.6273345053195953 0.3921349942684174),,,,,,,,,,,,,,,,,,,,,,,,,,,,,,,,,,,,,,,,,,,,,,
0,54,27,437263268650,1829628114,1,1,"(0.45392629504203796, 0.4579538404941559)","(0.4626075327396393, 0.32594138383865356)",1,1,2.8391571044921875,2.806884765625,"(-59.62983322143555, -74.8831787109375, 732.7254028320312)","(6.0431108474731445, -73.25672149658203, 731.089111328125)","(-15.69548511505127, 116.80289459228516, 31.870996475219727)","(-12.687124252319336, 140.98379516601562, 40.672142028808594)",POINT (0.4582669138908386 0.3919476121664047),,,,,,,,,,,,,,,,,,,,,,,,,,,,,,,,,,,,,,,,,,,,,,
0,54,27,437263285318,1829644781,1,1,"(0.4469042718410492, 0.4113079011440277)","(0.45069003105163574, 0.3011232912540436)",1,1,2.861236572265625,2.8221893310546875,"(-59.69053649902344, -74.85617065429688, 732.4427490234375)","(5.985942840576172, -73.2487564086914, 731.1343994140625)","(-18.128881454467773, 125.34709930419922, 34.98081970214844)","(-16.81697654724121, 145.5297393798828, 42.32672882080078)",POINT (0.4487971514463425 0.3562155961990356),,,,,,,,,,,,,,,,,,,,,,,,,,,,,,,,,,,,,,,,,,,,,,
0,54,27,437263301984,1829661447,1,1,"(0.4481974244117737, 0.3823584020137787)","(0.4602662920951843, 0.30536383390426636)",1,1,2.8961181640625,2.834136962890625,"(-59.7396240234375, -74.82353973388672, 732.300048828125)","(5.939489841461182, -73.25093078613281, 731.48876953125)","(-17.680768966674805, 130.64981079101562, 36.910850524902344)","(-13.498449325561523, 144.7530059814453, 42.04402542114258)",POINT (0.454231858253479 0.3438611179590225),,,,,,,,,,,,,,,,,,,,,,,,,,,,,,,,,,,,,,,,,,,,,1,
0,54,27,437263318655,1829678117,1,1,"(0.45665428042411804, 0.4202888607978821)","(0.4540233314037323, 0.3019813001155853)",1,1,2.86456298828125,2.849395751953125,"(-59.84611511230469, -74.83100891113281, 732.4916381835938)","(5.857200622558594, -73.17253112792969, 731.1659545898438)","(-14.75014877319336, 123.70201873779297, 34.38210678100586)","(-15.661866188049316, 145.37258911132812, 42.26953887939453)",POINT (0.4553388059139252 0.3611350804567337),,,,,,,,,,,,,,,,,,,,,,,,,,,,,,,,,,,,,,,,,,,,,,
0,54,27,437263335322,1829694784,1,1,"(0.4491414427757263, 0.38688215613365173)","(0.4562586545944214, 0.3358403444290161)",1,1,2.9333648681640625,2.835784912109375,"(-59.92113494873047, -74.79579162597656, 732.1626586914062)","(5.77564811706543, -73.11598205566406, 731.0490112304688)","(-17.35362434387207, 129.82118225097656, 36.609291076660156)","(-14.887235641479492, 139.1705780029297, 40.01217269897461)",POINT (0.4527000486850738 0.3613612502813339),,,,,,,,,,,,,,,,,,,,,,,,,,,,,,,,,,,,,,,,,,,,,,
0,54,27,437263351990,1829711451,1,1,"(0.4505702257156372, 0.38756701350212097)","(0.45656242966651917, 0.3358198404312134)",1,1,2.9665069580078125,2.8743133544921875,"(-60.0451545715332, -74.8238525390625, 732.3786010742188)","(5.677126884460449, -73.1006851196289, 731.198974609375)","(-16.85849952697754, 129.69573974609375, 36.5635986328125)","(-14.78198528289795, 139.17434692382812, 40.01353073120117)",POINT (0.4535663276910782 0.3616934269666672),,,,,,,,,,,,,,,,,,,,,,,,,,,,,,,,,,,,,,,,,,,,,,
0,54,27,437263368657,1829728118,1,1,"(0.4389106035232544, 0.38815799355506897)","(0.4548923373222351, 0.3274473249912262)",1,1,2.981430053710937,2.84112548828125,"(-60.16224670410156, -74.81037139892578, 732.1924438476562)","(5.55224609375, -73.05502319335938, 730.935791015625)","(-20.89899444580078, 129.58749389648438, 36.524192810058594)","(-15.360713958740234, 140.70794677734375, 40.57170867919922)",POINT (0.4469014704227448 0.3578026592731476),,,,,,,,,,,,,,,,,,,,,,,,,,,,,,,,,,,,,,,,,,,,,,
0,54,27,437263385324,1829744784,1,1,"(0.4459288418292999, 0.4131262004375458)","(0.45914456248283386, 0.37308579683303833)",1,1,2.9648895263671875,2.8661346435546875,"(-60.30125427246094, -74.84449768066406, 732.3172607421875)","(5.443693161010742, -73.0678482055664, 731.0706176757812)","(-18.466915130615234, 125.01402282714844, 34.859622955322266)","(-13.887179374694824, 132.34829711914062, 37.529052734375)",POINT (0.4525367021560669 0.393105998635292),,,,,,,,,,,,,,,,,,,,,,,,,,,,,,,,,,,,,,,,,,,,,,
0,54,27,437263401991,1829761451,1,1,"(0.4510250389575958, 0.42030206322669983)","(0.4572875499725342, 0.36261478066444397)",1,1,2.9462127685546875,2.8776092529296875,"(-60.41615295410156, -74.86088562011719, 732.1908569335938)","(5.319648742675781, -73.05345153808594, 730.925048828125)","(-16.700889587402344, 123.6996078491211, 34.38121795654297)","(-14.5307035446167, 134.2662811279297, 38.22715377807617)",POINT (0.454156294465065 0.3914584219455719),,,,,,,,,,,,,,,,,,,,,,,,,,,,,,,,,,,,,,,,,,,,,,
0,54,27,437263418658,1829778117,1,1,"(0.4676676094532013, 0.4194251000881195)","(0.4559902250766754, 0.3281930685043335)",1,1,2.91326904296875,2.854110717773437,"(-60.55425262451172, -74.91445922851562, 732.3302001953125)","(5.209316253662109, -73.06828308105469, 730.94189453125)","(-10.93363094329834, 123.86024475097656, 34.43971633911133)","(-14.980266571044922, 140.57135009765625, 40.5219841003418)",POINT (0.4618289172649384 0.3738090842962265),,,,,,,,,,,,,,,,,,,,,,,,,,,,,,,,,,,,,,,,,,,,,,
0,54,27,437263435325,1829794784,1,1,"(0.4533208906650543, 0.4120478928089142)","(0.46299421787261963, 0.33962753415107727)",1,1,2.9079132080078125,2.8416290283203125,"(-60.654151916503906, -74.94918060302734, 732.22216796875)","(5.096305847167969, -73.08180236816406, 730.899658203125)","(-15.905289649963379, 125.2115478515625, 34.93149948120117)","(-12.553126335144043, 138.4768829345703, 39.759681701660156)",POINT (0.458157554268837 0.3758377134799957),,,,,,,,,,,,,,,,,,,,,,,,,,,,,,,,,,,,,,,,,,,,,,
0,54,27,437263451999,1829811457,1,1,"(0.44426000118255615, 0.3819529414176941)","(0.4621312916278839, 0.3337503671646118)",1,1,2.9489288330078125,2.8867950439453125,"(-60.74555969238281, -74.99629974365234, 732.2506103515625)","(5.019867897033691, -73.10232543945312, 730.929931640625)","(-19.04523277282715, 130.7240753173828, 36.93790817260742)","(-12.852174758911133, 139.55340576171875, 40.151519775390625)",POINT (0.45319564640522 0.357851654291153),,,,,,,,,,,,,,,,,,,,,,,,,,,,,,,,,,,,,,,,,,,,,,
0,54,27,437263468665,1829828123,1,1,"(0.46216288208961487, 0.4073094427585602)","(0.4633696675300598, 0.32399097084999084)",1,1,2.93231201171875,2.896881103515625,"(-60.81944274902344, -75.0170669555664, 732.1019287109375)","(4.9332075119018555, -73.13846588134766, 731.00537109375)","(-12.841224670410156, 126.07949829101562, 35.247406005859375)","(-12.423027992248535, 141.34104919433594, 40.8021354675293)",POINT (0.4627662748098373 0.3656502068042755),,,,,,,,,,,,,,,,,,,,,,,,,,,,,,,,,,,,,,,,,,,,,,
0,54,27,437263485333,1829844790,1,1,"(0.4597180187702179, 0.41496291756629944)","(0.46494215726852417, 0.3204236924648285)",1,1,2.975814819335937,2.906234741210937,"(-60.879638671875, -75.0352554321289, 732.0455322265625)","(4.865851402282715, -73.151123046875, 730.8738403320312)","(-13.688456535339355, 124.6775894165039, 34.7371826171875)","(-11.878101348876953, 141.99444580078125, 41.040035247802734)",POINT (0.462330088019371 0.367693305015564),,,,,,,,,,,,,,,,,,,,,,,,,,,,,,,,,,,,,,,,,,,,,,
0,54,27,437263502000,1829861457,1,1,"(0.45358553528785706, 0.42981863021850586)","(0.4568428099155426, 0.3409132957458496)",1,1,2.9864654541015625,2.927978515625,"(-60.92813491821289, -75.08360290527344, 732.096435546875)","(4.821385860443115, -73.17721557617188, 730.6537475585938)","(-15.813577651977539, 121.95645141601562, 33.746761322021484)","(-14.684818267822266, 138.2413787841797, 39.6739501953125)",POINT (0.4552141726016998 0.3853659629821777),,,,,,,,,,,,,,,,,,,,,,,,,,,,,,,,,,,,,,,,,,,,,,
0,54,27,437263518667,1829878123,1,1,"(0.4273369610309601, 0.40683090686798096)","(0.434888631105423, 0.337371289730072)",1,1,2.9717254638671875,2.938629150390625,"(-61.02415466308594, -75.12057495117188, 732.137939453125)","(4.728339672088623, -73.24171447753906, 731.0678100585938)","(-24.9096736907959, 126.16712951660156, 35.27931594848633)","(-22.292741775512695, 138.89015197753906, 39.91010284423828)",POINT (0.4311127960681915 0.3721010982990265),,,,,,,,,,,,,,,,,,,,,,,,,,,,,,,,,,,,,,,,,,,,,,
0,54,27,437263535335,1829894791,1,1,"(0.4051547646522522, 0.41280367970466614)","(0.4154605567455292, 0.3288743793964386)",1,1,2.96673583984375,2.9571685791015625,"(-61.10011291503906, -75.1210708618164, 731.9132080078125)","(4.58529806137085, -73.21867370605469, 730.745849609375)","(-32.596622467041016, 125.07310485839844, 34.881126403808594)","(-29.025283813476562, 140.44654846191406, 40.476600646972656)",POINT (0.4103076606988907 0.3708390295505524),,,,,,,,,,,,,,,,,,,,,,,,,,,,,,,,,,,,,,,,,,,,,,
0,54,27,437263552002,1829911457,1,1,"(0.40201976895332336, 0.36555349826812744)","(0.41490253806114197, 0.3141111731529236)",1,1,3.046722412109375,2.906112670898437,"(-61.091644287109375, -75.11197662353516, 731.9141845703125)","(4.600418567657471, -73.23515319824219, 730.863525390625)","(-33.683006286621094, 133.7279815673828, 38.03123092651367)","(-29.218656539916992, 143.15072631835938, 41.46086120605469)",POINT (0.4084611535072327 0.3398323357105255),,,,,,,,,,,,,,,,,,,,,,,,,,,,,,,,,,,,,,,,,,,,,,
0,54,27,437263568668,1829928123,1,1,"(0.4046306908130646, 0.4264872968196869)","(0.42180636525154114, 0.32124632596969604)",1,1,2.9868621826171875,2.93670654296875,"(-61.085838317871094, -75.10511779785156, 731.9910888671875)","(4.628613471984863, -73.25796508789062, 730.9957275390625)","(-32.778228759765625, 122.56666564941406, 33.9688606262207)","(-26.826221466064453, 141.84376525878906, 40.985172271728516)",POINT (0.4132185280323029 0.3738668113946915),,,,,,,,,,,,,,,,,,,,,,,,,,,,,,,,,,,,,,,,,,,,,,
0,54,27,437263585340,1829944794,1,1,"(0.39882445335388184, 0.39101430773735046)","(0.4228304326534271, 0.33834588527679443)",1,1,3.042144775390625,2.9576873779296875,"(-61.06403350830078, -75.08395385742188, 732.1609497070312)","(4.678327560424805, -73.26561737060547, 731.1420288085938)","(-34.790306091308594, 129.0642852783203, 36.33376693725586)","(-26.47135353088379, 138.71163940429688, 39.84511947631836)",POINT (0.4108274430036545 0.3646800965070724),,,,,,,,,,,,,,,,,,,,,,,,,,,,,,,,,,,,,,,,,,,,,,
0,54,27,437263618675,1829978128,1,1,"(0.3955122232437134, 0.4222795367240906)","(0.40373101830482483, 0.3264002203941345)",1,1,3.03228759765625,2.9734344482421875,"(-60.97758483886719, -75.04469299316406, 732.22265625)","(4.768014430999756, -73.24217987060547, 730.8907470703125)","(-35.93810272216797, 123.33739471435547, 34.2493782043457)","(-33.090003967285156, 140.8997344970703, 40.64155197143555)",POINT (0.3996216207742691 0.3743398785591126),,,,,,,,,,,,,,,,,,,,,,,,,,,,,,,,,,,,,,,,,,,,,,
0,54,27,437263635341,1829994794,1,1,"(0.37848612666130066, 0.3634762763977051)","(0.3800308406352997, 0.2524878680706024)",1,1,3.025985717773437,2.96356201171875,"(-60.92433547973633, -74.98504638671875, 732.0662841796875)","(4.773812294006348, -73.22398376464844, 730.8609008789062)","(-41.838279724121094, 134.1084747314453, 38.169734954833984)","(-41.302982330322266, 154.43836975097656, 45.56917190551758)",POINT (0.3792584836483002 0.3079820722341538),,,,,,,,,,,,,,,,,,,,,,,,,,,,,,,,,,,,,,,,,,,,,1,
0,54,27,437263652009,1830011461,1,1,"(0.3828369379043579, 0.34763363003730774)","(0.3955313563346863, 0.2586647570133209)",1,1,3.016693115234375,2.981414794921875,"(-60.896949768066406, -74.93387603759766, 732.26708984375)","(4.80136775970459, -73.18376159667969, 730.8598022460938)","(-40.33055877685547, 137.0103759765625, 39.225955963134766)","(-35.93147659301758, 153.30691528320312, 45.157386779785156)",POINT (0.3891841471195221 0.3031491935253143),,,,,,,,,,,,,,,,,,,,,,,,,,,,,,,,,,,,,,,,,,,,,1,
0,54,27,437263668675,1830028127,1,1,"(0.3931174874305725, 0.33290836215019226)","(0.4055805504322052, 0.2775646448135376)",1,1,3.0341949462890625,3.0189208984375,"(-60.8921012878418, -74.95547485351562, 732.3734130859375)","(4.831941604614258, -73.2127685546875, 730.8448486328125)","(-36.767974853515625, 139.70762634277344, 40.2076530456543)","(-32.449066162109375, 149.84500122070312, 43.897377014160156)",POINT (0.3993490189313888 0.3052365034818649),,,,,,,,,,,,,,,,,,,,,,,,,,,,,,,,,,,,,,,,,,,,,1,
0,54,27,437263685343,1830044794,1,1,"(0.3885211646556854, 0.3225334882736206)","(0.39955419301986694, 0.2830682396888733)",1,1,3.0215301513671875,2.992706298828125,"(-60.872859954833984, -74.95843505859375, 732.3467407226562)","(4.845002174377441, -73.22714233398438, 730.9481201171875)","(-38.36076736450195, 141.60800170898438, 40.89934158325195)","(-34.537418365478516, 148.83689880371094, 43.53044509887695)",POINT (0.3940376788377762 0.302800863981247),,,,,,,,,,,,,,,,,,,,,,,,,,,,,,,,,,,,,,,,,,,,,1,
0,54,27,437263702010,1830061461,1,1,"(0.3908432722091675, 0.3469286561012268)","(0.4084678888320923, 0.2836984395980835)",1,1,3.037582397460937,2.9892120361328125,"(-60.84947204589844, -74.9996337890625, 732.3211669921875)","(4.8744282722473145, -73.267578125, 731.2278442382812)","(-37.55607223510742, 137.1395263671875, 39.272918701171875)","(-31.44849967956543, 148.7214813232422, 43.48841094970703)",POINT (0.3996555805206299 0.3153135478496552),,,,,,,,,,,,,,,,,,,,,,,,,,,,,,,,,,,,,,,,,,,,,1,
0,54,27,437263718678,1830078128,1,1,"(0.39136385917663574, 0.36824434995651245)","(0.40579938888549805, 0.2865009605884552)",1,1,3.003646850585937,3.007797241210937,"(-60.84495544433594, -75.01664733886719, 732.3525390625)","(4.892006874084473, -73.27989196777344, 731.2714233398438)","(-37.37567138671875, 133.235107421875, 37.85183334350586)","(-32.373233795166016, 148.20814514160156, 43.30155563354492)",POINT (0.3985816240310669 0.3273726552724838),,,,,,,,,,,,,,,,,,,,,,,,,,,,,,,,,,,,,,,,,,,,,1,
0,54,27,437263735345,1830094795,1,1,"(0.38844364881515503, 0.35727620124816895)","(0.39769837260246277, 0.3170842230319977)",1,1,3.0553741455078125,2.974029541015625,"(-60.829246520996094, -75.04741668701172, 732.3409423828125)","(4.918485164642334, -73.28289794921875, 730.990966796875)","(-38.387630462646484, 135.24415588378906, 38.58307647705078)","(-35.18052673339844, 142.60617065429688, 41.262611389160156)",POINT (0.3930710107088089 0.3371802121400833),,,,,,,,,,,,,,,,,,,,,,,,,,,,,,,,,,,,,,,,,,,,,,
0,54,27,437263752013,1830111462,1,1,"(0.3840959370136261, 0.3057645857334137)","(0.3940875828266144, 0.3084847033023834)",1,1,3.036712646484375,2.9945526123046875,"(-60.802528381347656, -75.03833770751953, 732.2105102539062)","(4.9445600509643555, -73.27334594726562, 730.82861328125)","(-39.8942756652832, 144.67959594726562, 42.017303466796875)","(-36.43179702758789, 144.1813507080078, 41.83595275878906)",POINT (0.3890917599201202 0.3071246445178986),,,,,,,,,,,,,,,,,,,,,,,,,,,,,,,,,,,,,,,,,,,,,1,
0,54,27,437263768679,1830128128,1,1,"(0.39125701785087585, 0.363084077835083)","(0.39383870363235474, 0.3279953598976135)",1,1,3.0258331298828125,3.009613037109375,"(-60.778358459472656, -75.04651641845703, 732.1544799804688)","(4.9661865234375, -73.27838134765625, 730.7841186523438)","(-37.41270065307617, 134.18031311035156, 38.195838928222656)","(-36.5180549621582, 140.60755920410156, 40.535179138183594)",POINT (0.3925478607416153 0.3455397188663483),,,,,,,,,,,,,,,,,,,,,,,,,,,,,,,,,,,,,,,,,,,,,,
0,54,27,437263785347,1830144795,1,1,"(0.38711053133010864, 0.3543994426727295)","(0.3825682997703552, 0.29670658707618713)",1,1,3.03875732421875,2.9889373779296875,"(-60.75133514404297, -75.03323364257812, 732.0992431640625)","(4.995601654052734, -73.24791717529297, 730.6513671875)","(-38.8495979309082, 135.77108764648438, 38.774845123291016)","(-40.42365264892578, 146.3387451171875, 42.62120056152344)",POINT (0.3848394155502319 0.3255530148744583),,,,,,,,,,,,,,,,,,,,,,,,,,,,,,,,,,,,,,,,,,,,,1,
0,54,27,437263802014,1830161462,1,1,"(0.3803410530090332, 0.33006563782691956)","(0.39334776997566223, 0.3164483904838562)",1,1,3.03216552734375,2.999664306640625,"(-60.71464920043945, -75.01730346679688, 732.0012817382812)","(5.022672653198242, -73.23420715332031, 730.5476684570312)","(-41.195465087890625, 140.22833251953125, 40.39716720581055)","(-36.68817138671875, 142.72264099121094, 41.30500411987305)",POINT (0.3868444114923477 0.3232570141553879),,,,,,,,,,,,,,,,,,,,,,,,,,,,,,,,,,,,,,,,,,,,,1,
0,54,27,437263818681,1830178128,1,1,"(0.3759463131427765, 0.3318529725074768)","(0.39067646861076355, 0.307468056678772)",1,1,3.0366668701171875,2.984115600585937,"(-60.68482208251953, -74.97718811035156, 731.9029541015625)","(5.035852432250977, -73.20426177978516, 730.3709716796875)","(-42.718414306640625, 139.9009552001953, 40.278018951416016)","(-37.613868713378906, 144.3675537109375, 41.90374755859375)",POINT (0.38331139087677 0.3196605145931244),,,,,,,,,,,,,,,,,,,,,,,,,,,,,,,,,,,,,,,,,,,,,1,
0,54,27,437263835348,1830194795,1,1,"(0.39255183935165405, 0.34081435203552246)","(0.39772504568099976, 0.29960954189300537)",1,1,2.9824676513671875,2.9945831298828125,"(-60.65637969970703, -74.94577026367188, 731.8173828125)","(5.053857326507568, -73.20646667480469, 730.4881591796875)","(-36.9640007019043, 138.2594757080078, 39.680564880371094)","(-35.171287536621094, 145.80702209472656, 42.42765808105469)",POINT (0.3951384425163269 0.3202119469642639),,,,,,,,,,,,,,,,,,,,,,,,,,,,,,,,,,,,,,,,,,,,,1,
0,54,27,437263852023,1830211469,1,1,"(0.3905002176761627, 0.3325611650943756)","(0.4008813798427582, 0.2631464898586273)",1,1,2.995635986328125,2.9990386962890625,"(-60.633644104003906, -74.9012451171875, 731.8206787109375)","(5.079816818237305, -73.1883773803711, 730.5760498046875)","(-37.674949645996094, 139.771240234375, 40.23076248168945)","(-34.0775032043457, 152.48599243164062, 44.858619689941406)",POINT (0.3956907987594604 0.2978538274765015),,,,,,,,,,,,,,,,,,,,,,,,,,,,,,,,,,,,,,,,,,,,,1,
0,54,27,437263868691,1830228137,1,1,"(0.3968144953250885, 0.36725032329559326)","(0.4017326831817627, 0.26374131441116333)",1,1,3.018280029296875,2.9907684326171875,"(-60.61035919189453, -74.8675537109375, 731.7639770507812)","(5.111800193786621, -73.16072082519531, 730.6632080078125)","(-35.48682403564453, 133.41717529296875, 37.9181022644043)","(-33.782493591308594, 152.37704467773438, 44.81895065307617)",POINT (0.3992735892534256 0.3154958188533783),,,,,,,,,,,,,,,,,,,,,,,,,,,,,,,,,,,,,,,,,,,,,1,
0,54,27,437263885358,1830244803,1,1,"(0.3758029043674469, 0.3933679759502411)","(0.3954089283943176, 0.31418314576148987)",1,1,3.0349273681640625,2.9766998291015625,"(-60.60471725463867, -74.9163818359375, 731.767333984375)","(5.070743560791016, -73.1871337890625, 730.5614624023438)","(-42.76810836791992, 128.63316345214844, 36.17689514160156)","(-35.973899841308594, 143.13754272460938, 41.45604705810547)",POINT (0.3856059163808823 0.3537755608558655),,,,,,,,,,,,,,,,,,,,,,,,,,,,,,,,,,,,,,,,,,,,,,
0,54,27,437263902024,1830261469,1,1,"(0.38022252917289734, 0.40262869000434875)","(0.3982387185096741, 0.3432977497577667)",1,1,3.032745361328125,2.9939727783203125,"(-60.59019470214844, -74.93792724609375, 731.7554931640625)","(5.096958160400391, -73.19985961914062, 730.6493530273438)","(-41.23653793334961, 126.93687438964844, 35.55944061279297)","(-34.9932861328125, 137.8046112060547, 39.51498794555664)",POINT (0.3892306238412857 0.3729632198810577),,,,,,,,,,,,,,,,,,,,,,,,,,,,,,,,,,,,,,,,,,,,,,
0,54,27,437263918693,1830278137,1,1,"(0.38506463170051575, 0.3636764883995056)","(0.39152804017066956, 0.33235785365104675)",1,1,3.051727294921875,2.948333740234375,"(-60.563194274902344, -74.88936614990234, 731.7000732421875)","(5.138327598571777, -73.17723083496094, 730.662841796875)","(-39.55858612060547, 134.07180786132812, 38.15636444091797)","(-37.31877517700195, 139.80848693847656, 40.244354248046875)",POINT (0.3882963359355926 0.3480171710252762),,,,,,,,,,,,,,,,,,,,,,,,,,,,,,,,,,,,,,,,,,,,,,
0,54,27,437263935359,1830294803,1,1,"(0.38045841455459595, 0.38991206884384155)","(0.3833621144294739, 0.30327168107032776)",1,1,3.055526733398437,2.935211181640625,"(-60.53837203979492, -74.87550354003906, 731.7942504882812)","(5.176910400390625, -73.18345642089844, 730.7801513671875)","(-41.15480422973633, 129.2661895751953, 36.407264709472656)","(-40.14856719970703, 145.13621520996094, 42.183502197265625)",POINT (0.3819102644920349 0.3465918749570847),,,,,,,,,,,,,,,,,,,,,,,,,,,,,,,,,,,,,,,,,,,,,,
0,54,27,437263952027,1830311470,1,1,"(0.37215834856033325, 0.39009609818458557)","(0.3835168182849884, 0.3261386454105377)",1,1,3.0679168701171875,2.954208374023437,"(-60.49311828613281, -74.85154724121094, 731.8169555664062)","(5.2334980964660645, -73.16279602050781, 730.6319580078125)","(-44.03107833862305, 129.2324676513672, 36.39502716064453)","(-40.094970703125, 140.94766235351562, 40.65898895263672)",POINT (0.3778375834226608 0.3581173717975616),,,,,,,,,,,,,,,,,,,,,,,,,,,,,,,,,,,,,,,,,,,,,,
0,54,27,437263968698,1830328140,1,1,"(0.3788290023803711, 0.40974631905555725)","(0.3841152489185333, 0.335697740316391)",1,1,3.0204315185546875,3.006332397460937,"(-60.42852020263672, -74.83050537109375, 731.6336059570312)","(5.280053615570068, -73.15953063964844, 730.3958129882812)","(-41.71945571899414, 125.63311004638672, 35.0849723815918)","(-39.8875846862793, 139.19668579101562, 40.021705627441406)",POINT (0.3814721256494522 0.3727220296859741),,,,,,,,,,,,,,,,,,,,,,,,,,,,,,,,,,,,,,,,,,,,,,
0,54,27,437263985365,1830344807,1,1,"(0.3889094889163971, 0.3737224042415619)","(0.3922632932662964, 0.31865179538726807)",1,1,3.0391387939453125,2.9683990478515625,"(-60.38811111450195, -74.82353210449219, 731.6407470703125)","(5.321497440338135, -73.16887664794922, 730.454345703125)","(-38.2261962890625, 132.23167419433594, 37.48661422729492)","(-37.06398010253906, 142.31903076171875, 41.15810012817383)",POINT (0.3905863910913467 0.346187099814415),,,,,,,,,,,,,,,,,,,,,,,,,,,,,,,,,,,,,,,,,,,,,,
0,54,27,437264002033,1830361474,1,1,"(0.3875254988670349, 0.38716474175453186)","(0.39474064111709595, 0.32866063714027405)",1,1,3.04412841796875,2.976425170898437,"(-60.34247589111328, -74.83883666992188, 731.67919921875)","(5.391396999359131, -73.19992065429688, 730.6444091796875)","(-38.70579528808594, 129.76942443847656, 36.5904541015625)","(-36.20549011230469, 140.48570251464844, 40.490821838378906)",POINT (0.3911330699920654 0.357912689447403),,,,,,,,,,,,,,,,,,,,,,,,,,,,,,,,,,,,,,,,,,,,,,
0,54,27,437264018699,1830378140,1,1,"(0.3779074549674988, 0.3786439597606659)","(0.3802606165409088, 0.34001776576042175)",1,1,3.0112762451171875,2.971923828125,"(-60.281105041503906, -74.83821105957031, 731.645751953125)","(5.466753959655762, -73.21880340576172, 730.61376953125)","(-42.038814544677734, 131.33018493652344, 37.15851974487305)","(-41.22334671020508, 138.4053955078125, 39.73369598388672)",POINT (0.3790840357542038 0.3593308627605438),,,,,,,,,,,,,,,,,,,,,,,,,,,,,,,,,,,,,,,,,,,,,,
0,54,27,437264035367,1830394807,1,1,"(0.38239312171936035, 0.41167426109313965)","(0.37762731313705444, 0.3865004777908325)",1,1,3.055450439453125,2.969085693359375,"(-60.23286056518555, -74.86141967773438, 731.7442626953125)","(5.504817962646484, -73.21473693847656, 730.4805908203125)","(-40.48434829711914, 125.27999114990234, 34.95640182495117)","(-42.13587951660156, 129.89109802246094, 36.634727478027344)",POINT (0.3800102174282074 0.3990873694419861),,,,,,,,,,,,,,,,,,,,,,,,,,,,,,,,,,,,,,,,,,,,,,
0,54,27,437264052025,1830411465,1,1,"(0.38171085715293884, 0.4211357533931732)","(0.3790702819824219, 0.3685455620288849)",1,1,2.96160888671875,2.9715576171875,"(-60.19080352783203, -74.86659240722656, 731.6475830078125)","(5.525068283081055, -73.22384643554688, 730.480224609375)","(-40.72077560424805, 123.54690551757812, 34.325618743896484)","(-41.6358528137207, 133.179931640625, 37.83173751831055)",POINT (0.3803905695676804 0.394840657711029),,,,,,,,,,,,,,,,,,,,,,,,,,,,,,,,,,,,,,,,,,,,,,
0,54,27,437264068701,1830428140,1,1,"(0.3815484941005707, 0.39970606565475464)","(0.38587281107902527, 0.3538997173309326)",1,1,2.99853515625,2.9471435546875,"(-60.16636276245117, -74.89212799072266, 731.66748046875)","(5.553494453430176, -73.27091979980469, 730.612060546875)","(-40.77705383300781, 127.47220611572266, 35.75434875488281)","(-39.27851486206055, 135.86264038085938, 38.80815124511719)",POINT (0.383710652589798 0.3768028914928436),,,,,,,,,,,,,,,,,,,,,,,,,,,,,,,,,,,,,,,,,,,,,,
0,54,27,437264085368,1830444807,1,1,"(0.3721826672554016, 0.3923555016517639)","(0.37545737624168396, 0.3659718632698059)",1,1,3.01336669921875,2.932403564453125,"(-60.17543411254883, -74.9103012084961, 731.726318359375)","(5.549042701721191, -73.28179931640625, 730.5826416015625)","(-44.02265167236328, 128.81863403320312, 36.244361877441406)","(-42.887847900390625, 133.65138244628906, 38.0032844543457)",POINT (0.3738200217485428 0.3791636824607849),,,,,,,,,,,,,,,,,,,,,,,,,,,,,,,,,,,,,,,,,,,,,,
0,54,27,437264102041,1830461479,1,1,"(0.38461658358573914, 0.3992098271846771)","(0.3761208951473236, 0.33841684460639954)",1,1,2.99365234375,2.959197998046875,"(-60.17098617553711, -74.93730163574219, 731.8017578125)","(5.558035373687744, -73.316162109375, 730.641357421875)","(-39.713844299316406, 127.5630874633789, 35.78742980957031)","(-42.65791702270508, 138.69863891601562, 39.84041213989258)",POINT (0.3803687393665314 0.3688133358955383),,,,,,,,,,,,,,,,,,,,,,,,,,,,,,,,,,,,,,,,,,,,,,
0,54,27,437264118708,1830478146,1,1,"(0.38093340396881104, 0.39501500129699707)","(0.37589940428733826, 0.3369317054748535)",1,1,2.9856109619140625,2.928802490234375,"(-60.18338394165039, -74.96713256835938, 731.8751220703125)","(5.553411960601807, -73.36725616455078, 730.685546875)","(-40.99021530151367, 128.3314971923828, 36.067047119140625)","(-42.73466491699219, 138.97068786621094, 39.93941116333008)",POINT (0.3784164041280746 0.3659733533859253),,,,,,,,,,,,,,,,,,,,,,,,,,,,,,,,,,,,,,,,,,,,,,
0,54,27,437264135376,1830494813,1,1,"(0.3761777877807617, 0.40481266379356384)","(0.3797191083431244, 0.2907944917678833)",1,1,2.9952392578125,2.9327392578125,"(-60.19939422607422, -74.98603057861328, 731.9321899414062)","(5.534636497497559, -73.40564727783203, 730.6566162109375)","(-42.63820266723633, 126.5368423461914, 35.41384506225586)","(-41.41100311279297, 147.4216766357422, 43.015342712402344)",POINT (0.377948448061943 0.3478035777807236),,,,,,,,,,,,,,,,,,,,,,,,,,,,,,,,,,,,,,,,,,,,,,
0,54,27,437264152042,1830511479,1,1,"(0.37617456912994385, 0.3949410319328308)","(0.3751348555088043, 0.3112514913082123)",1,1,3.0013427734375,2.923324584960937,"(-60.22390365600586, -75.02088165283203, 732.0774536132812)","(5.518387317657471, -73.44512939453125, 730.671630859375)","(-42.63930892944336, 128.34503173828125, 36.07197189331055)","(-42.99960708618164, 143.674560546875, 41.65147399902344)",POINT (0.3756547123193741 0.3530962616205216),,,,,,,,,,,,,,,,,,,,,,,,,,,,,,,,,,,,,,,,,,,,,,
0,54,27,437264168710,1830528146,1,1,"(0.3769030272960663, 0.39285358786582947)","(0.37236887216567993, 0.32438698410987854)",1,1,2.9829864501953125,2.930999755859375,"(-60.252540588378906, -75.0468521118164, 732.2216796875)","(5.498157978057861, -73.46768188476562, 730.7752685546875)","(-42.38687515258789, 128.72740173339844, 36.2111701965332)","(-43.9581298828125, 141.2685089111328, 40.775787353515625)",POINT (0.3746359497308731 0.358620285987854),,,,,,,,,,,,,,,,,,,,,,,,,,,,,,,,,,,,,,,,,,,,,,
0,54,27,437264185377,1830544813,1,1,"(0.3716624081134796, 0.41692984104156494)","(0.3666764199733734, 0.3428775370121002)",1,1,2.9513092041015625,2.933334350585937,"(-60.28877639770508, -75.07474517822266, 732.3800048828125)","(5.480442523956299, -73.492919921875, 731.0263671875)","(-44.20294189453125, 124.31731414794922, 34.606048583984375)","(-45.93077850341797, 137.88157653808594, 39.54300308227539)",POINT (0.3691694140434265 0.3799036890268326),,,,,,,,,,,,,,,,,,,,,,,,,,,,,,,,,,,,,,,,,,,,,,
0,54,27,437264202045,1830561480,1,1,"(0.3717312216758728, 0.4093721807003021)","(0.37116509675979614, 0.3149924874305725)",1,1,2.953033447265625,2.910858154296875,"(-60.32349395751953, -75.09521484375, 732.46337890625)","(5.450416088104248, -73.52037048339844, 731.3511962890625)","(-44.179100036621094, 125.70165252685547, 35.109886169433594)","(-44.375274658203125, 142.98928833007812, 41.40210723876953)",POINT (0.3714481592178345 0.3621823340654373),,,,,,,,,,,,,,,,,,,,,,,,,,,,,,,,,,,,,,,,,,,,,,
0,54,27,437264218702,1830578137,1,1,"(0.37573352456092834, 0.4161962568759918)","(0.3718716502189636, 0.3310683071613312)",1,1,2.927841186523437,2.9226531982421875,"(-60.3439826965332, -75.0954360961914, 732.4296875)","(5.414765357971191, -73.54427337646484, 731.6610717773438)","(-42.79215621948242, 124.45167541503906, 34.654945373535156)","(-44.130435943603516, 140.04469299316406, 40.33028793334961)",POINT (0.373802587389946 0.3736322820186615),,,,,,,,,,,,,,,,,,,,,,,,,,,,,,,,,,,,,,,,,,,,,,
0,54,27,437264235383,1830594817,1,1,"(0.3863987326622009, 0.44325512647628784)","(0.3871288597583771, 0.3256421387195587)",1,1,2.9560089111328125,2.9261016845703125,"(-60.38022232055664, -75.09941101074219, 732.3922119140625)","(5.368585586547852, -73.53450775146484, 731.5441284179688)","(-39.09627151489258, 119.49527740478516, 32.85094451904297)","(-38.843257904052734, 141.03860473632812, 40.69206237792969)",POINT (0.386763796210289 0.3844486325979233),,,,,,,,,,,,,,,,,,,,,,,,,,,,,,,,,,,,,,,,,,,,,,
0,54,27,437264252050,1830611484,1,1,"(0.3640669584274292, 0.41191375255584717)","(0.37827590107917786, 0.33067917823791504)",1,1,2.9214630126953125,2.89593505859375,"(-60.42649841308594, -75.10858154296875, 732.4141845703125)","(5.312534809112549, -73.49469757080078, 731.1173706054688)","(-46.835044860839844, 125.2361068725586, 34.94046401977539)","(-41.91112518310547, 140.115966796875, 40.35623550415039)",POINT (0.3711714297533035 0.3712964653968811),,,,,,,,,,,,,,,,,,,,,,,,,,,,,,,,,,,,,,,,,,,,,,
0,54,27,437264268717,1830628150,1,1,"(0.3811693489551544, 0.4335325062274933)","(0.3695782423019409, 0.3120085597038269)",1,1,2.9071197509765625,2.8651275634765625,"(-60.46751403808594, -75.13021850585938, 732.4376220703125)","(5.268670082092285, -73.49020385742188, 731.0147094726562)","(-40.908447265625, 121.27617645263672, 33.49916076660156)","(-44.9251823425293, 143.53587341308594, 41.601016998291016)",POINT (0.3753737956285477 0.3727705329656601),,,,,,,,,,,,,,,,,,,,,,,,,,,,,,,,,,,,,,,,,,,,,,
0,54,27,437264285376,1830644809,1,1,"(0.36314764618873596, 0.4437274634838104)","(0.3710593581199646, 0.3142152428627014)",1,1,2.910308837890625,2.9020233154296875,"(-60.533695220947266, -75.15140533447266, 732.6502685546875)","(5.226226806640625, -73.52859497070312, 731.5469360351562)","(-47.153629302978516, 119.40876770019531, 32.81946563720703)","(-44.41191482543945, 143.13168334960938, 41.45388412475586)",POINT (0.3671035021543503 0.3789713531732559),,,,,,,,,,,,,,,,,,,,,,,,,,,,,,,,,,,,,,,,,,,,,,
0,54,27,437264302051,1830661483,1,1,"(0.368690550327301, 0.4660647511482239)","(0.3795201778411865, 0.3150641918182373)",1,1,2.82000732421875,2.9124908447265625,"(-60.572357177734375, -75.16775512695312, 732.73291015625)","(5.196712970733643, -73.5445556640625, 731.8277587890625)","(-45.2327995300293, 115.31723022460938, 31.33022117614746)","(-41.47993469238281, 142.97616577148438, 41.397281646728516)",POINT (0.3741053640842438 0.3905644714832306),,,,,,,,,,,,,,,,,,,,,,,,,,,,,,,,,,,,,,,,,,,,,,
0,54,27,437264318718,1830678150,1,1,"(0.42391136288642883, 0.5038264393806458)","(0.4343927204608917, 0.3233719766139984)",1,1,2.78765869140625,2.9010162353515625,"(-60.47960662841797, -75.12630462646484, 732.5548095703125)","(5.257292747497559, -73.5016860961914, 731.5308837890625)","(-26.09676742553711, 108.40034484863281, 28.81275177001953)","(-22.4645938873291, 141.4544219970703, 40.84342956542969)",POINT (0.4291520416736603 0.4135992079973221),,,,,,,,,,,,,,,,,,,,,,,,,,,,,,,,,,,,,,,,,,,,,,
0,54,27,437264335386,1830694817,1,1,"(0.42275574803352356, 0.5195324420928955)","(0.43075287342071533, 0.3455217480659485)",1,1,2.74609375,2.8691864013671875,"(-60.50193786621094, -75.14958190917969, 732.7418212890625)","(5.259068489074707, -73.49020385742188, 731.5308837890625)","(-26.49724006652832, 105.5234603881836, 27.765649795532227)","(-23.725940704345703, 137.397216796875, 39.3667106628418)",POINT (0.4267543107271194 0.432527095079422),,,,,,,,,,,,,,,,,,,,,,,,,,,,,,,,,,,,,,,,,,,,,,
0,54,27,437264352044,1830711475,1,1,"(0.4092217981815338, 0.51231849193573)","(0.42068707942962646, 0.34902557730674744)",1,1,2.7283172607421875,2.8382568359375,"(-60.537147521972656, -75.1629638671875, 732.87109375)","(5.239996910095215, -73.49894714355469, 731.7227783203125)","(-31.187240600585938, 106.8448715209961, 28.246553421020508)","(-27.2141056060791, 136.75543212890625, 39.133113861083984)",POINT (0.4149544388055801 0.4306720346212387),,,,,,,,,,,,,,,,,,,,,,,,,,,,,,,,,,,,,,,,,,,,,,
0,54,27,437264368724,1830728154,1,1,"(0.4144972860813141, 0.48378682136535645)","(0.43214136362075806, 0.36589518189430237)",1,1,2.8020782470703125,2.939208984375,"(-60.55403137207031, -75.17446899414062, 732.9583740234375)","(5.231024742126465, -73.50503540039062, 731.7674560546875)","(-29.359098434448242, 112.07103729248047, 30.14875030517578)","(-23.244770050048828, 133.6654052734375, 38.008453369140625)",POINT (0.4233193248510361 0.4248410016298294),,,,,,,,,,,,,,,,,,,,,,,,,,,,,,,,,,,,,,,,,,,,,,
0,54,27,437264385390,1830744820,1,1,"(0.5431542992591858, 0.47120317816734314)","(0.42639490962028503, 0.342788964509964)",1,1,2.198577880859375,2.8966827392578125,"(-60.50593948364258, -75.13114166259766, 732.6541137695312)","(5.2223219871521, -73.50955200195312, 731.8411865234375)","(15.225257873535156, 114.37600708007812, 30.987651824951172)","(-25.23613166809082, 137.8977813720703, 39.548927307128906)",POINT (0.4847746044397354 0.4069960713386536),,,,,,,,,,,,,,,,,,,,,,,,,,,,,,,,,,,,,,,,,,,,,,
0,54,27,437264418725,1830778154,1,1,"(0.41527843475341797, 0.5001876950263977)","(0.4234482944011688, 0.3140117824077606)",1,1,2.7154083251953125,2.8273162841796875,"(-60.57065963745117, -75.20722961425781, 732.8805541992188)","(5.212306976318359, -73.52688598632812, 731.7238159179688)","(-29.08839988708496, 109.0668716430664, 29.0552978515625)","(-26.257240295410156, 143.16896057128906, 41.46745300292969)",POINT (0.4193633645772934 0.4070997387170792),,,,,,,,,,,,,,,,,,,,,,,,,,,,,,,,,,,,,,,,,,,,,,
0,54,27,437264485394,1830844820,1,1,"(0.4182071387767792, 0.5466985106468201)","(0.4248957931995392, 0.335010826587677)",1,1,2.64306640625,2.830963134765625,"(-60.56820297241211, -75.32926177978516, 732.809326171875)","(5.195674896240234, -73.5771713256836, 731.8131103515625)","(-28.07349395751953, 100.54740905761719, 25.95448112487793)","(-25.755626678466797, 139.32252502441406, 40.06748962402344)",POINT (0.4215514659881592 0.4408546686172485),,,,,,,,,,,,,,,,,,,,,,,,,,,,,,,,,,,,,,,,,,,,,,
0,54,27,437264502060,1830861486,1,1,"(0.5041429996490479, 0.6502277255058289)","(0.43859851360321045, 0.39987972378730774)",1,1,2.2683258056640625,2.83978271484375,"(-60.550872802734375, -75.34341430664062, 732.72265625)","(5.210987091064453, -73.57002258300781, 731.5469970703125)","(1.7064461708068848, 81.58382415771484, 19.052330017089844)","(-21.007129669189453, 127.4404067993164, 35.74272155761719)",POINT (0.4713707566261292 0.5250537246465683),,,,,,,,,,,,,,,,,,,,,,,,,,,,,,,,,,,,,,,,,,,,,1,
0,54,27,437264768740,1831128158,1,1,"(0.467444509267807, 0.41186657547950745)","(0.4874194264411926, 0.3438049256801605)",1,1,2.9353179931640625,2.8966217041015625,"(-59.35200500488281, -75.07434844970703, 732.8370361328125)","(6.446025848388672, -73.61518859863281, 731.7152709960938)","(-11.010943412780762, 125.24475860595703, 34.9435920715332)","(-4.088899612426758, 137.71168518066406, 39.48121643066406)",POINT (0.4774319678544998 0.377835750579834),,,,,,,,,,,,,,,,,,,,,,,,,,,,,,,,,,,,,,,,,,,,,,
0,54,27,437264785407,1831144824,1,1,"(0.4858255088329315, 0.39749857783317566)","(0.48703399300575256, 0.35433313250541687)",1,1,3.0082244873046875,2.858795166015625,"(-59.345970153808594, -75.05986022949219, 732.7939453125)","(6.428956985473633, -73.59925842285156, 731.760009765625)","(-4.641261577606201, 127.8765640258789, 35.9015007019043)","(-4.222471714019775, 135.78323364257812, 38.77928924560547)",POINT (0.486429750919342 0.3759158551692963),,,,,,,,,,,,,,,,,,,,,,,,,,,,,,,,,,,,,,,,,,,,,,
0,54,27,437264802074,1831161491,1,1,"(0.4840865433216095, 0.3879258334636688)","(0.48027414083480835, 0.3515586853027344)",1,1,2.93634033203125,2.891510009765625,"(-59.3804931640625, -75.07928466796875, 732.922119140625)","(6.402835845947266, -73.61031341552734, 731.8192749023438)","(-5.243874549865723, 129.6300048828125, 36.539695739746094)","(-6.5650105476379395, 136.2914276123047, 38.96427917480469)",POINT (0.4821803420782089 0.3697422593832016),,,,,,,,,,,,,,,,,,,,,,,,,,,,,,,,,,,,,,,,,,,,,1,
0,54,27,437264818742,1831178158,1,1,"(0.48319011926651, 0.38389742374420166)","(0.47835981845855713, 0.3417735993862152)",1,1,3.0001983642578125,2.8905181884765625,"(-59.41480255126953, -75.06331634521484, 732.945556640625)","(6.377226829528809, -73.60186004638672, 732.0118408203125)","(-5.5545125007629395, 130.36788940429688, 36.80826187133789)","(-7.228391647338867, 138.08377075195312, 39.61660385131836)",POINT (0.4807749688625336 0.3628355115652084),,,,,,,,,,,,,,,,,,,,,,,,,,,,,,,,,,,,,,,,,,,,,1,
0,54,27,437264835408,1831194824,1,1,"(0.47679221630096436, 0.35851526260375977)","(0.48353996872901917, 0.3314395248889923)",1,1,3.037933349609375,2.8971099853515625,"(-59.465599060058594, -75.07878112792969, 732.8615112304688)","(6.3239545822143555, -73.60050964355469, 731.7620239257812)","(-7.771625518798828, 135.01718139648438, 38.50046920776367)","(-5.433273792266846, 139.97666931152344, 40.30559539794922)",POINT (0.4801660925149918 0.344977393746376),,,,,,,,,,,,,,,,,,,,,,,,,,,,,,,,,,,,,,,,,,,,,1,
0,54,27,437264852076,1831211491,1,1,"(0.479423850774765, 0.38816654682159424)","(0.4842919111251831, 0.3244852125644684)",1,1,3.0178985595703125,2.8840484619140625,"(-59.53513717651367, -75.07978057861328, 732.8931884765625)","(6.244971752166748, -73.5785140991211, 731.6898193359375)","(-6.859660625457764, 129.58592224121094, 36.52366256713867)","(-5.172703266143799, 141.25051879882812, 40.76921081542969)",POINT (0.4818578809499741 0.3563258796930313),,,,,,,,,,,,,,,,,,,,,,,,,,,,,,,,,,,,,,,,,,,,,1,
0,54,27,437264868743,1831228158,1,1,"(0.47741571068763733, 0.3909756541252136)","(0.4836864769458771, 0.3427676260471344)",1,1,3.04144287109375,2.88671875,"(-59.63316345214844, -75.12712097167969, 733.1914672851562)","(6.157649517059326, -73.60831451416016, 731.9425048828125)","(-7.555556297302246, 129.07138061523438, 36.336360931396484)","(-5.382501602172852, 137.9016876220703, 39.55034637451172)",POINT (0.4805510938167572 0.366871640086174),,,,,,,,,,,,,,,,,,,,,,,,,,,,,,,,,,,,,,,,,,,,,1,
0,54,27,437264885410,1831244824,1,1,"(0.4799147844314575, 0.36509406566619873)","(0.48790955543518066, 0.30549293756484985)",1,1,3.0545196533203125,2.903182983398437,"(-59.6879768371582, -75.10992431640625, 732.8820190429688)","(6.0793304443359375, -73.5741195678711, 731.60498046875)","(-6.689533710479736, 133.81214904785156, 38.06182861328125)","(-3.9190478324890137, 144.72935485839844, 42.0354118347168)",POINT (0.4839121699333191 0.3352935016155243),,,,,,,,,,,,,,,,,,,,,,,,,,,,,,,,,,,,,,,,,,,,,1,
0,54,27,437264902084,1831261498,1,1,"(0.4849536120891571, 0.32477664947509766)","(0.488858699798584, 0.3355628252029419)",1,1,3.0821533203125,2.9033203125,"(-59.792449951171875, -75.13926696777344, 732.9531860351562)","(5.9743757247924805, -73.59735107421875, 731.8133544921875)","(-4.943403244018555, 141.19712829589844, 40.749786376953125)","(-3.590142250061035, 139.22142028808594, 40.03068542480469)",POINT (0.4869061559438705 0.3301697373390198),,,,,,,,,,,,,,,,,,,,,,,,,,,,,,,,,,,,,,,,,,,,,1,
0,54,27,437264918752,1831278165,1,1,"(0.47231799364089966, 0.39753419160842896)","(0.4839136600494385, 0.34469836950302124)",1,1,3.0083160400390625,2.9086151123046875,"(-59.895423889160156, -75.1727294921875, 733.06982421875)","(5.872812271118164, -73.59989929199219, 731.992431640625)","(-9.322111129760742, 127.87004852294922, 35.899112701416016)","(-5.303774833679199, 137.54803466796875, 39.42164611816406)",POINT (0.4781158268451691 0.3711162805557251),,,,,,,,,,,,,,,,,,,,,,,,,,,,,,,,,,,,,,,,,,,,,,
0,54,27,437264935418,1831294831,1,1,"(0.45244717597961426, 0.3617817461490631)","(0.46869754791259766, 0.3439497947692871)",1,1,3.0419158935546875,2.9400177001953125,"(-60.01679611206055, -75.18682861328125, 732.7757568359375)","(5.716420650482178, -73.57933807373047, 731.8187866210938)","(-16.208072662353516, 134.4188690185547, 38.28268051147461)","(-10.576719284057617, 137.68516540527344, 39.471534729003906)",POINT (0.460572361946106 0.3528657704591751),,,,,,,,,,,,,,,,,,,,,,,,,,,,,,,,,,,,,,,,,,,,,1,
0,54,27,437264952086,1831311498,1,1,"(0.4452497959136963, 0.3935118019580841)","(0.4569162130355835, 0.3489251434803009)",1,1,3.046737670898437,2.947418212890625,"(-60.13493728637695, -75.21894073486328, 733.099609375)","(5.643627166748047, -73.60063934326172, 732.2037353515625)","(-18.702228546142578, 128.60682678222656, 36.167293548583984)","(-14.659385681152344, 136.77381896972656, 39.13984298706055)",POINT (0.4510830044746399 0.3712184727191925),,,,,,,,,,,,,,,,,,,,,,,,,,,,,,,,,,,,,,,,,,,,,,
0,54,27,437264968753,1831328164,1,1,"(0.4566780626773834, 0.4031502604484558)","(0.46965929865837097, 0.3391888737678528)",1,1,2.988006591796875,2.909454345703125,"(-60.19454574584961, -75.20819091796875, 732.7433471679688)","(5.53378963470459, -73.54682922363281, 731.6000366210938)","(-14.741912841796875, 126.84134674072266, 35.52468490600586)","(-10.24343490600586, 138.55722045898438, 39.7889518737793)",POINT (0.4631686806678772 0.3711695671081543),,,,,,,,,,,,,,,,,,,,,,,,,,,,,,,,,,,,,,,,,,,,,,
0,54,27,437264985420,1831344831,1,1,"(0.45386558771133423, 0.3961744010448456)","(0.45990291237831116, 0.3244176208972931)",1,1,2.9979248046875,2.934066772460937,"(-60.282649993896484, -75.21347045898438, 732.8463134765625)","(5.448877334594727, -73.5789794921875, 732.1187744140625)","(-15.716536521911621, 128.1190948486328, 35.989830017089844)","(-13.624388694763184, 141.26290893554688, 40.773704528808594)",POINT (0.4568842500448227 0.3602960109710693),,,,,,,,,,,,,,,,,,,,,,,,,,,,,,,,,,,,,,,,,,,,,,
0,54,27,437265002096,1831361506,1,1,"(0.45083707571029663, 0.41345423460006714)","(0.4615476727485657, 0.3268681764602661)",1,1,2.978607177734375,2.919708251953125,"(-60.381622314453125, -75.23844146728516, 733.0537719726562)","(5.380490303039551, -73.5687255859375, 732.0457763671875)","(-16.766029357910156, 124.95394897460938, 34.837730407714844)","(-13.054410934448242, 140.81402587890625, 40.6103515625)",POINT (0.4561923742294312 0.3701612055301666),,,,,,,,,,,,,,,,,,,,,,,,,,,,,,,,,,,,,,,,,,,,,,
0,54,27,437265018757,1831378167,1,1,"(0.44152194261550903, 0.3788716495037079)","(0.4605356752872467, 0.3178526759147644)",1,1,3.0228729248046875,2.891326904296875,"(-60.42203140258789, -75.19068145751953, 732.7911987304688)","(5.307794570922852, -73.51347351074219, 731.7072143554688)","(-19.99405860900879, 131.28848266601562, 37.14332962036133)","(-13.405108451843262, 142.46542358398438, 41.21136474609375)",POINT (0.4510288089513779 0.3483621627092362),,,,,,,,,,,,,,,,,,,,,,,,,,,,,,,,,,,,,,,,,,,,,1,
0,54,27,437265035434,1831394843,1,1,"(0.45524781942367554, 0.3968126177787781)","(0.4649071991443634, 0.31207185983657837)",1,1,3.014862060546875,2.8798980712890625,"(-60.47364044189453, -75.15203857421875, 732.6456909179688)","(5.245481491088867, -73.5182113647461, 732.0032958984375)","(-15.237553596496582, 128.00221252441406, 35.94725036621094)","(-11.890217781066895, 143.5242919921875, 41.5968017578125)",POINT (0.4600775092840195 0.3544422388076782),,,,,,,,,,,,,,,,,,,,,,,,,,,,,,,,,,,,,,,,,,,,,1,
0,54,27,437265052100,1831411509,1,1,"(0.44340988993644714, 0.40380212664604187)","(0.4635224938392639, 0.33336490392684937)",1,1,2.9649810791015625,2.8949432373046875,"(-60.54082107543945, -75.14144897460938, 732.87451171875)","(5.201992034912109, -73.47014617919922, 732.0042724609375)","(-19.339820861816406, 126.721923828125, 35.481258392333984)","(-12.37006950378418, 139.62399291992188, 40.17723083496094)",POINT (0.4534661918878555 0.3685835152864456),,,,,,,,,,,,,,,,,,,,,,,,,,,,,,,,,,,,,,,,,,,,,,
0,54,27,437265068768,1831428176,1,1,"(0.4541472792625427, 0.43241438269615173)","(0.4664454758167267, 0.4011140763759613)",1,1,2.9303436279296875,2.889129638671875,"(-60.60013961791992, -75.14080810546875, 733.1041870117188)","(5.167468547821045, -73.40629577636719, 731.9456787109375)","(-15.618913650512695, 121.48097229003906, 33.57369613647461)","(-11.357149124145508, 127.21431732177734, 35.66044235229492)",POINT (0.4602963775396347 0.4167642295360565),,,,,,,,,,,,,,,,,,,,,,,,,,,,,,,,,,,,,,,,,,,,,,
0,54,27,437265085435,1831444843,1,1,"(0.4511256814002991, 0.39123111963272095)","(0.4613247811794281, 0.3462424874305725)",1,1,2.97442626953125,2.856796264648437,"(-60.62472915649414, -75.11335754394531, 733.0098876953125)","(5.145660400390625, -73.36886596679688, 732.0051879882812)","(-16.6660213470459, 129.02459716796875, 36.319313049316406)","(-13.131651878356934, 137.26519775390625, 39.318687438964844)",POINT (0.4562252312898636 0.3687368035316467),,,,,,,,,,,,,,,,,,,,,,,,,,,,,,,,,,,,,,,,,,,,,,
0,54,27,437265102102,1831461509,1,1,"(0.4536037743091583, 0.40873196721076965)","(0.45784732699394226, 0.3275000751018524)",1,1,2.976547241210937,2.84033203125,"(-60.65341567993164, -75.09038543701172, 732.914306640625)","(5.119044780731201, -73.33428192138672, 731.7845458984375)","(-15.80726146697998, 125.81891632080078, 35.152584075927734)","(-14.336718559265137, 140.69827270507812, 40.568206787109375)",POINT (0.4557255506515503 0.368116021156311),,,,,,,,,,,,,,,,,,,,,,,,,,,,,,,,,,,,,,,,,,,,,,
0,54,27,437265135437,1831494843,1,1,"(0.44235795736312866, 0.38105711340904236)","(0.4633074700832367, 0.3266336917877197)",1,1,2.8944549560546875,2.790008544921875,"(-60.70604705810547, -75.09334564208984, 732.8717651367188)","(5.081628799438477, -73.31404876708984, 731.6226806640625)","(-19.704343795776367, 130.88815307617188, 36.99764633178711)","(-12.444581031799316, 140.85696411132812, 40.62598419189453)",POINT (0.4528327137231827 0.353845402598381),,,,,,,,,,,,,,,,,,,,,,,,,,,,,,,,,,,,,,,,,,,,,1,
0,54,27,437265152107,1831511513,1,1,"(0.4498280882835388, 0.4251263737678528)","(0.4636446535587311, 0.31156355142593384)",1,1,2.83331298828125,2.778778076171875,"(-60.673439025878906, -75.07135009765625, 732.7133178710938)","(5.057939529418945, -73.30387878417969, 731.4901733398438)","(-17.115676879882812, 122.81593322753906, 34.059566497802734)","(-12.327735900878906, 143.6173858642578, 41.630699157714844)",POINT (0.456736370921135 0.3683449625968933),,,,,,,,,,,,,,,,,,,,,,,,,,,,,,,,,,,,,,,,,,,,,,
0,54,27,437265168775,1831528180,1,1,"(0.4460887610912323, 0.36748266220092773)","(0.4653438627719879, 0.3262414336204529)",1,1,2.8529510498046875,2.766464233398437,"(-60.67704772949219, -75.07096099853516, 732.5626831054688)","(5.04073429107666, -73.30508422851562, 731.4459838867188)","(-18.411489486694336, 133.37461853027344, 37.90263366699219)","(-11.738893508911133, 140.92881774902344, 40.65216064453125)",POINT (0.4557163119316101 0.3468620479106903),,,,,,,,,,,,,,,,,,,,,,,,,,,,,,,,,,,,,,,,,,,,,1,
0,54,27,437265185442,1831544847,1,1,"(0.4642904996871948, 0.4323768615722656)","(0.4552726745605469, 0.3577041029930115)",1,1,2.8571929931640625,2.775604248046875,"(-60.766685485839844, -75.13701629638672, 732.890625)","(5.036049842834473, -73.32717895507812, 731.5195922851562)","(-12.10392951965332, 121.48786163330078, 33.576210021972656)","(-15.228923797607422, 135.165771484375, 38.55453109741211)",POINT (0.4597815871238708 0.3950404822826386),,,,,,,,,,,,,,,,,,,,,,,,,,,,,,,,,,,,,,,,,,,,,,
0,54,27,437265202109,1831561513,1,1,"(0.45798832178115845, 0.390645295381546)","(0.4579257071018219, 0.36790499091148376)",1,1,2.852081298828125,2.768218994140625,"(-60.76526641845703, -75.13414001464844, 732.81689453125)","(5.026865005493164, -73.33903503417969, 731.5347900390625)","(-14.287857055664062, 129.1318817138672, 36.358375549316406)","(-14.309551239013672, 133.2972412109375, 37.87451171875)",POINT (0.4579570144414902 0.3792751431465149),,,,,,,,,,,,,,,,,,,,,,,,,,,,,,,,,,,,,,,,,,,,,,
0,54,27,437265218776,1831578180,1,1,"(0.43680721521377563, 0.4668673276901245)","(0.4654097557067871, 0.36383846402168274)",1,1,2.80096435546875,2.7714080810546875,"(-60.76283264160156, -75.15260314941406, 732.785888671875)","(5.030205249786377, -73.35932159423828, 731.5640869140625)","(-21.627885818481445, 115.17021942138672, 31.276710510253906)","(-11.716054916381836, 134.04212951660156, 38.14558029174805)",POINT (0.4511084854602814 0.4153528958559036),,,,,,,,,,,,,,,,,,,,,,,,,,,,,,,,,,,,,,,,,,,,,,
0,54,27,437265235443,1831594846,1,1,"(0.4495218098163605, 0.4647628962993622)","(0.4598639905452728, 0.36237233877182007)",1,1,2.7369384765625,2.738189697265625,"(-60.74684524536133, -75.14518737792969, 732.6539916992188)","(5.03455924987793, -73.35319519042969, 731.460693359375)","(-17.221811294555664, 115.55565643310547, 31.417070388793945)","(-13.63787841796875, 134.3106689453125, 38.243350982666016)",POINT (0.4546929001808166 0.4135676175355911),,,,,,,,,,,,,,,,,,,,,,,,,,,,,,,,,,,,,,,,,,,,,,
0,54,27,437265252110,1831611513,1,1,"(0.45682427287101746, 0.42595386505126953)","(0.46448156237602234, 0.33852285146713257)",1,1,2.83746337890625,2.75927734375,"(-60.730201721191406, -75.14274597167969, 732.58154296875)","(5.044460296630859, -73.3480224609375, 731.4310302734375)","(-14.691242218017578, 122.66438293457031, 34.00437927246094)","(-12.037714958190918, 138.67922973632812, 39.83332443237305)",POINT (0.4606529176235199 0.382238358259201),,,,,,,,,,,,,,,,,,,,,,,,,,,,,,,,,,,,,,,,,,,,,,
0,54,27,437265302119,1831661520,1,1,"(0.4536343812942505, 0.41112276911735535)","(0.46614810824394226, 0.35971832275390625)",1,1,2.826019287109375,2.757110595703125,"(-60.676334381103516, -75.09974670410156, 732.593994140625)","(5.109184741973877, -73.30094909667969, 731.4454345703125)","(-15.796648025512695, 125.38101196289062, 34.993160247802734)","(-11.46019458770752, 134.79681396484375, 38.420284271240234)",POINT (0.4598912447690964 0.3854205459356308),,,,,,,,,,,,,,,,,,,,,,,,,,,,,,,,,,,,,,,,,,,,,,
0,54,27,437265318787,1831678187,1,1,"(0.4573914706707001, 0.4691223204135895)","(0.4689875841140747, 0.3420061469078064)",1,1,2.80328369140625,2.76129150390625,"(-60.65196228027344, -75.09664916992188, 732.704345703125)","(5.135951042175293, -73.31951904296875, 731.710205078125)","(-14.494686126708984, 114.75716400146484, 31.126386642456055)","(-10.476210594177246, 138.0411834716797, 39.60108947753906)",POINT (0.4631895273923874 0.4055642336606979),,,,,,,,,,,,,,,,,,,,,,,,,,,,,,,,,,,,,,,,,,,,,,
0,54,27,437265335453,1831694853,1,1,"(0.44446805119514465, 0.44390296936035156)","(0.46719253063201904, 0.3489048182964325)",1,1,2.78424072265625,2.79107666015625,"(-60.619544982910156, -75.09080505371094, 732.8602294921875)","(5.177717685699463, -73.31566619873047, 731.7833862304688)","(-18.973127365112305, 119.37661743164062, 32.8077507019043)","(-11.098258972167969, 136.77755737304688, 39.14116668701172)",POINT (0.4558302909135818 0.396403893828392),,,,,,,,,,,,,,,,,,,,,,,,,,,,,,,,,,,,,,,,,,,,,,
0,54,27,437265352121,1831711520,1,1,"(0.4440980553627014, 0.42802873253822327)","(0.4662668704986572, 0.3182820975780487)",1,1,2.7870330810546875,2.76171875,"(-60.583251953125, -75.07784271240234, 732.8515014648438)","(5.2183356285095215, -73.29806518554688, 731.6651000976562)","(-19.101343154907227, 122.2843246459961, 33.86606216430664)","(-11.419036865234375, 142.38674926757812, 41.18276596069336)",POINT (0.4551824629306793 0.373155415058136),,,,,,,,,,,,,,,,,,,,,,,,,,,,,,,,,,,,,,,,,,,,,,
0,54,27,437265368788,1831728187,1,1,"(0.439419686794281, 0.30844247341156006)","(0.46664655208587646, 0.3479546308517456)",1,1,2.817169189453125,2.7726593017578125,"(-60.53290557861328, -75.03594970703125, 732.75537109375)","(5.263242721557617, -73.25694274902344, 731.27978515625)","(-20.722564697265625, 144.18910217285156, 41.8387565612793)","(-11.28747272491455, 136.95159912109375, 39.20449447631836)",POINT (0.4530331194400787 0.3281985521316528),,,,,,,,,,,,,,,,,,,,,,,,,,,,,,,,,,,,,,,,,,,,,1,
0,54,27,437265385455,1831744853,1,1,"(0.4614827334880829, 0.4741058647632599)","(0.46706411242485046, 0.34342920780181885)",1,1,2.72161865234375,2.793548583984375,"(-60.445098876953125, -74.9806900024414, 732.3800048828125)","(5.317162990570068, -73.24093627929688, 731.2052001953125)","(-13.076913833618164, 113.84430694580078, 30.79416275024414)","(-11.142780303955078, 137.780517578125, 39.506256103515625)",POINT (0.4642734229564667 0.4087675362825394),,,,,,,,,,,,,,,,,,,,,,,,,,,,,,,,,,,,,,,,,,,,,,
0,54,27,437265418795,1831778192,1,1,"(0.43684759736061096, 0.8298841714859009)","(0.45589131116867065, 0.3921762704849243)",1,1,1.6614990234375,2.7691802978515625,"(-60.389739990234375, -74.9440689086914, 732.7509765625)","(5.417231559753418, -73.23983764648438, 731.4984130859375)","(-21.6138916015625, 48.675941467285156, 7.074821949005127)","(-15.01455020904541, 128.85145568847656, 36.25632858276367)",POINT (0.4463694542646408 0.6110302209854126),,,,,,,,,,,,,,,,,,,,,,,,,,,,,,,,,,,,,,,,,,,,,,
0,54,27,437265718803,1832078191,1,1,"(0.4724024832248688, 0.41276732087135315)","(0.4998217523097992, 0.31985533237457275)",1,1,2.8681182861328125,2.8535614013671875,"(-60.629783630371094, -73.39654541015625, 733.3812866210938)","(5.21035099029541, -71.48655700683594, 732.3131713867188)","(-9.292829513549805, 125.07975769042969, 34.883548736572266)","(0.20895880460739136, 142.09857177734375, 41.07788848876953)",POINT (0.486112117767334 0.366311326622963),,,,,,,,,,,,,,,,,,,,,,,,,,,,,,,,,,,,,,,,,,,,,1,
0,54,27,437265735470,1832094858,1,1,"(0.4709402620792389, 0.4197131097316742)","(0.4987960457801819, 0.34201323986053467)",1,1,2.85064697265625,2.88836669921875,"(-60.67103576660156, -73.12703704833984, 733.3411865234375)","(5.143527030944824, -71.17326354980469, 732.2702026367188)","(-9.799539566040039, 123.8074951171875, 34.42048263549805)","(-0.14649508893489838, 138.03988647460938, 39.60062789916992)",POINT (0.4848681539297104 0.3808631747961044),,,,,,,,,,,,,,,,,,,,,,,,,,,,,,,,,,,,,,,,,,,,,,
0,54,27,437265752146,1832111533,1,1,"(0.4835849404335022, 0.4384898245334625)","(0.49781128764152527, 0.2742787301540375)",1,1,2.845428466796875,2.88067626953125,"(-60.79603576660156, -72.88231658935547, 733.75341796875)","(5.054513931274414, -70.87010955810547, 732.5073852539062)","(-5.417690753936768, 120.3681411743164, 33.16867446899414)","(-0.4877307713031769, 150.4468994140625, 44.116424560546875)",POINT (0.4906981140375137 0.35638427734375),,,,,,,,,,,,,,,,,,,,,,,,,,,,,,,,,,,,,,,,,,,,,1,
0,54,27,437265768812,1832128199,1,1,"(0.4737253785133362, 0.44058239459991455)","(0.49046409130096436, 0.3567202687263489)",1,1,2.82501220703125,2.8829345703125,"(-60.839683532714844, -72.58804321289062, 733.6842041015625)","(4.974417686462402, -70.50991821289062, 732.716064453125)","(-8.834382057189941, 119.9848403930664, 33.0291633605957)","(-3.0338122844696045, 135.34597778320312, 38.620147705078125)",POINT (0.4820947349071503 0.3986513316631317),,,,,,,,,,,,,,,,,,,,,,,,,,,,,,,,,,,,,,,,,,,,,,
0,54,27,437265785480,1832144866,1,1,"(0.48179659247398376, 0.43988853693008423)","(0.49256932735443115, 0.29419848322868347)",1,1,2.8662109375,2.9159698486328125,"(-60.86443328857422, -72.28221893310547, 733.7532958984375)","(4.927372932434082, -70.21017456054688, 732.6870727539062)","(-6.03741455078125, 120.11194610595703, 33.07536697387695)","(-2.3042845726013184, 146.79815673828125, 42.78841781616211)",POINT (0.4871829599142075 0.3670435100793838),,,,,,,,,,,,,,,,,,,,,,,,,,,,,,,,,,,,,,,,,,,,,1,
0,54,27,437265802147,1832161533,1,1,"(0.47464799880981445, 0.3321024775505066)","(0.48921141028404236, 0.3611290156841278)",1,1,3.0368804931640625,2.936386108398437,"(-60.97102355957031, -72.04724884033203, 734.260009765625)","(4.87358283996582, -69.85376739501953, 732.968994140625)","(-8.514663696289062, 139.85523986816406, 40.26139831542969)","(-3.467916250228882, 134.53843688964844, 38.32621383666992)",POINT (0.4819297045469284 0.3466157466173172),,,,,,,,,,,,,,,,,,,,,,,,,,,,,,,,,,,,,,,,,,,,,1,
0,54,27,437265818820,1832178205,1,1,"(0.47389766573905945, 0.366041898727417)","(0.4940372407436371, 0.34660762548446655)",1,1,2.9364471435546875,2.881927490234375,"(-60.9454345703125, -71.72806549072266, 733.9041748046875)","(4.837025165557861, -69.55967712402344, 733.2805786132812)","(-8.774678230285645, 133.63851928710938, 37.9986457824707)","(-1.7955819368362427, 137.1983184814453, 39.294342041015625)",POINT (0.4839674532413483 0.3563247621059418),,,,,,,,,,,,,,,,,,,,,,,,,,,,,,,,,,,,,,,,,,,,,1,
0,54,27,437265852155,1832211539,1,1,"(0.4748186469078064, 0.38128459453582764)","(0.49280598759651184, 0.27788877487182617)",1,1,3.0009002685546875,2.934555053710937,"(-60.936134338378906, -71.20732116699219, 734.0098266601562)","(4.827449321746826, -69.03619384765625, 733.2950439453125)","(-8.455538749694824, 130.84649658203125, 36.98248291015625)","(-2.2222726345062256, 149.78565979003906, 43.8757209777832)",POINT (0.4838123172521591 0.3295866847038269),,,,,,,,,,,,,,,,,,,,,,,,,,,,,,,,,,,,,,,,,,,,,1,
0,54,27,437265868821,1832228205,1,1,"(0.47992369532585144, 0.3995618224143982)","(0.49524545669555664, 0.3113269507884979)",1,1,2.964950561523437,2.9398193359375,"(-60.92680358886719, -71.01016998291016, 734.071044921875)","(4.843581199645996, -68.81299591064453, 733.413330078125)","(-6.686452865600586, 127.49862670898438, 35.763954162597656)","(-1.376888632774353, 143.6607208251953, 41.64646911621094)",POINT (0.487584576010704 0.3554443866014481),,,,,,,,,,,,,,,,,,,,,,,,,,,,,,,,,,,,,,,,,,,,,1,
0,54,27,437265885489,1832244872,1,1,"(0.5028651356697083, 0.43161740899086)","(0.4862196743488312, 0.3075180649757385)",1,1,3.00750732421875,2.9364013671875,"(-60.88479995727539, -70.81373596191406, 733.926025390625)","(4.887437343597412, -68.58580780029297, 733.3682861328125)","(1.2635881900787354, 121.62696075439453, 33.6268310546875)","(-4.504663944244385, 144.3583984375, 41.900390625)",POINT (0.4945424050092697 0.3695677369832993),,,,,,,,,,,,,,,,,,,,,,,,,,,,,,,,,,,,,,,,,,,,,1,
0,54,27,437265902156,1832261539,1,1,"(0.47061678767204285, 0.40173202753067017)","(0.49171343445777893, 0.33114203810691833)",1,1,3.0539703369140625,2.9440460205078125,"(-60.84302520751953, -70.6671142578125, 734.1427612304688)","(4.928082466125488, -68.42121887207031, 733.47119140625)","(-9.91163158416748, 127.10111999511719, 35.61924362182617)","(-2.6008658409118652, 140.0311737060547, 40.325401306152344)",POINT (0.4811651110649109 0.3664370328187942),,,,,,,,,,,,,,,,,,,,,,,,,,,,,,,,,,,,,,,,,,,,,1,
0,54,27,437265918823,1832278205,1,1,"(0.4711383879184723, 0.3753948509693146)","(0.4916481673717499, 0.32567527890205383)",1,1,3.0316162109375,2.950103759765625,"(-60.77599334716797, -70.5819091796875, 734.1865234375)","(4.975212574005127, -68.32318878173828, 733.2628784179688)","(-9.730884552001953, 131.92532348632812, 37.375152587890625)","(-2.6234967708587646, 141.03253173828125, 40.68986511230469)",POINT (0.4813932776451111 0.3505350649356842),,,,,,,,,,,,,,,,,,,,,,,,,,,,,,,,,,,,,,,,,,,,,1,
0,54,27,437265935494,1832294876,1,1,"(0.4714381694793701, 0.39263108372688293)","(0.4871593415737152, 0.3113724887371063)",1,1,3.0367431640625,2.9439697265625,"(-60.69490051269531, -70.45632934570312, 733.9435424804688)","(5.071606636047363, -68.20523834228516, 733.2317504882812)","(-9.626986503601074, 128.7681427001953, 36.22602462768555)","(-4.179030895233154, 143.6523895263672, 41.643436431884766)",POINT (0.4792987555265427 0.3520017862319946),,,,,,,,,,,,,,,,,,,,,,,,,,,,,,,,,,,,,,,,,,,,,1,
0,54,27,437265952161,1832311542,1,1,"(0.4900817275047302, 0.382540225982666)","(0.48437902331352234, 0.3418829143047333)",1,1,3.0549774169921875,2.9570465087890625,"(-60.61290740966797, -70.36485290527344, 733.8972778320312)","(5.170833110809326, -68.11333465576172, 733.303955078125)","(-3.1663150787353516, 130.6165008544922, 36.89874267578125)","(-5.142508506774902, 138.06375122070312, 39.609344482421875)",POINT (0.4872303754091263 0.3622115701436996),,,,,,,,,,,,,,,,,,,,,,,,,,,,,,,,,,,,,,,,,,,,,1,
0,54,27,437265968829,1832328209,1,1,"(0.4915516972541809, 0.42296212911605835)","(0.492582231760025, 0.3122454583644867)",1,1,2.923492431640625,2.9517059326171875,"(-60.53034973144531, -70.34425354003906, 734.2893676757812)","(5.285784721374512, -68.09408569335938, 733.3316040039062)","(-2.656923294067383, 123.21235656738281, 34.203887939453125)","(-2.2997987270355225, 143.49249267578125, 41.58522033691406)",POINT (0.492066964507103 0.3676037937402725),,,,,,,,,,,,,,,,,,,,,,,,,,,,,,,,,,,,,,,,,,,,,1,
0,54,27,437265985496,1832344876,1,1,"(0.4774731695652008, 0.4104313254356384)","(0.4760390520095825, 0.2703808844089508)",1,1,2.984893798828125,2.945175170898437,"(-60.352928161621094, -70.21746826171875, 733.7493286132812)","(5.426954746246338, -68.06843566894531, 733.0328369140625)","(-7.535645961761475, 125.50765991210938, 35.03927230834961)","(-8.032622337341309, 151.160888671875, 44.376277923583984)",POINT (0.4767561107873917 0.3404061049222946),,,,,,,,,,,,,,,,,,,,,,,,,,,,,,,,,,,,,,,,,,,,,1,
0,54,27,437266018830,1832378209,1,1,"(0.4788348972797394, 0.37846314907073975)","(0.48261570930480957, 0.31970593333244324)",1,1,3.064666748046875,2.9643707275390625,"(-60.07209777832031, -70.00104522705078, 733.336669921875)","(5.718906402587891, -67.93778228759766, 732.805419921875)","(-7.063753128051758, 131.36329650878906, 37.17057800292969)","(-5.753560543060303, 142.12594604492188, 41.08781433105469)",POINT (0.4807253032922745 0.3490845412015915),,,,,,,,,,,,,,,,,,,,,,,,,,,,,,,,,,,,,,,,,,,,,1,
0,54,27,437266035497,1832394875,1,1,"(0.4883142113685608, 0.41447538137435913)","(0.47707387804985046, 0.35102322697639465)",1,1,3.03338623046875,2.9446563720703125,"(-59.96074676513672, -69.84650421142578, 733.670166015625)","(5.870834827423096, -67.81524658203125, 732.6842041015625)","(-3.7788262367248535, 124.76690673828125, 34.7696418762207)","(-7.674013614654541, 136.38951110839844, 38.99997329711914)",POINT (0.4826940447092056 0.3827493041753769),,,,,,,,,,,,,,,,,,,,,,,,,,,,,,,,,,,,,,,,,,,,,,
0,54,27,437266052164,1832411542,1,1,"(0.4803728759288788, 0.4667893052101135)","(0.4875868856906891, 0.29962754249572754)",1,1,2.912460327148437,2.9583740234375,"(-59.775146484375, -69.62606811523438, 732.9834594726562)","(5.989725112915039, -67.73848724365234, 732.7557373046875)","(-6.530781269073486, 115.18448638916016, 31.281940460205078)","(-4.0308685302734375, 145.80374145507812, 42.426414489746094)",POINT (0.4839798808097839 0.3832084238529205),,,,,,,,,,,,,,,,,,,,,,,,,,,,,,,,,,,,,,,,,,,,,,
0,54,27,437266068837,1832428214,1,1,"(0.4846000373363495, 0.47501805424690247)","(0.47590574622154236, 0.3163548707962036)",1,1,2.929840087890625,2.9236602783203125,"(-59.678035736083984, -69.46127319335938, 733.1365966796875)","(6.127260208129883, -67.54325866699219, 732.427490234375)","(-5.065924644470215, 113.67720794677734, 30.73337173461914)","(-8.07880687713623, 142.73974609375, 41.311283111572266)",POINT (0.4802528917789459 0.395686462521553),,,,,,,,,,,,,,,,,,,,,,,,,,,,,,,,,,,,,,,,,,,,,,
0,54,27,437266085503,1832444880,1,1,"(0.4738634526729584, 0.42970970273017883)","(0.4833703339099884, 0.2774287164211273)",1,1,2.9736328125,2.9207916259765625,"(-59.55549240112305, -69.24818420410156, 732.8570556640625)","(6.2144670486450195, -67.40009307861328, 732.5439453125)","(-8.786541938781738, 121.9764175415039, 33.75400161743164)","(-5.492073059082031, 149.8699188232422, 43.906375885009766)",POINT (0.4786168932914734 0.3535692095756531),,,,,,,,,,,,,,,,,,,,,,,,,,,,,,,,,,,,,,,,,,,,,1,
0,54,27,437266102172,1832461548,1,1,"(0.47568175196647644, 0.46690699458122253)","(0.48741990327835083, 0.31869229674339294)",1,1,2.9156494140625,2.91448974609375,"(-59.47003173828125, -69.00355529785156, 732.5560302734375)","(6.285667419433594, -67.23562622070312, 732.3204956054688)","(-8.1564359664917, 115.16292572021484, 31.27412223815918)","(-4.088734149932861, 142.3115997314453, 41.1554069519043)",POINT (0.4815508276224136 0.3927996456623077),,,,,,,,,,,,,,,,,,,,,,,,,,,,,,,,,,,,,,,,,,,,,,
0,54,27,437266135505,1832494880,1,1,"(0.44809678196907043, 0.451862633228302)","(0.46498891711235046, 0.3729713559150696)",1,1,2.870025634765625,2.909332275390625,"(-59.45281219482422, -68.65902709960938, 732.6358642578125)","(6.317437171936035, -66.8421630859375, 732.1571044921875)","(-17.715633392333984, 117.91863250732422, 32.277076721191406)","(-11.861896514892578, 132.36924743652344, 37.53670883178711)",POINT (0.4565428495407104 0.4124169945716858),,,,,,,,,,,,,,,,,,,,,,,,,,,,,,,,,,,,,,,,,,,,,,
0,54,27,437266152174,1832511548,1,1,"(0.45395299792289734, 0.430531769990921)","(0.46361255645751953, 0.27217036485671997)",1,1,2.8990478515625,2.871917724609375,"(-59.442081451416016, -68.47378540039062, 732.3958740234375)","(6.311649799346924, -66.69612884521484, 732.0828857421875)","(-15.686238288879395, 121.82583618164062, 33.69919967651367)","(-12.338852882385254, 150.83309936523438, 44.256954193115234)",POINT (0.4587827771902084 0.3513510674238205),,,,,,,,,,,,,,,,,,,,,,,,,,,,,,,,,,,,,,,,,,,,,1,
0,54,27,437266202179,1832561552,1,1,"(0.45389997959136963, 0.42163050174713135)","(0.4577922224998474, 0.2961809039115906)",1,1,2.8357696533203125,2.8719482421875,"(-59.622825622558594, -67.90216064453125, 732.5580444335938)","(6.159489631652832, -66.07662200927734, 732.44091796875)","(-15.70461368560791, 123.45628356933594, 34.29265213012695)","(-14.355809211730957, 146.43505859375, 42.656227111816406)",POINT (0.4558461010456085 0.358905702829361),,,,,,,,,,,,,,,,,,,,,,,,,,,,,,,,,,,,,,,,,,,,,,
0,54,27,437266235514,1832594886,1,1,"(0.45418837666511536, 0.426233172416687)","(0.462767630815506, 0.3303912580013275)",1,1,2.875350952148437,2.842132568359375,"(-59.828155517578125, -67.57099914550781, 732.5166015625)","(5.944418430328369, -65.66839599609375, 732.0452880859375)","(-15.604682922363281, 122.61320495605469, 33.98581314086914)","(-12.631656646728516, 140.16868591308594, 40.375465393066406)",POINT (0.4584780037403107 0.3783122152090073),,,,,,,,,,,,,,,,,,,,,,,,,,,,,,,,,,,,,,,,,,,,,,
0,54,27,437266252181,1832611552,1,1,"(0.45215773582458496, 0.40509507060050964)","(0.46891382336616516, 0.3024364709854126)",1,1,2.88250732421875,2.856597900390625,"(-59.920310974121094, -67.46629333496094, 732.1705932617188)","(5.8434343338012695, -65.5311050415039, 731.737548828125)","(-16.30837059020996, 126.48509979248047, 35.395057678222656)","(-10.5017671585083, 145.28921508789062, 42.23917007446289)",POINT (0.4605357795953751 0.3537657707929611),,,,,,,,,,,,,,,,,,,,,,,,,,,,,,,,,,,,,,,,,,,,,1,
0,54,27,437266268848,1832628219,1,1,"(0.4573196768760681, 0.44010576605796814)","(0.4588013291358948, 0.2829890847206116)",1,1,2.845428466796875,2.8721160888671875,"(-60.053627014160156, -67.30457305908203, 732.3378295898438)","(5.712750434875488, -65.3229751586914, 731.82861328125)","(-14.51956844329834, 120.07215118408203, 33.0609245300293)","(-14.006126403808594, 148.85142517089844, 43.53570556640625)",POINT (0.4580605030059814 0.3615474253892899),,,,,,,,,,,,,,,,,,,,,,,,,,,,,,,,,,,,,,,,,,,,,,
0,54,27,437266285515,1832644885,1,1,"(0.4839320182800293, 0.3823927640914917)","(0.48591646552085876, 0.26542928814888)",1,1,2.9004669189453125,2.8392486572265625,"(-60.09693908691406, -67.21717834472656, 732.211669921875)","(5.668614864349365, -65.25825500488281, 731.9022827148438)","(-5.297413349151611, 130.6435089111328, 36.908565521240234)","(-4.609735488891602, 152.06785583496094, 44.7064323425293)",POINT (0.484924241900444 0.3239110261201858),,,,,,,,,,,,,,,,,,,,,,,,,,,,,,,,,,,,,,,,,,,,,1,
0,54,27,437266302182,1832661552,1,1,"(0.4830258786678314, 0.39599931240081787)","(0.5012072324752808, 0.3433796763420105)",1,1,2.9521942138671875,2.85992431640625,"(-60.163063049316406, -67.05178833007812, 731.8667602539062)","(5.570788860321045, -65.05347442626953, 731.5944213867188)","(-5.611416816711426, 128.15118408203125, 36.00144958496094)","(0.6890862584114075, 137.7895965576172, 39.509552001953125)",POINT (0.4921165555715561 0.3696894943714142),,,,,,,,,,,,,,,,,,,,,,,,,,,,,,,,,,,,,,,,,,,,,1,
0,54,27,437266318850,1832678219,1,1,"(0.48971113562583923, 0.4016220271587372)","(0.4956313967704773, 0.25894084572792053)",1,1,3.0084686279296875,2.8645477294921875,"(-60.29890441894531, -67.02874755859375, 732.12646484375)","(5.461334228515625, -65.04263305664062, 731.9501342773438)","(-3.294747829437256, 127.12126922607422, 35.6265983581543)","(-1.2431591749191284, 153.25636291503906, 45.138973236083984)",POINT (0.4926712661981583 0.3302814364433289),,,,,,,,,,,,,,,,,,,,,,,,,,,,,,,,,,,,,,,,,,,,,1,
0,54,27,437266335522,1832694891,1,1,"(0.4817750155925751, 0.40106329321861267)","(0.49437612295150757, 0.32784101366996765)",1,1,2.9204864501953125,2.8571014404296875,"(-60.37809753417969, -66.96986389160156, 731.8134765625)","(5.365706443786621, -64.91056823730469, 731.7747802734375)","(-6.044895172119141, 127.22361755371094, 35.66382598876953)","(-1.678154468536377, 140.6358184814453, 40.545509338378906)",POINT (0.4880755692720413 0.3644521534442902),,,,,,,,,,,,,,,,,,,,,,,,,,,,,,,,,,,,,,,,,,,,,1,
0,54,27,437266352190,1832711558,1,1,"(0.4810272753238678, 0.39073869585990906)","(0.4906034469604492, 0.3122607469558716)",1,1,2.973419189453125,2.8705596923828125,"(-60.47612380981445, -66.98506164550781, 732.0343017578125)","(5.278430461883545, -64.88922119140625, 731.7023315429688)","(-6.304015159606934, 129.1147918701172, 36.3521728515625)","(-2.985515832901001, 143.48968505859375, 41.58420181274414)",POINT (0.4858153611421585 0.3514997214078903),,,,,,,,,,,,,,,,,,,,,,,,,,,,,,,,,,,,,,,,,,,,,1,
0,54,27,437266368857,1832728225,1,1,"(0.527756929397583, 0.4426017105579376)","(0.49540767073631287, 0.32843345403671265)",1,1,2.8087158203125,2.899322509765625,"(-60.55097579956055, -66.96763610839844, 731.7957763671875)","(5.21085262298584, -64.89461517333984, 731.6002807617188)","(9.889510154724121, 119.6149673461914, 32.89451599121094)","(-1.3206827640533447, 140.52732849121094, 40.50596237182617)",POINT (0.5115823000669479 0.3855175822973251),,,,,,,,,,,,,,,,,,,,,,,,,,,,,,,,,,,,,,,,,,,,,,
0,54,27,437266385524,1832744891,1,1,"(0.49052122235298157, 0.42141398787498474)","(0.49857473373413086, 0.30017295479774475)",1,1,2.943954467773437,2.8604888916015625,"(-60.610321044921875, -66.99117279052734, 731.75341796875)","(5.150538921356201, -65.00038146972656, 731.5861206054688)","(-3.0140163898468018, 123.4959487915039, 34.307071685791016)","(-0.22319376468658447, 145.70382690429688, 42.39009094238281)",POINT (0.4945479780435562 0.3607934713363648),,,,,,,,,,,,,,,,,,,,,,,,,,,,,,,,,,,,,,,,,,,,,1,
0,54,27,437266402191,1832761558,1,1,"(0.4879845976829529, 0.3982413113117218)","(0.5022799372673035, 0.3128190338611603)",1,1,2.988433837890625,2.897323608398437,"(-60.634281158447266, -67.01397705078125, 731.70361328125)","(5.117889881134033, -65.04154968261719, 731.58740234375)","(-3.8930444717407227, 127.74051666259766, 35.85197448730469)","(1.0608034133911133, 143.38742065429688, 41.54701614379883)",POINT (0.4951322674751282 0.355530172586441),,,,,,,,,,,,,,,,,,,,,,,,,,,,,,,,,,,,,,,,,,,,,1,
0,54,27,437266418859,1832778225,1,1,"(0.4770064055919647, 0.4412938952445984)","(0.4977281987667084, 0.28549689054489136)",1,1,2.9310455322265625,2.883148193359375,"(-60.65652084350586, -67.07975769042969, 731.656982421875)","(5.090108394622803, -65.10617065429688, 731.4694213867188)","(-7.697397232055664, 119.8545150756836, 32.98170852661133)","(-0.5165362358093262, 148.39205932617188, 43.368499755859375)",POINT (0.4873673021793366 0.3633953928947449),,,,,,,,,,,,,,,,,,,,,,,,,,,,,,,,,,,,,,,,,,,,,1,
0,54,27,437266435525,1832794891,1,1,"(0.47622689604759216, 0.3824646472930908)","(0.48912692070007324, 0.3021271228790283)",1,1,2.9762725830078125,2.903076171875,"(-60.68270492553711, -67.1336441040039, 731.6534423828125)","(5.072388648986816, -65.24031829833984, 731.3959350585938)","(-7.967522621154785, 130.63034057617188, 36.90378952026367)","(-3.497192621231079, 145.3458709716797, 42.259796142578125)",POINT (0.4826769083738327 0.3422958850860596),,,,,,,,,,,,,,,,,,,,,,,,,,,,,,,,,,,,,,,,,,,,,1,
0,54,27,437266452193,1832811558,1,1,"(0.4905332624912262, 0.4583420157432556)","(0.49677982926368713, 0.31878146529197693)",1,1,2.8377685546875,2.9195709228515625,"(-60.71043014526367, -67.17605590820312, 731.6180419921875)","(5.045645713806152, -65.26322174072266, 731.219482421875)","(-3.0098443031311035, 116.7317886352539, 31.845138549804688)","(-0.8451768755912781, 142.2952880859375, 41.14948654174805)",POINT (0.4936565458774567 0.3885617405176163),,,,,,,,,,,,,,,,,,,,,,,,,,,,,,,,,,,,,,,,,,,,,,
0,54,27,437266468863,1832828228,1,1,"(0.4934629201889038, 0.48053836822509766)","(0.4928096532821655, 0.3327084183692932)",1,1,2.8914794921875,2.900115966796875,"(-60.74775695800781, -67.18360900878906, 731.490966796875)","(5.008834362030029, -65.31053161621094, 731.5448608398438)","(-1.994610071182251, 112.66606140136719, 30.365297317504883)","(-2.220989942550659, 139.74424743652344, 40.221004486083984)",POINT (0.4931362867355347 0.4066233932971954),,,,,,,,,,,,,,,,,,,,,,,,,,,,,,,,,,,,,,,,,,,,,,
0,54,27,437266485530,1832844894,1,1,"(0.49483785033226013, 0.43996062874794006)","(0.4957650601863861, 0.3547261655330658)",1,1,2.9080047607421875,2.928924560546875,"(-60.808265686035156, -67.2001724243164, 731.53955078125)","(4.951091766357422, -65.3580093383789, 731.6932373046875)","(-1.5181430578231812, 120.09872436523438, 33.07061767578125)","(-1.1968449354171753, 135.71124267578125, 38.753089904785156)",POINT (0.4953014552593231 0.3973433971405029),,,,,,,,,,,,,,,,,,,,,,,,,,,,,,,,,,,,,,,,,,,,,,
0,54,27,437266518864,1832878227,1,1,"(0.46321287751197815, 0.44581517577171326)","(0.46903979778289795, 0.295615017414093)",1,1,2.91522216796875,2.903427124023437,"(-61.033695220947266, -67.1663589477539, 732.0833740234375)","(4.748599529266357, -65.33648681640625, 731.72607421875)","(-12.477355003356934, 119.02635192871094, 32.68029022216797)","(-10.45812702178955, 146.53871154785156, 42.6939582824707)",POINT (0.466126337647438 0.3707150965929031),,,,,,,,,,,,,,,,,,,,,,,,,,,,,,,,,,,,,,,,,,,,,,
0,54,27,437266585533,1832944894,1,1,"(0.45162904262542725, 0.43658971786499023)","(0.4729282259941101, 0.36029064655303955)",1,1,2.92547607421875,2.9235992431640625,"(-61.41033172607422, -66.72116088867188, 732.2062377929688)","(4.363962173461914, -65.05595397949219, 731.8204345703125)","(-16.4915828704834, 120.71620178222656, 33.295318603515625)","(-9.110649108886719, 134.69198608398438, 38.38210678100586)",POINT (0.4622786343097687 0.3984401822090149),,,,,,,,,,,,,,,,,,,,,,,,,,,,,,,,,,,,,,,,,,,,,,
0,54,27,437266602203,1832961564,1,1,"(0.4610177278518677, 0.4790400564670563)","(0.4724176824092865, 0.37097057700157166)",1,1,2.889984130859375,2.989349365234375,"(-61.5684814453125, -66.6022720336914, 732.6246337890625)","(4.226556777954102, -64.93540954589844, 732.16162109375)","(-13.23806095123291, 112.94051361083984, 30.465185165405273)","(-9.287553787231445, 132.7357177734375, 37.67010498046875)",POINT (0.4667177051305771 0.425005316734314),,,,,,,,,,,,,,,,,,,,,,,,,,,,,,,,,,,,,,,,,,,,,,
0,54,27,437266618870,1832978230,1,1,"(0.43995973467826843, 0.4303871691226959)","(0.4760724902153015, 0.2855361998081207)",1,1,2.9883575439453125,2.9358367919921875,"(-61.71519470214844, -66.52068328857422, 732.4925537109375)","(4.066948413848877, -64.82215118408203, 731.9564819335938)","(-20.53540802001953, 121.85231018066406, 33.708839416503906)","(-8.021025657653809, 148.38485717773438, 43.36587905883789)",POINT (0.458016112446785 0.3579616844654083),,,,,,,,,,,,,,,,,,,,,,,,,,,,,,,,,,,,,,,,,,,,,1,
0,54,27,437266635537,1832994897,1,1,"(0.4980844557285309, 0.5457656383514404)","(0.4793807566165924, 0.39620405435562134)",1,1,2.7308502197265625,2.9784088134765625,"(-61.86749267578125, -66.3750228881836, 732.3435668945312)","(3.891481399536133, -64.677001953125, 732.1658935546875)","(-0.3930782973766327, 100.71830749511719, 26.01667594909668)","(-6.874590873718262, 128.11366271972656, 35.98781967163086)",POINT (0.4887326061725616 0.4709848463535309),,,,,,,,,,,,,,,,,,,,,,,,,,,,,,,,,,,,,,,,,,,,,1,
0,54,27,437266685539,1833044897,1,1,"(0.46271270513534546, 0.5341013073921204)","(0.4712684154510498, 0.34253785014152527)",1,1,2.80902099609375,2.9780426025390625,"(-62.494102478027344, -66.25636291503906, 732.6608276367188)","(3.3002400398254395, -64.36866760253906, 732.113525390625)","(-12.65068244934082, 102.85487365722656, 26.794286727905273)","(-9.68581771850586, 137.94378662109375, 39.5656623840332)",POINT (0.4669905602931976 0.4383195787668228),,,,,,,,,,,,,,,,,,,,,,,,,,,,,,,,,,,,,,,,,,,,,,
0,54,27,437266702206,1833061564,1,1,"(0.4653385281562805, 0.5153903961181641)","(0.4699510633945465, 0.3321419358253479)",1,1,2.77862548828125,2.9431915283203125,"(-62.6484375, -66.23387145996094, 732.2859497070312)","(3.128818988800049, -64.33119201660156, 731.9080810546875)","(-11.740740776062012, 106.28215789794922, 28.041780471801758)","(-10.142337799072266, 139.8480224609375, 40.25875473022461)",POINT (0.4676447957754135 0.423766165971756),,,,,,,,,,,,,,,,,,,,,,,,,,,,,,,,,,,,,,,,,,,,,,
0,54,27,437266718873,1833078230,1,1,"(0.44740352034568787, 0.5013138055801392)","(0.47688382863998413, 0.3113703429698944)",1,1,2.8990478515625,2.992660522460937,"(-62.8162727355957, -66.24362182617188, 732.1928100585938)","(2.9529612064361572, -64.34307861328125, 732.2052001953125)","(-17.95587921142578, 108.86060333251953, 28.980249404907227)","(-7.739858150482178, 143.6527862548828, 41.64357376098633)",POINT (0.462143674492836 0.4063420742750168),,,,,,,,,,,,,,,,,,,,,,,,,,,,,,,,,,,,,,,,,,,,,,
0,54,27,437266735547,1833094904,1,1,"(0.4830096364021301, 0.5307068228721619)","(0.47397011518478394, 0.2973935604095459)",1,1,2.7788848876953125,2.983795166015625,"(-63.02072525024414, -66.29862976074219, 732.6194458007812)","(2.785735607147217, -64.31893920898438, 732.295166015625)","(-5.617062568664551, 103.47663116455078, 27.020654678344727)","(-8.749574661254883, 146.21292114257812, 42.575382232666016)",POINT (0.478489875793457 0.4140501916408539),,,,,,,,,,,,,,,,,,,,,,,,,,,,,,,,,,,,,,,,,,,,,,
0,54,27,437266785549,1833144904,1,1,"(0.5055379271507263, 0.5034253597259521)","(0.48854339122772217, 0.34904053807258606)",1,1,2.7975311279296875,2.9895477294921875,"(-63.240169525146484, -66.45811462402344, 732.4171752929688)","(2.546058416366577, -64.36481475830078, 732.061767578125)","(2.1898365020751953, 108.47383117675781, 28.839441299438477)","(-3.6994147300720215, 136.75267028808594, 39.132164001464844)",POINT (0.4970406591892242 0.4262329488992691),,,,,,,,,,,,,,,,,,,,,,,,,,,,,,,,,,,,,,,,,,,,,,
0,54,27,437266835550,1833194904,1,1,"(0.7666956186294556, 0.587950587272644)","(0.7541447281837463, 0.05816800147294998)",1,1,2.726104736328125,2.9328765869140625,"(-62.43491744995117, -66.41787719726562, 731.8607177734375)","(3.2133569717407227, -64.5908203125, 732.29150390625)","(92.69051361083984, 92.9912338256836, 23.20427894592285)","(88.34117126464844, 190.0321807861328, 58.524288177490234)",POINT (0.760420173406601 0.323059294372797),,,,,,,,,,,,,,,,,,,,,,,,,,,,,,,,,,,,,,,,,,,,,1,
0,54,27,437266852218,1833211571,1,1,"(0.8227626085281372, 0.48909294605255127)","(0.723455011844635, 0.24321046471595764)",1,1,2.519378662109375,2.9671173095703125,"(-62.35438537597656, -66.55924224853516, 731.65234375)","(3.3025174140930176, -64.75416564941406, 731.7589111328125)","(112.1197738647461, 111.09912109375, 29.794950485229492)","(77.70604705810547, 156.13771057128906, 46.187721252441406)",POINT (0.7731088101863861 0.3661517053842545),,,,,,,,,,,,,,,,,,,,,,,,,,,,,,,,,,,,,,,,,,,,,,
0,54,27,437266868889,1833228242,1,1,"(0.7188287377357483, 0.5465330481529236)","(0.7309280037879944, 0.252763032913208)",1,1,2.9650115966796875,2.939422607421875,"(-62.24895477294922, -66.71844482421875, 731.4307250976562)","(3.447540283203125, -64.94651794433594, 731.7427368164062)","(76.10287475585938, 100.57774353027344, 25.965497970581055)","(80.29570770263672, 154.38796997070312, 45.55082321166992)",POINT (0.7248783707618713 0.3996480405330658),,,,,,,,,,,,,,,,,,,,,,,,,,,,,,,,,,,,,,,,,,,,,,
0,54,27,437266885557,1833244909,1,1,"(0.7975326180458069, 0.3851575553417206)","(0.7398718595504761, 0.14781294763088226)",1,1,2.6591796875,2.9180145263671875,"(-62.115482330322266, -66.91874694824219, 731.4274291992188)","(3.5910322666168213, -65.20198822021484, 731.4902954101562)","(103.37665557861328, 130.13706970214844, 36.72429656982422)","(83.39511108398438, 173.61180114746094, 52.547725677490234)",POINT (0.7687022387981415 0.2664852514863014),,,,,,,,,,,,,,,,,,,,,,,,,,,,,,,,,,,,,,,,,,,,1,1,
0,54,27,437266902224,1833261576,1,1,"(0.7130749225616455, 0.4464714229106903)","(0.7438173294067383, 0.12101797014474869)",1,1,2.978790283203125,2.908554077148437,"(-61.97152328491211, -67.07147216796875, 731.2163696289062)","(3.754289150238037, -65.47320556640625, 731.5623779296875)","(74.10897827148438, 118.9061279296875, 32.63655090332031)","(84.76233673095703, 178.51986694335938, 54.334171295166016)",POINT (0.7284461259841919 0.2837446965277195),,,,,,,,,,,,,,,,,,,,,,,,,,,,,,,,,,,,,,,,,,,,1,1,
0,54,27,437266918891,1833278242,1,1,"(0.7481068968772888, 0.38003063201904297)","(0.7360621690750122, 0.1844635158777237)",1,1,2.964340209960937,2.9827423095703125,"(-61.79597091674805, -67.22515869140625, 731.0845947265625)","(3.9193146228790283, -65.73442840576172, 731.560546875)","(86.24884796142578, 131.07618713378906, 37.06605529785156)","(82.07490539550781, 166.89845275878906, 50.10432434082031)",POINT (0.7420845329761505 0.2822470739483833),,,,,,,,,,,,,,,,,,,,,,,,,,,,,,,,,,,,,,,,,,,,1,1,
0,54,27,437266935558,1833294909,1,1,"(0.8230876326560974, 0.3561471700668335)","(0.7308099269866943, 0.09443815797567368)",1,1,2.670654296875,2.9046783447265625,"(-61.67527770996094, -67.35806274414062, 731.0328979492188)","(4.070496559143066, -65.91551208496094, 731.4110717773438)","(112.23241424560547, 135.45094299316406, 38.658355712890625)","(80.25480651855469, 183.3885498046875, 56.10615539550781)",POINT (0.7769487798213959 0.2252926640212536),,,,,,,,,,,,,,,,,,,,,,,,,,,,,,,,,,,,,,,,,,,,,1,
0,54,27,437266952226,1833311576,1,1,"(0.7400577664375305, 0.3541450500488281)","(0.7403519749641418, 0.20717035233974457)",1,1,2.964340209960937,2.926422119140625,"(-61.50359344482422, -67.44325256347656, 731.05078125)","(4.248624324798584, -66.08434295654297, 731.6304321289062)","(83.45951843261719, 135.8176727294922, 38.791839599609375)","(83.56147003173828, 162.73922729492188, 48.590450286865234)",POINT (0.7402048707008362 0.2806577011942864),,,,,,,,,,,,,,,,,,,,,,,,,,,,,,,,,,,,,,,,,,,,1,1,
0,54,27,437266968894,1833328243,1,1,"(0.7387170791625977, 0.38057512044906616)","(0.7497040033340454, 0.1792331337928772)",1,1,2.99810791015625,2.9272003173828125,"(-61.36273956298828, -67.49766540527344, 730.869384765625)","(4.367768287658691, -66.24844360351562, 731.408203125)","(82.99494171142578, 130.97642517089844, 37.029815673828125)","(86.80230712890625, 167.8565216064453, 50.45298767089844)",POINT (0.7442105412483215 0.2799041271209717),,,,,,,,,,,,,,,,,,,,,,,,,,,,,,,,,,,,,,,,,,,,1,1,
0,54,27,437266985565,1833344913,1,1,"(0.7494093179702759, 0.3835696578025818)","(0.7287233471870422, 0.2927871346473694)",1,1,2.997833251953125,2.975936889648437,"(-61.28142547607422, -67.51644897460938, 731.0791625976562)","(4.473757743835449, -66.31864929199219, 731.7157592773438)","(86.7001724243164, 130.4279327392578, 36.83012771606445)","(79.53172302246094, 147.05670166015625, 42.882469177246094)",POINT (0.7390663325786591 0.3381783962249756),,,,,,,,,,,,,,,,,,,,,,,,,,,,,,,,,,,,,,,,,,,,,1,
0,54,27,437267002232,1833361580,1,1,"(0.6702122092247009, 0.311461865901947)","(0.6696334481239319, 0.16610178351402283)",1,1,2.932479858398437,2.9788360595703125,"(-61.32375717163086, -67.63063049316406, 731.2354125976562)","(4.429933071136475, -66.51235961914062, 731.83447265625)","(59.25548553466797, 143.63601684570312, 41.63746643066406)","(59.05491256713867, 170.26182556152344, 51.328433990478516)",POINT (0.6699228286743164 0.2387818247079849),,,,,,,,,,,,,,,,,,,,,,,,,,,,,,,,,,,,,,,,,,,,,1,
0,54,27,437267018891,1833378238,1,1,"(0.5553297400474548, 0.44618844985961914)","(0.5614990592002869, 0.31687024235725403)",1,1,3.126220703125,2.9948272705078125,"(-61.54447555541992, -67.73863220214844, 731.2081298828125)","(4.127317905426025, -66.65819549560547, 731.49951171875)","(19.444507598876953, 118.95796966552734, 32.655391693115234)","(21.582406997680664, 142.64535522460938, 41.27689743041992)",POINT (0.5584143996238708 0.3815293461084366),,,,,,,,,,,,,,,,,,,,,,,,,,,,,,,,,,,,,,,,,,,,,1,
0,54,27,437267035557,1833394904,1,1,"(0.45979562401771545, 0.4101240634918213)","(0.4822099208831787, 0.34119194746017456)",1,1,3.05987548828125,2.9801483154296875,"(-61.67194366455078, -67.69808197021484, 731.3330078125)","(3.974846839904785, -66.61337280273438, 731.5753784179688)","(-13.661569595336914, 125.5639419555664, 35.059757232666016)","(-5.894187927246094, 138.19032287597656, 39.655399322509766)",POINT (0.4710027724504471 0.3756580054759979),,,,,,,,,,,,,,,,,,,,,,,,,,,,,,,,,,,,,,,,,,,,,,
0,54,27,437267052225,1833411571,1,1,"(0.474141389131546, 0.4162648618221283)","(0.4933423399925232, 0.33095988631248474)",1,1,3.093780517578125,2.9838104248046875,"(-61.6036376953125, -67.51985931396484, 731.2268676757812)","(4.056090354919434, -66.49286651611328, 731.4711303710938)","(-8.690226554870605, 124.43911743164062, 34.650352478027344)","(-2.0363962650299072, 140.0645294189453, 40.33756637573242)",POINT (0.4837418645620346 0.3736123740673065),,,,,,,,,,,,,,,,,,,,,,,,,,,,,,,,,,,,,,,,,,,,,,
0,54,27,437267068892,1833428238,1,1,"(0.4808414876461029, 0.4060186445713043)","(0.4930405020713806, 0.3697908818721771)",1,1,3.098785400390625,3.006256103515625,"(-61.50292205810547, -67.30223083496094, 731.2008056640625)","(4.184556007385254, -66.31767272949219, 731.7935791015625)","(-6.368399143218994, 126.31592559814453, 35.333499908447266)","(-2.141005516052246, 132.95181274414062, 37.74873733520508)",POINT (0.4869409948587418 0.3879047632217407),,,,,,,,,,,,,,,,,,,,,,,,,,,,,,,,,,,,,,,,,,,,,,
0,54,27,437267085560,1833444905,1,1,"(0.48353347182273865, 0.3916877508163452)","(0.49137312173843384, 0.32149580121040344)",1,1,3.0958251953125,2.98760986328125,"(-61.4473876953125, -67.11186218261719, 731.180908203125)","(4.244251728057861, -66.22758483886719, 732.01416015625)","(-5.43552827835083, 128.9409637451172, 36.28886413574219)","(-2.7187891006469727, 141.79808044433594, 40.96849060058594)",POINT (0.4874532967805862 0.3565917760133743),,,,,,,,,,,,,,,,,,,,,,,,,,,,,,,,,,,,,,,,,,,,,1,
0,54,27,437267102226,1833461571,1,1,"(0.48781058192253113, 0.41723209619522095)","(0.49847203493118286, 0.3023649752140045)",1,1,3.12042236328125,2.949005126953125,"(-61.35725402832031, -66.92919921875, 731.4217529296875)","(4.3662638664245605, -66.022705078125, 731.7324829101562)","(-3.9533610343933105, 124.261962890625, 34.58586883544922)","(-0.2587684094905853, 145.30230712890625, 42.24394607543945)",POINT (0.493141308426857 0.3597985357046127),,,,,,,,,,,,,,,,,,,,,,,,,,,,,,,,,,,,,,,,,,,,,1,
0,54,27,437267118897,1833478241,1,1,"(0.49204379320144653, 0.4035783112049103)","(0.47889721393585205, 0.34595268964767456)",1,1,3.1024322509765625,2.9767608642578125,"(-61.268287658691406, -66.7073974609375, 731.165771484375)","(4.460752010345459, -65.863037109375, 732.2030029296875)","(-2.486382007598877, 126.76292419433594, 35.496150970458984)","(-7.042162895202637, 137.31829833984375, 39.33798599243164)",POINT (0.4854705035686493 0.3747655004262924),,,,,,,,,,,,,,,,,,,,,,,,,,,,,,,,,,,,,,,,,,,,,,
0,54,27,437267135564,1833494908,1,1,"(0.4887351393699646, 0.3588950037956238)","(0.4849869906902313, 0.35283926129341125)",1,1,3.16461181640625,2.95562744140625,"(-61.233402252197266, -66.46443176269531, 731.1416015625)","(4.491729736328125, -65.63998413085938, 732.1731567382812)","(-3.6329565048217773, 134.94761657714844, 38.47514343261719)","(-4.931827545166016, 136.056884765625, 38.87883377075195)",POINT (0.486861065030098 0.3558671325445175),,,,,,,,,,,,,,,,,,,,,,,,,,,,,,,,,,,,,,,,,,,,,1,
0,54,27,437267152232,1833511575,1,1,"(0.4864659607410431, 0.3742987811565399)","(0.49191999435424805, 0.3296554684638977)",1,1,3.16162109375,3.01861572265625,"(-61.20905685424805, -66.29041290283203, 731.2357177734375)","(4.5237932205200195, -65.53762817382812, 732.3199462890625)","(-4.419312000274658, 132.1260986328125, 37.44820785522461)","(-2.529301404953003, 140.303466796875, 40.42454528808594)",POINT (0.4891929775476456 0.3519771248102188),,,,,,,,,,,,,,,,,,,,,,,,,,,,,,,,,,,,,,,,,,,,,1,
0,54,27,437267168899,1833528242,1,1,"(0.4994792640209198, 0.3764510154724121)","(0.4925116002559662, 0.33903205394744873)",1,1,3.156890869140625,2.9750518798828125,"(-61.21438217163086, -66.18412780761719, 731.1153564453125)","(4.520633697509766, -65.33772277832031, 732.069091796875)","(0.09026534855365753, 131.73187255859375, 37.30470275878906)","(-2.3242743015289307, 138.5859375, 39.79941940307617)",POINT (0.495995432138443 0.3577415347099304),,,,,,,,,,,,,,,,,,,,,,,,,,,,,,,,,,,,,,,,,,,,,1,
0,54,27,437267185567,1833544909,1,1,"(0.48021838068962097, 0.478187620639801)","(0.48870155215263367, 0.29923757910728455)",1,1,3.0297393798828125,2.98779296875,"(-61.27055358886719, -66.08499145507812, 731.1201171875)","(4.46815824508667, -65.31753540039062, 732.246826171875)","(-6.584335803985596, 113.09664916992188, 30.522035598754883)","(-3.6445987224578857, 145.8751678466797, 42.45244598388672)",POINT (0.4844599664211273 0.3887125998735428),,,,,,,,,,,,,,,,,,,,,,,,,,,,,,,,,,,,,,,,,,,,,,
0,54,27,437267202232,1833561574,1,1,"(0.47694745659828186, 0.403331458568573)","(0.487737238407135, 0.31039801239967346)",1,1,3.093124389648437,2.9976043701171875,"(-61.326683044433594, -66.05099487304688, 731.0496826171875)","(4.406576156616211, -65.27975463867188, 731.8929443359375)","(-7.7178192138671875, 126.80815124511719, 35.51261520385742)","(-3.978761911392212, 143.8308868408203, 41.708370208740234)",POINT (0.4823423475027084 0.3568647354841232),,,,,,,,,,,,,,,,,,,,,,,,,,,,,,,,,,,,,,,,,,,,,1,
0,54,27,437267218900,1833578241,1,1,"(0.4863799810409546, 0.4139305353164673)","(0.48595213890075684, 0.3341370224952698)",1,1,3.09912109375,3.02655029296875,"(-61.391807556152344, -66.06568908691406, 730.7081298828125)","(4.346960544586182, -65.26847839355469, 731.5399169921875)","(-4.4491190910339355, 124.86669921875, 34.80601501464844)","(-4.597367286682129, 139.4825897216797, 40.125728607177734)",POINT (0.4861660599708557 0.3740337789058685),,,,,,,,,,,,,,,,,,,,,,,,,,,,,,,,,,,,,,,,,,,,,,
0,54,27,437267235567,1833594908,1,1,"(0.4889141023159027, 0.43553778529167175)","(0.4806520640850067, 0.3246222138404846)",1,1,3.066497802734375,2.9779052734375,"(-61.50067901611328, -66.11377716064453, 730.7337646484375)","(4.251840114593506, -65.32244873046875, 732.0289916992188)","(-3.570943593978882, 120.90886688232422, 33.365455627441406)","(-6.434037685394287, 141.2254180908203, 40.76011276245117)",POINT (0.4847830832004547 0.3800799995660782),,,,,,,,,,,,,,,,,,,,,,,,,,,,,,,,,,,,,,,,,,,,,,
0,54,27,437267252241,1833611581,1,1,"(0.4879665672779083, 0.3623528778553009)","(0.4882197082042694, 0.41301634907722473)",1,1,3.156524658203125,3.043243408203125,"(-61.58023452758789, -66.14088439941406, 730.4342041015625)","(4.146496295928955, -65.31829833984375, 731.572265625)","(-3.899303913116455, 134.3142547607422, 38.24460220336914)","(-3.8115763664245605, 125.03416442871094, 34.866943359375)",POINT (0.4880931377410889 0.3876846134662628),,,,,,,,,,,,,,,,,,,,,,,,,,,,,,,,,,,,,,,,,,,,,,
0,54,27,437267268909,1833628249,1,1,"(0.4794444739818573, 0.45461273193359375)","(0.48578882217407227, 0.3228801190853119)",1,1,3.0806121826171875,3.053955078125,"(-61.673553466796875, -66.2105941772461, 730.35546875)","(4.073881149291992, -65.46034240722656, 731.4698486328125)","(-6.852513313293457, 117.41488647460938, 32.09377670288086)","(-4.6539530754089355, 141.5445098876953, 40.87622833251953)",POINT (0.4826166480779648 0.3887464255094528),,,,,,,,,,,,,,,,,,,,,,,,,,,,,,,,,,,,,,,,,,,,,,
0,54,27,437267285576,1833644915,1,1,"(0.4789685606956482, 0.4762386679649353)","(0.49050578474998474, 0.3053935766220093)",1,1,3.03851318359375,3.0037841796875,"(-61.79184341430664, -66.29296875, 730.095947265625)","(3.928760528564453, -65.51905822753906, 731.634033203125)","(-7.017427444458008, 113.4536361694336, 30.651975631713867)","(-3.0193567276000977, 144.74755859375, 42.042022705078125)",POINT (0.4847371727228165 0.3908161222934723),,,,,,,,,,,,,,,,,,,,,,,,,,,,,,,,,,,,,,,,,,,,,,
0,54,27,437267302243,1833661582,1,1,"(0.4835060238838196, 0.4429536461830139)","(0.4925633668899536, 0.3378572463989258)",1,1,3.0709228515625,2.967803955078125,"(-61.92377471923828, -66.38471221923828, 730.2791748046875)","(3.822878360748291, -65.50244140625, 731.0897216796875)","(-5.445056438446045, 119.55049133300781, 32.87107849121094)","(-2.3063435554504395, 138.80113220214844, 39.877742767333984)",POINT (0.4880346953868866 0.3904054462909698),,,,,,,,,,,,,,,,,,,,,,,,,,,,,,,,,,,,,,,,,,,,,,
0,54,27,437267318910,1833678248,1,1,"(0.5087495446205139, 0.47553879022598267)","(0.5128385424613953, 0.36160144209861755)",1,1,2.9756317138671875,3.001449584960937,"(-62.02402114868164, -66.43353271484375, 730.20068359375)","(3.706749439239502, -65.5429916381836, 731.3269653320312)","(3.3027637004852295, 113.58182525634766, 30.69865608215332)","(4.719751834869385, 134.451904296875, 38.29471206665039)",POINT (0.5107940435409546 0.4185701161623001),,,,,,,,,,,,,,,,,,,,,,,,,,,,,,,,,,,,,,,,,,,,,,
0,54,27,437267335577,1833694915,1,1,"(0.5024809837341309, 0.4999021291732788)","(0.5023818612098694, 0.31881824135780334)",1,1,2.9857177734375,2.982208251953125,"(-62.24462127685547, -66.48265838623047, 730.3080444335938)","(3.500673294067383, -65.55039978027344, 731.31494140625)","(1.130473017692566, 109.11917877197266, 29.074363708496094)","(1.096132755279541, 142.28854370117188, 41.14703369140625)",POINT (0.5024314224720001 0.4093601852655411),,,,,,,,,,,,,,,,,,,,,,,,,,,,,,,,,,,,,,,,,,,,,,
0,54,27,437267352244,1833711581,1,1,"(0.4997346103191376, 0.488658607006073)","(0.5091503262519836, 0.3529646694660187)",1,1,2.9428253173828125,2.96148681640625,"(-62.47620391845703, -66.46965026855469, 730.294189453125)","(3.2684381008148193, -65.52593994140625, 731.3767700195312)","(0.17875726521015167, 111.17865753173828, 29.823936462402344)","(3.4416377544403076, 136.03392028808594, 38.870479583740234)",POINT (0.5044424682855606 0.4208116382360458),,,,,,,,,,,,,,,,,,,,,,,,,,,,,,,,,,,,,,,,,,,,,,
0,54,27,437267368910,1833728247,1,1,"(0.5006849765777588, 0.5271801352500916)","(0.5040455460548401, 0.28818944096565247)",1,1,2.917022705078125,2.988861083984375,"(-62.71110534667969, -66.45364379882812, 730.2938232421875)","(3.033620595932007, -65.50782775878906, 731.4527587890625)","(0.5081030130386353, 104.12262725830078, 27.255760192871094)","(1.6726560592651367, 147.89886474609375, 43.18900680541992)",POINT (0.5023652613162994 0.407684788107872),,,,,,,,,,,,,,,,,,,,,,,,,,,,,,,,,,,,,,,,,,,,,,
0,54,27,437267385582,1833744918,1,1,"(0.5070872902870178, 0.46946120262145996)","(0.5076233148574829, 0.3391469419002533)",1,1,2.9681396484375,2.96063232421875,"(-62.985252380371094, -66.39572143554688, 730.3607788085938)","(2.7667040824890137, -65.3419418334961, 731.4108276367188)","(2.7267062664031982, 114.6950912475586, 31.103811264038086)","(2.912468433380127, 138.5648956298828, 39.79175567626953)",POINT (0.5073553025722504 0.4043040722608566),,,,,,,,,,,,,,,,,,,,,,,,,,,,,,,,,,,,,,,,,,,,,,
0,54,27,437267402249,1833761585,1,1,"(0.49370652437210083, 0.48474544286727905)","(0.5105246305465698, 0.32421332597732544)",1,1,2.950912475585937,2.99468994140625,"(-63.26795959472656, -66.35195922851562, 730.5452880859375)","(2.495230197906494, -65.26131439208984, 731.4425048828125)","(-1.9101881980895996, 111.89543914794922, 30.084840774536133)","(3.9178972244262695, 141.30030822753906, 40.787330627441406)",POINT (0.5021155774593353 0.4044793844223022),,,,,,,,,,,,,,,,,,,,,,,,,,,,,,,,,,,,,,,,,,,,,,
0,54,27,437267418925,1833778260,1,1,"(0.5143699049949646, 0.5491991639137268)","(0.5098368525505066, 0.3478786051273346)",1,1,2.8213348388671875,2.964813232421875,"(-63.52080154418945, -66.26095581054688, 730.4960327148438)","(2.2350025177001953, -65.07121276855469, 731.37060546875)","(5.250418663024902, 100.08937072753906, 25.78777503967285)","(3.6795454025268555, 136.96551513671875, 39.20958709716797)",POINT (0.5121033787727356 0.4485388845205307),,,,,,,,,,,,,,,,,,,,,,,,,,,,,,,,,,,,,,,,,,,,,1,
0,54,27,437267435592,1833794927,1,1,"(0.5052909255027771, 0.5065195560455322)","(0.516160249710083, 0.34645459055900574)",1,1,2.9192657470703125,2.9560699462890625,"(-63.782562255859375, -66.20222473144531, 730.5482177734375)","(1.9769060611724854, -65.0089111328125, 731.5197143554688)","(2.1042349338531494, 107.90705871582031, 28.633174896240234)","(5.870853424072266, 137.22634887695312, 39.30455017089844)",POINT (0.51072558760643 0.426487073302269),,,,,,,,,,,,,,,,,,,,,,,,,,,,,,,,,,,,,,,,,,,,,,
0,54,27,437267468926,1833828260,1,1,"(0.49879714846611023, 0.39824411273002625)","(0.5211372971534729, 0.33442744612693787)",1,1,3.0016021728515625,2.946014404296875,"(-64.25959777832031, -66.1114501953125, 730.6202392578125)","(1.5010650157928467, -64.79188537597656, 731.6405639648438)","(-0.14611436426639557, 127.7400131225586, 35.851783752441406)","(7.595575332641602, 139.42938232421875, 40.106361389160156)",POINT (0.5099672228097916 0.3663357794284821),,,,,,,,,,,,,,,,,,,,,,,,,,,,,,,,,,,,,,,,,,,,,1,
0,54,27,437267485594,1833844927,1,1,"(0.5052803754806519, 0.5253287553787231)","(0.517822802066803, 0.35042300820350647)",1,1,2.844696044921875,2.918975830078125,"(-64.51165008544922, -66.11316680908203, 730.998779296875)","(1.3008499145507812, -64.70161437988281, 731.7747192382812)","(2.1005682945251465, 104.46174621582031, 27.379188537597656)","(6.446974754333496, 136.4994659423828, 39.03995895385742)",POINT (0.5115515887737274 0.4378758817911148),,,,,,,,,,,,,,,,,,,,,,,,,,,,,,,,,,,,,,,,,,,,,1,
0,54,27,437267502261,1833861594,1,1,"(0.5553175210952759, 0.5422115325927734)","(0.5722284913063049, 0.33378925919532776)",1,1,2.815216064453125,2.9041748046875,"(-64.521240234375, -66.0477294921875, 730.5826416015625)","(1.2320797443389893, -64.61941528320312, 731.46484375)","(19.44027328491211, 101.36930084228516, 26.253633499145508)","(25.300535202026367, 139.54627990722656, 40.14892578125)",POINT (0.5637730062007904 0.4380003958940506),,,,,,,,,,,,,,,,,,,,,,,,,,,,,,,,,,,,,,,,,,,,,1,
0,54,27,437267552266,1833911597,1,1,"(0.6324073076248169, 0.6895887851715088)","(0.56805419921875, 0.3659871816635132)",1,1,2.54486083984375,2.894134521484375,"(-64.95843505859375, -66.1473617553711, 730.240966796875)","(0.777990996837616, -64.68257141113281, 731.4072875976562)","(46.15470504760742, 74.37403869628906, 16.428133010864258)","(23.85399627685547, 133.64854431152344, 38.00231170654297)",POINT (0.6002307534217834 0.527787983417511),,,,,,,,,,,,,,,,,,,,,,,,,,,,,,,,,,,,,,,,,,,,,1,
0,54,27,437267702275,1834061602,1,1,"(0.6445770859718323, 0.6820510029792786)","(0.5658536553382874, 0.36445915699005127)",1,1,2.529205322265625,2.91339111328125,"(-65.63136291503906, -66.58688354492188, 729.943359375)","(0.13554422557353973, -64.63929748535156, 729.7904663085938)","(50.371971130371094, 75.75474548339844, 16.930639266967773)","(23.091434478759766, 133.92843627929688, 38.10417556762695)",POINT (0.6052153706550598 0.5232550799846649),,,,,,,,,,,,,,,,,,,,,,,,,,,,,,,,,,,,,,,,,,,,,1,
0,54,27,437268002294,1834361612,1,1,"(0.551819384098053, 1.0526336431503296)","(0.5907400846481323, 0.46041208505630493)",1,1,1.5384674072265625,2.8749237060546875,"(-63.16986846923828, -64.79057312011719, 724.9329223632812)","(2.600858688354492, -62.57421112060547, 724.267822265625)","(18.228038787841797, 7.874643802642822, -7.775657653808594)","(31.715496063232422, 116.35260772705078, 31.70711326599121)",POINT (0.5712797343730927 0.7565228641033173),,,,,,,,,,,,,,,,,,,,,,,,,,,,,,,,,,,,,,,,,,,,,,1
0,54,27,437268018962,1834378279,1,1,"(0.5906005501747131, 0.4146856367588043)","(0.5784909129142761, 0.35356345772743225)",1,1,3.1021881103515625,2.969711303710937,"(-62.84012985229492, -64.93426513671875, 724.5411376953125)","(2.9279494285583496, -62.8822021484375, 725.105224609375)","(31.667129516601562, 124.72838592529297, 34.75565719604492)","(27.470687866210938, 135.9242401123047, 38.830570220947266)",POINT (0.5845457315444946 0.3841245472431183),,,,,,,,,,,,,,,,,,,,,,,,,,,,,,,,,,,,,,,,,,,,,1,
0,54,27,437268035635,1834394952,1,1,"(0.5977622270584106, 0.47603052854537964)","(0.5850869417190552, 0.33422714471817017)",1,1,3.03045654296875,2.9880828857421875,"(-62.52025604248047, -65.06605529785156, 724.4688110351562)","(3.236575126647949, -63.09773635864258, 724.6100463867188)","(34.148921966552734, 113.49177551269531, 30.665834426879883)","(29.75644874572754, 139.46607971191406, 40.11971664428711)",POINT (0.5914245843887329 0.4051288366317749),,,,,,,,,,,,,,,,,,,,,,,,,,,,,,,,,,,,,,,,,,,,,,
0,54,27,437268068969,1834428285,1,1,"(0.662948489189148, 0.5988552570343018)","(0.5885654091835022, 0.3756835162639618)",1,1,2.6793212890625,2.98089599609375,"(-61.8482666015625, -65.35188293457031, 724.2601318359375)","(3.8633110523223877, -63.69754409790039, 724.646240234375)","(56.73833084106445, 90.9937973022461, 22.477251052856445)","(30.961877822875977, 131.87245178222656, 37.35590362548828)",POINT (0.6257569491863251 0.4872693866491318),,,,,,,,,,,,,,,,,,,,,,,,,,,,,,,,,,,,,,,,,,,,,1,
0,54,27,437268085636,1834444951,1,1,"(0.6042909622192383, 0.46513620018959045)","(0.5890631675720215, 0.3210911154747009)",1,1,3.033477783203125,2.9542694091796875,"(-61.59562683105469, -65.48234558105469, 724.7633056640625)","(4.159257888793945, -63.96847915649414, 724.5264892578125)","(36.41136169433594, 115.4872817993164, 31.392196655273438)","(31.134357452392578, 141.87222290039062, 40.99547576904297)",POINT (0.5966770648956299 0.3931136578321457),,,,,,,,,,,,,,,,,,,,,,,,,,,,,,,,,,,,,,,,,,,,,1,
0,54,27,437268102303,1834461618,1,1,"(0.5894250273704529, 0.5271140336990356)","(0.5981156826019287, 0.3824082612991333)",1,1,3.0105743408203125,2.9889068603515625,"(-61.309268951416016, -65.54137420654297, 724.9656982421875)","(4.433194160461426, -64.24446868896484, 724.8563232421875)","(31.259767532348633, 104.13472747802734, 27.26018714904785)","(34.271385192871094, 130.64068603515625, 36.90753173828125)",POINT (0.5937703549861908 0.4547611474990845),,,,,,,,,,,,,,,,,,,,,,,,,,,,,,,,,,,,,,,,,,,,,1,
0,54,27,437268135638,1834494952,1,1,"(0.559593915939331, 0.505204439163208)","(0.5933470129966736, 0.3715892434120178)",1,1,3.062850952148437,2.9979400634765625,"(-60.800018310546875, -65.68753051757812, 725.3137817382812)","(4.92228889465332, -64.73234558105469, 725.5164794921875)","(20.922197341918945, 108.14794158935547, 28.720863342285156)","(32.6188850402832, 132.62240600585938, 37.628849029541016)",POINT (0.5764704644680023 0.4383968412876129),,,,,,,,,,,,,,,,,,,,,,,,,,,,,,,,,,,,,,,,,,,,,1,
0,54,27,437268152297,1834511610,1,1,"(0.5966644883155823, 0.45405665040016174)","(0.5895636677742004, 0.35075145959854126)",1,1,3.077178955078125,2.9990234375,"(-60.60398483276367, -65.7074203491211, 725.644287109375)","(5.13043737411499, -64.92147827148438, 726.06494140625)","(33.768489837646484, 117.51675415039062, 32.13083267211914)","(31.30778694152832, 136.43930053710938, 39.01807403564453)",POINT (0.5931140780448914 0.4024040549993515),,,,,,,,,,,,,,,,,,,,,,,,,,,,,,,,,,,,,,,,,,,,,,
0,54,27,437268168966,1834528279,1,1,"(0.5997006297111511, 0.5313088297843933)","(0.5905728340148926, 0.3180617094039917)",1,1,3.033233642578125,3.0234375,"(-60.45634078979492, -65.68452453613281, 726.0388793945312)","(5.278969764709473, -65.12202453613281, 726.2667236328125)","(34.82063674926758, 103.36637115478516, 26.980497360229492)","(31.657520294189453, 142.4271240234375, 41.197444915771484)",POINT (0.5951367318630219 0.4246852695941925),,,,,,,,,,,,,,,,,,,,,,,,,,,,,,,,,,,,,,,,,,,,,1,
0,54,27,437268185635,1834544947,1,1,"(0.5859586000442505, 0.48743242025375366)","(0.5933624505996704, 0.35413897037506104)",1,1,3.101165771484375,3.014556884765625,"(-60.341102600097656, -65.60413360595703, 726.20654296875)","(5.392523288726807, -65.1915054321289, 726.6862182617188)","(30.058536529541016, 111.40325927734375, 29.90570640563965)","(32.624237060546875, 135.8188018798828, 38.79220199584961)",POINT (0.5896605253219604 0.4207856953144074),,,,,,,,,,,,,,,,,,,,,,,,,,,,,,,,,,,,,,,,,,,,,1,
0,54,27,437268202302,1834561614,1,1,"(0.6179601550102234, 0.5060935020446777)","(0.5908488035202026, 0.33816277980804443)",1,1,2.96258544921875,3.0612030029296875,"(-60.2894401550293, -65.56536102294922, 726.7069702148438)","(5.446908473968506, -65.3387451171875, 727.2249755859375)","(41.14822006225586, 107.985107421875, 28.661514282226562)","(31.753145217895508, 138.7451934814453, 39.85733413696289)",POINT (0.604404479265213 0.4221281409263611),,,,,,,,,,,,,,,,,,,,,,,,,,,,,,,,,,,,,,,,,,,,,1,
0,54,27,437268235636,1834594947,1,1,"(0.4611443281173706, 0.4586232006549835)","(0.4747663140296936, 0.3466004431247711)",1,1,3.0440673828125,3.059066772460937,"(-60.56370544433594, -65.26829528808594, 727.39404296875)","(5.122514724731445, -65.27837371826172, 727.8433837890625)","(-13.194186210632324, 116.6802978515625, 31.826372146606445)","(-8.473673820495605, 137.19964599609375, 39.29478073120117)",POINT (0.4679553210735321 0.4026118218898773),,,,,,,,,,,,,,,,,,,,,,,,,,,,,,,,,,,,,,,,,,,,,,
0,54,27,437268252304,1834611614,1,1,"(0.45858773589134216, 0.43563511967658997)","(0.47766783833503723, 0.3618004322052002)",1,1,3.0784912109375,3.08056640625,"(-60.64482116699219, -65.20327758789062, 727.673095703125)","(5.0498762130737305, -65.26727294921875, 728.0927734375)","(-14.080127716064453, 120.89103698730469, 33.358943939208984)","(-7.468188762664795, 134.4154510498047, 38.281429290771484)",POINT (0.4681277871131897 0.3987177759408951),,,,,,,,,,,,,,,,,,,,,,,,,,,,,,,,,,,,,,,,,,,,,,
0,54,27,437268268970,1834628280,1,1,"(0.46737778186798096, 0.4151250123977661)","(0.4743156433105469, 0.3083382248878479)",1,1,3.1234588623046875,3.085189819335937,"(-60.787811279296875, -65.12706756591797, 727.6917724609375)","(4.902103424072266, -65.26406860351562, 728.1390991210938)","(-11.034072875976562, 124.64790344238281, 34.72637939453125)","(-8.629846572875977, 144.2081756591797, 41.84571838378906)",POINT (0.4708467125892639 0.361731618642807),,,,,,,,,,,,,,,,,,,,,,,,,,,,,,,,,,,,,,,,,,,,,1,
0,54,27,437268285638,1834644947,1,1,"(0.48290926218032837, 0.4334593713283539)","(0.467129647731781, 0.2824341356754303)",1,1,3.059326171875,3.072494506835937,"(-61.00933074951172, -65.07334899902344, 727.8590087890625)","(4.684153079986572, -65.26647186279297, 728.3177490234375)","(-5.65185022354126, 121.28958892822266, 33.5040168762207)","(-11.120043754577637, 148.95306396484375, 43.572696685791016)",POINT (0.4750194549560547 0.3579467535018921),,,,,,,,,,,,,,,,,,,,,,,,,,,,,,,,,,,,,,,,,,,,,1,
0,54,27,437268302309,1834661618,1,1,"(0.4736851751804352, 0.41182470321655273)","(0.4704607427120209, 0.30459529161453247)",1,1,3.11553955078125,3.049285888671875,"(-61.28089904785156, -65.1288833618164, 727.9571533203125)","(4.4242634773254395, -65.26798248291016, 728.2337646484375)","(-8.84831428527832, 125.25241088867188, 34.9464111328125)","(-9.965710639953613, 144.89376831054688, 42.09524917602539)",POINT (0.472072958946228 0.3582099974155426),,,,,,,,,,,,,,,,,,,,,,,,,,,,,,,,,,,,,,,,,,,,,1,
0,54,27,437268318976,1834678284,1,1,"(0.4689057767391205, 0.4188784658908844)","(0.461712509393692, 0.3866896331310272)",1,1,3.1439208984375,3.1013946533203125,"(-61.5909423828125, -65.2445068359375, 727.9559326171875)","(4.130661964416504, -65.31687927246094, 728.501708984375)","(-10.50455093383789, 123.96038055419922, 34.47610855102539)","(-12.997289657592773, 129.85646057128906, 36.62209701538086)",POINT (0.4653091430664062 0.4027840495109558),,,,,,,,,,,,,,,,,,,,,,,,,,,,,,,,,,,,,,,,,,,,,,
0,54,27,437268335643,1834694951,1,1,"(0.4689458906650543, 0.38687387108802795)","(0.4727981388568878, 0.31118541955947876)",1,1,3.18988037109375,3.0837860107421875,"(-61.94000244140625, -65.43186950683594, 728.0401611328125)","(3.7836251258850098, -65.44926452636719, 728.3887329101562)","(-10.490657806396484, 129.82269287109375, 36.60984420776367)","(-9.155704498291016, 143.68666076660156, 41.6558952331543)",POINT (0.4708720147609711 0.3490296453237534),,,,,,,,,,,,,,,,,,,,,,,,,,,,,,,,,,,,,,,,,,,,,1,
0,54,27,437268352311,1834711618,1,1,"(0.4635937809944153, 0.38646262884140015)","(0.47448575496673584, 0.38295090198516846)",1,1,3.1409912109375,3.09881591796875,"(-62.27687072753906, -65.65774536132812, 727.694580078125)","(3.454284191131592, -65.55035400390625, 728.2026977539062)","(-12.345358848571777, 129.89804077148438, 36.63721466064453)","(-8.570895195007324, 130.5413055419922, 36.87133026123047)",POINT (0.4690397679805756 0.3847067654132843),,,,,,,,,,,,,,,,,,,,,,,,,,,,,,,,,,,,,,,,,,,,,,
0,54,27,437268368977,1834728284,1,1,"(0.46376538276672363, 0.35677698254585266)","(0.4709257185459137, 0.3232548236846924)",1,1,3.160980224609375,3.0088043212890625,"(-62.621070861816406, -65.94032287597656, 727.6142578125)","(3.12217378616333, -65.76361083984375, 728.0162963867188)","(-12.285896301269531, 135.3355712890625, 38.61635208129883)","(-9.804572105407715, 141.47589111328125, 40.85122299194336)",POINT (0.4673455506563187 0.3400159031152725),,,,,,,,,,,,,,,,,,,,,,,,,,,,,,,,,,,,,,,,,,,,,1,
0,54,27,437268385644,1834744950,1,1,"(0.45751476287841797, 0.3957993686199188)","(0.48089078068733215, 0.3353338837623596)",1,1,3.117538452148437,3.025665283203125,"(-62.92399978637695, -66.20219421386719, 727.2006225585938)","(2.793307304382324, -65.98475646972656, 727.8151245117188)","(-14.451956748962402, 128.1878204345703, 36.014766693115234)","(-6.351325988769531, 139.2633514404297, 40.04595184326172)",POINT (0.4692027717828751 0.3655666261911392),,,,,,,,,,,,,,,,,,,,,,,,,,,,,,,,,,,,,,,,,,,,,,
0,54,27,437268402311,1834761617,1,1,"(0.45861363410949707, 0.3718641698360443)","(0.4640384614467621, 0.3308694660663605)",1,1,3.1200408935546875,3.01190185546875,"(-63.24851989746094, -66.5094985961914, 727.0958862304688)","(2.4962592124938965, -66.22061157226562, 727.7010498046875)","(-14.07116985321045, 132.57205200195312, 37.61050796508789)","(-12.19125747680664, 140.0811004638672, 40.34357452392578)",POINT (0.4613260477781296 0.3513668179512024),,,,,,,,,,,,,,,,,,,,,,,,,,,,,,,,,,,,,,,,,,,,,1,
0,54,27,437268418979,1834778284,1,1,"(0.45819658041000366, 0.37839463353157043)","(0.4687957465648651, 0.3598908483982086)",1,1,3.1406402587890625,3.0269012451171875,"(-63.54228973388672, -66.8253173828125, 727.009765625)","(2.2200021743774414, -66.4638442993164, 727.484619140625)","(-14.215682983398438, 131.37586975097656, 37.17512130737305)","(-10.542691230773926, 134.7652130126953, 38.40876770019531)",POINT (0.4634961634874344 0.3691427409648895),,,,,,,,,,,,,,,,,,,,,,,,,,,,,,,,,,,,,,,,,,,,,,
0,54,27,437268435651,1834794956,1,1,"(0.4627435803413391, 0.37884238362312317)","(0.47963106632232666, 0.33666089177131653)",1,1,3.115509033203125,2.98260498046875,"(-63.80250930786133, -67.06645202636719, 726.7967529296875)","(1.9553635120391846, -66.6798095703125, 727.1949462890625)","(-12.639991760253906, 131.29383850097656, 37.14528274536133)","(-6.787852764129639, 139.02027893066406, 39.957481384277344)",POINT (0.4711873233318329 0.3577516376972198),,,,,,,,,,,,,,,,,,,,,,,,,,,,,,,,,,,,,,,,,,,,,1,
0,54,27,437268452319,1834811623,1,1,"(0.4689873158931732, 0.3621614873409271)","(0.46640723943710327, 0.32221147418022156)",1,1,3.1215057373046875,2.9672088623046875,"(-64.04338836669922, -67.25617980957031, 726.5428466796875)","(1.7181174755096436, -66.87797546386719, 726.9637451171875)","(-10.476301193237305, 134.3493194580078, 38.2573356628418)","(-11.370403289794922, 141.6669921875, 40.920814514160156)",POINT (0.4676972776651382 0.3421864807605743),,,,,,,,,,,,,,,,,,,,,,,,,,,,,,,,,,,,,,,,,,,,,1,
0,54,27,437268468985,1834828289,1,1,"(0.4631170928478241, 0.37948402762413025)","(0.47185152769088745, 0.3381640613079071)",1,1,3.079193115234375,2.95916748046875,"(-64.25599670410156, -67.36241149902344, 726.3973388671875)","(1.502913236618042, -67.00997924804688, 726.96484375)","(-12.510560035705566, 131.1763153076172, 37.102508544921875)","(-9.483744621276855, 138.7449493408203, 39.85725021362305)",POINT (0.4674843102693558 0.3588240444660187),,,,,,,,,,,,,,,,,,,,,,,,,,,,,,,,,,,,,,,,,,,,,1,
0,54,27,437268485652,1834844955,1,1,"(0.4702775478363037, 0.3719390332698822)","(0.4686472713947296, 0.304984986782074)",1,1,3.0414276123046875,2.933563232421875,"(-64.43992614746094, -67.4586410522461, 726.2584228515625)","(1.3161396980285645, -67.1060791015625, 727.0390014648438)","(-10.029194831848145, 132.55833435058594, 37.60550308227539)","(-10.594143867492676, 144.82240295410156, 42.069244384765625)",POINT (0.4694624096155167 0.3384620100259781),,,,,,,,,,,,,,,,,,,,,,,,,,,,,,,,,,,,,,,,,,,,,1,
0,54,27,437268502320,1834861623,1,1,"(0.4641651511192322, 0.39218923449516296)","(0.47574204206466675, 0.3018277585506439)",1,1,3.048797607421875,2.9452056884765625,"(-64.59620666503906, -67.4410400390625, 726.153076171875)","(1.1484177112579346, -67.06257629394531, 726.98095703125)","(-12.14735221862793, 128.8490753173828, 36.25547409057617)","(-8.135542869567871, 145.4007110595703, 42.27975082397461)",POINT (0.4699535965919495 0.3470084965229034),,,,,,,,,,,,,,,,,,,,,,,,,,,,,,,,,,,,,,,,,,,,,1,
0,54,27,437268518987,1834878289,1,1,"(0.4685472846031189, 0.4161422848701477)","(0.48286816477775574, 0.33319780230522156)",1,1,2.9862060546875,2.9126129150390625,"(-64.7653579711914, -67.38141632080078, 726.2510986328125)","(0.992186963558197, -66.92778015136719, 727.0982666015625)","(-10.62878704071045, 124.4615707397461, 34.658531188964844)","(-5.666077613830566, 139.65460205078125, 40.1883659362793)",POINT (0.4757077246904373 0.3746700435876846),,,,,,,,,,,,,,,,,,,,,,,,,,,,,,,,,,,,,,,,,,,,,,
0,54,27,437268535654,1834894956,1,1,"(0.47953343391418457, 0.36376768350601196)","(0.46861112117767334, 0.3188285827636719)",1,1,3.0138092041015625,2.9182891845703125,"(-64.90274047851562, -67.28352355957031, 726.1502685546875)","(0.8393592834472656, -66.815673828125, 727.2882080078125)","(-6.821690082550049, 134.0550994873047, 38.15030288696289)","(-10.606668472290039, 142.28665161132812, 41.14630126953125)",POINT (0.474072277545929 0.3412981331348419),,,,,,,,,,,,,,,,,,,,,,,,,,,,,,,,,,,,,,,,,,,,,1,
0,54,27,437268552322,1834911623,1,1,"(0.44963616132736206, 0.34741684794425964)","(0.4606793522834778, 0.2944946885108948)",1,1,3.05999755859375,2.9094390869140625,"(-65.07290649414062, -67.10749053955078, 726.1749267578125)","(0.6497604250907898, -66.59881591796875, 727.3326416015625)","(-17.18218421936035, 137.0500946044922, 39.24038314819336)","(-13.355316162109375, 146.74392700195312, 42.768619537353516)",POINT (0.4551577568054199 0.3209557682275772),,,,,,,,,,,,,,,,,,,,,,,,,,,,,,,,,,,,,,,,,,,,,1,
0,54,27,437268568991,1834928292,1,1,"(0.4510827362537384, 0.3418649435043335)","(0.46390777826309204, 0.2835754156112671)",1,1,3.016754150390625,2.8830718994140625,"(-65.21058654785156, -66.97332763671875, 726.2051391601562)","(0.5275532007217407, -66.37568664550781, 727.4054565429688)","(-16.680889129638672, 138.0670623779297, 39.61050796508789)","(-12.23654842376709, 148.74400329589844, 43.49664306640625)",POINT (0.4574952572584152 0.3127201795578003),,,,,,,,,,,,,,,,,,,,,,,,,,,,,,,,,,,,,,,,,,,,,1,
0,54,27,437268585658,1834944958,1,1,"(0.43828898668289185, 0.3283284604549408)","(0.461615651845932, 0.29929623007774353)",1,1,3.054595947265625,2.8760986328125,"(-65.31523132324219, -66.77999114990234, 726.15478515625)","(0.3949257731437683, -66.12590789794922, 727.6390991210938)","(-21.114402770996094, 140.54653930664062, 40.51300048828125)","(-13.030845642089844, 145.8644256591797, 42.44850540161133)",POINT (0.4499523192644119 0.3138123452663422),,,,,,,,,,,,,,,,,,,,,,,,,,,,,,,,,,,,,,,,,,,,,1,
0,54,27,437268602325,1834961625,1,1,"(0.4499386250972748, 0.40740564465522766)","(0.4567539095878601, 0.28224992752075195)",1,1,3.020858764648437,2.908172607421875,"(-65.44660949707031, -66.59719848632812, 726.3345947265625)","(0.29583263397216797, -65.91292572021484, 727.697509765625)","(-17.077377319335938, 126.06187438964844, 35.24100112915039)","(-14.715627670288086, 148.98681640625, 43.584983825683594)",POINT (0.4533462673425674 0.3448277860879898),,,,,,,,,,,,,,,,,,,,,,,,,,,,,,,,,,,,,,,,,,,,,1,
0,54,27,437268618993,1834978292,1,1,"(0.44081932306289673, 0.3293207883834839)","(0.46418774127960205, 0.29432201385498047)",1,1,3.0279998779296875,2.875091552734375,"(-65.50967407226562, -66.42145538330078, 726.3204956054688)","(0.2235611081123352, -65.70793151855469, 727.6824951171875)","(-20.237546920776367, 140.36477661132812, 40.44683074951172)","(-12.139533042907715, 146.77554321289062, 42.780174255371094)",POINT (0.4525035321712494 0.3118214011192322),,,,,,,,,,,,,,,,,,,,,,,,,,,,,,,,,,,,,,,,,,,,,1,
0,54,27,437268635660,1834994959,1,1,"(0.4560278058052063, 0.3655211925506592)","(0.4539400339126587, 0.31459563970565796)",1,1,2.99737548828125,2.871185302734375,"(-65.54734802246094, -66.30604553222656, 726.3143310546875)","(0.18278512358665466, -65.5386962890625, 727.8580322265625)","(-14.967253684997559, 133.73391723632812, 38.03340530395508)","(-15.690725326538086, 143.06199645996094, 41.42856216430664)",POINT (0.4549839198589325 0.3400584161281586),,,,,,,,,,,,,,,,,,,,,,,,,,,,,,,,,,,,,,,,,,,,,1,
0,54,27,437268652327,1835011625,1,1,"(0.4413961172103882, 0.33943837881088257)","(0.47310203313827515, 0.30267828702926636)",1,1,2.9959259033203125,2.8978729248046875,"(-65.54722595214844, -66.23360443115234, 726.284423828125)","(0.17629697918891907, -65.49299621582031, 727.75537109375)","(-20.037662506103516, 138.5115203857422, 39.772300720214844)","(-9.050423622131348, 145.2449188232422, 42.223052978515625)",POINT (0.4572490751743317 0.3210583329200745),,,,,,,,,,,,,,,,,,,,,,,,,,,,,,,,,,,,,,,,,,,,,1,
0,54,27,437268668993,1835028291,1,1,"(0.4540310502052307, 0.32499200105667114)","(0.4628904163837433, 0.30674487352371216)",1,1,2.983306884765625,2.884429931640625,"(-65.50442504882812, -66.25385284423828, 726.2630615234375)","(0.24006104469299316, -65.50637817382812, 727.6390380859375)","(-15.659195899963379, 141.15769958496094, 40.73539733886719)","(-12.58910846710205, 144.5000457763672, 41.9519157409668)",POINT (0.458460733294487 0.3158684372901916),,,,,,,,,,,,,,,,,,,,,,,,,,,,,,,,,,,,,,,,,,,,,1,
0,54,27,437268685661,1835044958,1,1,"(0.46091946959495544, 0.36358726024627686)","(0.453524649143219, 0.27249449491500854)",1,1,2.985946655273437,2.91326904296875,"(-65.41692352294922, -66.32716369628906, 726.1619262695312)","(0.32607901096343994, -65.7000961303711, 727.7702026367188)","(-13.272102355957031, 134.08815002441406, 38.16230773925781)","(-15.834672927856445, 150.7737274169922, 44.235347747802734)",POINT (0.4572220593690872 0.3180408775806427),,,,,,,,,,,,,,,,,,,,,,,,,,,,,,,,,,,,,,,,,,,,,1,
0,54,27,437268702335,1835061632,1,1,"(0.444010853767395, 0.321378231048584)","(0.4590989053249359, 0.3140338957309723)",1,1,3.057647705078125,2.917083740234375,"(-65.28112030029297, -66.48538970947266, 725.9393920898438)","(0.4365694522857666, -65.91634368896484, 727.5077514648438)","(-19.131559371948242, 141.81961059570312, 40.97636795043945)","(-13.90300178527832, 143.16488647460938, 41.46599197387695)",POINT (0.4515548795461655 0.3177060633897781),,,,,,,,,,,,,,,,,,,,,,,,,,,,,,,,,,,,,,,,,,,,,1,
0,54,27,437268719003,1835078299,1,1,"(0.45927029848098755, 0.3826121985912323)","(0.4523210823535919, 0.333183228969574)",1,1,2.9662017822265625,2.89019775390625,"(-65.18033599853516, -66.70464324951172, 726.00439453125)","(0.5703369379043579, -66.20468139648438, 727.580078125)","(-13.843609809875488, 130.60333251953125, 36.89394760131836)","(-16.25177001953125, 139.65728759765625, 40.189327239990234)",POINT (0.4557956904172897 0.3578977137804031),,,,,,,,,,,,,,,,,,,,,,,,,,,,,,,,,,,,,,,,,,,,,1,
0,54,27,437268735669,1835094965,1,1,"(0.44454193115234375, 0.3485383689403534)","(0.4513256549835205, 0.2706339359283447)",1,1,3.008056640625,2.876708984375,"(-65.01799011230469, -66.93922424316406, 725.7860107421875)","(0.7210822105407715, -66.56497192382812, 727.2010498046875)","(-18.947528839111328, 136.84466552734375, 39.16564178466797)","(-16.596717834472656, 151.11453247070312, 44.35938262939453)",POINT (0.4479337930679321 0.3095861524343491),,,,,,,,,,,,,,,,,,,,,,,,,,,,,,,,,,,,,,,,,,,,,1,
0,54,27,437268752337,1835111632,1,1,"(0.4542238712310791, 0.3836408257484436)","(0.46039047837257385, 0.3234696388244629)",1,1,2.9731597900390625,2.89752197265625,"(-64.88243103027344, -67.20183563232422, 725.7850952148438)","(0.865199625492096, -66.90125274658203, 727.0697631835938)","(-15.592381477355957, 130.41490173339844, 36.82540512084961)","(-13.455432891845703, 141.43653869628906, 40.836936950683594)",POINT (0.4573071748018265 0.3535552322864532),,,,,,,,,,,,,,,,,,,,,,,,,,,,,,,,,,,,,,,,,,,,,1,
0,54,27,437268769004,1835128299,1,1,"(0.4540369510650635, 0.4041600823402405)","(0.45297303795814514, 0.26682406663894653)",1,1,2.9984893798828125,2.903915405273437,"(-64.71918487548828, -67.46105194091797, 725.655029296875)","(1.0301029682159424, -67.3499984741211, 727.1126708984375)","(-15.657167434692383, 126.65636444091797, 35.4573860168457)","(-16.025836944580078, 151.8123779296875, 44.613433837890625)",POINT (0.4535049945116043 0.3354920744895935),,,,,,,,,,,,,,,,,,,,,,,,,,,,,,,,,,,,,,,,,,,,,1,
0,54,27,437268785671,1835144965,1,1,"(0.43372610211372375, 0.40004459023475647)","(0.45274871587753296, 0.3448663353919983)",1,1,3.029571533203125,2.9154205322265625,"(-64.547119140625, -67.71761322021484, 725.6603393554688)","(1.2026160955429077, -67.69116973876953, 726.8502197265625)","(-22.695606231689453, 127.41020202636719, 35.731746673583984)","(-16.10356903076172, 137.5172882080078, 39.410396575927734)",POINT (0.4432374089956284 0.3724554628133774),,,,,,,,,,,,,,,,,,,,,,,,,,,,,,,,,,,,,,,,,,,,,,
0,54,27,437268802338,1835161632,1,1,"(0.4679514169692993, 0.41136983036994934)","(0.47151580452919006, 0.3053964674472809)",1,1,2.9923095703125,2.9055328369140625,"(-64.31881713867188, -67.943115234375, 725.5146484375)","(1.4315037727355957, -68.06222534179688, 726.5730590820312)","(-10.835283279418945, 125.33575439453125, 34.97670364379883)","(-9.60008716583252, 144.7470245361328, 42.041812896728516)",POINT (0.4697336107492447 0.3583831489086151),,,,,,,,,,,,,,,,,,,,,,,,,,,,,,,,,,,,,,,,,,,,,1,
0,54,27,437268819010,1835178303,1,1,"(0.4576040208339691, 0.39481180906295776)","(0.4707648754119873, 0.34500235319137573)",1,1,2.9860992431640625,2.88055419921875,"(-64.13008117675781, -68.079345703125, 725.5511474609375)","(1.6130870580673218, -68.34578704833984, 726.58642578125)","(-14.421034812927246, 128.3686981201172, 36.08061218261719)","(-9.860315322875977, 137.49237060546875, 39.401344299316406)",POINT (0.4641844481229782 0.3699070811271668),,,,,,,,,,,,,,,,,,,,,,,,,,,,,,,,,,,,,,,,,,,,,,
0,54,27,437268835677,1835194970,1,1,"(0.4652903974056244, 0.40485879778862)","(0.47302690148353577, 0.3877701461315155)",1,1,2.9724884033203125,2.916778564453125,"(-63.900638580322266, -68.18330383300781, 725.5819091796875)","(1.8426775932312012, -68.60066223144531, 726.6000366210938)","(-11.75741195678711, 126.52837371826172, 35.410823822021484)","(-9.076448440551758, 129.6585235595703, 36.55009841918945)",POINT (0.4691586494445801 0.3963144719600678),,,,,,,,,,,,,,,,,,,,,,,,,,,,,,,,,,,,,,,,,,,,,,
0,54,27,437268852344,1835211636,1,1,"(0.4575207233428955, 0.4265112578868866)","(0.4773556590080261, 0.32119449973106384)",1,1,2.9693756103515625,2.9197540283203125,"(-63.65298843383789, -68.17363739013672, 725.7196044921875)","(2.090358018875122, -68.79161071777344, 726.7879638671875)","(-14.449898719787598, 122.56227111816406, 33.96725845336914)","(-7.576364517211914, 141.853271484375, 40.98861312866211)",POINT (0.4674381911754608 0.3738528788089752),,,,,,,,,,,,,,,,,,,,,,,,,,,,,,,,,,,,,,,,,,,,,,
0,54,27,437268869011,1835228303,1,1,"(0.4585258662700653, 0.4254748821258545)","(0.47433629631996155, 0.34874650835990906)",1,1,2.994140625,2.912200927734375,"(-63.374717712402344, -68.03881072998047, 725.8179931640625)","(2.3598718643188477, -68.84280395507812, 726.90185546875)","(-14.101578712463379, 122.7520980834961, 34.03634262084961)","(-8.622692108154297, 136.80654907226562, 39.15174865722656)",POINT (0.4664310812950134 0.3871106952428818),,,,,,,,,,,,,,,,,,,,,,,,,,,,,,,,,,,,,,,,,,,,,,
0,54,27,437268885678,1835244969,1,1,"(0.4559560716152191, 0.43379950523376465)","(0.46691182255744934, 0.3045966923236847)",1,1,3.01776123046875,2.9408721923828125,"(-63.1014518737793, -67.89094543457031, 726.0032348632812)","(2.650144338607788, -68.85381317138672, 727.1473388671875)","(-14.992095947265625, 121.2272720336914, 33.4813346862793)","(-11.195524215698242, 144.8935089111328, 42.095157623291016)",POINT (0.4614339470863342 0.3691980987787247),,,,,,,,,,,,,,,,,,,,,,,,,,,,,,,,,,,,,,,,,,,,,,
0,54,27,437269135700,1835494984,1,1,"(0.7824195623397827, 0.2977514863014221)","(0.6880490183830261, 0.15021952986717224)",1,1,2.75323486328125,2.9327850341796875,"(-61.61768341064453, -65.90020751953125, 727.8954467773438)","(4.1092915534973145, -67.51280212402344, 729.1769409179688)","(98.13943481445312, 146.14736938476562, 42.55149841308594)","(65.43657684326172, 173.17098999023438, 52.387306213378906)",POINT (0.7352342903614044 0.2239855080842972),,,,,,,,,,,,,,,,,,,,,,,,,,,,,,,,,,,,,,,,,,,,,1,
0,54,27,437269152368,1835511651,1,1,"(0.6689614057540894, 0.32162806391716003)","(0.6860585808753967, 0.07338894158601761)",1,1,3.2048492431640625,2.9268798828125,"(-61.67226791381836, -66.01020050048828, 727.8844604492188)","(4.042115211486816, -67.51261901855469, 729.031005859375)","(58.822044372558594, 141.77386474609375, 40.959716796875)","(64.74683380126953, 187.244140625, 57.509521484375)",POINT (0.677509993314743 0.1975085027515888),,,,,,,,,,,,,,,,,,,,,,,,,,,,,,,,,,,,,,,,,,,,,,
0,54,27,437269169034,1835528317,1,1,"(0.6794774532318115, 0.26069408655166626)","(0.6798073053359985, 0.13825267553329468)",1,1,3.16943359375,2.97265625,"(-61.78078079223633, -66.21672821044922, 727.983154296875)","(3.9546589851379395, -67.52943420410156, 728.8120727539062)","(62.46622848510742, 152.9352264404297, 45.02207565307617)","(62.58053207397461, 175.3629608154297, 53.18515396118164)",POINT (0.679642379283905 0.1994733810424805),,,,,,,,,,,,,,,,,,,,,,,,,,,,,,,,,,,,,,,,,,,,,,
0,54,27,437269185702,1835544984,1,1,"(0.7024155855178833, 0.11142157018184662)","(0.6869280338287354, 0.1374615728855133)",1,1,3.1847381591796875,2.9837799072265625,"(-61.883514404296875, -66.44711303710938, 728.2317504882812)","(3.8652849197387695, -67.6507797241211, 729.0185546875)","(70.41513061523438, 180.2776641845703, 54.97393798828125)","(65.0481185913086, 175.50787353515625, 53.23785400390625)",POINT (0.6946718096733093 0.12444157153368),,,,,,,,,,,,,,,,,,,,,,,,,,,,,,,,,,,,,,,,,,,,,,
0,54,27,437269202368,1835561650,1,1,"(0.682196319103241, 0.13542798161506653)","(0.691186785697937, 0.10749528557062149)",1,1,3.1690826416015625,2.9568328857421875,"(-61.965938568115234, -66.68135070800781, 728.2174072265625)","(3.768108367919922, -67.74232482910156, 728.844482421875)","(63.40841293334961, 175.88038635253906, 53.37342834472656)","(66.52393341064453, 180.99684143066406, 55.2357177734375)",POINT (0.686691552400589 0.121461633592844),,,,,,,,,,,,,,,,,,,,,,,,,,,,,,,,,,,,,,,,,,,,,,
0,54,27,437269219036,1835578317,1,1,"(0.6678280830383301, 0.22953163087368011)","(0.6894862055778503, 0.1361251175403595)",1,1,3.1695556640625,2.9539337158203125,"(-62.067657470703125, -66.94938659667969, 728.3175048828125)","(3.6752915382385254, -67.84278869628906, 728.7723388671875)","(58.42929458618164, 158.64328002929688, 47.09965515136719)","(65.93462371826172, 175.75267028808594, 53.32695007324219)",POINT (0.6786571443080902 0.1828283742070198),,,,,,,,,,,,,,,,,,,,,,,,,,,,,,,,,,,,,,,,,,,,1,,
0,54,27,437269235702,1835594983,1,1,"(0.6746324896812439, 0.24343611299991608)","(0.6813228726387024, 0.1364046186208725)",1,1,3.1487579345703125,2.9964141845703125,"(-62.15235900878906, -67.21778869628906, 728.4213256835938)","(3.599586009979248, -68.0070571899414, 728.9789428710938)","(60.787269592285156, 156.0963897705078, 46.17265319824219)","(63.1057243347168, 175.7014923095703, 53.308326721191406)",POINT (0.6779776811599731 0.1899203658103943),,,,,,,,,,,,,,,,,,,,,,,,,,,,,,,,,,,,,,,,,,,,1,,
0,54,27,437269252371,1835611651,1,1,"(0.6625657677650452, 0.22284674644470215)","(0.6848426461219788, 0.11090017110109329)",1,1,3.1621551513671875,2.95831298828125,"(-62.212890625, -67.51103210449219, 728.589111328125)","(3.5261049270629883, -68.19171142578125, 728.730224609375)","(56.6057243347168, 159.8677520751953, 47.54533386230469)","(64.3254623413086, 180.3731689453125, 55.00868225097656)",POINT (0.673704206943512 0.1668734587728977),,,,,,,,,,,,,,,,,,,,,,,,,,,,,,,,,,,,,,,,,,,,1,,
0,54,27,437269269036,1835628316,1,1,"(0.648823618888855, 0.24942640960216522)","(0.6762706637382507, 0.20039990544319153)",1,1,3.161712646484375,3.0110015869140625,"(-62.291866302490234, -67.81478881835938, 728.91748046875)","(3.468777656555176, -68.27177429199219, 728.5845336914062)","(51.843544006347656, 154.99913024902344, 45.773311614990234)","(61.35495376586914, 163.97938537597656, 49.04183578491211)",POINT (0.6625471413135529 0.2249131575226784),,,,,,,,,,,,,,,,,,,,,,,,,,,,,,,,,,,,,,,,,,,,,1,
0,54,27,437269285704,1835644983,1,1,"(0.6457608342170715, 0.25772860646247864)","(0.6791977882385254, 0.1572561264038086)",1,1,3.18927001953125,3.004913330078125,"(-62.340126037597656, -68.10835266113281, 729.1324462890625)","(3.432147264480591, -68.4642562866211, 728.8339233398438)","(50.78219223022461, 153.47840881347656, 45.21977233886719)","(62.36930465698242, 171.882080078125, 51.918174743652344)",POINT (0.6624793112277985 0.2074923664331436),,,,,,,,,,,,,,,,,,,,,,,,,,,,,,,,,,,,,,,,,,,,,,
0,54,27,437269302371,1835661650,1,1,"(0.6712046265602112, 0.16673175990581512)","(0.6793277263641357, 0.20044080913066864)",1,1,3.1873016357421875,2.98358154296875,"(-62.34357452392578, -68.37808227539062, 729.3711547851562)","(3.4217545986175537, -68.56004333496094, 728.819580078125)","(59.599388122558594, 170.14642333984375, 51.28644561767578)","(62.414337158203125, 163.9718780517578, 49.03912353515625)",POINT (0.6752661764621735 0.1835862845182419),,,,,,,,,,,,,,,,,,,,,,,,,,,,,,,,,,,,,,,,,,,,1,,
0,54,27,437269319040,1835678318,1,1,"(0.6760313510894775, 0.22945527732372284)","(0.6852583885192871, 0.1787937432527542)",1,1,3.1804962158203125,2.995147705078125,"(-62.34283447265625, -68.6209487915039, 729.5364990234375)","(3.4169921875, -68.707763671875, 728.849365234375)","(61.27202606201172, 158.6572723388672, 47.10475158691406)","(64.46952819824219, 167.93701171875, 50.48229217529297)",POINT (0.6806448698043823 0.2041245102882385),,,,,,,,,,,,,,,,,,,,,,,,,,,,,,,,,,,,,,,,,,,,,,
0,54,27,437269335706,1835694984,1,1,"(0.6755896806716919, 0.17234165966510773)","(0.6838820576667786, 0.1981162279844284)",1,1,3.166656494140625,2.987533569335937,"(-62.310150146484375, -68.8165283203125, 729.6626586914062)","(3.4340834617614746, -68.73402404785156, 728.790283203125)","(61.11898422241211, 169.11883544921875, 50.9124641418457)","(63.99256896972656, 164.39768981933594, 49.19408416748047)",POINT (0.6797358691692352 0.1852289438247681),,,,,,,,,,,,,,,,,,,,,,,,,,,,,,,,,,,,,,,,,,,,1,,
0,54,27,437269352379,1835711656,1,1,"(0.6709468364715576, 0.21420632302761078)","(0.6861857175827026, 0.10280930250883102)",1,1,3.198333740234375,2.939178466796875,"(-62.26120376586914, -69.04518127441406, 729.8508911132812)","(3.482132911682129, -68.90287780761719, 728.936279296875)","(59.51007080078125, 161.450439453125, 48.12140655517578)","(64.79087829589844, 181.8551788330078, 55.54808807373047)",POINT (0.6785662770271301 0.1585078127682209),,,,,,,,,,,,,,,,,,,,,,,,,,,,,,,,,,,,,,,,,,,,1,,
0,54,27,437269369045,1835728322,1,1,"(0.6897079944610596, 0.07971493154764175)","(0.6846460700035095, 0.13286130130290985)",1,1,3.190536499023437,2.9636688232421875,"(-62.208656311035156, -69.2463607788086, 730.384765625)","(3.5622997283935547, -68.97251892089844, 729.2728271484375)","(66.01146697998047, 186.0854034423828, 57.087764739990234)","(64.25732421875, 176.3505096435547, 53.5445671081543)",POINT (0.6871770322322845 0.1062881164252758),,,,,,,,,,,,,,,,,,,,,,,,,,,,,,,,,,,,,,,,,,,,,,
0,54,27,437269385713,1835744989,1,1,"(0.6720041632652283, 0.1845473051071167)","(0.6762993931770325, 0.2041199505329132)",1,1,3.148193359375,2.983612060546875,"(-62.0861701965332, -69.36685943603516, 730.4086303710938)","(3.67171311378479, -69.02649688720703, 729.57958984375)","(59.876468658447266, 166.8831329345703, 50.09867858886719)","(61.36490249633789, 163.2979736328125, 48.793846130371094)",POINT (0.6741517782211304 0.194333627820015),,,,,,,,,,,,,,,,,,,,,,,,,,,,,,,,,,,,,,,,,,,,1,,
0,54,27,437269402380,1835761656,1,1,"(0.6856397390365601, 0.17659983038902283)","(0.6727941036224365, 0.19620344042778015)",1,1,3.1724090576171875,2.977035522460937,"(-61.975032806396484, -69.4932632446289, 730.8045043945312)","(3.789764165878296, -69.0411605834961, 729.4166259765625)","(64.60166931152344, 168.33888244628906, 50.6285285949707)","(60.150211334228516, 164.748046875, 49.3216438293457)",POINT (0.6792169213294983 0.1864016354084015),,,,,,,,,,,,,,,,,,,,,,,,,,,,,,,,,,,,,,,,,,,,1,,
0,54,27,437269419047,1835778322,1,1,"(0.6739829778671265, 0.19727841019630432)","(0.6787417531013489, 0.17504827678203583)",1,1,3.13787841796875,2.95233154296875,"(-61.81028747558594, -69.56730651855469, 731.0601806640625)","(3.945070266723633, -69.096435546875, 729.6197509765625)","(60.56218338012695, 164.5511474609375, 49.24995422363281)","(62.21127700805664, 168.62307739257812, 50.73200988769531)",POINT (0.6763623654842377 0.1861633434891701),,,,,,,,,,,,,,,,,,,,,,,,,,,,,,,,,,,,,,,,,,,,1,,
0,54,27,437269435714,1835794989,1,1,"(0.676146388053894, 0.12661443650722504)","(0.6707207560539246, 0.1710713505744934)",1,1,3.124053955078125,2.914886474609375,"(-61.64959716796875, -69.57866668701172, 731.2998046875)","(4.114994525909424, -69.08544921875, 729.8673095703125)","(61.31188201904297, 177.4947509765625, 53.96106719970703)","(59.431724548339844, 169.3515167236328, 50.99715805053711)",POINT (0.6734335720539093 0.1488428935408592),,,,,,,,,,,,,,,,,,,,,,,,,,,,,,,,,,,,,,,,,,,,1,,
0,54,27,437269452381,1835811655,1,1,"(0.6719298958778381, 0.19864602386951447)","(0.6788750290870667, 0.18670769035816193)",1,1,3.13470458984375,2.91729736328125,"(-61.48125076293945, -69.58929443359375, 731.5722045898438)","(4.302887439727783, -69.09956359863281, 729.9970703125)","(59.85071563720703, 164.30064392089844, 49.15876770019531)","(62.25746536254883, 166.48739624023438, 49.95469665527344)",POINT (0.6754024624824524 0.1926768571138382),,,,,,,,,,,,,,,,,,,,,,,,,,,,,,,,,,,,,,,,,,,,1,,
0,54,27,437269469049,1835828323,1,1,"(0.6230736374855042, 0.29336780309677124)","(0.6290445923805237, 0.2302003651857376)",1,1,3.16766357421875,2.893661499023437,"(-61.38597869873047, -69.65440368652344, 731.6795654296875)","(4.283013343811035, -69.2838134765625, 730.2692260742188)","(42.92023468017578, 146.95034790039062, 42.84376907348633)","(44.98940658569336, 158.52078247070312, 47.055091857910156)",POINT (0.6260591149330139 0.2617840841412544),,,,,,,,,,,,,,,,,,,,,,,,,,,,,,,,,,,,,,,,,,,,1,1,
0,54,27,437269485719,1835844992,1,1,"(0.4958566129207611, 0.4824889302253723)","(0.5054812431335449, 0.5382137298583984)",1,1,3.2198944091796875,2.94976806640625,"(-61.45954895019531, -69.92739868164062, 731.861328125)","(4.047236442565918, -69.5628662109375, 730.3389892578125)","(-1.165093183517456, 112.30876922607422, 30.23526382446289)","(2.1701695919036865, 102.1015853881836, 26.520158767700195)",POINT (0.500668928027153 0.5103513300418854),,,,,,,,,,,,,,,,,,,,,,,,,,,,,,,,,,,,,,,,,,,,,1,
0,54,27,437269502385,1835861658,1,1,"(0.4784950315952301, 0.5399266481399536)","(0.4871373772621155, 0.6140381693840027)",1,1,3.1751861572265625,2.9918365478515625,"(-61.37682342529297, -69.90723419189453, 731.831787109375)","(4.180744171142578, -69.56987762451172, 730.1165771484375)","(-7.1815338134765625, 101.78781127929688, 26.405973434448242)","(-4.186647891998291, 88.21273803710938, 21.465024948120117)",POINT (0.4828162044286728 0.5769824087619781),,,,,,,,,,,,,,,,,,,,,,,,,,,,,,,,,,,,,,,,,,,,,1,
0,54,27,437269519054,1835878326,1,1,"(0.47539815306663513, 0.5136337280273438)","(0.47403180599212646, 0.5747469663619995)",1,1,3.1620635986328125,2.9296875,"(-61.246978759765625, -69.8526611328125, 732.0509643554688)","(4.369560718536377, -69.5562973022461, 730.24609375)","(-8.25471019744873, 106.60393524169922, 28.158905029296875)","(-8.728208541870117, 95.40975189208984, 24.084522247314453)",POINT (0.4747149795293808 0.5441903471946716),,,,,,,,,,,,,,,,,,,,,,,,,,,,,,,,,,,,,,,,,,,,,1,
0,54,27,437269535720,1835894992,1,1,"(0.490048885345459, 0.5636395812034607)","(0.4685767590999603, 0.5569072365760803)",1,1,3.1343994140625,2.908187866210937,"(-61.08646774291992, -69.74168395996094, 731.8394165039062)","(4.539036273956299, -69.55809783935547, 730.4056396484375)","(-3.1776976585388184, 97.4443130493164, 24.82505989074707)","(-10.61858081817627, 98.67747497558594, 25.2739200592041)",POINT (0.4793128222227097 0.5602734088897705),,,,,,,,,,,,,,,,,,,,,,,,,,,,,,,,,,,,,,,,,,,,,1,
0,54,27,437269552387,1835911658,1,1,"(0.4728853404521942, 0.53867506980896)","(0.47597935795783997, 0.5535889267921448)",1,1,3.151336669921875,2.9092254638671875,"(-60.96931457519531, -69.6648941040039, 732.0722045898438)","(4.701347351074219, -69.54208374023438, 730.4766235351562)","(-9.125494956970215, 102.01708221435547, 26.489439010620117)","(-8.053287506103516, 99.28528594970703, 25.495134353637695)",POINT (0.4744323492050171 0.5461319983005524),,,,,,,,,,,,,,,,,,,,,,,,,,,,,,,,,,,,,,,,,,,,,1,
0,54,27,437269569055,1835928326,1,1,"(0.4820850193500519, 0.5539325475692749)","(0.47582295536994934, 0.5726264715194702)",1,1,3.163925170898437,2.885971069335937,"(-60.83428192138672, -69.48500061035156, 731.9309692382812)","(4.844764709472656, -69.40960693359375, 730.5922241210938)","(-5.937469959259033, 99.22235870361328, 25.472204208374023)","(-8.107502937316895, 95.79815673828125, 24.225921630859375)",POINT (0.4789539873600006 0.5632795095443726),,,,,,,,,,,,,,,,,,,,,,,,,,,,,,,,,,,,,,,,,,,,,1,
0,54,27,437269585722,1835944992,1,1,"(0.4710069000720978, 0.5512294769287109)","(0.4700739085674286, 0.5318199396133423)",1,1,3.130950927734375,2.9074859619140625,"(-60.692413330078125, -69.26813507080078, 732.13623046875)","(5.012492656707764, -69.3310317993164, 730.7220458984375)","(-9.776443481445312, 99.71746063232422, 25.652420043945312)","(-10.099762916564941, 103.2727279663086, 26.94647789001465)",POINT (0.4705404043197632 0.5415247082710266),,,,,,,,,,,,,,,,,,,,,,,,,,,,,,,,,,,,,,,,,,,,,1,
0,54,27,437269602389,1835961659,1,1,"(0.4649360477924347, 0.5325261354446411)","(0.47607681155204773, 0.5461155772209167)",1,1,3.126800537109375,2.939697265625,"(-60.543907165527344, -68.95449829101562, 732.4337768554688)","(5.2020697593688965, -69.10781860351562, 731.042724609375)","(-11.880229949951172, 103.14339447021484, 26.899364471435547)","(-8.01954174041748, 100.65420532226562, 25.993358612060547)",POINT (0.4705064296722412 0.5393208563327789),,,,,,,,,,,,,,,,,,,,,,,,,,,,,,,,,,,,,,,,,,,,,1,
0,54,27,437269619063,1835978332,1,1,"(0.46972736716270447, 0.5509955883026123)","(0.47063320875167847, 0.5571683645248413)",1,1,3.121917724609375,2.9597930908203125,"(-60.33612060546875, -68.53500366210938, 732.36572265625)","(5.404523849487305, -68.86119079589844, 731.348388671875)","(-10.21984577178955, 99.76031494140625, 25.668025970458984)","(-9.905938148498535, 98.62964630126953, 25.256473541259766)",POINT (0.4701802879571915 0.5540819764137268),,,,,,,,,,,,,,,,,,,,,,,,,,,,,,,,,,,,,,,,,,,,,1,
0,54,27,437269635729,1835994998,1,1,"(0.46859368681907654, 0.5511336326599121)","(0.46862074732780457, 0.5592386722564697)",1,1,3.1249542236328125,2.921356201171875,"(-60.12141418457031, -68.06387329101562, 732.493408203125)","(5.618868827819824, -68.5002212524414, 731.6100463867188)","(-10.612712860107422, 99.73503875732422, 25.65880584716797)","(-10.603326797485352, 98.25044250488281, 25.11841583251953)",POINT (0.4686072170734406 0.5551861524581909),,,,,,,,,,,,,,,,,,,,,,,,,,,,,,,,,,,,,,,,,,,,,1,
0,54,27,437269652397,1836011665,1,1,"(0.4640723764896393, 0.57310950756073)","(0.4666772186756134, 0.5792880058288574)",1,1,3.1075897216796875,2.891632080078125,"(-59.934593200683594, -67.65745544433594, 732.6785888671875)","(5.838136672973633, -68.25212097167969, 731.7535400390625)","(-12.1795072555542, 95.70970153808594, 24.19369888305664)","(-11.276824951171875, 94.57795715332031, 23.781774520874023)",POINT (0.4653747975826263 0.5761987566947937),,,,,,,,,,,,,,,,,,,,,,,,,,,,,,,,,,,,,,,,,,,,,1,
0,54,27,437269669063,1836028331,1,1,"(0.47523069381713867, 0.5309553146362305)","(0.4898771345615387, 0.5321857333183289)",1,1,3.141143798828125,2.92413330078125,"(-59.681861877441406, -67.20016479492188, 732.8438720703125)","(6.077077865600586, -68.00240325927734, 731.9413452148438)","(-8.312742233276367, 103.43111419677734, 27.00408363342285)","(-3.237220287322998, 103.20575714111328, 26.92202377319336)",POINT (0.4825539141893387 0.5315705239772797),,,,,,,,,,,,,,,,,,,,,,,,,,,,,,,,,,,,,,,,,,,,,1,
0,54,27,437269685730,1836044997,1,1,"(0.4989042282104492, 0.5458057522773743)","(0.5153416991233826, 0.5184919238090515)",1,1,3.1397705078125,2.9113311767578125,"(-59.433624267578125, -66.79106140136719, 732.9024658203125)","(6.311799049377441, -67.80784606933594, 731.9064331054688)","(-0.10900628566741943, 100.71095275878906, 26.014013290405273)","(5.5871782302856445, 105.71405029296875, 27.835018157958984)",POINT (0.5071229636669159 0.5321488380432129),,,,,,,,,,,,,,,,,,,,,,,,,,,,,,,,,,,,,,,,,,,,,1,
0,54,27,437269702397,1836061664,1,1,"(0.48669594526290894, 0.5371188521385193)","(0.5089251399040222, 0.537655234336853)",1,1,3.119369506835937,2.9395294189453125,"(-59.27320098876953, -66.49444580078125, 732.8701171875)","(6.439045429229736, -67.79864501953125, 732.495361328125)","(-4.339623928070068, 102.3021240234375, 26.59319496154785)","(3.363626718521118, 102.20391082763672, 26.55736541748047)",POINT (0.4978105425834656 0.5373870432376862),,,,,,,,,,,,,,,,,,,,,,,,,,,,,,,,,,,,,,,,,,,,,1,
0,54,27,437269719073,1836078339,1,1,"(0.4831620752811432, 0.5494511127471924)","(0.5004527568817139, 0.5234432816505432)",1,1,3.083587646484375,2.89031982421875,"(-59.161094665527344, -66.28213500976562, 733.0691528320312)","(6.597119331359863, -67.77593994140625, 732.1373901367188)","(-5.564228534698486, 100.0432357788086, 25.77096176147461)","(0.42762115597724915, 104.80709838867188, 27.504911422729492)",POINT (0.4918074160814285 0.5364471971988678),,,,,,,,,,,,,,,,,,,,,,,,,,,,,,,,,,,,,,,,,,,,,1,
0,54,27,437269735740,1836095006,1,1,"(0.4882301390171051, 0.5677869319915771)","(0.5069645047187805, 0.5016313791275024)",1,1,3.0880889892578125,2.93951416015625,"(-59.08751678466797, -66.16068267822266, 732.97802734375)","(6.656660079956055, -67.97135925292969, 732.4315185546875)","(-3.8079562187194824, 96.68463897705078, 24.548521041870117)","(2.6841719150543213, 108.80243682861328, 28.959060668945312)",POINT (0.4975973218679428 0.5347091555595398),,,,,,,,,,,,,,,,,,,,,,,,,,,,,,,,,,,,,,,,,,,,,1,
0,54,27,437269752412,1836111677,1,1,"(0.4874527156352997, 0.5679661631584167)","(0.5032230019569397, 0.49831098318099976)",1,1,3.0585174560546875,2.880462646484375,"(-59.05078125, -66.11492919921875, 732.8483276367188)","(6.684892177581787, -68.12100219726562, 732.327392578125)","(-4.077360153198242, 96.65179443359375, 24.536588668823242)","(1.387611746788025, 109.41062927246094, 29.180448532104492)",POINT (0.4953378587961197 0.5331385731697083),,,,,,,,,,,,,,,,,,,,,,,,,,,,,,,,,,,,,,,,,,,,,1,
0,54,27,437269769078,1836128343,1,1,"(0.4953567683696747, 0.5914039611816406)","(0.5038309097290039, 0.471009761095047)",1,1,3.069793701171875,2.890350341796875,"(-59.05044937133789, -66.14411926269531, 732.7003173828125)","(6.677552223205566, -68.40989685058594, 732.1502685546875)","(-1.3383188247680664, 92.35865783691406, 22.974056243896484)","(1.5982813835144043, 114.41141510009766, 31.00061798095703)",POINT (0.4995938390493393 0.5312068611383438),,,,,,,,,,,,,,,,,,,,,,,,,,,,,,,,,,,,,,,,,,,,,1,
0,54,27,437269785747,1836145011,1,1,"(0.48173782229423523, 0.5459400415420532)","(0.5037605166435242, 0.510287880897522)",1,1,3.034286499023437,2.8823394775390625,"(-59.099647521972656, -66.26343536376953, 732.6299438476562)","(6.630392074584961, -68.71200561523438, 731.8712768554688)","(-6.057792663574219, 100.68637084960938, 26.005050659179688)","(1.5738868713378906, 107.216796875, 28.381977081298828)",POINT (0.4927491694688797 0.5281139612197876),,,,,,,,,,,,,,,,,,,,,,,,,,,,,,,,,,,,,,,,,,,,,1,
0,54,27,437269802411,1836161675,1,1,"(0.48811185359954834, 0.5428014397621155)","(0.5036303400993347, 0.48969951272010803)",1,1,3.0780487060546875,2.8617706298828125,"(-59.15740966796875, -66.40472412109375, 732.1714477539062)","(6.542645454406738, -69.07037353515625, 731.4154052734375)","(-3.8489460945129395, 101.26126098632812, 26.214305877685547)","(1.5287715196609497, 110.98799896240234, 29.75454330444336)",POINT (0.4958710968494415 0.5162504762411118),,,,,,,,,,,,,,,,,,,,,,,,,,,,,,,,,,,,,,,,,,,,,1,
0,54,27,437269819081,1836178344,1,1,"(0.4829629063606262, 0.5515792965888977)","(0.4996156692504883, 0.5163739323616028)",1,1,3.009765625,2.8380279541015625,"(-59.29161071777344, -66.65337371826172, 732.102783203125)","(6.412736892700195, -69.46349334716797, 731.43310546875)","(-5.633256912231445, 99.65341186523438, 25.62908172607422)","(0.137544646859169, 106.10201263427734, 27.97620391845703)",POINT (0.4912892878055572 0.5339766144752502),,,,,,,,,,,,,,,,,,,,,,,,,,,,,,,,,,,,,,,,,,,,,1,
0,54,27,437269835746,1836195009,1,1,"(0.4798487424850464, 0.5606691837310791)","(0.5086323618888855, 0.5064555406570435)",1,1,2.969955444335937,2.8206939697265625,"(-59.45191192626953, -66.92859649658203, 731.7286376953125)","(6.230319499969482, -69.86842346191406, 730.9364013671875)","(-6.712419033050537, 97.98839569091797, 25.0230770111084)","(3.26214337348938, 107.91877746582031, 28.63745880126953)",POINT (0.4942405521869659 0.5335623621940613),,,,,,,,,,,,,,,,,,,,,,,,,,,,,,,,,,,,,,,,,,,,,1,
0,54,27,437269852413,1836211675,1,1,"(0.4810262620449066, 0.49159005284309387)","(0.49622878432273865, 0.5051682591438293)",1,1,3.06231689453125,2.870758056640625,"(-59.66459274291992, -67.19879150390625, 731.421142578125)","(6.018410682678223, -70.24502563476562, 731.0426025390625)","(-6.3043742179870605, 110.6417236328125, 29.628482818603516)","(-1.036135196685791, 108.15457916259766, 28.7232608795166)",POINT (0.4886275231838226 0.4983791559934616),,,,,,,,,,,,,,,,,,,,,,,,,,,,,,,,,,,,,,,,,,,,,1,
0,54,27,437269869082,1836228344,1,1,"(0.48424944281578064, 0.5799915790557861)","(0.5302916765213013, 0.49173256754875183)",1,1,2.9503173828125,2.92730712890625,"(-59.95066833496094, -67.49422454833984, 731.385009765625)","(5.740570068359375, -70.53733825683594, 730.6660766601562)","(-5.187427520751953, 94.4490966796875, 23.734853744506836)","(10.767900466918945, 110.61560821533203, 29.6190128326416)",POINT (0.507270559668541 0.535862073302269),,,,,,,,,,,,,,,,,,,,,,,,,,,,,,,,,,,,,,,,,,,,,1,
0,54,27,437269885750,1836245011,1,1,"(0.4951091408729553, 0.5943480730056763)","(0.49865326285362244, 0.4956483244895935)",1,1,2.8917236328125,2.8168487548828125,"(-60.256893157958984, -67.74288940429688, 731.0297241210938)","(5.43090295791626, -70.80415344238281, 730.9808349609375)","(-1.4241334199905396, 91.81938171386719, 22.77777862548828)","(-0.1959742158651352, 109.89834594726562, 29.35796356201172)",POINT (0.4968812018632889 0.5449981987476349),,,,,,,,,,,,,,,,,,,,,,,,,,,,,,,,,,,,,,,,,,,,,1,
0,54,27,437269902416,1836261677,1,1,"(0.4758656322956085, 0.5772506594657898)","(0.4840632379055023, 0.47015392780303955)",1,1,2.911224365234375,2.843994140625,"(-60.63977813720703, -68.01362609863281, 731.0203857421875)","(5.042913436889648, -70.97149658203125, 730.707275390625)","(-8.092717170715332, 94.9511489868164, 23.917619705200195)","(-5.2519402503967285, 114.56819152832031, 31.05764389038086)",POINT (0.4799644351005554 0.5237022936344147),,,,,,,,,,,,,,,,,,,,,,,,,,,,,,,,,,,,,,,,,,,,,1,
0,54,27,437269919084,1836278344,1,1,"(0.45954927802085876, 0.5874111652374268)","(0.4871271252632141, 0.5182283520698547)",1,1,2.8845977783203125,2.769439697265625,"(-61.04825973510742, -68.20521545410156, 731.0037841796875)","(4.637370586395264, -71.05805969238281, 730.787841796875)","(-13.74692153930664, 93.09001159667969, 23.24025535583496)","(-4.190206527709961, 105.76234436035156, 27.85255241394043)",POINT (0.4733382016420364 0.5528197586536407),,,,,,,,,,,,,,,,,,,,,,,,,,,,,,,,,,,,,,,,,,,,,1,
0,54,27,437269935751,1836295011,1,1,"(0.47700271010398865, 0.6076176762580872)","(0.48162221908569336, 0.5449582934379578)",1,1,2.856048583984375,2.80950927734375,"(-61.481197357177734, -68.34402465820312, 731.0128173828125)","(4.227102756500244, -71.0745620727539, 730.749755859375)","(-7.698675632476807, 89.38878631591797, 21.893041610717773)","(-6.097842216491699, 100.86618041992188, 26.07050323486328)",POINT (0.479312464594841 0.5762879848480225),,,,,,,,,,,,,,,,,,,,,,,,,,,,,,,,,,,,,,,,,,,,,1,
0,54,27,437269952418,1836311677,1,1,"(0.4798976182937622, 0.6099692583084106)","(0.4801628291606903, 0.598964512348175)",1,1,2.84271240234375,2.8812713623046875,"(-61.9299201965332, -68.40001678466797, 731.07763671875)","(3.783236503601074, -71.05335998535156, 730.6965942382812)","(-6.695491790771484, 88.95804595947266, 21.736270904541016)","(-6.603580474853516, 90.97378540039062, 22.4699764251709)",POINT (0.4800302237272263 0.6044668853282928),,,,,,,,,,,,,,,,,,,,,,,,,,,,,,,,,,,,,,,,,,,,,,
0,54,27,437269969085,1836328344,1,1,"(0.48127901554107666, 0.6022148132324219)","(0.4849832057952881, 0.5179577469825745)",1,1,2.8343048095703125,2.8102264404296875,"(-62.41021728515625, -68.3992919921875, 731.4508056640625)","(3.3340277671813965, -70.96968078613281, 731.1435546875)","(-6.216775894165039, 90.37843322753906, 22.253284454345703)","(-4.9331374168396, 105.8118896484375, 27.87061882019043)",POINT (0.4831311106681824 0.5600862801074982),,,,,,,,,,,,,,,,,,,,,,,,,,,,,,,,,,,,,,,,,,,,,1,
0,54,27,437269985752,1836345010,1,1,"(0.4734332859516144, 0.6068683862686157)","(0.4826642572879791, 0.49869656562805176)",1,1,2.873992919921875,2.8123016357421875,"(-62.870033264160156, -68.29141235351562, 731.572021484375)","(2.8627543449401855, -70.77935791015625, 731.0745239257812)","(-8.935609817504883, 89.5260238647461, 21.943038940429688)","(-5.736745834350586, 109.34001159667969, 29.154699325561523)",POINT (0.4780487716197968 0.5527824759483337),,,,,,,,,,,,,,,,,,,,,,,,,,,,,,,,,,,,,,,,,,,,,1,
0,54,27,437270002425,1836361683,1,1,"(0.5029262900352478, 0.531278669834137)","(0.4896342158317566, 0.5363420248031616)",1,1,2.7444000244140625,2.7894287109375,"(-63.33671569824219, -68.12730407714844, 731.8272705078125)","(2.395632028579712, -70.44999694824219, 731.2996826171875)","(1.2847976684570312, 103.37187957763672, 26.982511520385742)","(-3.3213961124420166, 102.44442749023438, 26.64494514465332)",POINT (0.4962802529335022 0.5338103473186493),,,,,,,,,,,,,,,,,,,,,,,,,,,,,,,,,,,,,,,,,,,,,1,
0,54,27,437270019095,1836378352,1,1,"(0.46774646639823914, 0.6078832149505615)","(0.48212915658950806, 0.493043452501297)",1,1,2.810546875,2.7666778564453125,"(-63.767452239990234, -67.89414978027344, 731.981201171875)","(1.983431339263916, -70.1460189819336, 731.700927734375)","(-10.906305313110352, 89.34014129638672, 21.875383377075195)","(-5.922180652618408, 110.37548065185547, 29.531658172607422)",POINT (0.4749378114938736 0.5504633337259293),,,,,,,,,,,,,,,,,,,,,,,,,,,,,,,,,,,,,,,,,,,,,1,
0,54,27,437270035761,1836395018,1,1,"(0.4763696789741516, 0.6304597854614258)","(0.49510425329208374, 0.484122633934021)",1,1,2.787689208984375,2.7814178466796875,"(-64.17852020263672, -67.58672332763672, 732.4412231445312)","(1.5523266792297363, -69.7281494140625, 732.3833618164062)","(-7.918041229248047, 85.20475006103516, 20.370220184326172)","(-1.4258371591567993, 112.00953674316406, 30.126331329345703)",POINT (0.4857369661331177 0.5572912096977234),,,,,,,,,,,,,,,,,,,,,,,,,,,,,,,,,,,,,,,,,,,,,1,
0,54,27,437270052429,1836411685,1,1,"(0.47769981622695923, 0.6188246607780457)","(0.48976853489875793, 0.49691087007522583)",1,1,2.8277587890625,2.805648803710937,"(-64.50244903564453, -67.22856140136719, 732.6029052734375)","(1.2545055150985718, -69.1886978149414, 731.9111938476562)","(-7.457096576690674, 87.33596801757812, 21.145967483520508)","(-3.2748425006866455, 109.66708374023438, 29.273780822753906)",POINT (0.4837341755628586 0.5578677654266357),,,,,,,,,,,,,,,,,,,,,,,,,,,,,,,,,,,,,,,,,,,,,1,
0,54,27,437270069096,1836428352,1,1,"(0.46233001351356506, 0.6394205689430237)","(0.5077769160270691, 0.5201961398124695)",1,1,2.775970458984375,2.8309478759765625,"(-64.77093505859375, -66.80042266845703, 732.8641357421875)","(0.9860692024230957, -68.59867858886719, 732.5179443359375)","(-12.783305168151855, 83.56341552734375, 19.772815704345703)","(2.9657130241394043, 105.40190887451172, 27.72135353088379)",POINT (0.4850534647703171 0.5798083543777466),,,,,,,,,,,,,,,,,,,,,,,,,,,,,,,,,,,,,,,,,,,,,1,
0,54,27,437270302443,1836661692,1,1,"(0.46989163756370544, 0.6489382982254028)","(0.48854440450668335, 0.4513210952281952)",1,1,2.7062225341796875,2.8233795166015625,"(-64.92752838134766, -63.5987434387207, 732.3095703125)","(0.9209622144699097, -64.51420593261719, 731.65771484375)","(-10.162931442260742, 81.8200454711914, 19.13825225830078)","(-3.6990623474121094, 118.017822265625, 32.31320571899414)",POINT (0.4792180210351944 0.550129696726799),,,,,,,,,,,,,,,,,,,,,,,,,,,,,,,,,,,,,,,,,,,,,1,
0,54,27,437270319103,1836678351,1,1,"(0.48233309388160706, 0.6355743408203125)","(0.49590644240379333, 0.4259365499019623)",1,1,2.71697998046875,2.8740234375,"(-64.86276245117188, -63.62759780883789, 732.081787109375)","(0.956222414970398, -64.51317596435547, 731.3924560546875)","(-5.851503372192383, 84.2679214477539, 20.029239654541016)","(-1.1478450298309326, 122.66754913330078, 34.00555419921875)",POINT (0.4891197681427002 0.5307554453611374),,,,,,,,,,,,,,,,,,,,,,,,,,,,,,,,,,,,,,,,,,,,,1,
0,54,27,437270335770,1836695018,1,1,"(0.4819851219654083, 0.6353190541267395)","(0.49672648310661316, 0.40517890453338623)",1,1,2.7811279296875,2.8818817138671875,"(-64.8292236328125, -63.622596740722656, 732.1181640625)","(0.9929914474487305, -64.48326110839844, 731.288818359375)","(-5.9720845222473145, 84.314697265625, 20.046241760253906)","(-0.863652765750885, 126.4697494506836, 35.38944625854492)",POINT (0.4893558025360107 0.5202489793300629),,,,,,,,,,,,,,,,,,,,,,,,,,,,,,,,,,,,,,,,,,,,,1,
0,54,27,437270352438,1836711685,1,1,"(0.47538650035858154, 0.5604056119918823)","(0.48196732997894287, 0.4044438302516937)",1,1,2.8590240478515625,2.89208984375,"(-64.77801513671875, -63.65443801879883, 731.90283203125)","(1.043288230895996, -64.54969787597656, 731.8933715820312)","(-8.258750915527344, 98.03666687011719, 25.040672302246094)","(-5.97825288772583, 126.60440063476562, 35.438438415527344)",POINT (0.4786769151687622 0.482424721121788),,,,,,,,,,,,,,,,,,,,,,,,,,,,,,,,,,,,,,,,,,,,,1,
0,54,27,437270369104,1836728351,1,1,"(0.46898019313812256, 0.6371293067932129)","(0.49119675159454346, 0.4670206308364868)",1,1,2.8194122314453125,2.8860321044921875,"(-64.74574279785156, -63.67002487182617, 731.8052978515625)","(1.0722241401672363, -64.53934478759766, 731.7901000976562)","(-10.478764533996582, 83.98309326171875, 19.92558479309082)","(-2.7799313068389893, 115.14212799072266, 31.266544342041016)",POINT (0.480088472366333 0.5520749688148499),,,,,,,,,,,,,,,,,,,,,,,,,,,,,,,,,,,,,,,,,,,,,1,
0,54,27,437270385772,1836745018,1,1,"(0.47458288073539734, 0.5592907667160034)","(0.47829025983810425, 0.4024801254272461)",1,1,2.9498291015625,2.866607666015625,"(-64.76490020751953, -63.72481155395508, 731.892333984375)","(1.0573723316192627, -64.56282806396484, 731.95263671875)","(-8.537223815917969, 98.24087524414062, 25.115005493164062)","(-7.252499103546143, 126.96408081054688, 35.569393157958984)",POINT (0.4764365702867508 0.4808854460716248),,,,,,,,,,,,,,,,,,,,,,,,,,,,,,,,,,,,,,,,,,,,,1,
0,54,27,437270402445,1836761691,1,1,"(0.4757952392101288, 0.6235832571983337)","(0.48536163568496704, 0.4149341881275177)",1,1,2.8616180419921875,2.8512725830078125,"(-64.7829818725586, -63.744972229003906, 731.94970703125)","(1.0372552871704102, -64.54998016357422, 731.967529296875)","(-8.117100715637207, 86.46434783935547, 20.828662872314453)","(-4.802014350891113, 124.68285369873047, 34.739070892333984)",POINT (0.4805784374475479 0.5192587226629257),,,,,,,,,,,,,,,,,,,,,,,,,,,,,,,,,,,,,,,,,,,,,1,
0,54,27,437270435780,1836795025,1,1,"(0.4636247158050537, 0.5809780359268188)","(0.4840676784515381, 0.4130302667617798)",1,1,2.8876953125,2.8799591064453125,"(-64.9150390625, -63.84002685546875, 732.3427734375)","(0.9292498826980591, -64.52840423583984, 731.7462768554688)","(-12.334639549255371, 94.26839447021484, 23.66911506652832)","(-5.2503981590271, 125.03160095214844, 34.86602783203125)",POINT (0.4738461971282959 0.4970041513442993),,,,,,,,,,,,,,,,,,,,,,,,,,,,,,,,,,,,,,,,,,,,,1,
0,54,27,437270452448,1836811692,1,1,"(0.47356101870536804, 0.5600793361663818)","(0.4870869815349579, 0.41227078437805176)",1,1,3.001953125,2.931625366210937,"(-64.97587585449219, -63.877899169921875, 732.2098388671875)","(0.8379124402999878, -64.56578063964844, 731.983154296875)","(-8.891348838806152, 98.096435546875, 25.062402725219727)","(-4.204113006591797, 125.17072296142578, 34.91661834716797)",POINT (0.480324000120163 0.4861750602722168),,,,,,,,,,,,,,,,,,,,,,,,,,,,,,,,,,,,,,,,,,,,,1,
0,54,27,437270469114,1836828358,1,1,"(0.4704388380050659, 0.5691352486610413)","(0.49059826135635376, 0.4295254349708557)",1,1,2.9891357421875,2.97698974609375,"(-65.04280853271484, -63.911094665527344, 732.1218872070312)","(0.7472180128097534, -64.57917022705078, 732.0868530273438)","(-9.973289489746094, 96.43763732910156, 24.458677291870117)","(-2.987323760986328, 122.01016235351562, 33.766300201416016)",POINT (0.4805185496807098 0.4993303418159485),,,,,,,,,,,,,,,,,,,,,,,,,,,,,,,,,,,,,,,,,,,,,1,
0,54,27,437270485782,1836845025,1,1,"(0.46240535378456116, 0.5193503499031067)","(0.4855632781982422, 0.4484436511993408)",1,1,3.0832061767578125,2.9780731201171875,"(-65.15180969238281, -64.03364562988281, 732.4775390625)","(0.6618391275405884, -64.57344055175781, 731.7469482421875)","(-12.757189750671387, 105.55683135986328, 27.77776527404785)","(-4.732133865356445, 118.54489135742188, 32.50502395629883)",POINT (0.4739843159914017 0.4838970005512238),,,,,,,,,,,,,,,,,,,,,,,,,,,,,,,,,,,,,,,,,,,,,1,
0,54,27,437270519117,1836878359,1,1,"(0.46595510840415955, 0.5693367719650269)","(0.4726250171661377, 0.460530549287796)",1,1,3.006332397460937,2.968475341796875,"(-65.2703857421875, -64.27099609375, 732.650390625)","(0.5355318784713745, -64.87948608398438, 732.634765625)","(-11.527080535888672, 96.40072631835938, 24.445234298706055)","(-9.215710639953613, 116.3309326171875, 31.699199676513672)",POINT (0.4692900627851486 0.5149336606264114),,,,,,,,,,,,,,,,,,,,,,,,,,,,,,,,,,,,,,,,,,,,,1,
0,54,27,437270535784,1836895026,1,1,"(0.4840215742588043, 0.6122670769691467)","(0.4786250591278076, 0.4518476128578186)",1,1,2.9476470947265625,2.936981201171875,"(-65.2870864868164, -64.41423034667969, 732.4797973632812)","(0.49831628799438477, -65.06346130371094, 732.294921875)","(-5.266384601593018, 88.53715515136719, 21.583097457885742)","(-7.136475086212158, 117.92137145996094, 32.27809143066406)",POINT (0.481323316693306 0.5320573449134827),,,,,,,,,,,,,,,,,,,,,,,,,,,,,,,,,,,,,,,,,,,,,1,
0,54,27,437270552453,1836911694,1,1,"(0.4830471873283386, 0.5698402523994446)","(0.4850732684135437, 0.40793997049331665)",1,1,3.03778076171875,2.977645874023437,"(-65.30291748046875, -64.63783264160156, 732.3876953125)","(0.46944043040275574, -65.30845642089844, 732.1917724609375)","(-5.60404634475708, 96.30852508544922, 24.411666870117188)","(-4.901922702789307, 125.96399688720703, 35.205360412597656)",POINT (0.4840602278709412 0.4888901114463806),,,,,,,,,,,,,,,,,,,,,,,,,,,,,,,,,,,,,,,,,,,,,1,
0,54,27,437270569119,1836928360,1,1,"(0.47070837020874023, 0.5824888944625854)","(0.48375359177589417, 0.4550066888332367)",1,1,2.989501953125,3.0037841796875,"(-65.28927612304688, -64.90911865234375, 732.3600463867188)","(0.47689807415008545, -65.58634185791016, 732.2807006835938)","(-9.879888534545898, 93.99163055419922, 23.56840705871582)","(-5.359241485595703, 117.34272766113281, 32.06747817993164)",POINT (0.4772309809923172 0.5187477916479111),,,,,,,,,,,,,,,,,,,,,,,,,,,,,,,,,,,,,,,,,,,,,1,
0,54,27,437270585786,1836945026,1,1,"(0.4631493091583252, 0.5655912160873413)","(0.4802323877811432, 0.4555971920490265)",1,1,2.961410522460937,2.9473114013671875,"(-65.29718017578125, -65.26583862304688, 732.3775634765625)","(0.4870058596134186, -65.99774169921875, 732.28076171875)","(-12.499398231506348, 97.08682250976562, 24.694929122924805)","(-6.579464435577393, 117.23456573486328, 32.028106689453125)",POINT (0.4716908484697342 0.5105942040681839),,,,,,,,,,,,,,,,,,,,,,,,,,,,,,,,,,,,,,,,,,,,,1,
0,54,27,437270602453,1836961693,1,1,"(0.47727787494659424, 0.5149917602539062)","(0.48381727933883667, 0.5048725008964539)",1,1,3.063507080078125,2.96771240234375,"(-65.300537109375, -65.58015441894531, 732.4974365234375)","(0.512667179107666, -66.35548400878906, 732.5618896484375)","(-7.603322982788086, 106.35518646240234, 28.068370819091797)","(-5.337179660797119, 108.208740234375, 28.742979049682617)",POINT (0.4805475771427154 0.50993213057518),,,,,,,,,,,,,,,,,,,,,,,,,,,,,,,,,,,,,,,,,,,,,1,
0,54,27,437270619121,1836978360,1,1,"(0.4726751148700714, 0.5901037454605103)","(0.4881148636341095, 0.4479053318500519)",1,1,2.983062744140625,2.982635498046875,"(-65.27921295166016, -65.88797760009766, 732.4865112304688)","(0.5175081491470337, -66.81173706054688, 732.5767822265625)","(-9.19835376739502, 92.59683227539062, 23.06069564819336)","(-3.847909688949585, 118.64349365234375, 32.540916442871094)",POINT (0.4803949892520904 0.5190045386552811),,,,,,,,,,,,,,,,,,,,,,,,,,,,,,,,,,,,,,,,,,,,,1,
0,54,27,437270635788,1836995027,1,1,"(0.4689377248287201, 0.5900274515151978)","(0.4919642210006714, 0.4652494192123413)",1,1,2.94769287109375,2.951644897460937,"(-65.24794006347656, -66.18064880371094, 732.5858764648438)","(0.5444126129150391, -67.14423370361328, 732.532958984375)","(-10.493491172790527, 92.61080169677734, 23.065828323364258)","(-2.5139710903167725, 115.466552734375, 31.384614944458008)",POINT (0.4804509729146957 0.5276384353637695),,,,,,,,,,,,,,,,,,,,,,,,,,,,,,,,,,,,,,,,,,,,,1,
0,54,27,437270652461,1837011699,1,1,"(0.4753800928592682, 0.5376691222190857)","(0.48328250646591187, 0.43945246934890747)",1,1,3.009140014648437,2.90057373046875,"(-65.23407745361328, -66.47256469726562, 732.6937255859375)","(0.553173303604126, -67.5633544921875, 732.829345703125)","(-8.260968208312988, 102.20135498046875, 26.55646324157715)","(-5.522496700286865, 120.19181823730469, 33.10446548461914)",POINT (0.47933129966259 0.4885607957839966),,,,,,,,,,,,,,,,,,,,,,,,,,,,,,,,,,,,,,,,,,,,,1,
0,54,27,437270669127,1837028365,1,1,"(0.46782833337783813, 0.5764829516410828)","(0.48524609208106995, 0.496658056974411)",1,1,2.938323974609375,2.944244384765625,"(-65.24658203125, -66.76486206054688, 732.828369140625)","(0.555270254611969, -67.85267639160156, 732.7261352539062)","(-10.877938270568848, 95.09175872802734, 23.96880531311035)","(-4.842046737670898, 109.71339416503906, 29.290639877319336)",POINT (0.476537212729454 0.5365705043077469),,,,,,,,,,,,,,,,,,,,,,,,,,,,,,,,,,,,,,,,,,,,,1,
0,54,27,437270685804,1837045041,1,1,"(0.4784470200538635, 0.5773685574531555)","(0.4734663665294647, 0.46330681443214417)",1,1,2.876434326171875,2.9080810546875,"(-65.26475524902344, -67.02986907958984, 732.9302978515625)","(0.5349041223526001, -68.23229217529297, 732.770751953125)","(-7.198175430297852, 94.92955017089844, 23.909713745117188)","(-8.924141883850098, 115.8223876953125, 31.514135360717773)",POINT (0.4759566932916641 0.5203376859426498),,,,,,,,,,,,,,,,,,,,,,,,,,,,,,,,,,,,,,,,,,,,,1,
0,54,27,437270702462,1837061699,1,1,"(0.5116093158721924, 0.6457933187484741)","(0.4841979146003723, 0.42258548736572266)",1,1,2.7371368408203125,2.85565185546875,"(-65.29319763183594, -67.21797180175781, 732.926025390625)","(0.5052506923675537, -68.48578643798828, 732.741455078125)","(4.29376220703125, 82.3961181640625, 19.347936630249023)","(-5.205281734466553, 123.28138732910156, 34.22892379760742)",POINT (0.4979036152362824 0.5341894030570984),,,,,,,,,,,,,,,,,,,,,,,,,,,,,,,,,,,,,,,,,,,,,1,
0,54,27,437270719138,1837078374,1,1,"(0.47820237278938293, 0.6220170855522156)","(0.4902982711791992, 0.44528689980506897)",1,1,2.858367919921875,2.9006805419921875,"(-65.35671997070312, -67.3945083618164, 732.9737548828125)","(0.42100661993026733, -68.72653198242188, 732.9635620117188)","(-7.282944202423096, 86.7511978149414, 20.933103561401367)","(-3.091282844543457, 119.12311553955078, 32.71549606323242)",POINT (0.4842503219842911 0.5336519926786423),,,,,,,,,,,,,,,,,,,,,,,,,,,,,,,,,,,,,,,,,,,,,1,
0,54,27,437270752472,1837111707,1,1,"(0.46831607818603516, 0.5485692024230957)","(0.4874691665172577, 0.4945639669895172)",1,1,2.891754150390625,2.89739990234375,"(-65.53201293945312, -67.80397033691406, 733.3778076171875)","(0.27502602338790894, -69.10353088378906, 733.29052734375)","(-10.708921432495117, 100.20477294921875, 25.829774856567383)","(-4.071662902832031, 110.09695434570312, 29.430273056030273)",POINT (0.4778926223516464 0.5215665847063065),,,,,,,,,,,,,,,,,,,,,,,,,,,,,,,,,,,,,,,,,,,,,1,
0,54,27,437270769139,1837128374,1,1,"(0.47964608669281006, 0.5974298715591431)","(0.49183863401412964, 0.4436807930469513)",1,1,2.85247802734375,2.864227294921875,"(-65.63093566894531, -67.93875885009766, 733.5397338867188)","(0.15455326437950134, -69.32693481445312, 733.60205078125)","(-6.782655239105225, 91.25489044189453, 22.572280883789062)","(-2.5574851036071777, 119.41731262207031, 32.822547912597656)",POINT (0.4857423603534698 0.5205553323030472),,,,,,,,,,,,,,,,,,,,,,,,,,,,,,,,,,,,,,,,,,,,,1,
0,54,27,437270785812,1837145046,1,1,"(0.48005253076553345, 0.5623565316200256)","(0.48630547523498535, 0.4107038080692291)",1,1,2.9153289794921875,2.8862457275390625,"(-65.7178955078125, -68.09276580810547, 733.4473876953125)","(0.05947178229689598, -69.45586395263672, 733.543212890625)","(-6.641801357269287, 97.67932891845703, 24.910573959350586)","(-4.474923133850098, 125.45773315429688, 35.02113342285156)",POINT (0.4831790030002594 0.4865301698446274),,,,,,,,,,,,,,,,,,,,,,,,,,,,,,,,,,,,,,,,,,,,,1,
0,54,27,437270802478,1837161712,1,1,"(0.4713997542858124, 0.5914536714553833)","(0.4888544976711273, 0.41475430130958557)",1,1,2.8126678466796875,2.8553466796875,"(-65.84246826171875, -68.26151275634766, 733.8154296875)","(-0.048814281821250916, -69.59942626953125, 733.8995361328125)","(-9.640302658081055, 92.34956359863281, 22.970706939697266)","(-3.591609477996826, 124.71582794189453, 34.75102996826172)",POINT (0.4801271259784698 0.5031039863824844),,,,,,,,,,,,,,,,,,,,,,,,,,,,,,,,,,,,,,,,,,,,,1,
0,54,27,437270819146,1837178379,1,1,"(0.47437161207199097, 0.5856207609176636)","(0.4844631552696228, 0.49940529465675354)",1,1,2.8541412353515625,2.8914031982421875,"(-65.96158599853516, -68.40729522705078, 734.1392211914062)","(-0.14940813183784485, -69.6391830444336, 733.677001953125)","(-8.610448837280273, 93.41798400878906, 23.359601974487305)","(-5.11336612701416, 109.2101821899414, 29.107481002807617)",POINT (0.4794173836708069 0.5425130277872086),,,,,,,,,,,,,,,,,,,,,,,,,,,,,,,,,,,,,,,,,,,,,1,
0,54,27,437270835804,1837195037,1,1,"(0.4763225018978119, 0.5778278112411499)","(0.47963225841522217, 0.4213427007198334)",1,1,2.845672607421875,2.866729736328125,"(-66.01380920410156, -68.5428237915039, 734.0222778320312)","(-0.21498197317123413, -69.78271484375, 733.9739990234375)","(-7.934391975402832, 94.84542846679688, 23.879125595092773)","(-6.787439346313477, 123.50900268554688, 34.311805725097656)",POINT (0.477977380156517 0.4995852559804916),,,,,,,,,,,,,,,,,,,,,,,,,,,,,,,,,,,,,,,,,,,,,1,
0,54,27,437270852480,1837211712,1,1,"(0.47549769282341003, 0.5498816967010498)","(0.4864835739135742, 0.41678687930107117)",1,1,2.9049835205078125,2.867538452148437,"(-66.0641860961914, -68.63333129882812, 734.104736328125)","(-0.2759774923324585, -69.84365844726562, 734.3455810546875)","(-8.220222473144531, 99.96434783935547, 25.742265701293945)","(-4.413209915161133, 124.34349822998047, 34.615577697753906)",POINT (0.4809906333684921 0.4833342880010605),,,,,,,,,,,,,,,,,,,,,,,,,,,,,,,,,,,,,,,,,,,,,1,
0,54,27,437270869138,1837228370,1,1,"(0.47414430975914, 0.5930551290512085)","(0.4849778115749359, 0.4379473030567169)",1,1,2.84661865234375,2.8551483154296875,"(-66.07167053222656, -68.69062042236328, 734.1478271484375)","(-0.29707539081573486, -69.87879943847656, 734.6130981445312)","(-8.689215660095215, 92.05622863769531, 22.863933563232422)","(-4.935021877288818, 120.46752166748047, 33.204795837402344)",POINT (0.479561060667038 0.5155012160539627),,,,,,,,,,,,,,,,,,,,,,,,,,,,,,,,,,,,,,,,,,,,,1,
0,54,27,437270919152,1837278382,1,1,"(0.46735477447509766, 0.5671716928482056)","(0.49809151887893677, 0.4080260992050171)",1,1,2.8552398681640625,2.923065185546875,"(-65.99925994873047, -68.78570556640625, 734.9652709960938)","(-0.18527880311012268, -69.82009887695312, 734.7470703125)","(-11.042031288146973, 96.79731750488281, 24.58957862854004)","(-0.3906308710575104, 125.94823455810547, 35.19962692260742)",POINT (0.4827231466770172 0.4875988960266113),,,,,,,,,,,,,,,,,,,,,,,,,,,,,,,,,,,,,,,,,,,,,1,
0,54,27,437270935818,1837295048,1,1,"(0.4809753894805908, 0.5903509259223938)","(0.4915598928928375, 0.41440409421920776)",1,1,2.874420166015625,2.901397705078125,"(-65.89712524414062, -68.75982666015625, 734.8179931640625)","(-0.09954996407032013, -69.78056335449219, 734.9107666015625)","(-6.3219990730285645, 92.55156707763672, 23.04421043395996)","(-2.6540820598602295, 124.77995300292969, 34.77442932128906)",POINT (0.4862676411867142 0.5023775100708008),,,,,,,,,,,,,,,,,,,,,,,,,,,,,,,,,,,,,,,,,,,,,1,
0,54,27,437270952478,1837311707,1,1,"(0.47262802720069885, 0.5573942065238953)","(0.491668164730072, 0.4527253210544586)",1,1,2.9014129638671875,2.946441650390625,"(-65.8416976928711, -68.76071166992188, 735.2842407226562)","(-0.03614252433180809, -69.73060607910156, 735.2086791992188)","(-9.214655876159668, 98.58827209472656, 25.2414493560791)","(-2.6165544986724854, 117.7605972290039, 32.21958923339844)",POINT (0.4821480959653854 0.5050597637891769),,,,,,,,,,,,,,,,,,,,,,,,,,,,,,,,,,,,,,,,,,,,,1,
0,54,27,437270969144,1837328373,1,1,"(0.4881536364555359, 0.5567901730537415)","(0.5011721849441528, 0.43642041087150574)",1,1,2.9618072509765625,2.90838623046875,"(-65.7607192993164, -68.72962188720703, 735.2261352539062)","(0.05145827680826187, -69.6876449584961, 734.9849243164062)","(-3.834455728530884, 98.69890594482422, 25.28167724609375)","(0.676941990852356, 120.74720001220703, 33.306610107421875)",POINT (0.4946629106998444 0.4966052919626236),,,,,,,,,,,,,,,,,,,,,,,,,,,,,,,,,,,,,,,,,,,,,1,
0,54,27,437270985812,1837345040,1,1,"(0.4792540371417999, 0.5288594365119934)","(0.4873424172401428, 0.4146924912929535)",1,1,2.985748291015625,2.912261962890625,"(-65.6729507446289, -68.69197845458984, 735.1839599609375)","(0.13956162333488464, -69.68977355957031, 735.267822265625)","(-6.918513774871826, 103.81503295898438, 27.143796920776367)","(-4.115586280822754, 124.7271499633789, 34.75516891479492)",POINT (0.4832982271909714 0.4717759639024734),,,,,,,,,,,,,,,,,,,,,,,,,,,,,,,,,,,,,,,,,,,,,1,
0,54,27,437271002479,1837361707,1,1,"(0.47180989384651184, 0.5489273071289062)","(0.4871353805065155, 0.3867473900318146)",1,1,2.93212890625,2.9130096435546875,"(-65.62771606445312, -68.69644927978516, 735.5269775390625)","(0.18884895741939545, -69.65496826171875, 735.4765014648438)","(-9.498183250427246, 100.13919830322266, 25.805870056152344)","(-4.187327861785889, 129.8458709716797, 36.618247985839844)",POINT (0.4794726371765137 0.4678373485803604),,,,,,,,,,,,,,,,,,,,,,,,,,,,,,,,,,,,,,,,,,,,,1,
0,54,27,437271035813,1837395040,1,1,"(0.49261727929115295, 0.5623855590820312)","(0.5063797235488892, 0.4253532588481903)",1,1,2.9714508056640625,2.9427032470703125,"(-65.50908660888672, -68.71593475341797, 735.443603515625)","(0.28311052918434143, -69.60752868652344, 735.55078125)","(-2.2876508235931396, 97.67399597167969, 24.908676147460938)","(2.481532573699951, 122.77439880371094, 34.04444122314453)",POINT (0.4994985014200211 0.4938694089651108),,,,,,,,,,,,,,,,,,,,,,,,,,,,,,,,,,,,,,,,,,,,,1,
0,54,27,437271052488,1837411714,1,1,"(0.48698610067367554, 0.5611032843589783)","(0.5037126541137695, 0.46391865611076355)",1,1,2.94464111328125,2.9320831298828125,"(-65.49069213867188, -68.74693298339844, 735.5090942382812)","(0.3022613525390625, -69.59872436523438, 735.5359497070312)","(-4.239072799682617, 97.90888214111328, 24.994159698486328)","(1.5573034286499023, 115.7103271484375, 31.47330093383789)",POINT (0.4953493773937225 0.5125109702348709),,,,,,,,,,,,,,,,,,,,,,,,,,,,,,,,,,,,,,,,,,,,,1,
0,54,27,437271069154,1837428380,1,1,"(0.4844401776790619, 0.5903539061546326)","(0.5009198188781738, 0.44023236632347107)",1,1,2.9203033447265625,2.962860107421875,"(-65.47855377197266, -68.80780792236328, 735.5557861328125)","(0.3164834678173065, -69.67401885986328, 735.5359497070312)","(-5.121331214904785, 92.55101013183594, 23.04404067993164)","(0.589475154876709, 120.04895782470703, 33.05249786376953)",POINT (0.4926799982786179 0.5152931362390518),,,,,,,,,,,,,,,,,,,,,,,,,,,,,,,,,,,,,,,,,,,,,1,
0,54,27,437271085822,1837445047,1,1,"(0.48975345492362976, 0.5477288365364075)","(0.49916812777519226, 0.43720871210098267)",1,1,3.0703277587890625,2.972808837890625,"(-65.49272155761719, -68.91840362548828, 735.5242309570312)","(0.3100520968437195, -69.709716796875, 735.461181640625)","(-3.2800776958465576, 100.35870361328125, 25.88576889038086)","(-0.017550403252243996, 120.60282135009766, 33.254032135009766)",POINT (0.494460791349411 0.4924687743186951),,,,,,,,,,,,,,,,,,,,,,,,,,,,,,,,,,,,,,,,,,,,,1,
0,54,27,437271102488,1837461713,1,1,"(0.4929870665073395, 0.5694403648376465)","(0.513867199420929, 0.4952270984649658)",1,1,3.000030517578125,2.9768829345703125,"(-65.5338363647461, -69.01856231689453, 735.4999389648438)","(0.26122310757637024, -69.74726104736328, 735.3272705078125)","(-2.1595089435577393, 96.38177490234375, 24.43830680847168)","(5.076194763183594, 109.97550201416016, 29.38604736328125)",POINT (0.5034271329641342 0.5323337316513062),,,,,,,,,,,,,,,,,,,,,,,,,,,,,,,,,,,,,,,,,,,,,1,
0,54,27,437271119157,1837478381,1,1,"(0.49119195342063904, 0.5716065764427185)","(0.5080404281616211, 0.4541604816913605)",1,1,2.9477081298828125,2.9625244140625,"(-65.61369323730469, -69.18327331542969, 735.7281494140625)","(0.2088337391614914, -69.87452697753906, 735.5660400390625)","(-2.781590461730957, 95.98499298095703, 24.29388999938965)","(3.057009220123291, 117.49772644042969, 32.12390899658203)",POINT (0.4996161907911301 0.5128835290670395),,,,,,,,,,,,,,,,,,,,,,,,,,,,,,,,,,,,,,,,,,,,,1,
0,54,27,437271152490,1837511713,1,1,"(0.4844958782196045, 0.5714771747589111)","(0.5015690922737122, 0.510691225528717)",1,1,2.9994049072265625,2.953887939453125,"(-65.80877685546875, -69.48213195800781, 735.5068969726562)","(-0.0015642903745174408, -70.04214477539062, 735.47705078125)","(-5.102015495300293, 96.00868225097656, 24.302526473999023)","(0.8144864439964294, 107.1429214477539, 28.35504913330078)",POINT (0.4930324852466583 0.5410842001438141),,,,,,,,,,,,,,,,,,,,,,,,,,,,,,,,,,,,,,,,,,,,,1,
0,54,27,437271169158,1837528381,1,1,"(0.47584131360054016, 0.578558087348938)","(0.5007508993148804, 0.42787760496139526)",1,1,3.0079498291015625,2.99639892578125,"(-65.90281677246094, -69.61042785644531, 735.53369140625)","(-0.0939144492149353, -70.15245056152344, 735.5071411132812)","(-8.101141929626465, 94.711669921875, 23.830446243286133)","(0.5309330224990845, 122.31200408935547, 33.87614440917969)",POINT (0.4882961064577103 0.5032178461551666),,,,,,,,,,,,,,,,,,,,,,,,,,,,,,,,,,,,,,,,,,,,,1,
0,54,27,437271185831,1837545053,1,1,"(0.48909494280815125, 0.5630475878715515)","(0.5101832747459412, 0.5040266513824463)",1,1,2.9937744140625,2.971771240234375,"(-66.07256317138672, -69.7786636352539, 735.6212158203125)","(-0.27245089411735535, -70.21824645996094, 735.4921875)","(-3.5082831382751465, 97.55274963378906, 24.864500045776367)","(3.7995946407318115, 108.3636703491211, 28.799394607543945)",POINT (0.4996391087770462 0.5335371196269989),,,,,,,,,,,,,,,,,,,,,,,,,,,,,,,,,,,,,,,,,,,,,1,
0,54,27,437271202497,1837561719,1,1,"(0.4921044409275055, 0.5880946516990662)","(0.5015547871589661, 0.48130860924720764)",1,1,2.994232177734375,3.0122528076171875,"(-66.267578125, -69.96692657470703, 735.58154296875)","(-0.4486718475818634, -70.33000946044922, 735.6414794921875)","(-2.465390920639038, 92.96485137939453, 23.194650650024414)","(0.8095074892044067, 112.52497863769531, 30.313940048217773)",POINT (0.4968296140432358 0.5347016304731369),,,,,,,,,,,,,,,,,,,,,,,,,,,,,,,,,,,,,,,,,,,,,1,
0,54,27,437271219164,1837578385,1,1,"(0.4769825041294098, 0.6088505387306213)","(0.5001254677772522, 0.4518958330154419)",1,1,2.963287353515625,2.97027587890625,"(-66.38467407226562, -70.05952453613281, 735.6495361328125)","(-0.5763276219367981, -70.37393951416016, 735.5218505859375)","(-7.7056708335876465, 89.16294860839844, 21.810909271240234)","(0.31420212984085083, 117.91255187988281, 32.2748908996582)",POINT (0.488553985953331 0.5303731858730316),,,,,,,,,,,,,,,,,,,,,,,,,,,,,,,,,,,,,,,,,,,,,1,
0,54,27,437271235832,1837595053,1,1,"(0.48298993706703186, 0.5898267030715942)","(0.49195775389671326, 0.4672237038612366)",1,1,3.0385894775390625,3.00146484375,"(-66.59967041015625, -70.2432861328125, 735.6376342773438)","(-0.7945905327796936, -70.48339080810547, 735.74560546875)","(-5.62388801574707, 92.64757537841797, 23.079198837280273)","(-2.516209602355957, 115.10492706298828, 31.252992630004883)",POINT (0.4874738454818726 0.5285252034664154),,,,,,,,,,,,,,,,,,,,,,,,,,,,,,,,,,,,,,,,,,,,,1,
0,54,27,437271252499,1837611719,1,1,"(0.4974544942378998, 0.5811807513237)","(0.503481924533844, 0.4691219627857208)",1,1,3.000152587890625,3.01092529296875,"(-66.79015350341797, -70.27378845214844, 735.6287841796875)","(-0.9921360611915588, -70.4713134765625, 735.685546875)","(-0.6113815903663635, 94.23125457763672, 23.655607223510742)","(1.4773341417312622, 114.75721740722656, 31.126436233520508)",POINT (0.5004682093858719 0.5251513570547104),,,,,,,,,,,,,,,,,,,,,,,,,,,,,,,,,,,,,,,,,,,,,1,
0,54,27,437271269166,1837628386,1,1,"(0.47905057668685913, 0.5493150949478149)","(0.5131999850273132, 0.47315463423728943)",1,1,3.0191650390625,2.978256225585937,"(-66.98230743408203, -70.46479797363281, 735.909912109375)","(-1.1503021717071533, -70.5828857421875, 735.8646240234375)","(-6.989027500152588, 100.0681381225586, 25.78006935119629)","(4.845005989074707, 114.0185546875, 30.857561111450195)",POINT (0.4961252808570862 0.5112348645925522),,,,,,,,,,,,,,,,,,,,,,,,,,,,,,,,,,,,,,,,,,,,,1,
0,54,27,437271302500,1837661719,1,1,"(0.527717649936676, 0.7157375812530518)","(0.505298912525177, 0.45576751232147217)",1,1,2.6530303955078125,2.9733123779296875,"(-67.30162048339844, -70.59552764892578, 735.6295166015625)","(-1.5042227506637573, -70.72848510742188, 735.9681396484375)","(9.875897407531738, 69.58430480957031, 14.684854507446289)","(2.106998920440674, 117.203369140625, 32.01675796508789)",POINT (0.5165082812309265 0.585752546787262),,,,,,,,,,,,,,,,,,,,,,,,,,,,,,,,,,,,,,,,,,,,,1,
0,54,27,437271569184,1837928395,1,1,"(0.5581821799278259, 0.5747987031936646)","(0.5447312593460083, 0.3968752324581146)",1,1,3.0332489013671875,2.990478515625,"(-69.69083404541016, -73.75608825683594, 736.876708984375)","(-3.7406253814697266, -73.14173126220703, 735.56689453125)","(20.432968139648438, 95.4002685546875, 24.081079483032227)","(15.771736145019531, 127.99073028564453, 35.94308090209961)",POINT (0.5514567196369171 0.4858369678258896),,,,,,,,,,,,,,,,,,,,,,,,,,,,,,,,,,,,,,,,,,,,,1,
0,54,27,437271585857,1837945067,1,1,"(0.5603101849555969, 0.5106212496757507)","(0.5378823280334473, 0.35728585720062256)",1,1,3.07843017578125,2.9150848388671875,"(-69.7635269165039, -73.7620849609375, 736.905517578125)","(-3.8687479496002197, -73.11712646484375, 735.6406860351562)","(21.170419692993164, 107.1557388305664, 28.3597354888916)","(13.398326873779297, 135.24237060546875, 38.582462310791016)",POINT (0.5490962564945221 0.4339535534381866),,,,,,,,,,,,,,,,,,,,,,,,,,,,,,,,,,,,,,,,,,,,,1,
0,54,27,437271602524,1837961734,1,1,"(0.536055862903595, 0.5084493160247803)","(0.5372187495231628, 0.3793238401412964)",1,1,3.0375518798828125,3.002960205078125,"(-69.8646469116211, -73.79341125488281, 737.1139526367188)","(-3.960552215576172, -73.10781860351562, 735.8927612304688)","(12.765398979187012, 107.5535659790039, 28.504562377929688)","(13.168387413024902, 131.20565795898438, 37.11317443847656)",POINT (0.5366373062133789 0.4438865780830383),,,,,,,,,,,,,,,,,,,,,,,,,,,,,,,,,,,,,,,,,,,,,1,
0,54,27,437271619191,1837978400,1,1,"(0.5558481812477112, 0.5104761123657227)","(0.5449245572090149, 0.3903183043003082)",1,1,3.054428100585937,2.94720458984375,"(-69.97364044189453, -73.88336944580078, 737.2098999023438)","(-4.075939655303955, -73.15099334716797, 736.05615234375)","(19.624164581298828, 107.18231964111328, 28.369367599487305)","(15.838725090026855, 129.1917724609375, 36.38020324707031)",POINT (0.550386369228363 0.4503972083330154),,,,,,,,,,,,,,,,,,,,,,,,,,,,,,,,,,,,,,,,,,,,,1,
0,54,27,437271635858,1837995067,1,1,"(0.5358766913414001, 0.5114880800247192)","(0.5472608804702759, 0.44397714734077454)",1,1,3.026275634765625,2.989974975585937,"(-70.04740905761719, -74.004638671875, 737.4573364257812)","(-4.1788835525512695, -73.18477630615234, 736.0697631835938)","(12.703291893005371, 106.99697875976562, 28.301889419555664)","(16.648334503173828, 119.36302185058594, 32.802791595458984)",POINT (0.541568785905838 0.4777326136827469),,,,,,,,,,,,,,,,,,,,,,,,,,,,,,,,,,,,,,,,,,,,,1,
0,54,27,437271652526,1838011734,1,1,"(0.5023233890533447, 0.43596920371055603)","(0.5232836604118347, 0.3627961277961731)",1,1,3.0760040283203125,2.98358154296875,"(-70.2193832397461, -74.0665054321289, 737.8187255859375)","(-4.375300407409668, -73.20045471191406, 736.3065185546875)","(1.0758804082870483, 120.8298568725586, 33.336692810058594)","(8.339363098144531, 134.23304748535156, 38.21508026123047)",POINT (0.5128035247325897 0.3993826657533646),,,,,,,,,,,,,,,,,,,,,,,,,,,,,,,,,,,,,,,,,,,,,,
0,54,27,437271669192,1838028400,1,1,"(0.4894028902053833, 0.3812289834022522)","(0.5011362433433533, 0.30852389335632324)",1,1,3.0574493408203125,3.006576538085937,"(-70.27958679199219, -74.1170654296875, 737.6658935546875)","(-4.54050874710083, -73.21343231201172, 736.3193359375)","(-3.401561737060547, 130.85670471191406, 36.986141204833984)","(0.6644821166992188, 144.1741485595703, 41.833377838134766)",POINT (0.4952695667743683 0.3448764383792877),,,,,,,,,,,,,,,,,,,,,,,,,,,,,,,,,,,,,,,,,,,,,1,
0,54,27,437271685860,1838045067,1,1,"(0.49250560998916626, 0.3983004093170166)","(0.5021865367889404, 0.2841782569885254)",1,1,3.093170166015625,2.98370361328125,"(-70.36016082763672, -74.32473754882812, 737.9888916015625)","(-4.581702709197998, -73.31624603271484, 736.4682006835938)","(-2.3263487815856934, 127.72968292236328, 35.848026275634766)","(1.028430461883545, 148.63360595703125, 43.45641326904297)",POINT (0.4973460733890533 0.341239333152771),,,,,,,,,,,,,,,,,,,,,,,,,,,,,,,,,,,,,,,,,,,,,1,
0,54,27,437271702527,1838061734,1,1,"(0.4834648072719574, 0.3683761954307556)","(0.5096808671951294, 0.3111589848995209)",1,1,3.0955963134765625,2.975616455078125,"(-70.43952941894531, -74.566650390625, 738.3538818359375)","(-4.639145851135254, -73.46065521240234, 736.482666015625)","(-5.459326267242432, 133.2109375, 37.84306335449219)","(3.6254968643188477, 143.69151306152344, 41.65763473510742)",POINT (0.4965728372335434 0.3397675901651382),,,,,,,,,,,,,,,,,,,,,,,,,,,,,,,,,,,,,,,,,,,,,1,
0,54,27,437271719196,1838078402,1,1,"(0.47582536935806274, 0.2746892273426056)","(0.5054181814193726, 0.3443140387535095)",1,1,3.145370483398437,2.9927215576171875,"(-70.49606323242188, -74.74169921875, 738.599609375)","(-4.658294677734375, -73.5105972290039, 736.30322265625)","(-8.106673240661621, 150.37171936035156, 44.08903884887695)","(2.148320198059082, 137.61843872070312, 39.44724655151367)",POINT (0.4906217753887176 0.3095016330480576),,,,,,,,,,,,,,,,,,,,,,,,,,,,,,,,,,,,,,,,,,,,,1,
0,54,27,437271735863,1838095069,1,1,"(0.4862693250179291, 0.3398042619228363)","(0.49420785903930664, 0.297628790140152)",1,1,3.162567138671875,2.988739013671875,"(-70.50377655029297, -74.90570068359375, 738.6949462890625)","(-4.658388614654541, -73.66938781738281, 736.43798828125)","(-4.487460613250732, 138.4445037841797, 39.747894287109375)","(-1.7364674806594849, 146.16983032226562, 42.55970001220703)",POINT (0.4902385920286179 0.3187165260314941),,,,,,,,,,,,,,,,,,,,,,,,,,,,,,,,,,,,,,,,,,,,,1,
0,54,27,437271752532,1838111737,1,1,"(0.47941064834594727, 0.3250123858451843)","(0.5070250034332275, 0.34133654832839966)",1,1,3.1440887451171875,3.0358123779296875,"(-70.48945617675781, -75.04829406738281, 738.6963500976562)","(-4.65764045715332, -73.70921325683594, 736.4683227539062)","(-6.8642473220825195, 141.15396118164062, 40.73404312133789)","(2.705150842666626, 138.163818359375, 39.6457633972168)",POINT (0.4932178258895874 0.333174467086792),,,,,,,,,,,,,,,,,,,,,,,,,,,,,,,,,,,,,,,,,,,,,1,
0,54,27,437271769197,1838128402,1,1,"(0.49155840277671814, 0.35399654507637024)","(0.4984688460826874, 0.3109707236289978)",1,1,3.124542236328125,3.0083770751953125,"(-70.45478057861328, -75.16226196289062, 738.676025390625)","(-4.627620697021484, -73.78302001953125, 736.752685546875)","(-2.6545944213867188, 135.84487915039062, 38.801727294921875)","(-0.25986596941947937, 143.72596740722656, 41.67025375366211)",POINT (0.4950136244297028 0.332483634352684),,,,,,,,,,,,,,,,,,,,,,,,,,,,,,,,,,,,,,,,,,,,,1,
0,54,27,437271785864,1838145068,1,1,"(0.4892369508743286, 0.3644695281982422)","(0.4978610575199127, 0.30473777651786804)",1,1,3.1225128173828125,3.0250244140625,"(-70.39257049560547, -75.26994323730469, 738.685302734375)","(-4.578606605529785, -73.842041015625, 736.902587890625)","(-3.459076404571533, 133.92654418945312, 38.10350036621094)","(-0.47050347924232483, 144.86767578125, 42.085750579833984)",POINT (0.4935490041971207 0.3346036523580551),,,,,,,,,,,,,,,,,,,,,,,,,,,,,,,,,,,,,,,,,,,,,1,
0,54,27,437271802531,1838161735,1,1,"(0.488391637802124, 0.3498426079750061)","(0.49805712699890137, 0.30232515931129456)",1,1,3.1622314453125,3.0023651123046875,"(-70.34136962890625, -75.39379119873047, 739.1624755859375)","(-4.516817092895508, -73.87991333007812, 736.9180297851562)","(-3.75199818611145, 136.60577392578125, 39.078643798828125)","(-0.40255481004714966, 145.30958557128906, 42.24660110473633)",POINT (0.4932243824005127 0.3260838836431503),,,,,,,,,,,,,,,,,,,,,,,,,,,,,,,,,,,,,,,,,,,,,1,
0,54,27,437271819199,1838178402,1,1,"(0.4885905385017395, 0.36442527174949646)","(0.49196726083755493, 0.2960056662559509)",1,1,3.1280975341796875,3.028060913085937,"(-70.28600311279297, -75.43812561035156, 739.2363891601562)","(-4.452188014984131, -73.88679504394531, 736.8591918945312)","(-3.683065414428711, 133.9346466064453, 38.10645294189453)","(-2.512913227081299, 146.46714782714844, 42.667930603027344)",POINT (0.4902788996696472 0.3302154690027237),,,,,,,,,,,,,,,,,,,,,,,,,,,,,,,,,,,,,,,,,,,,,1,
0,54,27,437271835871,1838195074,1,1,"(0.45439067482948303, 0.3730872571468353)","(0.4592275023460388, 0.3246138095855713)",1,1,3.1953277587890625,3.054656982421875,"(-70.1783218383789, -75.47279357910156, 739.1195068359375)","(-4.3950276374816895, -73.92442321777344, 737.0994873046875)","(-15.534577369689941, 132.3480224609375, 37.52893829345703)","(-13.85843276977539, 141.22694396972656, 40.76068878173828)",POINT (0.4568090885877609 0.3488505333662033),,,,,,,,,,,,,,,,,,,,,,,,,,,,,,,,,,,,,,,,,,,,,1,
0,54,27,437271852548,1838211750,1,1,"(0.4671860337257385, 0.38304609060287476)","(0.47262486815452576, 0.3271471858024597)",1,1,3.1654815673828125,3.022933959960937,"(-70.05010223388672, -75.47685241699219, 739.4555053710938)","(-4.239954948425293, -73.87344360351562, 737.1016235351562)","(-11.100507736206055, 130.5238494873047, 36.86499786376953)","(-9.215764999389648, 140.76292419433594, 40.59173583984375)",POINT (0.4699054509401321 0.3550966382026672),,,,,,,,,,,,,,,,,,,,,,,,,,,,,,,,,,,,,,,,,,,,,1,
0,54,27,437271869214,1838228416,1,1,"(0.47019320726394653, 0.34656843543052673)","(0.4733770191669464, 0.34437960386276245)",1,1,3.1662750244140625,3.0214385986328125,"(-69.8482666015625, -75.44927978515625, 739.5608520507812)","(-4.039773464202881, -73.854736328125, 737.2685546875)","(-10.058423042297363, 137.20550537109375, 39.296958923339844)","(-8.955114364624023, 137.6064453125, 39.44282913208008)",POINT (0.4717851132154465 0.3454740196466446),,,,,,,,,,,,,,,,,,,,,,,,,,,,,,,,,,,,,,,,,,,,,1,
0,54,27,437271885873,1838245074,1,1,"(0.46773865818977356, 0.34682655334472656)","(0.47351908683776855, 0.3376271426677704)",1,1,3.20428466796875,3.00787353515625,"(-69.61261749267578, -75.39317321777344, 739.6689453125)","(-3.7976508140563965, -73.83502197265625, 737.346435546875)","(-10.909006118774414, 137.15821838378906, 39.27974319458008)","(-8.905879020690918, 138.84327697753906, 39.893062591552734)",POINT (0.4706288725137711 0.3422268480062485),,,,,,,,,,,,,,,,,,,,,,,,,,,,,,,,,,,,,,,,,,,,,1,
0,54,27,437271902540,1838261741,1,1,"(0.4632418155670166, 0.33430981636047363)","(0.46541786193847656, 0.34192386269569397)",1,1,3.1776885986328125,2.9812164306640625,"(-69.33152770996094, -75.29576873779297, 739.6370849609375)","(-3.5076777935028076, -73.84465789794922, 737.4541015625)","(-12.467339515686035, 139.450927734375, 40.11422348022461)","(-11.713244438171387, 138.05624389648438, 39.60662078857422)",POINT (0.4643298387527466 0.3381168395280838),,,,,,,,,,,,,,,,,,,,,,,,,,,,,,,,,,,,,,,,,,,,,1,
0,54,27,437271919208,1838278408,1,1,"(0.45935410261154175, 0.3310326933860779)","(0.45611441135406494, 0.32995444536209106)",1,1,3.1433868408203125,2.987579345703125,"(-69.01535034179688, -75.17152404785156, 739.5986938476562)","(-3.177727699279785, -73.857177734375, 737.8621215820312)","(-13.814568519592285, 140.0511932373047, 40.33272933959961)","(-14.937243461608887, 140.2487030029297, 40.40460205078125)",POINT (0.4577342569828033 0.3304935693740845),,,,,,,,,,,,,,,,,,,,,,,,,,,,,,,,,,,,,,,,,,,,,1,
0,54,27,437271935875,1838295075,1,1,"(0.4555204212665558, 0.363754004240036)","(0.4653301537036896, 0.3291259706020355)",1,1,3.1551055908203125,2.964111328125,"(-68.6891860961914, -75.07752990722656, 739.7252197265625)","(-2.8687081336975098, -73.89073181152344, 737.8494873046875)","(-15.143084526062012, 134.0576171875, 38.15119171142578)","(-11.743657112121582, 140.40045166015625, 40.45986557006836)",POINT (0.4604252874851227 0.3464399874210358),,,,,,,,,,,,,,,,,,,,,,,,,,,,,,,,,,,,,,,,,,,,,1,
0,54,27,437271952542,1838311741,1,1,"(0.4606563150882721, 0.3476639986038208)","(0.4642188847064972, 0.3182643949985504)",1,1,3.1411285400390625,2.9287261962890625,"(-68.35808563232422, -74.94580078125, 739.6448364257812)","(-2.5224995613098145, -73.92790222167969, 737.8671264648438)","(-13.363309860229492, 137.00482177734375, 39.2238883972168)","(-12.128743171691895, 142.38999938964844, 41.18395233154297)",POINT (0.4624375998973846 0.3329641968011856),,,,,,,,,,,,,,,,,,,,,,,,,,,,,,,,,,,,,,,,,,,,,1,
0,54,27,437271969213,1838328412,1,1,"(0.4627721607685089, 0.36591699719429016)","(0.4524216055870056, 0.3138291537761688)",1,1,3.0975341796875,2.9307403564453125,"(-67.98074340820312, -74.83377838134766, 739.4127197265625)","(-2.1623659133911133, -74.04791259765625, 737.9893798828125)","(-12.630078315734863, 133.66139221191406, 38.00700759887695)","(-16.2169246673584, 143.202392578125, 41.479652404785156)",POINT (0.4575968831777573 0.3398730754852295),,,,,,,,,,,,,,,,,,,,,,,,,,,,,,,,,,,,,,,,,,,,,1,
0,54,27,437271985881,1838345079,1,1,"(0.44838234782218933, 0.33711546659469604)","(0.466005802154541, 0.31592029333114624)",1,1,3.117095947265625,2.9508819580078125,"(-67.67050170898438, -74.73912048339844, 739.7561645507812)","(-1.841282844543457, -74.05512237548828, 737.750732421875)","(-17.616676330566406, 138.93701171875, 39.92717742919922)","(-11.509507179260254, 142.81936645507812, 41.34023666381836)",POINT (0.4571940749883652 0.3265178799629211),,,,,,,,,,,,,,,,,,,,,,,,,,,,,,,,,,,,,,,,,,,,,1,
0,54,27,437272002548,1838361746,1,1,"(0.45979058742523193, 0.35761111974716187)","(0.44997647404670715, 0.29983019828796387)",1,1,3.0545196533203125,2.9084625244140625,"(-67.31229400634766, -74.62881469726562, 739.385986328125)","(-1.4718070030212402, -74.13897705078125, 738.0975341796875)","(-13.663296699523926, 135.1828155517578, 38.560726165771484)","(-17.06425666809082, 145.7666015625, 42.41294479370117)",POINT (0.4548835307359695 0.3287206590175629),,,,,,,,,,,,,,,,,,,,,,,,,,,,,,,,,,,,,,,,,,,,,1,
0,54,27,437272019216,1838378413,1,1,"(0.4592958092689514, 0.3711602985858917)","(0.4540252387523651, 0.31735628843307495)",1,1,3.056884765625,2.902816772460937,"(-67.00717163085938, -74.47666931152344, 739.2778930664062)","(-1.1737480163574219, -74.16249084472656, 737.9481201171875)","(-13.834765434265137, 132.70098876953125, 37.657440185546875)","(-15.661213874816895, 142.55633544921875, 41.244483947753906)",POINT (0.4566605240106583 0.3442582935094833),,,,,,,,,,,,,,,,,,,,,,,,,,,,,,,,,,,,,,,,,,,,,1,
0,54,27,437272035882,1838395079,1,1,"(0.45659518241882324, 0.3639148473739624)","(0.4581243693828583, 0.2983676493167877)",1,1,3.057723999023437,2.8988494873046875,"(-66.72722625732422, -74.42937469482422, 739.3828125)","(-0.9044358730316162, -74.31761169433594, 738.1290283203125)","(-14.770638465881348, 134.0281524658203, 38.14045715332031)","(-14.240710258483887, 146.0345001220703, 42.51042938232422)",POINT (0.4573597759008408 0.3311412483453751),,,,,,,,,,,,,,,,,,,,,,,,,,,,,,,,,,,,,,,,,,,,,1,
0,54,27,437272052550,1838411746,1,1,"(0.45369961857795715, 0.35258135199546814)","(0.46588778495788574, 0.3112804889678955)",1,1,3.028350830078125,2.8990020751953125,"(-66.45158386230469, -74.30583190917969, 739.32666015625)","(-0.6513837575912476, -74.33338928222656, 738.1143798828125)","(-15.774048805236816, 136.10409545898438, 38.89608383178711)","(-11.550405502319336, 143.6692352294922, 41.64958572387695)",POINT (0.4597937017679214 0.3319309204816818),,,,,,,,,,,,,,,,,,,,,,,,,,,,,,,,,,,,,,,,,,,,,1,
0,54,27,437272069217,1838428413,1,1,"(0.4547233581542969, 0.35834208130836487)","(0.46023479104042053, 0.3458915054798126)",1,1,3.066802978515625,2.903549194335937,"(-66.22737121582031, -74.23829650878906, 739.1754150390625)","(-0.42411568760871887, -74.35552978515625, 737.9495239257812)","(-15.419276237487793, 135.04891967773438, 38.51200866699219)","(-13.509387969970703, 137.32949829101562, 39.34209060668945)",POINT (0.4574790745973587 0.3521167933940888),,,,,,,,,,,,,,,,,,,,,,,,,,,,,,,,,,,,,,,,,,,,,1,
0,54,27,437272085883,1838445079,1,1,"(0.46302658319473267, 0.3683221936225891)","(0.45493370294570923, 0.3342137038707733)",1,1,3.065032958984375,2.932723999023437,"(-66.03419494628906, -74.175537109375, 739.1087646484375)","(-0.21229544281959534, -74.39954376220703, 737.934326171875)","(-12.541916847229004, 133.22084045410156, 37.84665298461914)","(-15.346390724182129, 139.46853637695312, 40.120601654052734)",POINT (0.458980143070221 0.3512679487466812),,,,,,,,,,,,,,,,,,,,,,,,,,,,,,,,,,,,,,,,,,,,,1,
0,54,27,437272102558,1838461753,1,1,"(0.4493609368801117, 0.37059757113456726)","(0.46326228976249695, 0.29047060012817383)",1,1,3.078353881835937,2.883651733398437,"(-65.92349243164062, -74.21649169921875, 739.775146484375)","(-0.06558336317539215, -74.52642822265625, 737.994384765625)","(-17.277559280395508, 132.8040313720703, 37.695003509521484)","(-12.460244178771973, 147.48101806640625, 43.036922454833984)",POINT (0.4563116133213043 0.3305340856313705),,,,,,,,,,,,,,,,,,,,,,,,,,,,,,,,,,,,,,,,,,,,,1,
0,54,27,437272119225,1838478420,1,1,"(0.42090556025505066, 0.34917810559272766)","(0.40845414996147156, 0.3017869293689728)",1,1,3.0489044189453125,2.8746337890625,"(-65.84022521972656, -74.1518325805664, 739.438232421875)","(-0.005342423915863037, -74.5920181274414, 738.3099365234375)","(-27.138391494750977, 136.72747802734375, 39.122962951660156)","(-31.453256607055664, 145.40817260742188, 42.28252029418945)",POINT (0.4146798551082611 0.3254825174808502),,,,,,,,,,,,,,,,,,,,,,,,,,,,,,,,,,,,,,,,,,,,,1,
0,54,27,437272135892,1838495086,1,1,"(0.4059114456176758, 0.3240276277065277)","(0.4029064178466797, 0.30245381593704224)",1,1,3.041488647460937,2.909164428710937,"(-65.78944396972656, -74.13741302490234, 739.5245361328125)","(0.04119650274515152, -74.61428833007812, 738.385009765625)","(-32.33440017700195, 141.33432006835938, 40.79973220825195)","(-33.3757438659668, 145.28604125976562, 42.23799133300781)",POINT (0.4044089317321777 0.313240721821785),,,,,,,,,,,,,,,,,,,,,,,,,,,,,,,,,,,,,,,,,,,,,1,
0,54,27,437272152559,1838511753,1,1,"(0.40729886293411255, 0.3136880695819855)","(0.41913875937461853, 0.29212695360183716)",1,1,3.0470123291015625,2.8920135498046875,"(-65.763916015625, -74.1272201538086, 739.7739868164062)","(0.056473784148693085, -74.60020446777344, 738.1895751953125)","(-31.85359764099121, 143.2282257080078, 41.489070892333984)","(-27.75065040588379, 147.1776123046875, 42.9265022277832)",POINT (0.4132188111543655 0.3029075115919113),,,,,,,,,,,,,,,,,,,,,,,,,,,,,,,,,,,,,,,,,,,,,1,
0,54,27,437272169225,1838528418,1,1,"(0.4062984585762024, 0.3534380793571472)","(0.41499558091163635, 0.30243560671806335)",1,1,3.014617919921875,2.877410888671875,"(-65.77862548828125, -74.14783477783203, 739.9246215820312)","(0.0476166307926178, -74.61851501464844, 738.3098754882812)","(-32.200294494628906, 135.9471893310547, 38.838932037353516)","(-29.186405181884766, 145.28936767578125, 42.239200592041016)",POINT (0.4106470197439194 0.3279368430376053),,,,,,,,,,,,,,,,,,,,,,,,,,,,,,,,,,,,,,,,,,,,,1,
0,54,27,437272185893,1838545086,1,1,"(0.41433629393577576, 0.3727668225765228)","(0.41923531889915466, 0.331992506980896)",1,1,3.006103515625,2.8767852783203125,"(-65.8299560546875, -74.13707733154297, 739.95947265625)","(0.015019293874502182, -74.66099548339844, 738.7760620117188)","(-29.41488265991211, 132.40672302246094, 37.55031204223633)","(-27.717178344726562, 139.87539672851562, 40.268699645996094)",POINT (0.4167858064174652 0.3523796647787094),,,,,,,,,,,,,,,,,,,,,,,,,,,,,,,,,,,,,,,,,,,,,,
0,54,27,437272202560,1838561752,1,1,"(0.4187575578689575, 0.36024725437164307)","(0.4331301152706146, 0.33271336555480957)",1,1,2.985382080078125,2.8988189697265625,"(-65.9651107788086, -74.21869659423828, 740.348876953125)","(-0.11961811780929565, -74.6779556274414, 738.9717407226562)","(-27.882761001586914, 134.69993591308594, 38.385009765625)","(-22.902128219604492, 139.7433624267578, 40.220619201660156)",POINT (0.4259438365697861 0.3464803099632263),,,,,,,,,,,,,,,,,,,,,,,,,,,,,,,,,,,,,,,,,,,,,,
0,54,27,437272219227,1838578419,1,1,"(0.40504688024520874, 0.35450080037117004)","(0.4076906740665436, 0.3096558153629303)",1,1,3.0123748779296875,2.8597564697265625,"(-66.06283569335938, -74.26298522949219, 740.392822265625)","(-0.2250204086303711, -74.664794921875, 738.8968505859375)","(-32.634002685546875, 135.75250244140625, 38.768150329589844)","(-31.71782112121582, 143.9668426513672, 41.75786209106445)",POINT (0.4063687771558762 0.3320783078670502),,,,,,,,,,,,,,,,,,,,,,,,,,,,,,,,,,,,,,,,,,,,,1,
0,54,27,437272235896,1838595087,1,1,"(0.42200741171836853, 0.3662339150905609)","(0.42598140239715576, 0.32159313559532166)",1,1,3.014877319335937,2.8443756103515625,"(-66.24848175048828, -74.34451293945312, 740.5233154296875)","(-0.41520044207572937, -74.6468734741211, 738.6710205078125)","(-26.756567001342773, 133.60336303710938, 37.98584747314453)","(-25.37942886352539, 141.7802734375, 40.96201705932617)",POINT (0.4239944070577622 0.3439135253429413),,,,,,,,,,,,,,,,,,,,,,,,,,,,,,,,,,,,,,,,,,,,,1,
0,54,27,437272252562,1838611753,1,1,"(0.4097929894924164, 0.34208518266677856)","(0.4219347834587097, 0.3244055211544037)",1,1,2.9828338623046875,2.86004638671875,"(-66.43413543701172, -74.49636840820312, 740.7937622070312)","(-0.5766588449478149, -74.75142669677734, 739.7403564453125)","(-30.989303588867188, 138.02670288085938, 39.59585189819336)","(-26.781734466552734, 141.26510620117188, 40.77450942993164)",POINT (0.415863886475563 0.3332453519105911),,,,,,,,,,,,,,,,,,,,,,,,,,,,,,,,,,,,,,,,,,,,,1,
0,54,27,437272269231,1838628421,1,1,"(0.40514296293258667, 0.3938472867012024)","(0.41993749141693115, 0.3103083670139313)",1,1,2.9766082763671875,2.8706817626953125,"(-66.6233901977539, -74.6380615234375, 741.0794067382812)","(-0.7809911370277405, -74.7984848022461, 739.6343994140625)","(-32.6007080078125, 128.5453643798828, 36.14491653442383)","(-27.473859786987305, 143.84730529785156, 41.71438980102539)",POINT (0.4125402271747589 0.3520778268575668),,,,,,,,,,,,,,,,,,,,,,,,,,,,,,,,,,,,,,,,,,,,,,
0,54,27,437272285896,1838645086,1,1,"(0.4119453430175781, 0.34792831540107727)","(0.4268437922000885, 0.2913115620613098)",1,1,3.0078277587890625,2.859344482421875,"(-66.79930114746094, -74.78024291992188, 740.9216918945312)","(-0.9839315414428711, -74.88957214355469, 739.6947021484375)","(-30.243432998657227, 136.95640563964844, 39.20630645751953)","(-25.080575942993164, 147.32696533203125, 42.98088073730469)",POINT (0.4193945676088333 0.3196199387311935),,,,,,,,,,,,,,,,,,,,,,,,,,,,,,,,,,,,,,,,,,,,,1,
0,54,27,437272302571,1838661761,1,1,"(0.4153065085411072, 0.3500933051109314)","(0.4289519488811493, 0.31854262948036194)",1,1,3.044097900390625,2.871002197265625,"(-67.01329040527344, -74.949951171875, 741.2589111328125)","(-1.1727879047393799, -74.91270446777344, 739.151611328125)","(-29.078662872314453, 136.5598602294922, 39.06189727783203)","(-24.35002899169922, 142.33901977539062, 41.165382385253906)",POINT (0.4221292287111282 0.3343179672956467),,,,,,,,,,,,,,,,,,,,,,,,,,,,,,,,,,,,,,,,,,,,,1,
0,54,27,437272319231,1838678420,1,1,"(0.41670775413513184, 0.3595865070819855)","(0.41670769453048706, 0.324172705411911)",1,1,3.0249481201171875,2.85919189453125,"(-67.21410369873047, -75.14311218261719, 741.8255615234375)","(-1.335418462753296, -75.0106201171875, 739.9807739257812)","(-28.593074798583984, 134.8209686279297, 38.42901611328125)","(-28.59311866760254, 141.30775451660156, 40.790042877197266)",POINT (0.4167077243328094 0.3418796062469482),,,,,,,,,,,,,,,,,,,,,,,,,,,,,,,,,,,,,,,,,,,,,1,
0,54,27,437272335899,1838695087,1,1,"(0.42096975445747375, 0.3838788568973541)","(0.41897639632225037, 0.34027355909347534)",1,1,3.000106811523437,2.8894500732421875,"(-67.34227752685547, -75.24526977539062, 741.5172729492188)","(-1.5088868141174316, -75.10693359375, 740.0555419921875)","(-27.116151809692383, 130.3712921142578, 36.809513092041016)","(-27.806921005249023, 138.35855102539062, 39.71662521362305)",POINT (0.4199730753898621 0.3620762079954147),,,,,,,,,,,,,,,,,,,,,,,,,,,,,,,,,,,,,,,,,,,,,,
0,54,27,437272352566,1838711754,1,1,"(0.41900718212127686, 0.3593599200248718)","(0.4140626788139343, 0.29330015182495117)",1,1,3.044769287109375,2.8727264404296875,"(-67.49420166015625, -75.41677856445312, 742.1387939453125)","(-1.6185307502746582, -75.18262481689453, 739.7987060546875)","(-27.796241760253906, 134.86245727539062, 38.44416046142578)","(-29.50970458984375, 146.9627227783203, 42.84833526611328)",POINT (0.4165349304676056 0.3263300359249115),,,,,,,,,,,,,,,,,,,,,,,,,,,,,,,,,,,,,,,,,,,,,1,
0,54,27,437272369240,1838728427,1,1,"(0.4645423889160156, 0.39150965213775635)","(0.4551459848880768, 0.3043908178806305)",1,1,3.051864624023437,2.854095458984375,"(-67.494140625, -75.50642395019531, 742.198486328125)","(-1.626164436340332, -75.22238159179688, 739.7535400390625)","(-12.016634941101074, 128.9735565185547, 36.300785064697266)","(-15.27282428741455, 144.93124389648438, 42.108863830566406)",POINT (0.4598441869020462 0.3479502350091934),,,,,,,,,,,,,,,,,,,,,,,,,,,,,,,,,,,,,,,,,,,,,1,
0,54,27,437272385907,1838745094,1,1,"(0.46667757630348206, 0.37436872720718384)","(0.47481244802474976, 0.32793039083480835)",1,1,3.024932861328125,2.862411499023437,"(-67.54489135742188, -75.60369873046875, 742.4961547851562)","(-1.6833391189575195, -75.28565979003906, 739.9495849609375)","(-11.276717185974121, 132.11329650878906, 37.443538665771484)","(-8.457679748535156, 140.61944580078125, 40.539527893066406)",POINT (0.4707450121641159 0.3511495590209961),,,,,,,,,,,,,,,,,,,,,,,,,,,,,,,,,,,,,,,,,,,,,1,
0,54,27,437272402575,1838761761,1,1,"(0.4680136442184448, 0.3680502474308014)","(0.4690893888473511, 0.29943832755088806)",1,1,3.046844482421875,2.8807830810546875,"(-67.55323791503906, -75.68109893798828, 742.5606689453125)","(-1.6937675476074219, -75.4024658203125, 740.4176025390625)","(-10.813720703125, 133.27064514160156, 37.86478042602539)","(-10.440932273864746, 145.83837890625, 42.4390754699707)",POINT (0.468551516532898 0.3337442874908447),,,,,,,,,,,,,,,,,,,,,,,,,,,,,,,,,,,,,,,,,,,,,1,
0,54,27,437272419241,1838778427,1,1,"(0.4743354916572571, 0.38620880246162415)","(0.4664132595062256, 0.29329562187194824)",1,1,3.124420166015625,2.88104248046875,"(-67.5262680053711, -75.71796417236328, 742.5506591796875)","(-1.648324728012085, -75.47017669677734, 740.2216796875)","(-8.622969627380371, 129.9445343017578, 36.65415573120117)","(-11.368300437927246, 146.9635467529297, 42.84859085083008)",POINT (0.4703743755817413 0.3397522121667862),,,,,,,,,,,,,,,,,,,,,,,,,,,,,,,,,,,,,,,,,,,,,1,
0,54,27,437272435908,1838795094,1,1,"(0.46478599309921265, 0.37700673937797546)","(0.45132094621658325, 0.2899247705936432)",1,1,3.048614501953125,2.911956787109375,"(-67.4321517944336, -75.74798583984375, 742.3203125)","(-1.5608912706375122, -75.54803466796875, 740.6302490234375)","(-11.93221664428711, 131.6300811767578, 37.267642974853516)","(-16.598346710205078, 147.58099365234375, 43.073326110839844)",POINT (0.458053469657898 0.3334657549858093),,,,,,,,,,,,,,,,,,,,,,,,,,,,,,,,,,,,,,,,,,,,,1,
0,54,27,437272452576,1838811761,1,1,"(0.4539950489997864, 0.3634280264377594)","(0.47551634907722473, 0.3077390491962433)",1,1,3.055145263671875,2.878936767578125,"(-67.32421875, -75.80352020263672, 742.5586547851562)","(-1.497996211051941, -75.57931518554688, 740.4788818359375)","(-15.671674728393555, 134.11729431152344, 38.17295455932617)","(-8.213751792907715, 144.3179168701172, 41.88567352294922)",POINT (0.4647556990385056 0.3355835378170013),,,,,,,,,,,,,,,,,,,,,,,,,,,,,,,,,,,,,,,,,,,,,1,
0,54,27,437272469243,1838828427,1,1,"(0.47674480080604553, 0.3985336124897003)","(0.4610520899295807, 0.3174249231815338)",1,1,3.0155029296875,2.867904663085937,"(-67.20375061035156, -75.80653381347656, 742.3977661132812)","(-1.3468300104141235, -75.67310333251953, 740.6304931640625)","(-7.788045883178711, 127.68698120117188, 35.832462310791016)","(-13.2261381149292, 142.5437774658203, 41.239871978759766)",POINT (0.4688984453678131 0.3579792678356171),,,,,,,,,,,,,,,,,,,,,,,,,,,,,,,,,,,,,,,,,,,,,1,
0,54,27,437272485910,1838845094,1,1,"(0.4526052474975586, 0.37310120463371277)","(0.4707725942134857, 0.2689087688922882)",1,1,3.058258056640625,2.901336669921875,"(-67.08100891113281, -75.83700561523438, 742.7486572265625)","(-1.227909803390503, -75.75526428222656, 740.8883056640625)","(-16.153287887573242, 132.34547424316406, 37.52802658081055)","(-9.857640266418457, 151.43051147460938, 44.474430084228516)",POINT (0.4616889208555222 0.3210049867630005),,,,,,,,,,,,,,,,,,,,,,,,,,,,,,,,,,,,,,,,,,,,,1,
0,54,27,437272502578,1838861761,1,1,"(0.4712138772010803, 0.3780462145805359)","(0.4619491994380951, 0.2879343330860138)",1,1,3.031356811523437,2.9478759765625,"(-66.92030334472656, -75.80191802978516, 742.548828125)","(-1.0561792850494385, -75.791015625, 740.7827758789062)","(-9.70472240447998, 131.43968200683594, 37.19837188720703)","(-12.915268898010254, 147.94558715820312, 43.20600891113281)",POINT (0.4665815383195877 0.3329902738332748),,,,,,,,,,,,,,,,,,,,,,,,,,,,,,,,,,,,,,,,,,,,,1,
0,54,27,437272519245,1838878428,1,1,"(0.4622214138507843, 0.367394357919693)","(0.4648938477039337, 0.2890416085720062)",1,1,3.095184326171875,2.8921356201171875,"(-66.78367614746094, -75.78549194335938, 742.6397705078125)","(-0.9143966436386108, -75.7940444946289, 740.9490966796875)","(-12.820938110351562, 133.3907928466797, 37.908512115478516)","(-11.894843101501465, 147.74276733398438, 43.13217544555664)",POINT (0.463557630777359 0.3282179832458496),,,,,,,,,,,,,,,,,,,,,,,,,,,,,,,,,,,,,,,,,,,,,1,
0,54,27,437272535912,1838895094,1,1,"(0.4499940574169159, 0.3440040349960327)","(0.474319189786911, 0.27202627062797546)",1,1,3.102203369140625,2.920654296875,"(-66.63619995117188, -75.73031616210938, 742.6568603515625)","(-0.7902572154998779, -75.7982177734375, 740.8436279296875)","(-17.058168411254883, 137.6752471923828, 39.4678955078125)","(-8.628621101379395, 150.85948181152344, 44.266605377197266)",POINT (0.4621566236019134 0.3080151528120041),,,,,,,,,,,,,,,,,,,,,,,,,,,,,,,,,,,,,,,,,,,,,1,
0,54,27,437272552579,1838911761,1,1,"(0.4581166207790375, 0.3776533603668213)","(0.46185168623924255, 0.3009084165096283)",1,1,3.0972900390625,2.9441680908203125,"(-66.4927978515625, -75.64189910888672, 742.5159912109375)","(-0.6140653491020203, -75.77787780761719, 740.9195556640625)","(-14.243400573730469, 131.51162719726562, 37.22454833984375)","(-12.94905948638916, 145.56910705566406, 42.341041564941406)",POINT (0.45998415350914 0.3392808884382248),,,,,,,,,,,,,,,,,,,,,,,,,,,,,,,,,,,,,,,,,,,,,1,
0,54,27,437272569246,1838928427,1,1,"(0.4585484266281128, 0.355922132730484)","(0.4670010507106781, 0.3186209499835968)",1,1,3.07623291015625,2.9445037841796875,"(-66.3639907836914, -75.55420684814453, 742.8017578125)","(-0.4948582947254181, -75.68826293945312, 740.9195556640625)","(-14.093745231628418, 135.49217224121094, 38.67334747314453)","(-11.164623260498047, 142.32469177246094, 41.16020202636719)",POINT (0.4627747386693954 0.3372715413570404),,,,,,,,,,,,,,,,,,,,,,,,,,,,,,,,,,,,,,,,,,,,,1,
0,54,27,437272585913,1838945094,1,1,"(0.4580577313899994, 0.341525673866272)","(0.456750750541687, 0.3245446979999542)",1,1,3.0858917236328125,2.916595458984375,"(-66.2138900756836, -75.45795440673828, 742.5402221679688)","(-0.3357570767402649, -75.59880065917969, 740.9951782226562)","(-14.263815879821777, 138.1291961669922, 39.63313293457031)","(-14.716721534729004, 141.23963928222656, 40.765220642089844)",POINT (0.4574042409658432 0.3330351859331131),,,,,,,,,,,,,,,,,,,,,,,,,,,,,,,,,,,,,,,,,,,,,1,
0,54,27,437272602581,1838961761,1,1,"(0.45735299587249756, 0.3749716281890869)","(0.47871577739715576, 0.3024800419807434)",1,1,3.048324584960937,2.9170379638671875,"(-66.12339782714844, -75.43174743652344, 743.0370483398438)","(-0.24920280277729034, -75.61436462402344, 741.3888549804688)","(-14.508028030395508, 132.0028533935547, 37.40334701538086)","(-7.105039596557617, 145.28121948242188, 42.23629379272461)",POINT (0.4680343866348267 0.3387258350849152),,,,,,,,,,,,,,,,,,,,,,,,,,,,,,,,,,,,,,,,,,,,,1,
0,54,27,437272619247,1838978427,1,1,"(0.4427795112133026, 0.3854120075702667)","(0.431379497051239, 0.2808009684085846)",1,1,3.000473022460937,2.908065795898437,"(-66.0120849609375, -75.37557983398438, 742.7493896484375)","(-0.10883800685405731, -75.60993957519531, 741.358642578125)","(-19.558279037475586, 130.09048461914062, 36.70728302001953)","(-23.50878143310547, 149.25221252441406, 43.68161392211914)",POINT (0.4370795041322708 0.3331064879894257),,,,,,,,,,,,,,,,,,,,,,,,,,,,,,,,,,,,,,,,,,,,,1,
0,54,27,437272635925,1838995104,1,1,"(0.44255924224853516, 0.38051316142082214)","(0.46056056022644043, 0.3316402733325958)",1,1,3.00115966796875,2.90576171875,"(-65.90968322753906, -75.40098571777344, 742.9566650390625)","(-0.05749358609318733, -75.58062744140625, 740.934326171875)","(-19.634593963623047, 130.98779296875, 37.033897399902344)","(-13.396488189697266, 139.93991088867188, 40.292179107666016)",POINT (0.4515599012374878 0.356076717376709),,,,,,,,,,,,,,,,,,,,,,,,,,,,,,,,,,,,,,,,,,,,,1,
0,54,27,437272652592,1839011771,1,1,"(0.44430920481681824, 0.3697682321071625)","(0.4597436785697937, 0.2797427773475647)",1,1,3.0648956298828125,2.9437713623046875,"(-65.81790924072266, -75.44496154785156, 742.945556640625)","(0.061580345034599304, -75.698974609375, 741.3128662109375)","(-19.028169631958008, 132.95596313476562, 37.75025177001953)","(-13.679564476013184, 149.446044921875, 43.75214385986328)",POINT (0.452026441693306 0.3247555047273636),,,,,,,,,,,,,,,,,,,,,,,,,,,,,,,,,,,,,,,,,,,,,1,
0,54,27,437272669259,1839028437,1,1,"(0.45643627643585205, 0.3953416645526886)","(0.44082319736480713, 0.24489261209964752)",1,1,2.98370361328125,2.8965606689453125,"(-65.70606231689453, -75.46194458007812, 742.64306640625)","(0.16366377472877502, -75.80989837646484, 740.9647827148438)","(-14.825703620910645, 128.27163696289062, 36.0452880859375)","(-20.236196517944336, 155.82960510253906, 46.0755615234375)",POINT (0.4486297369003296 0.3201171383261681),,,,,,,,,,,,,,,,,,,,,,,,,,,,,,,,,,,,,,,,,,,,,1,
0,54,27,437272685926,1839045104,1,1,"(0.4333549439907074, 0.4077852666378021)","(0.4665042459964752, 0.34669968485832214)",1,1,2.991073608398437,2.9467926025390625,"(-65.6519775390625, -75.53538513183594, 742.9794921875)","(0.20813411474227905, -75.85017395019531, 741.0400390625)","(-22.82422637939453, 125.99234771728516, 35.215660095214844)","(-11.336774826049805, 137.18145751953125, 39.28818893432617)",POINT (0.4499295949935913 0.3772424757480621),,,,,,,,,,,,,,,,,,,,,,,,,,,,,,,,,,,,,,,,,,,,,,
0,54,27,437273019281,1839378449,1,1,"(0.5422168970108032, 0.5558823943138123)","(0.468890517950058, 0.3004891276359558)",1,1,2.64691162109375,2.8794708251953125,"(-66.33428955078125, -76.38418579101562, 743.291259765625)","(-0.3821455240249634, -77.14772033691406, 742.1636962890625)","(14.900437355041504, 98.86518859863281, 25.342227935791016)","(-10.509855270385742, 145.64590454101562, 42.36901092529297)",POINT (0.5055537074804306 0.428185760974884),,,,,,,,,,,,,,,,,,,,,,,,,,,,,,,,,,,,,,,,,,,,,,
0,54,27,437273035950,1839395117,1,1,"(0.45407789945602417, 0.47500333189964294)","(0.46748948097229004, 0.25404492020606995)",1,1,2.90234375,2.8349761962890625,"(-66.55241394042969, -76.44587707519531, 743.5111083984375)","(-0.5988344550132751, -77.10801696777344, 741.6934814453125)","(-15.642962455749512, 113.67991638183594, 30.73434829711914)","(-10.995342254638672, 154.15316772460938, 45.465370178222656)",POINT (0.4607836902141571 0.3645241260528564),,,,,,,,,,,,,,,,,,,,,,,,,,,,,,,,,,,,,,,,,,,,,,
0,54,27,437273052616,1839411783,1,1,"(0.454461008310318, 0.47355616092681885)","(0.4943080246448517, 0.2978554964065552)",1,1,2.9242095947265625,2.9520263671875,"(-66.7686538696289, -76.4952621459961, 743.7310791015625)","(-0.8115925788879395, -77.10157775878906, 741.72314453125)","(-15.510199546813965, 113.94500732421875, 30.830791473388672)","(-1.7017415761947632, 146.12831115722656, 42.54457092285156)",POINT (0.4743845164775848 0.385705828666687),,,,,,,,,,,,,,,,,,,,,,,,,,,,,,,,,,,,,,,,,,,,,,
0,54,27,437273069283,1839428449,1,1,"(0.4502291679382324, 0.4595620036125183)","(0.4897667169570923, 0.2869832217693329)",1,1,2.9892120361328125,2.9322509765625,"(-66.93577575683594, -76.53026580810547, 743.5885009765625)","(-1.0100069046020508, -77.10647583007812, 741.8446044921875)","(-16.976686477661133, 116.50833892822266, 31.763751983642578)","(-3.275481700897217, 148.1197967529297, 43.26945877075195)",POINT (0.4699979424476624 0.3732726126909256),,,,,,,,,,,,,,,,,,,,,,,,,,,,,,,,,,,,,,,,,,,,,,
0,54,27,437273085950,1839445116,1,1,"(0.45610255002975464, 0.4219891130924225)","(0.4782337248325348, 0.2892812490463257)",1,1,2.9390411376953125,2.93377685546875,"(-67.12372589111328, -76.53469848632812, 743.395751953125)","(-1.2085871696472168, -77.12765502929688, 742.208251953125)","(-14.941359519958496, 123.3906021118164, 34.26872253417969)","(-7.272091865539551, 147.69888305664062, 43.11620330810547)",POINT (0.4671681374311447 0.3556351810693741),,,,,,,,,,,,,,,,,,,,,,,,,,,,,,,,,,,,,,,,,,,,,1,
0,54,27,437273102618,1839461783,1,1,"(0.48156166076660156, 0.3731248676776886)","(0.4823093116283417, 0.2399526983499527)",1,1,3.0546875,2.9690093994140625,"(-67.32820129394531, -76.60391235351562, 743.5540771484375)","(-1.4048770666122437, -77.16598510742188, 742.51123046875)","(-6.118834495544434, 132.3411407470703, 37.526432037353516)","(-5.859738826751709, 156.7344512939453, 46.4048957824707)",POINT (0.4819354861974716 0.3065387830138206),,,,,,,,,,,,,,,,,,,,,,,,,,,,,,,,,,,,,,,,,,,,,1,
0,54,27,437273119284,1839478449,1,1,"(0.4588939845561981, 0.4219249188899994)","(0.4813248813152313, 0.2237272560596466)",1,1,3.008331298828125,2.961944580078125,"(-67.52466583251953, -76.66253662109375, 743.9788818359375)","(-1.578054666519165, -77.12692260742188, 742.3284301757812)","(-13.974007606506348, 123.40235137939453, 34.27306365966797)","(-6.200886249542236, 159.70648193359375, 47.48663330078125)",POINT (0.4701094329357147 0.322826087474823),,,,,,,,,,,,,,,,,,,,,,,,,,,,,,,,,,,,,,,,,,,,,1,
0,54,27,437273135952,1839495116,1,1,"(0.4638426601886749, 0.41897374391555786)","(0.4777502715587616, 0.22160843014717102)",1,1,2.990463256835937,2.966781616210937,"(-67.6738510131836, -76.68043518066406, 743.6380615234375)","(-1.7450743913650513, -77.10420989990234, 742.10009765625)","(-12.259114265441895, 123.94293975830078, 34.46974182128906)","(-7.439621448516846, 160.09457397460938, 47.627925872802734)",POINT (0.4707964658737183 0.3202910870313644),,,,,,,,,,,,,,,,,,,,,,,,,,,,,,,,,,,,,,,,,,,,,1,
0,54,27,437273152625,1839511789,1,1,"(0.46947959065437317, 0.4163552522659302)","(0.48359212279319763, 0.2630002498626709)",1,1,3.011505126953125,2.9723052978515625,"(-67.87133026123047, -76.73753356933594, 744.0631103515625)","(-1.9120880365371704, -77.09721374511719, 742.4486083984375)","(-10.30571460723877, 124.42256164550781, 34.64434814453125)","(-5.415192127227783, 152.51280212402344, 44.86830139160156)",POINT (0.4765358567237854 0.3396777510643005),,,,,,,,,,,,,,,,,,,,,,,,,,,,,,,,,,,,,,,,,,,,,1,
0,54,27,437273169293,1839528456,1,1,"(0.4551534652709961, 0.38311198353767395)","(0.47806766629219055, 0.25376152992248535)",1,1,3.039947509765625,2.9841461181640625,"(-67.99858093261719, -76.75311279296875, 744.0684814453125)","(-2.043813943862915, -77.06121826171875, 742.4176025390625)","(-15.270237922668457, 130.51177978515625, 36.86063003540039)","(-7.329632759094238, 154.20506286621094, 45.48427963256836)",POINT (0.4666105657815933 0.3184367567300796),,,,,,,,,,,,,,,,,,,,,,,,,,,,,,,,,,,,,,,,,,,,,1,
0,54,27,437273185960,1839545123,1,1,"(0.46825581789016724, 0.35095512866973877)","(0.4783993065357208, 0.3234041929244995)",1,1,3.105819702148437,3.0475311279296875,"(-68.12483215332031, -76.73432159423828, 744.0423583984375)","(-2.1654446125030518, -77.00944519042969, 742.5841064453125)","(-10.72979736328125, 136.40199279785156, 39.004493713378906)","(-7.214714050292969, 141.4485321044922, 40.841278076171875)",POINT (0.473327562212944 0.3371796607971191),,,,,,,,,,,,,,,,,,,,,,,,,,,,,,,,,,,,,,,,,,,,,1,
0,54,27,437273202628,1839561790,1,1,"(0.4640706479549408, 0.37317079305648804)","(0.4757827818393707, 0.27869442105293274)",1,1,3.1747589111328125,3.0244140625,"(-68.21981811523438, -76.70149230957031, 744.0198974609375)","(-2.2717747688293457, -76.9456787109375, 742.2490234375)","(-12.180112838745117, 132.3327178955078, 37.523380279541016)","(-8.121429443359375, 149.6380615234375, 43.822025299072266)",POINT (0.4699267148971558 0.3259326070547104),,,,,,,,,,,,,,,,,,,,,,,,,,,,,,,,,,,,,,,,,,,,,1,
0,54,27,437273219294,1839578456,1,1,"(0.4926773011684418, 0.3343818485736847)","(0.49911999702453613, 0.28549832105636597)",1,1,3.2164764404296875,3.0279998779296875,"(-68.23116302490234, -76.636962890625, 744.1131591796875)","(-2.2858693599700928, -76.89929962158203, 742.234130859375)","(-2.2668604850769043, 139.437744140625, 40.109397888183594)","(-0.03423003852367401, 148.3917999267578, 43.368404388427734)",POINT (0.495898649096489 0.3099400848150253),,,,,,,,,,,,,,,,,,,,,,,,,,,,,,,,,,,,,,,,,,,,,1,
0,54,27,437273235962,1839595123,1,1,"(0.6191117167472839, 0.3434118926525116)","(0.6430631875991821, 0.2521834671497345)",1,1,3.0343017578125,3.028045654296875,"(-67.88397216796875, -76.44296264648438, 744.3238525390625)","(-2.0506081581115723, -76.740966796875, 742.8887939453125)","(41.547298431396484, 137.78369140625, 39.507408142089844)","(49.84736251831055, 154.49411010742188, 45.58949279785156)",POINT (0.631087452173233 0.297797679901123),,,,,,,,,,,,,,,,,,,,,,,,,,,,,,,,,,,,,,,,,,,,,1,
0,54,27,437273252629,1839611790,1,1,"(0.7038808465003967, 0.38256603479385376)","(0.7202308177947998, 0.15031403303146362)",1,1,3.0646209716796875,3.00640869140625,"(-67.64855194091797, -76.26454162597656, 744.3114013671875)","(-1.9137017726898193, -76.61030578613281, 743.300048828125)","(70.92289733886719, 130.61178588867188, 36.89699935913086)","(76.58876037597656, 173.1536865234375, 52.38097381591797)",POINT (0.7120558321475983 0.2664400339126587),,,,,,,,,,,,,,,,,,,,,,,,,,,,,,,,,,,,,,,,,,,,1,1,
0,54,27,437273285965,1839645125,1,1,"(0.6922648549079895, 0.4055801331996918)","(0.6964965462684631, 0.23272523283958435)",1,1,3.181304931640625,2.9460906982421875,"(-67.78880310058594, -76.24624633789062, 744.451416015625)","(-1.9295058250427246, -76.51542663574219, 743.26953125)","(66.89753723144531, 126.3962631225586, 35.36265563964844)","(68.36396789550781, 158.05831909179688, 46.88673400878906)",POINT (0.6943807005882263 0.3191526830196381),,,,,,,,,,,,,,,,,,,,,,,,,,,,,,,,,,,,,,,,,,,,,1,
0,54,27,437273302631,1839661791,1,1,"(0.6948755383491516, 0.35733672976493835)","(0.6972072720527649, 0.17663075029850006)",1,1,3.187850952148437,2.9510955810546875,"(-67.84733581542969, -76.26104736328125, 744.6871948242188)","(-1.940401315689087, -76.49922180175781, 743.14794921875)","(67.80221557617188, 135.23304748535156, 38.579044342041016)","(68.61026763916016, 168.3332061767578, 50.626502990722656)",POINT (0.6960414052009583 0.2669837400317192),,,,,,,,,,,,,,,,,,,,,,,,,,,,,,,,,,,,,,,,,,,,1,1,
0,54,27,437273319299,1839678458,1,1,"(0.6903793811798096, 0.3376435935497284)","(0.6977638602256775, 0.13428698480129242)",1,1,3.1562957763671875,2.958236694335937,"(-67.87129974365234, -76.261474609375, 744.6201171875)","(-1.9556505680084229, -76.47688293457031, 742.9647216796875)","(66.244140625, 138.8402862548828, 39.89193344116211)","(68.80314636230469, 176.08938598632812, 53.449485778808594)",POINT (0.6940716207027435 0.2359652891755104),,,,,,,,,,,,,,,,,,,,,,,,,,,,,,,,,,,,,,,,,,,,,1,
0,54,27,437273335966,1839695124,1,1,"(0.6915432214736938, 0.2985690236091614)","(0.6994357705116272, 0.1758718192577362)",1,1,3.15911865234375,2.931854248046875,"(-67.87515258789062, -76.2507095336914, 744.4491577148438)","(-1.9727861881256104, -76.46389770507812, 742.8736572265625)","(66.64746856689453, 145.99761962890625, 42.497005462646484)","(69.38253021240234, 168.47222900390625, 50.67708969116211)",POINT (0.6954894959926605 0.2372204214334488),,,,,,,,,,,,,,,,,,,,,,,,,,,,,,,,,,,,,,,,,,,,,1,
0,54,27,437273352633,1839711791,1,1,"(0.7003679275512695, 0.22193093597888947)","(0.6954584121704102, 0.158701092004776)",1,1,3.1720428466796875,2.884857177734375,"(-67.8753433227539, -76.26775360107422, 744.3873291015625)","(-1.970672369003296, -76.45378112792969, 742.7215576171875)","(69.7055435180664, 160.03550720214844, 47.606414794921875)","(68.00421142578125, 171.61740112304688, 51.821861267089844)",POINT (0.6979131698608398 0.1903160139918327),,,,,,,,,,,,,,,,,,,,,,,,,,,,,,,,,,,,,,,,,,,,1,,
0,54,27,437273369301,1839728458,1,1,"(0.6922622919082642, 0.25324690341949463)","(0.7000572085380554, 0.1646483689546585)",1,1,3.186630249023437,2.8937530517578125,"(-67.86979675292969, -76.26161193847656, 744.2943725585938)","(-1.9681203365325928, -76.4530258178711, 742.7823486328125)","(66.89662170410156, 154.29934692382812, 45.51856994628906)","(69.59786987304688, 170.52804565429688, 51.42536163330078)",POINT (0.6961597502231598 0.2089476361870766),,,,,,,,,,,,,,,,,,,,,,,,,,,,,,,,,,,,,,,,,,,,,,
0,54,27,437273385967,1839745124,1,1,"(0.6974244713783264, 0.2711199223995209)","(0.7064248323440552, 0.17213916778564453)",1,1,3.149642944335937,2.9034576416015625,"(-67.85800170898438, -76.28146362304688, 744.2813720703125)","(-1.9514994621276855, -76.45991516113281, 742.8282470703125)","(68.6855239868164, 151.02549743652344, 44.327022552490234)","(71.80448150634766, 169.15594482421875, 50.92593002319336)",POINT (0.7019246518611908 0.2216295450925827),,,,,,,,,,,,,,,,,,,,,,,,,,,,,,,,,,,,,,,,,,,,,1,
0,54,27,437273402634,1839761791,1,1,"(0.7042313814163208, 0.2176954448223114)","(0.70579993724823, 0.14017698168754578)",1,1,3.1327667236328125,2.90185546875,"(-67.84832000732422, -76.27155303955078, 744.1904296875)","(-1.9487920999526978, -76.4593505859375, 742.8585205078125)","(71.04436492919922, 160.8113250732422, 47.888790130615234)","(71.58793640136719, 175.010498046875, 53.05683517456055)",POINT (0.7050156593322754 0.1789362132549286),,,,,,,,,,,,,,,,,,,,,,,,,,,,,,,,,,,,,,,,,,,,1,,
0,54,27,437273419307,1839778463,1,1,"(0.6706514358520508, 0.28927239775657654)","(0.6778170466423035, 0.1614348441362381)",1,1,3.0802459716796875,2.915679931640625,"(-67.86270141601562, -76.26921081542969, 743.8634033203125)","(-2.009929656982422, -76.43988037109375, 742.599609375)","(59.407676696777344, 147.70046997070312, 43.116859436035156)","(61.890838623046875, 171.1166534423828, 51.63960266113281)",POINT (0.6742342412471771 0.2253536209464073),,,,,,,,,,,,,,,,,,,,,,,,,,,,,,,,,,,,,,,,,,,,,1,
0,54,27,437273435974,1839795129,1,1,"(0.6810576915740967, 0.21302039921283722)","(0.680413544178009, 0.09650231897830963)",1,1,3.05194091796875,2.83819580078125,"(-67.84870910644531, -76.26292419433594, 743.803466796875)","(-1.981884479522705, -76.43221282958984, 742.5693969726562)","(63.01383972167969, 161.6676788330078, 48.20044708251953)","(62.79060363769531, 183.01043701171875, 55.968589782714844)",POINT (0.6807356178760529 0.1547613590955734),,,,,,,,,,,,,,,,,,,,,,,,,,,,,,,,,,,,,,,,,,,,1,,
0,54,27,437273452641,1839811796,1,1,"(0.6737423539161682, 0.2274550199508667)","(0.6896578669548035, 0.13214221596717834)",1,1,3.074798583984375,2.885406494140625,"(-67.82757568359375, -76.28125762939453, 743.8082275390625)","(-1.9497953653335571, -76.45584106445312, 742.7369384765625)","(60.478790283203125, 159.02365112304688, 47.23814010620117)","(65.99410247802734, 176.4822235107422, 53.59251022338867)",POINT (0.6817001104354858 0.1797986179590225),,,,,,,,,,,,,,,,,,,,,,,,,,,,,,,,,,,,,,,,,,,,1,,
0,54,27,437273469308,1839828463,1,1,"(0.6952571868896484, 0.15342415869235992)","(0.6827787160873413, 0.15472503006458282)",1,1,3.050079345703125,2.885162353515625,"(-67.8038101196289, -76.26488494873047, 743.7811889648438)","(-1.9257091283798218, -76.46249389648438, 742.8433837890625)","(67.9344711303711, 172.58396911621094, 52.17369842529297)","(63.61023712158203, 172.34571838378906, 52.0869140625)",POINT (0.6890179514884949 0.1540745943784714),,,,,,,,,,,,,,,,,,,,,,,,,,,,,,,,,,,,,,,,,,,,1,,
0,54,27,437273485976,1839845130,1,1,"(0.6913713812828064, 0.1381203532218933)","(0.6845769882202148, 0.1439594030380249)",1,1,3.004135131835937,2.8691558837890625,"(-67.77261352539062, -76.2643051147461, 743.649169921875)","(-1.9021211862564087, -76.45120239257812, 742.6761474609375)","(66.58790588378906, 175.38719177246094, 53.1939811706543)","(64.23341369628906, 174.31764221191406, 52.80467224121094)",POINT (0.6879741847515106 0.1410398781299591),,,,,,,,,,,,,,,,,,,,,,,,,,,,,,,,,,,,,,,,,,,,1,,
0,54,27,437273502643,1839861796,1,1,"(0.6681368350982666, 0.19296273589134216)","(0.6848148107528687, 0.03902285918593407)",1,1,3.0697174072265625,2.7858428955078125,"(-67.74117279052734, -76.220947265625, 743.51416015625)","(-1.8715660572052002, -76.37903594970703, 742.1444702148438)","(58.536277770996094, 165.34165954589844, 49.537654876708984)","(64.31582641601562, 193.53900146484375, 59.80068588256836)",POINT (0.6764758229255676 0.1159927975386381),,,,,,,,,,,,,,,,,,,,,,,,,,,,,,,,,,,,,,,,,,,,,,
0,54,27,437273519310,1839878463,1,1,"(0.6714911460876465, 0.1976720690727234)","(0.6900110840797424, 0.07575150579214096)",1,1,3.0361480712890625,2.8092803955078125,"(-67.71311950683594, -76.21940612792969, 743.3651123046875)","(-1.8523173332214355, -76.34954833984375, 741.8713989257812)","(59.69867706298828, 164.47903442382812, 49.22371292114258)","(66.11652374267578, 186.81138610839844, 57.352027893066406)",POINT (0.6807511150836945 0.1367117874324322),,,,,,,,,,,,,,,,,,,,,,,,,,,,,,,,,,,,,,,,,,,,,,
0,54,27,437273535978,1839895130,1,1,"(0.6806166172027588, 0.22803029417991638)","(0.6806037425994873, 0.10083507746458054)",1,1,3.0281219482421875,2.795318603515625,"(-67.68415069580078, -76.16143798828125, 743.1526489257812)","(-1.8352324962615967, -76.26107788085938, 741.7955322265625)","(62.86098861694336, 158.9182891845703, 47.19975662231445)","(62.856544494628906, 182.216796875, 55.67973709106445)",POINT (0.680610179901123 0.1644326858222485),,,,,,,,,,,,,,,,,,,,,,,,,,,,,,,,,,,,,,,,,,,,1,,
0,54,27,437273552651,1839911803,1,1,"(0.6781667470932007, 0.10896182060241699)","(0.6989261507987976, 0.11038460582494736)",1,1,2.9761199951171875,2.8422393798828125,"(-67.67803192138672, -76.15815734863281, 743.075927734375)","(-1.8284434080123901, -76.23890686035156, 741.6892700195312)","(62.01203536987305, 180.72821044921875, 55.13792037963867)","(69.20591735839844, 180.46759033203125, 55.0430793762207)",POINT (0.6885464489459991 0.1096732132136822),,,,,,,,,,,,,,,,,,,,,,,,,,,,,,,,,,,,,,,,,,,,,,
0,54,27,437273569319,1839928470,1,1,"(0.6748051047325134, 0.213004007935524)","(0.6853493452072144, 0.16279979050159454)",1,1,3.035308837890625,2.8317108154296875,"(-67.68704223632812, -76.11726379394531, 743.0894165039062)","(-1.826910138130188, -76.16825866699219, 741.598388671875)","(60.84709548950195, 161.67066955566406, 48.20153045654297)","(64.50105285644531, 170.8666534423828, 51.548553466796875)",POINT (0.6800772249698639 0.1879018992185593),,,,,,,,,,,,,,,,,,,,,,,,,,,,,,,,,,,,,,,,,,,,1,,
0,54,27,437273585986,1839945137,1,1,"(0.6740480065345764, 0.23158572614192963)","(0.6909553408622742, 0.17336735129356384)",1,1,3.00457763671875,2.8800048828125,"(-67.67037200927734, -76.1160888671875, 742.9693603515625)","(-1.820257544517517, -76.16142272949219, 741.552978515625)","(60.5847282409668, 158.26702880859375, 46.96273422241211)","(66.4437484741211, 168.93096923828125, 50.84406280517578)",POINT (0.6825016736984253 0.2024765387177467),,,,,,,,,,,,,,,,,,,,,,,,,,,,,,,,,,,,,,,,,,,,,,
0,54,27,437273602652,1839961802,1,1,"(0.6677408218383789, 0.19577297568321228)","(0.6734423041343689, 0.17298732697963715)",1,1,2.979461669921875,2.862091064453125,"(-67.68508911132812, -76.08866119384766, 742.9810791015625)","(-1.8210015296936035, -76.13709259033203, 741.5074462890625)","(58.399044036865234, 164.82691955566406, 49.35032653808594)","(60.37482833862305, 169.00057983398438, 50.869415283203125)",POINT (0.6705915629863739 0.1843801513314247),,,,,,,,,,,,,,,,,,,,,,,,,,,,,,,,,,,,,,,,,,,,1,,
0,54,27,437273619320,1839978470,1,1,"(0.641791045665741, 0.2246786504983902)","(0.635615885257721, 0.16213618218898773)",1,1,2.9498291015625,2.840362548828125,"(-67.80297088623047, -76.13410949707031, 742.8802490234375)","(-1.9581892490386963, -76.20933532714844, 741.5675659179688)","(49.406517028808594, 159.53221130371094, 47.4232063293457)","(47.266597747802734, 170.98818969726562, 51.59284591674805)",POINT (0.638703465461731 0.193407416343689),,,,,,,,,,,,,,,,,,,,,,,,,,,,,,,,,,,,,,,,,,,,1,,
0,54,27,437273635987,1839995136,1,1,"(0.6037800312042236, 0.18247796595096588)","(0.6132424473762512, 0.1974075883626938)",1,1,2.97509765625,2.9098358154296875,"(-67.87754821777344, -76.17448425292969, 742.9588623046875)","(-2.0665509700775146, -76.25054931640625, 741.597412109375)","(36.23431396484375, 167.26217651367188, 50.23667526245117)","(39.51337432861328, 164.52749633789062, 49.24131393432617)",POINT (0.6085112392902374 0.1899427771568298),,,,,,,,,,,,,,,,,,,,,,,,,,,,,,,,,,,,,,,,,,,,1,,
0,54,27,437273652654,1840011803,1,1,"(0.611329197883606, 0.16367276012897491)","(0.6046940684318542, 0.16983851790428162)",1,1,2.9694061279296875,2.8722076416015625,"(-67.87763214111328, -76.18924713134766, 742.9288330078125)","(-2.046971082687378, -76.28427124023438, 741.4156494140625)","(38.85034942626953, 170.7067413330078, 51.49039077758789)","(36.551048278808594, 169.5773468017578, 51.079322814941406)",POINT (0.6080116331577301 0.1667556390166283),,,,,,,,,,,,,,,,,,,,,,,,,,,,,,,,,,,,,,,,,,,,1,,
0,54,27,437273669327,1840028475,1,1,"(0.5916205048561096, 0.19696490466594696)","(0.6148132085800171, 0.1665317714214325)",1,1,2.98870849609375,2.862396240234375,"(-67.8545150756836, -76.14550018310547, 742.8850708007812)","(-2.0192127227783203, -76.24928283691406, 741.4910888671875)","(32.02056884765625, 164.6085662841797, 49.270877838134766)","(40.057682037353516, 170.18304443359375, 51.29981231689453)",POINT (0.6032168567180634 0.1817483380436897),,,,,,,,,,,,,,,,,,,,,,,,,,,,,,,,,,,,,,,,,,,,1,,
0,54,27,437273685994,1840045142,1,1,"(0.5951301455497742, 0.2170199304819107)","(0.5962517261505127, 0.12019667774438858)",1,1,2.92730712890625,2.8472900390625,"(-67.86300659179688, -76.16534423828125, 742.7596435546875)","(-2.030061960220337, -76.29914855957031, 741.1431884765625)","(33.23680114746094, 160.93507385253906, 47.93378829956055)","(33.62545394897461, 178.67031860351562, 54.388893127441406)",POINT (0.5956909358501434 0.1686083041131496),,,,,,,,,,,,,,,,,,,,,,,,,,,,,,,,,,,,,,,,,,,,1,,
0,54,27,437273702661,1840061808,1,1,"(0.4884595274925232, 0.4415561854839325)","(0.49971243739128113, 0.28636252880096436)",1,1,2.979034423828125,2.921783447265625,"(-68.07402038574219, -76.30766296386719, 742.90185546875)","(-2.326765537261963, -76.4509048461914, 741.2020263671875)","(-3.7284648418426514, 119.80648040771484, 32.96421432495117)","(0.17108340561389923, 148.23348999023438, 43.3108024597168)",POINT (0.4940859824419022 0.3639593571424484),,,,,,,,,,,,,,,,,,,,,,,,,,,,,,,,,,,,,,,,,,,,,1,
0,54,27,437273719328,1840078475,1,1,"(0.4400612413883209, 0.4263248145580292)","(0.44871047139167786, 0.2673654556274414)",1,1,2.976303100585937,2.871368408203125,"(-68.13957977294922, -76.39047241210938, 742.8727416992188)","(-2.390925407409668, -76.61177825927734, 741.7477416992188)","(-20.500242233276367, 122.59642791748047, 33.979671478271484)","(-17.502981185913086, 151.71322631835938, 44.577301025390625)",POINT (0.4443858563899994 0.3468451350927353),,,,,,,,,,,,,,,,,,,,,,,,,,,,,,,,,,,,,,,,,,,,,1,
0,54,27,437273735995,1840095141,1,1,"(0.44920000433921814, 0.4340342581272125)","(0.4465753138065338, 0.3332050144672394)",1,1,2.9296112060546875,2.880889892578125,"(-68.14765930175781, -76.3896484375, 742.994384765625)","(-2.3309671878814697, -76.60450744628906, 741.49072265625)","(-17.33333396911621, 121.18428039550781, 33.465702056884766)","(-18.242887496948242, 139.65328979492188, 40.18788146972656)",POINT (0.447887659072876 0.383619636297226),,,,,,,,,,,,,,,,,,,,,,,,,,,,,,,,,,,,,,,,,,,,,,
0,54,27,437273752662,1840111808,1,1,"(0.4452802240848541, 0.4622519016265869)","(0.4382133483886719, 0.3894076347351074)",1,1,2.8922119140625,2.9795074462890625,"(-68.14688110351562, -76.4300765991211, 743.011962890625)","(-2.3191819190979004, -76.62069702148438, 741.32373046875)","(-18.69167137145996, 116.01560974121094, 31.584457397460938)","(-21.140600204467773, 129.35858154296875, 36.440956115722656)",POINT (0.441746786236763 0.4258297681808472),,,,,,,,,,,,,,,,,,,,,,,,,,,,,,,,,,,,,,,,,,,,,,
0,54,27,437273769330,1840128475,1,1,"(0.4353472590446472, 0.4094551205635071)","(0.44706806540489197, 0.3381947875022888)",1,1,3.0001678466796875,2.9096832275390625,"(-68.14568328857422, -76.44647216796875, 742.982421875)","(-2.311983108520508, -76.65853881835938, 741.2930908203125)","(-22.133811950683594, 125.68646240234375, 35.10437774658203)","(-18.072120666503906, 138.73931884765625, 39.85520935058594)",POINT (0.4412076622247696 0.373824954032898),,,,,,,,,,,,,,,,,,,,,,,,,,,,,,,,,,,,,,,,,,,,,,
0,54,27,437273785997,1840145142,1,1,"(0.44264474511146545, 0.43549466133117676)","(0.44947171211242676, 0.319540411233902)",1,1,2.9298553466796875,2.8849029541015625,"(-68.15264892578125, -76.47706604003906, 743.0126953125)","(-2.299347400665283, -76.73844909667969, 741.2478637695312)","(-19.604976654052734, 120.91677856445312, 33.36832046508789)","(-17.239177703857422, 142.15626525878906, 41.098873138427734)",POINT (0.4460582286119461 0.3775175362825394),,,,,,,,,,,,,,,,,,,,,,,,,,,,,,,,,,,,,,,,,,,,,,
0,54,27,437273802666,1840161810,1,1,"(0.3323456645011902, 0.38915568590164185)","(0.44646480679512024, 0.28949347138404846)",1,1,3.486358642578125,2.894439697265625,"(-68.16117858886719, -76.47496032714844, 742.9173583984375)","(-2.3060474395751953, -76.75585174560547, 741.3236083984375)","(-57.827632904052734, 129.40475463867188, 36.457672119140625)","(-18.281171798706055, 147.66000366210938, 43.10205078125)",POINT (0.3894052356481552 0.3393245786428452),,,,,,,,,,,,,,,,,,,,,,,,,,,,,,,,,,,,,,,,,,,,,,
0,54,27,437273819332,1840178476,1,1,"(0.4441641569137573, 0.4292494058609009)","(0.4451301395893097, 0.2904333174228668)",1,1,2.982025146484375,2.8968505859375,"(-68.20813751220703, -76.49929809570312, 743.0155029296875)","(-2.3280415534973145, -76.77157592773438, 741.3844604492188)","(-19.078432083129883, 122.06071472167969, 33.78474044799805)","(-18.74368667602539, 147.4878387451172, 43.0394172668457)",POINT (0.4446471482515335 0.3598413616418838),,,,,,,,,,,,,,,,,,,,,,,,,,,,,,,,,,,,,,,,,,,,,,
0,54,27,437273836001,1840195144,1,1,"(0.44868001341819763, 0.4105947017669678)","(0.4423563778400421, 0.3527832627296448)",1,1,2.99615478515625,2.93402099609375,"(-68.24186706542969, -76.49620056152344, 742.9761962890625)","(-2.355515956878662, -76.77427673339844, 741.7022094726562)","(-17.513526916503906, 125.47773742675781, 35.028377532958984)","(-19.70489501953125, 136.06710815429688, 38.882625579833984)",POINT (0.4455181956291199 0.3816889822483063),,,,,,,,,,,,,,,,,,,,,,,,,,,,,,,,,,,,,,,,,,,,,,
0,54,27,437273852667,1840211810,1,1,"(0.443600594997406, 0.36521050333976746)","(0.4521861970424652, 0.32502907514572144)",1,1,3.023193359375,2.9042510986328125,"(-68.28897857666016, -76.46146392822266, 742.983642578125)","(-2.422356128692627, -76.71265411376953, 741.9598388671875)","(-19.273731231689453, 133.79080200195312, 38.05412292480469)","(-16.298507690429688, 141.15087890625, 40.733001708984375)",POINT (0.4478933960199356 0.3451197892427444),,,,,,,,,,,,,,,,,,,,,,,,,,,,,,,,,,,,,,,,,,,,,1,
0,54,27,437273869335,1840228477,1,1,"(0.456237256526947, 0.33775168657302856)","(0.45847025513648987, 0.3087397813796997)",1,1,3.0031890869140625,2.8762969970703125,"(-68.3086166381836, -76.42338562011719, 743.0092163085938)","(-2.454136848449707, -76.65299987792969, 741.80810546875)","(-14.894659996032715, 138.8204803466797, 39.8847541809082)","(-14.120857238769531, 144.13461303710938, 41.8189582824707)",POINT (0.4573537558317184 0.3232457339763641),,,,,,,,,,,,,,,,,,,,,,,,,,,,,,,,,,,,,,,,,,,,,1,
0,54,27,437273886001,1840245143,1,1,"(0.44294312596321106, 0.3745604455471039)","(0.460564523935318, 0.32085278630256653)",1,1,3.009872436523437,2.904891967773437,"(-68.34471130371094, -76.42613220214844, 743.0791015625)","(-2.4872941970825195, -76.62538146972656, 741.5044555664062)","(-19.501571655273438, 132.07815551757812, 37.430755615234375)","(-13.395109176635742, 141.9158935546875, 41.0113639831543)",POINT (0.4517538249492645 0.3477066159248352),,,,,,,,,,,,,,,,,,,,,,,,,,,,,,,,,,,,,,,,,,,,,1,
0,54,27,437273902669,1840261810,1,1,"(0.45173805952072144, 0.3693731129169464)","(0.4521545171737671, 0.29867565631866455)",1,1,3.0139923095703125,2.8863067626953125,"(-68.38037872314453, -76.40184020996094, 743.2721557617188)","(-2.506864547729492, -76.58525085449219, 741.3223266601562)","(-16.453813552856445, 133.02835083007812, 37.77657699584961)","(-16.309490203857422, 145.9781036376953, 42.489871978759766)",POINT (0.4519462883472443 0.3340243846178055),,,,,,,,,,,,,,,,,,,,,,,,,,,,,,,,,,,,,,,,,,,,,1,
0,54,27,437273919336,1840278477,1,1,"(0.44075536727905273, 0.37252122163772583)","(0.4522864520549774, 0.3126000761985779)",1,1,3.004119873046875,2.86932373046875,"(-68.40348815917969, -76.39884948730469, 743.3136596679688)","(-2.5181312561035156, -76.56405639648438, 741.140380859375)","(-20.259706497192383, 132.45169067382812, 37.56672668457031)","(-16.263771057128906, 143.4275360107422, 41.56159210205078)",POINT (0.4465209096670151 0.3425606489181519),,,,,,,,,,,,,,,,,,,,,,,,,,,,,,,,,,,,,,,,,,,,,1,
0,54,27,437273936009,1840295149,1,1,"(0.4450679421424866, 0.34259408712387085)","(0.45219558477401733, 0.26478052139282227)",1,1,3.041961669921875,2.89373779296875,"(-68.40776824951172, -76.3900375366211, 743.374755859375)","(-2.5188519954681396, -76.56683349609375, 741.3524780273438)","(-18.7652530670166, 137.93350219726562, 39.5618896484375)","(-16.295249938964844, 152.1866912841797, 44.74967956542969)",POINT (0.448631763458252 0.3036873042583466),,,,,,,,,,,,,,,,,,,,,,,,,,,,,,,,,,,,,,,,,,,,,1,
0,54,27,437273952676,1840311816,1,1,"(0.446142315864563, 0.37092670798301697)","(0.4528646469116211, 0.272146999835968)",1,1,2.9898223876953125,2.8964080810546875,"(-68.42022705078125, -76.3996810913086, 743.433837890625)","(-2.522892713546753, -76.5572509765625, 741.4284057617188)","(-18.39293098449707, 132.74378967285156, 37.67296600341797)","(-16.063398361206055, 150.83738708496094, 44.2585334777832)",POINT (0.449503481388092 0.3215368539094925),,,,,,,,,,,,,,,,,,,,,,,,,,,,,,,,,,,,,,,,,,,,,1,
0,54,27,437273969343,1840328482,1,1,"(0.4571441411972046, 0.3774372637271881)","(0.45093825459480286, 0.3089040517807007)",1,1,3.0127410888671875,2.911895751953125,"(-68.42105865478516, -76.40809631347656, 743.4807739257812)","(-2.5232090950012207, -76.55917358398438, 741.5191650390625)","(-14.580399513244629, 131.5512237548828, 37.23895263671875)","(-16.73096466064453, 144.10452270507812, 41.808006286621094)",POINT (0.4540411978960037 0.3431706577539444),,,,,,,,,,,,,,,,,,,,,,,,,,,,,,,,,,,,,,,,,,,,,1,
0,54,27,437273986010,1840345149,1,1,"(0.44542911648750305, 0.36517083644866943)","(0.45340025424957275, 0.2561333179473877)",1,1,3.045562744140625,2.887924194335937,"(-68.40481567382812, -76.41352844238281, 743.4383544921875)","(-2.5102145671844482, -76.56702423095703, 741.5494384765625)","(-18.640071868896484, 133.79808044433594, 38.05671691894531)","(-15.877788543701172, 153.7706298828125, 45.326141357421875)",POINT (0.4494146853685379 0.3106520771980286),,,,,,,,,,,,,,,,,,,,,,,,,,,,,,,,,,,,,,,,,,,,,1,
0,54,27,437274002678,1840361816,1,1,"(0.44015833735466003, 0.35110199451446533)","(0.45369377732276917, 0.2942521870136261)",1,1,3.024658203125,2.913787841796875,"(-68.3907470703125, -76.42105102539062, 743.3789672851562)","(-2.4987473487854004, -76.58450317382812, 741.6101684570312)","(-20.46659278869629, 136.3750762939453, 38.99471664428711)","(-15.776077270507812, 146.788330078125, 42.78482437133789)",POINT (0.4469260573387146 0.3226770907640457),,,,,,,,,,,,,,,,,,,,,,,,,,,,,,,,,,,,,,,,,,,,,1,
0,54,27,437274019344,1840378482,1,1,"(0.45085906982421875, 0.33662036061286926)","(0.45464128255844116, 0.29866576194763184)",1,1,3.01617431640625,2.924407958984375,"(-68.37077331542969, -76.42558288574219, 743.3836669921875)","(-2.4744491577148438, -76.6147232055664, 741.8988037109375)","(-16.758399963378906, 139.02769470214844, 39.96019744873047)","(-15.447724342346191, 145.97988891601562, 42.49059295654297)",POINT (0.45275017619133 0.3176430612802506),,,,,,,,,,,,,,,,,,,,,,,,,,,,,,,,,,,,,,,,,,,,,1,
0,54,27,437274036012,1840395149,1,1,"(0.44875964522361755, 0.3632725179195404)","(0.45765671133995056, 0.3047408163547516)",1,1,3.02716064453125,2.922698974609375,"(-68.3416748046875, -76.44624328613281, 743.3436279296875)","(-2.4508116245269775, -76.66026306152344, 742.339111328125)","(-17.485925674438477, 134.14578247070312, 38.18329620361328)","(-14.402771949768066, 144.86712646484375, 42.085533142089844)",POINT (0.4532081782817841 0.334006667137146),,,,,,,,,,,,,,,,,,,,,,,,,,,,,,,,,,,,,,,,,,,,,1,
0,54,27,437274052679,1840411816,1,1,"(0.4555525779724121, 0.3616791367530823)","(0.4549999535083771, 0.31829726696014404)",1,1,3.0598907470703125,2.935089111328125,"(-68.31758117675781, -76.46207427978516, 743.50390625)","(-2.4152112007141113, -76.68595886230469, 742.5823974609375)","(-15.13193416595459, 134.43765258789062, 38.28953552246094)","(-15.323440551757812, 142.3839569091797, 41.18177795410156)",POINT (0.4552762657403946 0.3399882018566132),,,,,,,,,,,,,,,,,,,,,,,,,,,,,,,,,,,,,,,,,,,,,1,
0,54,27,437274069352,1840428488,1,1,"(0.45095008611679077, 0.36544421315193176)","(0.45242419838905334, 0.2958662509918213)",1,1,3.0363922119140625,2.914031982421875,"(-68.29829406738281, -76.49762725830078, 743.7725830078125)","(-2.3729188442230225, -76.68058776855469, 742.385498046875)","(-16.72687339782715, 133.7480010986328, 38.03851318359375)","(-16.216026306152344, 146.49267578125, 42.67723846435547)",POINT (0.4516871422529221 0.3306552320718765),,,,,,,,,,,,,,,,,,,,,,,,,,,,,,,,,,,,,,,,,,,,,1,
0,54,27,437274086019,1840445155,1,1,"(0.4487125873565674, 0.3570932149887085)","(0.45491597056388855, 0.3192269802093506)",1,1,3.0264129638671875,2.924224853515625,"(-68.23653411865234, -76.49413299560547, 743.7532958984375)","(-2.3188416957855225, -76.61609649658203, 741.6569213867188)","(-17.502233505249023, 135.27764892578125, 38.59531021118164)","(-15.352534294128418, 142.2136688232422, 41.119773864746094)",POINT (0.451814278960228 0.3381600975990295),,,,,,,,,,,,,,,,,,,,,,,,,,,,,,,,,,,,,,,,,,,,,1,
0,54,27,437274102687,1840461822,1,1,"(0.4485466182231903, 0.3842776417732239)","(0.4612848162651062, 0.3169761598110199)",1,1,3.05560302734375,2.9188232421875,"(-68.173095703125, -76.49015808105469, 743.5664672851562)","(-2.273129940032959, -76.59255981445312, 741.3387451171875)","(-17.55976676940918, 130.2982635498047, 36.78291320800781)","(-13.145490646362305, 142.62596130371094, 41.26985168457031)",POINT (0.4549157172441482 0.3506269007921219),,,,,,,,,,,,,,,,,,,,,,,,,,,,,,,,,,,,,,,,,,,,,1,
0,54,27,437274119353,1840478488,1,1,"(0.44611474871635437, 0.3823931813240051)","(0.4586413502693176, 0.3224612772464752)",1,1,2.99835205078125,2.935150146484375,"(-68.11185455322266, -76.46791076660156, 743.3781127929688)","(-2.218200922012329, -76.65533447265625, 742.0520629882812)","(-18.402488708496094, 130.6434326171875, 36.908565521240234)","(-14.061559677124023, 141.62123107910156, 40.904144287109375)",POINT (0.452378049492836 0.3524272292852402),,,,,,,,,,,,,,,,,,,,,,,,,,,,,,,,,,,,,,,,,,,,,1,
0,54,27,437274136021,1840495155,1,1,"(0.4880077838897705, 0.3938480317592621)","(0.4968293607234955, 0.32984426617622375)",1,1,3.014190673828125,2.94293212890625,"(-67.99143981933594, -76.48104095458984, 743.7432861328125)","(-2.0903282165527344, -76.64813232421875, 741.8403930664062)","(-3.885014533996582, 128.54522705078125, 36.14488983154297)","(-0.828015148639679, 140.26889038085938, 40.411956787109375)",POINT (0.492418572306633 0.3618461489677429),,,,,,,,,,,,,,,,,,,,,,,,,,,,,,,,,,,,,,,,,,,,,1,
0,54,27,437274152688,1840511822,1,1,"(0.48933571577072144, 0.4150927662849426)","(0.4982077479362488, 0.2893780767917633)",1,1,3.00927734375,2.9408721923828125,"(-67.91368103027344, -76.43082427978516, 743.4931640625)","(-2.0301358699798584, -76.59739685058594, 741.3251953125)","(-3.4248406887054443, 124.65381622314453, 34.72850036621094)","(-0.350350022315979, 147.68113708496094, 43.109779357910156)",POINT (0.4937717318534851 0.352235421538353),,,,,,,,,,,,,,,,,,,,,,,,,,,,,,,,,,,,,,,,,,,,,1,
0,54,27,437274169356,1840528489,1,1,"(0.5004751682281494, 0.3930448889732361)","(0.49811121821403503, 0.28232795000076294)",1,1,3.04168701171875,2.9312744140625,"(-67.86479187011719, -76.40194702148438, 743.4256591796875)","(-1.9751396179199219, -76.65547943115234, 742.0986328125)","(0.43540042638778687, 128.69235229492188, 36.19840621948242)","(-0.3838101625442505, 148.97251892089844, 43.57978820800781)",POINT (0.4992931932210922 0.3376864194869995),,,,,,,,,,,,,,,,,,,,,,,,,,,,,,,,,,,,,,,,,,,,,1,
0,54,27,437274186022,1840545155,1,1,"(0.48807424306869507, 0.4163924753665924)","(0.4903448522090912, 0.28848254680633545)",1,1,2.998626708984375,2.915756225585937,"(-67.81629180908203, -76.39059448242188, 743.6521606445312)","(-1.9112356901168823, -76.70156860351562, 742.69140625)","(-3.861975908279419, 124.41574096679688, 34.64186477661133)","(-3.075129747390747, 147.8451690673828, 43.169456481933594)",POINT (0.4892095476388931 0.3524375110864639),,,,,,,,,,,,,,,,,,,,,,,,,,,,,,,,,,,,,,,,,,,,,1,
0,54,27,437274202692,1840561824,1,1,"(0.47782817482948303, 0.377771258354187)","(0.4958442449569702, 0.2813977897167206)",1,1,3.0388641357421875,2.94024658203125,"(-67.75072479248047, -76.37623596191406, 743.80712890625)","(-1.8371050357818604, -76.6230697631836, 741.8566284179688)","(-7.41261625289917, 131.4900360107422, 37.216705322265625)","(-1.1693998575210571, 149.1428985595703, 43.64177322387695)",POINT (0.4868362098932266 0.3295845240354538),,,,,,,,,,,,,,,,,,,,,,,,,,,,,,,,,,,,,,,,,,,,,1,
0,54,27,437274236026,1840595157,1,1,"(0.48186641931533813, 0.42837318778038025)","(0.48825734853744507, 0.22738274931907654)",1,1,2.9927520751953125,2.90411376953125,"(-67.59803771972656, -76.3179931640625, 743.576904296875)","(-1.698499321937561, -76.672607421875, 742.494873046875)","(-6.0132246017456055, 122.22122955322266, 33.84307098388672)","(-3.79854416847229, 159.0369110107422, 47.24291229248047)",POINT (0.4850618839263916 0.3278779685497284),,,,,,,,,,,,,,,,,,,,,,,,,,,,,,,,,,,,,,,,,,,,,1,
0,54,27,437274252693,1840611824,1,1,"(0.48805564641952515, 0.3970503509044647)","(0.493112713098526, 0.2574700117111206)",1,1,3.0394287109375,2.9306793212890625,"(-67.546875, -76.33235168457031, 743.9296875)","(-1.6320451498031616, -76.66692352294922, 742.3734130859375)","(-3.868428945541382, 127.95867919921875, 35.931365966796875)","(-2.115966558456421, 153.52577209472656, 45.23704147338867)",POINT (0.4905841797590256 0.3272601813077927),,,,,,,,,,,,,,,,,,,,,,,,,,,,,,,,,,,,,,,,,,,,,1,
0,54,27,437274269360,1840628490,1,1,"(0.4743260443210602, 0.3943619132041931)","(0.4997236132621765, 0.31799864768981934)",1,1,3.037216186523437,2.9532012939453125,"(-67.43850708007812, -76.2969970703125, 743.6891479492188)","(-1.5424213409423828, -76.58230590820312, 741.3574829101562)","(-8.62623405456543, 128.45111083984375, 36.11061477661133)","(0.1749473512172699, 142.43865966796875, 41.2016487121582)",POINT (0.4870248287916184 0.3561802804470062),,,,,,,,,,,,,,,,,,,,,,,,,,,,,,,,,,,,,,,,,,,,,1,
0,54,27,437274286027,1840645157,1,1,"(0.4931514859199524, 0.38120296597480774)","(0.5013466477394104, 0.282180517911911)",1,1,3.0431060791015625,2.9115447998046875,"(-67.36051177978516, -76.28424072265625, 743.6112060546875)","(-1.4690279960632324, -76.67475891113281, 742.3592529296875)","(-2.1025397777557373, 130.86146545410156, 36.987884521484375)","(0.7373781800270081, 148.99951171875, 43.58962631225586)",POINT (0.4972490668296814 0.3316917419433594),,,,,,,,,,,,,,,,,,,,,,,,,,,,,,,,,,,,,,,,,,,,,1,
0,54,27,437274302694,1840661823,1,1,"(0.47173818945884705, 0.3879338800907135)","(0.5029971599578857, 0.28908538818359375)",1,1,2.99920654296875,2.9427947998046875,"(-67.31683349609375, -76.30908203125, 744.00830078125)","(-1.3925485610961914, -76.7122573852539, 742.6328125)","(-9.523024559020996, 129.6285400390625, 36.539161682128906)","(1.3093476295471191, 147.7347412109375, 43.12929153442383)",POINT (0.4873676747083664 0.3385096341371536),,,,,,,,,,,,,,,,,,,,,,,,,,,,,,,,,,,,,,,,,,,,,1,
0,54,27,437274319361,1840678490,1,1,"(0.47361236810684204, 0.40989360213279724)","(0.4962826669216156, 0.3024464547634125)",1,1,3.0276031494140625,2.89453125,"(-67.20818328857422, -76.27864074707031, 743.79736328125)","(-1.313727855682373, -76.61231994628906, 741.418701171875)","(-8.873562812805176, 125.60614013671875, 35.075172424316406)","(-1.0174819231033325, 145.28738403320312, 42.238525390625)",POINT (0.4849475175142288 0.3561700284481049),,,,,,,,,,,,,,,,,,,,,,,,,,,,,,,,,,,,,,,,,,,,,1,
0,54,27,437274336033,1840695161,1,1,"(0.4782632291316986, 0.42306965589523315)","(0.4950791299343109, 0.31390684843063354)",1,1,3.0056915283203125,2.936630249023437,"(-67.12895202636719, -76.25366973876953, 743.6263427734375)","(-1.2302515506744385, -76.68098449707031, 742.162109375)","(-7.261873245239258, 123.19266510009766, 34.19671630859375)","(-1.4345420598983765, 143.18817138671875, 41.47444534301758)",POINT (0.4866711795330048 0.3684882521629334),,,,,,,,,,,,,,,,,,,,,,,,,,,,,,,,,,,,,,,,,,,,,1,
0,54,27,437274369367,1840728494,1,1,"(0.47576281428337097, 0.41905730962753296)","(0.4932578206062317, 0.3329847753047943)",1,1,2.990463256835937,3.000732421875,"(-67.01469421386719, -76.26222229003906, 743.728759765625)","(-1.11897611618042, -76.72613525390625, 742.1473388671875)","(-8.128350257873535, 123.92761993408203, 34.46419906616211)","(-2.0656838417053223, 139.69361877441406, 40.20258331298828)",POINT (0.4845103174448013 0.3760210424661636),,,,,,,,,,,,,,,,,,,,,,,,,,,,,,,,,,,,,,,,,,,,,,
0,54,27,437274386034,1840745161,1,1,"(0.4779881238937378, 0.43935009837150574)","(0.49870431423187256, 0.279202401638031)",1,1,2.96380615234375,2.95562744140625,"(-66.96353149414062, -76.27014923095703, 743.6614379882812)","(-1.0789047479629517, -76.74824523925781, 741.919677734375)","(-7.357193470001221, 120.21057891845703, 33.11126708984375)","(-0.1782711148262024, 149.54502868652344, 43.78816604614258)",POINT (0.4883462190628052 0.3592762500047684),,,,,,,,,,,,,,,,,,,,,,,,,,,,,,,,,,,,,,,,,,,,,1,
0,54,27,437274402701,1840761827,1,1,"(0.47602173686027527, 0.43508031964302063)","(0.4986046552658081, 0.2768997848033905)",1,1,2.9974365234375,2.9380645751953125,"(-66.94721984863281, -76.28865814208984, 743.649658203125)","(-1.0599210262298584, -76.79115295410156, 741.8287353515625)","(-8.038617134094238, 120.99266052246094, 33.39598083496094)","(-0.2128019481897354, 149.966796875, 43.941688537597656)",POINT (0.4873131960630417 0.3559900522232056),,,,,,,,,,,,,,,,,,,,,,,,,,,,,,,,,,,,,,,,,,,,,1,
0,54,27,437274419369,1840778495,1,1,"(0.47627097368240356, 0.4316728115081787)","(0.48409050703048706, 0.26808586716651917)",1,1,3.00091552734375,2.953155517578125,"(-66.9432144165039, -76.31983947753906, 743.6192626953125)","(-1.0532450675964355, -76.82377624511719, 741.6620483398438)","(-7.9522528648376465, 121.61682891845703, 33.62314224243164)","(-5.242495059967041, 151.58126831054688, 44.52927780151367)",POINT (0.4801807403564453 0.3498793393373489),,,,,,,,,,,,,,,,,,,,,,,,,,,,,,,,,,,,,,,,,,,,,1,
0,54,27,437274452702,1840811827,1,1,"(0.48471584916114807, 0.47475510835647583)","(0.49757957458496094, 0.30104726552963257)",1,1,2.9063720703125,2.9651641845703125,"(-67.00635528564453, -76.4481201171875, 743.8988647460938)","(-1.087674617767334, -76.86192321777344, 741.6165771484375)","(-5.025793075561523, 113.72539520263672, 30.75086212158203)","(-0.5680420994758606, 145.54367065429688, 42.33179473876953)",POINT (0.4911477118730545 0.3879011869430542),,,,,,,,,,,,,,,,,,,,,,,,,,,,,,,,,,,,,,,,,,,,,,
0,54,27,437274486043,1840845167,1,1,"(0.5601715445518494, 0.4183705747127533)","(0.5563099980354309, 0.30637869238853455)",1,1,2.9766387939453125,2.9090728759765625,"(-66.85903930664062, -76.47309875488281, 743.5578002929688)","(-0.967720627784729, -76.94425964355469, 742.4818725585938)","(21.12236213684082, 124.05339813232422, 34.510009765625)","(19.784198760986328, 144.5670928955078, 41.976383209228516)",POINT (0.5582407712936401 0.3623746335506439),,,,,,,,,,,,,,,,,,,,,,,,,,,,,,,,,,,,,,,,,,,,,1,
0,54,27,437274502711,1840861834,1,1,"(0.5508478879928589, 0.46157804131507874)","(0.561244547367096, 0.2852851152420044)",1,1,2.9585113525390625,2.93896484375,"(-66.88365173339844, -76.47026824951172, 743.3983154296875)","(-1.0153683423995972, -76.86539459228516, 741.6925048828125)","(17.891374588012695, 116.13904571533203, 31.62938690185547)","(21.49420738220215, 148.43084716796875, 43.382625579833984)",POINT (0.5560462176799774 0.3734315782785416),,,,,,,,,,,,,,,,,,,,,,,,,,,,,,,,,,,,,,,,,,,,,1,
0,54,27,437274519377,1840878500,1,1,"(0.5577784776687622, 0.3897165358066559)","(0.5573645830154419, 0.3090384900569916)",1,1,3.011810302734375,2.925445556640625,"(-66.9473876953125, -76.4920654296875, 743.618408203125)","(-1.0695419311523438, -76.84609985351562, 741.6318359375)","(20.29307746887207, 129.302001953125, 36.42032241821289)","(20.149642944335938, 144.07989501953125, 41.799041748046875)",POINT (0.557571530342102 0.3493775129318237),,,,,,,,,,,,,,,,,,,,,,,,,,,,,,,,,,,,,,,,,,,,,1,
0,54,27,437274536045,1840895167,1,1,"(0.4593879282474518, 0.6262362599372864)","(0.5519965291023254, 0.2682100832462311)",1,1,2.400253295898437,2.94476318359375,"(-67.016357421875, -76.50218200683594, 743.7279052734375)","(-1.1328692436218262, -76.87335205078125, 742.3143310546875)","(-13.802839279174805, 85.97837829589844, 20.651844024658203)","(18.289419174194336, 151.55848693847656, 44.52104568481445)",POINT (0.5056922286748886 0.4472231715917587),,,,,,,,,,,,,,,,,,,,,,,,,,,,,,,,,,,,,,,,,,,,,1,
0,54,27,437274552712,1840911834,1,1,"(0.5565972328186035, 0.43817466497421265)","(0.5667828321456909, 0.2925528287887573)",1,1,2.9320526123046875,2.959075927734375,"(-67.07942199707031, -76.51527404785156, 743.746337890625)","(-1.1761900186538696, -76.84053802490234, 742.390380859375)","(19.88373565673828, 120.42586517333984, 33.18967056274414)","(23.413429260253906, 147.099609375, 42.898101806640625)",POINT (0.5616900324821472 0.365363746881485),,,,,,,,,,,,,,,,,,,,,,,,,,,,,,,,,,,,,,,,,,,,,1,
0,54,27,437274569379,1840928500,1,1,"(0.5566489100456238, 0.4646550714969635)","(0.5565539002418518, 0.3222982585430145)",1,1,2.9474639892578125,2.9074249267578125,"(-67.11212921142578, -76.49285125732422, 743.5535888671875)","(-1.2213081121444702, -76.74811553955078, 742.1470947265625)","(19.901641845703125, 115.57542419433594, 31.42424964904785)","(19.868724822998047, 141.651123046875, 40.915000915527344)",POINT (0.5566014051437378 0.393476665019989),,,,,,,,,,,,,,,,,,,,,,,,,,,,,,,,,,,,,,,,,,,,,1,
0,54,27,437274602719,1840961839,1,1,"(0.5691739916801453, 0.4165772497653961)","(0.566642701625824, 0.3160180449485779)",1,1,2.9371490478515625,2.927490234375,"(-67.16722106933594, -76.49107360839844, 743.5740356445312)","(-1.2971572875976562, -76.63395690917969, 741.5853271484375)","(24.242033004760742, 124.38189697265625, 34.62953567504883)","(23.36484146118164, 142.80145263671875, 41.333717346191406)",POINT (0.5679083466529846 0.366297647356987),,,,,,,,,,,,,,,,,,,,,,,,,,,,,,,,,,,,,,,,,,,,,1,
0,54,27,437274619386,1840978506,1,1,"(0.5541147589683533, 0.4544585645198822)","(0.5600722432136536, 0.3185102343559265)",1,1,2.893173217773437,2.91632080078125,"(-67.23582458496094, -76.52099609375, 743.77294921875)","(-1.3207679986953735, -76.62931060791016, 741.6158447265625)","(19.023466110229492, 117.443115234375, 32.104061126708984)","(21.08795928955078, 142.34495544433594, 41.16756057739258)",POINT (0.5570935010910034 0.3864843994379044),,,,,,,,,,,,,,,,,,,,,,,,,,,,,,,,,,,,,,,,,,,,,1,
0,54,27,437274636054,1840995173,1,1,"(0.5604226589202881, 0.4444096088409424)","(0.5513665080070496, 0.24551743268966675)",1,1,2.964706420898437,2.8718414306640625,"(-67.21133422851562, -76.48957824707031, 743.7347412109375)","(-1.334409475326538, -76.62159729003906, 741.7371826171875)","(21.209383010864258, 119.28380584716797, 32.77397918701172)","(18.071088790893555, 155.71514892578125, 46.03388977050781)",POINT (0.5558945834636688 0.3449635207653046),,,,,,,,,,,,,,,,,,,,,,,,,,,,,,,,,,,,,,,,,,,,,1,
0,54,27,437274652720,1841011839,1,1,"(0.4891512393951416, 1.0416909456253052)","(0.5611941814422607, 0.28862765431404114)",1,1,1.463348388671875,2.9507598876953125,"(-67.27203369140625, -76.52201843261719, 743.94873046875)","(-1.3398587703704834, -76.63573455810547, 741.9645385742188)","(-3.488767623901367, 9.879019737243652, -7.046107769012451)","(21.47675132751465, 147.81858825683594, 43.159820556640625)",POINT (0.5251727104187012 0.6651592999696732),,,,,,,,,,,,,,,,,,,,,,,,,,,,,,,,,,,,,,,,,,,,,,1
0,54,27,437274669388,1841028506,1,1,"(0.5499887466430664, 0.42240676283836365)","(0.5560914874076843, 0.27261534333229065)",1,1,2.9701690673828125,2.9156036376953125,"(-67.26632690429688, -76.49688720703125, 743.9486083984375)","(-1.3340294361114502, -76.62213134765625, 742.0557861328125)","(17.593645095825195, 123.31407928466797, 34.24092483520508)","(19.70844841003418, 150.75161743164062, 44.2272834777832)",POINT (0.5530401170253754 0.3475110530853272),,,,,,,,,,,,,,,,,,,,,,,,,,,,,,,,,,,,,,,,,,,,,1,
0,54,27,437274686055,1841045173,1,1,"(0.5538978576660156, 0.3895185589790344)","(0.5515890717506409, 0.2800275683403015)",1,1,2.9983367919921875,2.909881591796875,"(-67.21243286132812, -76.50093841552734, 743.8277587890625)","(-1.3252912759780884, -76.63052368164062, 742.0252685546875)","(18.94829559326172, 129.3382568359375, 36.43354034423828)","(18.148218154907227, 149.3938751220703, 43.733123779296875)",POINT (0.5527434647083282 0.334773063659668),,,,,,,,,,,,,,,,,,,,,,,,,,,,,,,,,,,,,,,,,,,,,1,
0,54,27,437274719392,1841078509,1,1,"(0.5577712059020996, 0.42941221594810486)","(0.5575598478317261, 0.308750718832016)",1,1,2.9160919189453125,2.9097137451171875,"(-67.17440795898438, -76.51111602783203, 743.8189697265625)","(-1.2683897018432617, -76.64944458007812, 742.0859985351562)","(20.29055404663086, 122.03089141845703, 33.77385330200195)","(20.217329025268555, 144.13262939453125, 41.81817626953125)",POINT (0.5576655268669128 0.3690814673900604),,,,,,,,,,,,,,,,,,,,,,,,,,,,,,,,,,,,,,,,,,,,,1,
0,54,27,437274736060,1841095176,1,1,"(0.5518718361854553, 0.44353222846984863)","(0.5512281060218811, 0.30751851201057434)",1,1,2.896942138671875,2.935791015625,"(-67.15278625488281, -76.51485443115234, 743.8104858398438)","(-1.2282845973968506, -76.68924713134766, 742.450927734375)","(18.24622344970703, 119.44453430175781, 32.83244705200195)","(18.02315902709961, 144.3583221435547, 41.900367736816406)",POINT (0.5515499711036682 0.3755253702402115),,,,,,,,,,,,,,,,,,,,,,,,,,,,,,,,,,,,,,,,,,,,,1,
0,54,27,437274752727,1841111843,1,1,"(0.5495500564575195, 0.3854721486568451)","(0.5591015219688416, 0.31949928402900696)",1,1,2.962554931640625,2.948944091796875,"(-67.12825012207031, -76.53814697265625, 743.7676391601562)","(-1.2092576026916504, -76.7343978881836, 742.8155517578125)","(17.441631317138672, 130.0794677734375, 36.703269958496094)","(20.75156021118164, 142.16380310058594, 41.10158920288086)",POINT (0.5543257892131805 0.352485716342926),,,,,,,,,,,,,,,,,,,,,,,,,,,,,,,,,,,,,,,,,,,,,1,
0,54,27,437274769394,1841128509,1,1,"(0.5510990619659424, 0.4226212799549103)","(0.557776927947998, 0.38527244329452515)",1,1,2.979705810546875,2.9298553466796875,"(-67.11869049072266, -76.55776977539062, 743.8464965820312)","(-1.1956181526184082, -76.76338195800781, 742.9375)","(17.978418350219727, 123.27481079101562, 34.226593017578125)","(20.292543411254883, 130.1160430908203, 36.71660232543945)",POINT (0.5544379949569702 0.4039468616247177),,,,,,,,,,,,,,,,,,,,,,,,,,,,,,,,,,,,,,,,,,,,,,
0,54,27,437274786060,1841145175,1,1,"(0.556241512298584, 0.41957730054855347)","(0.5569695234298706, 0.32614874839782715)",1,1,2.96746826171875,2.944549560546875,"(-67.11388397216797, -76.57030487060547, 743.8953857421875)","(-1.1864092350006104, -76.79640197753906, 742.9222412109375)","(19.760467529296875, 123.8323745727539, 34.42955017089844)","(20.012746810913086, 140.94580078125, 40.658321380615234)",POINT (0.5566055178642273 0.3728630244731903),,,,,,,,,,,,,,,,,,,,,,,,,,,,,,,,,,,,,,,,,,,,,1,
0,54,27,437274802729,1841161843,1,1,"(0.5761322379112244, 0.45670247077941895)","(0.5510836243629456, 0.30237171053886414)",1,1,2.94384765625,2.9216461181640625,"(-67.1148452758789, -76.5736312866211, 744.019287109375)","(-1.18292236328125, -76.78700256347656, 742.906982421875)","(26.653329849243164, 117.03211975097656, 31.95442008972168)","(17.97308349609375, 145.3010711669922, 42.243492126464844)",POINT (0.563607931137085 0.3795370906591415),,,,,,,,,,,,,,,,,,,,,,,,,,,,,,,,,,,,,,,,,,,,,1,
0,54,27,437274819395,1841178509,1,1,"(0.5614193677902222, 0.4429503083229065)","(0.5526866912841797, 0.3043103814125061)",1,1,2.94671630859375,2.918563842773437,"(-67.11652374267578, -76.5604248046875, 743.9564819335938)","(-1.1949774026870728, -76.77957153320312, 742.9830322265625)","(21.554780960083008, 119.55110931396484, 32.87129592895508)","(18.52859115600586, 144.9459686279297, 42.114219665527344)",POINT (0.5570530295372009 0.3736303448677063),,,,,,,,,,,,,,,,,,,,,,,,,,,,,,,,,,,,,,,,,,,,,1,
0,54,27,437274836063,1841195176,1,1,"(0.5739395618438721, 0.43878310918807983)","(0.5560457110404968, 0.2936076819896698)",1,1,2.960052490234375,2.9173583984375,"(-67.12547302246094, -76.54173278808594, 743.9702758789062)","(-1.2040941715240479, -76.75458526611328, 742.9979248046875)","(25.893482208251953, 120.31442260742188, 33.14910125732422)","(19.692611694335938, 146.90640258789062, 42.82776641845703)",POINT (0.5649926364421844 0.3661953955888748),,,,,,,,,,,,,,,,,,,,,,,,,,,,,,,,,,,,,,,,,,,,,1,
0,54,27,437274852734,1841211847,1,1,"(0.5325416326522827, 0.8003571629524231)","(0.5547476410865784, 0.27842798829078674)",1,1,2.1025390625,2.917221069335937,"(-67.1397933959961, -76.50627136230469, 743.9049072265625)","(-1.2194453477859497, -76.72669982910156, 742.845947265625)","(11.547619819641113, 54.08445358276367, 9.043303489685059)","(19.242774963378906, 149.68687438964844, 43.83978271484375)",POINT (0.5436446368694305 0.5393925756216049),,,,,,,,,,,,,,,,,,,,,,,,,,,,,,,,,,,,,,,,,,,,,1,
0,54,27,437274869402,1841228514,1,1,"(0.5485843420028687, 0.3958698511123657)","(0.5496306419372559, 0.29252076148986816)",1,1,2.960662841796875,2.955795288085937,"(-67.16231536865234, -76.48381042480469, 743.8678588867188)","(-1.261326551437378, -76.69651794433594, 742.6634521484375)","(17.106979370117188, 128.17489624023438, 36.010066986083984)","(17.469554901123047, 147.10548400878906, 42.90024948120117)",POINT (0.5491074919700623 0.3441953063011169),,,,,,,,,,,,,,,,,,,,,,,,,,,,,,,,,,,,,,,,,,,,,1,
0,54,27,437274919403,1841278514,1,1,"(0.5533167123794556, 0.45157575607299805)","(0.5635881423950195, 0.2394469529390335)",1,1,2.91119384765625,2.92962646484375,"(-67.2435302734375, -76.48098754882812, 744.1596069335938)","(-1.3648074865341187, -76.67733001708984, 743.1347045898438)","(18.746915817260742, 117.97117614746094, 32.29623031616211)","(22.306346893310547, 156.8270721435547, 46.438636779785156)",POINT (0.5584524273872375 0.3455113545060158),,,,,,,,,,,,,,,,,,,,,,,,,,,,,,,,,,,,,,,,,,,,,1,
0,54,27,437274936070,1841295180,1,1,"(0.565056324005127, 0.42818889021873474)","(0.5632252097129822, 0.2599097490310669)",1,1,2.942611694335937,2.944686889648437,"(-67.24882507324219, -76.49163818359375, 744.2198486328125)","(-1.368453025817871, -76.68742370605469, 743.1803588867188)","(22.815109252929688, 122.25497436523438, 33.85539627075195)","(22.180564880371094, 153.07888793945312, 45.07441329956055)",POINT (0.5641407668590546 0.3440493196249008),,,,,,,,,,,,,,,,,,,,,,,,,,,,,,,,,,,,,,,,,,,,,1,
0,54,27,437274952737,1841311847,1,1,"(0.5480327010154724, 0.45207861065864563)","(0.5613067150115967, 0.26827171444892883)",1,1,2.908676147460937,2.9152069091796875,"(-67.23823547363281, -76.47965240478516, 744.2077026367188)","(-1.3641126155853271, -76.6935043334961, 743.2413330078125)","(16.915822982788086, 117.87907409667969, 32.2626838684082)","(21.51573944091797, 151.54721069335938, 44.516910552978516)",POINT (0.5546697080135345 0.3601751625537872),,,,,,,,,,,,,,,,,,,,,,,,,,,,,,,,,,,,,,,,,,,,,1,
0,54,27,437274969405,1841328514,1,1,"(0.6097326874732971, 0.4699399471282959)","(0.6139042973518372, 0.3129359781742096)",1,1,2.87664794921875,2.916778564453125,"(-67.13929748535156, -76.54176330566406, 744.8206787109375)","(-1.1975996494293213, -76.74059295654297, 743.302734375)","(38.297096252441406, 114.6073989868164, 31.071882247924805)","(39.74272918701172, 143.3660125732422, 41.53915786743164)",POINT (0.6118184924125671 0.3914379626512528),,,,,,,,,,,,,,,,,,,,,,,,,,,,,,,,,,,,,,,,,,,,,,
0,54,27,437274986077,1841345186,1,1,"(0.6177400350570679, 0.48273542523384094)","(0.6411725878715515, 0.2688392400741577)",1,1,2.8898468017578125,2.867904663085937,"(-67.01280212402344, -76.48794555664062, 744.4722900390625)","(-1.1619298458099365, -76.75364685058594, 743.3635864257812)","(41.07196044921875, 112.26362609863281, 30.21881866455078)","(49.19218063354492, 151.44326782226562, 44.47904586791992)",POINT (0.6294563114643097 0.3757873326539993),,,,,,,,,,,,,,,,,,,,,,,,,,,,,,,,,,,,,,,,,,,,,1,
0,54,27,437275002746,1841361854,1,1,"(0.6087443232536316, 0.4427012801170349)","(0.6328545212745667, 0.2641768455505371)",1,1,2.918914794921875,2.87335205078125,"(-66.96354675292969, -76.48206329345703, 744.3580932617188)","(-1.1220531463623047, -76.75115203857422, 743.302734375)","(37.954612731933594, 119.59672546386719, 32.88789749145508)","(46.30966567993164, 152.29727172851562, 44.78990173339844)",POINT (0.6207994222640991 0.353439062833786),,,,,,,,,,,,,,,,,,,,,,,,,,,,,,,,,,,,,,,,,,,,,1,
0,54,27,437275019412,1841378520,1,1,"(0.6124379634857178, 0.46193984150886536)","(0.6260718703269958, 0.28571614623069763)",1,1,2.894317626953125,2.8995819091796875,"(-66.93232727050781, -76.46436309814453, 744.3954467773438)","(-1.068893551826477, -76.74562072753906, 743.211669921875)","(39.23457717895508, 116.07276153564453, 31.605300903320312)","(43.95923614501953, 148.3518829345703, 43.3538932800293)",POINT (0.6192549169063568 0.3738279938697815),,,,,,,,,,,,,,,,,,,,,,,,,,,,,,,,,,,,,,,,,,,,,1,
0,54,27,437275036079,1841395186,1,1,"(0.6216467022895813, 0.3795040249824524)","(0.6247746348381042, 0.2968488931655884)",1,1,2.9976043701171875,2.86224365234375,"(-66.91398620605469, -76.48535919189453, 744.6641235351562)","(-0.992404580116272, -76.76136016845703, 743.2420043945312)","(42.425750732421875, 131.1726531982422, 37.101173400878906)","(43.50970458984375, 146.31268310546875, 42.61170959472656)",POINT (0.6232106685638428 0.3381764590740204),,,,,,,,,,,,,,,,,,,,,,,,,,,,,,,,,,,,,,,,,,,,,1,
0,54,27,437275052747,1841411854,1,1,"(0.6164220571517944, 0.413530170917511)","(0.6251625418663025, 0.22730176150798798)",1,1,2.935089111328125,2.888458251953125,"(-66.89051055908203, -76.48170471191406, 744.8416137695312)","(-0.9471778869628906, -76.77328491210938, 743.3184814453125)","(40.61521911621094, 124.94001770019531, 34.832725524902344)","(43.644126892089844, 159.05172729492188, 47.24831771850586)",POINT (0.6207922995090485 0.3204159662127495),,,,,,,,,,,,,,,,,,,,,,,,,,,,,,,,,,,,,,,,,,,,,1,
0,54,27,437275069414,1841428520,1,1,"(0.6036254167556763, 0.42084136605262756)","(0.6314970254898071, 0.29412153363227844)",1,1,2.916412353515625,2.8674774169921875,"(-66.8486099243164, -76.47814178466797, 744.72509765625)","(-0.9403570890426636, -76.79638671875, 743.2882690429688)","(36.18072509765625, 123.60083770751953, 34.34525680541992)","(45.83924865722656, 146.81228637695312, 42.793495178222656)",POINT (0.6175612211227417 0.357481449842453),,,,,,,,,,,,,,,,,,,,,,,,,,,,,,,,,,,,,,,,,,,,,1,
0,54,27,437275086080,1841445186,1,1,"(0.6087290048599243, 0.4621657431125641)","(0.6374757289886475, 0.2995884418487549)",1,1,2.874252319335937,2.8802032470703125,"(-66.81289672851562, -76.46056365966797, 744.6243896484375)","(-0.9229446649551392, -76.82556915283203, 743.166259765625)","(37.94929122924805, 116.03140258789062, 31.590179443359375)","(47.91109085083008, 145.8109130859375, 42.429046630859375)",POINT (0.6231023669242859 0.3808770924806595),,,,,,,,,,,,,,,,,,,,,,,,,,,,,,,,,,,,,,,,,,,,,1,
0,54,27,437275102748,1841461853,1,1,"(0.6195068359375, 0.4592388868331909)","(0.632082462310791, 0.31360161304473877)",1,1,2.899032592773437,2.849273681640625,"(-66.78990173339844, -76.47566223144531, 744.5511474609375)","(-0.913414716720581, -76.9220962524414, 743.1506958007812)","(41.68422317504883, 116.5675048828125, 31.78532600402832)","(46.042137145996094, 143.24407958984375, 41.494808197021484)",POINT (0.6257946491241455 0.3864202499389648),,,,,,,,,,,,,,,,,,,,,,,,,,,,,,,,,,,,,,,,,,,,,,
0,54,27,437275119419,1841478524,1,1,"(0.5972164869308472, 0.40337446331977844)","(0.6362718939781189, 0.30659374594688416)",1,1,2.968353271484375,2.90301513671875,"(-66.80654907226562, -76.47471618652344, 744.6099243164062)","(-0.9241366982460022, -76.96268463134766, 743.2272338867188)","(33.95979690551758, 126.80025482177734, 35.509769439697266)","(47.493927001953125, 144.5277099609375, 41.96202087402344)",POINT (0.616744190454483 0.3549841046333313),,,,,,,,,,,,,,,,,,,,,,,,,,,,,,,,,,,,,,,,,,,,,1,
0,54,27,437275136087,1841495191,1,1,"(0.6238458156585693, 0.44772854447364807)","(0.6274299025535583, 0.24016568064689636)",1,1,2.870712280273437,2.90472412109375,"(-66.8353271484375, -76.51071166992188, 744.7119140625)","(-0.9318323731422424, -76.99714660644531, 743.242431640625)","(43.18782043457031, 118.67587280273438, 32.552730560302734)","(44.42985534667969, 156.69541931152344, 46.39067459106445)",POINT (0.6256378591060638 0.3439471125602722),,,,,,,,,,,,,,,,,,,,,,,,,,,,,,,,,,,,,,,,,,,,,1,
0,54,27,437275152753,1841511857,1,1,"(0.5984125137329102, 0.46195071935653687)","(0.5942096710205078, 0.2970207631587982)",1,1,2.955673217773437,2.9430084228515625,"(-66.92276000976562, -76.51182556152344, 744.7410278320312)","(-1.006054401397705, -76.97700500488281, 743.22705078125)","(34.37425231933594, 116.0707778930664, 31.604562759399414)","(32.917816162109375, 146.2812042236328, 42.600257873535156)",POINT (0.596311092376709 0.3794857412576675),,,,,,,,,,,,,,,,,,,,,,,,,,,,,,,,,,,,,,,,,,,,,1,
0,54,27,437275169421,1841528524,1,1,"(0.5853762030601501, 0.32475894689559937)","(0.6176350116729736, 0.2970770299434662)",1,1,3.0249786376953125,2.9332275390625,"(-66.9667739868164, -76.51690673828125, 744.467041015625)","(-1.1353864669799805, -76.99492645263672, 743.4094848632812)","(29.856687545776367, 141.20037841796875, 40.75096130371094)","(41.035560607910156, 146.27088928222656, 42.59651184082031)",POINT (0.6015056073665619 0.3109179884195328),,,,,,,,,,,,,,,,,,,,,,,,,,,,,,,,,,,,,,,,,,,,,1,
0,54,27,437275186086,1841545189,1,1,"(0.5919644832611084, 0.47268396615982056)","(0.6040006279945374, 0.23947007954120636)",1,1,2.923248291015625,2.9690399169921875,"(-67.08053588867188, -76.53616333007812, 744.785400390625)","(-1.180550456047058, -76.98571014404297, 743.36376953125)","(32.139793395996094, 114.1047592163086, 30.888961791992188)","(36.31074905395508, 156.82284545898438, 46.437068939208984)",POINT (0.5979825556278229 0.3560770228505135),,,,,,,,,,,,,,,,,,,,,,,,,,,,,,,,,,,,,,,,,,,,,1,
0,54,27,437275202755,1841561857,1,1,"(0.5865101218223572, 0.39811772108078003)","(0.5965077877044678, 0.24873803555965424)",1,1,2.945343017578125,2.92816162109375,"(-67.17904663085938, -76.55793762207031, 744.7979736328125)","(-1.2734434604644775, -76.94819641113281, 743.4701538085938)","(30.249635696411133, 127.76314544677734, 35.86023712158203)","(33.71421813964844, 155.12522888183594, 45.81917190551758)",POINT (0.5915089547634125 0.3234278783202171),,,,,,,,,,,,,,,,,,,,,,,,,,,,,,,,,,,,,,,,,,,,,1,
0,54,27,437275219422,1841578524,1,1,"(0.5891777873039246, 0.43182113766670227)","(0.6106618046760559, 0.28942781686782837)",1,1,2.9876861572265625,2.9312896728515625,"(-67.26103210449219, -76.51611328125, 744.5460205078125)","(-1.3988265991210938, -76.83206176757812, 743.271728515625)","(31.174091339111328, 121.58966827392578, 33.613216400146484)","(38.61909866333008, 147.67201232910156, 43.106475830078125)",POINT (0.5999197959899902 0.3606244772672653),,,,,,,,,,,,,,,,,,,,,,,,,,,,,,,,,,,,,,,,,,,,,1,
0,54,27,437275236089,1841595190,1,1,"(0.5923146605491638, 0.4401699900627136)","(0.6004231572151184, 0.2964108884334564)",1,1,2.93060302734375,2.9565582275390625,"(-67.41242980957031, -76.56739807128906, 744.8896484375)","(-1.4917452335357666, -76.82640075683594, 743.5609130859375)","(32.26113510131836, 120.06039428710938, 33.0566291809082)","(35.0710334777832, 146.39291381835938, 42.64090347290039)",POINT (0.5963689088821411 0.368290439248085),,,,,,,,,,,,,,,,,,,,,,,,,,,,,,,,,,,,,,,,,,,,,1,
0,54,27,437275252760,1841611861,1,1,"(0.5877293944358826, 0.3984401524066925)","(0.6178491711616516, 0.30201706290245056)",1,1,2.96221923828125,2.927108764648437,"(-67.49494934082031, -76.53921508789062, 744.6231079101562)","(-1.650313377380371, -76.78526306152344, 743.5146484375)","(30.67217445373535, 127.70408630371094, 35.83873748779297)","(41.10975646972656, 145.3660430908203, 42.26714324951172)",POINT (0.6027892827987671 0.3502286076545715),,,,,,,,,,,,,,,,,,,,,,,,,,,,,,,,,,,,,,,,,,,,,1,
0,54,27,437275269428,1841628528,1,1,"(0.5924968719482422, 0.42184603214263916)","(0.5885096788406372, 0.29091379046440125)",1,1,2.9490509033203125,2.9535675048828125,"(-67.650146484375, -76.59414672851562, 745.01220703125)","(-1.703444242477417, -76.77182006835938, 743.4227294921875)","(32.324283599853516, 123.41680145263672, 34.27828598022461)","(30.942577362060547, 147.39984130859375, 43.007381439208984)",POINT (0.5905032753944397 0.3563799113035202),,,,,,,,,,,,,,,,,,,,,,,,,,,,,,,,,,,,,,,,,,,,,1,
0,54,27,437275286094,1841645194,1,1,"(0.6221151351928711, 0.4596395492553711)","(0.6195454597473145, 0.2993347942829132)",1,1,2.791717529296875,2.963043212890625,"(-67.71206665039062, -76.5540771484375, 744.7025146484375)","(-1.854609489440918, -76.76693725585938, 743.6051635742188)","(42.58810806274414, 116.4941177368164, 31.75862693786621)","(41.69760513305664, 145.85733032226562, 42.44599151611328)",POINT (0.6208302974700928 0.3794871717691422),,,,,,,,,,,,,,,,,,,,,,,,,,,,,,,,,,,,,,,,,,,,,1,
0,54,27,437275302762,1841661861,1,1,"(0.5888762474060059, 0.4340738356113434)","(0.6041986346244812, 0.29657259583473206)",1,1,2.97735595703125,2.937957763671875,"(-67.82551574707031, -76.57463073730469, 744.881591796875)","(-1.9129421710968018, -76.75817108154297, 743.4829711914062)","(31.069589614868164, 121.1770248413086, 33.46307373046875)","(36.37935256958008, 146.36329650878906, 42.630096435546875)",POINT (0.5965374410152435 0.3653232157230377),,,,,,,,,,,,,,,,,,,,,,,,,,,,,,,,,,,,,,,,,,,,,1,
0,54,27,437275319429,1841678528,1,1,"(0.5914475321769714, 0.4883865416049957)","(0.6066063642501831, 0.28994524478912354)",1,1,2.8773956298828125,2.9698638916015625,"(-67.91546630859375, -76.56907653808594, 745.0496826171875)","(-1.9730632305145264, -76.71865844726562, 743.5284423828125)","(31.960636138916016, 111.22850799560547, 29.84206199645996)","(37.21372985839844, 147.57723999023438, 43.07196807861328)",POINT (0.5990269482135773 0.3891658931970596),,,,,,,,,,,,,,,,,,,,,,,,,,,,,,,,,,,,,,,,,,,,,1,
0,54,27,437275352763,1841711861,1,1,"(0.5838934183120728, 0.4452977180480957)","(0.6052125692367554, 0.2785625159740448)",1,1,2.9757232666015625,2.902084350585937,"(-67.96676635742188, -76.53242492675781, 744.7255249023438)","(-2.080066680908203, -76.65512084960938, 743.5734252929688)","(29.342859268188477, 119.12113952636719, 32.714752197265625)","(36.73073196411133, 149.66224670410156, 43.830806732177734)",POINT (0.5945529937744141 0.3619301170110702),,,,,,,,,,,,,,,,,,,,,,,,,,,,,,,,,,,,,,,,,,,,,1,
0,54,27,437275386101,1841745198,1,1,"(0.6614210605621338, 0.4859422445297241)","(0.6485005617141724, 0.31054380536079407)",1,1,2.842880249023437,2.9917449951171875,"(-67.92372131347656, -76.57875061035156, 745.2343139648438)","(-1.9927915334701538, -76.6877212524414, 743.6654052734375)","(56.20901870727539, 111.67621612548828, 30.005077362060547)","(51.731590270996094, 143.80418395996094, 41.69865417480469)",POINT (0.6549608111381531 0.3982430249452591),,,,,,,,,,,,,,,,,,,,,,,,,,,,,,,,,,,,,,,,,,,,,,
0,54,27,437275402769,1841761865,1,1,"(0.6336694955825806, 0.4901846945285797)","(0.6457833051681519, 0.24377189576625824)",1,1,2.9344024658203125,2.895248413085937,"(-67.92112731933594, -76.59210205078125, 745.1423950195312)","(-1.9952610731124878, -76.731689453125, 743.6807861328125)","(46.59209060668945, 110.89913940429688, 29.722183227539062)","(50.789974212646484, 156.03488159179688, 46.15027618408203)",POINT (0.6397264003753662 0.366978295147419),,,,,,,,,,,,,,,,,,,,,,,,,,,,,,,,,,,,,,,,,,,,,1,
0,54,27,437275419435,1841778531,1,1,"(0.6327311396598816, 0.49178388714790344)","(0.6412996649742126, 0.254731684923172)",1,1,2.906967163085937,2.91815185546875,"(-67.91842651367188, -76.59542846679688, 745.1126708984375)","(-1.982779860496521, -76.75384521484375, 743.6046752929688)","(46.26691436767578, 110.60621643066406, 29.615583419799805)","(49.23622131347656, 154.02735900878906, 45.41960906982422)",POINT (0.6370154023170471 0.3732577860355377),,,,,,,,,,,,,,,,,,,,,,,,,,,,,,,,,,,,,,,,,,,,,1,
0,54,27,437275436103,1841795198,1,1,"(0.6139540672302246, 0.4612594544887543)","(0.6333863139152527, 0.2802414000034332)",1,1,2.8885040283203125,2.9616241455078125,"(-67.91209411621094, -76.617431640625, 745.1299438476562)","(-1.9615910053253174, -76.78300476074219, 743.6654052734375)","(39.759971618652344, 116.19740295410156, 31.6506290435791)","(46.49396514892578, 149.35470581054688, 43.718910217285156)",POINT (0.6236701905727386 0.3707504272460938),,,,,,,,,,,,,,,,,,,,,,,,,,,,,,,,,,,,,,,,,,,,,1,
0,54,27,437275452770,1841811865,1,1,"(0.6269691586494446, 0.5008450150489807)","(0.6352775692939758, 0.2763620913028717)",1,1,2.874374389648437,2.903228759765625,"(-67.9014892578125, -76.62335968017578, 745.1485595703125)","(-1.94548761844635, -76.78553009033203, 743.604736328125)","(44.27018356323242, 108.94644165039062, 29.01152992248535)","(47.14934158325195, 150.06527709960938, 43.977516174316406)",POINT (0.6311233639717102 0.3886035531759262),,,,,,,,,,,,,,,,,,,,,,,,,,,,,,,,,,,,,,,,,,,,,,
0,54,27,437275469437,1841828531,1,1,"(0.5991746783256531, 0.44097620248794556)","(0.6466474533081055, 0.27666422724723816)",1,1,2.8369903564453125,2.9210357666015625,"(-67.89506530761719, -76.62779235839844, 745.1336059570312)","(-1.9381599426269531, -76.78840637207031, 743.5742797851562)","(34.638370513916016, 119.91272735595703, 33.00284957885742)","(51.08943176269531, 150.00994873046875, 43.95738983154297)",POINT (0.6229110658168793 0.3588202148675919),,,,,,,,,,,,,,,,,,,,,,,,,,,,,,,,,,,,,,,,,,,,,1,
0,54,27,437275486104,1841845198,1,1,"(0.6240730285644531, 0.4504684805870056)","(0.6447370648384094, 0.2762182652950287)",1,1,2.90252685546875,2.929916381835937,"(-67.88502502441406, -76.61715698242188, 745.1024169921875)","(-1.9300307035446167, -76.78653717041016, 743.5287475585938)","(43.266571044921875, 118.17398834228516, 32.37006759643555)","(50.42741775512695, 150.09164428710938, 43.987117767333984)",POINT (0.6344050467014313 0.3633433729410172),,,,,,,,,,,,,,,,,,,,,,,,,,,,,,,,,,,,,,,,,,,,,1,
0,54,27,437275502772,1841861865,1,1,"(0.6379249095916748, 0.5014721751213074)","(0.6435545086860657, 0.325183242559433)",1,1,2.860687255859375,2.896591186523437,"(-67.87876892089844, -76.61161804199219, 745.1212768554688)","(-1.9278037548065186, -76.78520202636719, 743.513427734375)","(48.066768646240234, 108.83159637451172, 28.969646453857422)","(50.01760482788086, 141.12266540527344, 40.72265625)",POINT (0.6407397091388702 0.4133277088403702),,,,,,,,,,,,,,,,,,,,,,,,,,,,,,,,,,,,,,,,,,,,,,
0,54,27,437275519445,1841878538,1,1,"(0.6217640042304993, 0.4732407033443451)","(0.6382059454917908, 0.21674534678459167)",1,1,2.928375244140625,2.9088134765625,"(-67.87936401367188, -76.59739685058594, 745.1353759765625)","(-1.9254213571548462, -76.77938079833984, 743.4676513671875)","(42.466400146484375, 114.0027847290039, 30.85184669494629)","(48.16413879394531, 160.98536682128906, 47.95209884643555)",POINT (0.629984974861145 0.3449930250644684),,,,,,,,,,,,,,,,,,,,,,,,,,,,,,,,,,,,,,,,,,,,,1,
0,54,27,437275536113,1841895205,1,1,"(0.6291049718856812, 0.5246059894561768)","(0.6451494097709656, 0.2892625331878662)",1,1,2.8289794921875,2.885650634765625,"(-67.88885498046875, -76.59536743164062, 745.2577514648438)","(-1.9273604154586792, -76.77303314208984, 743.4219970703125)","(45.01033401489258, 104.59412384033203, 27.4273738861084)","(50.570316314697266, 147.70230102539062, 43.11745071411133)",POINT (0.6371271908283234 0.4069342613220215),,,,,,,,,,,,,,,,,,,,,,,,,,,,,,,,,,,,,,,,,,,,,,
0,54,27,437275569447,1841928538,1,1,"(0.6029781699180603, 0.49333712458610535)","(0.6291117668151855, 0.2614167034626007)",1,1,2.80010986328125,2.8925933837890625,"(-67.90095520019531, -76.54273223876953, 745.2388916015625)","(-1.9380557537078857, -76.76290893554688, 743.4065551757812)","(35.956443786621094, 110.32169342041016, 29.512025833129883)","(45.01266860961914, 152.8028564453125, 44.973934173583984)",POINT (0.6160449683666229 0.377376914024353),,,,,,,,,,,,,,,,,,,,,,,,,,,,,,,,,,,,,,,,,,,,,1,
0,54,27,437275586114,1841945205,1,1,"(0.6061767339706421, 0.4910847544670105)","(0.6416090726852417, 0.2192007452249527)",1,1,2.8337554931640625,2.9299468994140625,"(-67.94005584716797, -76.519287109375, 745.1138305664062)","(-1.9488924741744995, -76.751708984375, 743.3609008789062)","(37.06484603881836, 110.73426055908203, 29.662202835083008)","(49.34345245361328, 160.5355987548828, 47.788421630859375)",POINT (0.6238929033279419 0.3551427498459816),,,,,,,,,,,,,,,,,,,,,,,,,,,,,,,,,,,,,,,,,,,,,1,
0,54,27,437275602782,1841961872,1,1,"(0.5930319428443909, 0.5101945996284485)","(0.6414568424224854, 0.22982384264469147)",1,1,2.7707672119140625,2.8515777587890625,"(-67.94152069091797, -76.49830627441406, 745.0830078125)","(-1.9612133502960205, -76.7373046875, 743.4066162109375)","(32.509700775146484, 107.23388671875, 28.38817024230957)","(49.29070281982422, 158.58975219726562, 47.080196380615234)",POINT (0.6172443926334381 0.37000922113657),,,,,,,,,,,,,,,,,,,,,,,,,,,,,,,,,,,,,,,,,,,,,1,
0,54,27,437275619448,1841978538,1,1,"(0.640923798084259, 0.5026535987854004)","(0.647124171257019, 0.251183420419693)",1,1,2.846176147460937,2.9053955078125,"(-67.9120101928711, -76.49089050292969, 744.972412109375)","(-1.9817688465118408, -76.73352813720703, 743.4979858398438)","(49.10598373413086, 108.61518096923828, 28.890926361083984)","(51.254634857177734, 154.6772918701172, 45.656150817871094)",POINT (0.644023984670639 0.3769185096025467),,,,,,,,,,,,,,,,,,,,,,,,,,,,,,,,,,,,,,,,,,,,,1,
0,54,27,437275636120,1841995209,1,1,"(0.6536394953727722, 0.41070130467414856)","(0.657203733921051, 0.2775028645992279)",1,1,2.8467254638671875,2.9283905029296875,"(-67.85319519042969, -76.39850616455078, 744.9866943359375)","(-1.9589331150054932, -76.6011962890625, 743.7265625)","(53.512420654296875, 125.45820617675781, 35.02128982543945)","(54.74757766723633, 149.85635375976562, 43.90142822265625)",POINT (0.6554216146469116 0.3441020846366882),,,,,,,,,,,,,,,,,,,,,,,,,,,,,,,,,,,,,,,,,,,,,1,
0,54,27,437275702789,1842061876,1,1,"(0.6913385987281799, 0.564489483833313)","(0.6912311315536499, 0.20412345230579376)",1,1,3.0101776123046875,2.929840087890625,"(-67.74980163574219, -76.17051696777344, 744.5078735351562)","(-1.942248821258545, -76.4551010131836, 743.573974609375)","(66.57655334472656, 97.2885971069336, 24.768430709838867)","(66.53929138183594, 163.29734802246094, 48.79358673095703)",POINT (0.6912848651409149 0.3843064680695534),,,,,,,,,,,,,,,,,,,,,,,,,,,,,,,,,,,,,,,,,,,,,,
0,54,27,437275719456,1842078543,1,1,"(0.6770560145378113, 0.4621937572956085)","(0.705322802066803, 0.1567072570323944)",1,1,2.89068603515625,2.9342498779296875,"(-67.79531860351562, -76.21456146240234, 744.6697998046875)","(-1.949238896369934, -76.48432922363281, 743.5130615234375)","(61.627113342285156, 116.02626037597656, 31.588333129882812)","(71.422607421875, 171.98263549804688, 51.954742431640625)",POINT (0.6911894083023071 0.3094505071640015),,,,,,,,,,,,,,,,,,,,,,,,,,,,,,,,,,,,,,,,,,,,,1,
0,54,27,437275736123,1842095209,1,1,"(0.6857284903526306, 0.46351468563079834)","(0.7047404646873474, 0.10034790635108948)",1,1,2.9745330810546875,2.86572265625,"(-67.82684326171875, -76.2313003540039, 744.7713623046875)","(-1.960618495941162, -76.48344421386719, 743.4824829101562)","(64.63243865966797, 115.78430938720703, 31.500267028808594)","(71.22078704833984, 182.30604553222656, 55.712158203125)",POINT (0.695234477519989 0.2819312959909439),,,,,,,,,,,,,,,,,,,,,,,,,,,,,,,,,,,,,,,,,,,,1,1,
0,54,27,437275752790,1842111876,1,1,"(0.6908966302871704, 0.4799272418022156)","(0.7016169428825378, 0.13205820322036743)",1,1,2.8675537109375,2.9308624267578125,"(-67.85943603515625, -76.27263641357422, 744.9349365234375)","(-1.9577794075012207, -76.50333404541016, 743.4827270507812)","(66.42337799072266, 112.77796173095703, 30.4061336517334)","(70.13835906982422, 176.49761962890625, 53.59809875488281)",POINT (0.6962567865848541 0.3059927225112915),,,,,,,,,,,,,,,,,,,,,,,,,,,,,,,,,,,,,,,,,,,,,1,
0,54,27,437275769460,1842128545,1,1,"(0.6860458850860596, 0.5002955794334412)","(0.6905996203422546, 0.1916995495557785)",1,1,2.9342041015625,2.951873779296875,"(-67.88177490234375, -76.28501892089844, 744.9928588867188)","(-1.9740198850631714, -76.50865173339844, 743.5740356445312)","(64.74242401123047, 109.04710388183594, 29.04810333251953)","(66.32047271728516, 165.5730438232422, 49.621883392333984)",POINT (0.6883227527141571 0.3459975644946098),,,,,,,,,,,,,,,,,,,,,,,,,,,,,,,,,,,,,,,,,,,,,1,
0,54,27,437275802795,1842161879,1,1,"(0.6482745409011841, 0.3625028729438782)","(0.6886403560638428, 0.14875949919223785)",1,1,2.7059326171875,2.9138336181640625,"(-67.91557312011719, -76.30558013916016, 744.954833984375)","(-2.004998207092285, -76.51602935791016, 743.64990234375)","(51.65327072143555, 134.2867889404297, 38.234619140625)","(65.64151000976562, 173.4384307861328, 52.484642028808594)",POINT (0.6684574484825134 0.255631186068058),,,,,,,,,,,,,,,,,,,,,,,,,,,,,,,,,,,,,,,,,,,,1,1,
0,54,27,437275819462,1842178546,1,1,"(0.6898764967918396, 0.3183313310146332)","(0.6906228065490723, 0.19645333290100098)",1,1,2.9072723388671875,2.88232421875,"(-67.92053985595703, -76.28949737548828, 744.875244140625)","(-2.0226683616638184, -76.50627899169922, 743.634765625)","(66.06987762451172, 142.37774658203125, 41.17946243286133)","(66.32850646972656, 164.7022705078125, 49.30495834350586)",POINT (0.6902496516704559 0.2573923319578171),,,,,,,,,,,,,,,,,,,,,,,,,,,,,,,,,,,,,,,,,,,,1,1,
0,54,27,437275869463,1842228545,1,1,"(0.6946636438369751, 0.43874770402908325)","(0.6983261704444885, 0.1844487488269806)",1,1,2.8383941650390625,2.8819732666015625,"(-67.9426040649414, -76.27940368652344, 744.6217041015625)","(-2.0848331451416016, -76.51760864257812, 743.543212890625)","(67.72879791259766, 120.32090759277344, 33.15143585205078)","(68.99800872802734, 166.9011688232422, 50.10528564453125)",POINT (0.6964949071407318 0.3115982264280319),,,,,,,,,,,,,,,,,,,,,,,,,,,,,,,,,,,,,,,,,,,,,1,
0,54,27,437275886130,1842245212,1,1,"(0.6861857175827026, 0.36501383781433105)","(0.7178086638450623, 0.13970626890659332)",1,1,2.89813232421875,2.899749755859375,"(-67.9806137084961, -76.30228424072266, 744.6759643554688)","(-2.1527557373046875, -76.53634643554688, 743.5730590820312)","(64.79088592529297, 133.82684326171875, 38.06721878051758)","(75.74939727783203, 175.09671020507812, 53.088226318359375)",POINT (0.7019971907138824 0.2523600533604622),,,,,,,,,,,,,,,,,,,,,,,,,,,,,,,,,,,,,,,,,,,,1,1,
0,54,27,437275902802,1842261883,1,1,"(0.6391620635986328, 0.3889438211917877)","(0.6628893613815308, 0.22453594207763672)",1,1,2.822738647460937,2.8968963623046875,"(-68.0814437866211, -76.44430541992188, 744.7981567382812)","(-2.233485698699951, -76.65975952148438, 743.4813842773438)","(48.4954719543457, 129.4435577392578, 36.4718017578125)","(56.71783447265625, 159.558349609375, 47.43272399902344)",POINT (0.6510257124900818 0.3067398816347122),,,,,,,,,,,,,,,,,,,,,,,,,,,,,,,,,,,,,,,,,,,,,1,
0,54,27,437275919471,1842278552,1,1,"(0.6273043155670166, 0.414978951215744)","(0.647083580493927, 0.1718744933605194)",1,1,2.817230224609375,2.915390014648437,"(-68.17495727539062, -76.54652404785156, 744.7596435546875)","(-2.387753963470459, -76.76991271972656, 743.556640625)","(44.38631820678711, 124.6746597290039, 34.73609924316406)","(51.240570068359375, 169.2044219970703, 50.94355773925781)",POINT (0.6371939480304718 0.2934267222881317),,,,,,,,,,,,,,,,,,,,,,,,,,,,,,,,,,,,,,,,,,,,1,1,
0,54,27,437275936138,1842295218,1,1,"(0.6643913984298706, 0.5263692736625671)","(0.6545313000679016, 0.24090200662612915)",1,1,2.65277099609375,2.9505157470703125,"(-68.2049331665039, -76.531982421875, 744.660888671875)","(-2.3954966068267822, -76.7628402709961, 743.5414428710938)","(57.23833084106445, 104.27116394042969, 27.3098087310791)","(53.82146072387695, 156.56056213378906, 46.34162521362305)",POINT (0.6594613492488861 0.3836356401443481),,,,,,,,,,,,,,,,,,,,,,,,,,,,,,,,,,,,,,,,,,,,,,
0,54,27,437275969473,1842328552,1,1,"(0.6222708225250244, 0.44690418243408203)","(0.6440934538841248, 0.2321835458278656)",1,1,2.8118133544921875,2.912353515625,"(-68.34474182128906, -76.55558776855469, 745.0531005859375)","(-2.4390041828155518, -76.71106719970703, 743.5717163085938)","(42.642024993896484, 118.82686614990234, 32.60771179199219)","(50.20438003540039, 158.15753173828125, 46.92286682128906)",POINT (0.6331821382045746 0.3395438641309738),,,,,,,,,,,,,,,,,,,,,,,,,,,,,,,,,,,,,,,,,,,,,1,
0,54,27,437275986139,1842345218,1,1,"(0.6187682151794434, 0.4595816135406494)","(0.6337447762489319, 0.24666613340377808)",1,1,2.791046142578125,2.9788360595703125,"(-68.40972900390625, -76.57218933105469, 745.336669921875)","(-2.4767847061157227, -76.64403533935547, 743.6322021484375)","(41.428260803222656, 116.5047378540039, 31.762466430664062)","(46.6181755065918, 155.50473022460938, 45.95733642578125)",POINT (0.6262564957141876 0.3531238734722138),,,,,,,,,,,,,,,,,,,,,,,,,,,,,,,,,,,,,,,,,,,,,1,
0,54,27,437276019473,1842378551,1,1,"(0.5977224111557007, 0.4165297746658325)","(0.6492619514465332, 0.26960915327072144)",1,1,2.8169708251953125,2.93853759765625,"(-68.43682861328125, -76.52345275878906, 744.8909301757812)","(-2.5381903648376465, -76.62162017822266, 743.6317749023438)","(34.13509750366211, 124.39058685302734, 34.63272476196289)","(51.995445251464844, 151.30223083496094, 44.427734375)",POINT (0.6234921813011169 0.343069463968277),,,,,,,,,,,,,,,,,,,,,,,,,,,,,,,,,,,,,,,,,,,,,1,
0,54,27,437276036146,1842395223,1,1,"(0.5496719479560852, 0.7927629351615906)","(0.6523948907852173, 0.2782301604747772)",1,1,1.8649139404296875,2.905746459960937,"(-68.46757507324219, -76.51118469238281, 744.77734375)","(-2.570150852203369, -76.62261962890625, 743.5553588867188)","(17.483875274658203, 55.47547912597656, 9.549656867980957)","(53.08111572265625, 149.72311401367188, 43.85298538208008)",POINT (0.6010334193706512 0.5354965478181839),,,,,,,,,,,,,,,,,,,,,,,,,,,,,,,,,,,,,,,,,,,,,1,
0,54,27,437276069480,1842428556,1,1,"(0.6209010481834412, 0.48944994807243347)","(0.6511209607124329, 0.2700495719909668)",1,1,2.84832763671875,2.9402008056640625,"(-68.4747543334961, -76.51758575439453, 744.7764892578125)","(-2.5782470703125, -76.62503051757812, 743.5400390625)","(42.167362213134766, 111.03372192382812, 29.771162033081055)","(52.63966369628906, 151.2215576171875, 44.39839172363281)",POINT (0.636011004447937 0.3797497600317001),,,,,,,,,,,,,,,,,,,,,,,,,,,,,,,,,,,,,,,,,,,,,1,
0,54,27,437276086147,1842445223,1,1,"(0.6367848515510559, 0.5308712124824524)","(0.6496506333351135, 0.27720126509666443)",1,1,2.787689208984375,2.9253082275390625,"(-68.45307922363281, -76.54046630859375, 744.734619140625)","(-2.5689215660095215, -76.64947509765625, 743.5555419921875)","(47.67168045043945, 103.44651794433594, 27.009679794311523)","(52.13014602661133, 149.91159057617188, 43.92155838012695)",POINT (0.6432177424430847 0.4040362387895584),,,,,,,,,,,,,,,,,,,,,,,,,,,,,,,,,,,,,,,,,,,,,,
0,54,27,437276119481,1842478556,1,1,"(0.6334600448608398, 0.5053088665008545)","(0.6579432487487793, 0.28791648149490356)",1,1,2.860198974609375,2.916244506835937,"(-68.44464111328125, -76.52466583251953, 744.5789794921875)","(-2.5568137168884277, -76.64207458496094, 743.509765625)","(46.5195198059082, 108.12881469726562, 28.713909149169922)","(55.00383377075195, 147.9488525390625, 43.20720672607422)",POINT (0.6457016468048096 0.396612673997879),,,,,,,,,,,,,,,,,,,,,,,,,,,,,,,,,,,,,,,,,,,,,,
0,54,27,437276136149,1842495223,1,1,"(0.6271086931228638, 0.4748174548149109)","(0.6611742377281189, 0.28931674361228943)",1,1,2.8540191650390625,2.9539031982421875,"(-68.4566421508789, -76.55048370361328, 744.6563720703125)","(-2.5595452785491943, -76.66895294189453, 743.448974609375)","(44.318546295166016, 113.71397399902344, 30.746706008911133)","(56.12348937988281, 147.6923828125, 43.11383056640625)",POINT (0.6441414654254913 0.3820670992136002),,,,,,,,,,,,,,,,,,,,,,,,,,,,,,,,,,,,,,,,,,,,,,
0,54,27,437276152815,1842511889,1,1,"(0.597947359085083, 0.47720867395401)","(0.6440327167510986, 0.3654683530330658)",1,1,2.799911499023437,2.9976043701171875,"(-68.4488296508789, -76.54255676269531, 744.6109619140625)","(-2.555774688720703, -76.66117095947266, 743.4031372070312)","(34.21305465698242, 113.2759780883789, 30.58728790283203)","(50.183319091796875, 133.74359130859375, 38.036888122558594)",POINT (0.6209900379180908 0.4213385134935379),,,,,,,,,,,,,,,,,,,,,,,,,,,,,,,,,,,,,,,,,,,,,,
0,54,27,437276169487,1842528560,1,1,"(0.6341058015823364, 0.5065374374389648)","(0.6493268609046936, 0.2748486399650574)",1,1,2.888702392578125,2.9199371337890625,"(-68.44830322265625, -76.5665512084961, 744.5654296875)","(-2.5501186847686768, -76.69357299804688, 743.37255859375)","(46.743282318115234, 107.90377807617188, 28.632003784179688)","(52.01793670654297, 150.34249877929688, 44.07845687866211)",POINT (0.641716331243515 0.3906930387020111),,,,,,,,,,,,,,,,,,,,,,,,,,,,,,,,,,,,,,,,,,,,,,
0,54,27,437276186154,1842545227,1,1,"(0.6206508278846741, 0.48944801092147827)","(0.6476989388465881, 0.31067878007888794)",1,1,2.902450561523437,2.9496612548828125,"(-68.45401000976562, -76.56375885009766, 744.5949096679688)","(-2.5521228313446045, -76.68169403076172, 743.3576049804688)","(42.08063888549805, 111.03406524658203, 29.771297454833984)","(51.45378494262695, 143.7794647216797, 41.68964767456055)",POINT (0.6341748833656311 0.4000633955001831),,,,,,,,,,,,,,,,,,,,,,,,,,,,,,,,,,,,,,,,,,,,,,
0,54,27,437276202821,1842561893,1,1,"(0.6136720180511475, 0.48767486214637756)","(0.6505565047264099, 0.29561060667037964)",1,1,2.8455352783203125,2.9223175048828125,"(-68.45411682128906, -76.58944702148438, 744.5338134765625)","(-2.5551700592041016, -76.71284484863281, 743.357666015625)","(39.66222381591797, 111.35887145996094, 29.88951873779297)","(52.444053649902344, 146.53952026367188, 42.69426727294922)",POINT (0.6321142613887787 0.3916427344083786),,,,,,,,,,,,,,,,,,,,,,,,,,,,,,,,,,,,,,,,,,,,,,
0,54,27,437276219488,1842578560,1,1,"(0.6332287788391113, 0.4698111414909363)","(0.6454951763153076, 0.28541362285614014)",1,1,2.8716583251953125,2.9550018310546875,"(-68.44767761230469, -76.58602905273438, 744.5194091796875)","(-2.5463953018188477, -76.70193481445312, 743.3271484375)","(46.43935775756836, 114.63098907470703, 31.080474853515625)","(50.69012451171875, 148.40731811523438, 43.374061584472656)",POINT (0.6393619775772095 0.3776123821735382),,,,,,,,,,,,,,,,,,,,,,,,,,,,,,,,,,,,,,,,,,,,,1,
0,54,27,437276236156,1842595227,1,1,"(0.6187611818313599, 0.5028345584869385)","(0.6573660969734192, 0.26449576020240784)",1,1,2.842514038085937,2.924179077148437,"(-68.44703674316406, -76.60517883300781, 744.504638671875)","(-2.5512654781341553, -76.71939086914062, 743.281494140625)","(41.42582321166992, 108.5820541381836, 28.878841400146484)","(54.80382537841797, 152.23886108398438, 44.76865768432617)",POINT (0.6380636394023895 0.3836651593446732),,,,,,,,,,,,,,,,,,,,,,,,,,,,,,,,,,,,,,,,,,,,,,
0,54,27,437276252822,1842611893,1,1,"(0.6304541826248169, 0.5257120132446289)","(0.6483246684074402, 0.2863718569278717)",1,1,2.8325958251953125,2.929718017578125,"(-68.44215393066406, -76.58465576171875, 744.4586181640625)","(-2.5404388904571533, -76.69120788574219, 743.2664184570312)","(45.47786331176758, 104.39154052734375, 27.353641510009766)","(51.6706428527832, 148.23179626464844, 43.31016540527344)",POINT (0.6393894255161285 0.4060419350862503),,,,,,,,,,,,,,,,,,,,,,,,,,,,,,,,,,,,,,,,,,,,,,
0,54,27,437276269490,1842628560,1,1,"(0.6119250059127808, 0.5418184995651245)","(0.6446181535720825, 0.28258436918258667)",1,1,2.798828125,2.906723022460937,"(-68.43729400634766, -76.59288024902344, 744.444091796875)","(-2.5344953536987305, -76.69659423828125, 743.2054443359375)","(39.05683517456055, 101.44129943847656, 26.279855728149414)","(50.386199951171875, 148.92555236816406, 43.56270217895508)",POINT (0.6282715797424316 0.4122014343738556),,,,,,,,,,,,,,,,,,,,,,,,,,,,,,,,,,,,,,,,,,,,,,
0,54,27,437276286157,1842645227,1,1,"(0.7036677598953247, 0.7132130861282349)","(0.648189902305603, 0.29785674810409546)",1,1,2.52166748046875,2.9092559814453125,"(-68.43154907226562, -76.56301879882812, 744.475830078125)","(-2.5272140502929688, -76.66023254394531, 743.26611328125)","(70.84904479980469, 70.04672241210938, 14.853145599365234)","(51.62395477294922, 146.12808227539062, 42.54447937011719)",POINT (0.6759288311004639 0.5055349171161652),,,,,,,,,,,,,,,,,,,,,,,,,,,,,,,,,,,,,,,,,,,,,1,
0,54,27,437276302828,1842661897,1,1,"(0.6218739151954651, 0.47699302434921265)","(0.6575635671615601, 0.2381512075662613)",1,1,2.8622589111328125,2.935775756835937,"(-68.42389678955078, -76.54621887207031, 744.3988037109375)","(-2.5213680267333984, -76.64932250976562, 743.23583984375)","(42.50449752807617, 113.31546783447266, 30.601688385009766)","(54.87227249145508, 157.06442260742188, 46.52500915527344)",POINT (0.6397187411785126 0.357572115957737),,,,,,,,,,,,,,,,,,,,,,,,,,,,,,,,,,,,,,,,,,,,,1,
0,54,27,437276319495,1842678564,1,1,"(0.6222172975540161, 0.5806519985198975)","(0.6417860388755798, 0.294143944978714)",1,1,2.7784576416015625,2.9500274658203125,"(-68.44607543945312, -76.51236724853516, 744.3154296875)","(-2.5596141815185547, -76.58187103271484, 743.083251953125)","(42.62347412109375, 94.328125, 23.690818786621094)","(49.40476989746094, 146.80816650390625, 42.792049407958984)",POINT (0.632001668214798 0.4373979717493057),,,,,,,,,,,,,,,,,,,,,,,,,,,,,,,,,,,,,,,,,,,,,1,
0,54,27,437276336163,1842695231,1,1,"(0.6014406085014343, 0.49705055356025696)","(0.6311955451965332, 0.26678863167762756)",1,1,2.866424560546875,2.940948486328125,"(-68.47950744628906, -76.49597930908203, 744.2310180664062)","(-2.608323812484741, -76.54500579833984, 743.0220947265625)","(35.423614501953125, 109.6415023803711, 29.26447868347168)","(45.73479461669922, 151.81886291503906, 44.61576461791992)",POINT (0.6163180768489838 0.3819195926189423),,,,,,,,,,,,,,,,,,,,,,,,,,,,,,,,,,,,,,,,,,,,,1,
0,54,27,437276352830,1842711898,1,1,"(0.6234512329101562, 0.5238724946975708)","(0.6346657276153564, 0.29629766941070557)",1,1,2.847808837890625,2.9320068359375,"(-68.46044158935547, -76.4553451538086, 744.1249389648438)","(-2.5918796062469482, -76.51038360595703, 742.8397216796875)","(43.05110549926758, 104.7284927368164, 27.47629165649414)","(46.937320709228516, 146.41366577148438, 42.64844512939453)",POINT (0.6290584802627563 0.4100850820541382),,,,,,,,,,,,,,,,,,,,,,,,,,,,,,,,,,,,,,,,,,,,,,
0,54,27,437276369497,1842728564,1,1,"(0.5923694372177124, 0.5226761102676392)","(0.6211839914321899, 0.31379571557044983)",1,1,2.8211669921875,2.89337158203125,"(-68.44851684570312, -76.46124267578125, 744.0491943359375)","(-2.5759997367858887, -76.51739501953125, 742.8095703125)","(32.28010559082031, 104.94763946533203, 27.556020736694336)","(42.26540756225586, 143.20852661132812, 41.48185729980469)",POINT (0.6067767143249512 0.4182359129190445),,,,,,,,,,,,,,,,,,,,,,,,,,,,,,,,,,,,,,,,,,,,,,
0,54,27,437276402832,1842761898,1,1,"(0.5994622111320496, 0.5063181519508362)","(0.6288650631904602, 0.266841858625412)",1,1,2.8459014892578125,2.897613525390625,"(-68.43812561035156, -76.45520782470703, 743.9739990234375)","(-2.563040018081665, -76.53475952148438, 742.8095703125)","(34.738014221191406, 107.94396209716797, 28.64657211303711)","(44.927181243896484, 151.80911254882812, 44.61224365234375)",POINT (0.6141636371612549 0.3865800052881241),,,,,,,,,,,,,,,,,,,,,,,,,,,,,,,,,,,,,,,,,,,,,1,
0,54,27,437276419498,1842778564,1,1,"(0.6014605760574341, 0.48794859647750854)","(0.6294254660606384, 0.2868579030036926)",1,1,2.84466552734375,2.9144744873046875,"(-68.42266845703125, -76.45301818847656, 743.8836669921875)","(-2.550870656967163, -76.55126953125, 742.824462890625)","(35.430519104003906, 111.30873107910156, 29.87125015258789)","(45.12138366699219, 148.1427459716797, 43.2778205871582)",POINT (0.6154430210590363 0.3874032497406006),,,,,,,,,,,,,,,,,,,,,,,,,,,,,,,,,,,,,,,,,,,,,1,
0,54,27,437276486173,1842845237,1,1,"(0.6141650676727295, 0.5214769244194031)","(0.6306401491165161, 0.2876155972480774)",1,1,2.805816650390625,2.878158569335937,"(-68.45814514160156, -76.48336029052734, 744.0008544921875)","(-2.5566976070404053, -76.59835815429688, 742.763916015625)","(39.83308792114258, 105.16728973388672, 27.6359920501709)","(45.542320251464844, 148.0039825439453, 43.22726821899414)",POINT (0.6224026083946228 0.4045462608337402),,,,,,,,,,,,,,,,,,,,,,,,,,,,,,,,,,,,,,,,,,,,,,
0,54,27,437276519507,1842878570,1,1,"(0.6251113414764404, 0.5426058769226074)","(0.6309301257133484, 0.3101799786090851)",1,1,2.730697631835937,2.8392333984375,"(-68.49087524414062, -76.48564147949219, 744.02490234375)","(-2.58333158493042, -76.61150360107422, 742.7789306640625)","(43.62638473510742, 101.29705810546875, 26.227380752563477)","(45.642799377441406, 143.87081909179688, 41.722930908203125)",POINT (0.6280207335948944 0.4263929277658462),,,,,,,,,,,,,,,,,,,,,,,,,,,,,,,,,,,,,,,,,,,,,,
0,54,27,437276536174,1842895236,1,1,"(0.6314955949783325, 0.5330809354782104)","(0.633992075920105, 0.2921440899372101)",1,1,2.8007049560546875,2.8482208251953125,"(-68.53266906738281, -76.49905395507812, 744.1717529296875)","(-2.605933427810669, -76.60308837890625, 742.7788696289062)","(45.83876419067383, 103.0417709350586, 26.862356185913086)","(46.70388412475586, 147.17446899414062, 42.925376892089844)",POINT (0.6327438354492188 0.4126125127077103),,,,,,,,,,,,,,,,,,,,,,,,,,,,,,,,,,,,,,,,,,,,,,
0,54,27,437276552845,1842911907,1,1,"(0.6181760430335999, 0.5540238618850708)","(0.6359645128250122, 0.27490684390068054)",1,1,2.738265991210937,2.8516845703125,"(-68.54884338378906, -76.51545715332031, 744.1541748046875)","(-2.6248209476470947, -76.63829040527344, 742.869873046875)","(41.22304153442383, 99.20561981201172, 25.46615219116211)","(47.38739776611328, 150.33184814453125, 44.074554443359375)",POINT (0.627070277929306 0.4144653528928757),,,,,,,,,,,,,,,,,,,,,,,,,,,,,,,,,,,,,,,,,,,,,,
0,54,27,437276619514,1842978574,1,1,"(0.5628237724304199, 0.6092046499252319)","(0.628106415271759, 0.28537628054618835)",1,1,2.4492950439453125,2.86529541015625,"(-68.6368408203125, -76.51644134521484, 743.7332153320312)","(-2.7309365272521973, -76.65016174316406, 742.7626342773438)","(22.041471481323242, 89.09808349609375, 21.787282943725586)","(44.66428756713867, 148.4141387939453, 43.3765869140625)",POINT (0.5954650938510895 0.4472904652357101),,,,,,,,,,,,,,,,,,,,,,,,,,,,,,,,,,,,,,,,,,,,,1,
0,54,27,437276669516,1843028574,1,1,"(0.6183010339736938, 0.4985586106777191)","(0.6361274123191833, 0.35147494077682495)",1,1,2.806732177734375,2.8093414306640625,"(-68.80108642578125, -76.57230377197266, 744.2579956054688)","(-2.8712267875671387, -76.63160705566406, 742.9441528320312)","(41.266357421875, 109.36526489257812, 29.16394805908203)","(47.44384765625, 136.30677795410156, 38.9698371887207)",POINT (0.6272142231464386 0.425016775727272),,,,,,,,,,,,,,,,,,,,,,,,,,,,,,,,,,,,,,,,,,,,,,
0,54,27,437276686186,1843045244,1,1,"(0.616524875164032, 0.5413118600845337)","(0.628183901309967, 0.2845849394798279)",1,1,2.743316650390625,2.8291778564453125,"(-68.83686828613281, -76.59709167480469, 744.2649536132812)","(-2.901404619216919, -76.65714263916016, 742.9739990234375)","(40.65084457397461, 101.53408813476562, 26.313623428344727)","(44.69114685058594, 148.55909729003906, 43.429359436035156)",POINT (0.6223543882369995 0.4129483997821808),,,,,,,,,,,,,,,,,,,,,,,,,,,,,,,,,,,,,,,,,,,,,,
0,54,27,437276719521,1843078578,1,1,"(0.6130701303482056, 0.5699830651283264)","(0.6163150668144226, 0.30881085991859436)",1,1,2.670639038085937,2.84393310546875,"(-68.9043197631836, -76.5996322631836, 744.0487060546875)","(-2.988044261932373, -76.63859558105469, 742.9888305664062)","(39.45364761352539, 96.2823715209961, 24.402141571044922)","(40.57814025878906, 144.12159729003906, 41.814231872558594)",POINT (0.6146925985813141 0.4393969625234604),,,,,,,,,,,,,,,,,,,,,,,,,,,,,,,,,,,,,,,,,,,,,1,
0,54,27,437276752855,1843111911,1,1,"(0.535727322101593, 0.6895607709884644)","(0.6103560924530029, 0.2825632393360138)",1,1,2.35565185546875,2.81463623046875,"(-69.02822875976562, -76.65696716308594, 744.3341064453125)","(-3.1080243587493896, -76.63020324707031, 743.003173828125)","(12.651551246643066, 74.379150390625, 16.430023193359375)","(38.513153076171875, 148.92942810058594, 43.56410598754883)",POINT (0.573041707277298 0.4860620051622391),,,,,,,,,,,,,,,,,,,,,,,,,,,,,,,,,,,,,,,,,,,,,1,
0,54,27,437276769523,1843128578,1,1,"(0.5939880013465881, 0.48485127091407776)","(0.6063573360443115, 0.28931406140327454)",1,1,2.8261871337890625,2.838897705078125,"(-69.04173278808594, -76.65726470947266, 744.3478393554688)","(-3.113654375076294, -76.59872436523438, 742.9422607421875)","(32.84100341796875, 111.87606048583984, 30.07777976989746)","(37.12744903564453, 147.69285583496094, 43.11402130126953)",POINT (0.6001726686954498 0.3870826661586762),,,,,,,,,,,,,,,,,,,,,,,,,,,,,,,,,,,,,,,,,,,,,1,
0,54,27,437276886194,1843245246,1,1,"(0.5495941638946533, 0.5798940062522888)","(0.6034197807312012, 0.31807029247283936)",1,1,2.5964508056640625,2.852996826171875,"(-68.82654571533203, -76.61563110351562, 744.594970703125)","(-2.8589041233062744, -76.64800262451172, 743.1571044921875)","(17.45691680908203, 94.4669418334961, 23.74138832092285)","(36.10946273803711, 142.425537109375, 41.19689178466797)",POINT (0.5765069723129272 0.4489821493625641),,,,,,,,,,,,,,,,,,,,,,,,,,,,,,,,,,,,,,,,,,,,,1,
0,54,27,437276936196,1843295246,1,1,"(0.4657891094684601, 0.8818567395210266)","(0.48827359080314636, 0.31903910636901855)",1,1,1.761871337890625,2.8343963623046875,"(-68.94093322753906, -76.68438720703125, 744.96142578125)","(-2.954936981201172, -76.70753479003906, 742.9893188476562)","(-11.584596633911133, 39.156044006347656, 3.6098780632019043)","(-3.792907238006592, 142.24807739257812, 41.1323127746582)",POINT (0.4770313501358032 0.6004479229450226),,,,,,,,,,,,,,,,,,,,,,,,,,,,,,,,,,,,,,,,,,,,,1,
0,54,27,437276952873,1843311923,1,1,"(0.4636216163635254, 1.0832825899124146)","(0.5013842582702637, 0.3340483605861664)",1,1,1.295257568359375,2.879150390625,"(-68.8962631225586, -76.70191955566406, 744.9530029296875)","(-2.9121971130371094, -76.75859069824219, 743.27880859375)","(-12.335725784301758, 2.260633707046509, -9.818999290466309)","(0.7504187822341919, 139.49884033203125, 40.13164520263672)",POINT (0.4825029373168945 0.7086654752492905),,,,,,,,,,,,,,,,,,,,,,,,,,,,,,,,,,,,,,,,,,,,,,1
0,54,27,437277136215,1843495259,1,1,"(0.4990502893924713, 0.9964442253112793)","(0.5045945048332214, 0.37025177478790283)",1,1,1.492340087890625,2.86309814453125,"(-67.88021850585938, -76.4744644165039, 743.68701171875)","(-1.971409559249878, -76.84410095214844, 742.7820434570312)","(-0.05837636440992355, 18.16691017150879, -4.029524326324463)","(1.8628859519958496, 132.86740112304688, 37.717987060546875)",POINT (0.5018223971128464 0.6833480000495911),,,,,,,,,,,,,,,,,,,,,,,,,,,,,,,,,,,,,,,,,,,,,,1
0,54,27,437277202884,1843561926,1,1,"(0.5168852806091309, 0.5794212222099304)","(0.4866558313369751, 0.3335878849029541)",1,1,2.6239013671875,2.88018798828125,"(-67.61045837402344, -76.49066162109375, 744.0234375)","(-1.6712965965270996, -77.00315856933594, 743.240478515625)","(6.122095584869385, 94.55355834960938, 23.772912979125977)","(-4.353516101837158, 139.58316040039062, 40.16236114501953)",POINT (0.501770555973053 0.4565045535564423),,,,,,,,,,,,,,,,,,,,,,,,,,,,,,,,,,,,,,,,,,,,,1,
0,54,27,437277386230,1843745267,1,1,"(0.4955390989780426, 0.9746188521385193)","(0.5299347043037415, 0.370491087436676)",1,1,1.508575439453125,2.885833740234375,"(-66.94822692871094, -76.49602508544922, 743.8502197265625)","(-1.0007400512695312, -77.1777572631836, 742.527587890625)","(-1.2751383781433105, 22.164709091186523, -2.5744941234588623)","(10.644207954406738, 132.8235626220703, 37.702056884765625)",POINT (0.512736901640892 0.6725549697875977),,,,,,,,,,,,,,,,,,,,,,,,,,,,,,,,,,,,,,,,,,,,,,1
0,54,27,437277402899,1843761935,1,1,"(0.45531079173088074, 1.0439790487289429)","(0.5949462652206421, 0.3572060465812683)",1,1,1.321197509765625,2.9005279541015625,"(-66.80058288574219, -76.49730682373047, 743.9570922851562)","(-0.9206209182739258, -77.24307250976562, 743.1512451171875)","(-15.215704917907715, 9.45991039276123, -7.198673725128174)","(33.17306900024414, 135.2570037841797, 38.58774948120117)",POINT (0.5251285284757614 0.7005925476551056),,,,,,,,,,,,,,,,,,,,,,,,,,,,,,,,,,,,,,,,,,,,,,1
0,54,27,437277452900,1843811935,1,1,"(0.5773484110832214, 0.5553708672523499)","(0.5715986490249634, 0.39129993319511414)",1,1,2.7370147705078125,2.8971710205078125,"(-66.9041519165039, -76.56839752197266, 744.06201171875)","(-0.9467306137084961, -77.24940490722656, 743.1055908203125)","(27.07478904724121, 98.95890808105469, 25.376285552978516)","(25.082275390625, 129.01197814941406, 36.31478500366211)",POINT (0.5744735300540924 0.473335400223732),,,,,,,,,,,,,,,,,,,,,,,,,,,,,,,,,,,,,,,,,,,,,1,
0,54,27,437277852925,1844211948,1,1,"(0.6424601674079895, 0.5669744610786438)","(0.6348710656166077, 0.27615857124328613)",1,1,2.69439697265625,2.7852020263671875,"(-67.64938354492188, -76.62602996826172, 744.2342529296875)","(-1.7201956510543823, -76.98453521728516, 743.2404174804688)","(49.63837432861328, 96.83343505859375, 24.60274314880371)","(47.00849914550781, 150.10255432128906, 43.99109649658203)",POINT (0.6386656165122986 0.421566516160965),,,,,,,,,,,,,,,,,,,,,,,,,,,,,,,,,,,,,,,,,,,,,,
0,54,27,437277886265,1844245287,1,1,"(0.5390473008155823, 1.2696750164031982)","(0.6413316130638123, 0.27478763461112976)",1,1,0.963134765625,2.77996826171875,"(-67.72256469726562, -76.61576843261719, 744.172607421875)","(-1.8151230812072754, -76.94369506835938, 743.23974609375)","(13.802029609680176, -31.881103515625, -22.245567321777344)","(49.24729919433594, 150.35369873046875, 44.0825080871582)",POINT (0.5901894569396973 0.772231325507164),,,,,,,,,,,,,,,,,,,,,,,,,,,,,,,,,,,,,,,,,,,,,,
0,54,27,437277936267,1844295287,1,1,"(0.5785307884216309, 0.6311566233634949)","(0.6468604207038879, 0.3532305061817169)",1,1,2.474151611328125,2.7469940185546875,"(-67.87300109863281, -76.62683868408203, 744.5618896484375)","(-1.9155287742614746, -76.81961059570312, 743.1783447265625)","(27.484514236450195, 85.07710266113281, 20.323802947998047)","(51.163246154785156, 135.9851837158203, 38.852806091308594)",POINT (0.6126956045627594 0.4921935647726059),,,,,,,,,,,,,,,,,,,,,,,,,,,,,,,,,,,,,,,,,,,,,1,
0,54,27,437277969601,1844328620,1,1,"(0.6473063826560974, 0.5668259859085083)","(0.6441055536270142, 0.35711222887039185)",1,1,2.643157958984375,2.710311889648437,"(-67.9016342163086, -76.56425476074219, 744.07470703125)","(-1.953202486038208, -76.77869415283203, 743.25439453125)","(51.31778335571289, 96.86063385009766, 24.61261558532715)","(50.20857238769531, 135.274169921875, 38.59403610229492)",POINT (0.6457059681415558 0.4619691073894501),,,,,,,,,,,,,,,,,,,,,,,,,,,,,,,,,,,,,,,,,,,,,1,
0,54,27,437277986267,1844345286,1,1,"(0.5788625478744507, 0.888231635093689)","(0.632756769657135, 0.30938613414764404)",1,1,1.6629180908203125,2.7279815673828125,"(-67.91616821289062, -76.54930114746094, 743.9471435546875)","(-1.9797117710113525, -76.76185607910156, 743.0713500976562)","(27.599475860595703, 37.98835754394531, 3.1848626136779785)","(46.27579879760742, 144.01622009277344, 41.7758674621582)",POINT (0.6058096587657928 0.5988088846206665),,,,,,,,,,,,,,,,,,,,,,,,,,,,,,,,,,,,,,,,,,,,,1,
0,54,27,437278019606,1844378624,1,1,"(0.6774222254753113, 0.5967320203781128)","(0.6286677122116089, 0.3038594722747803)",1,1,2.498153686523437,2.7416229248046875,"(-67.96170043945312, -76.5396728515625, 743.9373779296875)","(-2.041623592376709, -76.72015380859375, 742.6605834960938)","(61.75402069091797, 91.3827133178711, 22.61882209777832)","(44.85878372192383, 145.028564453125, 42.14430618286133)",POINT (0.6530449688434601 0.4502957463264465),,,,,,,,,,,,,,,,,,,,,,,,,,,,,,,,,,,,,,,,,,,,,1,
0,54,27,437278119609,1844478624,1,1,"(0.5556416511535645, 0.9696708917617798)","(0.6475343704223633, 0.3024534583091736)",1,1,1.4399566650390625,2.772323608398437,"(-68.11341094970703, -76.54362487792969, 744.0296020507812)","(-2.163809299468994, -76.75918579101562, 743.2379150390625)","(19.552600860595703, 23.071025848388672, -2.2446300983428955)","(51.396766662597656, 145.28611755371094, 42.23802947998047)",POINT (0.6015880107879639 0.6360621750354767),,,,,,,,,,,,,,,,,,,,,,,,,,,,,,,,,,,,,,,,,,,,,,1
0,54,27,437278152947,1844511961,1,1,"(0.6797206997871399, 0.5342050194740295)","(0.6585051417350769, 0.248859241604805)",1,1,2.629486083984375,2.730316162109375,"(-68.12850952148438, -76.53778076171875, 743.8240966796875)","(-2.1858081817626953, -76.75008392333984, 743.1163330078125)","(62.55051803588867, 102.83588409423828, 26.787376403808594)","(55.198543548583984, 155.10301208496094, 45.81112289428711)",POINT (0.6691129207611084 0.3915321305394173),,,,,,,,,,,,,,,,,,,,,,,,,,,,,,,,,,,,,,,,,,,,,,
0,54,27,437278336291,1844695299,1,1,"(0.6412124037742615, 0.531495988368988)","(0.6439623832702637, 0.3094198703765869)",1,1,2.6084136962890625,2.786376953125,"(-68.91686248779297, -76.57637023925781, 743.844482421875)","(-2.970979928970337, -76.51842498779297, 743.004150390625)","(49.20600509643555, 103.33209228515625, 26.968021392822266)","(50.1589469909668, 144.0100555419922, 41.77361297607422)",POINT (0.6425873935222626 0.4204579293727875),,,,,,,,,,,,,,,,,,,,,,,,,,,,,,,,,,,,,,,,,,,,,,
0,54,27,437278402966,1844761972,1,1,"(0.6316466331481934, 0.5361177325248718)","(0.6532652378082275, 0.32712647318840027)",1,1,2.643585205078125,2.71917724609375,"(-69.09300231933594, -76.6239013671875, 744.133056640625)","(-3.1471900939941406, -76.51471710205078, 743.23095703125)","(45.8911018371582, 102.4854965209961, 26.65993881225586)","(53.38274383544922, 140.76670837402344, 40.59309005737305)",POINT (0.6424559354782104 0.431622102856636),,,,,,,,,,,,,,,,,,,,,,,,,,,,,,,,,,,,,,,,,,,,,,
0,54,27,437278436300,1844795305,1,1,"(0.5350205898284912, 0.6595765352249146)","(0.640005350112915, 0.3649253845214844)",1,1,2.1436004638671875,2.758270263671875,"(-69.10054779052734, -76.64894104003906, 744.0531005859375)","(-3.1441750526428223, -76.51441955566406, 743.1397705078125)","(12.40662670135498, 79.87141418457031, 18.429033279418945)","(48.78770446777344, 133.84303283691406, 38.073097229003906)",POINT (0.5875129699707031 0.5122509598731995),,,,,,,,,,,,,,,,,,,,,,,,,,,,,,,,,,,,,,,,,,,,,1,
0,54,27,437278486301,1844845305,1,1,"(0.6440901160240173, 0.5601188540458679)","(0.6471220850944519, 0.3047157824039459)",1,1,2.6024932861328125,2.7200164794921875,"(-69.0759506225586, -76.68122863769531, 744.1965942382812)","(-3.1064493656158447, -76.52483367919922, 742.74462890625)","(50.203216552734375, 98.08919525146484, 25.059778213500977)","(51.253910064697266, 144.8717041015625, 42.08723449707031)",POINT (0.6456061005592346 0.4324173182249069),,,,,,,,,,,,,,,,,,,,,,,,,,,,,,,,,,,,,,,,,,,,,,
0,54,27,437278852992,1845211985,1,1,"(0.6329227685928345, 0.38338157534599304)","(0.6651654243469238, 0.32588157057762146)",1,1,2.72119140625,2.7499542236328125,"(-69.1072998046875, -76.62309265136719, 743.475341796875)","(-3.1170334815979004, -76.49272155761719, 742.5009765625)","(46.333335876464844, 130.46240234375, 36.84264373779297)","(57.5065803527832, 140.99473571777344, 40.67613983154297)",POINT (0.6490440964698792 0.3546315729618072),,,,,,,,,,,,,,,,,,,,,,,,,,,,,,,,,,,,,,,,,,,,,1,
0,54,27,437278886326,1845245318,1,1,"(0.6209799647331238, 0.3524961471557617)","(0.6730778813362122, 0.21517314016819)",1,1,2.832427978515625,2.740341186523437,"(-69.12030029296875, -76.62092590332031, 743.3145751953125)","(-3.1465704441070557, -76.53997802734375, 742.7438354492188)","(42.19471740722656, 136.1197052001953, 38.90177917480469)","(60.24853515625, 161.27334594726562, 48.056915283203125)",POINT (0.647028923034668 0.2838346436619759),,,,,,,,,,,,,,,,,,,,,,,,,,,,,,,,,,,,,,,,,,,,1,1,
0,54,27,437278902994,1845261985,1,1,"(0.6455795764923096, 0.46567606925964355)","(0.7000483870506287, 0.178057461977005)",1,1,2.9182891845703125,2.7520904541015625,"(-69.02803039550781, -76.55560302734375, 743.8525390625)","(-3.1106464862823486, -76.44713592529297, 742.5624389648438)","(50.71937561035156, 115.38839721679688, 31.356184005737305)","(69.59481048583984, 168.07186889648438, 50.531394958496094)",POINT (0.6728139817714691 0.3218667656183243),,,,,,,,,,,,,,,,,,,,,,,,,,,,,,,,,,,,,,,,,,,,,1,
0,54,27,437278919667,1845278658,1,1,"(0.68858402967453, 0.2741148769855499)","(0.710798442363739, 0.08271972090005875)",1,1,2.8755035400390625,2.720550537109375,"(-69.03475952148438, -76.52457427978516, 743.973388671875)","(-3.1197993755340576, -76.45643615722656, 742.8050537109375)","(65.62196350097656, 150.47691345214844, 44.12734603881836)","(73.3200912475586, 185.53501892089844, 56.88740539550781)",POINT (0.6996912360191345 0.1784172989428043),,,,,,,,,,,,,,,,,,,,,,,,,,,,,,,,,,,,,,,,,,,,1,,
0,54,27,437278936334,1845295324,1,1,"(0.7004756331443787, 0.21766452491283417)","(0.7227689623832703, 0.12847240269184113)",1,1,2.84088134765625,2.685272216796875,"(-69.07301330566406, -76.51678466796875, 743.810791015625)","(-3.1437573432922363, -76.45730590820312, 742.865966796875)","(69.74285888671875, 160.8169708251953, 47.89086151123047)","(77.46830749511719, 177.15443420410156, 53.837162017822266)",POINT (0.7116222977638245 0.1730684638023376),,,,,,,,,,,,,,,,,,,,,,,,,,,,,,,,,,,,,,,,,,,,1,,
0,54,27,437278953001,1845311991,1,1,"(0.6976221203804016, 0.2137063890695572)","(0.7174755334854126, 0.12083254754543304)",1,1,2.8971099853515625,2.7120361328125,"(-69.09992218017578, -76.49842834472656, 743.6192626953125)","(-3.168001890182495, -76.42506408691406, 742.7288818359375)","(68.75402069091797, 161.54202270507812, 48.154701232910156)","(75.63394927978516, 178.55384826660156, 54.34647750854492)",POINT (0.7075488269329071 0.1672694683074951),,,,,,,,,,,,,,,,,,,,,,,,,,,,,,,,,,,,,,,,,,,,1,,
0,54,27,437278969669,1845328658,1,1,"(0.6958045959472656, 0.22372640669345856)","(0.7110289931297302, 0.1470443308353424)",1,1,2.8921356201171875,2.739364624023437,"(-69.12748718261719, -76.4941177368164, 743.4739990234375)","(-3.190647602081299, -76.37307739257812, 742.47021484375)","(68.12417602539062, 159.70663452148438, 47.4867057800293)","(73.39999389648438, 173.75257873535156, 52.59904098510742)",POINT (0.7034167945384979 0.1853853687644005),,,,,,,,,,,,,,,,,,,,,,,,,,,,,,,,,,,,,,,,,,,,1,,
0,54,27,437278986335,1845345324,1,1,"(0.6951016783714294, 0.24020534753799438)","(0.7103508710861206, 0.13188175857067108)",1,1,2.87689208984375,2.684677124023437,"(-69.18670654296875, -76.51371765136719, 743.6792602539062)","(-3.2437965869903564, -76.34747314453125, 742.4696655273438)","(67.8805923461914, 156.6881561279297, 46.38806915283203)","(73.16500854492188, 176.5299530029297, 53.609825134277344)",POINT (0.702726274728775 0.1860435530543327),,,,,,,,,,,,,,,,,,,,,,,,,,,,,,,,,,,,,,,,,,,,1,,
0,54,27,437279003003,1845361991,1,1,"(0.6833727955818176, 0.14771884679794312)","(0.7168499231338501, 0.18099640309810638)",1,1,2.9173126220703125,2.7354888916015625,"(-69.24630737304688, -76.55268096923828, 743.9296875)","(-3.302307367324829, -76.33621978759766, 742.5148315429688)","(63.816097259521484, 173.62904357910156, 52.55402374267578)","(75.41716766357422, 167.53355407714844, 50.33543014526367)",POINT (0.7001113593578339 0.1643576249480248),,,,,,,,,,,,,,,,,,,,,,,,,,,,,,,,,,,,,,,,,,,,1,,
0,54,27,437279019670,1845378658,1,1,"(0.6988416314125061, 0.12334240972995758)","(0.7181870341300964, 0.1378563940525055)",1,1,2.9237518310546875,2.660552978515625,"(-69.28135681152344, -76.55755615234375, 743.89111328125)","(-3.3441216945648193, -76.32170104980469, 742.5144653320312)","(69.1766128540039, 178.0941162109375, 54.179161071777344)","(75.88050079345703, 175.43556213378906, 53.21152877807617)",POINT (0.7085143327713013 0.1305994018912315),,,,,,,,,,,,,,,,,,,,,,,,,,,,,,,,,,,,,,,,,,,,,,
0,54,27,437279036337,1845395324,1,1,"(0.6989843249320984, 0.18881629407405853)","(0.7192518711090088, 0.14538581669330597)",1,1,2.9259796142578125,2.68560791015625,"(-69.3004379272461, -76.56117248535156, 743.8404541015625)","(-3.3581221103668213, -76.3326416015625, 742.4534912109375)","(69.22605895996094, 166.10116577148438, 49.81412124633789)","(76.24952697753906, 174.05636596679688, 52.70960235595703)",POINT (0.7091180980205536 0.1671010553836822),,,,,,,,,,,,,,,,,,,,,,,,,,,,,,,,,,,,,,,,,,,,1,,
0,54,27,437279053008,1845411995,1,1,"(0.6938924789428711, 0.12342140823602676)","(0.7186756134033203, 0.12070196121931076)",1,1,2.873046875,2.65118408203125,"(-69.30329895019531, -76.53633880615234, 743.7777099609375)","(-3.3597021102905273, -76.31779479980469, 742.453369140625)","(67.4615478515625, 178.0796356201172, 54.17392349243164)","(76.04981994628906, 178.57777404785156, 54.355194091796875)",POINT (0.7062840461730957 0.1220616847276688),,,,,,,,,,,,,,,,,,,,,,,,,,,,,,,,,,,,,,,,,,,,,,
0,54,27,437279069675,1845428661,1,1,"(0.6892497539520264, 0.20951548218727112)","(0.7124128341674805, 0.14163538813591003)",1,1,2.8915557861328125,2.7000732421875,"(-69.2926025390625, -76.50282287597656, 743.88818359375)","(-3.318864107131958, -76.24720764160156, 742.2139892578125)","(65.8526840209961, 162.3096466064453, 48.43417739868164)","(73.87953186035156, 174.74334716796875, 52.95962142944336)",POINT (0.7008312940597534 0.1755754351615906),,,,,,,,,,,,,,,,,,,,,,,,,,,,,,,,,,,,,,,,,,,,1,,
0,54,27,437279086342,1845445328,1,1,"(0.6908057332038879, 0.16030222177505493)","(0.708806037902832, 0.1981257200241089)",1,1,2.8625030517578125,2.720932006835937,"(-69.27998352050781, -76.45368194580078, 743.919189453125)","(-3.3077855110168457, -76.16846466064453, 741.75927734375)","(66.39189910888672, 171.32411193847656, 51.71510314941406)","(72.62965393066406, 164.3959503173828, 49.19345474243164)",POINT (0.69980588555336 0.1792139708995819),,,,,,,,,,,,,,,,,,,,,,,,,,,,,,,,,,,,,,,,,,,,1,,
0,54,27,437279103010,1845461995,1,1,"(0.6892576217651367, 0.1993218958377838)","(0.7098844647407532, 0.1593891978263855)",1,1,2.882781982421875,2.685546875,"(-69.2559814453125, -76.45584869384766, 743.890869140625)","(-3.288814067840576, -76.15451049804688, 741.6077880859375)","(65.85540771484375, 164.17684936523438, 49.11370849609375)","(73.00337219238281, 171.4913787841797, 51.77595520019531)",POINT (0.699571043252945 0.1793555468320847),,,,,,,,,,,,,,,,,,,,,,,,,,,,,,,,,,,,,,,,,,,,1,,
0,54,27,437279119676,1845478661,1,1,"(0.6863787174224854, 0.15756714344024658)","(0.7115507125854492, 0.17956186830997467)",1,1,2.8148956298828125,2.665756225585937,"(-69.21749877929688, -76.40556335449219, 743.7623291015625)","(-3.258237838745117, -76.11279296875, 741.3961791992188)","(64.8577651977539, 171.82510375976562, 51.897457122802734)","(73.58078002929688, 167.79632568359375, 50.431034088134766)",POINT (0.6989647150039673 0.1685645058751106),,,,,,,,,,,,,,,,,,,,,,,,,,,,,,,,,,,,,,,,,,,,1,,
0,54,27,437279136344,1845495328,1,1,"(0.6871815919876099, 0.187082901597023)","(0.7080920934677124, 0.15641462802886963)",1,1,2.8601531982421875,2.654937744140625,"(-69.18315124511719, -76.41183471679688, 743.6294555664062)","(-3.231930732727051, -76.16217041015625, 741.8507080078125)","(65.13599395751953, 166.41867065429688, 49.929683685302734)","(72.38224792480469, 172.03622436523438, 51.9742546081543)",POINT (0.6976368427276611 0.1717487648129463),,,,,,,,,,,,,,,,,,,,,,,,,,,,,,,,,,,,,,,,,,,,1,,
0,54,27,437279153010,1845511994,1,1,"(0.6970151662826538, 0.1583462506532669)","(0.7123210430145264, 0.14044183492660522)",1,1,2.8026275634765625,2.6430206298828125,"(-69.16700744628906, -76.38894653320312, 743.525146484375)","(-3.22033429145813, -76.147216796875, 741.7899780273438)","(68.54368591308594, 171.6824188232422, 51.84547805786133)","(73.84772491455078, 174.96197509765625, 53.039154052734375)",POINT (0.7046681046485901 0.1493940427899361),,,,,,,,,,,,,,,,,,,,,,,,,,,,,,,,,,,,,,,,,,,,1,,
0,54,27,437279169678,1845528661,1,1,"(0.6932871341705322, 0.16164147853851318)","(0.7191855907440186, 0.15211738646030426)",1,1,2.7743377685546875,2.611434936523437,"(-69.14665222167969, -76.41192626953125, 743.388916015625)","(-3.2166078090667725, -76.20112609863281, 742.0633544921875)","(67.25178527832031, 171.0788116455078, 51.625823974609375)","(76.22654724121094, 172.82334899902344, 52.26079177856445)",POINT (0.7062363624572754 0.1568794324994087),,,,,,,,,,,,,,,,,,,,,,,,,,,,,,,,,,,,,,,,,,,,1,,
0,54,27,437279186349,1845545332,1,1,"(0.692204475402832, 0.163518026471138)","(0.7234104871749878, 0.16067926585674286)",1,1,2.788436889648437,2.5980224609375,"(-69.15164947509766, -76.41197967529297, 743.4346313476562)","(-3.2149863243103027, -76.18028259277344, 741.972412109375)","(66.87660217285156, 170.73507690429688, 51.50074005126953)","(77.69062042236328, 171.25506591796875, 51.689979553222656)",POINT (0.7078074812889099 0.1620986461639404),,,,,,,,,,,,,,,,,,,,,,,,,,,,,,,,,,,,,,,,,,,,1,,
0,54,27,437279203016,1845561998,1,1,"(0.6839286684989929, 0.10298638790845871)","(0.7138476967811584, 0.14107203483581543)",1,1,2.7395782470703125,2.5788116455078125,"(-69.15455627441406, -76.46003723144531, 743.4058837890625)","(-3.2223927974700928, -76.23187255859375, 742.0633544921875)","(64.00872039794922, 181.82272338867188, 55.53631591796875)","(74.37677001953125, 174.84654235839844, 52.997169494628906)",POINT (0.6988881826400757 0.1220292113721371),,,,,,,,,,,,,,,,,,,,,,,,,,,,,,,,,,,,,,,,,,,,,,
0,54,27,437279219683,1845578665,1,1,"(0.6994346976280212, 0.15186651051044464)","(0.7206887602806091, 0.1486065685749054)",1,1,2.72430419921875,2.59893798828125,"(-69.16371154785156, -76.47637939453125, 743.4818725585938)","(-3.222489833831787, -76.22895812988281, 742.124267578125)","(69.38214111328125, 172.8693084716797, 52.277496337890625)","(76.7474365234375, 173.4664306640625, 52.49485397338867)",POINT (0.7100617289543152 0.150236539542675),,,,,,,,,,,,,,,,,,,,,,,,,,,,,,,,,,,,,,,,,,,,1,,
0,54,27,437279236351,1845595332,1,1,"(0.692768931388855, 0.15358713269233704)","(0.7140311002731323, 0.14058862626552582)",1,1,2.73187255859375,2.5647735595703125,"(-69.17009735107422, -76.49996948242188, 743.4973754882812)","(-3.225527286529541, -76.26429748535156, 742.1849365234375)","(67.07221221923828, 172.5541229248047, 52.16282272338867)","(74.44031524658203, 174.93508911132812, 53.02940368652344)",POINT (0.7034000158309937 0.1470878794789314),,,,,,,,,,,,,,,,,,,,,,,,,,,,,,,,,,,,,,,,,,,,1,,
0,54,27,437279253017,1845611998,1,1,"(0.6934406757354736, 0.1189558133482933)","(0.7236010432243347, 0.14194142818450928)",1,1,2.7226104736328125,2.555633544921875,"(-69.18899536132812, -76.50287628173828, 743.5714721679688)","(-3.236842155456543, -76.2378921508789, 742.1241455078125)","(67.30499267578125, 178.89759826660156, 54.47166442871094)","(77.75666809082031, 174.68728637695312, 52.9392204284668)",POINT (0.7085208594799042 0.1304486207664013),,,,,,,,,,,,,,,,,,,,,,,,,,,,,,,,,,,,,,,,,,,,,,
0,54,27,437279269686,1845628666,1,1,"(0.692875325679779, 0.1709553450345993)","(0.7194947600364685, 0.1322668045759201)",1,1,2.7039947509765625,2.5342254638671875,"(-69.18405151367188, -76.50787353515625, 743.5875244140625)","(-3.228363037109375, -76.2449951171875, 742.18505859375)","(67.10908508300781, 169.37277221679688, 51.0048713684082)","(76.33367156982422, 176.4593963623047, 53.58421325683594)",POINT (0.7061850428581238 0.1516110748052597),,,,,,,,,,,,,,,,,,,,,,,,,,,,,,,,,,,,,,,,,,,,1,,
0,54,27,437279286352,1845645332,1,1,"(0.691146731376648, 0.11368934065103531)","(0.7167760729789734, 0.17038984596729279)",1,1,2.7650146484375,2.535751342773437,"(-69.19743347167969, -76.49223327636719, 743.599609375)","(-3.232452154159546, -76.20341491699219, 742.09375)","(66.51004791259766, 179.86227416992188, 54.82272720336914)","(75.39156341552734, 169.4763641357422, 51.04258346557617)",POINT (0.7039614021778107 0.142039593309164),,,,,,,,,,,,,,,,,,,,,,,,,,,,,,,,,,,,,,,,,,,,1,,
0,54,27,437279303019,1845661998,1,1,"(0.686581552028656, 0.14970390498638153)","(0.7154541611671448, 0.1664644181728363)",1,1,2.7106170654296875,2.525604248046875,"(-69.20220184326172, -76.49128723144531, 743.64404296875)","(-3.2267134189605713, -76.19557189941406, 742.0938720703125)","(64.92804718017578, 173.2654266357422, 52.421714782714844)","(74.93347930908203, 170.1953887939453, 51.30429458618164)",POINT (0.7010178565979004 0.1580841615796089),,,,,,,,,,,,,,,,,,,,,,,,,,,,,,,,,,,,,,,,,,,,1,,
0,54,27,437279319691,1845678670,1,1,"(0.6886796951293945, 0.14556699991226196)","(0.7131651639938354, 0.14113090932369232)",1,1,2.728851318359375,2.513778686523437,"(-69.19503784179688, -76.46002197265625, 743.5819702148438)","(-3.2181148529052734, -76.177001953125, 742.0941162109375)","(65.6551284790039, 174.023193359375, 52.69749450683594)","(74.14024353027344, 174.83575439453125, 52.99323272705078)",POINT (0.700922429561615 0.1433489546179771),,,,,,,,,,,,,,,,,,,,,,,,,,,,,,,,,,,,,,,,,,,,1,,
0,54,27,437279336359,1845695337,1,1,"(0.692848265171051, 0.1538640558719635)","(0.7124758362770081, 0.1641523689031601)",1,1,2.68853759765625,2.4983673095703125,"(-69.19300842285156, -76.46092224121094, 743.5675048828125)","(-3.208113193511963, -76.17318725585938, 742.1240234375)","(67.09971618652344, 172.50338745117188, 52.14438247680664)","(73.9013671875, 170.61888122558594, 51.45843505859375)",POINT (0.7026620507240295 0.1590082123875618),,,,,,,,,,,,,,,,,,,,,,,,,,,,,,,,,,,,,,,,,,,,1,,
0,54,27,437279353025,1845712003,1,1,"(0.6923782825469971, 0.16368907690048218)","(0.6993730664253235, 0.14212162792682648)",1,1,2.671539306640625,2.5153961181640625,"(-69.19709014892578, -76.42986297607422, 743.5957641601562)","(-3.2077832221984863, -76.14298248291016, 741.9419555664062)","(66.93684387207031, 170.70375061035156, 51.48931121826172)","(69.36077117919922, 174.654296875, 52.92719268798828)",POINT (0.6958756744861603 0.1529053524136543),,,,,,,,,,,,,,,,,,,,,,,,,,,,,,,,,,,,,,,,,,,,1,,
0,54,27,437279369693,1845728670,1,1,"(0.684482753276825, 0.14710353314876556)","(0.7138022184371948, 0.12765221297740936)",1,1,2.723495483398437,2.531707763671875,"(-69.19432067871094, -76.44745635986328, 743.59619140625)","(-3.2346744537353516, -76.15995788574219, 742.0902099609375)","(64.20073699951172, 173.7417449951172, 52.59504318237305)","(74.36101531982422, 177.30465698242188, 53.89186096191406)",POINT (0.6991424858570099 0.1373778730630875),,,,,,,,,,,,,,,,,,,,,,,,,,,,,,,,,,,,,,,,,,,,,,
0,54,27,437279386360,1845745337,1,1,"(0.6942230463027954, 0.1719551831483841)","(0.7154836058616638, 0.13324423134326935)",1,1,2.67193603515625,2.511474609375,"(-69.19425964355469, -76.42832946777344, 743.62744140625)","(-3.2301719188690186, -76.14944458007812, 742.059814453125)","(67.57611846923828, 169.18963623046875, 50.93821716308594)","(74.94367980957031, 176.28038024902344, 53.51900863647461)",POINT (0.7048533260822296 0.1525997072458267),,,,,,,,,,,,,,,,,,,,,,,,,,,,,,,,,,,,,,,,,,,,1,,
0,54,27,437279403027,1845762003,1,1,"(0.7145242094993591, 0.13449940085411072)","(0.7367211580276489, 0.11533457040786743)",1,1,2.693344116210937,2.5117645263671875,"(-69.10932159423828, -76.39871215820312, 743.225830078125)","(-3.194253444671631, -76.18690490722656, 742.3944091796875)","(74.6112060546875, 176.0504608154297, 53.435367584228516)","(82.30326080322266, 179.5609130859375, 54.713050842285156)",POINT (0.725622683763504 0.1249169856309891),,,,,,,,,,,,,,,,,,,,,,,,,,,,,,,,,,,,,,,,,,,,,,
0,54,27,437279419694,1845778670,1,1,"(0.7468111515045166, 0.17127172648906708)","(0.7567422986030579, 0.11172162741422653)",1,1,2.628509521484375,2.5310211181640625,"(-69.0877685546875, -76.38265991210938, 743.3536376953125)","(-3.1784462928771973, -76.2061767578125, 742.6680297851562)","(85.79979705810547, 169.31483459472656, 50.98377227783203)","(89.2413101196289, 180.22268676757812, 54.953922271728516)",POINT (0.7517767250537872 0.1414966769516468),,,,,,,,,,,,,,,,,,,,,,,,,,,,,,,,,,,,,,,,,,,,1,,
0,54,27,437279436362,1845795337,1,1,"(0.7378954291343689, 0.15008994936943054)","(0.7405349612236023, 0.11855205148458481)",1,1,2.6593017578125,2.532012939453125,"(-69.08992004394531, -76.40684509277344, 743.27587890625)","(-3.174682140350342, -76.21076965332031, 742.5917358398438)","(82.71021270751953, 173.19473266601562, 52.39593505859375)","(83.6248779296875, 178.97157287597656, 54.49851989746094)",POINT (0.7392151951789856 0.1343210004270077),,,,,,,,,,,,,,,,,,,,,,,,,,,,,,,,,,,,,,,,,,,,,,
0,54,27,437279453032,1845812007,1,1,"(0.724520742893219, 0.1611522138118744)","(0.7517382502555847, 0.11808609962463379)",1,1,2.660980224609375,2.52020263671875,"(-69.0884780883789, -76.38671112060547, 743.2137451171875)","(-3.178835391998291, -76.2098617553711, 742.622314453125)","(78.07538604736328, 171.16844177246094, 51.65842056274414)","(87.50724029541016, 179.05690002441406, 54.529632568359375)",POINT (0.7381294965744019 0.1396191567182541),,,,,,,,,,,,,,,,,,,,,,,,,,,,,,,,,,,,,,,,,,,,1,,
0,54,27,437279469700,1845828674,1,1,"(0.7432649731636047, 0.13424640893936157)","(0.7476300597190857, 0.10618507117033005)",1,1,2.663665771484375,2.5131072998046875,"(-69.09791564941406, -76.42430877685547, 743.291015625)","(-3.1737546920776367, -76.21040344238281, 742.5159912109375)","(84.57093048095703, 176.0968017578125, 53.452213287353516)","(86.08361053466797, 181.23683166503906, 55.323028564453125)",POINT (0.7454475164413452 0.1202157400548458),,,,,,,,,,,,,,,,,,,,,,,,,,,,,,,,,,,,,,,,,,,,,,
0,54,27,437279486367,1845845341,1,1,"(0.7336032390594482, 0.16175112128257751)","(0.7521576285362244, 0.11835528910160065)",1,1,2.631591796875,2.5143280029296875,"(-69.09571838378906, -76.4052734375, 743.2435913085938)","(-3.176539421081543, -76.2078628540039, 742.5462036132812)","(81.2227783203125, 171.05873107910156, 51.61852264404297)","(87.65257263183594, 179.00759887695312, 54.51164627075195)",POINT (0.7428804337978363 0.1400532051920891),,,,,,,,,,,,,,,,,,,,,,,,,,,,,,,,,,,,,,,,,,,,1,,
0,54,27,437279503034,1845862007,1,1,"(0.7447618842124939, 0.14906059205532074)","(0.7448369264602661, 0.13933680951595306)",1,1,2.657379150390625,2.50579833984375,"(-69.10367584228516, -76.43122100830078, 743.2286376953125)","(-3.1818087100982666, -76.20982360839844, 742.364013671875)","(85.08966064453125, 173.38327026367188, 52.46456527709961)","(85.11565399169922, 175.1643829345703, 53.11286163330078)",POINT (0.74479940533638 0.1441987007856369),,,,,,,,,,,,,,,,,,,,,,,,,,,,,,,,,,,,,,,,,,,,1,,
0,54,27,437279519701,1845878674,1,1,"(0.7429028749465942, 0.17215542495250702)","(0.7530839443206787, 0.13674591481685638)",1,1,2.65435791015625,2.5430145263671875,"(-69.09579467773438, -76.41101837158203, 743.213134765625)","(-3.1771912574768066, -76.21142578125, 742.4703369140625)","(84.44546508789062, 169.15296936035156, 50.92485427856445)","(87.97356414794922, 175.6389617919922, 53.28558349609375)",POINT (0.7479934096336365 0.1544506698846817),,,,,,,,,,,,,,,,,,,,,,,,,,,,,,,,,,,,,,,,,,,,1,,
0,54,27,437279536369,1845895341,1,1,"(0.7443776726722717, 0.156279519200325)","(0.7611488103866577, 0.1441737562417984)",1,1,2.671295166015625,2.5216827392578125,"(-69.10153198242188, -76.43922424316406, 743.213623046875)","(-3.1841845512390137, -76.23207092285156, 742.3485107421875)","(84.95651245117188, 172.06097412109375, 51.983306884765625)","(90.7683334350586, 174.2783966064453, 52.79038619995117)",POINT (0.7527632415294647 0.1502266377210617),,,,,,,,,,,,,,,,,,,,,,,,,,,,,,,,,,,,,,,,,,,,1,,
0,54,27,437279553035,1845912007,1,1,"(0.7331534028053284, 0.13225886225700378)","(0.7473580241203308, 0.12586137652397156)",1,1,2.7123565673828125,2.5479736328125,"(-69.1028823852539, -76.42432403564453, 743.2115478515625)","(-3.1829140186309814, -76.22024536132812, 742.40966796875)","(81.0669174194336, 176.4608612060547, 53.58473205566406)","(85.98931884765625, 177.6326904296875, 54.011260986328125)",POINT (0.7402557134628296 0.1290601193904877),,,,,,,,,,,,,,,,,,,,,,,,,,,,,,,,,,,,,,,,,,,,,,
0,54,27,437279569708,1845928679,1,1,"(0.7431560754776001, 0.17727169394493103)","(0.7521026134490967, 0.14308954775333405)",1,1,2.6440582275390625,2.5653533935546875,"(-69.10147857666016, -76.43934631347656, 743.2129516601562)","(-3.185002326965332, -76.23663330078125, 742.3638916015625)","(84.53319549560547, 168.21578979492188, 50.58379364013672)","(87.6335220336914, 174.4770050048828, 52.86261749267578)",POINT (0.7476293444633484 0.1601806208491325),,,,,,,,,,,,,,,,,,,,,,,,,,,,,,,,,,,,,,,,,,,,1,,
0,54,27,437279586374,1845945345,1,1,"(0.7295550107955933, 0.18335196375846863)","(0.7464186549186707, 0.1442577838897705)",1,1,2.6690826416015625,2.5673828125,"(-69.105712890625, -76.43840789794922, 743.2432861328125)","(-3.1879894733428955, -76.2360610961914, 742.3941650390625)","(79.81993865966797, 167.10208129882812, 50.17839431762695)","(85.66380310058594, 174.26300048828125, 52.7847785949707)",POINT (0.737986832857132 0.1638048738241196),,,,,,,,,,,,,,,,,,,,,,,,,,,,,,,,,,,,,,,,,,,,1,,
0,54,27,437279619709,1845978679,1,1,"(0.6504270434379578, 0.3053671717643738)","(0.7477133870124817, 0.15624219179153442)",1,1,3.025482177734375,2.5507354736328125,"(-69.11786651611328, -76.46412658691406, 743.2890625)","(-3.1989264488220215, -76.28013610839844, 742.34814453125)","(52.39918899536133, 144.7523956298828, 42.043792724609375)","(86.11245727539062, 172.06781005859375, 51.98578643798828)",POINT (0.6990702152252197 0.2308046817779541),,,,,,,,,,,,,,,,,,,,,,,,,,,,,,,,,,,,,,,,,,,,,1,
0,54,27,437279636376,1845995345,1,1,"(0.7194249629974365, 0.1863989681005478)","(0.7472037076950073, 0.1036093682050705)",1,1,2.756072998046875,2.5877227783203125,"(-69.12895965576172, -76.49546813964844, 743.3482055664062)","(-3.212123394012451, -76.3487548828125, 742.4088134765625)","(76.30950164794922, 166.5439453125, 49.97528076171875)","(85.93586730957031, 181.70864868164062, 55.49472427368164)",POINT (0.7333143353462219 0.1450041681528091),,,,,,,,,,,,,,,,,,,,,,,,,,,,,,,,,,,,,,,,,,,,1,,
0,54,27,437279653043,1846012012,1,1,"(0.7279374599456787, 0.18780511617660522)","(0.7458832859992981, 0.09374892711639404)",1,1,2.6793212890625,2.586776733398437,"(-69.13130187988281, -76.50572204589844, 743.364990234375)","(-3.2179157733917236, -76.37019348144531, 742.4392700195312)","(79.25939178466797, 166.28636169433594, 49.88156509399414)","(85.47827911376953, 183.51478576660156, 56.15214920043945)",POINT (0.7369103729724884 0.1407770216464996),,,,,,,,,,,,,,,,,,,,,,,,,,,,,,,,,,,,,,,,,,,,1,,
0,54,27,437279669711,1846028679,1,1,"(0.7229796648025513, 0.23245498538017273)","(0.7531415820121765, 0.09394728392362595)",1,1,2.66961669921875,2.5914459228515625,"(-69.13684844970703, -76.52383422851562, 743.363525390625)","(-3.2197060585021973, -76.3905258178711, 742.4243774414062)","(77.54134368896484, 158.10780334472656, 46.90476989746094)","(87.99353790283203, 183.4784393310547, 56.13895034790039)",POINT (0.7380606234073639 0.1632011346518993),,,,,,,,,,,,,,,,,,,,,,,,,,,,,,,,,,,,,,,,,,,,1,,
0,54,27,437279686377,1846045345,1,1,"(0.7230411171913147, 0.22192107141017914)","(0.7511585354804993, 0.10156416893005371)",1,1,2.7122955322265625,2.579940795898437,"(-69.14324951171875, -76.53584289550781, 743.4085693359375)","(-3.2226431369781494, -76.38676452636719, 742.42431640625)","(77.56263732910156, 160.03733825683594, 47.60702133178711)","(87.30635070800781, 182.083251953125, 55.63111877441406)",POINT (0.737099826335907 0.1617426201701164),,,,,,,,,,,,,,,,,,,,,,,,,,,,,,,,,,,,,,,,,,,,1,,
0,54,27,437279703050,1846062017,1,1,"(0.7334191799163818, 0.1337588131427765)","(0.7516974806785583, 0.11134211719036102)",1,1,2.748199462890625,2.5699005126953125,"(-69.14949035644531, -76.55534362792969, 743.4535522460938)","(-3.223385810852051, -76.39149475097656, 742.439453125)","(81.15900421142578, 176.18612670898438, 53.48468780517578)","(87.49310302734375, 180.29220581054688, 54.979244232177734)",POINT (0.7425583302974701 0.1225504651665688),,,,,,,,,,,,,,,,,,,,,,,,,,,,,,,,,,,,,,,,,,,,,,
0,54,27,437279719717,1846078684,1,1,"(0.7310996055603027, 0.17358140647411346)","(0.7513458132743835, 0.10935166478157043)",1,1,2.75677490234375,2.5673065185546875,"(-69.142578125, -76.5500717163086, 743.45654296875)","(-3.2230560779571533, -76.38670349121094, 742.5155639648438)","(80.35519409179688, 168.89178466796875, 50.829750061035156)","(87.37126159667969, 180.6568145751953, 55.11190414428711)",POINT (0.7412227094173431 0.141466535627842),,,,,,,,,,,,,,,,,,,,,,,,,,,,,,,,,,,,,,,,,,,,1,,
0,54,27,437279736384,1846095350,1,1,"(0.7190958857536316, 0.23407511413097382)","(0.7422565817832947, 0.10483291000127792)",1,1,2.7421417236328125,2.5836334228515625,"(-69.12918090820312, -76.56317138671875, 743.4425048828125)","(-3.2168984413146973, -76.39588165283203, 742.56103515625)","(76.19547271728516, 157.81105041503906, 46.796756744384766)","(84.22149658203125, 181.4844970703125, 55.413230895996094)",POINT (0.7306762337684631 0.1694540120661259),,,,,,,,,,,,,,,,,,,,,,,,,,,,,,,,,,,,,,,,,,,,1,,
0,54,27,437279753051,1846112017,1,1,"(0.6551451683044434, 0.2543507218360901)","(0.6876959204673767, 0.22161325812339783)",1,1,2.754974365234375,2.6086578369140625,"(-69.28788757324219, -76.79325866699219, 743.9384765625)","(-3.401956558227539, -76.5330810546875, 743.0460205078125)","(54.034202575683594, 154.09715270996094, 45.44498825073242)","(65.3142318725586, 160.0937042236328, 47.62757873535156)",POINT (0.67142054438591 0.237981989979744),,,,,,,,,,,,,,,,,,,,,,,,,,,,,,,,,,,,,,,,,,,,,1,
0,54,27,437279769719,1846128684,1,1,"(0.5420691967010498, 0.4643338918685913)","(0.5440617203712463, 0.49232372641563416)",1,1,2.85516357421875,2.7050018310546875,"(-69.54780578613281, -77.14866638183594, 743.8648681640625)","(-3.8283228874206543, -76.90923309326172, 742.4494018554688)","(14.849257469177246, 115.63423919677734, 31.445676803588867)","(15.539716720581055, 110.50733184814453, 29.579574584960938)",POINT (0.5430654585361481 0.4783288091421127),,,,,,,,,,,,,,,,,,,,,,,,,,,,,,,,,,,,,,,,,,,,,1,
0,54,27,437279786385,1846145350,1,1,"(0.4817744195461273, 0.5478848814964294)","(0.4690559208393097, 0.5890243053436279)",1,1,2.8442535400390625,2.660125732421875,"(-69.66374969482422, -77.26626586914062, 743.6259765625)","(-3.958585023880005, -77.08335876464844, 742.6001586914062)","(-6.045114517211914, 100.33009338378906, 25.87541961669922)","(-10.452544212341309, 92.79454803466797, 23.132659912109375)",POINT (0.4754151701927185 0.5684545934200287),,,,,,,,,,,,,,,,,,,,,,,,,,,,,,,,,,,,,,,,,,,,,1,
0,54,27,437279803053,1846162017,1,1,"(0.47603368759155273, 0.5479758977890015)","(0.4830200970172882, 0.5698302984237671)",1,1,2.84686279296875,2.6602020263671875,"(-69.64897155761719, -77.24921417236328, 743.4901123046875)","(-3.883544445037842, -77.1071548461914, 742.6770629882812)","(-8.034497261047363, 100.3134536743164, 25.869335174560547)","(-5.613423824310303, 96.31034088134766, 24.41232681274414)",POINT (0.4795268923044205 0.5589030981063843),,,,,,,,,,,,,,,,,,,,,,,,,,,,,,,,,,,,,,,,,,,,,1,
0,54,27,437279819720,1846178684,1,1,"(0.47094234824180603, 0.5609075427055359)","(0.4784882366657257, 0.5399234294891357)",1,1,2.8105621337890625,2.634017944335937,"(-69.5932388305664, -77.2413101196289, 743.469970703125)","(-3.784809112548828, -77.12342834472656, 742.4347534179688)","(-9.79882526397705, 97.94474029541016, 25.007219314575195)","(-7.183887958526611, 101.78842163085938, 26.40617561340332)",POINT (0.4747152924537659 0.5504154860973358),,,,,,,,,,,,,,,,,,,,,,,,,,,,,,,,,,,,,,,,,,,,,1,
0,54,27,437279836392,1846195355,1,1,"(0.4734209179878235, 0.5654670596122742)","(0.47069770097732544, 0.5555495619773865)",1,1,2.7902374267578125,2.70556640625,"(-69.56719970703125, -77.2530746459961, 743.7994995117188)","(-3.695463180541992, -77.13387298583984, 742.435791015625)","(-8.939888954162598, 97.10955047607422, 24.703201293945312)","(-9.883597373962402, 98.92616271972656, 25.364418029785156)",POINT (0.4720593094825745 0.5605083107948303),,,,,,,,,,,,,,,,,,,,,,,,,,,,,,,,,,,,,,,,,,,,,1,
0,54,27,437279853059,1846212022,1,1,"(0.46304553747177124, 0.5867421627044678)","(0.477611243724823, 0.5474042296409607)",1,1,2.7705535888671875,2.710479736328125,"(-69.51687622070312, -77.26979064941406, 744.0284423828125)","(-3.628016948699951, -77.19027709960938, 742.9231567382812)","(-12.535329818725586, 93.21255493164062, 23.28484535217285)","(-7.487796306610107, 100.41815948486328, 25.907440185546875)",POINT (0.4703283905982971 0.5670731961727142),,,,,,,,,,,,,,,,,,,,,,,,,,,,,,,,,,,,,,,,,,,,,1,
0,54,27,437279869727,1846228689,1,1,"(0.4685661792755127, 0.5349284410476685)","(0.45927178859710693, 0.5774151086807251)",1,1,2.8163299560546875,2.6858367919921875,"(-69.39790344238281, -77.20774841308594, 743.508544921875)","(-3.5240209102630615, -77.12455749511719, 742.2703857421875)","(-10.622245788574219, 102.70336151123047, 26.739185333251953)","(-13.843103408813477, 94.9210205078125, 23.906660079956055)",POINT (0.4639189839363098 0.5561717748641968),,,,,,,,,,,,,,,,,,,,,,,,,,,,,,,,,,,,,,,,,,,,,1,
0,54,27,437279886393,1846245355,1,1,"(0.46140435338020325, 0.5902385711669922)","(0.46495363116264343, 0.5684781670570374)",1,1,2.793121337890625,2.724365234375,"(-69.35017395019531, -77.230224609375, 743.812744140625)","(-3.4250078201293945, -77.19511413574219, 742.7881469726562)","(-13.104072570800781, 92.57212829589844, 23.051727294921875)","(-11.874112129211426, 96.55799102783203, 24.502477645874023)",POINT (0.4631789922714233 0.5793583691120148),,,,,,,,,,,,,,,,,,,,,,,,,,,,,,,,,,,,,,,,,,,,,1,
0,54,27,437279903061,1846262022,1,1,"(0.4691615104675293, 0.5348865985870361)","(0.47482359409332275, 0.5628252625465393)",1,1,2.85357666015625,2.70611572265625,"(-69.30633544921875, -77.23689270019531, 744.0400390625)","(-3.387291431427002, -77.23110961914062, 743.1537475585938)","(-10.415949821472168, 102.71102905273438, 26.741989135742188)","(-8.453816413879395, 97.59347534179688, 24.879331588745117)",POINT (0.471992552280426 0.5488559305667877),,,,,,,,,,,,,,,,,,,,,,,,,,,,,,,,,,,,,,,,,,,,,1,
0,54,27,437279919728,1846278689,1,1,"(0.46997910737991333, 0.5577616691589355)","(0.4705444872379303, 0.5661938190460205)",1,1,2.863632202148437,2.707626342773437,"(-69.20972442626953, -77.24072265625, 743.8765869140625)","(-3.2826600074768066, -77.17918395996094, 742.3182373046875)","(-10.132616996765137, 98.52095794677734, 25.216930389404297)","(-9.936694145202637, 96.9764404296875, 24.654767990112305)",POINT (0.4702617973089218 0.561977744102478),,,,,,,,,,,,,,,,,,,,,,,,,,,,,,,,,,,,,,,,,,,,,1,
0,54,27,437279936395,1846295355,1,1,"(0.4609256982803345, 0.5830934643745422)","(0.45809733867645264, 0.6110889315605164)",1,1,2.8053436279296875,2.734039306640625,"(-69.14230346679688, -77.22128295898438, 743.7198486328125)","(-3.2030372619628906, -77.21748352050781, 742.7138061523438)","(-13.269949913024902, 93.88090515136719, 23.528079986572266)","(-14.25008487701416, 88.75294494628906, 21.66166877746582)",POINT (0.4595115184783936 0.5970911979675293),,,,,,,,,,,,,,,,,,,,,,,,,,,,,,,,,,,,,,,,,,,,,1,
0,54,27,437279953062,1846312022,1,1,"(0.47282618284225464, 0.5285502076148987)","(0.47407668828964233, 0.5449496507644653)",1,1,2.87628173828125,2.7032928466796875,"(-69.07764434814453, -77.25770568847656, 743.8900756835938)","(-3.1438961029052734, -77.25602722167969, 742.775390625)","(-9.14599323272705, 103.87165069580078, 27.16443634033203)","(-8.712646484375, 100.86776733398438, 26.071073532104492)",POINT (0.4734514355659485 0.536749929189682),,,,,,,,,,,,,,,,,,,,,,,,,,,,,,,,,,,,,,,,,,,,,1,
0,54,27,437279969734,1846328693,1,1,"(0.4955339729785919, 0.5297425389289856)","(0.5036322474479675, 0.484755277633667)",1,1,2.832870483398437,2.685043334960937,"(-68.99992370605469, -77.22242736816406, 744.0142822265625)","(-3.105329990386963, -77.21774291992188, 742.5174560546875)","(-1.2769126892089844, 103.65325927734375, 27.08494758605957)","(1.5294383764266968, 111.89363861083984, 30.084178924560547)",POINT (0.4995831102132797 0.5072489082813263),,,,,,,,,,,,,,,,,,,,,,,,,,,,,,,,,,,,,,,,,,,,,1,
0,54,27,437279986400,1846345359,1,1,"(0.4781137704849243, 0.5084332227706909)","(0.49929624795913696, 0.47857746481895447)",1,1,2.8453826904296875,2.68914794921875,"(-69.00003814697266, -77.31158447265625, 743.9234008789062)","(-3.085700035095215, -77.37055969238281, 742.63916015625)","(-7.313651084899902, 107.55653381347656, 28.505586624145508)","(0.026848910376429558, 113.02523803710938, 30.496055603027344)",POINT (0.4887050092220306 0.4935053437948227),,,,,,,,,,,,,,,,,,,,,,,,,,,,,,,,,,,,,,,,,,,,,1,
0,54,27,437280003068,1846362026,1,1,"(0.4866481423377991, 0.49481871724128723)","(0.4931657910346985, 0.5056435465812683)",1,1,2.862518310546875,2.6826324462890625,"(-69.05867004394531, -77.27955627441406, 743.7866821289062)","(-3.1319355964660645, -77.36506652832031, 742.79052734375)","(-4.356177806854248, 110.0503158569336, 29.413265228271484)","(-2.097569227218628, 108.0675277709961, 28.691570281982422)",POINT (0.4899069666862488 0.5002311319112778),,,,,,,,,,,,,,,,,,,,,,,,,,,,,,,,,,,,,,,,,,,,,1,
0,54,27,437280019735,1846378693,1,1,"(0.49023622274398804, 0.5030745267868042)","(0.4926343262195587, 0.47286567091941833)",1,1,2.8389892578125,2.6798248291015625,"(-69.1727294921875, -77.33750915527344, 743.6845703125)","(-3.235246181488037, -77.3714599609375, 742.2428588867188)","(-3.112785577774048, 108.53807830810547, 28.862850189208984)","(-2.2817513942718506, 114.07146453857422, 30.876882553100586)",POINT (0.4914352744817734 0.4879700988531113),,,,,,,,,,,,,,,,,,,,,,,,,,,,,,,,,,,,,,,,,,,,,1,
0,54,27,437280036402,1846395359,1,1,"(0.4888765513896942, 0.5141977071762085)","(0.48687925934791565, 0.49983176589012146)",1,1,2.77337646484375,2.6882476806640625,"(-69.34831237792969, -77.25703430175781, 743.647216796875)","(-3.41556715965271, -77.25487518310547, 742.7882690429688)","(-3.5839579105377197, 106.50065612792969, 28.121261596679688)","(-4.276090145111084, 109.13207244873047, 29.079036712646484)",POINT (0.4878779053688049 0.507014736533165),,,,,,,,,,,,,,,,,,,,,,,,,,,,,,,,,,,,,,,,,,,,,1,
0,54,27,437280053069,1846412026,1,1,"(0.49685895442962646, 0.5277695059776306)","(0.49076327681541443, 0.4891735017299652)",1,1,2.759857177734375,2.6085357666015625,"(-69.57080841064453, -77.29969787597656, 743.7564697265625)","(-3.6309814453125, -77.2522201538086, 742.755859375)","(-0.8177757263183594, 104.0146713256836, 27.216472625732422)","(-2.9301376342773438, 111.08434295654297, 29.789655685424805)",POINT (0.4938111156225204 0.5084715038537979),,,,,,,,,,,,,,,,,,,,,,,,,,,,,,,,,,,,,,,,,,,,,1,
0,54,27,437280069737,1846428693,1,1,"(0.479123592376709, 0.49369320273399353)","(0.4998740553855896, 0.49579867720603943)",1,1,2.79595947265625,2.62890625,"(-69.80648803710938, -77.18687438964844, 743.9822998046875)","(-3.844470739364624, -77.0999755859375, 742.5252685546875)","(-6.963703155517578, 110.25646209716797, 29.48830223083496)","(0.2270805835723877, 109.8708267211914, 29.347917556762695)",POINT (0.4894988238811493 0.4947459399700165),,,,,,,,,,,,,,,,,,,,,,,,,,,,,,,,,,,,,,,,,,,,,1,
0,54,27,437280086403,1846445359,1,1,"(0.49604785442352295, 0.5050610899925232)","(0.49418240785598755, 0.4619130492210388)",1,1,2.7781982421875,2.587615966796875,"(-69.98385620117188, -77.17662048339844, 743.8358154296875)","(-4.032020568847656, -76.98895263671875, 742.082763671875)","(-1.0988330841064453, 108.17420196533203, 28.73038673400879)","(-1.7452895641326904, 116.07768249511719, 31.607025146484375)",POINT (0.4951151311397552 0.483487069606781),,,,,,,,,,,,,,,,,,,,,,,,,,,,,,,,,,,,,,,,,,,,,1,
0,54,27,437280103075,1846462030,1,1,"(0.4928266108036041, 0.48920515179634094)","(0.4867883622646332, 0.45784011483192444)",1,1,2.7404022216796875,2.600921630859375,"(-70.12191009521484, -77.01747131347656, 743.3880615234375)","(-4.192033767700195, -76.86155700683594, 742.1416625976562)","(-2.215122938156128, 111.07854461669922, 29.78754997253418)","(-4.307588577270508, 116.82373809814453, 31.878555297851562)",POINT (0.4898074865341186 0.4735226333141327),,,,,,,,,,,,,,,,,,,,,,,,,,,,,,,,,,,,,,,,,,,,,1,
0,54,27,437280119741,1846478696,1,1,"(0.5006317496299744, 0.5188151001930237)","(0.4933999478816986, 0.48820817470550537)",1,1,2.74713134765625,2.5727081298828125,"(-70.27984619140625, -77.0450668334961, 743.3073120117188)","(-4.341692924499512, -76.81092834472656, 742.1248168945312)","(0.4896524250507355, 105.65486145019531, 27.81344985961914)","(-2.0164377689361572, 111.26117706298828, 29.853944778442383)",POINT (0.4970158487558365 0.5035116374492645),,,,,,,,,,,,,,,,,,,,,,,,,,,,,,,,,,,,,,,,,,,,,1,
0,54,27,437280136409,1846495363,1,1,"(0.5003701448440552, 0.5008975863456726)","(0.5046064853668213, 0.5050957202911377)",1,1,2.718490600585937,2.614837646484375,"(-70.3747787475586, -77.01266479492188, 743.163330078125)","(-4.452576160430908, -76.64451599121094, 741.7896118164062)","(0.39897966384887695, 108.93685913085938, 29.007972717285156)","(1.8670504093170166, 108.16786193847656, 28.72810173034668)",POINT (0.5024883151054382 0.5029966533184052),,,,,,,,,,,,,,,,,,,,,,,,,,,,,,,,,,,,,,,,,,,,,1,
0,54,27,437280153076,1846512030,1,1,"(0.4991362988948822, 0.5089841485023499)","(0.48294779658317566, 0.4287005364894867)",1,1,2.6943817138671875,2.5483856201171875,"(-70.50518035888672, -77.11731719970703, 742.9610595703125)","(-4.570847511291504, -76.65512084960938, 741.8489379882812)","(-0.028577690944075584, 107.45561218261719, 28.468868255615234)","(-5.638492584228516, 122.1612548828125, 33.82130432128906)",POINT (0.4910420477390289 0.4688423424959183),,,,,,,,,,,,,,,,,,,,,,,,,,,,,,,,,,,,,,,,,,,,,1,
0,54,27,437280169743,1846528696,1,1,"(0.47429636120796204, 0.5347293615341187)","(0.504308819770813, 0.38749775290489197)",1,1,2.687362670898437,2.532958984375,"(-70.54498291015625, -77.2071533203125, 742.61474609375)","(-4.670932769775391, -76.65005493164062, 741.63525390625)","(-8.636507987976074, 102.73981475830078, 26.752464294433594)","(1.7638994455337524, 129.70843505859375, 36.56821823120117)",POINT (0.4893025904893875 0.4611135572195053),,,,,,,,,,,,,,,,,,,,,,,,,,,,,,,,,,,,,,,,,,,,,1,
0,54,27,437280186410,1846545363,1,1,"(0.4918813407421112, 0.47940579056739807)","(0.501679539680481, 0.44439318776130676)",1,1,2.702056884765625,2.5501708984375,"(-70.62950134277344, -77.44645690917969, 742.45751953125)","(-4.742589950561523, -76.8126449584961, 741.2250366210938)","(-2.5426878929138184, 112.8735122680664, 30.440834045410156)","(0.8527531027793884, 119.28681945800781, 32.77507400512695)",POINT (0.4967804402112961 0.4618994891643524),,,,,,,,,,,,,,,,,,,,,,,,,,,,,,,,,,,,,,,,,,,,,1,
0,54,27,437280203078,1846562030,1,1,"(0.4951927065849304, 0.4841766655445099)","(0.48563340306282043, 0.4463938772678375)",1,1,2.7114715576171875,2.5985565185546875,"(-70.65879821777344, -77.61430358886719, 742.2965087890625)","(-4.74688720703125, -76.855224609375, 741.0283203125)","(-1.3951627016067505, 111.9996109008789, 30.122783660888672)","(-4.707826137542725, 118.92036437988281, 32.64167022705078)",POINT (0.4904130548238754 0.4652852714061737),,,,,,,,,,,,,,,,,,,,,,,,,,,,,,,,,,,,,,,,,,,,,1,
0,54,27,437280219744,1846578696,1,1,"(0.5000361800193787, 0.5367733240127563)","(0.5056162476539612, 0.4436010420322418)",1,1,2.6836395263671875,2.596176147460937,"(-70.63570404052734, -77.79497528076172, 742.0823364257812)","(-4.740838050842285, -77.05089569091797, 741.0588989257812)","(0.28325602412223816, 102.36543273925781, 26.616201400756836)","(2.2169559001922607, 119.43193817138672, 32.82783889770508)",POINT (0.5028262138366699 0.4901871830224991),,,,,,,,,,,,,,,,,,,,,,,,,,,,,,,,,,,,,,,,,,,,,1,
0,54,27,437280236418,1846595369,1,1,"(0.48713773488998413, 0.5179627537727356)","(0.497873455286026, 0.4221433699131012)",1,1,2.6598052978515625,2.6075592041015625,"(-70.53172302246094, -77.85298156738281, 741.953125)","(-4.647614479064941, -77.06721496582031, 740.9996337890625)","(-4.186516761779785, 105.81098175048828, 27.870283126831055)","(-0.4662056565284729, 123.36234283447266, 34.258453369140625)",POINT (0.4925055950880051 0.4700530618429184),,,,,,,,,,,,,,,,,,,,,,,,,,,,,,,,,,,,,,,,,,,,,1,
0,54,27,437280253085,1846612036,1,1,"(0.49194756150245667, 0.5015813708305359)","(0.48895296454429626, 0.3916780948638916)",1,1,2.6363525390625,2.635009765625,"(-70.44868469238281, -77.88094329833984, 742.0479736328125)","(-4.532910346984863, -77.08683776855469, 741.1224365234375)","(-2.5197365283966064, 108.81157684326172, 28.962425231933594)","(-3.5574800968170166, 128.9427032470703, 36.28953170776367)",POINT (0.4904502630233765 0.4466297328472138),,,,,,,,,,,,,,,,,,,,,,,,,,,,,,,,,,,,,,,,,,,,,1,
0,54,27,437280269752,1846628702,1,1,"(0.48855987191200256, 0.5264315009117126)","(0.4962924122810364, 0.39796116948127747)",1,1,2.634033203125,2.585784912109375,"(-70.29509735107422, -77.76174926757812, 741.985107421875)","(-4.415347099304199, -77.02931213378906, 741.0474853515625)","(-3.6936941146850586, 104.25975036621094, 27.305686950683594)","(-1.0140880346298218, 127.79182434082031, 35.870635986328125)",POINT (0.4924261420965195 0.4621963351964951),,,,,,,,,,,,,,,,,,,,,,,,,,,,,,,,,,,,,,,,,,,,,1,
0,54,27,437280286419,1846645369,1,1,"(0.49666208028793335, 0.5128171443939209)","(0.49053817987442017, 0.41671088337898254)",1,1,2.6417388916015625,2.6414031982421875,"(-70.17314147949219, -77.671875, 742.1370849609375)","(-4.257862091064453, -76.95751953125, 741.0189208984375)","(-0.8859859108924866, 106.75352478027344, 28.213315963745117)","(-3.008136749267578, 124.357421875, 34.620628356933594)",POINT (0.4936001300811768 0.4647640138864517),,,,,,,,,,,,,,,,,,,,,,,,,,,,,,,,,,,,,,,,,,,,,1,
0,54,27,437280303087,1846662036,1,1,"(0.5000590682029724, 0.5526342391967773)","(0.4848392903804779, 0.40120869874954224)",1,1,2.6343231201171875,2.6382598876953125,"(-70.01412200927734, -77.54273223876953, 742.47802734375)","(-4.0826239585876465, -76.86032104492188, 741.4605712890625)","(0.29118984937667847, 99.46017456054688, 25.55875587463379)","(-4.983013153076172, 127.19699096679688, 35.65412521362305)",POINT (0.4924491792917252 0.4769214689731598),,,,,,,,,,,,,,,,,,,,,,,,,,,,,,,,,,,,,,,,,,,,,1,
0,54,27,437280319753,1846678702,1,1,"(0.4927331805229187, 0.4975626766681671)","(0.5002275109291077, 0.4111335575580597)",1,1,2.6517333984375,2.615509033203125,"(-69.83927917480469, -77.41695404052734, 742.534912109375)","(-3.9569568634033203, -76.78961181640625, 741.2949829101562)","(-2.24749493598938, 109.54767608642578, 29.230358123779297)","(0.34956103563308716, 125.37902069091797, 34.99246597290039)",POINT (0.4964803457260132 0.4543481171131134),,,,,,,,,,,,,,,,,,,,,,,,,,,,,,,,,,,,,,,,,,,,,1,
0,54,27,437280336421,1846695369,1,1,"(0.49042779207229614, 0.5250853300094604)","(0.5044548511505127, 0.4053797721862793)",1,1,2.663681030273437,2.592437744140625,"(-69.65132141113281, -77.29098510742188, 742.7108154296875)","(-3.750159740447998, -76.64430236816406, 741.0545654296875)","(-3.046391248703003, 104.5063247680664, 27.39543342590332)","(1.814489483833313, 126.43295288085938, 35.376060485839844)",POINT (0.4974413216114044 0.4652325510978699),,,,,,,,,,,,,,,,,,,,,,,,,,,,,,,,,,,,,,,,,,,,,1,
0,54,27,437280353088,1846712036,1,1,"(0.5225503444671631, 0.49655434489250183)","(0.5153443217277527, 0.46394169330596924)",1,1,2.730926513671875,2.7308807373046875,"(-69.41116333007812, -77.16722869873047, 742.7955322265625)","(-3.5269711017608643, -76.5804443359375, 741.193115234375)","(8.085254669189453, 109.73241424560547, 29.297515869140625)","(5.588101863861084, 115.70610046386719, 31.47178840637207)",POINT (0.5189473330974579 0.4802480190992355),,,,,,,,,,,,,,,,,,,,,,,,,,,,,,,,,,,,,,,,,,,,,1,
0,54,27,437280369761,1846728708,1,1,"(0.5179722309112549, 0.49603837728500366)","(0.5011420845985413, 0.43590185046195984)",1,1,2.7256317138671875,2.776275634765625,"(-69.24032592773438, -77.06258392333984, 742.952392578125)","(-3.3264617919921875, -76.58363342285156, 741.6804809570312)","(6.498745441436768, 109.826904296875, 29.331945419311523)","(0.6665136218070984, 120.8421630859375, 33.341224670410156)",POINT (0.5095571577548981 0.4659701138734818),,,,,,,,,,,,,,,,,,,,,,,,,,,,,,,,,,,,,,,,,,,,,1,
0,54,27,437280386428,1846745375,1,1,"(0.5118224620819092, 0.5598466992378235)","(0.5043607950210571, 0.4130235016345978)",1,1,2.67095947265625,2.654083251953125,"(-69.04164123535156, -76.90916442871094, 743.0897216796875)","(-3.1271262168884277, -76.43000793457031, 742.106201171875)","(4.3676581382751465, 98.13905334472656, 25.077924728393555)","(1.7819039821624756, 125.0328369140625, 34.866458892822266)",POINT (0.5080916285514832 0.4864351004362106),,,,,,,,,,,,,,,,,,,,,,,,,,,,,,,,,,,,,,,,,,,,,1,
0,54,27,437280403096,1846762042,1,1,"(0.5030417442321777, 0.4886091947555542)","(0.5177773833274841, 0.3989039361476898)",1,1,2.6954498291015625,2.63775634765625,"(-68.889892578125, -76.75033569335938, 743.1155395507812)","(-2.9898111820220947, -76.24999237060547, 741.56103515625)","(1.3247913122177124, 111.18771362304688, 29.827259063720703)","(6.43122673034668, 127.61912536621094, 35.80784225463867)",POINT (0.5104095637798309 0.443756565451622),,,,,,,,,,,,,,,,,,,,,,,,,,,,,,,,,,,,,,,,,,,,,1,
0,54,27,437280419762,1846778708,1,1,"(0.5197994112968445, 0.5547564029693604)","(0.5146351456642151, 0.4493720531463623)",1,1,2.6842041015625,2.7285919189453125,"(-68.70805358886719, -76.48445129394531, 743.2532958984375)","(-2.833402156829834, -75.96258544921875, 741.8500366210938)","(7.131940841674805, 99.07144165039062, 25.41729164123535)","(5.342343330383301, 118.37482452392578, 32.44316101074219)",POINT (0.5172172784805298 0.5020642280578613),,,,,,,,,,,,,,,,,,,,,,,,,,,,,,,,,,,,,,,,,,,,,1,
0,54,27,437280436430,1846795375,1,1,"(0.5257247090339661, 0.5651285648345947)","(0.5290528535842896, 0.44347310066223145)",1,1,2.7155303955078125,2.6872711181640625,"(-68.55570983886719, -76.2388916015625, 743.129638671875)","(-2.6880245208740234, -75.73347473144531, 741.9117431640625)","(9.185272216796875, 97.17155456542969, 24.725812911987305)","(10.338608741760254, 119.45535278320312, 32.836429595947266)",POINT (0.5273887813091278 0.5043008327484131),,,,,,,,,,,,,,,,,,,,,,,,,,,,,,,,,,,,,,,,,,,,,1,
0,54,27,437280453097,1846812042,1,1,"(0.5196278691291809, 0.4959237575531006)","(0.5253439545631409, 0.40938669443130493)",1,1,2.7952423095703125,2.6591796875,"(-68.36640930175781, -75.90180206298828, 743.1798095703125)","(-2.5295279026031494, -75.36302185058594, 741.5784301757812)","(7.072500228881836, 109.847900390625, 29.339582443237305)","(9.053336143493652, 125.69901275634766, 35.10890579223633)",POINT (0.5224859118461609 0.4526552259922028),,,,,,,,,,,,,,,,,,,,,,,,,,,,,,,,,,,,,,,,,,,,,1,
0,54,27,437280469764,1846828708,1,1,"(0.5149155259132385, 0.5789885520935059)","(0.5067138671875, 0.4521244466304779)",1,1,2.6810455322265625,2.74365234375,"(-68.22297668457031, -75.64031982421875, 743.4102783203125)","(-2.346806526184082, -75.0733871459961, 741.8375244140625)","(5.439510822296143, 94.63282775878906, 23.801727294921875)","(2.5973188877105713, 117.87068176269531, 32.259620666503906)",POINT (0.5108146965503693 0.5155564993619919),,,,,,,,,,,,,,,,,,,,,,,,,,,,,,,,,,,,,,,,,,,,,1,
0,54,27,437280486434,1846845378,1,1,"(0.5268192291259766, 0.5160029530525208)","(0.512858510017395, 0.44867125153541565)",1,1,2.7794952392578125,2.702499389648437,"(-68.02303314208984, -75.27460479736328, 743.4237060546875)","(-2.1254022121429443, -74.66402435302734, 741.8231811523438)","(9.564579010009766, 106.16995239257812, 28.00095558166504)","(4.726663589477539, 118.5031967163086, 32.489864349365234)",POINT (0.5198388695716858 0.4823371022939682),,,,,,,,,,,,,,,,,,,,,,,,,,,,,,,,,,,,,,,,,,,,,1,
0,54,27,437280503102,1846862045,1,1,"(0.5183049440383911, 0.5261096954345703)","(0.5209628939628601, 0.38855403661727905)",1,1,2.739974975585937,2.68658447265625,"(-67.79456329345703, -74.98712158203125, 743.1746215820312)","(-1.9122672080993652, -74.3671875, 741.5811767578125)","(6.614059925079346, 104.3187026977539, 27.327117919921875)","(7.5351362228393555, 129.5149383544922, 36.4978141784668)",POINT (0.5196339190006256 0.4573318660259247),,,,,,,,,,,,,,,,,,,,,,,,,,,,,,,,,,,,,,,,,,,,,1,
0,54,27,437280519768,1846878711,1,1,"(0.5288683176040649, 0.5193235278129578)","(0.5286664366722107, 0.44406193494796753)",1,1,2.7852935791015625,2.7264404296875,"(-67.55668640136719, -74.64613342285156, 743.0021362304688)","(-1.674627423286438, -74.01142120361328, 741.3243408203125)","(10.274653434753418, 105.56173706054688, 27.779542922973633)","(10.204697608947754, 119.34747314453125, 32.79719543457031)",POINT (0.5287673771381378 0.4816927313804626),,,,,,,,,,,,,,,,,,,,,,,,,,,,,,,,,,,,,,,,,,,,,1,
0,54,27,437280536436,1846895378,1,1,"(0.5274572968482971, 0.5348342061042786)","(0.5171343684196472, 0.40961113572120667)",1,1,2.7526397705078125,2.743408203125,"(-67.29051971435547, -74.43897247314453, 742.8575439453125)","(-1.3863587379455566, -73.8199691772461, 740.9920043945312)","(9.785667419433594, 102.72064971923828, 26.74542808532715)","(6.208411693572998, 125.65789031982422, 35.09394836425781)",POINT (0.5222958326339722 0.4722226709127426),,,,,,,,,,,,,,,,,,,,,,,,,,,,,,,,,,,,,,,,,,,,,1,
0,54,27,437280553103,1846912045,1,1,"(0.521497368812561, 0.5395445823669434)","(0.5108442902565002, 0.4841146171092987)",1,1,2.72479248046875,2.7328338623046875,"(-67.0362777709961, -74.22552490234375, 742.7249145507812)","(-1.1173487901687622, -73.63487243652344, 740.9776611328125)","(7.72036600112915, 101.8578109741211, 26.431427001953125)","(4.028666019439697, 112.0110092163086, 30.126846313476562)",POINT (0.5161708295345306 0.511829599738121),,,,,,,,,,,,,,,,,,,,,,,,,,,,,,,,,,,,,,,,,,,,,1,
0,54,27,437280569770,1846928711,1,1,"(0.5160970091819763, 0.5668058395385742)","(0.5004149675369263, 0.4656714200973511)",1,1,2.694061279296875,2.7615203857421875,"(-66.74166107177734, -74.12857055664062, 742.4108276367188)","(-0.8316144943237305, -73.60588073730469, 740.6905517578125)","(5.848933219909668, 96.86434173583984, 24.61396598815918)","(0.41452085971832275, 115.3892593383789, 31.356468200683594)",POINT (0.5082559883594513 0.5162386298179626),,,,,,,,,,,,,,,,,,,,,,,,,,,,,,,,,,,,,,,,,,,,,1,
0,54,27,437280586437,1846945378,1,1,"(0.5126071572303772, 0.5193343162536621)","(0.5176064372062683, 0.41376572847366333)",1,1,2.7761383056640625,2.78131103515625,"(-66.44230651855469, -74.0589828491211, 741.9757080078125)","(-0.56895911693573, -73.70944213867188, 740.22216796875)","(4.6395697593688965, 105.55974578857422, 27.778867721557617)","(6.372013092041016, 124.89689636230469, 34.81695556640625)",POINT (0.5151067972183228 0.4665500223636627),,,,,,,,,,,,,,,,,,,,,,,,,,,,,,,,,,,,,,,,,,,,,1,
0,54,27,437280603105,1846962045,1,1,"(0.49961796402931213, 0.5120903253555298)","(0.48149773478507996, 0.4391883909702301)",1,1,2.80303955078125,2.754486083984375,"(-66.19596099853516, -74.15115356445312, 741.7061767578125)","(-0.3305455148220062, -73.96149444580078, 740.1925048828125)","(0.13832987844944, 106.88665771484375, 28.261775970458984)","(-6.140981197357178, 120.24019622802734, 33.122066497802734)",POINT (0.490557849407196 0.4756393581628799),,,,,,,,,,,,,,,,,,,,,,,,,,,,,,,,,,,,,,,,,,,,,1,
0,54,27,437280619777,1846978717,1,1,"(0.49827492237091064, 0.5567128658294678)","(0.4870949983596802, 0.40890854597091675)",1,1,2.7461090087890625,2.75030517578125,"(-65.89616394042969, -74.28952026367188, 741.224609375)","(-0.04034001752734184, -74.22655487060547, 739.7398071289062)","(-0.3270721733570099, 98.71308135986328, 25.28684425354004)","(-4.201333999633789, 125.78659057617188, 35.14078140258789)",POINT (0.4926849603652954 0.4828107059001923),,,,,,,,,,,,,,,,,,,,,,,,,,,,,,,,,,,,,,,,,,,,,1,
0,54,27,437280703112,1847062049,1,1,"(0.491616815328598, 0.6012513041496277)","(0.4924215078353882, 0.3780795633792877)",1,1,2.6987762451171875,2.770980834960937,"(-64.91633605957031, -75.34794616699219, 739.318115234375)","(0.959930419921875, -76.03123474121094, 737.947998046875)","(-2.634357213973999, 90.55491638183594, 22.317541122436523)","(-2.355501890182495, 131.43356323242188, 37.196144104003906)",POINT (0.4920191615819931 0.4896654337644577),,,,,,,,,,,,,,,,,,,,,,,,,,,,,,,,,,,,,,,,,,,,,1,
0,54,27,437280736447,1847095383,1,1,"(0.48789680004119873, 0.537571132183075)","(0.4853194057941437, 0.46183282136917114)",1,1,2.727890014648437,2.7412261962890625,"(-64.83967590332031, -75.52088928222656, 738.87060546875)","(1.0289487838745117, -76.33566284179688, 737.5277709960938)","(-3.923478841781616, 102.21929931640625, 26.56300163269043)","(-4.816633701324463, 116.0923843383789, 31.61238670349121)",POINT (0.4866081029176712 0.499701976776123),,,,,,,,,,,,,,,,,,,,,,,,,,,,,,,,,,,,,,,,,,,,,1,
0,54,27,437280753117,1847112053,1,1,"(0.474688857793808, 0.5425977110862732)","(0.4833419919013977, 0.43549633026123047)",1,1,2.80499267578125,2.726165771484375,"(-64.81338500976562, -75.49267578125, 738.3587646484375)","(1.0151326656341553, -76.44536590576172, 737.3780517578125)","(-8.50051212310791, 101.29857635498047, 26.227855682373047)","(-5.501882553100586, 120.91645812988281, 33.36822509765625)",POINT (0.4790154248476028 0.4890470206737518),,,,,,,,,,,,,,,,,,,,,,,,,,,,,,,,,,,,,,,,,,,,,1,
0,54,27,437280769794,1847128729,1,1,"(0.4843685030937195, 0.5281627774238586)","(0.49363064765930176, 0.4980888366699219)",1,1,2.811553955078125,2.7622528076171875,"(-64.89630889892578, -75.45946502685547, 738.3123168945312)","(0.953262448310852, -76.45389556884766, 737.2734375)","(-5.14616060256958, 103.94263458251953, 27.19025230407715)","(-1.9364982843399048, 109.4513168334961, 29.195241928100586)",POINT (0.4889995753765106 0.5131258070468903),,,,,,,,,,,,,,,,,,,,,,,,,,,,,,,,,,,,,,,,,,,,,1,
0,54,27,437280786460,1847145395,1,1,"(0.4782072603702545, 0.47488725185394287)","(0.49967360496520996, 0.3845229148864746)",1,1,2.84228515625,2.7578582763671875,"(-64.94178771972656, -75.3114013671875, 738.2138671875)","(0.8532726764678955, -76.33848571777344, 736.9290771484375)","(-7.281255722045898, 113.70117950439453, 30.742095947265625)","(0.15761740505695343, 130.25332641601562, 36.76655960083008)",POINT (0.4889404326677322 0.4297050833702087),,,,,,,,,,,,,,,,,,,,,,,,,,,,,,,,,,,,,,,,,,,,,,
0,54,27,437280803128,1847162062,1,1,"(0.4871695935726166, 0.5130460858345032)","(0.49611330032348633, 0.4384744465351105)",1,1,2.773681640625,2.7547607421875,"(-65.04986572265625, -75.17300415039062, 738.158447265625)","(0.7550050616264343, -76.22935485839844, 736.9295654296875)","(-4.175480365753174, 106.7115707397461, 28.19808578491211)","(-1.076169729232788, 120.3709487915039, 33.169715881347656)",POINT (0.4916414469480514 0.4757602661848068),,,,,,,,,,,,,,,,,,,,,,,,,,,,,,,,,,,,,,,,,,,,,1,
0,54,27,437280819786,1847178720,1,1,"(0.48451682925224304, 0.4592841565608978)","(0.487981379032135, 0.38523465394973755)",1,1,2.786834716796875,2.75390625,"(-65.18991088867188, -75.0353012084961, 738.2393188476562)","(0.644607424736023, -76.12406921386719, 736.3018798828125)","(-5.094749450683594, 116.55921936035156, 31.782304763793945)","(-3.894160032272339, 130.1229705810547, 36.719093322753906)",POINT (0.486249104142189 0.4222594052553177),,,,,,,,,,,,,,,,,,,,,,,,,,,,,,,,,,,,,,,,,,,,,,
0,54,27,437280836454,1847195387,1,1,"(0.4836014211177826, 0.4521568715572357)","(0.4950990080833435, 0.4194127321243286)",1,1,2.87689208984375,2.72906494140625,"(-65.31497192382812, -74.79566955566406, 737.8326416015625)","(0.500661313533783, -75.95025634765625, 736.6756591796875)","(-5.4119768142700195, 117.86473083496094, 32.25748825073242)","(-1.427653431892395, 123.8625259399414, 34.44048309326172)",POINT (0.489350214600563 0.4357848018407822),,,,,,,,,,,,,,,,,,,,,,,,,,,,,,,,,,,,,,,,,,,,,,
0,54,27,437280853129,1847212062,1,1,"(0.4778558015823364, 0.48354166746139526)","(0.4850088357925415, 0.3759947419166565)",1,1,2.844207763671875,2.7450103759765625,"(-65.42904663085938, -74.61076354980469, 737.79296875)","(0.3909170925617218, -75.76248168945312, 736.2572631835938)","(-7.403048992156982, 112.1159439086914, 30.165071487426758)","(-4.924258708953857, 131.81546020507812, 37.335121154785156)",POINT (0.481432318687439 0.4297682046890259),,,,,,,,,,,,,,,,,,,,,,,,,,,,,,,,,,,,,,,,,,,,,,
0,54,27,437280869797,1847228729,1,1,"(0.48118874430656433, 0.4639572203159332)","(0.4976317286491394, 0.4059376120567322)",1,1,2.888412475585937,2.799560546875,"(-65.61561584472656, -74.46907043457031, 737.8612060546875)","(0.2297307848930359, -75.60558319091797, 736.1380615234375)","(-6.248075485229492, 115.70325469970703, 31.470746994018555)","(-0.5499749183654785, 126.33078002929688, 35.338863372802734)",POINT (0.4894102364778519 0.4349474161863327),,,,,,,,,,,,,,,,,,,,,,,,,,,,,,,,,,,,,,,,,,,,,,
0,54,27,437280886469,1847245401,1,1,"(0.4798097312450409, 0.4698515236377716)","(0.4865492284297943, 0.4727669954299927)",1,1,2.8456573486328125,2.7738037109375,"(-65.71350860595703, -74.3178482055664, 737.322265625)","(0.12030430138111115, -75.41571807861328, 736.0485229492188)","(-6.725937843322754, 114.62358093261719, 31.07778549194336)","(-4.390463829040527, 114.08955383300781, 30.883420944213867)",POINT (0.4831794798374176 0.4713092595338821),,,,,,,,,,,,,,,,,,,,,,,,,,,,,,,,,,,,,,,,,,,,,1,
0,54,27,437280903137,1847262068,1,1,"(0.4854782521724701, 0.4742530584335327)","(0.4872415363788605, 0.3640940487384796)",1,1,2.863021850585937,2.7347564697265625,"(-65.8946762084961, -74.26353454589844, 737.3018188476562)","(-0.05743354186415672, -75.33240509033203, 735.73486328125)","(-4.761587619781494, 113.81735229492188, 30.784345626831055)","(-4.1505560874938965, 133.9953155517578, 38.1285285949707)",POINT (0.4863598942756653 0.4191735535860062),,,,,,,,,,,,,,,,,,,,,,,,,,,,,,,,,,,,,,,,,,,,,,
0,54,27,437280919803,1847278734,1,1,"(0.4699174463748932, 0.4761229455471039)","(0.5073387622833252, 0.3925979733467102)",1,1,2.8592987060546875,2.7125396728515625,"(-66.06764221191406, -74.28025817871094, 737.1751708984375)","(-0.22643326222896576, -75.2802963256836, 735.6753540039062)","(-10.15398120880127, 113.47482299804688, 30.65972137451172)","(2.813873291015625, 128.7742156982422, 36.22821044921875)",POINT (0.4886281043291092 0.434360459446907),,,,,,,,,,,,,,,,,,,,,,,,,,,,,,,,,,,,,,,,,,,,,,
0,54,27,437280936471,1847295401,1,1,"(0.4764465093612671, 0.4815082550048828)","(0.4900280833244324, 0.363888144493103)",1,1,2.873443603515625,2.715423583984375,"(-66.27425384521484, -74.3026351928711, 737.010986328125)","(-0.4163822531700134, -75.22700500488281, 735.6307373046875)","(-7.891420841217041, 112.48841094970703, 30.300647735595703)","(-3.1849071979522705, 134.0330352783203, 38.14224624633789)",POINT (0.4832372963428497 0.4226981997489929),,,,,,,,,,,,,,,,,,,,,,,,,,,,,,,,,,,,,,,,,,,,,,
0,54,27,437280953129,1847312059,1,1,"(0.46555665135383606, 0.44890695810317993)","(0.4774370491504669, 0.4259037971496582)",1,1,2.86883544921875,2.8128814697265625,"(-66.4953842163086, -74.44300842285156, 736.889892578125)","(-0.6113675832748413, -75.29588317871094, 735.377197265625)","(-11.665149688720703, 118.46002197265625, 32.47417449951172)","(-7.548152923583984, 122.67353820800781, 34.00775909423828)",POINT (0.4714968502521515 0.4374053776264191),,,,,,,,,,,,,,,,,,,,,,,,,,,,,,,,,,,,,,,,,,,,,,
0,54,27,437280969805,1847328734,1,1,"(0.46620169281959534, 0.5131450295448303)","(0.48902836441993713, 0.40041279792785645)",1,1,2.862289428710937,2.7870025634765625,"(-66.72281646728516, -74.53146362304688, 736.7060546875)","(-0.8347991108894348, -75.32421875, 735.421630859375)","(-11.441627502441406, 106.69344329833984, 28.191476821899414)","(-3.5313467979431152, 127.3427505493164, 35.70722961425781)",POINT (0.4776150286197662 0.4567789137363434),,,,,,,,,,,,,,,,,,,,,,,,,,,,,,,,,,,,,,,,,,,,,1,
0,54,27,437280986472,1847345401,1,1,"(0.4724118411540985, 0.5150768756866455)","(0.4930659532546997, 0.39469945430755615)",1,1,2.9026641845703125,2.7843475341796875,"(-66.93679809570312, -74.71946716308594, 736.4976196289062)","(-1.0608422756195068, -75.38824462890625, 735.212890625)","(-9.289583206176758, 106.33959197998047, 28.06268310546875)","(-2.132173538208008, 128.3892822265625, 36.08809280395508)",POINT (0.4827388972043991 0.4548881649971008),,,,,,,,,,,,,,,,,,,,,,,,,,,,,,,,,,,,,,,,,,,,,1,
0,54,27,437281003131,1847362059,1,1,"(0.4700983762741089, 0.4865228235721588)","(0.49314066767692566, 0.39279016852378845)",1,1,2.878448486328125,2.80169677734375,"(-67.18578338623047, -74.88418579101562, 736.47607421875)","(-1.3004348278045654, -75.46913146972656, 735.0333251953125)","(-10.091283798217773, 111.56988525390625, 29.966341018676758)","(-2.1062839031219482, 128.73899841308594, 36.21540069580078)",POINT (0.4816195219755173 0.4396564960479736),,,,,,,,,,,,,,,,,,,,,,,,,,,,,,,,,,,,,,,,,,,,,,
0,54,27,437281036470,1847395397,1,1,"(0.4663194417953491, 0.5164901614189148)","(0.48550570011138916, 0.40198424458503723)",1,1,2.90911865234375,2.841583251953125,"(-67.59364318847656, -75.18344116210938, 736.08837890625)","(-1.7548646926879883, -75.59182739257812, 735.1661376953125)","(-11.400813102722168, 106.08072662353516, 27.968467712402344)","(-4.752072334289551, 127.0549087524414, 35.602439880371094)",POINT (0.4759125709533691 0.459237203001976),,,,,,,,,,,,,,,,,,,,,,,,,,,,,,,,,,,,,,,,,,,,,1,
0,54,27,437281053136,1847412063,1,1,"(0.4747893810272217, 0.5016832947731018)","(0.492148756980896, 0.4153839647769928)",1,1,2.8783111572265625,2.8173828125,"(-67.78329467773438, -75.3714828491211, 736.094970703125)","(-1.9443182945251465, -75.6899642944336, 735.06103515625)","(-8.465681076049805, 108.79291534423828, 28.95561981201172)","(-2.4500057697296143, 124.60047149658203, 34.70909881591797)",POINT (0.4834690690040588 0.4585336297750473),,,,,,,,,,,,,,,,,,,,,,,,,,,,,,,,,,,,,,,,,,,,,1,
0,54,27,437281069804,1847428730,1,1,"(0.48141080141067505, 0.4940657317638397)","(0.48274487257003784, 0.43276768922805786)",1,1,2.891815185546875,2.8701324462890625,"(-67.99295043945312, -75.55915069580078, 736.49072265625)","(-2.094414234161377, -75.75541687011719, 735.0155639648438)","(-6.171116828918457, 110.18822479248047, 29.4634952545166)","(-5.708803653717041, 121.41626739501953, 33.5501594543457)",POINT (0.4820778369903564 0.4634167104959488),,,,,,,,,,,,,,,,,,,,,,,,,,,,,,,,,,,,,,,,,,,,,1,
0,54,27,437281086471,1847445397,1,1,"(0.473428875207901, 0.48095983266830444)","(0.4995046854019165, 0.38689976930618286)",1,1,2.8980255126953125,2.7774810791015625,"(-68.07201385498047, -75.65474700927734, 736.3551025390625)","(-2.24509859085083, -75.8099594116211, 735.3426513671875)","(-8.937143325805664, 112.58885192871094, 30.33721923828125)","(0.09908035397529602, 129.81796264648438, 36.608097076416016)",POINT (0.4864667803049088 0.4339298009872436),,,,,,,,,,,,,,,,,,,,,,,,,,,,,,,,,,,,,,,,,,,,,,
0,54,27,437281103138,1847462063,1,1,"(0.48730966448783875, 0.46383264660835266)","(0.5003787279129028, 0.3926681578159332)",1,1,2.9087066650390625,2.794769287109375,"(-68.23089599609375, -75.85113525390625, 736.899169921875)","(-2.324756145477295, -75.8346176147461, 735.3571166992188)","(-4.126944541931152, 115.72607421875, 31.479061126708984)","(0.4019757807254791, 128.7613525390625, 36.22353744506836)",POINT (0.4938441962003708 0.4282504022121429),,,,,,,,,,,,,,,,,,,,,,,,,,,,,,,,,,,,,,,,,,,,,,
0,54,27,437281119805,1847478730,1,1,"(0.49352511763572693, 0.4708458483219147)","(0.5024936199188232, 0.3960307240486145)",1,1,2.9480743408203125,2.8092041015625,"(-68.28639221191406, -75.943603515625, 736.7703247070312)","(-2.438141345977783, -75.88150024414062, 735.3118896484375)","(-1.9730571508407593, 114.44145202636719, 31.011503219604492)","(1.1348614692687988, 128.1454315185547, 35.99934005737305)",POINT (0.4980093687772751 0.4334382861852646),,,,,,,,,,,,,,,,,,,,,,,,,,,,,,,,,,,,,,,,,,,,,,
0,54,27,437281136473,1847495397,1,1,"(0.4869990944862366, 0.4677010774612427)","(0.4981129467487335, 0.3657902181148529)",1,1,2.918304443359375,2.77093505859375,"(-68.34876251220703, -76.05610656738281, 736.799072265625)","(-2.493621349334717, -75.99158477783203, 735.5947265625)","(-4.234557151794434, 115.0174789428711, 31.22116470336914)","(-0.38319718837738037, 133.68463134765625, 38.01545715332031)",POINT (0.492556020617485 0.4167456477880478),,,,,,,,,,,,,,,,,,,,,,,,,,,,,,,,,,,,,,,,,,,,,,
0,54,27,437281153144,1847512068,1,1,"(0.4879117012023926, 0.49313634634017944)","(0.5015521049499512, 0.3964822590351105)",1,1,2.9529571533203125,2.862060546875,"(-68.4205322265625, -76.1584701538086, 737.046142578125)","(-2.545311450958252, -76.05838775634766, 735.7437744140625)","(-3.9183201789855957, 110.35846710205078, 29.525447845458984)","(0.8085806965827942, 128.06271362304688, 35.96923828125)",POINT (0.4947319030761719 0.444809302687645),,,,,,,,,,,,,,,,,,,,,,,,,,,,,,,,,,,,,,,,,,,,,1,
0,54,27,437281169812,1847528735,1,1,"(0.48678892850875854, 0.47668710350990295)","(0.5031000375747681, 0.38419798016548157)",1,1,2.9622802734375,2.839080810546875,"(-68.4698257446289, -76.23429107666016, 737.2977905273438)","(-2.5823397636413574, -76.10206604003906, 736.0125732421875)","(-4.307400703430176, 113.37150573730469, 30.62207794189453)","(1.3450090885162354, 130.31285095214844, 36.788230895996094)",POINT (0.4949444830417633 0.4304425418376923),,,,,,,,,,,,,,,,,,,,,,,,,,,,,,,,,,,,,,,,,,,,,,
0,54,27,437281186479,1847545402,1,1,"(0.49553418159484863, 0.4482341706752777)","(0.5012673139572144, 0.3783404231071472)",1,1,3.0032501220703125,2.8047637939453125,"(-68.4971694946289, -76.31121063232422, 737.5343017578125)","(-2.6021459102630615, -76.13221740722656, 736.236328125)","(-1.2768396139144897, 118.58325958251953, 32.51900863647461)","(0.7099025845527649, 131.3857879638672, 37.17873764038086)",POINT (0.4984007477760315 0.4132872968912125),,,,,,,,,,,,,,,,,,,,,,,,,,,,,,,,,,,,,,,,,,,,,,
0,54,27,437281203146,1847562068,1,1,"(0.49400821328163147, 0.48125216364860535)","(0.5008553862571716, 0.3839625418186188)",1,1,2.97607421875,2.8570709228515625,"(-68.48695373535156, -76.354736328125, 737.6575317382812)","(-2.587991952896118, -76.15385437011719, 736.37109375)","(-1.8056358098983765, 112.53529357910156, 30.317739486694336)","(0.5671519041061401, 130.35597229003906, 36.8039436340332)",POINT (0.4974317997694016 0.4326073527336121),,,,,,,,,,,,,,,,,,,,,,,,,,,,,,,,,,,,,,,,,,,,,,
0,54,27,437281219813,1847578735,1,1,"(0.49243155121803284, 0.45897480845451355)","(0.49811607599258423, 0.37155190110206604)",1,1,2.980682373046875,2.834930419921875,"(-68.45413970947266, -76.39210510253906, 737.801513671875)","(-2.559652328491211, -76.16329956054688, 736.34130859375)","(-2.35201096534729, 116.61587524414062, 31.802947998046875)","(-0.3821197748184204, 132.62925720214844, 37.63132095336914)",POINT (0.4952738136053085 0.4152633547782898),,,,,,,,,,,,,,,,,,,,,,,,,,,,,,,,,,,,,,,,,,,,,,
0,54,27,437281236480,1847595401,1,1,"(0.4890105128288269, 0.44919613003730774)","(0.5041670203208923, 0.42750927805900574)",1,1,2.979705810546875,2.8483428955078125,"(-68.38138580322266, -76.38887023925781, 737.8474731445312)","(-2.5171072483062744, -76.13990783691406, 736.0274658203125)","(-3.537539005279541, 118.40705871582031, 32.454864501953125)","(1.714762806892395, 122.37947082519531, 33.90068435668945)",POINT (0.4965887665748596 0.4383527040481567),,,,,,,,,,,,,,,,,,,,,,,,,,,,,,,,,,,,,,,,,,,,,,
0,54,27,437281253147,1847612068,1,1,"(0.4889882802963257, 0.4926357865333557)","(0.507146954536438, 0.4172171652317047)",1,1,2.98089599609375,2.831756591796875,"(-68.32760620117188, -76.38630676269531, 737.9212646484375)","(-2.4382548332214355, -76.21751403808594, 736.5362548828125)","(-3.54524302482605, 110.45015716552734, 29.55881118774414)","(2.747393846511841, 124.26469421386719, 34.58686065673828)",POINT (0.4980676174163818 0.4549264758825302),,,,,,,,,,,,,,,,,,,,,,,,,,,,,,,,,,,,,,,,,,,,,1,
0,54,27,437281269815,1847628735,1,1,"(0.49557897448539734, 0.4879703223705292)","(0.5079138278961182, 0.4436207711696625)",1,1,2.934722900390625,2.88922119140625,"(-68.25299835205078, -76.3713607788086, 738.1669921875)","(-2.3602097034454346, -76.25039672851562, 736.71630859375)","(-1.261329174041748, 111.30474853515625, 29.86981964111328)","(3.0131492614746094, 119.42830657958984, 32.82658004760742)",POINT (0.5017464011907578 0.4657955467700958),,,,,,,,,,,,,,,,,,,,,,,,,,,,,,,,,,,,,,,,,,,,,1,
0,54,27,437281286486,1847645406,1,1,"(0.48696795105934143, 0.5025021433830261)","(0.49905112385749817, 0.4209166169166565)",1,1,2.9805908203125,2.8927001953125,"(-68.11000061035156, -76.35697174072266, 738.0758666992188)","(-2.2284345626831055, -76.30127716064453, 736.5972290039062)","(-4.245359420776367, 108.6429214477539, 28.901029586791992)","(-0.05809173360466957, 123.58705139160156, 34.3402099609375)",POINT (0.4930095374584198 0.4617093801498413),,,,,,,,,,,,,,,,,,,,,,,,,,,,,,,,,,,,,,,,,,,,,1,
0,54,27,437281303154,1847662073,1,1,"(0.49192532896995544, 0.4906603693962097)","(0.5078489780426025, 0.4213527739048004)",1,1,2.98193359375,2.8330535888671875,"(-68.07902526855469, -76.30823516845703, 738.2353515625)","(-2.184857130050659, -76.2523422241211, 736.7023315429688)","(-2.527451992034912, 110.8119888305664, 29.690513610839844)","(2.9906880855560303, 123.50715637207031, 34.311161041259766)",POINT (0.499887153506279 0.4560065716505051),,,,,,,,,,,,,,,,,,,,,,,,,,,,,,,,,,,,,,,,,,,,,1,
0,54,27,437281319821,1847678740,1,1,"(0.4796023666858673, 0.47278133034706116)","(0.5046360492706299, 0.43032199144363403)",1,1,2.9955596923828125,2.8478240966796875,"(-67.97044372558594, -76.30948638916016, 738.3201904296875)","(-2.090881824493408, -76.31401062011719, 736.8525390625)","(-6.797794818878174, 114.0869369506836, 30.882471084594727)","(1.8772847652435303, 121.86425018310547, 33.71318817138672)",POINT (0.4921192079782486 0.4515516608953476),,,,,,,,,,,,,,,,,,,,,,,,,,,,,,,,,,,,,,,,,,,,,1,
0,54,27,437281336488,1847695406,1,1,"(0.4843123257160187, 0.41453132033348083)","(0.5052591562271118, 0.4140132963657379)",1,1,3.052459716796875,2.8647918701171875,"(-67.8851318359375, -76.27069091796875, 738.1988525390625)","(-2.004795789718628, -76.31060791015625, 736.7033081054688)","(-5.165623664855957, 124.75666046142578, 34.76591110229492)","(2.0932090282440186, 124.85154724121094, 34.80049514770508)",POINT (0.4947857409715652 0.4142723083496094),,,,,,,,,,,,,,,,,,,,,,,,,,,,,,,,,,,,,,,,,,,,,,
0,54,27,437281353155,1847712073,1,1,"(0.4931758642196655, 0.48558035492897034)","(0.506438136100769, 0.41811421513557434)",1,1,2.9957275390625,2.8708038330078125,"(-67.84001159667969, -76.27256774902344, 738.2994995117188)","(-1.9416404962539673, -76.38317108154297, 736.898193359375)","(-2.094085216522217, 111.74251556396484, 30.029163360595703)","(2.5017805099487305, 124.10035705566406, 34.52710723876953)",POINT (0.4998070001602173 0.4518472850322723),,,,,,,,,,,,,,,,,,,,,,,,,,,,,,,,,,,,,,,,,,,,,1,
0,54,27,437281369823,1847728740,1,1,"(0.4958919286727905, 0.48642346262931824)","(0.49929332733154297, 0.3633582890033722)",1,1,2.975006103515625,2.83551025390625,"(-67.85041809082031, -76.2433853149414, 738.3419799804688)","(-1.9417954683303833, -76.38633728027344, 736.9281005859375)","(-1.152878999710083, 111.58807373046875, 29.97297477722168)","(0.02584502287209034, 134.1300811767578, 38.1776008605957)",POINT (0.4975926280021668 0.4248908758163452),,,,,,,,,,,,,,,,,,,,,,,,,,,,,,,,,,,,,,,,,,,,,,
0,54,27,437281386489,1847745406,1,1,"(0.49221622943878174, 0.5264720320701599)","(0.4941231906414032, 0.5082547068595886)",1,1,2.9389190673828125,2.914779663085937,"(-67.75756072998047, -76.36767578125, 738.3634033203125)","(-1.8904409408569336, -76.52236938476562, 737.2279663085938)","(-2.426642894744873, 104.25233459472656, 27.302980422973633)","(-1.7658028602600098, 107.58922576904297, 28.517486572265625)",POINT (0.4931697100400925 0.5173633694648743),,,,,,,,,,,,,,,,,,,,,,,,,,,,,,,,,,,,,,,,,,,,,1,
0,54,27,437281403160,1847762076,1,1,"(0.49037614464759827, 0.5873664617538452)","(0.504943311214447, 0.5182260870933533)",1,1,2.956756591796875,2.878997802734375,"(-67.77723693847656, -76.41805267333984, 738.37255859375)","(-1.9325636625289917, -76.62732696533203, 736.943359375)","(-3.064300537109375, 93.09822082519531, 23.243206024169922)","(1.9837603569030762, 105.76275634765625, 27.852691650390625)",POINT (0.4976597279310226 0.5527962744235992),,,,,,,,,,,,,,,,,,,,,,,,,,,,,,,,,,,,,,,,,,,,,1,
0,54,27,437281419827,1847778743,1,1,"(0.4889156222343445, 0.5829548239707947)","(0.5004685521125793, 0.5160533785820007)",1,1,2.9624786376953125,2.8579254150390625,"(-67.75129699707031, -76.49422454833984, 738.2864379882812)","(-1.8916112184524536, -76.6936264038086, 737.0485229492188)","(-3.570413112640381, 93.90630340576172, 23.53731918334961)","(0.43308815360069275, 106.1607437133789, 27.99753761291504)",POINT (0.4946920871734619 0.5495041012763977),,,,,,,,,,,,,,,,,,,,,,,,,,,,,,,,,,,,,,,,,,,,,1,
0,54,27,437281436494,1847795409,1,1,"(0.48709776997566223, 0.5487478375434875)","(0.5007160902023315, 0.513329029083252)",1,1,2.9809112548828125,2.871688842773437,"(-67.82470703125, -76.50440979003906, 738.3936767578125)","(-1.9249014854431152, -76.70299530029297, 737.1981201171875)","(-4.200379848480225, 100.17205810546875, 25.81785011291504)","(0.5188854932785034, 106.65974426269531, 28.179210662841797)",POINT (0.4939069300889969 0.5310384333133698),,,,,,,,,,,,,,,,,,,,,,,,,,,,,,,,,,,,,,,,,,,,,1,
0,54,27,437281453160,1847812075,1,1,"(0.49246492981910706, 0.5270751118659973)","(0.4933140277862549, 0.5259506702423096)",1,1,3.000640869140625,2.8880615234375,"(-67.83209991455078, -76.52999877929688, 738.2720336914062)","(-1.9282548427581787, -76.71745300292969, 737.2429809570312)","(-2.340458393096924, 104.1418685913086, 27.262788772583008)","(-2.046201229095459, 104.34784698486328, 27.33770179748535)",POINT (0.492889478802681 0.5265128910541534),,,,,,,,,,,,,,,,,,,,,,,,,,,,,,,,,,,,,,,,,,,,,1,
0,54,27,437281469828,1847828742,1,1,"(0.48665061593055725, 0.5424137115478516)","(0.49305903911590576, 0.5014162659645081)",1,1,2.992401123046875,2.8621368408203125,"(-67.85989379882812, -76.49494934082031, 737.9756469726562)","(-1.9802957773208618, -76.64220428466797, 736.5546264648438)","(-4.355334281921387, 101.3322525024414, 26.240182876586914)","(-2.1345748901367188, 108.84182739257812, 28.97342872619629)",POINT (0.4898548275232315 0.5219149887561798),,,,,,,,,,,,,,,,,,,,,,,,,,,,,,,,,,,,,,,,,,,,,1,
0,54,27,437281486494,1847845408,1,1,"(0.48253482580184937, 0.5743358731269836)","(0.49719882011413574, 0.5322851538658142)",1,1,2.951385498046875,2.869979858398437,"(-67.89176177978516, -76.51237487792969, 738.0157470703125)","(-2.0199451446533203, -76.63844299316406, 736.5240478515625)","(-5.781599521636963, 95.48503112792969, 24.11196517944336)","(-0.6999954581260681, 103.18755340576172, 26.915353775024414)",POINT (0.4898668229579926 0.5533105134963989),,,,,,,,,,,,,,,,,,,,,,,,,,,,,,,,,,,,,,,,,,,,,1,
0,54,27,437281503163,1847862076,1,1,"(0.4809715449810028, 0.546657145023346)","(0.503635048866272, 0.5015506744384766)",1,1,3.018051147460937,2.892822265625,"(-67.97651672363281, -76.53036499023438, 738.3341674804688)","(-2.0700252056121826, -76.64015197753906, 736.763427734375)","(-6.323323726654053, 100.55499267578125, 25.957263946533203)","(1.5304116010665894, 108.81721496582031, 28.96446990966797)",POINT (0.4923032969236374 0.5241039097309113),,,,,,,,,,,,,,,,,,,,,,,,,,,,,,,,,,,,,,,,,,,,,1,
0,54,27,437281519830,1847878743,1,1,"(0.49552100896835327, 0.5428565144538879)","(0.4918195605278015, 0.5115180015563965)",1,1,3.01318359375,2.9047393798828125,"(-68.0453872680664, -76.54370880126953, 738.4267578125)","(-2.115875005722046, -76.63668823242188, 736.97265625)","(-1.2814055681228638, 101.25115966796875, 26.210662841796875)","(-2.564101457595825, 106.99148559570312, 28.299936294555664)",POINT (0.4936702847480774 0.5271872580051422),,,,,,,,,,,,,,,,,,,,,,,,,,,,,,,,,,,,,,,,,,,,,1,
0,54,27,437281536501,1847895413,1,1,"(0.5026397109031677, 0.5372539758682251)","(0.5032339096069336, 0.5213438272476196)",1,1,2.998275756835937,2.896331787109375,"(-68.07069396972656, -76.53848266601562, 738.238525390625)","(-2.153231382369995, -76.62891387939453, 737.047119140625)","(1.1854815483093262, 102.27738952636719, 26.58414649963379)","(1.3913819789886475, 105.19166564941406, 27.644886016845703)",POINT (0.5029368102550507 0.5292989015579224),,,,,,,,,,,,,,,,,,,,,,,,,,,,,,,,,,,,,,,,,,,,,1,
0,54,27,437281553169,1847912081,1,1,"(0.5000796318054199, 0.5395100116729736)","(0.5021697282791138, 0.5059444308280945)",1,1,3.028533935546875,2.895538330078125,"(-68.08370208740234, -76.53424835205078, 737.9913330078125)","(-2.180140733718872, -76.6141357421875, 736.8822021484375)","(0.29831403493881226, 101.86415100097656, 26.433740615844727)","(1.0226109027862549, 108.01239776611328, 28.67153549194336)",POINT (0.5011246800422668 0.5227272212505341),,,,,,,,,,,,,,,,,,,,,,,,,,,,,,,,,,,,,,,,,,,,,1,
0,54,27,437281569837,1847928748,1,1,"(0.4966639280319214, 0.5821601152420044)","(0.4945460259914398, 0.5140729546546936)",1,1,2.97552490234375,2.8631591796875,"(-68.10317993164062, -76.5710220336914, 738.047607421875)","(-2.1980156898498535, -76.63172912597656, 736.7923583984375)","(-0.8853415250778198, 94.05186462402344, 23.590299606323242)","(-1.6192741394042969, 106.52349090576172, 28.129581451416016)",POINT (0.4956049770116806 0.548116534948349),,,,,,,,,,,,,,,,,,,,,,,,,,,,,,,,,,,,,,,,,,,,,1,
0,54,27,437281586503,1847945414,1,1,"(0.4947235584259033, 0.5531783103942871)","(0.4939761459827423, 0.5182356834411621)",1,1,3.0164794921875,2.883331298828125,"(-68.11846923828125, -76.6216812133789, 738.0420532226562)","(-2.2209396362304688, -76.65509796142578, 736.7174072265625)","(-1.557754397392273, 99.3604965209961, 25.522499084472656)","(-1.81675386428833, 105.76100158691406, 27.85207748413086)",POINT (0.4943498522043228 0.5357069969177246),,,,,,,,,,,,,,,,,,,,,,,,,,,,,,,,,,,,,,,,,,,,,1,
0,54,27,437281603171,1847962081,1,1,"(0.4916781783103943, 0.5503643155097961)","(0.5105020403862, 0.517778754234314)",1,1,3.002426147460937,2.88348388671875,"(-68.12197875976562, -76.66423034667969, 737.992919921875)","(-2.237853527069092, -76.65203857421875, 736.4930419921875)","(-2.6130850315093994, 99.87593841552734, 25.71010971069336)","(3.9100680351257324, 105.84469604492188, 27.882522583007812)",POINT (0.5010901093482971 0.534071534872055),,,,,,,,,,,,,,,,,,,,,,,,,,,,,,,,,,,,,,,,,,,,,1,
0,54,27,437281619838,1847978748,1,1,"(0.4953140318393707, 0.5591747164726257)","(0.5097537040710449, 0.5307930707931519)",1,1,3.012313842773437,2.8709716796875,"(-68.12815856933594, -76.70655822753906, 738.0709228515625)","(-2.2352232933044434, -76.6527328491211, 736.3590087890625)","(-1.3531311750411987, 98.26213836669922, 25.12270736694336)","(3.650764226913452, 103.46084594726562, 27.014862060546875)",POINT (0.5025338679552078 0.5449838936328888),,,,,,,,,,,,,,,,,,,,,,,,,,,,,,,,,,,,,,,,,,,,,1,
0,54,27,437281636505,1847995414,1,1,"(0.49652382731437683, 0.5596470236778259)","(0.5203462839126587, 0.5150052309036255)",1,1,3.01251220703125,2.92431640625,"(-68.10806274414062, -76.70124816894531, 737.998779296875)","(-2.2493696212768555, -76.66180419921875, 736.4630126953125)","(-0.9339019656181335, 98.17562103271484, 25.091238021850586)","(7.321455955505371, 106.35272979736328, 28.06743621826172)",POINT (0.5084350556135178 0.5373261272907257),,,,,,,,,,,,,,,,,,,,,,,,,,,,,,,,,,,,,,,,,,,,,1,
0,54,27,437281653172,1848012081,1,1,"(0.48644739389419556, 0.501859724521637)","(0.5131939649581909, 0.518657922744751)",1,1,3.0129852294921875,2.934234619140625,"(-68.10819244384766, -76.72955322265625, 738.0007934570312)","(-2.236964702606201, -76.66619110107422, 736.3886108398438)","(-4.425745487213135, 108.76058959960938, 28.943862915039062)","(4.842917442321777, 105.68363189697266, 27.82395362854004)",POINT (0.4998206794261932 0.510258823633194),,,,,,,,,,,,,,,,,,,,,,,,,,,,,,,,,,,,,,,,,,,,,1,
0,54,27,437281669845,1848028753,1,1,"(0.4912617802619934, 0.5088236927986145)","(0.5099398493766785, 0.5075883865356445)",1,1,3.007843017578125,2.890838623046875,"(-68.10062408447266, -76.7393798828125, 737.9268188476562)","(-2.2267837524414062, -76.67027282714844, 736.358642578125)","(-2.7573862075805664, 107.48500061035156, 28.47955322265625)","(3.7152466773986816, 107.71127319335938, 28.561918258666992)",POINT (0.5006008148193359 0.5082060396671295),,,,,,,,,,,,,,,,,,,,,,,,,,,,,,,,,,,,,,,,,,,,,1,
0,54,27,437281686511,1848045419,1,1,"(0.49312493205070496, 0.5560312867164612)","(0.5091902017593384, 0.526192307472229)",1,1,2.9490509033203125,2.88861083984375,"(-68.09016418457031, -76.74806213378906, 737.8826904296875)","(-2.213557243347168, -76.693603515625, 736.463623046875)","(-2.111729621887207, 98.83792114257812, 25.33228302001953)","(3.4554643630981445, 104.30358123779297, 27.32159996032715)",POINT (0.5011575669050217 0.5411117970943451),,,,,,,,,,,,,,,,,,,,,,,,,,,,,,,,,,,,,,,,,,,,,1,
0,54,27,437281703179,1848062086,1,1,"(0.4931498169898987, 0.5459191799163818)","(0.5048803687095642, 0.5046409964561462)",1,1,2.96881103515625,2.910140991210937,"(-68.07955169677734, -76.75391387939453, 737.9003295898438)","(-2.1909475326538086, -76.71813201904297, 736.59814453125)","(-2.1031134128570557, 100.69017028808594, 26.006439208984375)","(1.9619485139846802, 108.25114440917969, 28.75844383239746)",POINT (0.4990150928497314 0.525280088186264),,,,,,,,,,,,,,,,,,,,,,,,,,,,,,,,,,,,,,,,,,,,,1,
0,54,27,437281719846,1848078753,1,1,"(0.5023812651634216, 0.5556288361549377)","(0.512490451335907, 0.4956316351890564)",1,1,2.929351806640625,2.88671875,"(-68.06897735595703, -76.76887512207031, 737.9789428710938)","(-2.1729063987731934, -76.74101257324219, 736.6279296875)","(1.0959054231643677, 98.9116439819336, 25.359102249145508)","(4.599113464355469, 109.90142822265625, 29.35901641845703)",POINT (0.5074358582496643 0.5256302356719971),,,,,,,,,,,,,,,,,,,,,,,,,,,,,,,,,,,,,,,,,,,,,1,
0,54,27,437281736513,1848095419,1,1,"(0.48372501134872437, 0.533270001411438)","(0.500993013381958, 0.49377214908599854)",1,1,2.963363647460937,2.8889923095703125,"(-68.05230712890625, -76.77220916748047, 738.0426025390625)","(-2.1479249000549316, -76.7683334350586, 736.7179565429688)","(-5.3691534996032715, 103.00713348388672, 26.849756240844727)","(0.6148361563682556, 110.24199676513672, 29.483070373535156)",POINT (0.4923590123653412 0.5135210752487183),,,,,,,,,,,,,,,,,,,,,,,,,,,,,,,,,,,,,,,,,,,,,1,
0,54,27,437281753180,1848112086,1,1,"(0.49540385603904724, 0.5835130214691162)","(0.5143423080444336, 0.4867568612098694)",1,1,2.95477294921875,2.9123687744140625,"(-68.00941467285156, -76.7830810546875, 738.0228271484375)","(-2.1114659309387207, -76.81068420410156, 736.58349609375)","(-1.3220036029815674, 93.8040542602539, 23.500102996826172)","(5.240861892700195, 111.52700805664062, 29.950742721557617)",POINT (0.5048730820417404 0.5351349413394928),,,,,,,,,,,,,,,,,,,,,,,,,,,,,,,,,,,,,,,,,,,,,1,
0,54,27,437281769847,1848128752,1,1,"(0.4892444908618927, 0.5639773011207581)","(0.5006619691848755, 0.4563736617565155)",1,1,2.9768524169921875,2.88262939453125,"(-67.9622573852539, -76.77302551269531, 737.9716796875)","(-2.076343297958374, -76.82694244384766, 736.509033203125)","(-3.4564616680145264, 97.3824462890625, 24.802539825439453)","(0.5001282691955566, 117.09232330322266, 31.976377487182617)",POINT (0.4949532300233841 0.5101754814386368),,,,,,,,,,,,,,,,,,,,,,,,,,,,,,,,,,,,,,,,,,,,,1,
0,54,27,437281786514,1848145419,1,1,"(0.48715418577194214, 0.5673438310623169)","(0.5069908499717712, 0.4520016014575958)",1,1,2.98095703125,2.8619842529296875,"(-67.90423583984375, -76.77981567382812, 737.8758544921875)","(-2.025355100631714, -76.84310913085938, 736.2102661132812)","(-4.180815696716309, 96.76579284667969, 24.57809829711914)","(2.6933059692382812, 117.89317321777344, 32.26784896850586)",POINT (0.4970725178718567 0.5096727162599564),,,,,,,,,,,,,,,,,,,,,,,,,,,,,,,,,,,,,,,,,,,,,1,
0,54,27,437281803189,1848162093,1,1,"(0.4980285167694092, 0.5588257908821106)","(0.505223274230957, 0.45136937499046326)",1,1,2.9629058837890625,2.921249389648437,"(-67.85012817382812, -76.76919555664062, 737.74853515625)","(-1.9794344902038574, -76.8736343383789, 736.44970703125)","(-0.412460058927536, 98.3260498046875, 25.145986557006836)","(2.0807888507843018, 118.00897979736328, 32.30997085571289)",POINT (0.5016258955001831 0.5050975829362869),,,,,,,,,,,,,,,,,,,,,,,,,,,,,,,,,,,,,,,,,,,,,1,
0,54,27,437281819855,1848178759,1,1,"(0.5092591643333435, 0.5587800145149231)","(0.5078101754188538, 0.4685005247592926)",1,1,2.9321746826171875,2.859588623046875,"(-67.8255386352539, -76.78832244873047, 737.86181640625)","(-1.9293289184570312, -76.91038513183594, 736.7789306640625)","(3.479358673095703, 98.33443450927734, 25.14904022216797)","(2.9772255420684814, 114.87103271484375, 31.167896270751953)",POINT (0.5085346698760986 0.5136402696371078),,,,,,,,,,,,,,,,,,,,,,,,,,,,,,,,,,,,,,,,,,,,,1,
0,54,27,437281836523,1848195426,1,1,"(0.49081921577453613, 0.5732468366622925)","(0.5006749033927917, 0.48733052611351013)",1,1,2.9339599609375,2.884384155273437,"(-67.77764892578125, -76.7862548828125, 737.9183349609375)","(-1.8658154010772705, -76.90392303466797, 736.6148071289062)","(-2.910750389099121, 95.68452453613281, 24.184553146362305)","(0.5046014189720154, 111.42193603515625, 29.91248321533203)",POINT (0.4957470595836639 0.5302886813879013),,,,,,,,,,,,,,,,,,,,,,,,,,,,,,,,,,,,,,,,,,,,,1,
0,54,27,437281853190,1848212093,1,1,"(0.4974936246871948, 0.5521329045295715)","(0.5009351968765259, 0.49269232153892517)",1,1,2.896575927734375,2.8749237060546875,"(-67.71952819824219, -76.79252624511719, 737.9769287109375)","(-1.807795524597168, -76.86386108398438, 736.0771484375)","(-0.5978167653083801, 99.552001953125, 25.592191696166992)","(0.5948131680488586, 110.43978881835938, 29.555068969726562)",POINT (0.4992144107818604 0.5224126130342484),,,,,,,,,,,,,,,,,,,,,,,,,,,,,,,,,,,,,,,,,,,,,1,
0,54,27,437281869857,1848228759,1,1,"(0.5008009672164917, 0.5865923762321472)","(0.5063657760620117, 0.5539188385009766)",1,1,2.9068756103515625,2.912322998046875,"(-67.66864776611328, -76.7787857055664, 737.910400390625)","(-1.7655222415924072, -76.85808563232422, 736.0023803710938)","(0.5482773184776306, 93.239990234375, 23.29485321044922)","(2.4766926765441895, 99.22486877441406, 25.473127365112305)",POINT (0.5035833716392517 0.5702556073665619),,,,,,,,,,,,,,,,,,,,,,,,,,,,,,,,,,,,,,,,,,,,,1,
0,54,27,437281919858,1848278759,1,1,"(0.5095885992050171, 0.5602166056632996)","(0.5064600110054016, 0.502490758895874)",1,1,2.896575927734375,2.891937255859375,"(-67.54794311523438, -76.7867431640625, 737.73583984375)","(-1.6319330930709839, -76.97377014160156, 736.451171875)","(3.593533992767334, 98.07129669189453, 25.053260803222656)","(2.509357452392578, 108.64501953125, 28.901756286621094)",POINT (0.5080243051052094 0.5313536822795868),,,,,,,,,,,,,,,,,,,,,,,,,,,,,,,,,,,,,,,,,,,,,1,
0,54,27,437281953195,1848312095,1,1,"(0.5104049444198608, 0.5965973734855652)","(0.5236606597900391, 0.4647747874259949)",1,1,2.841064453125,2.904266357421875,"(-67.41511535644531, -76.77904510498047, 737.793701171875)","(-1.525573968887329, -77.01678466796875, 736.317138671875)","(3.8764166831970215, 91.4073715209961, 22.627824783325195)","(8.47001838684082, 115.55348205566406, 31.416284561157227)",POINT (0.51703280210495 0.53068608045578),,,,,,,,,,,,,,,,,,,,,,,,,,,,,,,,,,,,,,,,,,,,,1,
0,54,27,437281969862,1848328761,1,1,"(0.4956609606742859, 0.6236490607261658)","(0.5208299160003662, 0.493409663438797)",1,1,2.7386016845703125,2.8193511962890625,"(-67.38199615478516, -76.7500228881836, 737.84716796875)","(-1.4843907356262207, -76.99998474121094, 736.5264892578125)","(-1.2329024076461792, 86.4522933959961, 20.824317932128906)","(7.489046096801758, 110.30840301513672, 29.50721549987793)",POINT (0.508245438337326 0.5585293620824814),,,,,,,,,,,,,,,,,,,,,,,,,,,,,,,,,,,,,,,,,,,,,1,
0,54,27,437281986529,1848345428,1,1,"(0.5085873007774353, 0.5744831562042236)","(0.5266711115837097, 0.4737972915172577)",1,1,2.9053955078125,2.863616943359375,"(-67.35751342773438, -76.74417114257812, 737.775146484375)","(-1.46193528175354, -77.01738739013672, 736.6163330078125)","(3.246548891067505, 95.45807647705078, 24.102121353149414)","(9.513258934020996, 113.90082550048828, 30.814735412597656)",POINT (0.5176292061805725 0.5241402238607407),,,,,,,,,,,,,,,,,,,,,,,,,,,,,,,,,,,,,,,,,,,,,1,
0,54,27,437282003197,1848362095,1,1,"(0.5166941285133362, 0.5728234052658081)","(0.5216142535209656, 0.4609734117984772)",1,1,2.863433837890625,2.8721923828125,"(-67.33547973632812, -76.73104095458984, 737.7634887695312)","(-1.4439204931259155, -76.99104309082031, 736.63134765625)","(6.055847644805908, 95.76207733154297, 24.21281623840332)","(7.760846138000488, 116.24980163574219, 31.66969871520996)",POINT (0.5191541910171509 0.5168984085321426),,,,,,,,,,,,,,,,,,,,,,,,,,,,,,,,,,,,,,,,,,,,,1,
0,54,27,437282019863,1848378761,1,1,"(0.5186619162559509, 0.5881176590919495)","(0.5240269303321838, 0.512525200843811)",1,1,2.8787078857421875,2.8811187744140625,"(-67.32435607910156, -76.73965454101562, 737.7664794921875)","(-1.429902195930481, -77.01322937011719, 736.661376953125)","(6.737762451171875, 92.96062469482422, 23.193105697631836)","(8.596929550170898, 106.80699920654297, 28.23276138305664)",POINT (0.5213444232940674 0.5503214299678802),,,,,,,,,,,,,,,,,,,,,,,,,,,,,,,,,,,,,,,,,,,,,1,
0,54,27,437282036531,1848395428,1,1,"(0.5300578474998474, 0.5995101928710938)","(0.5224786400794983, 0.4427851438522339)",1,1,2.8933258056640625,2.8662872314453125,"(-67.31092834472656, -76.74771118164062, 737.78515625)","(-1.4228672981262207, -77.0267333984375, 736.6615600585938)","(10.68686580657959, 90.87384796142578, 22.43360137939453)","(8.060395240783691, 119.58135223388672, 32.88232421875)",POINT (0.5262682437896729 0.5211476683616638),,,,,,,,,,,,,,,,,,,,,,,,,,,,,,,,,,,,,,,,,,,,,1,
0,54,27,437282053198,1848412095,1,1,"(0.5017837882041931, 0.6127057075500488)","(0.5200158357620239, 0.4745206832885742)",1,1,2.865966796875,2.861358642578125,"(-67.29570007324219, -76.767578125, 737.7884521484375)","(-1.4158059358596802, -77.07888793945312, 736.6613159179688)","(0.8888729810714722, 88.456787109375, 21.55385971069336)","(7.206939220428467, 113.768310546875, 30.766525268554688)",POINT (0.5108998119831085 0.5436131954193115),,,,,,,,,,,,,,,,,,,,,,,,,,,,,,,,,,,,,,,,,,,,,1,
0,54,27,437282069869,1848428765,1,1,"(0.5279410481452942, 0.6075825095176697)","(0.521904468536377, 0.45343318581581116)",1,1,2.869659423828125,2.86016845703125,"(-67.27069091796875, -76.78063201904297, 737.763427734375)","(-1.401188850402832, -77.10151672363281, 736.6763305664062)","(9.95331859588623, 89.39522552490234, 21.89541244506836)","(7.861442565917969, 117.63093566894531, 32.17241287231445)",POINT (0.5249227583408356 0.5305078476667404),,,,,,,,,,,,,,,,,,,,,,,,,,,,,,,,,,,,,,,,,,,,,1,
0,54,27,437282103204,1848462099,1,1,"(0.5198678374290466, 0.6052048802375793)","(0.5309693217277527, 0.47951242327690125)",1,1,2.870346069335937,2.852691650390625,"(-67.2388916015625, -76.81592559814453, 737.8450927734375)","(-1.3749363422393799, -77.130126953125, 736.7363891601562)","(7.155645847320557, 89.8307113647461, 22.053970336914062)","(11.0027494430542, 112.85396575927734, 30.433719635009766)",POINT (0.5254185795783997 0.5423586517572403),,,,,,,,,,,,,,,,,,,,,,,,,,,,,,,,,,,,,,,,,,,,,1,
0,54,27,437282119870,1848478765,1,1,"(0.5047000646591187, 0.6274927854537964)","(0.5154479742050171, 0.4368962347507477)",1,1,2.82135009765625,2.87567138671875,"(-67.22562408447266, -76.8232650756836, 737.8937377929688)","(-1.36076819896698, -77.13135528564453, 736.7066040039062)","(1.899473786354065, 85.74819946289062, 20.568084716796875)","(5.624014854431152, 120.66004943847656, 33.27488327026367)",POINT (0.5100740194320679 0.532194510102272),,,,,,,,,,,,,,,,,,,,,,,,,,,,,,,,,,,,,,,,,,,,,1,
0,54,27,437282136538,1848495432,1,1,"(0.5170997381210327, 0.5780150890350342)","(0.5246793031692505, 0.4423396587371826)",1,1,2.909530639648437,2.913681030273437,"(-67.1908950805664, -76.80415344238281, 737.87060546875)","(-1.3424713611602783, -77.10745239257812, 736.631591796875)","(6.196408748626709, 94.8111343383789, 23.86663818359375)","(8.823001861572266, 119.66295623779297, 32.9119873046875)",POINT (0.5208895206451416 0.5101773738861084),,,,,,,,,,,,,,,,,,,,,,,,,,,,,,,,,,,,,,,,,,,,,1,
0,54,27,437282153205,1848512099,1,1,"(0.5965152978897095, 0.6331403255462646)","(0.52149897813797, 0.4387513995170593)",1,1,2.625030517578125,2.89715576171875,"(-67.15248107910156, -76.79715728759766, 737.8018188476562)","(-1.3071304559707642, -77.09172058105469, 736.5269775390625)","(33.716796875, 84.7137680053711, 20.191471099853516)","(7.720907688140869, 120.32023620605469, 33.151214599609375)",POINT (0.5590071380138397 0.535945862531662),,,,,,,,,,,,,,,,,,,,,,,,,,,,,,,,,,,,,,,,,,,,,1,
0,54,27,437282169872,1848528765,1,1,"(0.5065561532974243, 0.6057131290435791)","(0.5188856720924377, 0.4456416964530945)",1,1,2.9227294921875,2.91595458984375,"(-67.12612915039062, -76.77580261230469, 737.8218994140625)","(-1.2740236520767212, -77.05459594726562, 736.6617431640625)","(2.5426747798919678, 89.7376480102539, 22.020048141479492)","(6.815299034118652, 119.05813598632812, 32.69181823730469)",POINT (0.512720912694931 0.5256774127483368),,,,,,,,,,,,,,,,,,,,,,,,,,,,,,,,,,,,,,,,,,,,,1,
0,54,27,437282186539,1848545432,1,1,"(0.5104423761367798, 0.5720556974411011)","(0.5163735151290894, 0.4916558265686035)",1,1,2.9249420166015625,2.89794921875,"(-67.09086608886719, -76.75294494628906, 737.6923828125)","(-1.2390581369400024, -77.05152893066406, 736.7965087890625)","(3.8893966674804688, 95.90270233154297, 24.263973236083984)","(5.944746971130371, 110.62966918945312, 29.624107360839844)",POINT (0.5134079456329346 0.5318557620048523),,,,,,,,,,,,,,,,,,,,,,,,,,,,,,,,,,,,,,,,,,,,,1,
0,54,27,437282203213,1848562105,1,1,"(0.5327833294868469, 0.6728751063346863)","(0.5253520607948303, 0.46253347396850586)",1,1,2.727020263671875,2.902130126953125,"(-67.06189727783203, -76.74072265625, 737.7431030273438)","(-1.2056018114089966, -77.02713012695312, 736.8116455078125)","(11.631357192993164, 77.43551635742188, 17.542423248291016)","(9.05613899230957, 115.96404266357422, 31.565683364868164)",POINT (0.5290676951408386 0.5677042901515961),,,,,,,,,,,,,,,,,,,,,,,,,,,,,,,,,,,,,,,,,,,,,1,
0,54,27,437282219879,1848578771,1,1,"(0.5306912660598755, 0.6055111885070801)","(0.5183215737342834, 0.5050184726715088)",1,1,2.847640991210937,2.915374755859375,"(-67.01172637939453, -76.7352523803711, 737.7837524414062)","(-1.1663577556610107, -77.03059387207031, 736.766845703125)","(10.906367301940918, 89.77462005615234, 22.033538818359375)","(6.61981725692749, 108.1820068359375, 28.733272552490234)",POINT (0.5245064198970795 0.5552648305892944),,,,,,,,,,,,,,,,,,,,,,,,,,,,,,,,,,,,,,,,,,,,,1,
0,54,27,437282236547,1848595438,1,1,"(0.509553849697113, 0.5838788747787476)","(0.5175284743309021, 0.49002036452293396)",1,1,2.88201904296875,2.87255859375,"(-66.959716796875, -76.71646881103516, 737.824462890625)","(-1.1217955350875854, -77.01078796386719, 736.721923828125)","(3.5814802646636963, 93.737060546875, 23.475709915161133)","(6.344991207122803, 110.9292221069336, 29.73317527770996)",POINT (0.5135411620140076 0.5369496196508408),,,,,,,,,,,,,,,,,,,,,,,,,,,,,,,,,,,,,,,,,,,,,1,
0,54,27,437282253214,1848612105,1,1,"(0.5146585702896118, 0.6176469326019287)","(0.5207902789115906, 0.4693981409072876)",1,1,2.82696533203125,2.88885498046875,"(-66.91056823730469, -76.73458099365234, 737.8662719726562)","(-1.070601463317871, -77.05533599853516, 736.72216796875)","(5.350448131561279, 87.55171966552734, 21.224422454833984)","(7.475312232971191, 114.70662689208984, 31.10802459716797)",POINT (0.5177244246006012 0.5435225367546082),,,,,,,,,,,,,,,,,,,,,,,,,,,,,,,,,,,,,,,,,,,,,1,
0,54,27,437282269881,1848628771,1,1,"(0.5226126909255981, 0.607631266117096)","(0.5182010531425476, 0.46567949652671814)",1,1,2.8763885498046875,2.92266845703125,"(-66.85568237304688, -76.71356201171875, 737.7396850585938)","(-1.014926791191101, -77.06475830078125, 736.7820434570312)","(8.106860160827637, 89.38628387451172, 21.892173767089844)","(6.5780463218688965, 115.38777923583984, 31.355955123901367)",POINT (0.5204068720340729 0.536655381321907),,,,,,,,,,,,,,,,,,,,,,,,,,,,,,,,,,,,,,,,,,,,,1,
0,54,27,437282303215,1848662104,1,1,"(0.5218490362167358, 0.6311748623847961)","(0.517786979675293, 0.4948092997074127)",1,1,2.8516082763671875,2.9474029541015625,"(-66.751220703125, -76.69904327392578, 737.7000732421875)","(-0.9076169729232788, -77.14812469482422, 737.1116943359375)","(7.842194080352783, 85.07378387451172, 20.32256317138672)","(6.434569835662842, 110.05204772949219, 29.413883209228516)",POINT (0.5198180079460144 0.5629920810461044),,,,,,,,,,,,,,,,,,,,,,,,,,,,,,,,,,,,,,,,,,,,,1,
0,54,27,437282319882,1848678771,1,1,"(0.5136997103691101, 0.5937096476554871)","(0.5128280520439148, 0.46799471974372864)",1,1,2.9030914306640625,2.9320526123046875,"(-66.69419860839844, -76.71456909179688, 737.7874755859375)","(-0.8532601594924927, -77.13993835449219, 736.7378540039062)","(5.0181708335876465, 91.93632507324219, 22.82033920288086)","(4.716102123260498, 114.96369934082031, 31.201574325561523)",POINT (0.5132638812065125 0.5308521836996078),,,,,,,,,,,,,,,,,,,,,,,,,,,,,,,,,,,,,,,,,,,,,1,
0,54,27,437282336555,1848695443,1,1,"(0.520370364189148, 0.6037593483924866)","(0.5286796689033508, 0.4465855658054352)",1,1,2.8963623046875,2.917221069335937,"(-66.65780639648438, -76.69265747070312, 737.794677734375)","(-0.813730001449585, -77.11319732666016, 736.40869140625)","(7.329809188842773, 90.09549713134766, 22.150333404541016)","(10.209285736083984, 118.88523864746094, 32.6289176940918)",POINT (0.5245250165462494 0.5251724570989609),,,,,,,,,,,,,,,,,,,,,,,,,,,,,,,,,,,,,,,,,,,,,1,
0,54,27,437282353221,1848712109,1,1,"(0.5594071745872498, 0.5652215480804443)","(0.5468834638595581, 0.43790555000305176)",1,1,2.920761108398437,2.898223876953125,"(-66.56109619140625, -76.66355895996094, 737.9345703125)","(-0.7019897103309631, -77.1421890258789, 736.9620361328125)","(20.857484817504883, 97.1545181274414, 24.719606399536133)","(16.517549514770508, 120.47517395019531, 33.207584381103516)",POINT (0.5531453192234039 0.501563549041748),,,,,,,,,,,,,,,,,,,,,,,,,,,,,,,,,,,,,,,,,,,,,1,
0,54,27,437282369889,1848728776,1,1,"(0.6398243308067322, 0.46838659048080444)","(0.6246660947799683, 0.38547080755233765)",1,1,2.739486694335937,2.9446258544921875,"(-66.1798095703125, -76.45999145507812, 738.1961669921875)","(-0.4685673415660858, -76.96249389648438, 737.336669921875)","(48.72496795654297, 114.89192199707031, 31.17545509338379)","(43.47209548950195, 130.07969665527344, 36.7033576965332)",POINT (0.6322452127933502 0.426928699016571),,,,,,,,,,,,,,,,,,,,,,,,,,,,,,,,,,,,,,,,,,,,,,
0,54,27,437282403223,1848762109,1,1,"(0.685767650604248, 0.4840615391731262)","(0.7057440876960754, 0.15348827838897705)",1,1,2.9661102294921875,2.8497467041015625,"(-65.90834045410156, -76.26167297363281, 737.930908203125)","(-0.25031939148902893, -76.79560852050781, 737.0518798828125)","(64.64601135253906, 112.02072143554688, 30.130430221557617)","(71.5685806274414, 172.57223510742188, 52.16937255859375)",POINT (0.6957558691501617 0.3187749087810516),,,,,,,,,,,,,,,,,,,,,,,,,,,,,,,,,,,,,,,,,,,,,1,
0,54,27,437282436557,1848795442,1,1,"(0.693387508392334, 0.28249886631965637)","(0.6992778182029724, 0.21612784266471863)",1,1,3.0025177001953125,2.8814697265625,"(-65.94477844238281, -76.2874755859375, 738.0319213867188)","(-0.2348199188709259, -76.85153198242188, 737.0819091796875)","(67.28656005859375, 148.94119262695312, 43.56840515136719)","(69.32777404785156, 161.09848022460938, 47.99327087402344)",POINT (0.6963326632976532 0.2493133544921875),,,,,,,,,,,,,,,,,,,,,,,,,,,,,,,,,,,,,,,,,,,,1,1,
0,54,27,437282453227,1848812112,1,1,"(0.6998984217643738, 0.17538568377494812)","(0.7132396697998047, 0.13263289630413055)",1,1,2.97747802734375,2.830474853515625,"(-65.97296905517578, -76.28915405273438, 737.99609375)","(-0.256174772977829, -76.84869384765625, 736.991943359375)","(69.54283142089844, 168.561279296875, 50.70948791503906)","(74.16606903076172, 176.39234924316406, 53.55979919433594)",POINT (0.7065690457820892 0.1540092900395393),,,,,,,,,,,,,,,,,,,,,,,,,,,,,,,,,,,,,,,,,,,,1,,
0,54,27,437282469896,1848828779,1,1,"(0.6879162788391113, 0.2449720948934555)","(0.7111033797264099, 0.18384791910648346)",1,1,3.0160675048828125,2.8562774658203125,"(-66.01171112060547, -76.27220153808594, 737.94287109375)","(-0.2888110876083374, -76.80183410644531, 736.9619750976562)","(65.39057922363281, 155.81503295898438, 46.07026672363281)","(73.42577362060547, 167.01123046875, 50.14534378051758)",POINT (0.6995098292827606 0.2144100069999695),,,,,,,,,,,,,,,,,,,,,,,,,,,,,,,,,,,,,,,,,,,,,1,
0,54,27,437282486563,1848845446,1,1,"(0.7067769169807434, 0.14703290164470673)","(0.7095130085945129, 0.23436009883880615)",1,1,3.0236053466796875,2.875396728515625,"(-66.0853271484375, -76.26677703857422, 737.8814697265625)","(-0.34829649329185486, -76.78556823730469, 737.126708984375)","(71.9264907836914, 173.75466918945312, 52.59980773925781)","(72.8746566772461, 157.75885009765625, 46.7777214050293)",POINT (0.7081449627876282 0.1906965002417564),,,,,,,,,,,,,,,,,,,,,,,,,,,,,,,,,,,,,,,,,,,,,,
0,54,27,437282503230,1848862112,1,1,"(0.7127097845077515, 0.15703214704990387)","(0.7107846140861511, 0.22285659611225128)",1,1,2.982269287109375,2.8726348876953125,"(-66.15005493164062, -76.26447296142578, 737.974365234375)","(-0.40110939741134644, -76.75582122802734, 737.3216552734375)","(73.98245239257812, 171.92311096191406, 51.93311309814453)","(73.31529998779297, 159.86595153808594, 47.54468536376953)",POINT (0.7117471992969513 0.1899443715810776),,,,,,,,,,,,,,,,,,,,,,,,,,,,,,,,,,,,,,,,,,,,,,
0,54,27,437282519897,1848878779,1,1,"(0.6979304552078247, 0.18313497304916382)","(0.714323103427887, 0.20894235372543335)",1,1,3.029266357421875,2.8582000732421875,"(-66.21035766601562, -76.27558898925781, 738.1005859375)","(-0.4511059522628784, -76.74353790283203, 737.4112548828125)","(68.86087799072266, 167.14183044433594, 50.192848205566406)","(74.54151916503906, 162.41465759277344, 48.47230529785156)",POINT (0.7061267793178558 0.1960386633872986),,,,,,,,,,,,,,,,,,,,,,,,,,,,,,,,,,,,,,,,,,,,,,
0,54,27,437282536565,1848895446,1,1,"(0.7006214261054993, 0.12612977623939514)","(0.7276782989501953, 0.11670425534248352)",1,1,2.986602783203125,2.8101806640625,"(-66.21670532226562, -76.21855163574219, 738.018798828125)","(-0.49168699979782104, -76.70028686523438, 737.2018432617188)","(69.79338836669922, 177.58352661132812, 53.993350982666016)","(79.16958618164062, 179.31002807617188, 54.62172317504883)",POINT (0.7141498625278473 0.1214170157909393),,,,,,,,,,,,,,,,,,,,,,,,,,,,,,,,,,,,,,,,,,,,,,
0,54,27,437282553232,1848912113,1,1,"(0.730221688747406, 0.17810826003551483)","(0.7279611229896545, 0.11661480367183685)",1,1,2.9878082275390625,2.809906005859375,"(-66.26303100585938, -76.20941162109375, 738.04052734375)","(-0.526753306388855, -76.66068267822266, 737.1116333007812)","(80.05095672607422, 168.0625762939453, 50.52796936035156)","(79.267578125, 179.326416015625, 54.627689361572266)",POINT (0.7290914058685303 0.1473615318536758),,,,,,,,,,,,,,,,,,,,,,,,,,,,,,,,,,,,,,,,,,,,1,,
0,54,27,437282569900,1848928780,1,1,"(0.7335919141769409, 0.16782927513122559)","(0.738652229309082, 0.09718158096075058)",1,1,3.0477752685546875,2.7969970703125,"(-66.3582763671875, -76.22335815429688, 738.0975341796875)","(-0.5982252359390259, -76.63291931152344, 737.066650390625)","(81.21885681152344, 169.9453887939453, 51.21327590942383)","(82.97245788574219, 182.88601684570312, 55.92327117919922)",POINT (0.7361220717430115 0.1325054280459881),,,,,,,,,,,,,,,,,,,,,,,,,,,,,,,,,,,,,,,,,,,,,,
0,54,27,437282586571,1848945451,1,1,"(0.7376371622085571, 0.11808798462152481)","(0.7395659685134888, 0.08888059109449387)",1,1,3.041168212890625,2.773773193359375,"(-66.41122436523438, -76.21621704101562, 738.0121459960938)","(-0.6652920246124268, -76.6153564453125, 737.2611694335938)","(82.62068176269531, 179.0565643310547, 54.52948760986328)","(83.28910064697266, 184.40652465820312, 56.47670364379883)",POINT (0.738601565361023 0.1034842878580093),,,,,,,,,,,,,,,,,,,,,,,,,,,,,,,,,,,,,,,,,,,,,,
0,54,27,437282603238,1848962117,1,1,"(0.7297618985176086, 0.13675972819328308)","(0.733051598072052, 0.15731921792030334)",1,1,3.030517578125,2.7901763916015625,"(-66.47669219970703, -76.23396301269531, 738.1207885742188)","(-0.7186111211776733, -76.58277893066406, 737.2161254882812)","(79.89161682128906, 175.63641357421875, 53.28468704223633)","(81.03163146972656, 171.8705291748047, 51.91397476196289)",POINT (0.7314067482948303 0.1470394730567932),,,,,,,,,,,,,,,,,,,,,,,,,,,,,,,,,,,,,,,,,,,,1,,
0,54,27,437282619904,1848978783,1,1,"(0.7137845158576965, 0.19885100424289703)","(0.7397127151489258, 0.172582745552063)",1,1,3.0138702392578125,2.7850341796875,"(-66.54417419433594, -76.22600555419922, 738.107421875)","(-0.7675685882568359, -76.542236328125, 737.14111328125)","(74.35487365722656, 164.26309204101562, 49.145111083984375)","(83.3399429321289, 169.07467651367188, 50.89639663696289)",POINT (0.7267486155033112 0.18571687489748),,,,,,,,,,,,,,,,,,,,,,,,,,,,,,,,,,,,,,,,,,,,,,
0,54,27,437282636573,1848995451,1,1,"(0.7335525155067444, 0.15664130449295044)","(0.7374373078346252, 0.14562691748142242)",1,1,2.976837158203125,2.7620086669921875,"(-66.6116943359375, -76.2241439819336, 738.1387939453125)","(-0.817862331867218, -76.51602172851562, 737.0213012695312)","(81.20523071289062, 171.99472045898438, 51.959136962890625)","(82.55142974853516, 174.01222229003906, 52.6934814453125)",POINT (0.7354949116706848 0.1511341109871864),,,,,,,,,,,,,,,,,,,,,,,,,,,,,,,,,,,,,,,,,,,,1,,
0,54,27,437282653240,1849012118,1,1,"(0.7386592030525208, 0.12612797319889069)","(0.7352761030197144, 0.13246797025203705)",1,1,2.9457550048828125,2.734603881835937,"(-66.63737487792969, -76.18824005126953, 737.9791870117188)","(-0.8584849238395691, -76.48831176757812, 737.081298828125)","(82.97486877441406, 177.5838623046875, 53.993465423583984)","(81.8025131225586, 176.42257690429688, 53.570762634277344)",POINT (0.7369676530361176 0.1292979717254639),,,,,,,,,,,,,,,,,,,,,,,,,,,,,,,,,,,,,,,,,,,,,,
0,54,27,437282669907,1849028784,1,1,"(0.7320111989974976, 0.16150759160518646)","(0.7416607141494751, 0.1264711320400238)",1,1,2.9627685546875,2.731231689453125,"(-66.66453552246094, -76.19200134277344, 738.019775390625)","(-0.8903056383132935, -76.49581909179688, 737.35107421875)","(80.67107391357422, 171.10333251953125, 51.634761810302734)","(84.01499938964844, 177.52101135253906, 53.97056198120117)",POINT (0.7368359565734863 0.1439893618226051),,,,,,,,,,,,,,,,,,,,,,,,,,,,,,,,,,,,,,,,,,,,1,,
0,54,27,437282686574,1849045451,1,1,"(0.7260990142822266, 0.16566681861877441)","(0.7379317879676819, 0.12841260433197021)",1,1,2.9569091796875,2.7531890869140625,"(-66.69791412353516, -76.19670867919922, 738.103759765625)","(-0.9145840406417847, -76.49052429199219, 737.42578125)","(78.622314453125, 170.3414764404297, 51.357444763183594)","(82.72278594970703, 177.16537475585938, 53.84116744995117)",POINT (0.7320154011249542 0.1470397114753723),,,,,,,,,,,,,,,,,,,,,,,,,,,,,,,,,,,,,,,,,,,,1,,
0,54,27,437282703241,1849062117,1,1,"(0.6495233178138733, 0.2251676768064499)","(0.6592599749565125, 0.2560580372810364)",1,1,2.985382080078125,2.7947540283203125,"(-66.90823364257812, -76.40484619140625, 738.1387939453125)","(-1.1930443048477173, -76.6941146850586, 737.3956298828125)","(52.086036682128906, 159.44264221191406, 47.39055633544922)","(55.46012878417969, 153.78439331054688, 45.33122253417969)",POINT (0.6543916463851929 0.2406128570437431),,,,,,,,,,,,,,,,,,,,,,,,,,,,,,,,,,,,,,,,,,,,1,1,
0,54,27,437282719914,1849078790,1,1,"(0.5214568376541138, 0.5092129707336426)","(0.525335967540741, 0.5217898488044739)",1,1,2.9552001953125,2.8329620361328125,"(-67.22340393066406, -76.74681091308594, 738.200439453125)","(-1.6528946161270142, -76.9788589477539, 737.4091796875)","(7.7063307762146, 107.41368103027344, 28.453624725341797)","(9.050577163696289, 105.10997772216797, 27.615110397338867)",POINT (0.5233964025974274 0.5155014097690582),,,,,,,,,,,,,,,,,,,,,,,,,,,,,,,,,,,,,,,,,,,,,1,
0,54,27,437282736582,1849095457,1,1,"(0.49093320965766907, 0.544380784034729)","(0.5084766149520874, 0.5593240261077881)",1,1,2.953887939453125,2.841156005859375,"(-67.38326263427734, -76.80508422851562, 738.1516723632812)","(-1.7540236711502075, -76.99032592773438, 736.9893798828125)","(-2.871246814727783, 100.9719467163086, 26.109025955200195)","(3.2081711292266846, 98.23478698730469, 25.11275291442871)",POINT (0.4997049123048782 0.5518524050712585),,,,,,,,,,,,,,,,,,,,,,,,,,,,,,,,,,,,,,,,,,,,,1,
0,54,27,437282753248,1849112123,1,1,"(0.49618035554885864, 0.5333779454231262)","(0.5042625665664673, 0.5597327351570129)",1,1,2.954742431640625,2.82305908203125,"(-67.41451263427734, -76.79769134521484, 738.083984375)","(-1.7316739559173584, -76.96440124511719, 736.8397827148438)","(-1.0529242753982544, 102.98737335205078, 26.842546463012695)","(1.7478601932525635, 98.15992736816406, 25.085493087768555)",POINT (0.500221461057663 0.5465553402900696),,,,,,,,,,,,,,,,,,,,,,,,,,,,,,,,,,,,,,,,,,,,,1,
0,54,27,437282769916,1849128790,1,1,"(0.491921603679657, 0.543992817401886)","(0.5026230216026306, 0.5822123289108276)",1,1,2.967926025390625,2.8428497314453125,"(-67.44102478027344, -76.8134765625, 738.2017822265625)","(-1.7148398160934448, -76.94251251220703, 736.885009765625)","(-2.5287232398986816, 101.04302978515625, 26.134859085083008)","(1.179704189300537, 94.04229736328125, 23.586814880371094)",POINT (0.4972723126411438 0.5631025731563568),,,,,,,,,,,,,,,,,,,,,,,,,,,,,,,,,,,,,,,,,,,,,1,
0,54,27,437282786583,1849145457,1,1,"(0.48049139976501465, 0.5450477004051208)","(0.49644994735717773, 0.5680081248283386)",1,1,2.9495391845703125,2.8387451171875,"(-67.47006225585938, -76.81990814208984, 738.3184814453125)","(-1.7105133533477783, -76.94145202636719, 736.9747314453125)","(-6.489721775054932, 100.84979248046875, 26.064577102661133)","(-0.9594961404800415, 96.64409637451172, 24.533832550048828)",POINT (0.4884706735610962 0.5565279126167297),,,,,,,,,,,,,,,,,,,,,,,,,,,,,,,,,,,,,,,,,,,,,1,
0,54,27,437282803250,1849162123,1,1,"(0.48899269104003906, 0.5507079362869263)","(0.49595731496810913, 0.544147789478302)",1,1,2.954330444335937,2.8266754150390625,"(-67.48236846923828, -76.81092834472656, 738.3773193359375)","(-1.6998982429504395, -76.95729064941406, 737.214599609375)","(-3.5437135696411133, 99.81300354003906, 25.687179565429688)","(-1.1302061080932617, 101.01463317871094, 26.124544143676758)",POINT (0.4924750030040741 0.5474278628826141),,,,,,,,,,,,,,,,,,,,,,,,,,,,,,,,,,,,,,,,,,,,,1,
0,54,27,437282819918,1849178790,1,1,"(0.4836505055427551, 0.528196394443512)","(0.49390703439712524, 0.5583821535110474)",1,1,2.934188842773437,2.843963623046875,"(-67.48992919921875, -76.81088256835938, 738.4212036132812)","(-1.6971611976623535, -76.97335815429688, 737.4091186523438)","(-5.394968509674072, 103.93645477294922, 27.18805694580078)","(-1.8407032489776611, 98.40731048583984, 25.175554275512695)",POINT (0.4887787699699402 0.5432892739772797),,,,,,,,,,,,,,,,,,,,,,,,,,,,,,,,,,,,,,,,,,,,,1,
0,54,27,437282836585,1849195456,1,1,"(0.4880712926387787, 0.5141592621803284)","(0.49762558937072754, 0.5344472527503967)",1,1,2.9685211181640625,2.85894775390625,"(-67.47947692871094, -76.80574798583984, 738.4696044921875)","(-1.6783889532089233, -76.9881362915039, 737.6190185546875)","(-3.8629956245422363, 106.50768280029297, 28.123844146728516)","(-0.552091121673584, 102.79149627685547, 26.771272659301758)",POINT (0.4928484410047531 0.5243032574653625),,,,,,,,,,,,,,,,,,,,,,,,,,,,,,,,,,,,,,,,,,,,,1,
0,54,27,437282853255,1849212126,1,1,"(0.48909544944763184, 0.5347294211387634)","(0.49487337470054626, 0.5276748538017273)",1,1,2.9720611572265625,2.85162353515625,"(-67.47599792480469, -76.79484558105469, 738.4549560546875)","(-1.6682465076446533, -76.98165130615234, 737.6640014648438)","(-3.5081021785736084, 102.73980712890625, 26.752471923828125)","(-1.5058470964431763, 104.0320053100586, 27.222810745239258)",POINT (0.491984412074089 0.5312021374702454),,,,,,,,,,,,,,,,,,,,,,,,,,,,,,,,,,,,,,,,,,,,,1,
0,54,27,437282869923,1849228793,1,1,"(0.48771601915359497, 0.5179229378700256)","(0.4969005882740021, 0.5157366991043091)",1,1,2.9939727783203125,2.8314208984375,"(-67.46466064453125, -76.78721618652344, 738.4873657226562)","(-1.651918888092041, -76.9645004272461, 737.5892333984375)","(-3.9861414432525635, 105.81826782226562, 27.872943878173828)","(-0.803318202495575, 106.2187271118164, 28.018695831298828)",POINT (0.4923083037137985 0.5168298184871674),,,,,,,,,,,,,,,,,,,,,,,,,,,,,,,,,,,,,,,,,,,,,1,
0,54,27,437282886589,1849245459,1,1,"(0.4867865741252899, 0.5429168343544006)","(0.4965948462486267, 0.5331684350967407)",1,1,2.9348907470703125,2.85028076171875,"(-67.45832061767578, -76.7717056274414, 738.50341796875)","(-1.6405259370803833, -76.95276641845703, 737.5589599609375)","(-4.308201313018799, 101.2401123046875, 26.206588745117188)","(-0.909284770488739, 103.02574157714844, 26.85651969909668)",POINT (0.4916907101869583 0.5380426347255707),,,,,,,,,,,,,,,,,,,,,,,,,,,,,,,,,,,,,,,,,,,,,1,
0,54,27,437282903258,1849262127,1,1,"(0.5145581960678101, 0.49281805753707886)","(0.526401937007904, 0.538117527961731)",1,1,3.019744873046875,2.888153076171875,"(-67.4075927734375, -76.73011779785156, 738.5567016601562)","(-1.5820937156677246, -76.90979766845703, 737.4395141601562)","(5.315664291381836, 110.41678619384766, 29.5466251373291)","(9.419952392578125, 102.11921691894531, 26.52657699584961)",POINT (0.5204800665378571 0.5154677927494049),,,,,,,,,,,,,,,,,,,,,,,,,,,,,,,,,,,,,,,,,,,,,1,
0,54,27,437282919924,1849278793,1,1,"(0.518159806728363, 0.49523669481277466)","(0.5151989459991455, 0.5488868951797485)",1,1,2.9962158203125,2.866729736328125,"(-67.38680267333984, -76.71701049804688, 738.7286376953125)","(-1.5534961223602295, -76.89183044433594, 737.499267578125)","(6.563750743865967, 109.97374725341797, 29.385406494140625)","(5.537708282470703, 100.14656829833984, 25.808626174926758)",POINT (0.5166793763637543 0.5220617949962616),,,,,,,,,,,,,,,,,,,,,,,,,,,,,,,,,,,,,,,,,,,,,1,
0,54,27,437282936591,1849295459,1,1,"(0.5111926198005676, 0.49167343974113464)","(0.5156522989273071, 0.5161139369010925)",1,1,3.020660400390625,2.842254638671875,"(-67.38167572021484, -76.71408081054688, 738.8060302734375)","(-1.5371146202087402, -76.88392639160156, 737.604248046875)","(4.149385929107666, 110.62642669677734, 29.622970581054688)","(5.694826602935791, 106.14962768554688, 27.993547439575195)",POINT (0.5134224593639374 0.5038936883211136),,,,,,,,,,,,,,,,,,,,,,,,,,,,,,,,,,,,,,,,,,,,,1,
0,54,27,437282953259,1849312127,1,1,"(0.5127600431442261, 0.49223092198371887)","(0.5164732933044434, 0.5403825044631958)",1,1,3.018402099609375,2.864013671875,"(-67.37210083007812, -76.71434783935547, 739.0084228515625)","(-1.5096248388290405, -76.85444641113281, 737.574462890625)","(4.692547798156738, 110.52432250976562, 29.585786819458008)","(5.979310512542725, 101.7043228149414, 26.3756046295166)",POINT (0.5146166682243347 0.5163067132234573),,,,,,,,,,,,,,,,,,,,,,,,,,,,,,,,,,,,,,,,,,,,,1,
0,54,27,437282969926,1849328793,1,1,"(0.520313024520874, 0.5434483885765076)","(0.5210362076759338, 0.5405981540679932)",1,1,2.9770965576171875,2.840972900390625,"(-67.35535430908203, -76.7230224609375, 739.0418701171875)","(-1.4876128435134888, -76.85881042480469, 737.5296020507812)","(7.309935092926025, 101.14276123046875, 26.17115592956543)","(7.560546398162842, 101.6648178100586, 26.3612003326416)",POINT (0.5206746160984039 0.5420232713222504),,,,,,,,,,,,,,,,,,,,,,,,,,,,,,,,,,,,,,,,,,,,,1,
0,54,27,437282986599,1849345466,1,1,"(0.5184171795845032, 0.49360036849975586)","(0.523083508014679, 0.5483925342559814)",1,1,2.988128662109375,2.8574676513671875,"(-67.33113098144531, -76.71588897705078, 739.00146484375)","(-1.4641621112823486, -76.8667221069336, 737.5746459960938)","(6.652956008911133, 110.2734603881836, 29.4945068359375)","(8.270015716552734, 100.23712158203125, 25.841583251953125)",POINT (0.5207503437995911 0.5209964513778687),,,,,,,,,,,,,,,,,,,,,,,,,,,,,,,,,,,,,,,,,,,,,1,
0,54,27,437283003266,1849362132,1,1,"(0.5077610015869141, 0.543895959854126)","(0.5191609859466553, 0.5314537286758423)",1,1,2.9817657470703125,2.8097076416015625,"(-67.30835723876953, -76.71017456054688, 738.9608764648438)","(-1.4493523836135864, -76.87799072265625, 737.5894775390625)","(2.96022367477417, 101.06076049804688, 26.14134407043457)","(6.910706043243408, 103.33981323242188, 26.97085189819336)",POINT (0.5134609937667847 0.5376748442649841),,,,,,,,,,,,,,,,,,,,,,,,,,,,,,,,,,,,,,,,,,,,,1,
0,54,27,437283019933,1849378799,1,1,"(0.5070262551307678, 0.5307589769363403)","(0.5124121308326721, 0.516628086566925)",1,1,2.9694976806640625,2.7985382080078125,"(-67.2862319946289, -76.70162963867188, 738.84228515625)","(-1.434934377670288, -76.89771270751953, 737.6195678710938)","(2.705570697784424, 103.46708679199219, 27.01713752746582)","(4.5719895362854, 106.05546569824219, 27.95923614501953)",POINT (0.50971919298172 0.5236935317516327),,,,,,,,,,,,,,,,,,,,,,,,,,,,,,,,,,,,,,,,,,,,,1,
0,54,27,437283036601,1849395466,1,1,"(0.5088613629341125, 0.5036914944648743)","(0.5184870362281799, 0.5262730717658997)",1,1,2.9877166748046875,2.806381225585937,"(-67.25532531738281, -76.68997192382812, 738.71240234375)","(-1.4165894985198975, -76.91995239257812, 737.6798095703125)","(3.341512441635132, 108.42507934570312, 28.821714401245117)","(6.677163600921631, 104.28876495361328, 27.316234588623047)",POINT (0.5136741995811462 0.514982283115387),,,,,,,,,,,,,,,,,,,,,,,,,,,,,,,,,,,,,,,,,,,,,1,
0,54,27,437283053267,1849412132,1,1,"(0.5103933215141296, 0.5472052097320557)","(0.5217074751853943, 0.5121473073959351)",1,1,2.957275390625,2.79388427734375,"(-67.26480865478516, -76.70066833496094, 738.8013305664062)","(-1.425296425819397, -76.93894958496094, 737.7396850585938)","(3.8723971843719482, 100.45462036132812, 25.920698165893555)","(7.793143272399902, 106.87622833251953, 28.257970809936523)",POINT (0.516050398349762 0.5296762585639954),,,,,,,,,,,,,,,,,,,,,,,,,,,,,,,,,,,,,,,,,,,,,1,
0,54,27,437283069935,1849428799,1,1,"(0.49648141860961914, 0.5125198364257812)","(0.4970446825027466, 0.4968772232532501)",1,1,2.9609527587890625,2.7516632080078125,"(-67.27975463867188, -76.7046890258789, 738.85888671875)","(-1.4390053749084473, -76.94599914550781, 737.8147583007812)","(-0.9485952854156494, 106.8079605102539, 28.233173370361328)","(-0.7533971071243286, 109.67324829101562, 29.276023864746094)",POINT (0.4967630505561829 0.5046985298395157),,,,,,,,,,,,,,,,,,,,,,,,,,,,,,,,,,,,,,,,,,,,,1,
0,54,27,437283086601,1849445465,1,1,"(0.494560182094574, 0.5077343583106995)","(0.4982517659664154, 0.506242573261261)",1,1,2.9381561279296875,2.7547760009765625,"(-67.25235748291016, -76.69419860839844, 738.7422485351562)","(-1.4204789400100708, -76.97142028808594, 737.8748779296875)","(-1.6143708229064941, 107.68453216552734, 28.552202224731445)","(-0.3351118266582489, 107.95777130126953, 28.65167808532715)",POINT (0.4964059740304947 0.5069884657859802),,,,,,,,,,,,,,,,,,,,,,,,,,,,,,,,,,,,,,,,,,,,,1,
0,54,27,437283103269,1849462132,1,1,"(0.5039869546890259, 0.5321274399757385)","(0.5042203068733215, 0.5081490874290466)",1,1,2.922515869140625,2.80194091796875,"(-67.24734497070312, -76.68447875976562, 738.759033203125)","(-1.4119994640350342, -76.96589660644531, 737.874755859375)","(1.6523414850234985, 103.2164306640625, 26.925926208496094)","(1.733213186264038, 107.60857391357422, 28.52452850341797)",POINT (0.5041036307811737 0.5201382637023926),,,,,,,,,,,,,,,,,,,,,,,,,,,,,,,,,,,,,,,,,,,,,1,
0,54,27,437283119945,1849478807,1,1,"(0.5044451951980591, 0.50530606508255)","(0.5008766055107117, 0.4853430390357971)",1,1,2.929107666015625,2.7499542236328125,"(-67.2233657836914, -76.67163848876953, 738.6259765625)","(-1.4008033275604248, -76.98635864257812, 737.9649658203125)","(1.811153769493103, 108.12934112548828, 28.71406364440918)","(0.5745038986206055, 111.78599548339844, 30.04495620727539)",POINT (0.5026609003543854 0.4953245520591736),,,,,,,,,,,,,,,,,,,,,,,,,,,,,,,,,,,,,,,,,,,,,1,
0,54,27,437283136611,1849495473,1,1,"(0.4957078695297241, 0.5485183000564575)","(0.5008193850517273, 0.498381108045578)",1,1,2.8740386962890625,2.7578125,"(-67.20417785644531, -76.64754486083984, 738.570556640625)","(-1.3903210163116455, -76.982177734375, 738.0098876953125)","(-1.2166577577590942, 100.2140884399414, 25.83319664001465)","(0.554671049118042, 109.39778900146484, 29.17574691772461)",POINT (0.4982636272907257 0.5234497040510178),,,,,,,,,,,,,,,,,,,,,,,,,,,,,,,,,,,,,,,,,,,,,1,
0,54,27,437283153279,1849512140,1,1,"(0.4905412793159485, 0.5386372804641724)","(0.5008080005645752, 0.5199134945869446)",1,1,2.8720703125,2.740219116210937,"(-67.20661163330078, -76.64571380615234, 738.630126953125)","(-1.3874658346176147, -76.98841857910156, 738.0101318359375)","(-3.0070765018463135, 102.02400970458984, 26.491947174072266)","(0.5507199764251709, 105.45366668701172, 27.740209579467773)",POINT (0.4956746399402618 0.5292753875255585),,,,,,,,,,,,,,,,,,,,,,,,,,,,,,,,,,,,,,,,,,,,,1,
0,54,27,437283169946,1849528807,1,1,"(0.5050222277641296, 0.5369303226470947)","(0.5015751719474792, 0.4986216127872467)",1,1,2.88720703125,2.756088256835937,"(-67.18999481201172, -76.64202880859375, 738.6490478515625)","(-1.3739230632781982, -76.98370361328125, 737.875244140625)","(2.011112689971924, 102.33666229248047, 26.605758666992188)","(0.8165848851203918, 109.35372161865234, 29.159746170043945)",POINT (0.5032986998558044 0.5177759677171707),,,,,,,,,,,,,,,,,,,,,,,,,,,,,,,,,,,,,,,,,,,,,1,
0,54,27,437283186613,1849545473,1,1,"(0.49768340587615967, 0.528606653213501)","(0.5034404397010803, 0.5112298727035522)",1,1,2.8565673828125,2.74029541015625,"(-67.18814086914062, -76.6515121459961, 738.7421264648438)","(-1.3676681518554688, -76.98750305175781, 737.830078125)","(-0.5320674180984497, 103.86133575439453, 27.160680770874023)","(1.4629651308059692, 107.04427337646484, 28.319120407104492)",POINT (0.50056192278862 0.5199182629585266),,,,,,,,,,,,,,,,,,,,,,,,,,,,,,,,,,,,,,,,,,,,,1,
0,54,27,437283203281,1849562140,1,1,"(0.5032303929328918, 0.5485091805458069)","(0.5118479132652283, 0.5180196166038513)",1,1,2.881622314453125,2.772323608398437,"(-67.17858123779297, -76.64813232421875, 738.7581787109375)","(-1.3575327396392822, -76.97702026367188, 737.740234375)","(1.3901807069778442, 100.21577453613281, 25.833744049072266)","(4.3764472007751465, 105.80056762695312, 27.866500854492188)",POINT (0.5075391530990601 0.5332643985748291),,,,,,,,,,,,,,,,,,,,,,,,,,,,,,,,,,,,,,,,,,,,,1,
0,54,27,437283219948,1849578807,1,1,"(0.4962671101093292, 0.5643674731254578)","(0.5042654871940613, 0.49555718898773193)",1,1,2.8358917236328125,2.72393798828125,"(-67.17715454101562, -76.65459442138672, 738.7589721679688)","(-1.3518940210342407, -76.98448181152344, 737.7401733398438)","(-1.0228620767593384, 97.31098937988281, 24.7764949798584)","(1.7488690614700317, 109.91504669189453, 29.364015579223633)",POINT (0.5002662986516953 0.5299623310565948),,,,,,,,,,,,,,,,,,,,,,,,,,,,,,,,,,,,,,,,,,,,,1,
0,54,27,437283236616,1849595474,1,1,"(0.5010708570480347, 0.5470196008682251)","(0.5098037719726562, 0.5071955919265747)",1,1,2.844818115234375,2.73541259765625,"(-67.17782592773438, -76.64862823486328, 738.7740478515625)","(-1.3431495428085327, -76.97452545166016, 737.710205078125)","(0.6418278217315674, 100.48859405517578, 25.93310546875)","(3.668092727661133, 107.78321075439453, 28.588136672973633)",POINT (0.5054373145103455 0.5271075963973999),,,,,,,,,,,,,,,,,,,,,,,,,,,,,,,,,,,,,,,,,,,,,1,
0,54,27,437283253284,1849612142,1,1,"(0.49209004640579224, 0.5302313566207886)","(0.5050175189971924, 0.4780786335468292)",1,1,2.8491973876953125,2.7324981689453125,"(-67.18437194824219, -76.63417053222656, 738.75732421875)","(-1.349412202835083, -76.96270751953125, 737.755126953125)","(-2.4703688621520996, 103.5637435913086, 27.052322387695312)","(2.0094738006591797, 113.11661529541016, 30.52928924560547)",POINT (0.4985537827014923 0.5041549950838089),,,,,,,,,,,,,,,,,,,,,,,,,,,,,,,,,,,,,,,,,,,,,1,
0,54,27,437283269952,1849628809,1,1,"(0.4863741993904114, 0.5244212746620178)","(0.4979092478752136, 0.5264455676078796)",1,1,2.8309478759765625,2.7191619873046875,"(-67.20291137695312, -76.59770965576172, 738.723388671875)","(-1.361154556274414, -76.91267395019531, 737.7699584960938)","(-4.451114177703857, 104.62796020507812, 27.43971824645996)","(-0.45379534363746643, 104.25717163085938, 27.30475425720215)",POINT (0.4921417236328125 0.5254334211349487),,,,,,,,,,,,,,,,,,,,,,,,,,,,,,,,,,,,,,,,,,,,,1,
0,54,27,437283286619,1849645476,1,1,"(0.49268555641174316, 0.5375379323959351)","(0.5003024339675903, 0.5476912260055542)",1,1,2.832504272460937,2.744781494140625,"(-67.23300170898438, -76.58515167236328, 738.7944946289062)","(-1.3756437301635742, -76.86396789550781, 737.7399291992188)","(-2.2639963626861572, 102.22537231445312, 26.56524085998535)","(0.3755214810371399, 100.36558532714844, 25.888290405273438)",POINT (0.4964939951896668 0.5426145792007446),,,,,,,,,,,,,,,,,,,,,,,,,,,,,,,,,,,,,,,,,,,,,1,
0,54,27,437283303286,1849662142,1,1,"(0.4900488257408142, 0.5591327548027039)","(0.4996013343334198, 0.5376368761062622)",1,1,2.835556030273437,2.723846435546875,"(-67.30377197265625, -76.59320831298828, 739.0711669921875)","(-1.4142131805419922, -76.80674743652344, 737.7698974609375)","(-3.1777071952819824, 98.26981353759766, 25.12554168701172)","(0.13256555795669556, 102.20724487304688, 26.558637619018555)",POINT (0.494825080037117 0.548384815454483),,,,,,,,,,,,,,,,,,,,,,,,,,,,,,,,,,,,,,,,,,,,,1,
0,54,27,437283319953,1849678809,1,1,"(0.49529629945755005, 0.5331079363822937)","(0.5005876421928406, 0.5206189751625061)",1,1,2.808746337890625,2.733489990234375,"(-67.36073303222656, -76.58623504638672, 739.0889892578125)","(-1.453176498413086, -76.78062438964844, 737.7096557617188)","(-1.359282374382019, 103.03682708740234, 26.860557556152344)","(0.4743800163269043, 105.32444763183594, 27.693195343017578)",POINT (0.4979419708251953 0.5268634557723999),,,,,,,,,,,,,,,,,,,,,,,,,,,,,,,,,,,,,,,,,,,,,1,
0,54,27,437283336619,1849695474,1,1,"(0.4953816831111908, 0.5718792676925659)","(0.4999513030052185, 0.5203973054885864)",1,1,2.797225952148437,2.7406463623046875,"(-67.38816833496094, -76.56024932861328, 738.8228759765625)","(-1.498629093170166, -76.75250244140625, 737.3646850585938)","(-1.3296942710876465, 95.9350357055664, 24.275726318359375)","(0.25385478138923645, 105.36504364013672, 27.707956314086914)",POINT (0.4976664930582046 0.5461382865905762),,,,,,,,,,,,,,,,,,,,,,,,,,,,,,,,,,,,,,,,,,,,,1,
0,54,27,437283353286,1849712141,1,1,"(0.496775358915329, 0.5133636593818665)","(0.5069801211357117, 0.490543395280838)",1,1,2.8946685791015625,2.718292236328125,"(-67.41921997070312, -76.52666473388672, 738.4644775390625)","(-1.581301212310791, -76.75125885009766, 737.3644409179688)","(-0.8467344045639038, 106.65341186523438, 28.176881790161133)","(2.6895899772644043, 110.83341979980469, 29.698299407958984)",POINT (0.5018777400255203 0.5019535273313522),,,,,,,,,,,,,,,,,,,,,,,,,,,,,,,,,,,,,,,,,,,,,1,
0,54,27,437283369959,1849728813,1,1,"(0.5120382905006409, 0.5668878555297852)","(0.5078694820404053, 0.5389800071716309)",1,1,2.738433837890625,2.7732391357421875,"(-67.50160217285156, -76.55805969238281, 738.7088623046875)","(-1.653174638748169, -76.75570678710938, 737.5888061523438)","(4.442428112030029, 96.84928894042969, 24.60849952697754)","(2.997784376144409, 101.96123504638672, 26.46909523010254)",POINT (0.5099538862705231 0.552933931350708),,,,,,,,,,,,,,,,,,,,,,,,,,,,,,,,,,,,,,,,,,,,,1,
0,54,27,437283386625,1849745479,1,1,"(0.4950650930404663, 0.5625632405281067)","(0.5038962364196777, 0.525117039680481)",1,1,2.7661590576171875,2.76513671875,"(-67.58079528808594, -76.58888244628906, 738.9227294921875)","(-1.6837693452835083, -76.74746704101562, 737.573974609375)","(-1.4394025802612305, 97.6414566040039, 24.89679527282715)","(1.6209180355072021, 104.5005111694336, 27.393333435058594)",POINT (0.499480664730072 0.5438401401042938),,,,,,,,,,,,,,,,,,,,,,,,,,,,,,,,,,,,,,,,,,,,,1,
0,54,27,437283403294,1849762147,1,1,"(0.5057528018951416, 0.5975388884544373)","(0.49649590253829956, 0.5014462471008301)",1,1,2.75128173828125,2.7473907470703125,"(-67.62106323242188, -76.58224487304688, 738.5916748046875)","(-1.7387007474899292, -76.71935272216797, 737.31884765625)","(2.2642650604248047, 91.23490905761719, 22.565052032470703)","(-0.9435722827911377, 108.8363265991211, 28.971439361572266)",POINT (0.5011243522167206 0.5494925677776337),,,,,,,,,,,,,,,,,,,,,,,,,,,,,,,,,,,,,,,,,,,,,1,
0,54,27,437283419960,1849778813,1,1,"(0.5001311302185059, 0.562513530254364)","(0.5130507946014404, 0.5006185173988342)",1,1,2.7989959716796875,2.799163818359375,"(-67.66336822509766, -76.57228088378906, 738.3221435546875)","(-1.8294882774353027, -76.7059326171875, 737.3335571289062)","(0.31616196036338806, 97.65055084228516, 24.9001407623291)","(4.793295860290527, 108.98795318603516, 29.02659797668457)",POINT (0.5065909624099731 0.5315660238265991),,,,,,,,,,,,,,,,,,,,,,,,,,,,,,,,,,,,,,,,,,,,,1,
0,54,27,437283436628,1849795480,1,1,"(0.4784044623374939, 0.5777392387390137)","(0.5068068504333496, 0.46700066328048706)",1,1,2.8393707275390625,2.7316131591796875,"(-67.72789001464844, -76.60572052001953, 738.4307861328125)","(-1.8936347961425781, -76.74455261230469, 737.6929931640625)","(-7.212915420532227, 94.86166381835938, 23.885026931762695)","(2.6295526027679443, 115.1457748413086, 31.267850875854492)",POINT (0.4926056563854218 0.5223699510097504),,,,,,,,,,,,,,,,,,,,,,,,,,,,,,,,,,,,,,,,,,,,,1,
0,54,27,437283453296,1849812147,1,1,"(0.4914703071117401, 0.5595022439956665)","(0.49888935685157776, 0.5029489994049072)",1,1,2.81549072265625,2.801788330078125,"(-67.80126953125, -76.61671447753906, 738.4765625)","(-1.9374709129333496, -76.7161636352539, 737.4828491210938)","(-2.6851186752319336, 98.20214080810547, 25.100881576538086)","(-0.11415816098451614, 108.5610580444336, 28.871240615844727)",POINT (0.4951798319816589 0.5312256217002869),,,,,,,,,,,,,,,,,,,,,,,,,,,,,,,,,,,,,,,,,,,,,1,
0,54,27,437283469962,1849828813,1,1,"(0.49952492117881775, 0.6182134747505188)","(0.4999019205570221, 0.49284905195236206)",1,1,2.769866943359375,2.783660888671875,"(-67.85800170898438, -76.63032531738281, 738.295166015625)","(-2.003460168838501, -76.67864990234375, 737.1677856445312)","(0.10610033571720123, 87.44793701171875, 21.186655044555664)","(0.2367318868637085, 110.41108703613281, 29.54459571838379)",POINT (0.4997134208679199 0.5555312633514404),,,,,,,,,,,,,,,,,,,,,,,,,,,,,,,,,,,,,,,,,,,,,1,
0,54,27,437283486631,1849845481,1,1,"(0.5152347087860107, 0.5932769179344177)","(0.507394552230835, 0.4718930721282959)",1,1,2.7801971435546875,2.783477783203125,"(-67.897705078125, -76.64320373535156, 738.2556762695312)","(-2.0603766441345215, -76.67239379882812, 737.2874755859375)","(5.550106048583984, 92.01558685302734, 22.84916114807129)","(2.833217144012451, 114.2496337890625, 30.941646575927734)",POINT (0.5113146305084229 0.5325849950313568),,,,,,,,,,,,,,,,,,,,,,,,,,,,,,,,,,,,,,,,,,,,,1,
0,54,27,437283503300,1849862150,1,1,"(0.5349148511886597, 0.6190055012702942)","(0.5396155714988708, 0.5324327945709229)",1,1,2.770294189453125,2.855941772460937,"(-67.90159606933594, -76.67350769042969, 738.3453369140625)","(-2.0657126903533936, -76.6612548828125, 737.3922119140625)","(12.370018005371094, 87.3028564453125, 21.13385772705078)","(13.998977661132812, 103.16049194335938, 26.905574798583984)",POINT (0.5372652113437653 0.5757191479206085),,,,,,,,,,,,,,,,,,,,,,,,,,,,,,,,,,,,,,,,,,,,,1,
0,54,27,437283519967,1849878816,1,1,"(0.5492821335792542, 0.583766758441925)","(0.5376055240631104, 0.4967357814311981)",1,1,2.7805633544921875,2.8313751220703125,"(-67.97756958007812, -76.71241760253906, 738.6041870117188)","(-2.1176161766052246, -76.65486145019531, 737.5867919921875)","(17.348787307739258, 93.7575912475586, 23.483163833618164)","(13.30241870880127, 109.69913482666016, 29.285499572753906)",POINT (0.5434438288211823 0.5402512699365616),,,,,,,,,,,,,,,,,,,,,,,,,,,,,,,,,,,,,,,,,,,,,1,
0,54,27,437283536636,1849895484,1,1,"(0.5288219451904297, 0.6230379939079285)","(0.5289596915245056, 0.4774473309516907)",1,1,2.815185546875,2.826263427734375,"(-68.02810668945312, -76.75820922851562, 738.8539428710938)","(-2.144441604614258, -76.65644836425781, 737.5565795898438)","(10.258584022521973, 86.56422424316406, 20.865018844604492)","(10.306327819824219, 113.23225402832031, 30.571372985839844)",POINT (0.5288908183574677 0.5502426624298096),,,,,,,,,,,,,,,,,,,,,,,,,,,,,,,,,,,,,,,,,,,,,1,
0,54,27,437283553302,1849912150,1,1,"(0.523198127746582, 0.5915473103523254)","(0.5304584503173828, 0.49297815561294556)",1,1,2.8072662353515625,2.8386688232421875,"(-68.08688354492188, -76.76192474365234, 739.04248046875)","(-2.1769540309906006, -76.60281372070312, 737.4965209960938)","(8.309717178344727, 92.3324203491211, 22.964441299438477)","(10.825708389282227, 110.38744354248047, 29.53597640991211)",POINT (0.5268282890319824 0.5422627329826355),,,,,,,,,,,,,,,,,,,,,,,,,,,,,,,,,,,,,,,,,,,,,1,
0,54,27,437283569970,1849928817,1,1,"(0.5443013310432434, 0.6315715312957764)","(0.5325177311897278, 0.4871053099632263)",1,1,2.721405029296875,2.817367553710937,"(-68.10525512695312, -76.75657653808594, 738.9174194335938)","(-2.2040770053863525, -76.57576751708984, 737.3914184570312)","(15.622769355773926, 85.0011215209961, 20.296098709106445)","(11.539294242858887, 111.46318817138672, 29.927501678466797)",POINT (0.5384095311164856 0.5593384206295013),,,,,,,,,,,,,,,,,,,,,,,,,,,,,,,,,,,,,,,,,,,,,1,
0,54,27,437283586636,1849945483,1,1,"(0.543700635433197, 0.6265381574630737)","(0.5313319563865662, 0.5215241312980652)",1,1,2.776885986328125,2.8540802001953125,"(-68.11827087402344, -76.733642578125, 738.9296875)","(-2.216172695159912, -76.52641296386719, 737.3314819335938)","(15.41458511352539, 85.92308807373047, 20.631668090820312)","(11.128402709960938, 105.15864562988281, 27.63286018371582)",POINT (0.5375162959098816 0.5740311443805695),,,,,,,,,,,,,,,,,,,,,,,,,,,,,,,,,,,,,,,,,,,,,1,
0,54,27,437283603304,1849962150,1,1,"(0.530664324760437, 0.6261924505233765)","(0.531019926071167, 0.527462363243103)",1,1,2.78900146484375,2.8302001953125,"(-68.11634826660156, -76.70962524414062, 738.7928466796875)","(-2.2251973152160645, -76.50872802734375, 737.31640625)","(10.897034645080566, 85.98641204833984, 20.654747009277344)","(11.020276069641113, 104.07093811035156, 27.236927032470703)",POINT (0.530842125415802 0.5768274068832397),,,,,,,,,,,,,,,,,,,,,,,,,,,,,,,,,,,,,,,,,,,,,1,
0,54,27,437283619971,1849978817,1,1,"(0.5198619961738586, 0.6381766200065613)","(0.5345901250839233, 0.5045566558837891)",1,1,2.7959442138671875,2.834320068359375,"(-68.11307525634766, -76.6452865600586, 738.658203125)","(-2.234079360961914, -76.47074890136719, 737.1517333984375)","(7.153650760650635, 83.79124450683594, 19.85575294494629)","(12.257469177246094, 108.26658630371094, 28.764062881469727)",POINT (0.527226060628891 0.5713666379451752),,,,,,,,,,,,,,,,,,,,,,,,,,,,,,,,,,,,,,,,,,,,,1,
0,54,27,437283636643,1849995488,1,1,"(0.535306453704834, 0.6381005048751831)","(0.531995415687561, 0.5126526951789856)",1,1,2.8028717041015625,2.8775634765625,"(-68.117919921875, -76.62883758544922, 738.6429443359375)","(-2.2374725341796875, -76.47244262695312, 737.2412109375)","(12.505704879760742, 83.8051986694336, 19.860807418823242)","(11.358301162719727, 106.78364562988281, 28.224266052246094)",POINT (0.5336509346961975 0.5753766000270844),,,,,,,,,,,,,,,,,,,,,,,,,,,,,,,,,,,,,,,,,,,,,1,
0,54,27,437283669977,1850028821,1,1,"(0.5421221852302551, 0.6232225298881531)","(0.5336142778396606, 0.47953179478645325)",1,1,2.777557373046875,2.863143920898437,"(-68.12100219726562, -76.60646057128906, 738.550537109375)","(-2.2490074634552, -76.45823669433594, 737.2412109375)","(14.867593765258789, 86.53041076660156, 20.852739334106445)","(11.919309616088867, 112.85042572021484, 30.432449340820312)",POINT (0.5378682315349579 0.5513771623373032),,,,,,,,,,,,,,,,,,,,,,,,,,,,,,,,,,,,,,,,,,,,,1,
0,54,27,437283719978,1850078821,1,1,"(0.5335645079612732, 0.6458197832107544)","(0.5370497107505798, 0.5618354082107544)",1,1,2.809783935546875,2.9104156494140625,"(-68.142578125, -76.63060760498047, 738.3916015625)","(-2.278886079788208, -76.45301818847656, 737.0011596679688)","(11.902052879333496, 82.39126586914062, 19.346162796020508)","(13.109800338745117, 97.77478790283203, 24.945327758789062)",POINT (0.5353071093559265 0.6038275957107544),,,,,,,,,,,,,,,,,,,,,,,,,,,,,,,,,,,,,,,,,,,,,,
0,54,27,437283753313,1850112155,1,1,"(0.5747002363204956, 0.5082172751426697)","(0.5646741986274719, 0.3355533182621002)",1,1,2.781478881835937,2.813140869140625,"(-68.0616455078125, -76.49298858642578, 738.834716796875)","(-2.2966670989990234, -76.27466583251953, 737.360595703125)","(26.15708351135254, 107.5960693359375, 28.51998519897461)","(22.68269157409668, 139.22315979003906, 40.03131866455078)",POINT (0.5696872174739838 0.421885296702385),,,,,,,,,,,,,,,,,,,,,,,,,,,,,,,,,,,,,,,,,,,,,1,
0,54,27,437283786651,1850145491,1,1,"(0.6126677393913269, 0.4228275418281555)","(0.6092418432235718, 0.27654656767845154)",1,1,2.777313232421875,2.8638153076171875,"(-67.9164047241211, -76.2702865600586, 738.5907592773438)","(-2.220003366470337, -76.08497619628906, 737.541015625)","(39.3142204284668, 123.23703002929688, 34.212825775146484)","(38.12700653076172, 150.03150939941406, 43.96524429321289)",POINT (0.6109547913074493 0.3496870547533035),,,,,,,,,,,,,,,,,,,,,,,,,,,,,,,,,,,,,,,,,,,,,1,
0,54,27,437283803318,1850162158,1,1,"(0.6093325018882751, 0.25378456711769104)","(0.6121249198913574, 0.20446880161762238)",1,1,2.847076416015625,2.8686676025390625,"(-67.9608154296875, -76.3061294555664, 738.5208740234375)","(-2.2283337116241455, -76.1343994140625, 737.5856323242188)","(38.15842819213867, 154.2008514404297, 45.48273849487305)","(39.126121520996094, 163.23403930664062, 48.77061462402344)",POINT (0.6107287108898163 0.2291266843676567),,,,,,,,,,,,,,,,,,,,,,,,,,,,,,,,,,,,,,,,,,,,1,1,
0,54,27,437283819986,1850178825,1,1,"(0.6018454432487488, 0.24131445586681366)","(0.6153637766838074, 0.23765681684017181)",1,1,2.8702392578125,2.860946655273437,"(-68.00738525390625, -76.31291198730469, 738.7093505859375)","(-2.251016139984131, -76.09907531738281, 737.5555419921875)","(35.56389617919922, 156.48501586914062, 46.31410598754883)","(40.24850082397461, 157.15496826171875, 46.5579719543457)",POINT (0.6086046099662781 0.2394856363534927),,,,,,,,,,,,,,,,,,,,,,,,,,,,,,,,,,,,,,,,,,,,1,1,
0,54,27,437283836652,1850195491,1,1,"(0.6063327193260193, 0.19615377485752106)","(0.6206594109535217, 0.22466979920864105)",1,1,2.8769989013671875,2.856048583984375,"(-68.03713989257812, -76.3419418334961, 738.7498168945312)","(-2.2625303268432617, -76.13812255859375, 737.5855102539062)","(37.1189079284668, 164.75714111328125, 49.324928283691406)","(42.08361053466797, 159.53384399414062, 47.42378234863281)",POINT (0.6134960651397705 0.210411787033081),,,,,,,,,,,,,,,,,,,,,,,,,,,,,,,,,,,,,,,,,,,,,,
0,54,27,437283853320,1850212158,1,1,"(0.5951106548309326, 0.19231683015823364)","(0.6153687834739685, 0.22785666584968567)",1,1,2.9322967529296875,2.87103271484375,"(-68.07189178466797, -76.34902954101562, 738.803955078125)","(-2.281264305114746, -76.134033203125, 737.5853271484375)","(33.23004150390625, 165.4599609375, 49.58075714111328)","(40.25023651123047, 158.95008850097656, 47.211326599121094)",POINT (0.6052397191524506 0.2100867480039597),,,,,,,,,,,,,,,,,,,,,,,,,,,,,,,,,,,,,,,,,,,,,,
0,54,27,437283869987,1850228825,1,1,"(0.5972172021865845, 0.11715885251760483)","(0.6212122440338135, 0.20976398885250092)",1,1,2.873382568359375,2.865020751953125,"(-68.09564971923828, -76.35403442382812, 738.6768798828125)","(-2.309779644012451, -76.13816833496094, 737.5252075195312)","(33.96002960205078, 179.2267608642578, 54.59143829345703)","(42.27519989013672, 162.26414489746094, 48.41755294799805)",POINT (0.609214723110199 0.1634614206850529),,,,,,,,,,,,,,,,,,,,,,,,,,,,,,,,,,,,,,,,,,,,1,,
0,54,27,437283886654,1850245491,1,1,"(0.6043785810470581, 0.15918345749378204)","(0.6187189817428589, 0.2439860701560974)",1,1,2.8883819580078125,2.843246459960937,"(-68.11384582519531, -76.34866333007812, 738.61181640625)","(-2.3225643634796143, -76.11913299560547, 737.5249633789062)","(36.441715240478516, 171.529052734375, 51.78968048095703)","(41.411190032958984, 155.99563598632812, 46.13601303100586)",POINT (0.6115487813949585 0.2015847638249397),,,,,,,,,,,,,,,,,,,,,,,,,,,,,,,,,,,,,,,,,,,,1,,
0,54,27,437283903327,1850262163,1,1,"(0.5999894142150879, 0.1897173523902893)","(0.6124927401542664, 0.24373158812522888)",1,1,2.94781494140625,2.894149780273437,"(-68.11856079101562, -76.33576202392578, 738.4266967773438)","(-2.343881607055664, -76.12176513671875, 737.5549926757812)","(34.92072677612305, 165.9361114501953, 49.7540397644043)","(39.253578186035156, 156.04225158691406, 46.15297317504883)",POINT (0.6062410771846771 0.2167244702577591),,,,,,,,,,,,,,,,,,,,,,,,,,,,,,,,,,,,,,,,,,,,,1,
0,54,27,437283919993,1850278829,1,1,"(0.6072487235069275, 0.21607522666454315)","(0.6185324192047119, 0.2218293845653534)",1,1,2.9347381591796875,2.8572540283203125,"(-68.13158416748047, -76.3120346069336, 738.2703857421875)","(-2.364680290222168, -76.08561706542969, 737.5396728515625)","(37.436344146728516, 161.10809326171875, 47.99679946899414)","(41.34654235839844, 160.0541229248047, 47.61315155029297)",POINT (0.6128905713558197 0.2189523056149483),,,,,,,,,,,,,,,,,,,,,,,,,,,,,,,,,,,,,,,,,,,,,1,
0,54,27,437283936661,1850295496,1,1,"(0.6225261688232422, 0.119050994515419)","(0.639883279800415, 0.18982839584350586)",1,1,2.9107818603515625,2.844268798828125,"(-68.10488891601562, -76.30135345458984, 738.5963134765625)","(-2.335747241973877, -76.02285766601562, 737.37548828125)","(42.73052215576172, 178.8801727294922, 54.46525573730469)","(48.745384216308594, 165.915771484375, 49.746646881103516)",POINT (0.6312047243118286 0.1544396951794624),,,,,,,,,,,,,,,,,,,,,,,,,,,,,,,,,,,,,,,,,,,,1,,
0,54,27,437283953328,1850312163,1,1,"(0.6821395754814148, 0.10502628982067108)","(0.67828768491745, 0.11158091574907303)",1,1,2.9334716796875,2.7969970703125,"(-67.9100570678711, -76.2132339477539, 738.3130493164062)","(-2.1947784423828125, -76.01145935058594, 737.5858764648438)","(63.388763427734375, 181.44906616210938, 55.40032958984375)","(62.05392074584961, 180.2484893798828, 54.96328353881836)",POINT (0.6802136301994324 0.1083036027848721),,,,,,,,,,,,,,,,,,,,,,,,,,,,,,,,,,,,,,,,,,,,,,
0,54,27,437283969995,1850328829,1,1,"(0.6838341355323792, 0.15889625251293182)","(0.6916588544845581, 0.11673171818256378)",1,1,2.9861602783203125,2.7657928466796875,"(-67.91304016113281, -76.21028137207031, 738.281494140625)","(-2.183938980102539, -76.02608489990234, 737.7060546875)","(63.97596740722656, 171.58164978027344, 51.808834075927734)","(66.6875228881836, 179.30499267578125, 54.61990737915039)",POINT (0.6877464950084686 0.1378139853477478),,,,,,,,,,,,,,,,,,,,,,,,,,,,,,,,,,,,,,,,,,,,,,
0,54,27,437283986662,1850345496,1,1,"(0.6811387538909912, 0.14122702181339264)","(0.6890510320663452, 0.14377479255199432)",1,1,2.9647979736328125,2.785888671875,"(-67.93489074707031, -76.2159423828125, 738.3538818359375)","(-2.1905782222747803, -76.01324462890625, 737.5857543945312)","(63.041927337646484, 174.8181610107422, 52.986820220947266)","(65.78382873535156, 174.35147094726562, 52.81697082519531)",POINT (0.6850948929786682 0.1425009071826935),,,,,,,,,,,,,,,,,,,,,,,,,,,,,,,,,,,,,,,,,,,,1,,
0,54,27,437284003329,1850362162,1,1,"(0.685895562171936, 0.13393501937389374)","(0.6880978941917419, 0.12296999990940094)",1,1,2.94097900390625,2.7654266357421875,"(-67.9488296508789, -76.23745727539062, 738.3820190429688)","(-2.192624092102051, -76.02046203613281, 737.5709838867188)","(64.6903305053711, 176.15383911132812, 53.472991943359375)","(65.45353698730469, 178.1623077392578, 54.204017639160156)",POINT (0.686996728181839 0.1284525096416473),,,,,,,,,,,,,,,,,,,,,,,,,,,,,,,,,,,,,,,,,,,,,,
0,54,27,437284019996,1850378829,1,1,"(0.6832150816917419, 0.1287250965833664)","(0.6901609897613525, 0.1188267171382904)",1,1,2.967193603515625,2.7683868408203125,"(-67.96149444580078, -76.25606536865234, 738.4415283203125)","(-2.199021339416504, -76.01897430419922, 737.5560913085938)","(63.761451721191406, 177.108154296875, 53.82032775878906)","(66.16846466064453, 178.92124938964844, 54.480247497558594)",POINT (0.6866880357265472 0.1237759068608284),,,,,,,,,,,,,,,,,,,,,,,,,,,,,,,,,,,,,,,,,,,,,,
0,54,27,437284036670,1850395502,1,1,"(0.680788516998291, 0.09092980623245239)","(0.6844655871391296, 0.12172883749008179)",1,1,2.939697265625,2.7646484375,"(-67.97064971923828, -76.27145385742188, 738.45654296875)","(-2.204613208770752, -76.0195541381836, 737.4959716796875)","(62.920570373535156, 184.03115844726562, 56.340084075927734)","(64.19480895996094, 178.38966369628906, 54.286746978759766)",POINT (0.6826270520687103 0.1063293218612671),,,,,,,,,,,,,,,,,,,,,,,,,,,,,,,,,,,,,,,,,,,,,,
0,54,27,437284053336,1850412168,1,1,"(0.6821694374084473, 0.1285829246044159)","(0.6842940449714661, 0.17365673184394836)",1,1,2.9823760986328125,2.8159332275390625,"(-67.97062683105469, -76.28230285644531, 738.4564208984375)","(-2.1997032165527344, -76.02069091796875, 737.5108642578125)","(63.39908981323242, 177.13418579101562, 53.82981491088867)","(64.13534545898438, 168.87796020507812, 50.82479476928711)",POINT (0.6832317411899567 0.1511198282241821),,,,,,,,,,,,,,,,,,,,,,,,,,,,,,,,,,,,,,,,,,,,1,,
0,54,27,437284070005,1850428836,1,1,"(0.6820256114006042, 0.1577668935060501)","(0.6926844716072083, 0.15940070152282715)",1,1,2.977569580078125,2.7859344482421875,"(-67.99165344238281, -76.28966522216797, 738.5138549804688)","(-2.2131154537200928, -76.01072692871094, 737.4356689453125)","(63.349266052246094, 171.7885284423828, 51.884132385253906)","(67.04293060302734, 171.48924255371094, 51.775230407714844)",POINT (0.6873550415039062 0.1585837975144386),,,,,,,,,,,,,,,,,,,,,,,,,,,,,,,,,,,,,,,,,,,,1,,
0,54,27,437284086671,1850445502,1,1,"(0.6754993200302124, 0.14059188961982727)","(0.6836508512496948, 0.14560732245445251)",1,1,2.9981689453125,2.780059814453125,"(-67.99923706054688, -76.3039321899414, 738.5584716796875)","(-2.214456558227539, -76.0098876953125, 737.4058837890625)","(61.087642669677734, 174.9344940185547, 53.029178619384766)","(63.912471771240234, 174.0158233642578, 52.69478988647461)",POINT (0.6795750856399536 0.1430996060371399),,,,,,,,,,,,,,,,,,,,,,,,,,,,,,,,,,,,,,,,,,,,1,,
0,54,27,437284103338,1850462168,1,1,"(0.676577627658844, 0.16717590391635895)","(0.6856083273887634, 0.13066373765468597)",1,1,2.983184814453125,2.7891845703125,"(-68.0103530883789, -76.30372619628906, 738.5865478515625)","(-2.2156319618225098, -75.99859619140625, 737.3460693359375)","(61.46131896972656, 170.0650634765625, 51.25686264038086)","(64.59078979492188, 176.75303649902344, 53.69106674194336)",POINT (0.6810929775238037 0.1489198207855225),,,,,,,,,,,,,,,,,,,,,,,,,,,,,,,,,,,,,,,,,,,,1,,
0,54,27,437284120006,1850478835,1,1,"(0.6858550906181335, 0.11724815517663956)","(0.6815528869628906, 0.1485614776611328)",1,1,3.003021240234375,2.8128814697265625,"(-68.00410461425781, -76.29923248291016, 738.5416259765625)","(-2.2022292613983154, -76.00714111328125, 737.4212036132812)","(64.67631530761719, 179.2104034423828, 54.585453033447266)","(63.185455322265625, 173.4746856689453, 52.49785614013672)",POINT (0.6837039887905121 0.1329048164188862),,,,,,,,,,,,,,,,,,,,,,,,,,,,,,,,,,,,,,,,,,,,,,
0,54,27,437284136673,1850495502,1,1,"(0.6801480650901794, 0.1688634157180786)","(0.6815409064292908, 0.1573764532804489)",1,1,2.98883056640625,2.807769775390625,"(-68.00460052490234, -76.28286743164062, 738.58642578125)","(-2.1943600177764893, -76.00682067871094, 737.466064453125)","(62.698604583740234, 169.75595092773438, 51.144378662109375)","(63.18128204345703, 171.8600311279297, 51.9101676940918)",POINT (0.6808444857597351 0.1631199344992638),,,,,,,,,,,,,,,,,,,,,,,,,,,,,,,,,,,,,,,,,,,,1,,
0,54,27,437284153341,1850512169,1,1,"(0.6861718893051147, 0.11984529346227646)","(0.6899953484535217, 0.1643780767917633)",1,1,2.968109130859375,2.798065185546875,"(-67.98211669921875, -76.27543640136719, 738.5281372070312)","(-2.1759400367736816, -76.02745056152344, 737.6912841796875)","(64.78609466552734, 178.7346649169922, 54.412330627441406)","(66.11106872558594, 170.57754516601562, 51.443389892578125)",POINT (0.6880836188793182 0.1421116851270199),,,,,,,,,,,,,,,,,,,,,,,,,,,,,,,,,,,,,,,,,,,,1,,
0,54,27,437284170014,1850528842,1,1,"(0.6800842881202698, 0.14764897525310516)","(0.6874463558197021, 0.14237602055072784)",1,1,2.9301910400390625,2.797958374023437,"(-67.96981048583984, -76.26162719726562, 738.5009155273438)","(-2.166205883026123, -76.02668762207031, 737.7208251953125)","(62.676517486572266, 173.64183044433594, 52.55870819091797)","(65.22775268554688, 174.60769653320312, 52.91021728515625)",POINT (0.683765321969986 0.1450124979019165),,,,,,,,,,,,,,,,,,,,,,,,,,,,,,,,,,,,,,,,,,,,1,,
0,54,27,437284186682,1850545509,1,1,"(0.6770601272583008, 0.13018691539764404)","(0.6943954825401306, 0.15684670209884644)",1,1,3.000961303710937,2.811874389648437,"(-67.93838500976562, -76.26815795898438, 738.3705444335938)","(-2.154604434967041, -76.04724884033203, 737.9310302734375)","(61.62854766845703, 176.84039306640625, 53.72283935546875)","(67.6358642578125, 171.9570770263672, 51.94550704956055)",POINT (0.6857278048992157 0.1435168087482452),,,,,,,,,,,,,,,,,,,,,,,,,,,,,,,,,,,,,,,,,,,,1,,
0,54,27,437284203349,1850562176,1,1,"(0.687302827835083, 0.1263669729232788)","(0.6970009803771973, 0.16307693719863892)",1,1,2.9348907470703125,2.808868408203125,"(-67.9146728515625, -76.26844024658203, 738.2845458984375)","(-2.14393949508667, -76.05642700195312, 737.9912109375)","(65.1780014038086, 177.5400848388672, 53.97753143310547)","(68.53876495361328, 170.81588745117188, 51.53010559082031)",POINT (0.6921519041061401 0.1447219550609589),,,,,,,,,,,,,,,,,,,,,,,,,,,,,,,,,,,,,,,,,,,,1,,
0,54,27,437284220016,1850578842,1,1,"(0.690105676651001, 0.15297453105449677)","(0.7022415399551392, 0.14024117588996887)",1,1,2.944931030273437,2.768173217773437,"(-67.89933013916016, -76.28492736816406, 738.2273559570312)","(-2.1359198093414307, -76.05596923828125, 737.856201171875)","(66.14929962158203, 172.66635131835938, 52.203643798828125)","(70.35480499267578, 174.9987335205078, 53.05254364013672)",POINT (0.6961736083030701 0.1466078534722328),,,,,,,,,,,,,,,,,,,,,,,,,,,,,,,,,,,,,,,,,,,,1,,
0,54,27,437284236683,1850595509,1,1,"(0.6831921339035034, 0.11696704477071762)","(0.6977006196975708, 0.1364060938358307)",1,1,2.9362030029296875,2.768890380859375,"(-67.90168762207031, -76.30046844482422, 738.3490600585938)","(-2.1277995109558105, -76.06216430664062, 737.8115234375)","(63.753482818603516, 179.2618865966797, 54.604209899902344)","(68.78123474121094, 175.7012176513672, 53.308231353759766)",POINT (0.6904463768005371 0.1266865693032742),,,,,,,,,,,,,,,,,,,,,,,,,,,,,,,,,,,,,,,,,,,,,,
0,54,27,437284253350,1850612175,1,1,"(0.6878131628036499, 0.1559777855873108)","(0.6906046867370605, 0.17696741223335266)",1,1,2.943588256835937,2.8275909423828125,"(-67.89561462402344, -76.32273864746094, 738.3355712890625)","(-2.1210808753967285, -76.09281921386719, 737.7962646484375)","(65.35485076904297, 172.11624145507812, 52.003440856933594)","(66.32221984863281, 168.2715301513672, 50.60408401489258)",POINT (0.6892089247703552 0.1664725989103317),,,,,,,,,,,,,,,,,,,,,,,,,,,,,,,,,,,,,,,,,,,,1,,
0,54,27,437284270018,1850628842,1,1,"(0.6920497417449951, 0.11653998494148254)","(0.6987696290016174, 0.14315271377563477)",1,1,2.928741455078125,2.7709197998046875,"(-67.89683532714844, -76.34512329101562, 738.39599609375)","(-2.118817090988159, -76.10944366455078, 737.7811279296875)","(66.82299041748047, 179.34011840820312, 54.63268280029297)","(69.15168762207031, 174.46542358398438, 52.858455657958984)",POINT (0.6954096853733063 0.1298463493585586),,,,,,,,,,,,,,,,,,,,,,,,,,,,,,,,,,,,,,,,,,,,,,
0,54,27,437284286690,1850645514,1,1,"(0.6466492414474487, 0.14242857694625854)","(0.6519327759742737, 0.15961065888404846)",1,1,2.9082489013671875,2.795394897460937,"(-67.99321746826172, -76.48808288574219, 738.708984375)","(-2.2087202072143555, -76.24654388427734, 737.8709106445312)","(51.090057373046875, 174.5980682373047, 52.90671157836914)","(52.92098617553711, 171.45079040527344, 51.761199951171875)",POINT (0.6492910087108612 0.1510196179151535),,,,,,,,,,,,,,,,,,,,,,,,,,,,,,,,,,,,,,,,,,,,1,,
0,54,27,437284303357,1850662180,1,1,"(0.5377641916275024, 0.3438175916671753)","(0.5594754219055176, 0.32417190074920654)",1,1,2.9806671142578125,2.812591552734375,"(-68.23487854003906, -76.7551040649414, 738.6754150390625)","(-2.5994648933410645, -76.50199890136719, 737.868896484375)","(13.357397079467773, 137.7093505859375, 39.48036575317383)","(20.881147384643555, 141.30789184570312, 40.79008102416992)",POINT (0.54861980676651 0.3339947462081909),,,,,,,,,,,,,,,,,,,,,,,,,,,,,,,,,,,,,,,,,,,,,1,
0,54,27,437284320024,1850678847,1,1,"(0.5021905899047852, 0.4606812596321106)","(0.5172803401947021, 0.4522917866706848)",1,1,3.0044403076171875,2.7899322509765625,"(-68.35678100585938, -76.97819519042969, 738.957275390625)","(-2.7122416496276855, -76.6561050415039, 737.3732299804688)","(1.0298607349395752, 116.30330657958984, 31.689157485961914)","(6.258999347686768, 117.84001159667969, 32.24851608276367)",POINT (0.5097354650497437 0.4564865231513977),,,,,,,,,,,,,,,,,,,,,,,,,,,,,,,,,,,,,,,,,,,,,1,
0,54,27,437284336692,1850695514,1,1,"(0.5098652243614197, 0.4428142011165619)","(0.5121333599090576, 0.4578339159488678)",1,1,2.9795684814453125,2.8198394775390625,"(-68.37771606445312, -76.98216247558594, 738.8615112304688)","(-2.662757396697998, -76.70244598388672, 737.61376953125)","(3.689378261566162, 119.57605743408203, 32.88034439086914)","(4.475371837615967, 116.82485961914062, 31.878999710083008)",POINT (0.5109992921352386 0.4503240585327148),,,,,,,,,,,,,,,,,,,,,,,,,,,,,,,,,,,,,,,,,,,,,1,
0,54,27,437284353358,1850712180,1,1,"(0.5073209404945374, 0.47834208607673645)","(0.5158088803291321, 0.47605231404304504)",1,1,2.980682373046875,2.875701904296875,"(-68.37698364257812, -77.01184844970703, 738.9071044921875)","(-2.6379129886627197, -76.74343872070312, 737.823486328125)","(2.8077049255371094, 113.06834411621094, 30.51173973083496)","(5.749080657958984, 113.4877700805664, 30.66442108154297)",POINT (0.5115649104118347 0.4771972000598908),,,,,,,,,,,,,,,,,,,,,,,,,,,,,,,,,,,,,,,,,,,,,1,
0,54,27,437284370026,1850728847,1,1,"(0.504658043384552, 0.45850980281829834)","(0.5126065015792847, 0.4309649169445038)",1,1,2.990234375,2.7793121337890625,"(-68.37773132324219, -77.00049591064453, 738.9235229492188)","(-2.619131088256836, -76.74192810058594, 737.9588623046875)","(1.8848918676376343, 116.70105743408203, 31.83393096923828)","(4.639332294464111, 121.74649810791016, 33.670310974121094)",POINT (0.5086322724819183 0.4447373598814011),,,,,,,,,,,,,,,,,,,,,,,,,,,,,,,,,,,,,,,,,,,,,1,
0,54,27,437284386693,1850745514,1,1,"(0.4966374933719635, 0.44176211953163147)","(0.5140344500541687, 0.4595305025577545)",1,1,3.0023651123046875,2.8241729736328125,"(-68.37617492675781, -77.02354431152344, 739.046630859375)","(-2.5921099185943604, -76.74710083007812, 737.89892578125)","(-0.8945072889328003, 119.76875305175781, 32.95048522949219)","(5.134160995483398, 116.51409149169922, 31.76590919494629)",POINT (0.5053359717130661 0.450646311044693),,,,,,,,,,,,,,,,,,,,,,,,,,,,,,,,,,,,,,,,,,,,,1,
0,54,27,437284403361,1850762181,1,1,"(0.5008330941200256, 0.4650610387325287)","(0.5120829939842224, 0.4384337067604065)",1,1,3.0033721923828125,2.8150177001953125,"(-68.35880279541016, -77.00326538085938, 739.0350341796875)","(-2.5594725608825684, -76.72756958007812, 737.8692016601562)","(0.5594365000724792, 115.50106811523438, 31.397151947021484)","(4.457936763763428, 120.37843322753906, 33.172367095947266)",POINT (0.506458044052124 0.4517473727464676),,,,,,,,,,,,,,,,,,,,,,,,,,,,,,,,,,,,,,,,,,,,,1,
0,54,27,437284420029,1850778849,1,1,"(0.5060237050056458, 0.4653968811035156)","(0.515576183795929, 0.45890676975250244)",1,1,2.9973297119140625,2.8257598876953125,"(-68.35723876953125, -77.01283264160156, 739.1569213867188)","(-2.532554864883423, -76.72761535644531, 737.8697509765625)","(2.358161449432373, 115.43953704833984, 31.37480354309082)","(5.668442249298096, 116.62834930419922, 31.80744171142578)",POINT (0.5107999444007874 0.462151825428009),,,,,,,,,,,,,,,,,,,,,,,,,,,,,,,,,,,,,,,,,,,,,1,
0,54,27,437284436696,1850795515,1,1,"(0.5046347975730896, 0.4621608257293701)","(0.5086858868598938, 0.4677841365337372)",1,1,3.014678955078125,2.839202880859375,"(-68.33734130859375, -76.98906707763672, 739.14599609375)","(-2.5055429935455322, -76.698974609375, 737.899658203125)","(1.8768538236618042, 116.03229522705078, 31.59053611755371)","(3.2807090282440186, 115.00228118896484, 31.215608596801758)",POINT (0.5066603422164917 0.4649724811315536),,,,,,,,,,,,,,,,,,,,,,,,,,,,,,,,,,,,,,,,,,,,,1,
0,54,27,437284453365,1850812183,1,1,"(0.5010214447975159, 0.4457632899284363)","(0.5070701837539673, 0.4465007185935974)",1,1,2.9974822998046875,2.82379150390625,"(-68.30668640136719, -77.00760650634766, 739.0901489257812)","(-2.4684972763061523, -76.7200927734375, 737.7648315429688)","(0.6246939897537231, 119.03585052490234, 32.6837272644043)","(2.7208027839660645, 118.90078735351562, 32.634517669677734)",POINT (0.5040458142757416 0.4461320042610168),,,,,,,,,,,,,,,,,,,,,,,,,,,,,,,,,,,,,,,,,,,,,1,
0,54,27,437284470031,1850828849,1,1,"(0.5070958137512207, 0.45488667488098145)","(0.5019367933273315, 0.4273069202899933)",1,1,3.010711669921875,2.837432861328125,"(-68.26092529296875, -76.99702453613281, 738.8848876953125)","(-2.4317383766174316, -76.74726867675781, 737.8851318359375)","(2.7296791076660156, 117.36471557617188, 32.075477600097656)","(0.9419131278991699, 122.41654205322266, 33.91416549682617)",POINT (0.5045163035392761 0.4410967975854874),,,,,,,,,,,,,,,,,,,,,,,,,,,,,,,,,,,,,,,,,,,,,1,
0,54,27,437284486699,1850845516,1,1,"(0.4958096742630005, 0.46411922574043274)","(0.5022879838943481, 0.4354967772960663)",1,1,3.012298583984375,2.839111328125,"(-68.22745513916016, -77.01165008544922, 738.7708129882812)","(-2.407242774963379, -76.78468322753906, 738.0504150390625)","(-1.181374192237854, 115.67359161376953, 31.45995330810547)","(1.0635814666748047, 120.91637420654297, 33.36821746826172)",POINT (0.4990488290786743 0.4498080015182495),,,,,,,,,,,,,,,,,,,,,,,,,,,,,,,,,,,,,,,,,,,,,1,
0,54,27,437284503365,1850862182,1,1,"(0.5001217722892761, 0.4740144908428192)","(0.5154852867126465, 0.4611077606678009)",1,1,2.989730834960937,2.81463623046875,"(-68.19479370117188, -77.02266693115234, 738.7484741210938)","(-2.390587568283081, -76.79676055908203, 738.110595703125)","(0.31293272972106934, 113.86103057861328, 30.800289154052734)","(5.636943340301514, 116.2251968383789, 31.660707473754883)",POINT (0.5078035295009613 0.4675611257553101),,,,,,,,,,,,,,,,,,,,,,,,,,,,,,,,,,,,,,,,,,,,,1,
0,54,27,437284520033,1850878849,1,1,"(0.505876362323761, 0.4708320200443268)","(0.523638904094696, 0.4927954375743866)",1,1,2.999603271484375,2.84490966796875,"(-68.16580200195312, -77.0394515991211, 738.8310546875)","(-2.3629446029663086, -76.78881072998047, 737.9006958007812)","(2.307110548019409, 114.44397735595703, 31.012439727783203)","(8.462484359741211, 110.4209213256836, 29.548152923583984)",POINT (0.5147576332092285 0.4818137288093567),,,,,,,,,,,,,,,,,,,,,,,,,,,,,,,,,,,,,,,,,,,,,1,
0,54,27,437284536700,1850895516,1,1,"(0.5031955242156982, 0.46368589997291565)","(0.5234196782112122, 0.47732073068618774)",1,1,2.98321533203125,2.8314361572265625,"(-68.14749908447266, -77.0547103881836, 738.95849609375)","(-2.324298858642578, -76.78643798828125, 737.7357177734375)","(1.378084659576416, 115.75294494628906, 31.488862991333008)","(8.386493682861328, 113.25543975830078, 30.579845428466797)",POINT (0.5133076012134552 0.4705033153295517),,,,,,,,,,,,,,,,,,,,,,,,,,,,,,,,,,,,,,,,,,,,,1,
0,54,27,437284553372,1850912187,1,1,"(0.5066990852355957, 0.4933408498764038)","(0.5169833302497864, 0.4722978472709656)",1,1,2.9852294921875,2.82421875,"(-68.12068176269531, -77.06842041015625, 739.0866088867188)","(-2.2634263038635254, -76.80450439453125, 737.78125)","(2.5922293663024902, 110.32100677490234, 29.511798858642578)","(6.1560845375061035, 114.17549133300781, 30.91468048095703)",POINT (0.511841207742691 0.4828193485736847),,,,,,,,,,,,,,,,,,,,,,,,,,,,,,,,,,,,,,,,,,,,,1,
0,54,27,437284570039,1850928854,1,1,"(0.5106539130210876, 0.4618242681026459)","(0.5072817206382751, 0.4990994930267334)",1,1,3.0167236328125,2.812286376953125,"(-68.09335327148438, -77.06907653808594, 739.1683349609375)","(-2.2142319679260254, -76.8203125, 737.9614868164062)","(3.9626872539520264, 116.09394836425781, 31.61296272277832)","(2.7940988540649414, 109.26620483398438, 29.127838134765625)",POINT (0.5089678168296814 0.4804618805646896),,,,,,,,,,,,,,,,,,,,,,,,,,,,,,,,,,,,,,,,,,,,,1,
0,54,27,437284586706,1850945520,1,1,"(0.5049875378608704, 0.45810866355895996)","(0.5023095011711121, 0.4786023497581482)",1,1,2.9877471923828125,2.804931640625,"(-68.06928253173828, -77.04087829589844, 739.1259155273438)","(-2.1825437545776367, -76.81561279296875, 738.0366821289062)","(1.9991002082824707, 116.7745361328125, 31.86069679260254)","(1.0710450410842896, 113.02068328857422, 30.49439239501953)",POINT (0.5036485195159912 0.4683555066585541),,,,,,,,,,,,,,,,,,,,,,,,,,,,,,,,,,,,,,,,,,,,,1,
0,54,27,437284603374,1850962187,1,1,"(0.5100888013839722, 0.44350168108940125)","(0.5071678161621094, 0.481039434671402)",1,1,3.0146942138671875,2.778564453125,"(-68.03694152832031, -77.02523803710938, 738.9942626953125)","(-2.16274356842041, -76.82219696044922, 738.0067749023438)","(3.7668745517730713, 119.45010375976562, 32.83453369140625)","(2.754634141921997, 112.57427215576172, 30.331911087036133)",POINT (0.5086283087730408 0.4622705578804016),,,,,,,,,,,,,,,,,,,,,,,,,,,,,,,,,,,,,,,,,,,,,1,
0,54,27,437284620041,1850978854,1,1,"(0.4984593391418457, 0.4692670702934265)","(0.5014057755470276, 0.5110908150672913)",1,1,2.9602813720703125,2.8331756591796875,"(-68.03545379638672, -77.02467346191406, 738.9637451171875)","(-2.1708545684814453, -76.84075164794922, 738.0517578125)","(-0.26318132877349854, 114.73064422607422, 31.11673927307129)","(0.7578757405281067, 107.0697250366211, 28.32840347290039)",POINT (0.4999325573444366 0.4901789426803589),,,,,,,,,,,,,,,,,,,,,,,,,,,,,,,,,,,,,,,,,,,,,1,
0,54,27,437284636708,1850995520,1,1,"(0.4911501705646515, 0.4874288737773895)","(0.4946587383747101, 0.5006982088088989)",1,1,2.9813690185546875,2.7970428466796875,"(-68.08223724365234, -77.0559310913086, 739.1087036132812)","(-2.239863634109497, -76.8908920288086, 738.20166015625)","(-2.796050786972046, 111.40390014648438, 29.905942916870117)","(-1.5802271366119385, 108.97335815429688, 29.021263122558594)",POINT (0.4929044544696808 0.4940635412931442),,,,,,,,,,,,,,,,,,,,,,,,,,,,,,,,,,,,,,,,,,,,,1,
0,54,27,437284653376,1851012188,1,1,"(0.4799562692642212, 0.44891759753227234)","(0.49268031120300293, 0.4954226613044739)",1,1,3.0023193359375,2.81439208984375,"(-68.0836181640625, -77.048583984375, 739.0459594726562)","(-2.2375612258911133, -76.88260650634766, 738.156494140625)","(-6.675159454345703, 118.45807647705078, 32.47343444824219)","(-2.2658183574676514, 109.93966674804688, 29.373043060302734)",POINT (0.4863182902336121 0.4721701294183731),,,,,,,,,,,,,,,,,,,,,,,,,,,,,,,,,,,,,,,,,,,,,1,
0,54,27,437284670043,1851028854,1,1,"(0.49176648259162903, 0.4529701769351959)","(0.4998631775379181, 0.49150174856185913)",1,1,2.965606689453125,2.81689453125,"(-68.10032653808594, -77.07982635498047, 739.0447387695312)","(-2.2577009201049805, -76.92118072509766, 738.2163696289062)","(-2.5824716091156006, 117.71576690673828, 32.2032470703125)","(0.2233157455921173, 110.65788269042969, 29.634395599365234)",POINT (0.4958148300647736 0.4722359627485275),,,,,,,,,,,,,,,,,,,,,,,,,,,,,,,,,,,,,,,,,,,,,1,
0,54,27,437284686714,1851045525,1,1,"(0.4882638156414032, 0.49225175380706787)","(0.5014023184776306, 0.4831266701221466)",1,1,2.951904296875,2.8025360107421875,"(-68.12985229492188, -77.09480285644531, 738.9788208007812)","(-2.293595790863037, -76.9377212524414, 738.2764892578125)","(-3.796285390853882, 110.52051544189453, 29.584365844726562)","(0.7566781640052795, 112.19195556640625, 30.192771911621094)",POINT (0.4948330670595169 0.4876892119646072),,,,,,,,,,,,,,,,,,,,,,,,,,,,,,,,,,,,,,,,,,,,,1,
0,54,27,437284703382,1851062192,1,1,"(0.48884105682373047, 0.48136216402053833)","(0.4986925721168518, 0.5121914148330688)",1,1,2.9298248291015625,2.817901611328125,"(-68.14401245117188, -77.09637451171875, 738.790771484375)","(-2.3185086250305176, -76.94473266601562, 738.2313842773438)","(-3.5962634086608887, 112.51514434814453, 30.310428619384766)","(-0.18234479427337646, 106.86812591552734, 28.255035400390625)",POINT (0.4937668144702911 0.4967767894268036),,,,,,,,,,,,,,,,,,,,,,,,,,,,,,,,,,,,,,,,,,,,,1,
0,54,27,437284720049,1851078859,1,1,"(0.48166927695274353, 0.47760307788848877)","(0.5013434290885925, 0.5083009600639343)",1,1,2.9439849853515625,2.823333740234375,"(-68.1837158203125, -77.1033706665039, 738.7210693359375)","(-2.351898193359375, -76.9451675415039, 738.216064453125)","(-6.08154821395874, 113.20372009277344, 30.56102752685547)","(0.7362636923789978, 107.58075714111328, 28.5143985748291)",POINT (0.491506353020668 0.4929520189762116),,,,,,,,,,,,,,,,,,,,,,,,,,,,,,,,,,,,,,,,,,,,,1,
0,54,27,437284736717,1851095526,1,1,"(0.4881806969642639, 0.4705841839313507)","(0.4941413998603821, 0.4987621307373047)",1,1,2.9329071044921875,2.809677124023437,"(-68.2553482055664, -77.1284408569336, 738.888671875)","(-2.393066883087158, -76.93357849121094, 738.1555786132812)","(-3.8250985145568848, 114.48936462402344, 31.028989791870117)","(-1.7594919204711914, 109.32799530029297, 29.150348663330078)",POINT (0.491161048412323 0.4846731573343277),,,,,,,,,,,,,,,,,,,,,,,,,,,,,,,,,,,,,,,,,,,,,1,
0,54,27,437284753384,1851112192,1,1,"(0.48172932863235474, 0.4964405596256256)","(0.4978543817996979, 0.49291473627090454)",1,1,2.923828125,2.773910522460937,"(-68.31237030029297, -77.15060424804688, 739.1235961914062)","(-2.435544967651367, -76.90696716308594, 738.230224609375)","(-6.060728549957275, 109.75323486328125, 29.305145263671875)","(-0.4728134274482727, 110.3990707397461, 29.54018211364746)",POINT (0.4897918552160263 0.4946776479482651),,,,,,,,,,,,,,,,,,,,,,,,,,,,,,,,,,,,,,,,,,,,,1,
0,54,27,437284770051,1851128859,1,1,"(0.48837944865226746, 0.4778501093387604)","(0.4984862208366394, 0.5394690632820129)",1,1,2.9459686279296875,2.8364715576171875,"(-68.3787841796875, -77.17741394042969, 739.200927734375)","(-2.5046236515045166, -76.9123764038086, 738.3049926757812)","(-3.756227493286133, 113.15846252441406, 30.544557571411133)","(-0.2538515627384186, 101.87165069580078, 26.43648910522461)",POINT (0.4934328347444534 0.5086595863103867),,,,,,,,,,,,,,,,,,,,,,,,,,,,,,,,,,,,,,,,,,,,,1,
0,54,27,437284786719,1851145526,1,1,"(0.4853155016899109, 0.49343177676200867)","(0.502249538898468, 0.4913994371891022)",1,1,2.916107177734375,2.767852783203125,"(-68.41815185546875, -77.17451477050781, 739.0385131835938)","(-2.562138557434082, -76.89466857910156, 738.289794921875)","(-4.817989349365234, 110.30435943603516, 29.5057315826416)","(1.0502678155899048, 110.67662811279297, 29.64124870300293)",POINT (0.4937825202941894 0.4924156069755554),,,,,,,,,,,,,,,,,,,,,,,,,,,,,,,,,,,,,,,,,,,,,1,
0,54,27,437284803385,1851162192,1,1,"(0.4852888286113739, 0.4968793988227844)","(0.5078887343406677, 0.5065172910690308)",1,1,2.937652587890625,2.7784881591796875,"(-68.45777893066406, -77.18673706054688, 738.8444213867188)","(-2.612860679626465, -76.89453125, 738.2142333984375)","(-4.827243804931641, 109.6728515625, 29.275880813598633)","(3.0044519901275635, 107.90745544433594, 28.63333511352539)",POINT (0.4965887814760208 0.5016983449459076),,,,,,,,,,,,,,,,,,,,,,,,,,,,,,,,,,,,,,,,,,,,,1,
0,54,27,437284820058,1851178864,1,1,"(0.48434433341026306, 0.49760913848876953)","(0.5002226233482361, 0.5123329758644104)",1,1,2.892547607421875,2.8361968994140625,"(-68.52195739746094, -77.23695373535156, 739.0763549804688)","(-2.6525583267211914, -76.89956665039062, 738.3186645507812)","(-5.154552459716797, 109.53919982910156, 29.227216720581055)","(0.3478849232196808, 106.84220123291016, 28.245588302612305)",POINT (0.4922834783792496 0.50497105717659),,,,,,,,,,,,,,,,,,,,,,,,,,,,,,,,,,,,,,,,,,,,,1,
0,54,27,437284836724,1851195530,1,1,"(0.4816659688949585, 0.49380701780319214)","(0.4961231052875519, 0.5316420197486877)",1,1,2.9202117919921875,2.85052490234375,"(-68.59513092041016, -77.29186248779297, 739.3224487304688)","(-2.7051234245300293, -76.92137145996094, 738.4541015625)","(-6.082685947418213, 110.23562622070312, 29.48069953918457)","(-1.0727556943893433, 103.30533599853516, 26.958309173583984)",POINT (0.4888945370912552 0.5127245187759399),,,,,,,,,,,,,,,,,,,,,,,,,,,,,,,,,,,,,,,,,,,,,1,
0,54,27,437284853392,1851212197,1,1,"(0.4973190724849701, 0.500390887260437)","(0.5061990022659302, 0.47577744722366333)",1,1,2.9196929931640625,2.785675048828125,"(-68.62646484375, -77.29085540771484, 739.3929443359375)","(-2.7380013465881348, -76.87103271484375, 738.36376953125)","(-0.6583093404769897, 109.02964782714844, 29.04177474975586)","(2.4188997745513916, 113.53813171386719, 30.682710647583008)",POINT (0.5017590373754501 0.4880841672420502),,,,,,,,,,,,,,,,,,,,,,,,,,,,,,,,,,,,,,,,,,,,,1,
0,54,27,437284870059,1851228864,1,1,"(0.49198949337005615, 0.4844089448451996)","(0.5106920599937439, 0.45109573006629944)",1,1,2.87921142578125,2.7902069091796875,"(-68.66842651367188, -77.29601287841797, 739.3544921875)","(-2.8048272132873535, -76.86157989501953, 738.33349609375)","(-2.5051984786987305, 111.95706939697266, 30.107290267944336)","(3.9759128093719482, 118.05909729003906, 32.3282585144043)",POINT (0.5013407766819 0.4677523374557495),,,,,,,,,,,,,,,,,,,,,,,,,,,,,,,,,,,,,,,,,,,,,1,
0,54,27,437284886726,1851245530,1,1,"(0.4886730909347534, 0.4853176176548004)","(0.50022292137146, 0.47512349486351013)",1,1,2.882568359375,2.7991943359375,"(-68.70120239257812, -77.29792022705078, 739.1024169921875)","(-2.8640713691711426, -76.82714080810547, 738.1676025390625)","(-3.6544697284698486, 111.79063415527344, 30.04669952392578)","(0.3479786813259125, 113.65791320800781, 30.726322174072266)",POINT (0.4944480061531067 0.4802205562591553),,,,,,,,,,,,,,,,,,,,,,,,,,,,,,,,,,,,,,,,,,,,,1,
0,54,27,437284903393,1851262197,1,1,"(0.48877644538879395, 0.48789912462234497)","(0.4946271777153015, 0.47502216696739197)",1,1,2.8877105712890625,2.8112335205078125,"(-68.77183532714844, -77.32124328613281, 739.2877197265625)","(-2.8910858631134033, -76.81670379638672, 738.2423706054688)","(-3.618642568588257, 111.31778717041016, 29.87456703186035)","(-1.591141939163208, 113.67646026611328, 30.73307228088379)",POINT (0.4917018115520477 0.4814606457948685),,,,,,,,,,,,,,,,,,,,,,,,,,,,,,,,,,,,,,,,,,,,,1,
0,54,27,437284920061,1851278864,1,1,"(0.4890582263469696, 0.47870200872421265)","(0.48548945784568787, 0.42019879817962646)",1,1,2.90045166015625,2.778656005859375,"(-68.84031677246094, -77.35545349121094, 739.4891357421875)","(-2.923664093017578, -76.82440948486328, 738.3773803710938)","(-3.5210065841674805, 113.00243377685547, 30.48773193359375)","(-4.75770902633667, 123.71853637695312, 34.388084411621094)",POINT (0.4872738420963287 0.4494504034519196),,,,,,,,,,,,,,,,,,,,,,,,,,,,,,,,,,,,,,,,,,,,,1,
0,54,27,437284936727,1851295530,1,1,"(0.48202812671661377, 0.48105913400650024)","(0.49922725558280945, 0.41409796476364136)",1,1,2.8692779541015625,2.7898101806640625,"(-68.89552307128906, -77.35557556152344, 739.5863037109375)","(-2.986161470413208, -76.83424377441406, 738.6025390625)","(-5.957182884216309, 112.57067108154297, 30.330596923828125)","(0.0029394468292593956, 124.83605194091797, 34.794803619384766)",POINT (0.4906276911497116 0.4475785493850708),,,,,,,,,,,,,,,,,,,,,,,,,,,,,,,,,,,,,,,,,,,,,1,
0,54,27,437284953398,1851312200,1,1,"(0.4877859950065613, 0.4879700243473053)","(0.5025389194488525, 0.418376624584198)",1,1,2.911972045898437,2.7571258544921875,"(-68.917724609375, -77.34007263183594, 739.456298828125)","(-3.0424304008483887, -76.83338928222656, 738.7071533203125)","(-3.9618709087371826, 111.3047866821289, 29.86984634399414)","(1.1505426168441772, 124.05230712890625, 34.50957489013672)",POINT (0.4951624572277069 0.4531733244657516),,,,,,,,,,,,,,,,,,,,,,,,,,,,,,,,,,,,,,,,,,,,,1,
0,54,27,437284970065,1851328866,1,1,"(0.4905650019645691, 0.49116769433021545)","(0.5028917193412781, 0.4083797335624695)",1,1,2.878402709960937,2.773468017578125,"(-68.95509338378906, -77.3240966796875, 739.3712768554688)","(-3.091902494430542, -76.81151580810547, 738.556640625)","(-2.9988484382629395, 110.71907043457031, 29.65669059753418)","(1.2728006839752197, 125.88346099853516, 35.176021575927734)",POINT (0.4967283606529236 0.4497737139463425),,,,,,,,,,,,,,,,,,,,,,,,,,,,,,,,,,,,,,,,,,,,,1,
0,54,27,437284986734,1851345534,1,1,"(0.4872050881385803, 0.5069139003753662)","(0.5054193139076233, 0.40088731050491333)",1,1,2.8527069091796875,2.7823638916015625,"(-69.00408935546875, -77.33029174804688, 739.4530029296875)","(-3.1159842014312744, -76.80349731445312, 738.4962158203125)","(-4.163188457489014, 107.83482360839844, 28.606868743896484)","(2.1487224102020264, 127.2558364868164, 35.67555618286133)",POINT (0.4963122010231018 0.4539006054401398),,,,,,,,,,,,,,,,,,,,,,,,,,,,,,,,,,,,,,,,,,,,,1,
0,54,27,437285003400,1851362200,1,1,"(0.4959724545478821, 0.48224055767059326)","(0.48441454768180847, 0.41168373823165894)",1,1,2.8849029541015625,2.815887451171875,"(-69.0767822265625, -77.34722900390625, 739.712890625)","(-3.1428089141845703, -76.77989959716797, 738.510986328125)","(-1.1249539852142334, 112.3542709350586, 30.25180435180664)","(-5.130204200744629, 125.27825164794922, 34.95577621459961)",POINT (0.4901935011148453 0.4469621479511261),,,,,,,,,,,,,,,,,,,,,,,,,,,,,,,,,,,,,,,,,,,,,1,
0,54,27,437285020067,1851378866,1,1,"(0.5001862049102783, 0.4946445822715759)","(0.4900963306427002, 0.4285249710083008)",1,1,2.864608764648437,2.81036376953125,"(-69.12245178222656, -77.37260437011719, 739.873291015625)","(-3.181121349334717, -76.78034973144531, 738.7509765625)","(0.3352591395378113, 110.08220672607422, 29.424863815307617)","(-3.1612420082092285, 122.19340515136719, 33.8330192565918)",POINT (0.4951412677764893 0.4615847766399384),,,,,,,,,,,,,,,,,,,,,,,,,,,,,,,,,,,,,,,,,,,,,1,
0,54,27,437285036735,1851395534,1,1,"(0.485524982213974, 0.48340553045272827)","(0.49762850999832153, 0.44680920243263245)",1,1,2.8802642822265625,2.826629638671875,"(-69.14332580566406, -77.36003112792969, 739.716064453125)","(-3.243476629257202, -76.77125549316406, 738.901123046875)","(-4.745400905609131, 112.140869140625, 30.17417335510254)","(-0.5510809421539307, 118.84426879882812, 32.614036560058594)",POINT (0.4915767461061478 0.4651073664426804),,,,,,,,,,,,,,,,,,,,,,,,,,,,,,,,,,,,,,,,,,,,,1,
0,54,27,437285053402,1851412200,1,1,"(0.48390281200408936, 0.48650282621383667)","(0.5056872367858887, 0.4362136721611023)",1,1,2.9083709716796875,2.7946014404296875,"(-69.17074584960938, -77.37427520751953, 739.6656494140625)","(-3.2872939109802246, -76.78544616699219, 738.9308471679688)","(-5.307538032531738, 111.57353973388672, 29.9676570892334)","(2.241553544998169, 120.78507232666016, 33.320396423339844)",POINT (0.494795024394989 0.4613582491874695),,,,,,,,,,,,,,,,,,,,,,,,,,,,,,,,,,,,,,,,,,,,,1,
0,54,27,437285070069,1851428867,1,1,"(0.49035993218421936, 0.5337578058242798)","(0.5078471899032593, 0.4438771605491638)",1,1,2.9240264892578125,2.821807861328125,"(-69.24403381347656, -77.3918228149414, 739.803955078125)","(-3.3368277549743652, -76.76290893554688, 738.704345703125)","(-3.069913387298584, 102.91778564453125, 26.81723976135254)","(2.990065574645996, 119.38134765625, 32.80949783325195)",POINT (0.4991035610437393 0.4888174831867218),,,,,,,,,,,,,,,,,,,,,,,,,,,,,,,,,,,,,,,,,,,,,1,
0,54,27,437285086742,1851445539,1,1,"(0.48444586992263794, 0.5079070329666138)","(0.504310131072998, 0.4137584865093231)",1,1,2.8989715576171875,2.785675048828125,"(-69.30728912353516, -77.41450500488281, 739.8842163085938)","(-3.374803066253662, -76.75836944580078, 738.6891479492188)","(-5.119340419769287, 107.65290069580078, 28.54067611694336)","(1.764353632926941, 124.89822387695312, 34.81743240356445)",POINT (0.494378000497818 0.4608327597379684),,,,,,,,,,,,,,,,,,,,,,,,,,,,,,,,,,,,,,,,,,,,,1,
0,54,27,437285103410,1851462206,1,1,"(0.5050889253616333, 0.5457683801651001)","(0.4985102117061615, 0.46528515219688416)",1,1,2.8501129150390625,2.7873687744140625,"(-69.36012268066406, -77.4176025390625, 739.9345703125)","(-3.42503023147583, -76.73942565917969, 738.98974609375)","(2.034228563308716, 100.71780395507812, 26.016490936279297)","(-0.24553558230400085, 115.46002197265625, 31.382213592529297)",POINT (0.5017995685338974 0.5055267661809921),,,,,,,,,,,,,,,,,,,,,,,,,,,,,,,,,,,,,,,,,,,,,1,
0,54,27,437285120077,1851478873,1,1,"(0.4861582815647125, 0.5124221444129944)","(0.4940843880176544, 0.44037309288978577)",1,1,2.88677978515625,2.8194732666015625,"(-69.39165496826172, -77.43346405029297, 739.9124755859375)","(-3.477107524871826, -76.75111389160156, 739.1400146484375)","(-4.525935649871826, 106.82587432861328, 28.239669799804688)","(-1.7792384624481201, 120.02317810058594, 33.043113708496094)",POINT (0.4901213347911835 0.4763976186513901),,,,,,,,,,,,,,,,,,,,,,,,,,,,,,,,,,,,,,,,,,,,,1,
0,54,27,437285136744,1851495539,1,1,"(0.4885138273239136, 0.5267619490623474)","(0.5009686946868896, 0.5066638588905334)",1,1,2.8642730712890625,2.879989624023437,"(-69.42337036132812, -77.42818450927734, 739.9213256835938)","(-3.512425422668457, -76.70996856689453, 739.1397705078125)","(-3.709639072418213, 104.19920349121094, 27.283639907836914)","(0.6064087152481079, 107.880615234375, 28.623559951782227)",POINT (0.4947412610054016 0.5167129039764404),,,,,,,,,,,,,,,,,,,,,,,,,,,,,,,,,,,,,,,,,,,,,1,
0,54,27,437285153411,1851512206,1,1,"(0.4994124472141266, 0.535262942314148)","(0.5033213496208191, 0.4484587013721466)",1,1,2.858673095703125,2.8073883056640625,"(-69.47471618652344, -77.4588851928711, 740.0194702148438)","(-3.557082176208496, -76.70320129394531, 738.9886474609375)","(0.0671146959066391, 102.64208984375, 26.716875076293945)","(1.4216943979263306, 118.54212951660156, 32.5040283203125)",POINT (0.5013668984174728 0.4918608218431473),,,,,,,,,,,,,,,,,,,,,,,,,,,,,,,,,,,,,,,,,,,,,1,
0,54,27,437285170078,1851528872,1,1,"(0.4929887652397156, 0.5290033221244812)","(0.5025588274002075, 0.43905186653137207)",1,1,2.9085235595703125,2.793441772460937,"(-69.52579498291016, -77.42825317382812, 739.9617309570312)","(-3.60916805267334, -76.62739562988281, 738.77734375)","(-2.158923387527466, 103.7886734008789, 27.134193420410156)","(1.1574506759643555, 120.26519012451172, 33.131187438964844)",POINT (0.4977737963199616 0.4840275943279266),,,,,,,,,,,,,,,,,,,,,,,,,,,,,,,,,,,,,,,,,,,,,1,
0,54,27,437285186745,1851545539,1,1,"(0.4894956648349762, 0.5150036215782166)","(0.49004629254341125, 0.4161994755268097)",1,1,2.8982696533203125,2.7963104248046875,"(-69.562744140625, -77.43380737304688, 739.8763427734375)","(-3.641078472137451, -76.61276245117188, 738.611572265625)","(-3.3694140911102295, 106.35301208496094, 28.067556381225586)","(-3.1785898208618164, 124.45108795166016, 34.65472412109375)",POINT (0.4897709786891937 0.4656015485525131),,,,,,,,,,,,,,,,,,,,,,,,,,,,,,,,,,,,,,,,,,,,,1,
0,54,27,437285203413,1851562206,1,1,"(0.5190052390098572, 0.5895475149154663)","(0.51359623670578, 0.5437926054000854)",1,1,2.870880126953125,2.8463134765625,"(-69.55609130859375, -77.50000762939453, 739.9375610351562)","(-3.685900926589966, -76.71956634521484, 739.0626220703125)","(6.856741428375244, 92.69871520996094, 23.097789764404297)","(4.982320308685303, 101.07970428466797, 26.148235321044922)",POINT (0.5163007378578186 0.5666700601577759),,,,,,,,,,,,,,,,,,,,,,,,,,,,,,,,,,,,,,,,,,,,,1,
0,54,27,437285220085,1851578878,1,1,"(0.5262455344200134, 0.6045794486999512)","(0.5080333948135376, 0.5131354331970215)",1,1,2.8405303955078125,2.81365966796875,"(-69.60015869140625, -77.51492309570312, 739.911376953125)","(-3.711181163787842, -76.75086975097656, 739.0322265625)","(9.365755081176758, 89.9452896118164, 22.095640182495117)","(3.0545849800109863, 106.6952133178711, 28.19211196899414)",POINT (0.5171394646167755 0.5588574409484863),,,,,,,,,,,,,,,,,,,,,,,,,,,,,,,,,,,,,,,,,,,,,1,
0,54,27,437285236753,1851595545,1,1,"(0.5247402787208557, 0.6177737712860107)","(0.514562726020813, 0.5473490357398987)",1,1,2.894317626953125,2.846435546875,"(-69.6488037109375, -77.487060546875, 739.9641723632812)","(-3.7568001747131348, -76.685791015625, 739.0469970703125)","(8.844131469726562, 87.52847290039062, 21.21599006652832)","(5.317252159118652, 100.42826080322266, 25.911113739013672)",POINT (0.5196515023708344 0.5825614035129547),,,,,,,,,,,,,,,,,,,,,,,,,,,,,,,,,,,,,,,,,,,,,1,
0,54,27,437285253420,1851612212,1,1,"(0.515796959400177, 0.6087241768836975)","(0.5204591155052185, 0.5673301219940186)",1,1,2.851058959960937,2.809478759765625,"(-69.67632293701172, -77.48359680175781, 739.8815307617188)","(-3.7959115505218506, -76.65945434570312, 738.9564208984375)","(5.744945526123047, 89.18609619140625, 21.8193359375)","(7.36055850982666, 96.76831817626953, 24.5789852142334)",POINT (0.5181280374526978 0.588027149438858),,,,,,,,,,,,,,,,,,,,,,,,,,,,,,,,,,,,,,,,,,,,,1,
0,54,27,437285270087,1851628878,1,1,"(0.5122563242912292, 0.6063916683197021)","(0.5233004689216614, 0.5359382033348083)",1,1,2.8704376220703125,2.84503173828125,"(-69.7298583984375, -77.46629333496094, 739.9010009765625)","(-3.8429505825042725, -76.6002426147461, 738.6852416992188)","(4.517996788024902, 89.61334991455078, 21.97479820251465)","(8.345190048217773, 102.51840209960938, 26.671859741210938)",POINT (0.5177783966064453 0.5711649358272552),,,,,,,,,,,,,,,,,,,,,,,,,,,,,,,,,,,,,,,,,,,,,1,
0,54,27,437285286754,1851645545,1,1,"(0.5181792974472046, 0.5920285582542419)","(0.50459223985672, 0.5434238910675049)",1,1,2.8572540283203125,2.843902587890625,"(-69.78934478759766, -77.48309326171875, 739.81005859375)","(-3.8754796981811523, -76.58682250976562, 738.4888305664062)","(6.570526123046875, 92.24425506591797, 22.93242835998535)","(1.8620890378952026, 101.14724731445312, 26.17278480529785)",POINT (0.5113857686519623 0.5677262246608734),,,,,,,,,,,,,,,,,,,,,,,,,,,,,,,,,,,,,,,,,,,,,1,
0,54,27,437285303422,1851662212,1,1,"(0.5220388174057007, 0.5770675539970398)","(0.5037028789520264, 0.5179495811462402)",1,1,2.89996337890625,2.8159637451171875,"(-69.84814453125, -77.47947692871094, 739.7974853515625)","(-3.9187309741973877, -76.60813903808594, 738.8045654296875)","(7.907991886138916, 94.98467254638672, 23.929828643798828)","(1.5539054870605469, 105.81338500976562, 27.871177673339844)",POINT (0.5128708481788635 0.54750856757164),,,,,,,,,,,,,,,,,,,,,,,,,,,,,,,,,,,,,,,,,,,,,1,
0,54,27,437285320090,1851678879,1,1,"(0.5084303617477417, 0.5945219993591309)","(0.5201765298843384, 0.511883556842804)",1,1,2.894622802734375,2.8547515869140625,"(-69.89601135253906, -77.50395202636719, 739.7705078125)","(-3.99859619140625, -76.64170837402344, 739.2548828125)","(3.1921470165252686, 91.78753662109375, 22.76616859436035)","(7.26263952255249, 106.92450714111328, 28.275590896606445)",POINT (0.51430344581604 0.5532027781009674),,,,,,,,,,,,,,,,,,,,,,,,,,,,,,,,,,,,,,,,,,,,,1,
0,54,27,437285336760,1851695549,1,1,"(0.5002558827400208, 0.6062675714492798)","(0.5163543224334717, 0.503749668598175)",1,1,2.8855438232421875,2.85235595703125,"(-69.93916320800781, -77.49384307861328, 739.6851806640625)","(-4.0662689208984375, -76.6106185913086, 738.9835205078125)","(0.3593810796737671, 89.6360855102539, 21.983076095581055)","(5.9381022453308105, 108.41439819335938, 28.817901611328125)",POINT (0.5083051025867462 0.5550086200237274),,,,,,,,,,,,,,,,,,,,,,,,,,,,,,,,,,,,,,,,,,,,,1,
0,54,27,437285353428,1851712216,1,1,"(0.5042547583580017, 0.57499760389328)","(0.5134305953979492, 0.4781128764152527)",1,1,2.969146728515625,2.810409545898437,"(-70.01821899414062, -77.50836181640625, 739.680419921875)","(-4.11007022857666, -76.5656509399414, 738.4562377929688)","(1.7451409101486206, 95.36383819580078, 24.067825317382812)","(4.924917697906494, 113.11033630371094, 30.52705192565918)",POINT (0.5088426768779755 0.5265552401542664),,,,,,,,,,,,,,,,,,,,,,,,,,,,,,,,,,,,,,,,,,,,,1,
0,54,27,437285370095,1851728883,1,1,"(0.5261535048484802, 0.6127445101737976)","(0.5139930844306946, 0.5108387470245361)",1,1,2.883529663085937,2.8444976806640625,"(-70.07917022705078, -77.50643920898438, 739.6845703125)","(-4.164445877075195, -76.53742980957031, 738.6058959960938)","(9.333855628967285, 88.44969940185547, 21.551273345947266)","(5.119841575622559, 107.11589050292969, 28.345237731933594)",POINT (0.5200732946395874 0.5617916285991669),,,,,,,,,,,,,,,,,,,,,,,,,,,,,,,,,,,,,,,,,,,,,1,
0,54,27,437285386762,1851745549,1,1,"(0.5089325904846191, 0.5853580832481384)","(0.5076637864112854, 0.5145479440689087)",1,1,2.88348388671875,2.8487091064453125,"(-70.1490707397461, -77.46878814697266, 739.7332763671875)","(-4.260753631591797, -76.46046447753906, 738.7096557617188)","(3.366187572479248, 93.46609497070312, 23.377084732055664)","(2.926514148712158, 106.43647766113281, 28.097942352294922)",POINT (0.5082981884479523 0.5499530136585236),,,,,,,,,,,,,,,,,,,,,,,,,,,,,,,,,,,,,,,,,,,,,1,
0,54,27,437285403429,1851762216,1,1,"(0.497835636138916, 0.5855910778045654)","(0.5119392275810242, 0.5052610039710999)",1,1,2.8990936279296875,2.866607666015625,"(-70.18341827392578, -77.4376220703125, 739.5258178710938)","(-4.324676513671875, -76.3775634765625, 738.3782958984375)","(-0.4793168306350708, 93.42342376708984, 23.3615665435791)","(4.408090114593506, 108.13758850097656, 28.71709442138672)",POINT (0.5048874318599701 0.5454260408878326),,,,,,,,,,,,,,,,,,,,,,,,,,,,,,,,,,,,,,,,,,,,,1,
0,54,27,437285420096,1851778882,1,1,"(0.49878576397895813, 0.5709748864173889)","(0.5086744427680969, 0.5217915177345276)",1,1,2.8704986572265625,2.8535614013671875,"(-70.25933837890625, -77.42832946777344, 739.5410766601562)","(-4.370643615722656, -76.35250854492188, 738.4533081054688)","(-0.15006224811077118, 96.10069274902344, 24.335996627807617)","(3.276716709136963, 105.10967254638672, 27.61498260498047)",POINT (0.5037301033735275 0.5463832020759583),,,,,,,,,,,,,,,,,,,,,,,,,,,,,,,,,,,,,,,,,,,,,1,
0,54,27,437285436763,1851795548,1,1,"(0.5162661671638489, 0.5821435451507568)","(0.5004186034202576, 0.49902525544166565)",1,1,2.9184112548828125,2.8323974609375,"(-70.32431030273438, -77.4163818359375, 739.5731201171875)","(-4.404000759124756, -76.36577606201172, 738.6482543945312)","(5.907547950744629, 94.0549087524414, 23.59140396118164)","(0.41578733921051025, 109.27979278564453, 29.132795333862305)",POINT (0.5083423852920532 0.5405844002962112),,,,,,,,,,,,,,,,,,,,,,,,,,,,,,,,,,,,,,,,,,,,,1,
0,54,27,437285453430,1851812215,1,1,"(0.5104190111160278, 0.6041295528411865)","(0.5035617351531982, 0.5102508068084717)",1,1,2.8720703125,2.849029541015625,"(-70.36531066894531, -77.42709350585938, 739.517578125)","(-4.4786882400512695, -76.38104248046875, 738.85791015625)","(3.8812942504882812, 90.02770233154297, 22.12561798095703)","(1.5049809217453003, 107.22360229492188, 28.38442611694336)",POINT (0.506990373134613 0.5571901798248291),,,,,,,,,,,,,,,,,,,,,,,,,,,,,,,,,,,,,,,,,,,,,1,
0,54,27,437285470101,1851828885,1,1,"(0.4910789728164673, 0.5899039506912231)","(0.5111038684844971, 0.5015619993209839)",1,1,2.9101104736328125,2.8154296875,"(-70.3995590209961, -77.41755676269531, 739.4027099609375)","(-4.5512800216674805, -76.34815979003906, 738.6763916015625)","(-2.820737361907959, 92.63340759277344, 23.074052810668945)","(4.118618965148926, 108.81513977050781, 28.96369171142578)",POINT (0.5010914206504822 0.5457329750061035),,,,,,,,,,,,,,,,,,,,,,,,,,,,,,,,,,,,,,,,,,,,,1,
0,54,27,437285486769,1851845553,1,1,"(0.513107180595398, 0.5935324430465698)","(0.4996092617511749, 0.504209041595459)",1,1,2.863250732421875,2.8526153564453125,"(-70.47447204589844, -77.447998046875, 739.3692626953125)","(-4.601991653442383, -76.33154296875, 738.3602294921875)","(4.812835693359375, 91.96878051757812, 22.832149505615234)","(0.1353188306093216, 108.33027648925781, 28.787216186523438)",POINT (0.5063582211732864 0.5488707423210144),,,,,,,,,,,,,,,,,,,,,,,,,,,,,,,,,,,,,,,,,,,,,1,
0,54,27,437285503435,1851862218,1,1,"(0.4974636137485504, 0.6195257902145386)","(0.4896577000617981, 0.47865673899650574)",1,1,2.867218017578125,2.8220977783203125,"(-70.53724670410156, -77.46517944335938, 739.4636840820312)","(-4.620043754577637, -76.33000946044922, 738.3448486328125)","(-0.6082332730293274, 87.20755004882812, 21.099166870117188)","(-3.3132715225219727, 113.01070404052734, 30.490798950195312)",POINT (0.4935606569051743 0.5490912646055222),,,,,,,,,,,,,,,,,,,,,,,,,,,,,,,,,,,,,,,,,,,,,1,
0,54,27,437285520102,1851878885,1,1,"(0.5046737790107727, 0.5610976219177246)","(0.5002363324165344, 0.4991125762462616)",1,1,2.9272613525390625,2.8848114013671875,"(-70.59043884277344, -77.49699401855469, 739.4952392578125)","(-4.677645683288574, -76.36460876464844, 738.6448364257812)","(1.8903688192367554, 97.90992736816406, 24.994482040405273)","(0.35262763500213623, 109.26380920410156, 29.126981735229492)",POINT (0.5024550557136536 0.5301050990819931),,,,,,,,,,,,,,,,,,,,,,,,,,,,,,,,,,,,,,,,,,,,,1,
0,54,27,437285536770,1851895552,1,1,"(0.5147536993026733, 0.5676643252372742)","(0.5046203136444092, 0.5009000897407532)",1,1,2.909423828125,2.841339111328125,"(-70.62965393066406, -77.4835205078125, 739.4262084960938)","(-4.76202392578125, -76.35661315917969, 738.7335815429688)","(5.383421421051025, 96.70709228515625, 24.556726455688477)","(1.8718373775482178, 108.93638610839844, 29.007808685302734)",POINT (0.5096870064735413 0.5342822074890137),,,,,,,,,,,,,,,,,,,,,,,,,,,,,,,,,,,,,,,,,,,,,1,
0,54,27,437285553436,1851912218,1,1,"(0.5044180154800415, 0.5699619054794312)","(0.507966160774231, 0.5096608400344849)",1,1,2.8590240478515625,2.8254852294921875,"(-70.6878433227539, -77.49935913085938, 739.33642578125)","(-4.830470085144043, -76.3296127319336, 738.447021484375)","(1.8017361164093018, 96.2862319946289, 24.40353775024414)","(3.0312883853912354, 107.33165740966797, 28.42374038696289)",POINT (0.5061920881271362 0.539811372756958),,,,,,,,,,,,,,,,,,,,,,,,,,,,,,,,,,,,,,,,,,,,,1,
0,54,27,437285570105,1851928886,1,1,"(0.5077250003814697, 0.5766383409500122)","(0.4946230351924896, 0.462981641292572)",1,1,2.8756561279296875,2.795028686523437,"(-70.7623291015625, -77.4979248046875, 739.41357421875)","(-4.849348068237305, -76.31105041503906, 738.2664794921875)","(2.9477174282073975, 95.06330871582031, 23.95843505859375)","(-1.5925959348678589, 115.8819580078125, 31.535812377929688)",POINT (0.5011740177869797 0.5198099911212921),,,,,,,,,,,,,,,,,,,,,,,,,,,,,,,,,,,,,,,,,,,,,1,
0,54,27,437285586771,1851945552,1,1,"(0.5277136564254761, 0.608734130859375)","(0.4903225600719452, 0.4855712652206421)",1,1,2.8080291748046875,2.81719970703125,"(-70.82669830322266, -77.52220153808594, 739.5518188476562)","(-4.893095970153809, -76.32115936279297, 738.4014892578125)","(9.874517440795898, 89.18429565429688, 21.818635940551758)","(-3.082846164703369, 111.74417877197266, 30.029760360717773)",POINT (0.5090181082487106 0.5471526980400085),,,,,,,,,,,,,,,,,,,,,,,,,,,,,,,,,,,,,,,,,,,,,1,
0,54,27,437285603444,1851962224,1,1,"(0.5043187141418457, 0.5645458698272705)","(0.50570148229599, 0.47710371017456055)",1,1,2.8378143310546875,2.822601318359375,"(-70.85934448242188, -77.52181243896484, 739.529541015625)","(-4.965242385864258, -76.30693054199219, 738.5205688476562)","(1.7673065662384033, 97.27828979492188, 24.764644622802734)","(2.246506690979004, 113.2951889038086, 30.594297409057617)",POINT (0.5050100982189178 0.5208247900009155),,,,,,,,,,,,,,,,,,,,,,,,,,,,,,,,,,,,,,,,,,,,,1,
0,54,27,437285620112,1851978892,1,1,"(0.5024504661560059, 0.5765351057052612)","(0.4983024597167969, 0.4802299439907074)",1,1,2.925399780273437,2.8300933837890625,"(-70.89645385742188, -77.52767944335938, 739.3521728515625)","(-5.047114849090576, -76.31611633300781, 738.5945434570312)","(1.1198875904083252, 95.08219146728516, 23.965368270874023)","(-0.3175269067287445, 112.72254943847656, 30.385862350463867)",POINT (0.5003764629364014 0.5283825248479843),,,,,,,,,,,,,,,,,,,,,,,,,,,,,,,,,,,,,,,,,,,,,1,
0,54,27,437285636787,1851995566,1,1,"(0.5044384002685547, 0.5962009429931641)","(0.49438127875328064, 0.4593965709209442)",1,1,2.890777587890625,2.85894775390625,"(-70.95770263671875, -77.53207397460938, 739.3236083984375)","(-5.07476806640625, -76.29405975341797, 738.4288330078125)","(1.808796763420105, 91.47998809814453, 22.654247283935547)","(-1.6763725280761719, 116.53864288330078, 31.7747802734375)",POINT (0.4994098395109177 0.5277987569570541),,,,,,,,,,,,,,,,,,,,,,,,,,,,,,,,,,,,,,,,,,,,,1,
0,54,27,437285653446,1852012225,1,1,"(0.4989873170852661, 0.5778777599334717)","(0.4883761405944824, 0.4672853648662567)",1,1,2.8954010009765625,2.8159942626953125,"(-70.99763488769531, -77.54263305664062, 739.3301391601562)","(-5.096720218658447, -76.26925659179688, 738.2781372070312)","(-0.08021236956119537, 94.83628845214844, 23.875810623168945)","(-3.757371425628662, 115.09363555908203, 31.248857498168945)",POINT (0.4936817288398743 0.5225815623998642),,,,,,,,,,,,,,,,,,,,,,,,,,,,,,,,,,,,,,,,,,,,,1,
0,54,27,437285670113,1852028891,1,1,"(0.5181730389595032, 0.5857987999916077)","(0.4843343496322632, 0.4880240559577942)",1,1,2.88427734375,2.8310699462890625,"(-71.02548217773438, -77.53931427001953, 739.2930297851562)","(-5.121262073516846, -76.22667694091797, 738.1722412109375)","(6.5683512687683105, 93.3853759765625, 23.34770393371582)","(-5.157990455627441, 111.29490661621094, 29.866222381591797)",POINT (0.5012536942958832 0.5369114279747009),,,,,,,,,,,,,,,,,,,,,,,,,,,,,,,,,,,,,,,,,,,,,1,
0,54,27,437285686789,1852045566,1,1,"(0.5076032280921936, 0.6263003945350647)","(0.49574607610702515, 0.5114879608154297)",1,1,2.8098297119140625,2.8720855712890625,"(-71.05203247070312, -77.55094909667969, 739.3494262695312)","(-5.14971399307251, -76.19253540039062, 738.1416015625)","(2.9055190086364746, 85.96663665771484, 20.647518157958984)","(-1.2034101486206055, 106.9969711303711, 28.301950454711914)",POINT (0.5016746520996094 0.5688941776752472),,,,,,,,,,,,,,,,,,,,,,,,,,,,,,,,,,,,,,,,,,,,,1,
0,54,27,437285703456,1852062233,1,1,"(0.518184244632721, 0.6330337524414062)","(0.496843159198761, 0.5032712817192078)",1,1,2.7691650390625,2.82940673828125,"(-71.06594848632812, -77.55435180664062, 739.3773803710938)","(-5.167413711547852, -76.1719970703125, 738.2318115234375)","(6.572215557098389, 84.73329162597656, 20.198623657226562)","(-0.8232429027557373, 108.50204467773438, 28.849756240844727)",POINT (0.507513701915741 0.568152517080307),,,,,,,,,,,,,,,,,,,,,,,,,,,,,,,,,,,,,,,,,,,,,1,
0,54,27,437285720124,1852078900,1,1,"(0.5097250938415527, 0.6232061982154846)","(0.4903477430343628, 0.504852294921875)",1,1,2.812240600585937,2.815780639648437,"(-71.07189178466797, -77.54583740234375, 739.328125)","(-5.178033828735352, -76.1485824584961, 738.1715698242188)","(3.6408252716064453, 86.53340148925781, 20.85382843017578)","(-3.0741384029388428, 108.21244049072266, 28.744325637817383)",POINT (0.5000364184379578 0.5640292465686798),,,,,,,,,,,,,,,,,,,,,,,,,,,,,,,,,,,,,,,,,,,,,1,
0,54,27,437285736792,1852095568,1,1,"(0.5074977874755859, 0.5906203389167786)","(0.48927655816078186, 0.5349157452583313)",1,1,2.8404998779296875,2.859619140625,"(-71.07413482666016, -77.53313446044922, 739.343505859375)","(-5.171874523162842, -76.11892700195312, 738.1417236328125)","(2.8689794540405273, 92.50220489501953, 23.02627182006836)","(-3.4453375339508057, 102.70568084716797, 26.740053176879883)",POINT (0.4983871728181839 0.5627680420875549),,,,,,,,,,,,,,,,,,,,,,,,,,,,,,,,,,,,,,,,,,,,,1,
0,54,27,437285753460,1852112235,1,1,"(0.5137053728103638, 0.5578387379646301)","(0.4932091534137726, 0.5383249521255493)",1,1,2.86566162109375,2.8583526611328125,"(-71.06986236572266, -77.50960540771484, 739.3135375976562)","(-5.15567684173584, -76.09555053710938, 738.08203125)","(5.020127773284912, 98.50685119628906, 25.211772918701172)","(-2.0825624465942383, 102.08121490478516, 26.512775421142578)",POINT (0.5034572631120682 0.5480818450450897),,,,,,,,,,,,,,,,,,,,,,,,,,,,,,,,,,,,,,,,,,,,,1,
0,54,27,437285786786,1852145560,1,1,"(0.5163437724113464, 0.6011820435523987)","(0.4912419617176056, 0.4544827938079834)",1,1,2.766265869140625,2.8411865234375,"(-70.96157836914062, -77.31372833251953, 738.9716796875)","(-5.135213851928711, -75.98161315917969, 737.8265380859375)","(5.934432029724121, 90.56758880615234, 22.322153091430664)","(-2.764246940612793, 117.4386978149414, 32.1024169921875)",POINT (0.503792867064476 0.527832418680191),,,,,,,,,,,,,,,,,,,,,,,,,,,,,,,,,,,,,,,,,,,,,1,
0,54,27,437285803453,1852162226,1,1,"(0.5061760544776917, 0.521143913269043)","(0.4955838918685913, 0.4433228373527527)",1,1,2.868133544921875,2.8862457275390625,"(-70.9297103881836, -77.29353332519531, 738.9312744140625)","(-5.105518341064453, -75.96505737304688, 737.8569946289062)","(2.4109606742858887, 105.22830200195312, 27.658180236816406)","(-1.2596293687820435, 119.48287963867188, 32.84644317626953)",POINT (0.5008799731731415 0.4822333753108978),,,,,,,,,,,,,,,,,,,,,,,,,,,,,,,,,,,,,,,,,,,,,1,
0,54,27,437285820128,1852178901,1,1,"(0.5109619498252869, 0.5677933692932129)","(0.5056737661361694, 0.38561612367630005)",1,1,2.776763916015625,2.781280517578125,"(-70.88602447509766, -77.27134704589844, 738.8165283203125)","(-5.076425552368164, -75.95944213867188, 737.947021484375)","(4.069446086883545, 96.6834487915039, 24.548120498657227)","(2.2368946075439453, 130.05308532714844, 36.693668365478516)",POINT (0.5083178579807281 0.4767047464847565),,,,,,,,,,,,,,,,,,,,,,,,,,,,,,,,,,,,,,,,,,,,,1,
0,54,27,437285836788,1852195560,1,1,"(0.4796663820743561, 0.7943519353866577)","(0.5057307481765747, 0.40148624777793884)",1,1,2.16412353515625,2.814849853515625,"(-70.85305786132812, -77.27276611328125, 738.84033203125)","(-5.043381690979004, -75.97203826904297, 737.963134765625)","(-6.775608062744141, 55.18442916870117, 9.443694114685059)","(2.2566587924957275, 127.1461410522461, 35.6356315612793)",POINT (0.4926985651254654 0.5979190915822983),,,,,,,,,,,,,,,,,,,,,,,,,,,,,,,,,,,,,,,,,,,,,1,
0,54,27,437285853454,1852212226,1,1,"(0.49697795510292053, 0.5599678158760071)","(0.4958685636520386, 0.4276912212371826)",1,1,2.819122314453125,2.8041229248046875,"(-70.82996368408203, -77.27493286132812, 738.8906860351562)","(-4.997632026672363, -75.97520446777344, 737.90380859375)","(-0.7765175700187683, 98.11687469482422, 25.0698299407959)","(-1.160961389541626, 122.34614562988281, 33.88856506347656)",POINT (0.4964232593774796 0.4938295185565948),,,,,,,,,,,,,,,,,,,,,,,,,,,,,,,,,,,,,,,,,,,,,1,
0,54,27,437285870137,1852228908,1,1,"(0.502627968788147, 0.5517998337745667)","(0.5012397766113281, 0.4154142737388611)",1,1,2.8165283203125,2.843124389648437,"(-70.81983184814453, -77.28890991210938, 739.0313110351562)","(-4.952546119689941, -75.97415161132812, 737.709228515625)","(1.181413173675537, 99.61302185058594, 25.61435317993164)","(0.7003530263900757, 124.59492492675781, 34.70707321166992)",POINT (0.5019338726997375 0.4836070537567139),,,,,,,,,,,,,,,,,,,,,,,,,,,,,,,,,,,,,,,,,,,,,1,
0,54,27,437285936797,1852295566,1,1,"(0.5174905061721802, 0.5640016794204712)","(0.5097280144691467, 0.3633442521095276)",1,1,2.7573699951171875,2.781341552734375,"(-70.6304931640625, -77.24906158447266, 738.5191650390625)","(-4.822478771209717, -76.03062438964844, 737.8914184570312)","(6.33181095123291, 97.37799072265625, 24.800880432128906)","(3.641847848892212, 134.13265991210938, 38.178504943847656)",POINT (0.5136092603206635 0.4636729657649994),,,,,,,,,,,,,,,,,,,,,,,,,,,,,,,,,,,,,,,,,,,,,1,
0,54,27,437285953464,1852312233,1,1,"(0.48999854922294617, 0.5592929124832153)","(0.5018236041069031, 0.41973942518234253)",1,1,2.823837280273437,2.836517333984375,"(-70.60385131835938, -77.2666015625, 738.557861328125)","(-4.7798566818237305, -76.00920104980469, 737.487060546875)","(-3.1951425075531006, 98.24047088623047, 25.114866256713867)","(0.9026767015457153, 123.80265808105469, 34.41874694824219)",POINT (0.4959110766649246 0.4895161688327789),,,,,,,,,,,,,,,,,,,,,,,,,,,,,,,,,,,,,,,,,,,,,1,
0,54,27,437285970131,1852328899,1,1,"(0.5174816250801086, 0.5369852781295776)","(0.5048719644546509, 0.4383525550365448)",1,1,2.797393798828125,2.85357666015625,"(-70.56169128417969, -77.26432800292969, 738.6581420898438)","(-4.711765289306641, -75.9853515625, 737.2478637695312)","(6.328742027282715, 102.32659912109375, 26.60206413269043)","(1.9590389728546143, 120.39329528808594, 33.17780303955078)",POINT (0.5111767947673798 0.4876689165830612),,,,,,,,,,,,,,,,,,,,,,,,,,,,,,,,,,,,,,,,,,,,,1,
0,54,27,437285986797,1852345565,1,1,"(0.5233050584793091, 0.5996934771537781)","(0.49598222970962524, 0.43680539727211)",1,1,2.71295166015625,2.857147216796875,"(-70.54879760742188, -77.2791748046875, 738.7989501953125)","(-4.662156581878662, -75.99447631835938, 737.3235473632812)","(8.346774101257324, 90.84027862548828, 22.421369552612305)","(-1.1215838193893433, 120.67668914794922, 33.28092956542969)",POINT (0.5096436440944672 0.518249437212944),,,,,,,,,,,,,,,,,,,,,,,,,,,,,,,,,,,,,,,,,,,,,1,
0,54,27,437286003466,1852362233,1,1,"(0.5041192770004272, 0.5711158514022827)","(0.4904724359512329, 0.402252197265625)",1,1,2.7530670166015625,2.8314971923828125,"(-70.52679443359375, -77.2660903930664, 738.8921508789062)","(-4.625053405761719, -76.00634765625, 737.5337524414062)","(1.698198676109314, 96.07485961914062, 24.326622009277344)","(-3.030928134918213, 127.00584411621094, 35.584556579589844)",POINT (0.4972958564758301 0.4866840243339539),,,,,,,,,,,,,,,,,,,,,,,,,,,,,,,,,,,,,,,,,,,,,1,
0,54,27,437286053468,1852412233,1,1,"(0.4709163308143616, 1.0314381122589111)","(0.5051671266555786, 0.4183519780635834)",1,1,1.6450347900390625,2.8238525390625,"(-70.34576416015625, -77.08287048339844, 738.1371459960938)","(-4.52740478515625, -75.90318298339844, 737.1453247070312)","(-9.807833671569824, 11.757081031799316, -6.362630844116211)","(2.061307191848755, 124.05683135986328, 34.511199951171875)",POINT (0.4880417287349701 0.7248950451612473),,,,,,,,,,,,,,,,,,,,,,,,,,,,,,,,,,,,,,,,,,,,,,1
0,54,27,437286070135,1852428900,1,1,"(0.5062683820724487, 0.5587429404258728)","(0.499699205160141, 0.42775261402130127)",1,1,2.8227996826171875,2.803253173828125,"(-70.32435607910156, -77.10658264160156, 738.3258056640625)","(-4.45864200592041, -75.90156555175781, 736.9061889648438)","(2.4429566860198975, 98.34124755859375, 25.151485443115234)","(0.16648079454898834, 122.33489227294922, 33.88447189331055)",POINT (0.5029837936162949 0.493247777223587),,,,,,,,,,,,,,,,,,,,,,,,,,,,,,,,,,,,,,,,,,,,,1,
0,54,27,437286103479,1852462242,1,1,"(0.5194023251533508, 0.5688402056694031)","(0.5050415992736816, 0.4202854335308075)",1,1,2.7780914306640625,2.8604888916015625,"(-70.2674789428711, -77.05557250976562, 738.461669921875)","(-4.387382507324219, -75.83747863769531, 736.9366455078125)","(6.994347095489502, 96.49169158935547, 24.47833824157715)","(2.0178163051605225, 123.70265197753906, 34.38233947753906)",POINT (0.5122219622135162 0.4945628196001053),,,,,,,,,,,,,,,,,,,,,,,,,,,,,,,,,,,,,,,,,,,,,1,
0,54,27,437286136813,1852495575,1,1,"(0.5044565796852112, 0.5249818563461304)","(0.5051887631416321, 0.40460821986198425)",1,1,2.85992431640625,2.8545379638671875,"(-70.14424896240234, -77.02594757080078, 738.043212890625)","(-4.3043999671936035, -75.8967056274414, 736.8934326171875)","(1.8150807619094849, 104.52528381347656, 27.402301788330078)","(2.068812370300293, 126.57428741455078, 35.4275016784668)",POINT (0.5048226714134216 0.4647950381040573),,,,,,,,,,,,,,,,,,,,,,,,,,,,,,,,,,,,,,,,,,,,,1,
0,54,27,437286153480,1852512242,1,1,"(0.5077829360961914, 0.537925660610199)","(0.49870944023132324, 0.42345914244651794)",1,1,2.826507568359375,2.8656768798828125,"(-70.09193420410156, -76.99855041503906, 737.9312744140625)","(-4.242958068847656, -75.86907196044922, 736.5498046875)","(2.9677906036376953, 102.15434265136719, 26.539386749267578)","(-0.1765122413635254, 123.121337890625, 34.17072677612305)",POINT (0.5032461881637573 0.4806924015283585),,,,,,,,,,,,,,,,,,,,,,,,,,,,,,,,,,,,,,,,,,,,,1,
0,54,27,437286186814,1852545575,1,1,"(0.5134813189506531, 0.5856260061264038)","(0.4997718930244446, 0.4094446897506714)",1,1,2.723663330078125,2.824310302734375,"(-70.0040054321289, -76.97807312011719, 737.9349365234375)","(-4.146476745605469, -75.91889953613281, 736.865478515625)","(4.942485332489014, 93.41702270507812, 23.359224319458008)","(0.19166876375675201, 125.6883773803711, 35.10507583618164)",POINT (0.5066266059875488 0.4975353479385376),,,,,,,,,,,,,,,,,,,,,,,,,,,,,,,,,,,,,,,,,,,,,1,
0,54,27,437286203483,1852562243,1,1,"(0.49245816469192505, 0.5915910005569458)","(0.5000929832458496, 0.47717469930648804)",1,1,2.8316192626953125,2.849105834960937,"(-69.92198181152344, -77.00237274169922, 737.7703247070312)","(-4.10247802734375, -75.96670532226562, 736.9105834960938)","(-2.342797040939331, 92.32440948486328, 22.96157455444336)","(0.30294540524482727, 113.28219604492188, 30.58954429626465)",POINT (0.4962755739688873 0.5343828499317169),,,,,,,,,,,,,,,,,,,,,,,,,,,,,,,,,,,,,,,,,,,,,1,
0,54,27,437286220149,1852578909,1,1,"(0.49897435307502747, 0.601166307926178)","(0.4907463490962982, 0.507646381855011)",1,1,2.7984161376953125,2.8845367431640625,"(-69.85985565185547, -76.9940185546875, 737.644775390625)","(-4.03657341003418, -75.94256591796875, 736.4777221679688)","(-0.08470495790243149, 90.57048034667969, 22.323219299316406)","(-2.9359984397888184, 107.7006607055664, 28.55802345275879)",POINT (0.4948603510856628 0.5544063448905945),,,,,,,,,,,,,,,,,,,,,,,,,,,,,,,,,,,,,,,,,,,,,1,
0,54,27,437286236825,1852595584,1,1,"(0.5182624459266663, 0.594160258769989)","(0.4928622841835022, 0.5113905072212219)",1,1,2.794052124023437,2.8738555908203125,"(-69.80866241455078, -76.9625244140625, 737.548583984375)","(-3.9842140674591064, -75.90769958496094, 736.1492919921875)","(6.5993332862854, 91.85379791259766, 22.790260314941406)","(-2.202759027481079, 107.01483154296875, 28.30843734741211)",POINT (0.5055623650550842 0.5527753829956055),,,,,,,,,,,,,,,,,,,,,,,,,,,,,,,,,,,,,,,,,,,,,1,
0,54,27,437286270154,1852628912,1,1,"(0.5126765966415405, 0.6114559173583984)","(0.5064555406570435, 0.4803491234779358)",1,1,2.7904205322265625,2.8997802734375,"(-69.72581481933594, -76.9305419921875, 737.44287109375)","(-3.893852710723877, -75.95497131347656, 736.3746948242188)","(4.663644313812256, 88.68572235107422, 21.637187957763672)","(2.507805585861206, 112.70072174072266, 30.377952575683594)",POINT (0.509566068649292 0.5459025204181671),,,,,,,,,,,,,,,,,,,,,,,,,,,,,,,,,,,,,,,,,,,,,1,
0,54,27,437286303488,1852662245,1,1,"(0.4952668249607086, 0.5966448783874512)","(0.4959630072116852, 0.4753554165363312)",1,1,2.78973388671875,2.836761474609375,"(-69.63444519042969, -76.90673065185547, 737.2012939453125)","(-3.8158090114593506, -75.97257232666016, 736.270263671875)","(-1.3694740533828735, 91.39869689941406, 22.62460708618164)","(-1.1282403469085693, 113.61543273925781, 30.710832595825195)",POINT (0.4956149160861969 0.5360001474618912),,,,,,,,,,,,,,,,,,,,,,,,,,,,,,,,,,,,,,,,,,,,,1,
0,54,27,437286320155,1852678912,1,1,"(0.4815388321876526, 0.5706124901771545)","(0.5013759732246399, 0.4738559424877167)",1,1,2.8492584228515625,2.8592071533203125,"(-69.61589050292969, -76.91175842285156, 737.1319580078125)","(-3.8061647415161133, -75.99882507324219, 736.1956176757812)","(-6.126755714416504, 96.16706085205078, 24.360185623168945)","(0.7475466132164001, 113.89009094238281, 30.81084632873535)",POINT (0.4914574027061462 0.5222342163324356),,,,,,,,,,,,,,,,,,,,,,,,,,,,,,,,,,,,,,,,,,,,,1,
0,54,27,437286336822,1852695578,1,1,"(0.4864712655544281, 0.5617934465408325)","(0.502734899520874, 0.4959752857685089)",1,1,2.872802734375,2.870956420898437,"(-69.58549499511719, -76.8977279663086, 737.0)","(-3.7886412143707275, -75.99526977539062, 736.0016479492188)","(-4.417477130889893, 97.78245544433594, 24.94816780090332)","(1.2184746265411377, 109.83845520019531, 29.33614158630371)",POINT (0.4946030825376511 0.5288843661546707),,,,,,,,,,,,,,,,,,,,,,,,,,,,,,,,,,,,,,,,,,,,,1,
0,54,27,437286353489,1852712245,1,1,"(0.4939582049846649, 0.6152672171592712)","(0.4943096935749054, 0.46277546882629395)",1,1,2.7798004150390625,2.851181030273437,"(-69.5799560546875, -76.91211700439453, 737.001953125)","(-3.773514986038208, -76.01850891113281, 735.8529052734375)","(-1.8229821920394897, 87.98760986328125, 21.383085250854492)","(-1.7011724710464478, 115.91970825195312, 31.549560546875)",POINT (0.4941339492797852 0.5390213429927826),,,,,,,,,,,,,,,,,,,,,,,,,,,,,,,,,,,,,,,,,,,,,1,
0,54,27,437286370157,1852728912,1,1,"(0.5330666303634644, 0.623399019241333)","(0.496634840965271, 0.48930540680885315)",1,1,2.6403350830078125,2.8692169189453125,"(-69.58413696289062, -76.87362670898438, 736.9387817382812)","(-3.7788398265838623, -75.97176361083984, 735.8676147460938)","(11.729510307312012, 86.49807739257812, 20.84099578857422)","(-0.895426869392395, 111.0602035522461, 29.780832290649414)",POINT (0.5148507356643677 0.5563522130250931),,,,,,,,,,,,,,,,,,,,,,,,,,,,,,,,,,,,,,,,,,,,,1,
0,54,27,437286403498,1852762252,1,1,"(0.4900902807712555, 0.5765044689178467)","(0.4992060661315918, 0.4706885814666748)",1,1,2.862091064453125,2.846038818359375,"(-69.57633972167969, -76.85322570800781, 736.7711181640625)","(-3.7775604724884033, -75.96027374267578, 735.7628784179688)","(-3.1633570194244385, 95.08782196044922, 23.967378616333008)","(-0.004406352527439594, 114.47025299072266, 31.02199935913086)",POINT (0.4946481734514236 0.5235965251922607),,,,,,,,,,,,,,,,,,,,,,,,,,,,,,,,,,,,,,,,,,,,,1,
0,54,27,437286453500,1852812252,1,1,"(0.5343547463417053, 0.6373652219772339)","(0.5071246027946472, 0.45532718300819397)",1,1,2.736053466796875,2.8403778076171875,"(-69.61439514160156, -76.8363037109375, 736.6727294921875)","(-3.798107147216797, -75.96022033691406, 735.643310546875)","(12.175901412963867, 83.93989562988281, 19.90981674194336)","(2.7396552562713623, 117.28402709960938, 32.0461311340332)",POINT (0.5207396745681763 0.5463462024927139),,,,,,,,,,,,,,,,,,,,,,,,,,,,,,,,,,,,,,,,,,,,,1,
0,54,27,437286470169,1852828920,1,1,"(0.48085370659828186, 0.6322819590568542)","(0.5112096667289734, 0.48003917932510376)",1,1,2.6553955078125,2.91314697265625,"(-69.61212158203125, -76.84783935546875, 736.5365600585938)","(-3.8037736415863037, -75.99270629882812, 735.5391845703125)","(-6.364162921905518, 84.87097930908203, 20.248729705810547)","(4.155269622802734, 112.75752258300781, 30.3985595703125)",POINT (0.4960316866636276 0.556160569190979),,,,,,,,,,,,,,,,,,,,,,,,,,,,,,,,,,,,,,,,,,,,,1,
0,54,27,437286553507,1852912256,1,1,"(0.5322675704956055, 0.6131086349487305)","(0.5073510408401489, 0.4668982923030853)",1,1,2.715667724609375,2.840179443359375,"(-69.72420501708984, -76.89048767089844, 736.6192626953125)","(-3.8977713584899902, -75.98526000976562, 735.4039306640625)","(11.45259952545166, 88.38298034667969, 21.527050018310547)","(2.8181257247924805, 115.1645278930664, 31.27467918395996)",POINT (0.5198093056678772 0.5400034636259079),,,,,,,,,,,,,,,,,,,,,,,,,,,,,,,,,,,,,,,,,,,,,1,
0,54,27,437286653516,1853012262,1,1,"(0.4839239716529846, 0.78937166929245)","(0.4981437623500824, 0.4292461574077606)",1,1,2.191253662109375,2.8111114501953125,"(-69.74939727783203, -76.72616577148438, 736.014892578125)","(-3.9762344360351562, -75.82542419433594, 735.3284912109375)","(-5.300206661224365, 56.096656799316406, 9.775755882263184)","(-0.37251824140548706, 122.06132507324219, 33.784908294677734)",POINT (0.4910338670015335 0.6093089133501053),,,,,,,,,,,,,,,,,,,,,,,,,,,,,,,,,,,,,,,,,,,,,,
0,54,27,437286686851,1853045596,1,1,"(0.5014803409576416, 0.610106348991394)","(0.5099243521690369, 0.44077712297439575)",1,1,2.683563232421875,2.820541381835937,"(-69.74441528320312, -76.70304870605469, 736.0303344726562)","(-3.969285249710083, -75.81810760498047, 735.358154296875)","(0.7837191820144653, 88.93292236328125, 21.727184295654297)","(3.7098543643951416, 119.94915771484375, 33.01618576049805)",POINT (0.5057023465633392 0.5254417359828949),,,,,,,,,,,,,,,,,,,,,,,,,,,,,,,,,,,,,,,,,,,,,1,
0,54,27,437286703519,1853062263,1,1,"(0.5211036205291748, 0.5819976925849915)","(0.509515106678009, 0.5087827444076538)",1,1,2.6747589111328125,2.874252319335937,"(-69.7353515625, -76.71698760986328, 736.047607421875)","(-3.9550437927246094, -75.81858825683594, 735.299072265625)","(7.583902835845947, 94.08163452148438, 23.601104736328125)","(3.5680720806121826, 107.49248504638672, 28.48231315612793)",POINT (0.5153093636035919 0.5453902184963226),,,,,,,,,,,,,,,,,,,,,,,,,,,,,,,,,,,,,,,,,,,,,1,
0,54,27,437286803524,1853162264,1,1,"(0.4946750998497009, 0.9971690773963928)","(0.5049337148666382, 0.4616871476173401)",1,1,1.6312255859375,2.8329010009765625,"(-69.73072814941406, -76.79576110839844, 736.0073852539062)","(-3.928253173828125, -75.86896514892578, 735.090087890625)","(-1.574547529220581, 18.034135818481445, -4.077883720397949)","(1.980448842048645, 116.11907196044922, 31.622085571289062)",POINT (0.4998044073581696 0.7294281125068665),,,,,,,,,,,,,,,,,,,,,,,,,,,,,,,,,,,,,,,,,,,,,,1
0,54,27,437286920200,1853278936,1,1,"(0.47273319959640503, 1.06272292137146)","(0.5029244422912598, 0.46212348341941833)",1,1,1.496551513671875,2.790771484375,"(-69.90423583984375, -76.81097412109375, 736.4701538085938)","(-4.028162956237793, -75.829833984375, 735.25341796875)","(-9.178205490112305, 6.026562690734863, -8.448266983032227)","(1.28415048122406, 116.03913879394531, 31.59302520751953)",POINT (0.4878288209438324 0.7624232023954391),,,,,,,,,,,,,,,,,,,,,,,,,,,,,,,,,,,,,,,,,,,,,,
0,54,27,437286970209,1853328944,1,1,"(0.5276685953140259, 0.6497585773468018)","(0.5049412846565247, 0.4966007173061371)",1,1,2.6061248779296875,2.8145294189453125,"(-70.02178192138672, -76.89457702636719, 736.4337158203125)","(-4.18871545791626, -75.84147644042969, 735.3111572265625)","(9.858912467956543, 81.6697769165039, 19.083572387695312)","(1.983076810836792, 109.72389221191406, 29.29447364807129)",POINT (0.5163049399852753 0.5731796473264694),,,,,,,,,,,,,,,,,,,,,,,,,,,,,,,,,,,,,,,,,,,,,1,
0,54,27,437287036869,1853395602,1,1,"(0.47379034757614136, 1.00120210647583)","(0.5040839910507202, 0.4674086272716522)",1,1,1.675750732421875,2.857650756835937,"(-70.0807113647461, -76.94640350341797, 736.2510986328125)","(-4.257164001464844, -75.91262817382812, 735.5787963867188)","(-8.811874389648438, 17.29541015625, -4.346712112426758)","(1.685980200767517, 115.07105255126953, 31.240659713745117)",POINT (0.4889371693134308 0.7343053668737411),,,,,,,,,,,,,,,,,,,,,,,,,,,,,,,,,,,,,,,,,,,,,,1
0,54,27,437287070209,1853428941,1,1,"(0.5048595666885376, 0.8025448322296143)","(0.480767160654068, 0.4454783499240875)",1,1,2.2222900390625,2.827117919921875,"(-70.22850799560547, -77.06265258789062, 736.8428955078125)","(-4.382765769958496, -76.01521301269531, 735.4879150390625)","(1.954750895500183, 53.68372344970703, 8.897470474243164)","(-6.3941497802734375, 119.08804321289062, 32.702728271484375)",POINT (0.4928133636713028 0.6240115910768509),,,,,,,,,,,,,,,,,,,,,,,,,,,,,,,,,,,,,,,,,,,,,,1
0,54,27,437287103553,1853462283,1,1,"(0.49797454476356506, 0.8203331828117371)","(0.4868481159210205, 0.43646177649497986)",1,1,2.130859375,2.8258819580078125,"(-70.13611602783203, -77.08700561523438, 736.6490478515625)","(-4.31758451461792, -76.0578384399414, 735.3101196289062)","(-0.431173175573349, 50.425411224365234, 7.711565971374512)","(-4.286885738372803, 120.7396240234375, 33.30385208129883)",POINT (0.4924113303422928 0.6283974796533585),,,,,,,,,,,,,,,,,,,,,,,,,,,,,,,,,,,,,,,,,,,,,,1
0,54,27,437287153555,1853512283,1,1,"(0.4765753149986267, 0.6251413822174072)","(0.4705432057380676, 0.46077895164489746)",1,1,2.71771240234375,2.8512115478515625,"(-70.09259033203125, -77.14671325683594, 736.887939453125)","(-4.223237037658691, -76.17007446289062, 735.7135009765625)","(-7.84678316116333, 86.1789321899414, 20.724790573120117)","(-9.937124252319336, 116.28541564941406, 31.682659149169922)",POINT (0.4735592603683472 0.5429601669311523),,,,,,,,,,,,,,,,,,,,,,,,,,,,,,,,,,,,,,,,,,,,,1,
0,54,27,437287186884,1853545611,1,1,"(0.47126397490501404, 0.6252584457397461)","(0.48270344734191895, 0.4598367214202881)",1,1,2.778045654296875,2.833480834960937,"(-70.01551818847656, -77.12725067138672, 736.9378662109375)","(-4.160536766052246, -76.21078491210938, 735.6687622070312)","(-9.68736457824707, 86.15748596191406, 20.717021942138672)","(-5.723174095153809, 116.4580078125, 31.745479583740234)",POINT (0.4769837111234665 0.5425475835800171),,,,,,,,,,,,,,,,,,,,,,,,,,,,,,,,,,,,,,,,,,,,,1,
0,54,27,437287253553,1853612278,1,1,"(0.4899466335773468, 0.6059504151344299)","(0.5000259280204773, 0.44950369000434875)",1,1,2.793319702148437,2.8354949951171875,"(-69.75578308105469, -77.08700561523438, 736.547607421875)","(-3.9596238136291504, -76.29561614990234, 735.8510131835938)","(-3.213132381439209, 89.69416046142578, 22.004268646240234)","(0.27971208095550537, 118.3507308959961, 32.434349060058594)",POINT (0.494986280798912 0.5277270525693893),,,,,,,,,,,,,,,,,,,,,,,,,,,,,,,,,,,,,,,,,,,,,1,
0,54,27,437287286888,1853645612,1,1,"(0.4972465932369232, 0.6023461222648621)","(0.5026822686195374, 0.46344316005706787)",1,1,2.877426147460937,2.8391265869140625,"(-69.73342895507812, -77.10633087158203, 736.844970703125)","(-3.8908333778381348, -76.33798217773438, 736.1805419921875)","(-0.6834231019020081, 90.3543701171875, 22.2445125579834)","(1.2002294063568115, 115.79742431640625, 31.5050048828125)",POINT (0.4999644309282303 0.532894641160965),,,,,,,,,,,,,,,,,,,,,,,,,,,,,,,,,,,,,,,,,,,,,1,
0,54,27,437287303560,1853662284,1,1,"(0.4950753450393677, 0.616324245929718)","(0.49100756645202637, 0.44558417797088623)",1,1,2.828704833984375,2.8597412109375,"(-69.6875, -77.100341796875, 736.7623901367188)","(-3.8342528343200684, -76.3304443359375, 736.0169677734375)","(-1.4358383417129517, 87.79398345947266, 21.312639236450195)","(-2.8454835414886475, 119.06865692138672, 32.6956901550293)",POINT (0.493041455745697 0.5309542119503021),,,,,,,,,,,,,,,,,,,,,,,,,,,,,,,,,,,,,,,,,,,,,1,
0,54,27,437287370237,1853728959,1,1,"(0.49196499586105347, 1.028280258178711)","(0.5085065364837646, 0.5047817826271057)",1,1,1.5603790283203125,2.8314361572265625,"(-69.47994995117188, -77.13604736328125, 736.8526611328125)","(-3.675222396850586, -76.35989379882812, 735.7945556640625)","(-2.513699769973755, 12.335467338562012, -6.152008056640625)","(3.2185370922088623, 108.2253646850586, 28.749027252197266)",POINT (0.5002357661724091 0.7665310204029083),,,,,,,,,,,,,,,,,,,,,,,,,,,,,,,,,,,,,,,,,,,,,,
0,54,27,437287386897,1853745618,1,1,"(0.49170979857444763, 0.6008915901184082)","(0.5090227723121643, 0.5049934983253479)",1,1,2.7937469482421875,2.8357086181640625,"(-69.49491882324219, -77.16637420654297, 736.97607421875)","(-3.6058812141418457, -76.38046264648438, 735.824951171875)","(-2.6021246910095215, 90.62078857421875, 22.34151840209961)","(3.39743971824646, 108.18657684326172, 28.73493766784668)",POINT (0.500366285443306 0.552942544221878),,,,,,,,,,,,,,,,,,,,,,,,,,,,,,,,,,,,,,,,,,,,,1,
0,54,27,437287470237,1853828956,1,1,"(0.5104169249534607, 0.6320233941078186)","(0.5014424324035645, 0.49236366152763367)",1,1,2.741806030273437,2.8259735107421875,"(-69.28695678710938, -77.20137023925781, 737.1890258789062)","(-3.372544527053833, -76.46643829345703, 735.7974243164062)","(3.8805572986602783, 84.9183349609375, 20.266002655029297)","(0.7705991268157959, 110.50000762939453, 29.576921463012695)",POINT (0.5059296786785126 0.5621935278177261),,,,,,,,,,,,,,,,,,,,,,,,,,,,,,,,,,,,,,,,,,,,,1,
0,54,27,437287636911,1853995625,1,1,"(0.5004377365112305, 0.6507087349891663)","(0.4967004060745239, 0.4200860559940338)",1,1,2.636474609375,2.801025390625,"(-68.83872985839844, -77.10539245605469, 736.6842651367188)","(-2.9861226081848145, -76.56904602050781, 735.7858276367188)","(0.4224105775356293, 81.49574279785156, 19.020254135131836)","(-0.8727004528045654, 123.73918914794922, 34.39561080932617)",POINT (0.4985690712928772 0.5353973954916),,,,,,,,,,,,,,,,,,,,,,,,,,,,,,,,,,,,,,,,,,,,,1,
0,54,27,437287686914,1854045626,1,1,"(0.507983386516571, 0.5712485313415527)","(0.4891342520713806, 0.4726512134075165)",1,1,2.7215118408203125,2.800872802734375,"(-68.87646484375, -77.1642837524414, 736.8006591796875)","(-3.00028133392334, -76.572265625, 735.6962890625)","(3.037261486053467, 96.05055236816406, 24.31777572631836)","(-3.4946584701538086, 114.11076354980469, 30.891145706176758)",POINT (0.4985588192939758 0.5219498723745346),,,,,,,,,,,,,,,,,,,,,,,,,,,,,,,,,,,,,,,,,,,,,1,
0,54,27,437287720252,1854078963,1,1,"(0.4901260733604431, 0.5249852538108826)","(0.4920130968093872, 0.44248151779174805)",1,1,2.815216064453125,2.8100128173828125,"(-68.94277954101562, -77.16586303710938, 736.8023681640625)","(-3.067197322845459, -76.59300231933594, 736.1438598632812)","(-3.1509530544281006, 104.52466583251953, 27.4021053314209)","(-2.497037649154663, 119.63697052001953, 32.902523040771484)",POINT (0.4910695850849152 0.4837333858013153),,,,,,,,,,,,,,,,,,,,,,,,,,,,,,,,,,,,,,,,,,,,,1,
0,54,27,437287736918,1854095629,1,1,"(0.4930606484413147, 0.583333432674408)","(0.5040581822395325, 0.5216725468635559)",1,1,2.711669921875,2.87005615234375,"(-69.01480102539062, -77.20716094970703, 737.0618896484375)","(-3.1346256732940674, -76.60934448242188, 736.412109375)","(-2.134012460708618, 93.83694458007812, 23.51209259033203)","(1.6770381927490234, 105.13145446777344, 27.622970581054688)",POINT (0.4985594153404236 0.5525029897689819),,,,,,,,,,,,,,,,,,,,,,,,,,,,,,,,,,,,,,,,,,,,,1,
0,54,27,437287753587,1854112297,1,1,"(0.4881487488746643, 0.5567834377288818)","(0.4911854863166809, 0.40902087092399597)",1,1,2.79827880859375,2.748153686523437,"(-69.06330108642578, -77.18809509277344, 737.11279296875)","(-3.187122106552124, -76.53401184082031, 736.1422729492188)","(-3.83616304397583, 98.70014190673828, 25.28217887878418)","(-2.783829689025879, 125.76602172851562, 35.13328170776367)",POINT (0.4896671175956726 0.4829021543264389),,,,,,,,,,,,,,,,,,,,,,,,,,,,,,,,,,,,,,,,,,,,,1,
0,54,27,437287803587,1854162296,1,1,"(0.44002774357795715, 0.8791026473045349)","(0.49131765961647034, 0.4594273269176483)",1,1,2.050140380859375,2.8183746337890625,"(-69.28736114501953, -77.19385528564453, 737.234375)","(-3.392834424972534, -76.45729064941406, 736.4395141601562)","(-20.511850357055664, 39.6605339050293, 3.7934627532958984)","(-2.7380125522613525, 116.53299713134766, 31.772747039794922)",POINT (0.4656727015972138 0.6692649871110916),,,,,,,,,,,,,,,,,,,,,,,,,,,,,,,,,,,,,,,,,,,,,,1
0,54,27,437287870264,1854228971,1,1,"(0.4898747205734253, 0.5159600377082825)","(0.4907447099685669, 0.3726131021976471)",1,1,2.720062255859375,2.81378173828125,"(-69.55831146240234, -77.06505584716797, 737.164794921875)","(-3.7677114009857178, -76.19206237792969, 736.2412109375)","(-3.238053798675537, 106.17784118652344, 28.003782272338867)","(-2.9365692138671875, 132.43487548828125, 37.560577392578125)",POINT (0.4903097152709961 0.4442865699529648),,,,,,,,,,,,,,,,,,,,,,,,,,,,,,,,,,,,,,,,,,,,,1,
0,54,27,437288003604,1854362307,1,1,"(0.4902712404727936, 0.42299729585647583)","(0.4871656894683838, 0.29127880930900574)",1,1,2.81256103515625,2.813629150390625,"(-70.43646240234375, -77.10615539550781, 737.6093139648438)","(-4.541652679443359, -75.9765853881836, 736.6361083984375)","(-3.100639820098877, 123.2059326171875, 34.201507568359375)","(-4.176838397979736, 147.33299255371094, 42.983036041259766)",POINT (0.4887184649705887 0.3571380525827408),,,,,,,,,,,,,,,,,,,,,,,,,,,,,,,,,,,,,,,,,,,,,1,
0,54,27,437288036938,1854395640,1,1,"(0.49200159311294556, 0.3812144994735718)","(0.4882746636867523, 0.30137407779693604)",1,1,2.8536376953125,2.823715209960937,"(-70.57967376708984, -77.09880065917969, 737.317626953125)","(-4.728835105895996, -75.88861846923828, 735.9911499023438)","(-2.501016616821289, 130.8593292236328, 36.98714065551758)","(-3.7925374507904053, 145.4838104248047, 42.30999755859375)",POINT (0.4901381283998489 0.3412942886352539),,,,,,,,,,,,,,,,,,,,,,,,,,,,,,,,,,,,,,,,,,,,,1,
0,54,27,437288053605,1854412306,1,1,"(0.49975156784057617, 0.37714096903800964)","(0.4881036579608917, 0.2749050259590149)",1,1,2.8325653076171875,2.850006103515625,"(-70.67561340332031, -77.08592987060547, 737.3583984375)","(-4.786864757537842, -75.9226303100586, 736.528564453125)","(0.18463440239429474, 131.60548400878906, 37.25872802734375)","(-3.85178804397583, 150.33218383789062, 44.074676513671875)",POINT (0.493927612900734 0.3260229974985123),,,,,,,,,,,,,,,,,,,,,,,,,,,,,,,,,,,,,,,,,,,,,1,
0,54,27,437288070272,1854428973,1,1,"(0.44366565346717834, 0.3993522822856903)","(0.45227551460266113, 0.286360502243042)",1,1,2.7894439697265625,2.824691772460937,"(-70.80435180664062, -77.10542297363281, 737.3915405273438)","(-4.961092472076416, -75.85870361328125, 735.8233642578125)","(-19.251188278198242, 127.5370101928711, 35.77790451049805)","(-16.267553329467773, 148.23385620117188, 43.31095886230469)",POINT (0.4479705840349197 0.3428563922643662),,,,,,,,,,,,,,,,,,,,,,,,,,,,,,,,,,,,,,,,,,,,,1,
0,54,27,437288086940,1854445640,1,1,"(0.44379571080207825, 0.42635467648506165)","(0.44494226574897766, 0.299271821975708)",1,1,2.7681427001953125,2.85650634765625,"(-70.94865417480469, -77.11009216308594, 737.467529296875)","(-5.091071128845215, -75.86261749267578, 736.3148803710938)","(-19.206111907958984, 122.59095764160156, 33.977699279785156)","(-18.80879783630371, 145.86888122558594, 42.45015335083008)",POINT (0.444368988275528 0.3628132492303848),,,,,,,,,,,,,,,,,,,,,,,,,,,,,,,,,,,,,,,,,,,,,,
0,54,27,437288103612,1854462312,1,1,"(0.44160377979278564, 0.3712546229362488)","(0.45017296075820923, 0.30645930767059326)",1,1,2.7742919921875,2.831451416015625,"(-70.98603820800781, -77.09048461914062, 737.3075561523438)","(-5.155898094177246, -75.83360290527344, 736.1639404296875)","(-19.965700149536133, 132.6837158203125, 37.651126861572266)","(-16.996170043945312, 144.55233764648438, 41.97098922729492)",POINT (0.4458883702754974 0.338856965303421),,,,,,,,,,,,,,,,,,,,,,,,,,,,,,,,,,,,,,,,,,,,,1,
0,54,27,437288120280,1854478979,1,1,"(0.4471372067928314, 0.40890932083129883)","(0.4438733458518982, 0.3140815198421478)",1,1,2.7737579345703125,2.8323516845703125,"(-71.0196533203125, -77.08612060546875, 737.2984619140625)","(-5.187617301940918, -75.78060913085938, 735.98388671875)","(-18.048173904418945, 125.78643035888672, 35.14078140258789)","(-19.179222106933594, 143.1561737060547, 41.46282196044922)",POINT (0.4455052763223648 0.3614954203367233),,,,,,,,,,,,,,,,,,,,,,,,,,,,,,,,,,,,,,,,,,,,,,
0,54,27,437288136946,1854495645,1,1,"(0.4405114948749542, 0.3537788391113281)","(0.44466549158096313, 0.32473456859588623)",1,1,2.8324127197265625,2.8308258056640625,"(-71.06315612792969, -77.05668640136719, 737.1973876953125)","(-5.228062629699707, -75.7094497680664, 735.9830932617188)","(-20.344219207763672, 135.88475036621094, 38.81626510620117)","(-18.90471076965332, 141.20486450195312, 40.7525634765625)",POINT (0.4425884932279587 0.3392567038536072),,,,,,,,,,,,,,,,,,,,,,,,,,,,,,,,,,,,,,,,,,,,,1,
0,54,27,437288170281,1854528979,1,1,"(0.4281899929046631, 0.3643260598182678)","(0.4354759156703949, 0.31276705861091614)",1,1,2.8254547119140625,2.8259735107421875,"(-71.1243667602539, -77.03535461425781, 737.24658203125)","(-5.253428936004639, -75.68681335449219, 736.2675170898438)","(-24.614065170288086, 133.9528045654297, 38.11309051513672)","(-22.089235305786133, 143.39694213867188, 41.55046463012695)",POINT (0.431832954287529 0.338546559214592),,,,,,,,,,,,,,,,,,,,,,,,,,,,,,,,,,,,,,,,,,,,,1,
0,54,27,437288203615,1854562312,1,1,"(0.43871766328811646, 0.34644338488578796)","(0.4356897473335266, 0.28664612770080566)",1,1,2.758941650390625,2.816131591796875,"(-71.11310577392578, -76.96234893798828, 737.0679931640625)","(-5.247068405151367, -75.61782836914062, 735.9388427734375)","(-20.965845108032227, 137.22840881347656, 39.305301666259766)","(-22.015113830566406, 148.18154907226562, 43.29190444946289)",POINT (0.4372037053108215 0.3165447562932968),,,,,,,,,,,,,,,,,,,,,,,,,,,,,,,,,,,,,,,,,,,,,1,
0,54,27,437288220285,1854578981,1,1,"(0.4324091970920563, 0.3770240545272827)","(0.4302363991737366, 0.28356871008872986)",1,1,2.7820281982421875,2.839752197265625,"(-71.08038330078125, -76.9388427734375, 737.0309448242188)","(-5.223080635070801, -75.5887222290039, 735.6704711914062)","(-23.151952743530273, 131.62689208984375, 37.26652145385742)","(-23.90489959716797, 148.7452392578125, 43.497074127197266)",POINT (0.4313227981328964 0.3302963823080063),,,,,,,,,,,,,,,,,,,,,,,,,,,,,,,,,,,,,,,,,,,,,1,
0,54,27,437288236952,1854595648,1,1,"(0.44154030084609985, 0.30865225195884705)","(0.43663904070854187, 0.27602866291999817)",1,1,2.787841796875,2.83251953125,"(-71.04244995117188, -76.91748809814453, 736.88671875)","(-5.205933094024658, -75.5849838256836, 735.625732421875)","(-19.98769760131836, 144.15066528320312, 41.82476806640625)","(-21.686176300048828, 150.12637329101562, 43.99974060058594)",POINT (0.4390896707773209 0.2923404574394226),,,,,,,,,,,,,,,,,,,,,,,,,,,,,,,,,,,,,,,,,,,,1,1,
0,54,27,437288253620,1854612315,1,1,"(0.4381260573863983, 0.3811165690422058)","(0.4510486423969269, 0.27832335233688354)",1,1,2.809677124023437,2.839019775390625,"(-71.00325012207031, -76.91520690917969, 736.925048828125)","(-5.182023048400879, -75.59107971191406, 735.7603759765625)","(-21.17085838317871, 130.87728881835938, 36.993656158447266)","(-16.692712783813477, 149.7060546875, 43.84675598144531)",POINT (0.4445873498916626 0.3297199606895447),,,,,,,,,,,,,,,,,,,,,,,,,,,,,,,,,,,,,,,,,,,,,1,
0,54,27,437288270286,1854628981,1,1,"(0.43114909529685974, 0.3773808777332306)","(0.45406675338745117, 0.28010082244873047)",1,1,2.8001708984375,2.8216705322265625,"(-70.95994567871094, -76.9034423828125, 736.9044189453125)","(-5.1222758293151855, -75.56546783447266, 735.5077514648438)","(-23.58863067626953, 131.5615692138672, 37.24269485473633)","(-15.646830558776855, 149.38047790527344, 43.72821807861328)",POINT (0.4426079243421555 0.3287408500909805),,,,,,,,,,,,,,,,,,,,,,,,,,,,,,,,,,,,,,,,,,,,,1,
0,54,27,437288286955,1854645649,1,1,"(0.4375811219215393, 0.39571845531463623)","(0.4328128397464752, 0.32344621419906616)",1,1,2.781097412109375,2.848739624023437,"(-70.91592407226562, -76.89453125, 736.9281616210938)","(-5.015824794769287, -75.55294799804688, 735.2855834960938)","(-21.359699249267578, 128.20263671875, 36.02019500732422)","(-23.012086868286133, 141.44081115722656, 40.83852005004883)",POINT (0.4351969808340073 0.3595823347568512),,,,,,,,,,,,,,,,,,,,,,,,,,,,,,,,,,,,,,,,,,,,,,
0,54,27,437288303621,1854662315,1,1,"(0.44351935386657715, 0.3213970959186554)","(0.432239294052124, 0.2938794791698456)",1,1,2.78546142578125,2.8150787353515625,"(-70.82820892333984, -76.84941101074219, 736.6251220703125)","(-4.963292121887207, -75.58089447021484, 735.47998046875)","(-19.30189323425293, 141.81617736816406, 40.975067138671875)","(-23.21083641052246, 146.8566131591797, 42.80964279174805)",POINT (0.4378793239593506 0.3076382875442505),,,,,,,,,,,,,,,,,,,,,,,,,,,,,,,,,,,,,,,,,,,,,1,
0,54,27,437288320288,1854678981,1,1,"(0.4325917363166809, 0.3169504404067993)","(0.44695141911506653, 0.2843097150325775)",1,1,2.7948760986328125,2.848663330078125,"(-70.74996948242188, -76.83689880371094, 736.67236328125)","(-4.912786960601807, -75.55667114257812, 735.1824951171875)","(-23.088703155517578, 142.6306610107422, 41.27156066894531)","(-18.1125431060791, 148.60952758789062, 43.447635650634766)",POINT (0.4397715777158737 0.3006300777196884),,,,,,,,,,,,,,,,,,,,,,,,,,,,,,,,,,,,,,,,,,,,,1,
0,54,27,437288336956,1854695649,1,1,"(0.45791250467300415, 0.36768054962158203)","(0.4708681106567383, 0.34071457386016846)",1,1,2.8287811279296875,2.838104248046875,"(-70.65760040283203, -76.83346557617188, 736.7659301757812)","(-4.758636474609375, -75.55868530273438, 735.2442626953125)","(-14.314126968383789, 133.33836364746094, 37.88944625854492)","(-9.824538230895996, 138.27777099609375, 39.68718338012695)",POINT (0.4643903076648712 0.3541975617408752),,,,,,,,,,,,,,,,,,,,,,,,,,,,,,,,,,,,,,,,,,,,,1,
0,54,27,437288403629,1854762320,1,1,"(0.45698145031929016, 0.38659611344337463)","(0.4537222385406494, 0.2889213263988495)",1,1,2.7630615234375,2.828338623046875,"(-70.38810729980469, -76.78976440429688, 736.7019653320312)","(-4.48696756362915, -75.58253479003906, 735.4265747070312)","(-14.636785507202148, 129.8735809326172, 36.62834548950195)","(-15.766204833984375, 147.76478576660156, 43.14020538330078)",POINT (0.4553518444299698 0.3377587199211121),,,,,,,,,,,,,,,,,,,,,,,,,,,,,,,,,,,,,,,,,,,,,1,
0,54,27,437288436963,1854795653,1,1,"(0.4568674862384796, 0.3691692650318146)","(0.48008447885513306, 0.2960336208343506)",1,1,2.7964324951171875,2.81536865234375,"(-70.25260162353516, -76.75675964355469, 736.4705810546875)","(-4.421907901763916, -75.55846405029297, 735.1146850585938)","(-14.676273345947266, 133.065673828125, 37.790184020996094)","(-6.630720615386963, 146.46205139160156, 42.66600036621094)",POINT (0.4684759825468063 0.3326014429330826),,,,,,,,,,,,,,,,,,,,,,,,,,,,,,,,,,,,,,,,,,,,,1,
0,54,27,437288470297,1854828986,1,1,"(0.4742045998573303, 0.4127037823200226)","(0.4599446952342987, 0.3113992512226105)",1,1,2.814300537109375,2.79205322265625,"(-70.19450378417969, -76.78584289550781, 736.8359375)","(-4.277302265167236, -75.59068298339844, 735.38427734375)","(-8.668322563171387, 125.09139251708984, 34.887786865234375)","(-13.609904289245605, 143.64749145507812, 41.64163589477539)",POINT (0.4670746475458145 0.3620515167713165),,,,,,,,,,,,,,,,,,,,,,,,,,,,,,,,,,,,,,,,,,,,,1,
0,54,27,437288486969,1854845657,1,1,"(0.45971399545669556, 0.40090298652648926)","(0.4608760476112366, 0.31172439455986023)",1,1,2.7911834716796875,2.774505615234375,"(-70.14141845703125, -76.77847290039062, 736.6632080078125)","(-4.2459330558776855, -75.61221313476562, 735.5638427734375)","(-13.689852714538574, 127.25299072265625, 35.67449951171875)","(-13.287145614624023, 143.58792114257812, 41.61996841430664)",POINT (0.4602950215339661 0.3563136905431747),,,,,,,,,,,,,,,,,,,,,,,,,,,,,,,,,,,,,,,,,,,,,1,
0,54,27,437288503636,1854862324,1,1,"(0.45592331886291504, 0.4254889488220215)","(0.42561712861061096, 0.3248131275177002)",1,1,2.607330322265625,2.7926483154296875,"(-70.1963119506836, -76.71112060546875, 736.6373901367188)","(-4.383990287780762, -75.55439758300781, 735.145263671875)","(-15.003459930419922, 122.74952697753906, 34.03541564941406)","(-25.505666732788086, 141.1904296875, 40.74739074707031)",POINT (0.440770223736763 0.3751510381698608),,,,,,,,,,,,,,,,,,,,,,,,,,,,,,,,,,,,,,,,,,,,,,
0,54,27,437288520303,1854878990,1,1,"(0.3776400089263916, 0.4052598774433136)","(0.4300992786884308, 0.306945264339447)",1,1,2.639404296875,2.83575439453125,"(-70.16413879394531, -76.71629333496094, 736.6614990234375)","(-4.3113861083984375, -75.5487060546875, 735.130859375)","(-42.13148498535156, 126.45491027832031, 35.38405227661133)","(-23.95244026184082, 144.46334838867188, 41.938533782958984)",POINT (0.4038696438074112 0.3561025708913803),,,,,,,,,,,,,,,,,,,,,,,,,,,,,,,,,,,,,,,,,,,,,,
0,54,27,437288536970,1854895657,1,1,"(0.428301602602005, 0.46149173378944397)","(0.41335925459861755, 0.30482932925224304)",1,1,2.7724609375,2.805892944335937,"(-70.11771392822266, -76.68360900878906, 736.5667724609375)","(-4.256033897399902, -75.56490325927734, 735.354736328125)","(-24.575393676757812, 116.15487670898438, 31.635108947753906)","(-29.753461837768555, 144.85092163085938, 42.07963943481445)",POINT (0.4208304286003113 0.3831605315208435),,,,,,,,,,,,,,,,,,,,,,,,,,,,,,,,,,,,,,,,,,,,,,
0,54,27,437288570304,1854928990,1,1,"(0.39615583419799805, 0.4491075873374939)","(0.4254646897315979, 0.2998604476451874)",1,1,2.711578369140625,2.8046417236328125,"(-70.01579284667969, -76.70001220703125, 736.78759765625)","(-4.189684867858887, -75.56101989746094, 735.2962036132812)","(-35.715084075927734, 118.42329406738281, 32.46073532104492)","(-25.55847930908203, 145.76104736328125, 42.41093063354492)",POINT (0.410810261964798 0.3744840174913406),,,,,,,,,,,,,,,,,,,,,,,,,,,,,,,,,,,,,,,,,,,,,,
0,54,27,437288653647,1855012330,1,1,"(0.3990897834300995, 0.34089502692222595)","(0.4216638207435608, 0.26909342408180237)",1,1,2.788925170898437,2.8337554931640625,"(-69.51655578613281, -76.65641784667969, 736.695068359375)","(-3.6972904205322266, -75.56829833984375, 735.4207763671875)","(-34.69834518432617, 138.24472045898438, 39.6751594543457)","(-26.875619888305664, 151.39669799804688, 44.462127685546875)",POINT (0.4103768020868301 0.3049942255020142),,,,,,,,,,,,,,,,,,,,,,,,,,,,,,,,,,,,,,,,,,,,,1,
0,54,27,437288703648,1855062330,1,1,"(0.40938249230384827, 0.49680784344673157)","(0.4201603829860687, 0.2841631770133972)",1,1,2.8213348388671875,2.822784423828125,"(-69.112060546875, -76.53840637207031, 736.4403076171875)","(-3.2866907119750977, -75.539794921875, 735.4542236328125)","(-31.131555557250977, 109.68596649169922, 29.2806453704834)","(-27.396615982055664, 148.6363525390625, 43.457454681396484)",POINT (0.4147714376449585 0.3904855102300644),,,,,,,,,,,,,,,,,,,,,,,,,,,,,,,,,,,,,,,,,,,,,,
0,54,27,437288820322,1855179000,1,1,"(0.4161776900291443, 0.3887794315814972)","(0.4152456223964691, 0.26119866967201233)",1,1,2.8152618408203125,2.79150390625,"(-68.35871887207031, -76.46139526367188, 736.7708129882812)","(-2.532033920288086, -75.59911346435547, 735.6537475585938)","(-28.776769638061523, 129.47364807128906, 36.482810974121094)","(-29.099760055541992, 152.84280395507812, 44.988460540771484)",POINT (0.4157116562128067 0.3249890506267548),,,,,,,,,,,,,,,,,,,,,,,,,,,,,,,,,,,,,,,,,,,,,1,
0,54,27,437288836989,1855195667,1,1,"(0.4244817793369293, 0.4403516352176666)","(0.44457265734672546, 0.29890331625938416)",1,1,2.81475830078125,2.828704833984375,"(-68.28758239746094, -76.51009368896484, 737.1672973632812)","(-2.4756033420562744, -75.60333251953125, 735.6392822265625)","(-25.89910316467285, 120.02710723876953, 33.044532775878906)","(-18.936887741088867, 145.9364013671875, 42.47470474243164)",POINT (0.4345272183418274 0.3696274757385254),,,,,,,,,,,,,,,,,,,,,,,,,,,,,,,,,,,,,,,,,,,,,,
0,54,27,437288853656,1855212333,1,1,"(0.4184574484825134, 0.37128227949142456)","(0.4413500726222992, 0.31332290172576904)",1,1,2.834716796875,2.8201446533203125,"(-68.2183837890625, -76.51808166503906, 736.9669189453125)","(-2.394256591796875, -75.65383911132812, 735.8785400390625)","(-27.986757278442383, 132.6786346435547, 37.64929962158203)","(-20.053625106811523, 143.29515075683594, 41.51338195800781)",POINT (0.4299037605524063 0.3423025906085968),,,,,,,,,,,,,,,,,,,,,,,,,,,,,,,,,,,,,,,,,,,,,1,
0,54,27,437288870325,1855229001,1,1,"(0.41999930143356323, 0.42069825530052185)","(0.4313322901725769, 0.32113590836524963)",1,1,2.900177001953125,2.822494506835937,"(-68.1695556640625, -76.56024932861328, 737.0208129882812)","(-2.3491930961608887, -75.70608520507812, 736.10302734375)","(-27.45244026184082, 123.6270523071289, 34.35478591918945)","(-23.52513885498047, 141.864013671875, 40.99250793457031)",POINT (0.4256657958030701 0.3709170818328857),,,,,,,,,,,,,,,,,,,,,,,,,,,,,,,,,,,,,,,,,,,,,,
0,54,27,437288886997,1855245673,1,1,"(0.41560113430023193, 0.3347342312335968)","(0.4352075159549713, 0.32403314113616943)",1,1,2.854843139648437,2.8107147216796875,"(-68.12975311279297, -76.60726165771484, 737.0762329101562)","(-2.3203420639038086, -75.74967956542969, 736.013671875)","(-28.976577758789062, 139.37319946289062, 40.08592224121094)","(-22.182239532470703, 141.33331298828125, 40.79936218261719)",POINT (0.4254043251276016 0.3293836861848831),,,,,,,,,,,,,,,,,,,,,,,,,,,,,,,,,,,,,,,,,,,,,1,
0,54,27,437288903664,1855262339,1,1,"(0.4093376100063324, 0.46488651633262634)","(0.43221595883369446, 0.2801160216331482)",1,1,2.879150390625,2.82928466796875,"(-68.12541961669922, -76.65082550048828, 737.170654296875)","(-2.313230514526367, -75.79804229736328, 736.0435791015625)","(-31.147106170654297, 115.53302764892578, 31.40880584716797)","(-23.218921661376953, 149.377685546875, 43.72723388671875)",POINT (0.4207767844200134 0.3725012689828873),,,,,,,,,,,,,,,,,,,,,,,,,,,,,,,,,,,,,,,,,,,,,,
0,54,27,437288920332,1855279007,1,1,"(0.415118932723999, 0.3888985812664032)","(0.43216487765312195, 0.28649741411209106)",1,1,2.8829498291015625,2.820663452148437,"(-68.12599182128906, -76.70677947998047, 737.2803344726562)","(-2.3091835975646973, -75.84140014648438, 736.103515625)","(-29.143667221069336, 129.4518280029297, 36.474853515625)","(-23.236623764038086, 148.20880126953125, 43.301788330078125)",POINT (0.4236419051885605 0.3376979976892471),,,,,,,,,,,,,,,,,,,,,,,,,,,,,,,,,,,,,,,,,,,,,1,
0,54,27,437288986999,1855345672,1,1,"(0.45170748233795166, 0.430858850479126)","(0.41243985295295715, 0.29665789008140564)",1,1,2.584686279296875,2.827972412109375,"(-68.22061920166016, -76.79881286621094, 737.379638671875)","(-2.4356741905212402, -75.7865982055664, 736.192138671875)","(-16.464391708374023, 121.76592254638672, 33.67738342285156)","(-30.072067260742188, 146.34767150878906, 42.62445831298828)",POINT (0.4320736676454544 0.3637583702802658),,,,,,,,,,,,,,,,,,,,,,,,,,,,,,,,,,,,,,,,,,,,,,
0,54,27,437289003667,1855362339,1,1,"(0.3575679659843445, 0.3873840272426605)","(0.3773168623447418, 0.3463061451911926)",1,1,2.7629547119140625,2.815673828125,"(-68.31260681152344, -76.8291244506836, 737.6046752929688)","(-2.5326762199401855, -75.71558380126953, 736.2662353515625)","(-49.087181091308594, 129.729248046875, 36.5758171081543)","(-42.24346923828125, 137.2535400390625, 39.3144416809082)",POINT (0.3674424141645432 0.3668450862169266),,,,,,,,,,,,,,,,,,,,,,,,,,,,,,,,,,,,,,,,,,,,,,
0,54,27,437289020337,1855379009,1,1,"(0.38685229420661926, 0.4020897448062897)","(0.3778371214866638, 0.3378419280052185)",1,1,2.7635040283203125,2.7851715087890625,"(-68.29347229003906, -76.8262939453125, 737.5928955078125)","(-2.516061782836914, -75.65751647949219, 736.0867919921875)","(-38.939090728759766, 127.03558349609375, 35.59541702270508)","(-42.06318283081055, 138.803955078125, 39.87871170043945)",POINT (0.3823447078466415 0.3699658364057541),,,,,,,,,,,,,,,,,,,,,,,,,,,,,,,,,,,,,,,,,,,,,,
0,54,27,437289037005,1855395676,1,1,"(0.3824652135372162, 0.41455310583114624)","(0.3847343623638153, 0.3264319896697998)",1,1,2.785751342773437,2.832244873046875,"(-68.26786804199219, -76.82743835449219, 737.7200317382812)","(-2.4903006553649902, -75.6378173828125, 736.072265625)","(-40.459381103515625, 124.75267791748047, 34.76446533203125)","(-39.673038482666016, 140.89393615722656, 40.63942337036133)",POINT (0.3835997879505158 0.370492547750473),,,,,,,,,,,,,,,,,,,,,,,,,,,,,,,,,,,,,,,,,,,,,,
0,54,27,437289070340,1855429010,1,1,"(0.3665507733821869, 0.3238734006881714)","(0.3855636417865753, 0.28224098682403564)",1,1,2.7729949951171875,2.820648193359375,"(-68.18086242675781, -76.84888458251953, 738.0885009765625)","(-2.3665647506713867, -75.67181396484375, 736.6710205078125)","(-45.97431182861328, 141.36257934570312, 40.81001281738281)","(-39.385658264160156, 148.9884490966797, 43.5855598449707)",POINT (0.3760572075843811 0.3030571937561035),,,,,,,,,,,,,,,,,,,,,,,,,,,,,,,,,,,,,,,,,,,,,1,
0,54,27,437289287023,1855645687,1,1,"(0.5039590001106262, 1.138886570930481)","(0.5217236280441284, 0.782666802406311)",1,1,1.414337158203125,2.098052978515625,"(-66.38978576660156, -77.2255859375, 738.7703247070312)","(-0.4196357727050781, -76.52229309082031, 738.3113403320312)","(1.6426713466644287, -7.924430847167969, -13.526021003723145)","(7.798748016357422, 57.32481384277344, 10.222766876220703)",POINT (0.5128413140773773 0.960776686668396),,,,,,,,,,,,,,,,,,,,,,,,,,,,,,,,,,,,,,,,,,,,,,
0,54,27,437289370360,1855729021,1,1,"(0.5205221176147461, 0.54379802942276)","(0.5274129509925842, 0.41988834738731384)",1,1,2.863265991210937,2.8590545654296875,"(-66.20809936523438, -77.25538635253906, 738.9119873046875)","(-0.3250975012779236, -76.58866882324219, 738.67236328125)","(7.382384300231934, 101.07869720458984, 26.147869110107422)","(9.770318031311035, 123.77539825439453, 34.408790588378906)",POINT (0.5239675343036652 0.4818431884050369),,,,,,,,,,,,,,,,,,,,,,,,,,,,,,,,,,,,,,,,,,,,,1,
0,54,27,437289387027,1855745688,1,1,"(0.5067260265350342, 0.5790457725524902)","(0.5190186500549316, 0.3747602701187134)",1,1,2.867462158203125,2.843963623046875,"(-66.23481750488281, -77.28739929199219, 739.21435546875)","(-0.3205168843269348, -76.57957458496094, 738.537109375)","(2.6015329360961914, 94.622314453125, 23.79796600341797)","(6.861388206481934, 132.04156494140625, 37.41742706298828)",POINT (0.5128723382949829 0.4769030213356018),,,,,,,,,,,,,,,,,,,,,,,,,,,,,,,,,,,,,,,,,,,,,1,
0,54,27,437289403698,1855762358,1,1,"(0.5098266005516052, 0.5408712029457092)","(0.5227465033531189, 0.3850908577442169)",1,1,2.8873291015625,2.875396728515625,"(-66.24110412597656, -77.26329040527344, 739.196044921875)","(-0.35284292697906494, -76.58665466308594, 738.8529663085938)","(3.676001787185669, 101.61481475830078, 26.342998504638672)","(8.153231620788574, 130.14930725097656, 36.72868347167969)",POINT (0.5162865519523621 0.4629810303449631),,,,,,,,,,,,,,,,,,,,,,,,,,,,,,,,,,,,,,,,,,,,,1,
0,54,27,437289420364,1855779024,1,1,"(0.5158249735832214, 0.5248014330863953)","(0.5164065361022949, 0.39505937695503235)",1,1,2.9428863525390625,2.884368896484375,"(-66.26239776611328, -77.28851318359375, 739.2232055664062)","(-0.3781331181526184, -76.59307098388672, 738.8530883789062)","(5.754664897918701, 104.55833435058594, 27.414356231689453)","(5.956197738647461, 128.32334899902344, 36.064151763916016)",POINT (0.5161157548427582 0.4599304050207138),,,,,,,,,,,,,,,,,,,,,,,,,,,,,,,,,,,,,,,,,,,,,1,
0,54,27,437289453698,1855812357,1,1,"(0.48225149512290955, 0.5495651960372925)","(0.48214080929756165, 0.49167928099632263)",1,1,2.975311279296875,2.889495849609375,"(-66.39718627929688, -77.44456481933594, 739.7352294921875)","(-0.48134028911590576, -76.64256286621094, 739.0040893554688)","(-5.879781723022461, 100.02233123779297, 25.76336097717285)","(-5.918137550354004, 110.6253662109375, 29.62257194519043)",POINT (0.4821961522102356 0.5206222385168076),,,,,,,,,,,,,,,,,,,,,,,,,,,,,,,,,,,,,,,,,,,,,1,
0,54,27,437289470366,1855829024,1,1,"(0.47995492815971375, 0.568300187587738)","(0.4865843653678894, 0.5142397284507751)",1,1,2.957504272460937,2.8839569091796875,"(-66.46829223632812, -77.48023223876953, 739.950927734375)","(-0.545499861240387, -76.68822479248047, 739.5006103515625)","(-6.675624370574951, 96.59062194824219, 24.514347076416016)","(-4.378287315368652, 106.4929428100586, 28.118453979492188)",POINT (0.4832696467638016 0.5412699580192566),,,,,,,,,,,,,,,,,,,,,,,,,,,,,,,,,,,,,,,,,,,,,1,
0,54,27,437289487033,1855845691,1,1,"(0.4974271357059479, 0.5496585965156555)","(0.49520787596702576, 0.48634931445121765)",1,1,2.934600830078125,2.905426025390625,"(-66.51323699951172, -77.53790283203125, 739.9085693359375)","(-0.6089982986450195, -76.70330810546875, 739.0486450195312)","(-0.6208705902099609, 100.00521087646484, 25.75715446472168)","(-1.3899294137954712, 111.60166931152344, 29.977907180786133)",POINT (0.4963175058364868 0.5180039554834366),,,,,,,,,,,,,,,,,,,,,,,,,,,,,,,,,,,,,,,,,,,,,1,
0,54,27,437289503700,1855862357,1,1,"(0.49568596482276917, 0.5700058341026306)","(0.49601566791534424, 0.4633499085903168)",1,1,2.9195556640625,2.906280517578125,"(-66.55155181884766, -77.56158447265625, 739.7012939453125)","(-0.666735053062439, -76.73532104492188, 738.943603515625)","(-1.2242530584335327, 96.27819061279297, 24.400630950927734)","(-1.1099907159805298, 115.81449127197266, 31.511253356933594)",POINT (0.4958508163690567 0.5166778713464737),,,,,,,,,,,,,,,,,,,,,,,,,,,,,,,,,,,,,,,,,,,,,1,
0,54,27,437289520367,1855879024,1,1,"(0.47878220677375793, 0.5423521399497986)","(0.4903978109359741, 0.4537186026573181)",1,1,2.975128173828125,2.9318389892578125,"(-66.63896179199219, -77.64521789550781, 739.79443359375)","(-0.7472023367881775, -76.84929656982422, 739.2596435546875)","(-7.082009315490723, 101.34355163574219, 26.244224548339844)","(-3.056791067123413, 117.57866668701172, 32.15336990356445)",POINT (0.484590008854866 0.4980353713035584),,,,,,,,,,,,,,,,,,,,,,,,,,,,,,,,,,,,,,,,,,,,,1,
0,54,27,437289537040,1855895696,1,1,"(0.4955398738384247, 0.5162707567214966)","(0.5016730427742004, 0.47625941038131714)",1,1,3.0148468017578125,2.917633056640625,"(-66.72196960449219, -77.70148468017578, 740.0543212890625)","(-0.8392077088356018, -76.89454650878906, 739.5609130859375)","(-1.2748703956604004, 106.12091064453125, 27.983083724975586)","(0.850497841835022, 113.44984436035156, 30.650583267211914)",POINT (0.4986064583063126 0.4962650835514069),,,,,,,,,,,,,,,,,,,,,,,,,,,,,,,,,,,,,,,,,,,,,1,
0,54,27,437289553706,1855912362,1,1,"(0.49484318494796753, 0.5950826406478882)","(0.4967226982116699, 0.5134587287902832)",1,1,2.907577514648437,2.929046630859375,"(-66.79336547851562, -77.7467041015625, 739.8375244140625)","(-0.9275506734848022, -76.85215759277344, 738.7474365234375)","(-1.5163041353225708, 91.68484497070312, 22.728778839111328)","(-0.86497563123703, 106.63600158691406, 28.170543670654297)",POINT (0.4957829415798187 0.5542706847190857),,,,,,,,,,,,,,,,,,,,,,,,,,,,,,,,,,,,,,,,,,,,,1,
0,54,27,437289570373,1855929028,1,1,"(0.49771660566329956, 0.5365018844604492)","(0.49636656045913696, 0.5036402940750122)",1,1,3.0125885009765625,2.91448974609375,"(-66.93064880371094, -77.81309509277344, 740.1325073242188)","(-1.0462524890899658, -76.95861053466797, 739.877197265625)","(-0.520550549030304, 102.4151382446289, 26.634296417236328)","(-0.9883938431739807, 108.43444061279297, 28.825151443481445)",POINT (0.4970415830612183 0.5200710892677307),,,,,,,,,,,,,,,,,,,,,,,,,,,,,,,,,,,,,,,,,,,,,1,
0,54,27,437289587041,1855945696,1,1,"(0.48647966980934143, 0.5428462028503418)","(0.49992865324020386, 0.49749189615249634)",1,1,2.9623565673828125,2.9203033447265625,"(-67.03667449951172, -77.90520477294922, 740.265869140625)","(-1.1632564067840576, -76.92692565917969, 739.228759765625)","(-4.4145588874816895, 101.2530517578125, 26.2113037109375)","(0.2460004687309265, 109.56066131591797, 29.23503303527832)",POINT (0.4932041615247726 0.5201690495014191),,,,,,,,,,,,,,,,,,,,,,,,,,,,,,,,,,,,,,,,,,,,,1,
0,54,27,437289603707,1855962361,1,1,"(0.4909147024154663, 0.5451797842979431)","(0.488287091255188, 0.5217826962471008)",1,1,2.9930419921875,2.902572631835937,"(-67.17318725585938, -77.9466781616211, 740.3163452148438)","(-1.2870237827301025, -76.9972915649414, 740.0880126953125)","(-2.877652168273926, 100.82560729980469, 26.055721282958984)","(-3.7882239818573, 105.11127471923828, 27.615617752075195)",POINT (0.4896008968353272 0.533481240272522),,,,,,,,,,,,,,,,,,,,,,,,,,,,,,,,,,,,,,,,,,,,,1,
0,54,27,437289620375,1855979029,1,1,"(0.48548662662506104, 0.5305802226066589)","(0.5016732215881348, 0.5161769390106201)",1,1,2.9820556640625,2.91912841796875,"(-67.30139923095703, -78.0204849243164, 740.5201416015625)","(-1.4463872909545898, -76.99080657958984, 739.6651000976562)","(-4.7586822509765625, 103.49981689453125, 27.029090881347656)","(0.8505674600601196, 106.13810729980469, 27.989320755004883)",POINT (0.4935799241065979 0.5233785808086395),,,,,,,,,,,,,,,,,,,,,,,,,,,,,,,,,,,,,,,,,,,,,1,
0,54,27,437289637042,1855995695,1,1,"(0.48961183428764343, 0.5468123555183411)","(0.48882684111595154, 0.49830499291419983)",1,1,2.9891510009765625,2.9178619384765625,"(-67.45835876464844, -78.05809783935547, 740.6565551757812)","(-1.563253402709961, -77.02532958984375, 740.3895263671875)","(-3.3291656970977783, 100.52656555175781, 25.946941375732422)","(-3.6011853218078613, 109.4117202758789, 29.180862426757812)",POINT (0.4892193377017975 0.5225586742162704),,,,,,,,,,,,,,,,,,,,,,,,,,,,,,,,,,,,,,,,,,,,,1,
0,54,27,437289653709,1856012362,1,1,"(0.4801654517650604, 0.5371251106262207)","(0.5026143193244934, 0.5051683187484741)",1,1,2.9972076416015625,2.8845977783203125,"(-67.60643005371094, -78.1453857421875, 740.9938354492188)","(-1.7458393573760986, -77.04246520996094, 740.22265625)","(-6.602671146392822, 102.30099487304688, 26.59272003173828)","(1.1766817569732666, 108.15457153320312, 28.723262786865234)",POINT (0.4913898855447769 0.5211467146873474),,,,,,,,,,,,,,,,,,,,,,,,,,,,,,,,,,,,,,,,,,,,,1,
0,54,27,437289670380,1856029032,1,1,"(0.4925301671028137, 0.5544599890708923)","(0.4995737075805664, 0.5020454525947571)",1,1,2.930572509765625,2.862457275390625,"(-67.74214172363281, -78.1580581665039, 740.9025268554688)","(-1.8699039220809937, -77.0552978515625, 740.6602783203125)","(-2.31784987449646, 99.12574005126953, 25.437049865722656)","(0.12301719933748245, 108.72657012939453, 28.931468963623047)",POINT (0.4960519373416901 0.5282527208328247),,,,,,,,,,,,,,,,,,,,,,,,,,,,,,,,,,,,,,,,,,,,,1,
0,54,27,437289687048,1856045700,1,1,"(0.48546233773231506, 0.5384126305580139)","(0.49372050166130066, 0.5022979974746704)",1,1,2.9846954345703125,2.9061279296875,"(-67.91912841796875, -78.26484680175781, 741.4404907226562)","(-2.0410027503967285, -77.05815124511719, 740.8108520507812)","(-4.767109394073486, 102.06515502929688, 26.506893157958984)","(-1.905348539352417, 108.6803207397461, 28.914609909057617)",POINT (0.4895914196968079 0.5203553140163422),,,,,,,,,,,,,,,,,,,,,,,,,,,,,,,,,,,,,,,,,,,,,1,
0,54,27,437289703715,1856062366,1,1,"(0.4907914698123932, 0.5196736454963684)","(0.4950004518032074, 0.5006056427955627)",1,1,2.90460205078125,2.865234375,"(-68.0472640991211, -78.28862762451172, 741.2606201171875)","(-2.2139477729797363, -77.09199523925781, 741.157958984375)","(-2.92036771774292, 105.49761199951172, 27.756202697753906)","(-1.461795449256897, 108.99030303955078, 29.027469635009766)",POINT (0.4928959608078003 0.5101396441459656),,,,,,,,,,,,,,,,,,,,,,,,,,,,,,,,,,,,,,,,,,,,,1,
0,54,27,437289720390,1856079041,1,1,"(0.48084333539009094, 0.5515130162239075)","(0.4940750002861023, 0.5456730127334595)",1,1,2.893463134765625,2.859725952148437,"(-68.24406433105469, -78.39076232910156, 741.9935913085938)","(-2.35154390335083, -77.12647247314453, 741.56640625)","(-6.3677659034729, 99.6655502319336, 25.63348960876465)","(-1.7825090885162354, 100.73526763916016, 26.022884368896484)",POINT (0.4874591678380966 0.5485930144786835),,,,,,,,,,,,,,,,,,,,,,,,,,,,,,,,,,,,,,,,,,,,,1,
0,54,27,437289737049,1856095699,1,1,"(0.4862905740737915, 0.536206841468811)","(0.5002772212028503, 0.4596019387245178)",1,1,2.8860321044921875,2.827880859375,"(-68.38850402832031, -78.41056060791016, 741.8212890625)","(-2.5349247455596924, -77.06755828857422, 741.0951538085938)","(-4.480086803436279, 102.46919250488281, 26.65396499633789)","(0.3667808771133423, 116.50101470947266, 31.7611141204834)",POINT (0.4932838976383209 0.4979043900966644),,,,,,,,,,,,,,,,,,,,,,,,,,,,,,,,,,,,,,,,,,,,,1,
0,54,27,437289753715,1856112365,1,1,"(0.48289045691490173, 0.5242061614990234)","(0.5040386915206909, 0.484456330537796)",1,1,2.901519775390625,2.847030639648437,"(-68.56434631347656, -78.50843811035156, 742.36865234375)","(-2.70906138420105, -77.14604187011719, 742.0645751953125)","(-5.658352375030518, 104.66736602783203, 27.45404624938965)","(1.6702808141708374, 111.94840240478516, 30.10410499572754)",POINT (0.4934645742177963 0.5043312460184097),,,,,,,,,,,,,,,,,,,,,,,,,,,,,,,,,,,,,,,,,,,,,1,
0,54,27,437289770391,1856129040,1,1,"(0.4849245548248291, 0.49579185247421265)","(0.4878234267234802, 0.485439658164978)",1,1,2.8864288330078125,2.79632568359375,"(-68.75641632080078, -78.5643539428711, 742.5000610351562)","(-2.8943867683410645, -77.21430969238281, 742.8074951171875)","(-4.9534687995910645, 109.87205505371094, 29.3483943939209)","(-3.9489083290100098, 111.76828002929688, 30.03858184814453)",POINT (0.4863739907741547 0.4906157553195953),,,,,,,,,,,,,,,,,,,,,,,,,,,,,,,,,,,,,,,,,,,,,1,
0,54,27,437289787058,1856145707,1,1,"(0.46932005882263184, 0.5134206414222717)","(0.4959203004837036, 0.47141361236572266)",1,1,2.8885040283203125,2.78363037109375,"(-68.93142700195312, -78.65850067138672, 742.8235473632812)","(-3.092909336090088, -77.17559051513672, 742.3809814453125)","(-10.360990524291992, 106.6429672241211, 28.173080444335938)","(-1.1430394649505615, 114.33744812011719, 30.97365379333496)",POINT (0.4826201796531677 0.4924171268939972),,,,,,,,,,,,,,,,,,,,,,,,,,,,,,,,,,,,,,,,,,,,,1,
0,54,27,437289803731,1856162379,1,1,"(0.48119157552719116, 0.513584315776825)","(0.48376235365867615, 0.44245436787605286)",1,1,2.842803955078125,2.767364501953125,"(-69.09355926513672, -78.71036529541016, 743.0067138671875)","(-3.2308826446533203, -77.16351318359375, 742.4098510742188)","(-6.24708890914917, 106.61299896240234, 28.16217613220215)","(-5.356208801269531, 119.64193725585938, 32.90434265136719)",POINT (0.4824769645929336 0.4780193418264389),,,,,,,,,,,,,,,,,,,,,,,,,,,,,,,,,,,,,,,,,,,,,1,
0,54,27,437289820397,1856179045,1,1,"(0.4932703375816345, 0.49532783031463623)","(0.48774129152297974, 0.438519686460495)",1,1,2.8600616455078125,2.7365264892578125,"(-69.29585266113281, -78.80440521240234, 743.3487548828125)","(-3.412816286087036, -77.23436737060547, 743.1077270507812)","(-2.0613534450531006, 109.95706176757812, 29.379316329956055)","(-3.9773638248443604, 120.3626708984375, 33.166656494140625)",POINT (0.4905058145523071 0.4669237583875656),,,,,,,,,,,,,,,,,,,,,,,,,,,,,,,,,,,,,,,,,,,,,1,
0,54,27,437289837065,1856195712,1,1,"(0.4804474115371704, 0.5231373310089111)","(0.5012719631195068, 0.4174427390098572)",1,1,2.8339996337890625,2.7324676513671875,"(-69.46553802490234, -78.87229919433594, 743.718017578125)","(-3.6222007274627686, -77.24983215332031, 743.364501953125)","(-6.504960536956787, 104.86315155029297, 27.525272369384766)","(0.7115088701248169, 124.22337341308594, 34.57183837890625)",POINT (0.4908596873283386 0.4702900350093842),,,,,,,,,,,,,,,,,,,,,,,,,,,,,,,,,,,,,,,,,,,,,1,
0,54,27,437289853732,1856212379,1,1,"(0.48658111691474915, 0.4906229078769684)","(0.48197057843208313, 0.4472303092479706)",1,1,2.8468475341796875,2.7715301513671875,"(-69.6010513305664, -78.91853332519531, 743.6410522460938)","(-3.717284679412842, -77.25251770019531, 743.2877807617188)","(-4.379415035247803, 110.81885528564453, 29.6929988861084)","(-5.9771294593811035, 118.76713562011719, 32.58592987060547)",POINT (0.4842758476734161 0.4689266085624695),,,,,,,,,,,,,,,,,,,,,,,,,,,,,,,,,,,,,,,,,,,,,1,
0,54,27,437289870399,1856229045,1,1,"(0.48393523693084717, 0.47863486409187317)","(0.49749112129211426, 0.45904943346977234)",1,1,2.86376953125,2.7623291015625,"(-69.79315185546875, -79.00798797607422, 744.195068359375)","(-3.8934054374694824, -77.26415252685547, 743.4227905273438)","(-5.296301364898682, 113.01473236083984, 30.4921932220459)","(-0.5986941456794739, 116.60221862792969, 31.797950744628906)",POINT (0.4907131791114807 0.4688421487808228),,,,,,,,,,,,,,,,,,,,,,,,,,,,,,,,,,,,,,,,,,,,,1,
0,54,27,437289887066,1856245712,1,1,"(0.49511218070983887, 0.481363981962204)","(0.5007253289222717, 0.4363226592540741)",1,1,2.843017578125,2.72467041015625,"(-69.90377807617188, -79.03883361816406, 743.938720703125)","(-4.053533554077148, -77.32530212402344, 744.0614624023438)","(-1.4230753183364868, 112.51482391357422, 30.31028938293457)","(0.5220730304718018, 120.7651138305664, 33.313106536865234)",POINT (0.4979187548160553 0.458843320608139),,,,,,,,,,,,,,,,,,,,,,,,,,,,,,,,,,,,,,,,,,,,,1,
0,54,27,437289903734,1856262379,1,1,"(0.48761945962905884, 0.5144391655921936)","(0.488140344619751, 0.4126090407371521)",1,1,2.805694580078125,2.7052001953125,"(-70.07008361816406, -79.11277770996094, 744.400634765625)","(-4.1581621170043945, -77.28128051757812, 743.5568237304688)","(-4.0195817947387695, 106.45641326904297, 28.105173110961914)","(-3.839069366455078, 125.1087417602539, 34.89412307739258)",POINT (0.4878799021244049 0.4635241031646728),,,,,,,,,,,,,,,,,,,,,,,,,,,,,,,,,,,,,,,,,,,,,1,
0,54,27,437289920400,1856279045,1,1,"(0.4828468859195709, 0.5321381092071533)","(0.5032464265823364, 0.42498457431793213)",1,1,2.76904296875,2.694976806640625,"(-70.1846923828125, -79.13858032226562, 744.1092529296875)","(-4.350659370422363, -77.3193359375, 744.0887451171875)","(-5.673450946807861, 103.21446228027344, 26.925195693969727)","(1.3957325220108032, 122.84193420410156, 34.06901168823242)",POINT (0.4930466562509537 0.4785613417625427),,,,,,,,,,,,,,,,,,,,,,,,,,,,,,,,,,,,,,,,,,,,,1,
0,54,27,437289937073,1856295717,1,1,"(0.4877491593360901, 0.5242180824279785)","(0.4869442284107208, 0.46394994854927063)",1,1,2.80633544921875,2.775497436523437,"(-70.35633087158203, -79.21037292480469, 744.5235595703125)","(-4.45603084564209, -77.33724975585938, 744.2095947265625)","(-3.974634885787964, 104.66519165039062, 27.453248977661133)","(-4.253574371337891, 115.70457458496094, 31.471269607543945)",POINT (0.4873466938734055 0.4940840154886246),,,,,,,,,,,,,,,,,,,,,,,,,,,,,,,,,,,,,,,,,,,,,1,
0,54,27,437289953740,1856312384,1,1,"(0.5110197067260742, 0.5464211106300354)","(0.4919270873069763, 0.42246314883232117)",1,1,2.805267333984375,2.730499267578125,"(-70.49958038330078, -79.23587036132812, 744.291259765625)","(-4.624156475067139, -77.27852630615234, 743.6583251953125)","(4.089451789855957, 100.59822082519531, 25.97300910949707)","(-2.5268359184265137, 123.30377197265625, 34.237125396728516)",POINT (0.5014733970165253 0.4844421297311783),,,,,,,,,,,,,,,,,,,,,,,,,,,,,,,,,,,,,,,,,,,,,1,
0,54,27,437289970407,1856329050,1,1,"(0.49616172909736633, 0.47390642762184143)","(0.49571871757507324, 0.46158722043037415)",1,1,2.81304931640625,2.7371063232421875,"(-70.63211059570312, -79.29164123535156, 744.42041015625)","(-4.772204399108887, -77.34675598144531, 744.5568237304688)","(-1.059376835823059, 113.88082885742188, 30.80748176574707)","(-1.2128938436508179, 116.13736724853516, 31.628768920898438)",POINT (0.4959402233362198 0.4677468240261078),,,,,,,,,,,,,,,,,,,,,,,,,,,,,,,,,,,,,,,,,,,,,1,
0,54,27,437289987074,1856345717,1,1,"(0.4979369044303894, 0.5495986938476562)","(0.4895591735839844, 0.4453498125076294)",1,1,2.7359619140625,2.739242553710937,"(-70.80745697021484, -79.33882904052734, 744.5383911132812)","(-4.904738426208496, -77.26083374023438, 743.7916259765625)","(-0.4442189037799835, 100.01619720458984, 25.76114845275879)","(-3.3473896980285645, 119.11158752441406, 32.71129608154297)",POINT (0.4937480390071869 0.4974742531776428),,,,,,,,,,,,,,,,,,,,,,,,,,,,,,,,,,,,,,,,,,,,,1,
0,54,27,437290003742,1856362384,1,1,"(0.4885430335998535, 0.5200862288475037)","(0.4861566722393036, 0.42824622988700867)",1,1,2.77691650390625,2.73291015625,"(-70.92708587646484, -79.3516845703125, 744.3570556640625)","(-5.057040214538574, -77.21162414550781, 743.9722900390625)","(-3.6995229721069336, 105.4220199584961, 27.72870445251465)","(-4.526492595672607, 122.24447631835938, 33.8515739440918)",POINT (0.4873498529195786 0.4741662293672562),,,,,,,,,,,,,,,,,,,,,,,,,,,,,,,,,,,,,,,,,,,,,1,
0,54,27,437290020408,1856379050,1,1,"(0.49728095531463623, 0.5007488131523132)","(0.48697012662887573, 0.4824009835720062)",1,1,2.865142822265625,2.733551025390625,"(-71.08211517333984, -79.38371276855469, 744.5407104492188)","(-5.183443546295166, -77.13006591796875, 744.0465698242188)","(-0.6715312600135803, 108.96409606933594, 29.017902374267578)","(-4.244601249694824, 112.32485961914062, 30.241186141967773)",POINT (0.492125540971756 0.4915748983621597),,,,,,,,,,,,,,,,,,,,,,,,,,,,,,,,,,,,,,,,,,,,,1,
0,54,27,437290037076,1856395717,1,1,"(0.5019514560699463, 0.5520218014717102)","(0.5090194344520569, 0.4551083743572235)",1,1,2.7779541015625,2.7144317626953125,"(-71.16590118408203, -79.35663604736328, 744.1796875)","(-5.338733673095703, -77.04576110839844, 743.5872192382812)","(0.9469780325889587, 99.57235717773438, 25.599578857421875)","(3.3963019847869873, 117.32410430908203, 32.060707092285156)",POINT (0.5054854452610016 0.5035650879144669),,,,,,,,,,,,,,,,,,,,,,,,,,,,,,,,,,,,,,,,,,,,,1,
0,54,27,437290053743,1856412384,1,1,"(0.49160540103912354, 0.5622566342353821)","(0.4900548756122589, 0.44522491097450256)",1,1,2.7747955322265625,2.772216796875,"(-71.29065704345703, -79.36424255371094, 744.4022216796875)","(-5.386499881744385, -77.0063247680664, 743.2967529296875)","(-2.638303279876709, 97.69761657714844, 24.917219161987305)","(-3.1756200790405273, 119.13446044921875, 32.71963119506836)",POINT (0.4908301383256912 0.5037407726049423),,,,,,,,,,,,,,,,,,,,,,,,,,,,,,,,,,,,,,,,,,,,,1,
0,54,27,437290070412,1856429052,1,1,"(0.49102717638015747, 0.558539092540741)","(0.49882230162620544, 0.4169066250324249)",1,1,2.7299041748046875,2.759674072265625,"(-71.35833740234375, -79.33406066894531, 744.3262329101562)","(-5.483158111572266, -76.94310760498047, 743.3714599609375)","(-2.8386805057525635, 98.37857055664062, 25.165084838867188)","(-0.1373872309923172, 124.3215560913086, 34.60758972167969)",POINT (0.4949247390031815 0.487722858786583),,,,,,,,,,,,,,,,,,,,,,,,,,,,,,,,,,,,,,,,,,,,,1,
0,54,27,437290087079,1856445719,1,1,"(0.5152456760406494, 0.5826448202133179)","(0.5080744624137878, 0.4150749444961548)",1,1,2.722198486328125,2.7533111572265625,"(-71.3673095703125, -79.28441619873047, 744.1531982421875)","(-5.513932228088379, -76.88333129882812, 743.3859252929688)","(5.553902626037598, 93.96308898925781, 23.557994842529297)","(3.068824291229248, 124.6570816040039, 34.72968673706055)",POINT (0.5116600692272186 0.4988598823547363),,,,,,,,,,,,,,,,,,,,,,,,,,,,,,,,,,,,,,,,,,,,,1,
0,54,27,437290103747,1856462386,1,1,"(0.5089404582977295, 0.57649827003479)","(0.5123147368431091, 0.49605923891067505)",1,1,2.728744506835937,2.797119140625,"(-71.38019561767578, -79.21399688720703, 743.975341796875)","(-5.537155628204346, -76.77315521240234, 742.9747314453125)","(3.3689193725585938, 95.08895874023438, 23.967796325683594)","(4.538230895996094, 109.82308959960938, 29.33054542541504)",POINT (0.5106275975704193 0.5362787544727325),,,,,,,,,,,,,,,,,,,,,,,,,,,,,,,,,,,,,,,,,,,,,1,
0,54,27,437290120413,1856479052,1,1,"(0.5140653252601624, 0.5428952574729919)","(0.5188122391700745, 0.4317591190338135)",1,1,2.799545288085937,2.7497711181640625,"(-71.3634033203125, -79.15473175048828, 743.7742919921875)","(-5.531227111816406, -76.73770904541016, 742.91357421875)","(5.144883155822754, 101.24407958984375, 26.208030700683594)","(6.789861679077148, 121.60101318359375, 33.61737823486328)",POINT (0.5164387822151184 0.4873271882534027),,,,,,,,,,,,,,,,,,,,,,,,,,,,,,,,,,,,,,,,,,,,,1,
0,54,27,437290137081,1856495719,1,1,"(0.43729302287101746, 0.7402827143669128)","(0.5093047618865967, 0.4538281261920929)",1,1,2.3020477294921875,2.8281707763671875,"(-71.33576965332031, -79.07957458496094, 743.611328125)","(-5.482974052429199, -76.69827270507812, 742.7928466796875)","(-21.45952606201172, 65.0883560180664, 13.04846477508545)","(3.4951558113098145, 117.5586166381836, 32.14604187011719)",POINT (0.4732988923788071 0.5970554202795029),,,,,,,,,,,,,,,,,,,,,,,,,,,,,,,,,,,,,,,,,,,,,1,
0,54,27,437290153748,1856512386,1,1,"(0.5122412443161011, 0.5668941736221313)","(0.49496689438819885, 0.3788819909095764)",1,1,2.7799072265625,2.76611328125,"(-71.30531311035156, -79.04987335205078, 743.6978149414062)","(-5.424049377441406, -76.67459869384766, 742.6419067382812)","(4.512759208679199, 96.84815216064453, 24.60805892944336)","(-1.473427653312683, 131.28660583496094, 37.14261245727539)",POINT (0.50360406935215 0.4728880822658539),,,,,,,,,,,,,,,,,,,,,,,,,,,,,,,,,,,,,,,,,,,,,1,
0,54,27,437290170415,1856529052,1,1,"(0.5228879451751709, 0.5656060576438904)","(0.5047370791435242, 0.3708513379096985)",1,1,2.77947998046875,2.8095245361328125,"(-71.27820587158203, -79.02737426757812, 743.8756103515625)","(-5.397071361541748, -76.6800537109375, 742.779052734375)","(8.202239990234375, 97.0841064453125, 24.693941116333008)","(1.9123013019561768, 132.757568359375, 37.67806625366211)",POINT (0.5138125121593475 0.4682286977767944),,,,,,,,,,,,,,,,,,,,,,,,,,,,,,,,,,,,,,,,,,,,,1,
0,54,27,437290187090,1856545727,1,1,"(0.5050986409187317, 0.6080184578895569)","(0.5003897547721863, 0.4003964960575104)",1,1,2.7259979248046875,2.8258056640625,"(-71.20768737792969, -79.00193786621094, 743.7656860351562)","(-5.352913856506348, -76.70089721679688, 743.0689697265625)","(2.037581205368042, 89.31537628173828, 21.866357803344727)","(0.4057944416999817, 127.34575653076172, 35.70827865600586)",POINT (0.502744197845459 0.5042074769735336),,,,,,,,,,,,,,,,,,,,,,,,,,,,,,,,,,,,,,,,,,,,,1,
0,54,27,437290203758,1856562394,1,1,"(0.5100917220115662, 0.5915163159370422)","(0.4966726005077362, 0.3858562409877777)",1,1,2.7271270751953125,2.8293609619140625,"(-71.11297607421875, -78.93797302246094, 743.2401123046875)","(-5.283593654632568, -76.66168212890625, 742.735107421875)","(3.767883539199829, 92.33807373046875, 22.966567993164062)","(-0.8823258280754089, 130.00909423828125, 36.67771530151367)",POINT (0.5033821612596512 0.48868627846241),,,,,,,,,,,,,,,,,,,,,,,,,,,,,,,,,,,,,,,,,,,,,1,
0,54,27,437290237092,1856595727,1,1,"(0.5156956911087036, 0.5675305724143982)","(0.48648786544799805, 0.4289396405220032)",1,1,2.7816314697265625,2.7645263671875,"(-71.01923370361328, -78.91474914550781, 743.274658203125)","(-5.155185699462891, -76.68865966796875, 742.7369384765625)","(5.70985221862793, 96.73158264160156, 24.565650939941406)","(-4.411719799041748, 122.11746978759766, 33.80532455444336)",POINT (0.5010917782783508 0.4982351064682007),,,,,,,,,,,,,,,,,,,,,,,,,,,,,,,,,,,,,,,,,,,,,1,
0,54,27,437290270426,1856629060,1,1,"(0.5062140226364136, 0.5854410529136658)","(0.504886269569397, 0.4036385118961334)",1,1,2.801025390625,2.822250366210937,"(-70.950927734375, -78.92428588867188, 743.5863037109375)","(-5.069417953491211, -76.69258117675781, 742.58642578125)","(2.424109697341919, 93.45088195800781, 23.371583938598633)","(1.963984489440918, 126.75189971923828, 35.49217224121094)",POINT (0.5055501461029053 0.4945397824048996),,,,,,,,,,,,,,,,,,,,,,,,,,,,,,,,,,,,,,,,,,,,,1,
0,54,27,437290303760,1856662393,1,1,"(0.5194344520568848, 0.6119231581687927)","(0.49395009875297546, 0.354181170463562)",1,1,2.7459869384765625,2.78192138671875,"(-70.8489990234375, -78.90078735351562, 743.3905639648438)","(-4.931493759155273, -76.67039489746094, 742.4058227539062)","(7.005471706390381, 88.60014343261719, 21.606054306030273)","(-1.8257914781570435, 135.81106567382812, 38.78940963745117)",POINT (0.5066922754049301 0.4830521643161774),,,,,,,,,,,,,,,,,,,,,,,,,,,,,,,,,,,,,,,,,,,,,1,
0,54,27,437290337099,1856695731,1,1,"(0.4997175633907318, 0.5912139415740967)","(0.5055080652236938, 0.4169454276561737)",1,1,2.7561798095703125,2.772216796875,"(-70.70735168457031, -78.90819549560547, 743.4031372070312)","(-4.87719202041626, -76.75221252441406, 743.166748046875)","(0.172854945063591, 92.39347839355469, 22.986692428588867)","(2.17946195602417, 124.31444549560547, 34.60501480102539)",POINT (0.5026128143072128 0.5040796846151352),,,,,,,,,,,,,,,,,,,,,,,,,,,,,,,,,,,,,,,,,,,,,1,
0,54,27,437290370433,1856729064,1,1,"(0.5160572528839111, 0.6650875806808472)","(0.50676029920578, 0.4321337640285492)",1,1,2.635009765625,2.787109375,"(-70.67353820800781, -78.947021484375, 743.5057373046875)","(-4.820575714111328, -76.7022705078125, 742.392333984375)","(5.835141658782959, 78.86193084716797, 18.061628341674805)","(2.61342191696167, 121.53239440917969, 33.5923957824707)",POINT (0.5114087760448456 0.5486106723546982),,,,,,,,,,,,,,,,,,,,,,,,,,,,,,,,,,,,,,,,,,,,,1,
0,54,27,437290387100,1856745731,1,1,"(0.5085554718971252, 0.5719596743583679)","(0.5047078728675842, 0.45068982243537903)",1,1,2.790252685546875,2.8188629150390625,"(-70.63703918457031, -78.95634460449219, 743.3597412109375)","(-4.7898383140563965, -76.70076751708984, 742.2250366210938)","(3.235490322113037, 95.9203109741211, 24.27033233642578)","(1.902173638343811, 118.13346862792969, 32.35525894165039)",POINT (0.5066316723823547 0.5113247483968735),,,,,,,,,,,,,,,,,,,,,,,,,,,,,,,,,,,,,,,,,,,,,1,
0,54,27,437290487108,1856845736,1,1,"(0.44197213649749756, 0.7141290903091431)","(0.49701619148254395, 0.49282488226890564)",1,1,2.34442138671875,2.843612670898437,"(-70.58082580566406, -79.00335693359375, 743.8392333984375)","(-4.657037734985352, -76.7817153930664, 743.2154541015625)","(-19.838043212890625, 69.87895202636719, 14.792108535766602)","(-0.7632724046707153, 110.41551208496094, 29.546222686767578)",POINT (0.4694941639900208 0.6034769862890244),,,,,,,,,,,,,,,,,,,,,,,,,,,,,,,,,,,,,,,,,,,,,,
0,54,27,437290520442,1856879069,1,1,"(0.5434549450874329, 0.6214574575424194)","(0.5105571746826172, 0.45620641112327576)",1,1,2.65545654296875,2.7921295166015625,"(-70.56129455566406, -78.98477935791016, 744.059326171875)","(-4.636237621307373, -76.75782012939453, 743.2305908203125)","(15.329459190368652, 86.85372161865234, 20.970413208007812)","(3.9291698932647705, 117.12296295166016, 31.987506866455078)",POINT (0.527006059885025 0.5388319343328476),,,,,,,,,,,,,,,,,,,,,,,,,,,,,,,,,,,,,,,,,,,,,1,
0,54,27,437290537110,1856895736,1,1,"(0.6080308556556702, 0.5405580401420593)","(0.5086020231246948, 0.4099584221839905)",1,1,2.4135894775390625,2.8044586181640625,"(-70.55109405517578, -78.966796875, 744.108154296875)","(-4.6346893310546875, -76.7557144165039, 743.2005615234375)","(37.70738220214844, 101.67217254638672, 26.363889694213867)","(3.2516496181488037, 125.59428405761719, 35.07078170776367)",POINT (0.5583164393901825 0.4752582311630249),,,,,,,,,,,,,,,,,,,,,,,,,,,,,,,,,,,,,,,,,,,,,1,
0,54,27,437290620450,1856979074,1,1,"(0.5289308428764343, 0.6339038610458374)","(0.5169879794120789, 0.414162814617157)",1,1,2.6964569091796875,2.8549957275390625,"(-70.49002838134766, -78.85243225097656, 743.8883056640625)","(-4.595766067504883, -76.7118911743164, 742.6988525390625)","(10.296320915222168, 84.57390594482422, 20.140586853027344)","(6.157676696777344, 124.82413482666016, 34.7905387878418)",POINT (0.5229594111442566 0.5240333378314972),,,,,,,,,,,,,,,,,,,,,,,,,,,,,,,,,,,,,,,,,,,,,1,
0,54,27,437291037143,1857395754,1,1,"(0.5031223297119141, 0.9023869633674622)","(0.49468520283699036, 0.37965261936187744)",1,1,1.9043426513671875,2.8284149169921875,"(-70.5752182006836, -78.74072265625, 742.7987060546875)","(-4.694684028625488, -76.60388946533203, 741.7864990234375)","(1.3527259826660156, 35.39551544189453, 2.2411317825317383)","(-1.5710428953170776, 131.14544677734375, 37.09125518798828)",POINT (0.4989037662744522 0.6410197913646698),,,,,,,,,,,,,,,,,,,,,,,,,,,,,,,,,,,,,,,,,,,,,,1
0,54,27,437291053811,1857412421,1,1,"(0.5445345044136047, 0.6709111332893372)","(0.503429114818573, 0.3945028781890869)",1,1,2.6033935546875,2.8218994140625,"(-70.53280639648438, -78.71690368652344, 742.685791015625)","(-4.654723644256592, -76.64900970458984, 742.1815185546875)","(15.70357608795166, 77.79521942138672, 17.673381805419922)","(1.459031343460083, 128.42529296875, 36.10121536254883)",POINT (0.5239818096160889 0.532707005739212),,,,,,,,,,,,,,,,,,,,,,,,,,,,,,,,,,,,,,,,,,,,,1,
0,54,27,437291087143,1857445752,1,1,"(0.5401068329811096, 0.6385409235954285)","(0.490054190158844, 0.45761457085609436)",1,1,2.6516571044921875,2.866439819335937,"(-70.44860076904297, -78.6932601928711, 742.4703979492188)","(-4.548859596252441, -76.61984252929688, 741.5458374023438)","(14.169217109680176, 83.72452545166016, 19.831451416015625)","(-3.1758599281311035, 116.86504364013672, 31.89362144470215)",POINT (0.5150805115699768 0.5480777472257614),,,,,,,,,,,,,,,,,,,,,,,,,,,,,,,,,,,,,,,,,,,,,1,
0,54,27,437291153818,1857512425,1,1,"(0.42825332283973694, 1.0473345518112183)","(0.4950835108757019, 0.4953010678291321)",1,1,1.528350830078125,2.932647705078125,"(-70.40296173095703, -78.63896942138672, 742.5234375)","(-4.524163246154785, -76.60128784179688, 741.2276611328125)","(-24.592113494873047, 8.845285415649414, -7.422348499298096)","(-1.4330099821090698, 109.96196746826172, 29.38109588623047)",POINT (0.4616684168577194 0.7713178098201752),,,,,,,,,,,,,,,,,,,,,,,,,,,,,,,,,,,,,,,,,,,,,,
0,54,27,437291220487,1857579092,1,1,"(0.5070343017578125, 0.5606157183647156)","(0.4970475137233734, 0.3878808319568634)",1,1,2.76495361328125,2.853866577148437,"(-70.49240112304688, -78.6375503540039, 742.4125366210938)","(-4.60137939453125, -76.6846923828125, 741.8480224609375)","(2.7083535194396973, 97.99817657470703, 25.026668548583984)","(-0.7524129748344421, 129.6382598876953, 36.54267501831055)",POINT (0.502040907740593 0.4742482751607895),,,,,,,,,,,,,,,,,,,,,,,,,,,,,,,,,,,,,,,,,,,,,1,
0,54,27,437291237159,1857595764,1,1,"(0.5588153600692749, 0.6110319495201111)","(0.5036659836769104, 0.45528626441955566)",1,1,2.6376495361328125,2.9325103759765625,"(-70.51097106933594, -78.6499252319336, 742.4089965820312)","(-4.646568775177002, -76.68353271484375, 741.7113037109375)","(20.652393341064453, 88.76338195800781, 21.66547393798828)","(1.5411096811294556, 117.2915267944336, 32.048824310302734)",POINT (0.5312406718730927 0.5331591069698334),,,,,,,,,,,,,,,,,,,,,,,,,,,,,,,,,,,,,,,,,,,,,1,
0,54,27,437291253827,1857612431,1,1,"(0.5071930289268494, 0.6224347352981567)","(0.5066871047019958, 0.42577114701271057)",1,1,2.6817626953125,2.8863677978515625,"(-70.54475402832031, -78.62913513183594, 742.3707885742188)","(-4.705629348754883, -76.61502838134766, 741.3164672851562)","(2.763359785079956, 86.67472076416016, 20.905241012573242)","(2.5880508422851562, 122.69783020019531, 34.016605377197266)",POINT (0.5069400668144226 0.5241029411554337),,,,,,,,,,,,,,,,,,,,,,,,,,,,,,,,,,,,,,,,,,,,,1,
0,54,27,437291287161,1857645764,1,1,"(0.5174918174743652, 0.6183005571365356)","(0.49431103467941284, 0.43430617451667786)",1,1,2.667816162109375,2.8616943359375,"(-70.63667297363281, -78.64498901367188, 742.2105712890625)","(-4.772706031799316, -76.61122131347656, 741.3157348632812)","(6.3322834968566895, 87.4319839477539, 21.18086814880371)","(-1.7007267475128174, 121.13446807861328, 33.447566986083984)",POINT (0.505901426076889 0.5263033658266068),,,,,,,,,,,,,,,,,,,,,,,,,,,,,,,,,,,,,,,,,,,,,1,
0,54,27,437291370500,1857729101,1,1,"(0.48886436223983765, 0.5357835292816162)","(0.5074000358581543, 0.4261917769908905)",1,1,2.8993377685546875,2.861480712890625,"(-70.83879852294922, -78.65775299072266, 742.4786376953125)","(-4.972688674926758, -76.57345581054688, 741.11572265625)","(-3.588179349899292, 102.5467300415039, 26.68216896057129)","(2.835104465484619, 122.62079620361328, 33.98855972290039)",POINT (0.498132199048996 0.4809876531362534),,,,,,,,,,,,,,,,,,,,,,,,,,,,,,,,,,,,,,,,,,,,,1,
0,54,27,437291387168,1857745768,1,1,"(0.5093436241149902, 0.5935465693473816)","(0.4969816505908966, 0.38523444533348083)",1,1,2.665618896484375,2.817611694335937,"(-70.85113525390625, -78.64042663574219, 742.4138793945312)","(-4.977170944213867, -76.56019592285156, 741.0400390625)","(3.5086371898651123, 91.96620178222656, 22.83118438720703)","(-0.7752401828765869, 130.1230010986328, 36.719139099121094)",POINT (0.5031626373529434 0.4893905073404312),,,,,,,,,,,,,,,,,,,,,,,,,,,,,,,,,,,,,,,,,,,,,1,
0,54,27,437291487171,1857845768,1,1,"(0.5066143274307251, 0.5452203154563904)","(0.5081393718719482, 0.42721039056777954)",1,1,2.7567138671875,2.873443603515625,"(-70.76475524902344, -78.68992614746094, 742.1033325195312)","(-4.9563751220703125, -76.64117431640625, 741.31298828125)","(2.562847375869751, 100.81818389892578, 26.053037643432617)","(3.091313600540161, 122.43421173095703, 33.92063522338867)",POINT (0.5073768496513367 0.486215353012085),,,,,,,,,,,,,,,,,,,,,,,,,,,,,,,,,,,,,,,,,,,,,1,
0,54,27,437291503843,1857862440,1,1,"(0.48700112104415894, 0.531651496887207)","(0.5024150013923645, 0.4108899235725403)",1,1,2.9088592529296875,2.8852996826171875,"(-70.74783325195312, -78.7200927734375, 742.13671875)","(-4.93161678314209, -76.71245574951172, 741.570556640625)","(-4.2338643074035645, 103.30359649658203, 26.957683563232422)","(1.107629656791687, 125.42366027832031, 35.00868225097656)",POINT (0.4947080612182617 0.4712707102298737),,,,,,,,,,,,,,,,,,,,,,,,,,,,,,,,,,,,,,,,,,,,,1,
0,54,27,437291537177,1857895773,1,1,"(0.4975287616252899, 0.5092845559120178)","(0.4930393397808075, 0.4199275076389313)",1,1,2.88336181640625,2.8715972900390625,"(-70.7025146484375, -78.75775146484375, 742.2088012695312)","(-4.8700852394104, -76.81861877441406, 742.117919921875)","(-0.5856562852859497, 107.40060424804688, 28.448806762695312)","(-2.1414027214050293, 123.76824188232422, 34.40615463256836)",POINT (0.4952840507030487 0.4646060317754746),,,,,,,,,,,,,,,,,,,,,,,,,,,,,,,,,,,,,,,,,,,,,1,
0,54,27,437291570511,1857929106,1,1,"(0.5031859278678894, 0.5552920699119568)","(0.4994227886199951, 0.37984657287597656)",1,1,2.80816650390625,2.882354736328125,"(-70.61984252929688, -78.76336669921875, 742.227294921875)","(-4.7818403244018555, -76.81946563720703, 741.7552490234375)","(1.3747631311416626, 98.97332000732422, 25.381582260131836)","(0.07070036977529526, 131.1099090576172, 37.078346252441406)",POINT (0.5013043582439423 0.4675693213939667),,,,,,,,,,,,,,,,,,,,,,,,,,,,,,,,,,,,,,,,,,,,,1,
0,54,27,437291587179,1857945773,1,1,"(0.49033689498901367, 0.5334112644195557)","(0.4980544447898865, 0.3721412718296051)",1,1,2.87371826171875,2.887451171875,"(-70.58238220214844, -78.77186584472656, 742.3897705078125)","(-4.737695217132568, -76.81503295898438, 741.6343383789062)","(-3.0778908729553223, 102.98125457763672, 26.84032440185547)","(-0.40347400307655334, 132.5212860107422, 37.592041015625)",POINT (0.4941956698894501 0.4527762681245804),,,,,,,,,,,,,,,,,,,,,,,,,,,,,,,,,,,,,,,,,,,,,1,
0,54,27,437291603844,1857962438,1,1,"(0.4812747538089752, 0.543601393699646)","(0.5002999901771545, 0.3772624135017395)",1,1,2.8573760986328125,2.87994384765625,"(-70.5384750366211, -78.76547241210938, 742.384521484375)","(-4.706601619720459, -76.836669921875, 741.7863159179688)","(-6.218265056610107, 101.1147232055664, 26.160999298095703)","(0.37466666102409363, 131.58323669433594, 37.25065994262695)",POINT (0.4907873719930649 0.4604319036006928),,,,,,,,,,,,,,,,,,,,,,,,,,,,,,,,,,,,,,,,,,,,,1,
0,54,27,437291620513,1857979106,1,1,"(0.49139317870140076, 0.5230772495269775)","(0.500583291053772, 0.3904772698879242)",1,1,2.8379058837890625,2.8844146728515625,"(-70.51210021972656, -78.77616119384766, 742.5296630859375)","(-4.663853168487549, -76.89025115966797, 742.37890625)","(-2.711855173110962, 104.87415313720703, 27.529308319091797)","(0.4728598892688751, 129.1626739501953, 36.36957931518555)",POINT (0.4959882348775864 0.4567772597074509),,,,,,,,,,,,,,,,,,,,,,,,,,,,,,,,,,,,,,,,,,,,,1,
0,54,27,437291653852,1858012444,1,1,"(0.4775884449481964, 0.9494079947471619)","(0.5003358721733093, 0.3436085283756256)",1,1,1.7366790771484375,2.871810913085937,"(-70.39852142333984, -78.78872680664062, 742.553955078125)","(-4.536813735961914, -76.86109924316406, 741.80419921875)","(-7.495702266693115, 26.7825984954834, -0.893704354763031)","(0.3871285319328308, 137.7476806640625, 39.494266510009766)",POINT (0.4889621585607529 0.6465082615613937),,,,,,,,,,,,,,,,,,,,,,,,,,,,,,,,,,,,,,,,,,,,,,1
0,54,27,437291703853,1858062444,1,1,"(0.5119352340698242, 0.5524826645851135)","(0.4892454743385315, 0.4154953956604004)",1,1,2.816925048828125,2.85894775390625,"(-70.22575378417969, -78.86735534667969, 742.503173828125)","(-4.357832908630371, -77.01639556884766, 742.170166015625)","(4.406732559204102, 99.48790740966797, 25.568923950195312)","(-3.4561216831207275, 124.58007049560547, 34.70165252685547)",POINT (0.5005903542041779 0.483989030122757),,,,,,,,,,,,,,,,,,,,,,,,,,,,,,,,,,,,,,,,,,,,,1,
0,54,27,437291720520,1858079110,1,1,"(0.4810827076435089, 0.5219219923019409)","(0.4988809823989868, 0.40931305289268494)",1,1,2.875762939453125,2.8973541259765625,"(-70.14845275878906, -78.88798522949219, 742.6592407226562)","(-4.270840644836426, -77.04750061035156, 741.83740234375)","(-6.2848029136657715, 105.08576202392578, 27.606342315673828)","(-0.1170634850859642, 125.71249389648438, 35.11384963989258)",POINT (0.4899818450212479 0.4656175225973129),,,,,,,,,,,,,,,,,,,,,,,,,,,,,,,,,,,,,,,,,,,,,1,
0,54,27,437291737187,1858095777,1,1,"(0.4853683412075043, 0.5517003536224365)","(0.48414236307144165, 0.42743435502052307)",1,1,2.796844482421875,2.8543243408203125,"(-70.0711441040039, -78.90283203125, 742.73828125)","(-4.192093849182129, -77.11459350585938, 742.096435546875)","(-4.799680709838867, 99.63123321533203, 25.620994567871094)","(-5.224536895751953, 122.3931884765625, 33.90571212768555)",POINT (0.484755352139473 0.4895673543214798),,,,,,,,,,,,,,,,,,,,,,,,,,,,,,,,,,,,,,,,,,,,,1,
0,54,27,437291770524,1858129113,1,1,"(0.4649961590766907, 0.528535008430481)","(0.492762953042984, 0.40612444281578064)",1,1,2.8775177001953125,2.877105712890625,"(-69.85298919677734, -78.86503601074219, 742.4884033203125)","(-3.9945154190063477, -77.07496643066406, 741.355712890625)","(-11.859390258789062, 103.87444305419922, 27.16543960571289)","(-2.237165689468384, 126.29655456542969, 35.3264045715332)",POINT (0.4788795560598373 0.4673297256231308),,,,,,,,,,,,,,,,,,,,,,,,,,,,,,,,,,,,,,,,,,,,,1,
0,54,27,437291787192,1858145780,1,1,"(0.49517470598220825, 0.8819357752799988)","(0.5016279816627502, 0.40348443388938904)",1,1,1.9375152587890625,2.8582305908203125,"(-69.76136779785156, -78.86064910888672, 742.446044921875)","(-3.9127817153930664, -77.19757843017578, 742.6013793945312)","(-1.4014227390289307, 39.141571044921875, 3.604614019393921)","(0.8348683714866638, 126.78013610839844, 35.502384185791016)",POINT (0.4984013438224792 0.6427101045846939),,,,,,,,,,,,,,,,,,,,,,,,,,,,,,,,,,,,,,,,,,,,,,1
0,54,27,437291803859,1858162447,1,1,"(0.48228296637535095, 0.5173520445823669)","(0.49710384011268616, 0.4467002749443054)",1,1,2.8560791015625,2.897186279296875,"(-69.66107177734375, -78.82234954833984, 742.2792358398438)","(-3.8164305686950684, -77.14959716796875, 741.8428955078125)","(-5.868864059448242, 105.92283630371094, 27.910999298095703)","(-0.7329062819480896, 118.86422729492188, 32.621273040771484)",POINT (0.4896934032440186 0.4820261597633362),,,,,,,,,,,,,,,,,,,,,,,,,,,,,,,,,,,,,,,,,,,,,1,
0,54,27,437291870527,1858229113,1,1,"(0.47503921389579773, 0.5700339078903198)","(0.4983358085155487, 0.45494160056114197)",1,1,2.8236083984375,2.84930419921875,"(-69.35563659667969, -78.79899597167969, 742.3590698242188)","(-3.5184149742126465, -77.24248504638672, 741.81494140625)","(-8.379091262817383, 96.27303314208984, 24.398775100708008)","(-0.30597737431526184, 117.35466003417969, 32.07179641723633)",POINT (0.4866875112056732 0.5124877542257309),,,,,,,,,,,,,,,,,,,,,,,,,,,,,,,,,,,,,,,,,,,,,1,
0,54,27,437291887195,1858245780,1,1,"(0.44787633419036865, 0.6224597096443176)","(0.5015459656715393, 0.43745124340057373)",1,1,2.687103271484375,2.8983917236328125,"(-69.30245208740234, -78.7884750366211, 742.4483032226562)","(-3.4647624492645264, -77.26229858398438, 741.8910522460938)","(-17.792030334472656, 86.6701431274414, 20.90359115600586)","(0.8064436912536621, 120.55838012695312, 33.23789596557617)",POINT (0.474711149930954 0.5299554765224457),,,,,,,,,,,,,,,,,,,,,,,,,,,,,,,,,,,,,,,,,,,,,1,
0,54,27,437291903859,1858262444,1,1,"(0.48237183690071106, 0.5732005834579468)","(0.49745550751686096, 0.4598345160484314)",1,1,2.7818603515625,2.86077880859375,"(-69.26866149902344, -78.7940673828125, 742.4844970703125)","(-3.4240002632141113, -77.3049087524414, 742.1193237304688)","(-5.838069438934326, 95.69300842285156, 24.18762969970703)","(-0.6110286116600037, 116.45841979980469, 31.745616912841797)",POINT (0.489913672208786 0.5165175497531891),,,,,,,,,,,,,,,,,,,,,,,,,,,,,,,,,,,,,,,,,,,,,1,
0,54,27,437291970528,1858329111,1,1,"(0.4785010516643524, 0.5658023953437805)","(0.4977973401546478, 0.41669461131095886)",1,1,2.7711944580078125,2.815948486328125,"(-69.18699645996094, -78.8382797241211, 742.7977905273438)","(-3.311525821685791, -77.36650085449219, 741.9539184570312)","(-7.179454803466797, 97.04813385009766, 24.680864334106445)","(-0.492565393447876, 124.36039733886719, 34.62171173095703)",POINT (0.4881491959095001 0.4912485033273697),,,,,,,,,,,,,,,,,,,,,,,,,,,,,,,,,,,,,,,,,,,,,1,
0,54,27,437292003862,1858362444,1,1,"(0.47585952281951904, 0.5954185128211975)","(0.5064229369163513, 0.433056116104126)",1,1,2.73675537109375,2.848785400390625,"(-69.16352081298828, -78.89535522460938, 742.7861938476562)","(-3.299344539642334, -77.38162994384766, 741.8328247070312)","(-8.094839096069336, 91.62329864501953, 22.70643424987793)","(2.496504306793213, 121.36343383789062, 33.53091049194336)",POINT (0.4911412298679352 0.5142373144626617),,,,,,,,,,,,,,,,,,,,,,,,,,,,,,,,,,,,,,,,,,,,,1,
0,54,27,437292053877,1858412457,1,1,"(0.4682173430919647, 0.5299514532089233)","(0.4979960322380066, 0.4409090280532837)",1,1,2.8211822509765625,2.863128662109375,"(-69.17739868164062, -78.95336151123047, 742.7265014648438)","(-3.3417983055114746, -77.46099853515625, 742.3788452148438)","(-10.743131637573242, 103.61499786376953, 27.071012496948242)","(-0.4237236976623535, 119.92501068115234, 33.00736999511719)",POINT (0.4831066876649857 0.4854302406311035),,,,,,,,,,,,,,,,,,,,,,,,,,,,,,,,,,,,,,,,,,,,,1,
0,54,27,437292103878,1858462457,1,1,"(0.4708709418773651, 0.5948172807693481)","(0.4973791837692261, 0.4832038879394531)",1,1,2.768524169921875,2.9044342041015625,"(-69.27617645263672, -79.00004577636719, 742.79736328125)","(-3.405306816101074, -77.51053619384766, 742.8646850585938)","(-9.82356071472168, 91.73344421386719, 22.746490478515625)","(-0.6374812126159668, 112.17781829833984, 30.187585830688477)",POINT (0.4841250628232956 0.5390105843544006),,,,,,,,,,,,,,,,,,,,,,,,,,,,,,,,,,,,,,,,,,,,,1,
0,54,27,437292237220,1858595795,1,1,"(0.4796909987926483, 0.6443618535995483)","(0.5032004714012146, 0.45752912759780884)",1,1,2.7351837158203125,2.8287353515625,"(-69.58251953125, -79.21278381347656, 742.935546875)","(-3.7047295570373535, -77.63080596923828, 742.4818115234375)","(-6.767083644866943, 82.6583023071289, 19.443382263183594)","(1.3798134326934814, 116.88069152832031, 31.899314880371094)",POINT (0.4914457350969315 0.5509454905986786),,,,,,,,,,,,,,,,,,,,,,,,,,,,,,,,,,,,,,,,,,,,,1,
0,54,27,437292253887,1858612461,1,1,"(0.4769834876060486, 0.5954697132110596)","(0.49315762519836426, 0.5094871520996094)",1,1,2.844451904296875,2.881134033203125,"(-69.64434814453125, -79.2166748046875, 743.138916015625)","(-3.771733283996582, -77.59613800048828, 742.6021728515625)","(-7.705331802368164, 91.61393737792969, 22.702951431274414)","(-2.100402593612671, 107.36346435546875, 28.435335159301758)",POINT (0.4850705564022064 0.5524784326553345),,,,,,,,,,,,,,,,,,,,,,,,,,,,,,,,,,,,,,,,,,,,,1,
0,54,27,437292287228,1858645801,1,1,"(0.49511510133743286, 0.6367074251174927)","(0.49291086196899414, 0.5154321193695068)",1,1,2.710678100585937,2.820526123046875,"(-69.75982666015625, -79.21977233886719, 743.0843505859375)","(-3.8663864135742188, -77.58738708496094, 742.8448486328125)","(-1.4220744371414185, 84.06036376953125, 19.95371437072754)","(-2.1859145164489746, 106.27452087402344, 28.038999557495117)",POINT (0.4940129816532135 0.5760697722434998),,,,,,,,,,,,,,,,,,,,,,,,,,,,,,,,,,,,,,,,,,,,,1,
0,54,27,437292303894,1858662467,1,1,"(0.5026608109474182, 0.6889382004737854)","(0.5043656229972839, 0.4961342513561249)",1,1,2.6398468017578125,2.860748291015625,"(-69.78439331054688, -79.21285247802734, 742.9712524414062)","(-3.902839183807373, -77.58416748046875, 742.7987060546875)","(1.1927841901779175, 74.49317932128906, 16.47153663635254)","(1.7835862636566162, 109.80934143066406, 29.325546264648438)",POINT (0.5035132169723511 0.5925362259149551),,,,,,,,,,,,,,,,,,,,,,,,,,,,,,,,,,,,,,,,,,,,,1,
0,54,27,437292337229,1858695801,1,1,"(0.5661928653717041, 0.9994924068450928)","(0.5023999214172363, 0.52275151014328)",1,1,1.9840240478515625,2.8537139892578125,"(-69.85348510742188, -79.1805191040039, 742.9263916015625)","(-4.005112171173096, -77.50366973876953, 742.6763305664062)","(23.208974838256836, 17.608579635620117, -4.2327470779418945)","(1.1023855209350586, 104.93383026123047, 27.551000595092773)",POINT (0.5342963933944702 0.7611219584941864),,,,,,,,,,,,,,,,,,,,,,,,,,,,,,,,,,,,,,,,,,,,,,1
0,54,27,437292353896,1858712467,1,1,"(0.5320410132408142, 0.7398514151573181)","(0.5036566257476807, 0.488385945558548)",1,1,2.4848785400390625,2.882659912109375,"(-69.94144439697266, -79.15967559814453, 743.0140380859375)","(-4.078369140625, -77.463623046875, 742.6300659179688)","(11.374103546142578, 65.16734313964844, 13.077221870422363)","(1.537895917892456, 111.22860717773438, 29.842153549194336)",POINT (0.5178488194942474 0.614118680357933),,,,,,,,,,,,,,,,,,,,,,,,,,,,,,,,,,,,,,,,,,,,,,1
0,54,27,437292420569,1858779138,1,1,"(0.48905056715011597, 0.6419086456298828)","(0.4831427037715912, 0.47442200779914856)",1,1,2.7383270263671875,2.7937469482421875,"(-70.1545639038086, -79.0976791381836, 742.8709106445312)","(-4.272341728210449, -77.38284301757812, 742.5059204101562)","(-3.5236568450927734, 83.10765838623047, 19.6069393157959)","(-5.570947170257568, 113.78639221191406, 30.773109436035156)",POINT (0.4860966354608536 0.5581653267145157),,,,,,,,,,,,,,,,,,,,,,,,,,,,,,,,,,,,,,,,,,,,,1,
