,pid,stimulus_number,coordinates,current_time,current_time1,geometry,define.1,afunc.1,input1.1,input2.1,input3.1,input4.1,input5.1,  .1,cond.1,-----------.1,    .1,and.1,>.1,input1.2,21.1,>=.1,input4.2,110.1,>=.2,input5.2,56.1,-----------.3,-----------.4,    .2,and.2,or.1,=.1,input1.3,17.1,nan.7,=.2,input1.4,21.2,-----------.8,>=.3,input2.2,3.1,=.3,input4.3,110.2,>=.4,input5.3,56.2,-----------.9,-----------.10,    .3,and.3,or.2,-----------.11,input1.5,17.2,-----------.13,=.4,input1.6,21.3,-----------.14,-----------.15,input2.3,2.1,=.5,input3.2,156.1,>=.5,input4.4,11.1,>=.6,input5.4,1054.1,-----------.16,-----------.17,    .4,and.4,or.3,-----------.18,input1.7,17.3,-----------.20,=.6,input1.8,21.4,-----------.21,-----------.22,input2.4,2.2,=.7,input3.3,156.2,>=.7,input4.5,9.1,>=.8,input5.5,1054.2,-----------.23,    .5,else.1,-----------.24,-----------.25,question,code,choices
0,15,28,"{'x': 914.2207555069881, 'y': 207.42890102535944, 'elapsedTime': 111974.80000007153}",936690584830,5148990273,POINT (0.476156643493223 0.1920637972457032),,,,,,,,,,,,,,,,,,,,,,,,,,,,,,,,,,,,,,,,,,,,,,,,,,,,,,,,,,,,,,,,,,,,,,,,,,,,,,,,,,,,,,,,,,,,,,,,,,,1,,
0,15,28,"{'x': 914.2207555069881, 'y': 207.42890102535944, 'elapsedTime': 111974.80000007153}",936690601498,5149006940,POINT (0.476156643493223 0.1920637972457032),,,,,,,,,,,,,,,,,,,,,,,,,,,,,,,,,,,,,,,,,,,,,,,,,,,,,,,,,,,,,,,,,,,,,,,,,,,,,,,,,,,,,,,,,,,,,,,,,,,1,,
0,15,28,"{'x': 914.4200684594834, 'y': 186.50334803675142, 'elapsedTime': 112029}",936690618164,5149023606,POINT (0.4762604523226476 0.1726882852192143),,,,,,,,,,,,,,,,,,,,,,,,,,,,,,,,,,,,,,,,,,,,,,,,,,,,,,,,,,,,,,,,,,,,,,,,,,,,,,,,,,,,,,,,,,,,,,,,,,,1,,
0,15,28,"{'x': 914.4200684594834, 'y': 186.50334803675142, 'elapsedTime': 112029}",936690634832,5149040273,POINT (0.4762604523226476 0.1726882852192143),,,,,,,,,,,,,,,,,,,,,,,,,,,,,,,,,,,,,,,,,,,,,,,,,,,,,,,,,,,,,,,,,,,,,,,,,,,,,,,,,,,,,,,,,,,,,,,,,,,1,,
0,15,28,"{'x': 914.4200684594834, 'y': 186.50334803675142, 'elapsedTime': 112029}",936690651500,5149056941,POINT (0.4762604523226476 0.1726882852192143),,,,,,,,,,,,,,,,,,,,,,,,,,,,,,,,,,,,,,,,,,,,,,,,,,,,,,,,,,,,,,,,,,,,,,,,,,,,,,,,,,,,,,,,,,,,,,,,,,,1,,
0,15,28,"{'x': 914.4200684594834, 'y': 186.50334803675142, 'elapsedTime': 112029}",936690668168,5149073608,POINT (0.4762604523226476 0.1726882852192143),,,,,,,,,,,,,,,,,,,,,,,,,,,,,,,,,,,,,,,,,,,,,,,,,,,,,,,,,,,,,,,,,,,,,,,,,,,,,,,,,,,,,,,,,,,,,,,,,,,1,,
0,15,28,"{'x': 914.4200684594834, 'y': 186.50334803675142, 'elapsedTime': 112029}",936690684835,5149090275,POINT (0.4762604523226476 0.1726882852192143),,,,,,,,,,,,,,,,,,,,,,,,,,,,,,,,,,,,,,,,,,,,,,,,,,,,,,,,,,,,,,,,,,,,,,,,,,,,,,,,,,,,,,,,,,,,,,,,,,,1,,
0,15,28,"{'x': 914.4200684594834, 'y': 186.50334803675142, 'elapsedTime': 112029}",936690701501,5149106941,POINT (0.4762604523226476 0.1726882852192143),,,,,,,,,,,,,,,,,,,,,,,,,,,,,,,,,,,,,,,,,,,,,,,,,,,,,,,,,,,,,,,,,,,,,,,,,,,,,,,,,,,,,,,,,,,,,,,,,,,1,,
0,15,28,"{'x': 914.4200684594834, 'y': 186.50334803675142, 'elapsedTime': 112029}",936690718169,5149123608,POINT (0.4762604523226476 0.1726882852192143),,,,,,,,,,,,,,,,,,,,,,,,,,,,,,,,,,,,,,,,,,,,,,,,,,,,,,,,,,,,,,,,,,,,,,,,,,,,,,,,,,,,,,,,,,,,,,,,,,,1,,
0,15,28,"{'x': 914.4200684594834, 'y': 186.50334803675142, 'elapsedTime': 112029}",936690734836,5149140275,POINT (0.4762604523226476 0.1726882852192143),,,,,,,,,,,,,,,,,,,,,,,,,,,,,,,,,,,,,,,,,,,,,,,,,,,,,,,,,,,,,,,,,,,,,,,,,,,,,,,,,,,,,,,,,,,,,,,,,,,1,,
0,15,28,"{'x': 914.4200684594834, 'y': 186.50334803675142, 'elapsedTime': 112029}",936690751503,5149156941,POINT (0.4762604523226476 0.1726882852192143),,,,,,,,,,,,,,,,,,,,,,,,,,,,,,,,,,,,,,,,,,,,,,,,,,,,,,,,,,,,,,,,,,,,,,,,,,,,,,,,,,,,,,,,,,,,,,,,,,,1,,
0,15,28,"{'x': 914.4200684594834, 'y': 186.50334803675142, 'elapsedTime': 112029}",936690768170,5149173608,POINT (0.4762604523226476 0.1726882852192143),,,,,,,,,,,,,,,,,,,,,,,,,,,,,,,,,,,,,,,,,,,,,,,,,,,,,,,,,,,,,,,,,,,,,,,,,,,,,,,,,,,,,,,,,,,,,,,,,,,1,,
0,15,28,"{'x': 914.4200684594834, 'y': 186.50334803675142, 'elapsedTime': 112029}",936690784846,5149190283,POINT (0.4762604523226476 0.1726882852192143),,,,,,,,,,,,,,,,,,,,,,,,,,,,,,,,,,,,,,,,,,,,,,,,,,,,,,,,,,,,,,,,,,,,,,,,,,,,,,,,,,,,,,,,,,,,,,,,,,,1,,
0,15,28,"{'x': 914.4200684594834, 'y': 186.50334803675142, 'elapsedTime': 112029}",936690801512,5149206949,POINT (0.4762604523226476 0.1726882852192143),,,,,,,,,,,,,,,,,,,,,,,,,,,,,,,,,,,,,,,,,,,,,,,,,,,,,,,,,,,,,,,,,,,,,,,,,,,,,,,,,,,,,,,,,,,,,,,,,,,1,,
0,15,28,"{'x': 914.4200684594834, 'y': 186.50334803675142, 'elapsedTime': 112029}",936690818180,5149223616,POINT (0.4762604523226476 0.1726882852192143),,,,,,,,,,,,,,,,,,,,,,,,,,,,,,,,,,,,,,,,,,,,,,,,,,,,,,,,,,,,,,,,,,,,,,,,,,,,,,,,,,,,,,,,,,,,,,,,,,,1,,
0,15,28,"{'x': 914.4200684594834, 'y': 186.50334803675142, 'elapsedTime': 112029}",936690834847,5149240283,POINT (0.4762604523226476 0.1726882852192143),,,,,,,,,,,,,,,,,,,,,,,,,,,,,,,,,,,,,,,,,,,,,,,,,,,,,,,,,,,,,,,,,,,,,,,,,,,,,,,,,,,,,,,,,,,,,,,,,,,1,,
0,15,28,"{'x': 914.4200684594834, 'y': 186.50334803675142, 'elapsedTime': 112029}",936690851514,5149256949,POINT (0.4762604523226476 0.1726882852192143),,,,,,,,,,,,,,,,,,,,,,,,,,,,,,,,,,,,,,,,,,,,,,,,,,,,,,,,,,,,,,,,,,,,,,,,,,,,,,,,,,,,,,,,,,,,,,,,,,,1,,
0,15,28,"{'x': 914.4200684594834, 'y': 186.50334803675142, 'elapsedTime': 112029}",936690868181,5149273616,POINT (0.4762604523226476 0.1726882852192143),,,,,,,,,,,,,,,,,,,,,,,,,,,,,,,,,,,,,,,,,,,,,,,,,,,,,,,,,,,,,,,,,,,,,,,,,,,,,,,,,,,,,,,,,,,,,,,,,,,1,,
0,15,28,"{'x': 914.4200684594834, 'y': 186.50334803675142, 'elapsedTime': 112029}",936690884849,5149290283,POINT (0.4762604523226476 0.1726882852192143),,,,,,,,,,,,,,,,,,,,,,,,,,,,,,,,,,,,,,,,,,,,,,,,,,,,,,,,,,,,,,,,,,,,,,,,,,,,,,,,,,,,,,,,,,,,,,,,,,,1,,
0,15,28,"{'x': 914.4200684594834, 'y': 186.50334803675142, 'elapsedTime': 112029}",936690901515,5149306949,POINT (0.4762604523226476 0.1726882852192143),,,,,,,,,,,,,,,,,,,,,,,,,,,,,,,,,,,,,,,,,,,,,,,,,,,,,,,,,,,,,,,,,,,,,,,,,,,,,,,,,,,,,,,,,,,,,,,,,,,1,,
0,15,28,"{'x': 914.4200684594834, 'y': 186.50334803675142, 'elapsedTime': 112029}",936690918187,5149323620,POINT (0.4762604523226476 0.1726882852192143),,,,,,,,,,,,,,,,,,,,,,,,,,,,,,,,,,,,,,,,,,,,,,,,,,,,,,,,,,,,,,,,,,,,,,,,,,,,,,,,,,,,,,,,,,,,,,,,,,,1,,
0,15,28,"{'x': 914.4200684594834, 'y': 186.50334803675142, 'elapsedTime': 112029}",936690934854,5149340287,POINT (0.4762604523226476 0.1726882852192143),,,,,,,,,,,,,,,,,,,,,,,,,,,,,,,,,,,,,,,,,,,,,,,,,,,,,,,,,,,,,,,,,,,,,,,,,,,,,,,,,,,,,,,,,,,,,,,,,,,1,,
0,15,28,"{'x': 914.4200684594834, 'y': 186.50334803675142, 'elapsedTime': 112029}",936690951521,5149356953,POINT (0.4762604523226476 0.1726882852192143),,,,,,,,,,,,,,,,,,,,,,,,,,,,,,,,,,,,,,,,,,,,,,,,,,,,,,,,,,,,,,,,,,,,,,,,,,,,,,,,,,,,,,,,,,,,,,,,,,,1,,
0,15,28,"{'x': 914.4200684594834, 'y': 186.50334803675142, 'elapsedTime': 112029}",936690968187,5149373619,POINT (0.4762604523226476 0.1726882852192143),,,,,,,,,,,,,,,,,,,,,,,,,,,,,,,,,,,,,,,,,,,,,,,,,,,,,,,,,,,,,,,,,,,,,,,,,,,,,,,,,,,,,,,,,,,,,,,,,,,1,,
0,15,28,"{'x': 914.4200684594834, 'y': 186.50334803675142, 'elapsedTime': 112029}",936690984855,5149390286,POINT (0.4762604523226476 0.1726882852192143),,,,,,,,,,,,,,,,,,,,,,,,,,,,,,,,,,,,,,,,,,,,,,,,,,,,,,,,,,,,,,,,,,,,,,,,,,,,,,,,,,,,,,,,,,,,,,,,,,,1,,
0,15,28,"{'x': 914.4200684594834, 'y': 186.50334803675142, 'elapsedTime': 112029}",936691001522,5149406953,POINT (0.4762604523226476 0.1726882852192143),,,,,,,,,,,,,,,,,,,,,,,,,,,,,,,,,,,,,,,,,,,,,,,,,,,,,,,,,,,,,,,,,,,,,,,,,,,,,,,,,,,,,,,,,,,,,,,,,,,1,,
0,15,28,"{'x': 914.4200684594834, 'y': 186.50334803675142, 'elapsedTime': 112029}",936691018190,5149423620,POINT (0.4762604523226476 0.1726882852192143),,,,,,,,,,,,,,,,,,,,,,,,,,,,,,,,,,,,,,,,,,,,,,,,,,,,,,,,,,,,,,,,,,,,,,,,,,,,,,,,,,,,,,,,,,,,,,,,,,,1,,
0,15,28,"{'x': 914.4200684594834, 'y': 186.50334803675142, 'elapsedTime': 112029}",936691034856,5149440286,POINT (0.4762604523226476 0.1726882852192143),,,,,,,,,,,,,,,,,,,,,,,,,,,,,,,,,,,,,,,,,,,,,,,,,,,,,,,,,,,,,,,,,,,,,,,,,,,,,,,,,,,,,,,,,,,,,,,,,,,1,,
0,15,28,"{'x': 914.4200684594834, 'y': 186.50334803675142, 'elapsedTime': 112029}",936691051526,5149456955,POINT (0.4762604523226476 0.1726882852192143),,,,,,,,,,,,,,,,,,,,,,,,,,,,,,,,,,,,,,,,,,,,,,,,,,,,,,,,,,,,,,,,,,,,,,,,,,,,,,,,,,,,,,,,,,,,,,,,,,,1,,
0,15,28,"{'x': 914.4200684594834, 'y': 186.50334803675142, 'elapsedTime': 112029}",936691068192,5149473621,POINT (0.4762604523226476 0.1726882852192143),,,,,,,,,,,,,,,,,,,,,,,,,,,,,,,,,,,,,,,,,,,,,,,,,,,,,,,,,,,,,,,,,,,,,,,,,,,,,,,,,,,,,,,,,,,,,,,,,,,1,,
0,15,28,"{'x': 914.4200684594834, 'y': 186.50334803675142, 'elapsedTime': 112029}",936691084861,5149490289,POINT (0.4762604523226476 0.1726882852192143),,,,,,,,,,,,,,,,,,,,,,,,,,,,,,,,,,,,,,,,,,,,,,,,,,,,,,,,,,,,,,,,,,,,,,,,,,,,,,,,,,,,,,,,,,,,,,,,,,,1,,
0,15,28,"{'x': 914.4200684594834, 'y': 186.50334803675142, 'elapsedTime': 112029}",936691101527,5149506955,POINT (0.4762604523226476 0.1726882852192143),,,,,,,,,,,,,,,,,,,,,,,,,,,,,,,,,,,,,,,,,,,,,,,,,,,,,,,,,,,,,,,,,,,,,,,,,,,,,,,,,,,,,,,,,,,,,,,,,,,1,,
0,15,28,"{'x': 914.4200684594834, 'y': 186.50334803675142, 'elapsedTime': 112029}",936691118194,5149523621,POINT (0.4762604523226476 0.1726882852192143),,,,,,,,,,,,,,,,,,,,,,,,,,,,,,,,,,,,,,,,,,,,,,,,,,,,,,,,,,,,,,,,,,,,,,,,,,,,,,,,,,,,,,,,,,,,,,,,,,,1,,
0,15,28,"{'x': 914.4200684594834, 'y': 186.50334803675142, 'elapsedTime': 112029}",936691134861,5149540288,POINT (0.4762604523226476 0.1726882852192143),,,,,,,,,,,,,,,,,,,,,,,,,,,,,,,,,,,,,,,,,,,,,,,,,,,,,,,,,,,,,,,,,,,,,,,,,,,,,,,,,,,,,,,,,,,,,,,,,,,1,,
0,15,28,"{'x': 914.4200684594834, 'y': 186.50334803675142, 'elapsedTime': 112029}",936691151529,5149556955,POINT (0.4762604523226476 0.1726882852192143),,,,,,,,,,,,,,,,,,,,,,,,,,,,,,,,,,,,,,,,,,,,,,,,,,,,,,,,,,,,,,,,,,,,,,,,,,,,,,,,,,,,,,,,,,,,,,,,,,,1,,
0,15,28,"{'x': 914.4200684594834, 'y': 186.50334803675142, 'elapsedTime': 112029}",936691168196,5149573622,POINT (0.4762604523226476 0.1726882852192143),,,,,,,,,,,,,,,,,,,,,,,,,,,,,,,,,,,,,,,,,,,,,,,,,,,,,,,,,,,,,,,,,,,,,,,,,,,,,,,,,,,,,,,,,,,,,,,,,,,1,,
0,15,28,"{'x': 914.4200684594834, 'y': 186.50334803675142, 'elapsedTime': 112029}",936691184870,5149590295,POINT (0.4762604523226476 0.1726882852192143),,,,,,,,,,,,,,,,,,,,,,,,,,,,,,,,,,,,,,,,,,,,,,,,,,,,,,,,,,,,,,,,,,,,,,,,,,,,,,,,,,,,,,,,,,,,,,,,,,,1,,
0,15,28,"{'x': 914.4200684594834, 'y': 186.50334803675142, 'elapsedTime': 112029}",936691201536,5149606961,POINT (0.4762604523226476 0.1726882852192143),,,,,,,,,,,,,,,,,,,,,,,,,,,,,,,,,,,,,,,,,,,,,,,,,,,,,,,,,,,,,,,,,,,,,,,,,,,,,,,,,,,,,,,,,,,,,,,,,,,1,,
0,15,28,"{'x': 914.4200684594834, 'y': 186.50334803675142, 'elapsedTime': 112029}",936691218204,5149623628,POINT (0.4762604523226476 0.1726882852192143),,,,,,,,,,,,,,,,,,,,,,,,,,,,,,,,,,,,,,,,,,,,,,,,,,,,,,,,,,,,,,,,,,,,,,,,,,,,,,,,,,,,,,,,,,,,,,,,,,,1,,
0,15,28,"{'x': 914.4200684594834, 'y': 186.50334803675142, 'elapsedTime': 112029}",936691234871,5149640295,POINT (0.4762604523226476 0.1726882852192143),,,,,,,,,,,,,,,,,,,,,,,,,,,,,,,,,,,,,,,,,,,,,,,,,,,,,,,,,,,,,,,,,,,,,,,,,,,,,,,,,,,,,,,,,,,,,,,,,,,1,,
0,15,28,"{'x': 914.4200684594834, 'y': 186.50334803675142, 'elapsedTime': 112029}",936691251538,5149656961,POINT (0.4762604523226476 0.1726882852192143),,,,,,,,,,,,,,,,,,,,,,,,,,,,,,,,,,,,,,,,,,,,,,,,,,,,,,,,,,,,,,,,,,,,,,,,,,,,,,,,,,,,,,,,,,,,,,,,,,,1,,
0,15,28,"{'x': 914.4200684594834, 'y': 186.50334803675142, 'elapsedTime': 112029}",936691268205,5149673628,POINT (0.4762604523226476 0.1726882852192143),,,,,,,,,,,,,,,,,,,,,,,,,,,,,,,,,,,,,,,,,,,,,,,,,,,,,,,,,,,,,,,,,,,,,,,,,,,,,,,,,,,,,,,,,,,,,,,,,,,1,,
0,15,28,"{'x': 914.4200684594834, 'y': 186.50334803675142, 'elapsedTime': 112029}",936691284872,5149690294,POINT (0.4762604523226476 0.1726882852192143),,,,,,,,,,,,,,,,,,,,,,,,,,,,,,,,,,,,,,,,,,,,,,,,,,,,,,,,,,,,,,,,,,,,,,,,,,,,,,,,,,,,,,,,,,,,,,,,,,,1,,
0,15,28,"{'x': 914.4200684594834, 'y': 186.50334803675142, 'elapsedTime': 112029}",936691301539,5149706961,POINT (0.4762604523226476 0.1726882852192143),,,,,,,,,,,,,,,,,,,,,,,,,,,,,,,,,,,,,,,,,,,,,,,,,,,,,,,,,,,,,,,,,,,,,,,,,,,,,,,,,,,,,,,,,,,,,,,,,,,1,,
0,15,28,"{'x': 914.4200684594834, 'y': 186.50334803675142, 'elapsedTime': 112029}",936691318212,5149723633,POINT (0.4762604523226476 0.1726882852192143),,,,,,,,,,,,,,,,,,,,,,,,,,,,,,,,,,,,,,,,,,,,,,,,,,,,,,,,,,,,,,,,,,,,,,,,,,,,,,,,,,,,,,,,,,,,,,,,,,,1,,
0,15,28,"{'x': 914.4200684594834, 'y': 186.50334803675142, 'elapsedTime': 112029}",936691334878,5149740299,POINT (0.4762604523226476 0.1726882852192143),,,,,,,,,,,,,,,,,,,,,,,,,,,,,,,,,,,,,,,,,,,,,,,,,,,,,,,,,,,,,,,,,,,,,,,,,,,,,,,,,,,,,,,,,,,,,,,,,,,1,,
0,15,28,"{'x': 914.4200684594834, 'y': 186.50334803675142, 'elapsedTime': 112029}",936691351546,5149756966,POINT (0.4762604523226476 0.1726882852192143),,,,,,,,,,,,,,,,,,,,,,,,,,,,,,,,,,,,,,,,,,,,,,,,,,,,,,,,,,,,,,,,,,,,,,,,,,,,,,,,,,,,,,,,,,,,,,,,,,,1,,
0,15,28,"{'x': 914.4200684594834, 'y': 186.50334803675142, 'elapsedTime': 112029}",936691368213,5149773633,POINT (0.4762604523226476 0.1726882852192143),,,,,,,,,,,,,,,,,,,,,,,,,,,,,,,,,,,,,,,,,,,,,,,,,,,,,,,,,,,,,,,,,,,,,,,,,,,,,,,,,,,,,,,,,,,,,,,,,,,1,,
0,15,28,"{'x': 914.4200684594834, 'y': 186.50334803675142, 'elapsedTime': 112029}",936691384880,5149790299,POINT (0.4762604523226476 0.1726882852192143),,,,,,,,,,,,,,,,,,,,,,,,,,,,,,,,,,,,,,,,,,,,,,,,,,,,,,,,,,,,,,,,,,,,,,,,,,,,,,,,,,,,,,,,,,,,,,,,,,,1,,
0,15,28,"{'x': 914.4200684594834, 'y': 186.50334803675142, 'elapsedTime': 112029}",936691401547,5149806966,POINT (0.4762604523226476 0.1726882852192143),,,,,,,,,,,,,,,,,,,,,,,,,,,,,,,,,,,,,,,,,,,,,,,,,,,,,,,,,,,,,,,,,,,,,,,,,,,,,,,,,,,,,,,,,,,,,,,,,,,1,,
0,15,28,"{'x': 914.4200684594834, 'y': 186.50334803675142, 'elapsedTime': 112029}",936691418215,5149823633,POINT (0.4762604523226476 0.1726882852192143),,,,,,,,,,,,,,,,,,,,,,,,,,,,,,,,,,,,,,,,,,,,,,,,,,,,,,,,,,,,,,,,,,,,,,,,,,,,,,,,,,,,,,,,,,,,,,,,,,,1,,
0,15,28,"{'x': 914.4200684594834, 'y': 186.50334803675142, 'elapsedTime': 112029}",936691434881,5149840299,POINT (0.4762604523226476 0.1726882852192143),,,,,,,,,,,,,,,,,,,,,,,,,,,,,,,,,,,,,,,,,,,,,,,,,,,,,,,,,,,,,,,,,,,,,,,,,,,,,,,,,,,,,,,,,,,,,,,,,,,1,,
0,15,28,"{'x': 914.4200684594834, 'y': 186.50334803675142, 'elapsedTime': 112029}",936691451554,5149856971,POINT (0.4762604523226476 0.1726882852192143),,,,,,,,,,,,,,,,,,,,,,,,,,,,,,,,,,,,,,,,,,,,,,,,,,,,,,,,,,,,,,,,,,,,,,,,,,,,,,,,,,,,,,,,,,,,,,,,,,,1,,
0,15,28,"{'x': 914.4200684594834, 'y': 186.50334803675142, 'elapsedTime': 112029}",936691468220,5149873637,POINT (0.4762604523226476 0.1726882852192143),,,,,,,,,,,,,,,,,,,,,,,,,,,,,,,,,,,,,,,,,,,,,,,,,,,,,,,,,,,,,,,,,,,,,,,,,,,,,,,,,,,,,,,,,,,,,,,,,,,1,,
0,15,28,"{'x': 914.4200684594834, 'y': 186.50334803675142, 'elapsedTime': 112029}",936691484888,5149890304,POINT (0.4762604523226476 0.1726882852192143),,,,,,,,,,,,,,,,,,,,,,,,,,,,,,,,,,,,,,,,,,,,,,,,,,,,,,,,,,,,,,,,,,,,,,,,,,,,,,,,,,,,,,,,,,,,,,,,,,,1,,
0,15,28,"{'x': 914.4200684594834, 'y': 186.50334803675142, 'elapsedTime': 112029}",936691501555,5149906971,POINT (0.4762604523226476 0.1726882852192143),,,,,,,,,,,,,,,,,,,,,,,,,,,,,,,,,,,,,,,,,,,,,,,,,,,,,,,,,,,,,,,,,,,,,,,,,,,,,,,,,,,,,,,,,,,,,,,,,,,1,,
0,15,28,"{'x': 914.4200684594834, 'y': 186.50334803675142, 'elapsedTime': 112029}",936691518223,5149923638,POINT (0.4762604523226476 0.1726882852192143),,,,,,,,,,,,,,,,,,,,,,,,,,,,,,,,,,,,,,,,,,,,,,,,,,,,,,,,,,,,,,,,,,,,,,,,,,,,,,,,,,,,,,,,,,,,,,,,,,,1,,
0,15,28,"{'x': 914.4200684594834, 'y': 186.50334803675142, 'elapsedTime': 112029}",936691534889,5149940304,POINT (0.4762604523226476 0.1726882852192143),,,,,,,,,,,,,,,,,,,,,,,,,,,,,,,,,,,,,,,,,,,,,,,,,,,,,,,,,,,,,,,,,,,,,,,,,,,,,,,,,,,,,,,,,,,,,,,,,,,1,,
0,15,28,"{'x': 914.4200684594834, 'y': 186.50334803675142, 'elapsedTime': 112029}",936691551558,5149956972,POINT (0.4762604523226476 0.1726882852192143),,,,,,,,,,,,,,,,,,,,,,,,,,,,,,,,,,,,,,,,,,,,,,,,,,,,,,,,,,,,,,,,,,,,,,,,,,,,,,,,,,,,,,,,,,,,,,,,,,,1,,
0,15,28,"{'x': 914.4200684594834, 'y': 186.50334803675142, 'elapsedTime': 112029}",936691568226,5149973640,POINT (0.4762604523226476 0.1726882852192143),,,,,,,,,,,,,,,,,,,,,,,,,,,,,,,,,,,,,,,,,,,,,,,,,,,,,,,,,,,,,,,,,,,,,,,,,,,,,,,,,,,,,,,,,,,,,,,,,,,1,,
0,15,28,"{'x': 914.4200684594834, 'y': 186.50334803675142, 'elapsedTime': 112029}",936691584894,5149990307,POINT (0.4762604523226476 0.1726882852192143),,,,,,,,,,,,,,,,,,,,,,,,,,,,,,,,,,,,,,,,,,,,,,,,,,,,,,,,,,,,,,,,,,,,,,,,,,,,,,,,,,,,,,,,,,,,,,,,,,,1,,
0,15,28,"{'x': 914.4200684594834, 'y': 186.50334803675142, 'elapsedTime': 112029}",936691601563,5150006976,POINT (0.4762604523226476 0.1726882852192143),,,,,,,,,,,,,,,,,,,,,,,,,,,,,,,,,,,,,,,,,,,,,,,,,,,,,,,,,,,,,,,,,,,,,,,,,,,,,,,,,,,,,,,,,,,,,,,,,,,1,,
0,15,28,"{'x': 914.4200684594834, 'y': 186.50334803675142, 'elapsedTime': 112029}",936691618228,5150023640,POINT (0.4762604523226476 0.1726882852192143),,,,,,,,,,,,,,,,,,,,,,,,,,,,,,,,,,,,,,,,,,,,,,,,,,,,,,,,,,,,,,,,,,,,,,,,,,,,,,,,,,,,,,,,,,,,,,,,,,,1,,
0,15,28,"{'x': 914.4200684594834, 'y': 186.50334803675142, 'elapsedTime': 112029}",936691634897,5150040309,POINT (0.4762604523226476 0.1726882852192143),,,,,,,,,,,,,,,,,,,,,,,,,,,,,,,,,,,,,,,,,,,,,,,,,,,,,,,,,,,,,,,,,,,,,,,,,,,,,,,,,,,,,,,,,,,,,,,,,,,1,,
0,15,28,"{'x': 914.4200684594834, 'y': 186.50334803675142, 'elapsedTime': 112029}",936691651563,5150056974,POINT (0.4762604523226476 0.1726882852192143),,,,,,,,,,,,,,,,,,,,,,,,,,,,,,,,,,,,,,,,,,,,,,,,,,,,,,,,,,,,,,,,,,,,,,,,,,,,,,,,,,,,,,,,,,,,,,,,,,,1,,
0,15,28,"{'x': 914.4200684594834, 'y': 186.50334803675142, 'elapsedTime': 112029}",936691668230,5150073641,POINT (0.4762604523226476 0.1726882852192143),,,,,,,,,,,,,,,,,,,,,,,,,,,,,,,,,,,,,,,,,,,,,,,,,,,,,,,,,,,,,,,,,,,,,,,,,,,,,,,,,,,,,,,,,,,,,,,,,,,1,,
0,15,28,"{'x': 914.4200684594834, 'y': 186.50334803675142, 'elapsedTime': 112029}",936691684899,5150090309,POINT (0.4762604523226476 0.1726882852192143),,,,,,,,,,,,,,,,,,,,,,,,,,,,,,,,,,,,,,,,,,,,,,,,,,,,,,,,,,,,,,,,,,,,,,,,,,,,,,,,,,,,,,,,,,,,,,,,,,,1,,
0,15,28,"{'x': 914.4200684594834, 'y': 186.50334803675142, 'elapsedTime': 112029}",936691701572,5150106982,POINT (0.4762604523226476 0.1726882852192143),,,,,,,,,,,,,,,,,,,,,,,,,,,,,,,,,,,,,,,,,,,,,,,,,,,,,,,,,,,,,,,,,,,,,,,,,,,,,,,,,,,,,,,,,,,,,,,,,,,1,,
0,15,28,"{'x': 914.4200684594834, 'y': 186.50334803675142, 'elapsedTime': 112029}",936691718237,5150123646,POINT (0.4762604523226476 0.1726882852192143),,,,,,,,,,,,,,,,,,,,,,,,,,,,,,,,,,,,,,,,,,,,,,,,,,,,,,,,,,,,,,,,,,,,,,,,,,,,,,,,,,,,,,,,,,,,,,,,,,,1,,
0,15,28,"{'x': 914.4200684594834, 'y': 186.50334803675142, 'elapsedTime': 112029}",936691734906,5150140315,POINT (0.4762604523226476 0.1726882852192143),,,,,,,,,,,,,,,,,,,,,,,,,,,,,,,,,,,,,,,,,,,,,,,,,,,,,,,,,,,,,,,,,,,,,,,,,,,,,,,,,,,,,,,,,,,,,,,,,,,1,,
0,15,28,"{'x': 914.4200684594834, 'y': 186.50334803675142, 'elapsedTime': 112029}",936691751573,5150156981,POINT (0.4762604523226476 0.1726882852192143),,,,,,,,,,,,,,,,,,,,,,,,,,,,,,,,,,,,,,,,,,,,,,,,,,,,,,,,,,,,,,,,,,,,,,,,,,,,,,,,,,,,,,,,,,,,,,,,,,,1,,
0,15,28,"{'x': 914.4200684594834, 'y': 186.50334803675142, 'elapsedTime': 112029}",936691768240,5150173648,POINT (0.4762604523226476 0.1726882852192143),,,,,,,,,,,,,,,,,,,,,,,,,,,,,,,,,,,,,,,,,,,,,,,,,,,,,,,,,,,,,,,,,,,,,,,,,,,,,,,,,,,,,,,,,,,,,,,,,,,1,,
0,15,28,"{'x': 914.4200684594834, 'y': 186.50334803675142, 'elapsedTime': 112029}",936691784908,5150190315,POINT (0.4762604523226476 0.1726882852192143),,,,,,,,,,,,,,,,,,,,,,,,,,,,,,,,,,,,,,,,,,,,,,,,,,,,,,,,,,,,,,,,,,,,,,,,,,,,,,,,,,,,,,,,,,,,,,,,,,,1,,
0,15,28,"{'x': 914.4200684594834, 'y': 186.50334803675142, 'elapsedTime': 112029}",936691801574,5150206981,POINT (0.4762604523226476 0.1726882852192143),,,,,,,,,,,,,,,,,,,,,,,,,,,,,,,,,,,,,,,,,,,,,,,,,,,,,,,,,,,,,,,,,,,,,,,,,,,,,,,,,,,,,,,,,,,,,,,,,,,1,,
0,15,28,"{'x': 914.4200684594834, 'y': 186.50334803675142, 'elapsedTime': 112029}",936691818242,5150223648,POINT (0.4762604523226476 0.1726882852192143),,,,,,,,,,,,,,,,,,,,,,,,,,,,,,,,,,,,,,,,,,,,,,,,,,,,,,,,,,,,,,,,,,,,,,,,,,,,,,,,,,,,,,,,,,,,,,,,,,,1,,
0,15,28,"{'x': 914.4200684594834, 'y': 186.50334803675142, 'elapsedTime': 112029}",936691834913,5150240319,POINT (0.4762604523226476 0.1726882852192143),,,,,,,,,,,,,,,,,,,,,,,,,,,,,,,,,,,,,,,,,,,,,,,,,,,,,,,,,,,,,,,,,,,,,,,,,,,,,,,,,,,,,,,,,,,,,,,,,,,1,,
0,15,28,"{'x': 914.4200684594834, 'y': 186.50334803675142, 'elapsedTime': 112029}",936691851580,5150256985,POINT (0.4762604523226476 0.1726882852192143),,,,,,,,,,,,,,,,,,,,,,,,,,,,,,,,,,,,,,,,,,,,,,,,,,,,,,,,,,,,,,,,,,,,,,,,,,,,,,,,,,,,,,,,,,,,,,,,,,,1,,
0,15,28,"{'x': 914.4200684594834, 'y': 186.50334803675142, 'elapsedTime': 112029}",936691868247,5150273652,POINT (0.4762604523226476 0.1726882852192143),,,,,,,,,,,,,,,,,,,,,,,,,,,,,,,,,,,,,,,,,,,,,,,,,,,,,,,,,,,,,,,,,,,,,,,,,,,,,,,,,,,,,,,,,,,,,,,,,,,1,,
0,15,28,"{'x': 914.4200684594834, 'y': 186.50334803675142, 'elapsedTime': 112029}",936691884915,5150290319,POINT (0.4762604523226476 0.1726882852192143),,,,,,,,,,,,,,,,,,,,,,,,,,,,,,,,,,,,,,,,,,,,,,,,,,,,,,,,,,,,,,,,,,,,,,,,,,,,,,,,,,,,,,,,,,,,,,,,,,,1,,
0,15,28,"{'x': 914.4200684594834, 'y': 186.50334803675142, 'elapsedTime': 112029}",936691901582,5150306986,POINT (0.4762604523226476 0.1726882852192143),,,,,,,,,,,,,,,,,,,,,,,,,,,,,,,,,,,,,,,,,,,,,,,,,,,,,,,,,,,,,,,,,,,,,,,,,,,,,,,,,,,,,,,,,,,,,,,,,,,1,,
0,15,28,"{'x': 914.4200684594834, 'y': 186.50334803675142, 'elapsedTime': 112029}",936691918249,5150323652,POINT (0.4762604523226476 0.1726882852192143),,,,,,,,,,,,,,,,,,,,,,,,,,,,,,,,,,,,,,,,,,,,,,,,,,,,,,,,,,,,,,,,,,,,,,,,,,,,,,,,,,,,,,,,,,,,,,,,,,,1,,
0,15,28,"{'x': 914.4200684594834, 'y': 186.50334803675142, 'elapsedTime': 112029}",936691934916,5150340319,POINT (0.4762604523226476 0.1726882852192143),,,,,,,,,,,,,,,,,,,,,,,,,,,,,,,,,,,,,,,,,,,,,,,,,,,,,,,,,,,,,,,,,,,,,,,,,,,,,,,,,,,,,,,,,,,,,,,,,,,1,,
0,15,28,"{'x': 914.4200684594834, 'y': 186.50334803675142, 'elapsedTime': 112029}",936691951582,5150356984,POINT (0.4762604523226476 0.1726882852192143),,,,,,,,,,,,,,,,,,,,,,,,,,,,,,,,,,,,,,,,,,,,,,,,,,,,,,,,,,,,,,,,,,,,,,,,,,,,,,,,,,,,,,,,,,,,,,,,,,,1,,
0,15,28,"{'x': 914.4200684594834, 'y': 186.50334803675142, 'elapsedTime': 112029}",936691968254,5150373656,POINT (0.4762604523226476 0.1726882852192143),,,,,,,,,,,,,,,,,,,,,,,,,,,,,,,,,,,,,,,,,,,,,,,,,,,,,,,,,,,,,,,,,,,,,,,,,,,,,,,,,,,,,,,,,,,,,,,,,,,1,,
0,15,28,"{'x': 914.4200684594834, 'y': 186.50334803675142, 'elapsedTime': 112029}",936691984922,5150390323,POINT (0.4762604523226476 0.1726882852192143),,,,,,,,,,,,,,,,,,,,,,,,,,,,,,,,,,,,,,,,,,,,,,,,,,,,,,,,,,,,,,,,,,,,,,,,,,,,,,,,,,,,,,,,,,,,,,,,,,,1,,
0,15,28,"{'x': 914.4200684594834, 'y': 186.50334803675142, 'elapsedTime': 112029}",936692001590,5150406991,POINT (0.4762604523226476 0.1726882852192143),,,,,,,,,,,,,,,,,,,,,,,,,,,,,,,,,,,,,,,,,,,,,,,,,,,,,,,,,,,,,,,,,,,,,,,,,,,,,,,,,,,,,,,,,,,,,,,,,,,1,,
0,15,28,"{'x': 500.14790367717734, 'y': 500.01446883798474, 'elapsedTime': 20.700000047683716}",936692018258,5150423658,POINT (0.2604936998318632 0.4629763600351711),,,,,,,,,,,,,,,,,,,,,,,,,,,,,,,,,,,,,,,,,,,,,,,,,,,,,,,,,,,,,,,,,,,,,,,,,,,,,,,,,,,,,,,,,,,,,,,,,,,,,
0,15,28,"{'x': 500.14790367717734, 'y': 500.01446883798474, 'elapsedTime': 20.700000047683716}",936692034925,5150440325,POINT (0.2604936998318632 0.4629763600351711),,,,,,,,,,,,,,,,,,,,,,,,,,,,,,,,,,,,,,,,,,,,,,,,,,,,,,,,,,,,,,,,,,,,,,,,,,,,,,,,,,,,,,,,,,,,,,,,,,,,,
0,15,28,"{'x': 500.14790367717734, 'y': 500.01446883798474, 'elapsedTime': 20.700000047683716}",936692051591,5150456991,POINT (0.2604936998318632 0.4629763600351711),,,,,,,,,,,,,,,,,,,,,,,,,,,,,,,,,,,,,,,,,,,,,,,,,,,,,,,,,,,,,,,,,,,,,,,,,,,,,,,,,,,,,,,,,,,,,,,,,,,,,
0,15,28,"{'x': 500.14790367717734, 'y': 500.01446883798474, 'elapsedTime': 20.700000047683716}",936692068259,5150473658,POINT (0.2604936998318632 0.4629763600351711),,,,,,,,,,,,,,,,,,,,,,,,,,,,,,,,,,,,,,,,,,,,,,,,,,,,,,,,,,,,,,,,,,,,,,,,,,,,,,,,,,,,,,,,,,,,,,,,,,,,,
0,15,28,"{'x': 501.0595905497906, 'y': 501.83406476332203, 'elapsedTime': 607.5}",936692084926,5150490324,POINT (0.2609685367446826 0.46466117107715),,,,,,,,,,,,,,,,,,,,,,,,,,,,,,,,,,,,,,,,,,,,,,,,,,,,,,,,,,,,,,,,,,,,,,,,,,,,,,,,,,,,,,,,,,,,,,,,,,,,,
0,15,28,"{'x': 501.0595905497906, 'y': 501.83406476332203, 'elapsedTime': 607.5}",936692101594,5150506992,POINT (0.2609685367446826 0.46466117107715),,,,,,,,,,,,,,,,,,,,,,,,,,,,,,,,,,,,,,,,,,,,,,,,,,,,,,,,,,,,,,,,,,,,,,,,,,,,,,,,,,,,,,,,,,,,,,,,,,,,,
0,15,28,"{'x': 501.0595905497906, 'y': 501.83406476332203, 'elapsedTime': 607.5}",936692118264,5150523661,POINT (0.2609685367446826 0.46466117107715),,,,,,,,,,,,,,,,,,,,,,,,,,,,,,,,,,,,,,,,,,,,,,,,,,,,,,,,,,,,,,,,,,,,,,,,,,,,,,,,,,,,,,,,,,,,,,,,,,,,,
0,15,28,"{'x': 498.70107280164757, 'y': 507.49356333749677, 'elapsedTime': 663.5}",936692134930,5150540327,POINT (0.2597401420841914 0.4699014475347192),,,,,,,,,,,,,,,,,,,,,,,,,,,,,,,,,,,,,,,,,,,,,,,,,,,,,,,,,,,,,,,,,,,,,,,,,,,,,,,,,,,,,,,,,,,,,,,,,,,,,
0,15,28,"{'x': 498.70107280164757, 'y': 507.49356333749677, 'elapsedTime': 663.5}",936692151598,5150556994,POINT (0.2597401420841914 0.4699014475347192),,,,,,,,,,,,,,,,,,,,,,,,,,,,,,,,,,,,,,,,,,,,,,,,,,,,,,,,,,,,,,,,,,,,,,,,,,,,,,,,,,,,,,,,,,,,,,,,,,,,,
0,15,28,"{'x': 498.70107280164757, 'y': 507.49356333749677, 'elapsedTime': 663.5}",936692168265,5150573661,POINT (0.2597401420841914 0.4699014475347192),,,,,,,,,,,,,,,,,,,,,,,,,,,,,,,,,,,,,,,,,,,,,,,,,,,,,,,,,,,,,,,,,,,,,,,,,,,,,,,,,,,,,,,,,,,,,,,,,,,,,
0,15,28,"{'x': 498.70107280164757, 'y': 507.49356333749677, 'elapsedTime': 663.5}",936692184932,5150590327,POINT (0.2597401420841914 0.4699014475347192),,,,,,,,,,,,,,,,,,,,,,,,,,,,,,,,,,,,,,,,,,,,,,,,,,,,,,,,,,,,,,,,,,,,,,,,,,,,,,,,,,,,,,,,,,,,,,,,,,,,,
0,15,28,"{'x': 498.2528560335045, 'y': 500.75850390942884, 'elapsedTime': 729.2000000476837}",936692201600,5150606995,POINT (0.2595066958507836 0.4636652813976193),,,,,,,,,,,,,,,,,,,,,,,,,,,,,,,,,,,,,,,,,,,,,,,,,,,,,,,,,,,,,,,,,,,,,,,,,,,,,,,,,,,,,,,,,,,,,,,,,,,,,
0,15,28,"{'x': 498.2528560335045, 'y': 500.75850390942884, 'elapsedTime': 729.2000000476837}",936692218267,5150623661,POINT (0.2595066958507836 0.4636652813976193),,,,,,,,,,,,,,,,,,,,,,,,,,,,,,,,,,,,,,,,,,,,,,,,,,,,,,,,,,,,,,,,,,,,,,,,,,,,,,,,,,,,,,,,,,,,,,,,,,,,,
0,15,28,"{'x': 498.2528560335045, 'y': 500.75850390942884, 'elapsedTime': 729.2000000476837}",936692234937,5150640331,POINT (0.2595066958507836 0.4636652813976193),,,,,,,,,,,,,,,,,,,,,,,,,,,,,,,,,,,,,,,,,,,,,,,,,,,,,,,,,,,,,,,,,,,,,,,,,,,,,,,,,,,,,,,,,,,,,,,,,,,,,
0,15,28,"{'x': 498.2528560335045, 'y': 500.75850390942884, 'elapsedTime': 729.2000000476837}",936692251604,5150656997,POINT (0.2595066958507836 0.4636652813976193),,,,,,,,,,,,,,,,,,,,,,,,,,,,,,,,,,,,,,,,,,,,,,,,,,,,,,,,,,,,,,,,,,,,,,,,,,,,,,,,,,,,,,,,,,,,,,,,,,,,,
0,15,28,"{'x': 492.79526063930643, 'y': 515.724624271473, 'elapsedTime': 786.7000000476837}",936692268271,5150673664,POINT (0.2566641982496388 0.4775228002513638),,,,,,,,,,,,,,,,,,,,,,,,,,,,,,,,,,,,,,,,,,,,,,,,,,,,,,,,,,,,,,,,,,,,,,,,,,,,,,,,,,,,,,,,,,,,,,,,,,,,,
0,15,28,"{'x': 492.79526063930643, 'y': 515.724624271473, 'elapsedTime': 786.7000000476837}",936692284939,5150690331,POINT (0.2566641982496388 0.4775228002513638),,,,,,,,,,,,,,,,,,,,,,,,,,,,,,,,,,,,,,,,,,,,,,,,,,,,,,,,,,,,,,,,,,,,,,,,,,,,,,,,,,,,,,,,,,,,,,,,,,,,,
0,15,28,"{'x': 492.79526063930643, 'y': 515.724624271473, 'elapsedTime': 786.7000000476837}",936692301605,5150706997,POINT (0.2566641982496388 0.4775228002513638),,,,,,,,,,,,,,,,,,,,,,,,,,,,,,,,,,,,,,,,,,,,,,,,,,,,,,,,,,,,,,,,,,,,,,,,,,,,,,,,,,,,,,,,,,,,,,,,,,,,,
0,15,28,"{'x': 481.2999002514489, 'y': 509.2491954188208, 'elapsedTime': 845.1000000238419}",936692318273,5150723664,POINT (0.250677031380963 0.4715270327952045),,,,,,,,,,,,,,,,,,,,,,,,,,,,,,,,,,,,,,,,,,,,,,,,,,,,,,,,,,,,,,,,,,,,,,,,,,,,,,,,,,,,,,,,,,,,,,,,,,,,,
0,15,28,"{'x': 481.2999002514489, 'y': 509.2491954188208, 'elapsedTime': 845.1000000238419}",936692334940,5150740331,POINT (0.250677031380963 0.4715270327952045),,,,,,,,,,,,,,,,,,,,,,,,,,,,,,,,,,,,,,,,,,,,,,,,,,,,,,,,,,,,,,,,,,,,,,,,,,,,,,,,,,,,,,,,,,,,,,,,,,,,,
0,15,28,"{'x': 481.2999002514489, 'y': 509.2491954188208, 'elapsedTime': 845.1000000238419}",936692351607,5150756997,POINT (0.250677031380963 0.4715270327952045),,,,,,,,,,,,,,,,,,,,,,,,,,,,,,,,,,,,,,,,,,,,,,,,,,,,,,,,,,,,,,,,,,,,,,,,,,,,,,,,,,,,,,,,,,,,,,,,,,,,,
0,15,28,"{'x': 481.2999002514489, 'y': 509.2491954188208, 'elapsedTime': 845.1000000238419}",936692368281,5150773671,POINT (0.250677031380963 0.4715270327952045),,,,,,,,,,,,,,,,,,,,,,,,,,,,,,,,,,,,,,,,,,,,,,,,,,,,,,,,,,,,,,,,,,,,,,,,,,,,,,,,,,,,,,,,,,,,,,,,,,,,,
0,15,28,"{'x': 444.40457907984745, 'y': 512.4369260543115, 'elapsedTime': 904.3999999761581}",936692384948,5150790337,POINT (0.2314607182707539 0.4744786352354736),,,,,,,,,,,,,,,,,,,,,,,,,,,,,,,,,,,,,,,,,,,,,,,,,,,,,,,,,,,,,,,,,,,,,,,,,,,,,,,,,,,,,,,,,,,,,,,,,,,,,
0,15,28,"{'x': 444.40457907984745, 'y': 512.4369260543115, 'elapsedTime': 904.3999999761581}",936692401613,5150807002,POINT (0.2314607182707539 0.4744786352354736),,,,,,,,,,,,,,,,,,,,,,,,,,,,,,,,,,,,,,,,,,,,,,,,,,,,,,,,,,,,,,,,,,,,,,,,,,,,,,,,,,,,,,,,,,,,,,,,,,,,,
0,15,28,"{'x': 444.40457907984745, 'y': 512.4369260543115, 'elapsedTime': 904.3999999761581}",936692418283,5150823671,POINT (0.2314607182707539 0.4744786352354736),,,,,,,,,,,,,,,,,,,,,,,,,,,,,,,,,,,,,,,,,,,,,,,,,,,,,,,,,,,,,,,,,,,,,,,,,,,,,,,,,,,,,,,,,,,,,,,,,,,,,
0,15,28,"{'x': 450.0504882619149, 'y': 526.9281879136618, 'elapsedTime': 962}",936692434947,5150840335,POINT (0.2344012959697474 0.4878964702904275),,,,,,,,,,,,,,,,,,,,,,,,,,,,,,,,,,,,,,,,,,,,,,,,,,,,,,,,,,,,,,,,,,,,,,,,,,,,,,,,,,,,,,,,,,,,,,,,,,,,,
0,15,28,"{'x': 450.0504882619149, 'y': 526.9281879136618, 'elapsedTime': 962}",936692451617,5150857004,POINT (0.2344012959697474 0.4878964702904275),,,,,,,,,,,,,,,,,,,,,,,,,,,,,,,,,,,,,,,,,,,,,,,,,,,,,,,,,,,,,,,,,,,,,,,,,,,,,,,,,,,,,,,,,,,,,,,,,,,,,
0,15,28,"{'x': 450.0504882619149, 'y': 526.9281879136618, 'elapsedTime': 962}",936692468282,5150873669,POINT (0.2344012959697474 0.4878964702904275),,,,,,,,,,,,,,,,,,,,,,,,,,,,,,,,,,,,,,,,,,,,,,,,,,,,,,,,,,,,,,,,,,,,,,,,,,,,,,,,,,,,,,,,,,,,,,,,,,,,,
0,15,28,"{'x': 450.0504882619149, 'y': 526.9281879136618, 'elapsedTime': 962}",936692484951,5150890337,POINT (0.2344012959697474 0.4878964702904275),,,,,,,,,,,,,,,,,,,,,,,,,,,,,,,,,,,,,,,,,,,,,,,,,,,,,,,,,,,,,,,,,,,,,,,,,,,,,,,,,,,,,,,,,,,,,,,,,,,,,
0,15,28,"{'x': 382.4043571539029, 'y': 516.9094121004949, 'elapsedTime': 1020}",936692501620,5150907005,POINT (0.1991689360176578 0.4786198260189768),,,,,,,,,,,,,,,,,,,,,,,,,,,,,,,,,,,,,,,,,,,,,,,,,,,,,,,,,,,,,,,,,,,,,,,,,,,,,,,,,,,,,,,,,,,,,,,,,,,,,
0,15,28,"{'x': 382.4043571539029, 'y': 516.9094121004949, 'elapsedTime': 1020}",936692518289,5150923674,POINT (0.1991689360176578 0.4786198260189768),,,,,,,,,,,,,,,,,,,,,,,,,,,,,,,,,,,,,,,,,,,,,,,,,,,,,,,,,,,,,,,,,,,,,,,,,,,,,,,,,,,,,,,,,,,,,,,,,,,,,
0,15,28,"{'x': 382.4043571539029, 'y': 516.9094121004949, 'elapsedTime': 1020}",936692534955,5150940339,POINT (0.1991689360176578 0.4786198260189768),,,,,,,,,,,,,,,,,,,,,,,,,,,,,,,,,,,,,,,,,,,,,,,,,,,,,,,,,,,,,,,,,,,,,,,,,,,,,,,,,,,,,,,,,,,,,,,,,,,,,
0,15,28,"{'x': 382.4043571539029, 'y': 516.9094121004949, 'elapsedTime': 1020}",936692551621,5150957005,POINT (0.1991689360176578 0.4786198260189768),,,,,,,,,,,,,,,,,,,,,,,,,,,,,,,,,,,,,,,,,,,,,,,,,,,,,,,,,,,,,,,,,,,,,,,,,,,,,,,,,,,,,,,,,,,,,,,,,,,,,
0,15,28,"{'x': 307.50926646679784, 'y': 396.9450160405575, 'elapsedTime': 1090.1000000238419}",936692568289,5150973672,POINT (0.1601610762847905 0.3675416815190347),,,,,,,,,,,,,,,,,,,,,,,,,,,,,,,,,,,,,,,,,,,,,,,,,,,,,,,,,,,,,,,,,,,,,,,,,,,,,,,,,,,,,,,,,,,,,,,,,,,,,
0,15,28,"{'x': 307.50926646679784, 'y': 396.9450160405575, 'elapsedTime': 1090.1000000238419}",936692584956,5150990339,POINT (0.1601610762847905 0.3675416815190347),,,,,,,,,,,,,,,,,,,,,,,,,,,,,,,,,,,,,,,,,,,,,,,,,,,,,,,,,,,,,,,,,,,,,,,,,,,,,,,,,,,,,,,,,,,,,,,,,,,,,
0,15,28,"{'x': 307.50926646679784, 'y': 396.9450160405575, 'elapsedTime': 1090.1000000238419}",936692601623,5151007005,POINT (0.1601610762847905 0.3675416815190347),,,,,,,,,,,,,,,,,,,,,,,,,,,,,,,,,,,,,,,,,,,,,,,,,,,,,,,,,,,,,,,,,,,,,,,,,,,,,,,,,,,,,,,,,,,,,,,,,,,,,
0,15,28,"{'x': 307.50926646679784, 'y': 396.9450160405575, 'elapsedTime': 1090.1000000238419}",936692618297,5151023679,POINT (0.1601610762847905 0.3675416815190347),,,,,,,,,,,,,,,,,,,,,,,,,,,,,,,,,,,,,,,,,,,,,,,,,,,,,,,,,,,,,,,,,,,,,,,,,,,,,,,,,,,,,,,,,,,,,,,,,,,,,
0,15,28,"{'x': 322.3481829537133, 'y': 317.9529600899625, 'elapsedTime': 1152}",936692634962,5151040343,POINT (0.1678896786217257 0.2944008889721875),,,,,,,,,,,,,,,,,,,,,,,,,,,,,,,,,,,,,,,,,,,,,,,,,,,,,,,,,,,,,,,,,,,,,,,,,,,,,,,,,,,,,,,,,,,,,,,,,,,1,,
0,15,28,"{'x': 322.3481829537133, 'y': 317.9529600899625, 'elapsedTime': 1152}",936692651629,5151057010,POINT (0.1678896786217257 0.2944008889721875),,,,,,,,,,,,,,,,,,,,,,,,,,,,,,,,,,,,,,,,,,,,,,,,,,,,,,,,,,,,,,,,,,,,,,,,,,,,,,,,,,,,,,,,,,,,,,,,,,,1,,
0,15,28,"{'x': 322.3481829537133, 'y': 317.9529600899625, 'elapsedTime': 1152}",936692668299,5151073679,POINT (0.1678896786217257 0.2944008889721875),,,,,,,,,,,,,,,,,,,,,,,,,,,,,,,,,,,,,,,,,,,,,,,,,,,,,,,,,,,,,,,,,,,,,,,,,,,,,,,,,,,,,,,,,,,,,,,,,,,1,,
0,15,28,"{'x': 351.99182549243784, 'y': 276.1997834501502, 'elapsedTime': 1213.7000000476837}",936692684963,5151090343,POINT (0.1833290757773114 0.2557405402316206),,,,,,,,,,,,,,,,,,,,,,,,,,,,,,,,,,,,,,,,,,,,,,,,,,,,,,,,,,,,,,,,,,,,,,,,,,,1,,,,,,,,,,,,,,,,,,,,,,,,,,
0,15,28,"{'x': 351.99182549243784, 'y': 276.1997834501502, 'elapsedTime': 1213.7000000476837}",936692701633,5151107012,POINT (0.1833290757773114 0.2557405402316206),,,,,,,,,,,,,,,,,,,,,,,,,,,,,,,,,,,,,,,,,,,,,,,,,,,,,,,,,,,,,,,,,,,,,,,,,,,1,,,,,,,,,,,,,,,,,,,,,,,,,,
0,15,28,"{'x': 351.99182549243784, 'y': 276.1997834501502, 'elapsedTime': 1213.7000000476837}",936692718299,5151123678,POINT (0.1833290757773114 0.2557405402316206),,,,,,,,,,,,,,,,,,,,,,,,,,,,,,,,,,,,,,,,,,,,,,,,,,,,,,,,,,,,,,,,,,,,,,,,,,,1,,,,,,,,,,,,,,,,,,,,,,,,,,
0,15,28,"{'x': 351.99182549243784, 'y': 276.1997834501502, 'elapsedTime': 1213.7000000476837}",936692734967,5151140345,POINT (0.1833290757773114 0.2557405402316206),,,,,,,,,,,,,,,,,,,,,,,,,,,,,,,,,,,,,,,,,,,,,,,,,,,,,,,,,,,,,,,,,,,,,,,,,,,1,,,,,,,,,,,,,,,,,,,,,,,,,,
0,15,28,"{'x': 361.40901046413626, 'y': 178.8085880116181, 'elapsedTime': 1273.6000000238419}",936692751638,5151157016,POINT (0.1882338596167376 0.1655635074181649),,,,,,,,,,,,,,,,,,,,,,,,,,,,,,,,,,,,,,,,,,,,,,,,,,,,,,,,,,,,,,,,,,,,,,,,,,,,,,,,,,,,,,,,,,,,,,,,,,,,,
0,15,28,"{'x': 361.40901046413626, 'y': 178.8085880116181, 'elapsedTime': 1273.6000000238419}",936692768305,5151173682,POINT (0.1882338596167376 0.1655635074181649),,,,,,,,,,,,,,,,,,,,,,,,,,,,,,,,,,,,,,,,,,,,,,,,,,,,,,,,,,,,,,,,,,,,,,,,,,,,,,,,,,,,,,,,,,,,,,,,,,,,,
0,15,28,"{'x': 361.40901046413626, 'y': 178.8085880116181, 'elapsedTime': 1273.6000000238419}",936692784973,5151190350,POINT (0.1882338596167376 0.1655635074181649),,,,,,,,,,,,,,,,,,,,,,,,,,,,,,,,,,,,,,,,,,,,,,,,,,,,,,,,,,,,,,,,,,,,,,,,,,,,,,,,,,,,,,,,,,,,,,,,,,,,,
0,15,28,"{'x': 307.18448342501244, 'y': 116.00805742957556, 'elapsedTime': 1332.2000000476837}",936692801640,5151207016,POINT (0.1599919184505273 0.1074148679903478),,,,,,,,,,,,,,,,,,,,,,,,,,,,,,,,,,,,,,,,,,,,,,,,,,,,,,,,,,,,,,,,,,,,,,,,,,,,,,,,,,,,,,,,,,,,,,,,,,,,,
0,15,28,"{'x': 307.18448342501244, 'y': 116.00805742957556, 'elapsedTime': 1332.2000000476837}",936692818306,5151223682,POINT (0.1599919184505273 0.1074148679903478),,,,,,,,,,,,,,,,,,,,,,,,,,,,,,,,,,,,,,,,,,,,,,,,,,,,,,,,,,,,,,,,,,,,,,,,,,,,,,,,,,,,,,,,,,,,,,,,,,,,,
0,15,28,"{'x': 307.18448342501244, 'y': 116.00805742957556, 'elapsedTime': 1332.2000000476837}",936692834974,5151240349,POINT (0.1599919184505273 0.1074148679903478),,,,,,,,,,,,,,,,,,,,,,,,,,,,,,,,,,,,,,,,,,,,,,,,,,,,,,,,,,,,,,,,,,,,,,,,,,,,,,,,,,,,,,,,,,,,,,,,,,,,,
0,15,28,"{'x': 307.18448342501244, 'y': 116.00805742957556, 'elapsedTime': 1332.2000000476837}",936692851639,5151257014,POINT (0.1599919184505273 0.1074148679903478),,,,,,,,,,,,,,,,,,,,,,,,,,,,,,,,,,,,,,,,,,,,,,,,,,,,,,,,,,,,,,,,,,,,,,,,,,,,,,,,,,,,,,,,,,,,,,,,,,,,,
0,15,28,"{'x': 341.912927412068, 'y': 99.39189602992569, 'elapsedTime': 1389.5}",936692868309,5151273683,POINT (0.1780796496937854 0.0920295333610423),,,,,,,,,,,,,,,,,,,,,,,,,,,,,,,,,,,,,,,,,,,,,,,,,,,,,,,,,,,,,,,,,,,,,,,,,,,,,,,,,,,,,,,,,,,,,,,,,,,,,
0,15,28,"{'x': 341.912927412068, 'y': 99.39189602992569, 'elapsedTime': 1389.5}",936692884981,5151290355,POINT (0.1780796496937854 0.0920295333610423),,,,,,,,,,,,,,,,,,,,,,,,,,,,,,,,,,,,,,,,,,,,,,,,,,,,,,,,,,,,,,,,,,,,,,,,,,,,,,,,,,,,,,,,,,,,,,,,,,,,,
0,15,28,"{'x': 341.912927412068, 'y': 99.39189602992569, 'elapsedTime': 1389.5}",936692901649,5151307022,POINT (0.1780796496937854 0.0920295333610423),,,,,,,,,,,,,,,,,,,,,,,,,,,,,,,,,,,,,,,,,,,,,,,,,,,,,,,,,,,,,,,,,,,,,,,,,,,,,,,,,,,,,,,,,,,,,,,,,,,,,
0,15,28,"{'x': 341.912927412068, 'y': 99.39189602992569, 'elapsedTime': 1389.5}",936692918314,5151323687,POINT (0.1780796496937854 0.0920295333610423),,,,,,,,,,,,,,,,,,,,,,,,,,,,,,,,,,,,,,,,,,,,,,,,,,,,,,,,,,,,,,,,,,,,,,,,,,,,,,,,,,,,,,,,,,,,,,,,,,,,,
0,15,28,"{'x': 414.3573172599423, 'y': 113.01669520465299, 'elapsedTime': 1447.1000000238419}",936692934983,5151340355,POINT (0.2158111027395533 0.1046450881524565),,,,,,,,,,,,,,,,,,,,,,,,,,,,,,,,,,,,,,,,,,,,,,,,,,,,,,,,,,,,,,,,,,,,,,,,,,,,,,,,,,,,,,,,,,,,,,,,,,,,,
0,15,28,"{'x': 414.3573172599423, 'y': 113.01669520465299, 'elapsedTime': 1447.1000000238419}",936692951648,5151357020,POINT (0.2158111027395533 0.1046450881524565),,,,,,,,,,,,,,,,,,,,,,,,,,,,,,,,,,,,,,,,,,,,,,,,,,,,,,,,,,,,,,,,,,,,,,,,,,,,,,,,,,,,,,,,,,,,,,,,,,,,,
0,15,28,"{'x': 414.3573172599423, 'y': 113.01669520465299, 'elapsedTime': 1447.1000000238419}",936692968316,5151373687,POINT (0.2158111027395533 0.1046450881524565),,,,,,,,,,,,,,,,,,,,,,,,,,,,,,,,,,,,,,,,,,,,,,,,,,,,,,,,,,,,,,,,,,,,,,,,,,,,,,,,,,,,,,,,,,,,,,,,,,,,,
0,15,28,"{'x': 537.2183513022693, 'y': 74.9032971666423, 'elapsedTime': 1515.2000000476837}",936692984984,5151390355,POINT (0.2798012246365986 0.0693549047839281),,,,,,,,,,,,,,,,,,,,,,,,,,,,,,,,,,,,,,,,,,,,,,,,,,,,,,,,,,,,,,,,,,,,,,,,,,,,,,,,,,,,,,,,,,,,,,,,,,,,,
0,15,28,"{'x': 537.2183513022693, 'y': 74.9032971666423, 'elapsedTime': 1515.2000000476837}",936693001650,5151407020,POINT (0.2798012246365986 0.0693549047839281),,,,,,,,,,,,,,,,,,,,,,,,,,,,,,,,,,,,,,,,,,,,,,,,,,,,,,,,,,,,,,,,,,,,,,,,,,,,,,,,,,,,,,,,,,,,,,,,,,,,,
0,15,28,"{'x': 537.2183513022693, 'y': 74.9032971666423, 'elapsedTime': 1515.2000000476837}",936693018323,5151423693,POINT (0.2798012246365986 0.0693549047839281),,,,,,,,,,,,,,,,,,,,,,,,,,,,,,,,,,,,,,,,,,,,,,,,,,,,,,,,,,,,,,,,,,,,,,,,,,,,,,,,,,,,,,,,,,,,,,,,,,,,,
0,15,28,"{'x': 537.2183513022693, 'y': 74.9032971666423, 'elapsedTime': 1515.2000000476837}",936693034989,5151440358,POINT (0.2798012246365986 0.0693549047839281),,,,,,,,,,,,,,,,,,,,,,,,,,,,,,,,,,,,,,,,,,,,,,,,,,,,,,,,,,,,,,,,,,,,,,,,,,,,,,,,,,,,,,,,,,,,,,,,,,,,,
0,15,28,"{'x': 537.2183513022693, 'y': 74.9032971666423, 'elapsedTime': 1515.2000000476837}",936693051656,5151457025,POINT (0.2798012246365986 0.0693549047839281),,,,,,,,,,,,,,,,,,,,,,,,,,,,,,,,,,,,,,,,,,,,,,,,,,,,,,,,,,,,,,,,,,,,,,,,,,,,,,,,,,,,,,,,,,,,,,,,,,,,,
0,15,28,"{'x': 600.6992936110354, 'y': 49.5441705757692, 'elapsedTime': 1577.1000000238419}",936693068323,5151473691,POINT (0.3128642154224143 0.0458742320146011),,,,,,,,,,,,,,,,,,,,,,,,,,,,,,,,,,,,,,,,,,,,,,,,,,,,,,,,,,,,,,,,,,,,,,,,,,,,,,,,,,,,,,,,,,,,,,,,,,,,,
0,15,28,"{'x': 600.6992936110354, 'y': 49.5441705757692, 'elapsedTime': 1577.1000000238419}",936693084990,5151490358,POINT (0.3128642154224143 0.0458742320146011),,,,,,,,,,,,,,,,,,,,,,,,,,,,,,,,,,,,,,,,,,,,,,,,,,,,,,,,,,,,,,,,,,,,,,,,,,,,,,,,,,,,,,,,,,,,,,,,,,,,,
0,15,28,"{'x': 600.6992936110354, 'y': 49.5441705757692, 'elapsedTime': 1577.1000000238419}",936693101658,5151507025,POINT (0.3128642154224143 0.0458742320146011),,,,,,,,,,,,,,,,,,,,,,,,,,,,,,,,,,,,,,,,,,,,,,,,,,,,,,,,,,,,,,,,,,,,,,,,,,,,,,,,,,,,,,,,,,,,,,,,,,,,,
0,15,28,"{'x': 679.429323883409, 'y': 55.34941353040877, 'elapsedTime': 1643}",936693118324,5151523691,POINT (0.3538694395226088 0.0512494569726007),,,,,,,,,,,,,,,,,,,,,,,,,,,,,,,,,,,,,,,,,,,,,,,,,,,,,,,,,,,,,,,,,,,,,,,,,,,,,,,,,,,,,,,,,,,,,,,,,,,,,
0,15,28,"{'x': 679.429323883409, 'y': 55.34941353040877, 'elapsedTime': 1643}",936693134992,5151540358,POINT (0.3538694395226088 0.0512494569726007),,,,,,,,,,,,,,,,,,,,,,,,,,,,,,,,,,,,,,,,,,,,,,,,,,,,,,,,,,,,,,,,,,,,,,,,,,,,,,,,,,,,,,,,,,,,,,,,,,,,,
0,15,28,"{'x': 679.429323883409, 'y': 55.34941353040877, 'elapsedTime': 1643}",936693151662,5151557028,POINT (0.3538694395226088 0.0512494569726007),,,,,,,,,,,,,,,,,,,,,,,,,,,,,,,,,,,,,,,,,,,,,,,,,,,,,,,,,,,,,,,,,,,,,,,,,,,,,,,,,,,,,,,,,,,,,,,,,,,,,
0,15,28,"{'x': 657.1330069723878, 'y': 133.26647556877558, 'elapsedTime': 1698.3000000715256}",936693168330,5151573695,POINT (0.3422567744647853 0.1233948847859033),,,,,,,1,,,,,,,,,,,,,,,,,,,,,,,,,,,,,,,,,,,,,,,,,,,,,,,,,,,,,,,,,,,,,,,,,,,,,,,,,,,,,,,,,,,,,,,,,,,,,,
0,15,28,"{'x': 657.1330069723878, 'y': 133.26647556877558, 'elapsedTime': 1698.3000000715256}",936693184997,5151590362,POINT (0.3422567744647853 0.1233948847859033),,,,,,,1,,,,,,,,,,,,,,,,,,,,,,,,,,,,,,,,,,,,,,,,,,,,,,,,,,,,,,,,,,,,,,,,,,,,,,,,,,,,,,,,,,,,,,,,,,,,,,
0,15,28,"{'x': 657.1330069723878, 'y': 133.26647556877558, 'elapsedTime': 1698.3000000715256}",936693201664,5151607028,POINT (0.3422567744647853 0.1233948847859033),,,,,,,1,,,,,,,,,,,,,,,,,,,,,,,,,,,,,,,,,,,,,,,,,,,,,,,,,,,,,,,,,,,,,,,,,,,,,,,,,,,,,,,,,,,,,,,,,,,,,,
0,15,28,"{'x': 681.3176532409817, 'y': 270.9857736279921, 'elapsedTime': 1754}",936693218332,5151623696,POINT (0.3548529443963446 0.250912753359252),,,,,,,,,,,,,,,,,,,,,,,,,,,,,,,,,,,,,,,,,,,,,,,,,,,,,,,,,,,,,,,,,,,,,,,,,,,,,,,,,,,,,,,,,,,,,,,,,,,,1,
0,15,28,"{'x': 681.3176532409817, 'y': 270.9857736279921, 'elapsedTime': 1754}",936693234999,5151640362,POINT (0.3548529443963446 0.250912753359252),,,,,,,,,,,,,,,,,,,,,,,,,,,,,,,,,,,,,,,,,,,,,,,,,,,,,,,,,,,,,,,,,,,,,,,,,,,,,,,,,,,,,,,,,,,,,,,,,,,,1,
0,15,28,"{'x': 681.3176532409817, 'y': 270.9857736279921, 'elapsedTime': 1754}",936693251665,5151657028,POINT (0.3548529443963446 0.250912753359252),,,,,,,,,,,,,,,,,,,,,,,,,,,,,,,,,,,,,,,,,,,,,,,,,,,,,,,,,,,,,,,,,,,,,,,,,,,,,,,,,,,,,,,,,,,,,,,,,,,,1,
0,15,28,"{'x': 681.3176532409817, 'y': 270.9857736279921, 'elapsedTime': 1754}",936693268334,5151673696,POINT (0.3548529443963446 0.250912753359252),,,,,,,,,,,,,,,,,,,,,,,,,,,,,,,,,,,,,,,,,,,,,,,,,,,,,,,,,,,,,,,,,,,,,,,,,,,,,,,,,,,,,,,,,,,,,,,,,,,,1,
0,15,28,"{'x': 770.1649448771988, 'y': 259.3075709109855, 'elapsedTime': 1809.8000000715256}",936693285005,5151690367,POINT (0.4011275754568743 0.2400996026953569),,,,,,,,,,,,,,,,,,,,,,,,,,,,,,,,,,,,,,,,,,,,,,,,,,,,,,,,,,,,,,,,,,,,,,,,,,,,,,,,,,,,,,,,,,,,,,,,,,,,1,
0,15,28,"{'x': 770.1649448771988, 'y': 259.3075709109855, 'elapsedTime': 1809.8000000715256}",936693301673,5151707034,POINT (0.4011275754568743 0.2400996026953569),,,,,,,,,,,,,,,,,,,,,,,,,,,,,,,,,,,,,,,,,,,,,,,,,,,,,,,,,,,,,,,,,,,,,,,,,,,,,,,,,,,,,,,,,,,,,,,,,,,,1,
0,15,28,"{'x': 770.1649448771988, 'y': 259.3075709109855, 'elapsedTime': 1809.8000000715256}",936693318342,5151723702,POINT (0.4011275754568743 0.2400996026953569),,,,,,,,,,,,,,,,,,,,,,,,,,,,,,,,,,,,,,,,,,,,,,,,,,,,,,,,,,,,,,,,,,,,,,,,,,,,,,,,,,,,,,,,,,,,,,,,,,,,1,
0,15,28,"{'x': 770.1649448771988, 'y': 259.3075709109855, 'elapsedTime': 1809.8000000715256}",936693335009,5151740369,POINT (0.4011275754568743 0.2400996026953569),,,,,,,,,,,,,,,,,,,,,,,,,,,,,,,,,,,,,,,,,,,,,,,,,,,,,,,,,,,,,,,,,,,,,,,,,,,,,,,,,,,,,,,,,,,,,,,,,,,,1,
0,15,28,"{'x': 858.3745877772524, 'y': 242.77920535132182, 'elapsedTime': 1877.8999999761581}",936693351676,5151757035,POINT (0.4470700978006523 0.2247955605104832),,,,,,,,,,,,,,,,,,,,,,,,,,,,,,,,,,,,,,,,,,,,,,,,,,,,,,,,,,,,,,,,,,,,,,,,,,,,,,,,,,,,,,,,,,,,,,,,,,,,1,
0,15,28,"{'x': 858.3745877772524, 'y': 242.77920535132182, 'elapsedTime': 1877.8999999761581}",936693368343,5151773702,POINT (0.4470700978006523 0.2247955605104832),,,,,,,,,,,,,,,,,,,,,,,,,,,,,,,,,,,,,,,,,,,,,,,,,,,,,,,,,,,,,,,,,,,,,,,,,,,,,,,,,,,,,,,,,,,,,,,,,,,,1,
0,15,28,"{'x': 858.3745877772524, 'y': 242.77920535132182, 'elapsedTime': 1877.8999999761581}",936693385011,5151790369,POINT (0.4470700978006523 0.2247955605104832),,,,,,,,,,,,,,,,,,,,,,,,,,,,,,,,,,,,,,,,,,,,,,,,,,,,,,,,,,,,,,,,,,,,,,,,,,,,,,,,,,,,,,,,,,,,,,,,,,,,1,
0,15,28,"{'x': 860.2207407501114, 'y': 253.54196643070446, 'elapsedTime': 1934.1000000238419}",936693401677,5151807035,POINT (0.4480316358073497 0.23476108002843),,,,,,,,,,,,,,,,,,,,,,,,,,,,,,,,,,,,,,,,,,,,,,,,,,,,,,,,,,,,,,,,,,,,,,,,,,,,,,,,,,,,,,,,,,,,,,,,,,,,1,
0,15,28,"{'x': 860.2207407501114, 'y': 253.54196643070446, 'elapsedTime': 1934.1000000238419}",936693418351,5151823708,POINT (0.4480316358073497 0.23476108002843),,,,,,,,,,,,,,,,,,,,,,,,,,,,,,,,,,,,,,,,,,,,,,,,,,,,,,,,,,,,,,,,,,,,,,,,,,,,,,,,,,,,,,,,,,,,,,,,,,,,1,
0,15,28,"{'x': 860.2207407501114, 'y': 253.54196643070446, 'elapsedTime': 1934.1000000238419}",936693435018,5151840375,POINT (0.4480316358073497 0.23476108002843),,,,,,,,,,,,,,,,,,,,,,,,,,,,,,,,,,,,,,,,,,,,,,,,,,,,,,,,,,,,,,,,,,,,,,,,,,,,,,,,,,,,,,,,,,,,,,,,,,,,1,
0,15,28,"{'x': 860.2207407501114, 'y': 253.54196643070446, 'elapsedTime': 1934.1000000238419}",936693451685,5151857041,POINT (0.4480316358073497 0.23476108002843),,,,,,,,,,,,,,,,,,,,,,,,,,,,,,,,,,,,,,,,,,,,,,,,,,,,,,,,,,,,,,,,,,,,,,,,,,,,,,,,,,,,,,,,,,,,,,,,,,,,1,
0,15,28,"{'x': 855.5637690008474, 'y': 290.63983229518465, 'elapsedTime': 1991.3000000715256}",936693468352,5151873708,POINT (0.4456061296879413 0.2691109558288747),,,,,,,,,,,,,,,,,,,,,,,,,,,,,,,,,,,,,,,,,,,,,,,,,,,,,,,,,,,,,,,,,,,,,,,,,,,,,,,,,,,,,,,,,,,,,,,,,,,1,1,
0,15,28,"{'x': 855.5637690008474, 'y': 290.63983229518465, 'elapsedTime': 1991.3000000715256}",936693485020,5151890375,POINT (0.4456061296879413 0.2691109558288747),,,,,,,,,,,,,,,,,,,,,,,,,,,,,,,,,,,,,,,,,,,,,,,,,,,,,,,,,,,,,,,,,,,,,,,,,,,,,,,,,,,,,,,,,,,,,,,,,,,1,1,
0,15,28,"{'x': 855.5637690008474, 'y': 290.63983229518465, 'elapsedTime': 1991.3000000715256}",936693501686,5151907041,POINT (0.4456061296879413 0.2691109558288747),,,,,,,,,,,,,,,,,,,,,,,,,,,,,,,,,,,,,,,,,,,,,,,,,,,,,,,,,,,,,,,,,,,,,,,,,,,,,,,,,,,,,,,,,,,,,,,,,,,1,1,
0,15,28,"{'x': 768.7683817744227, 'y': 357.396659282533, 'elapsedTime': 2053.600000023842}",936693518354,5151923708,POINT (0.4004001988408452 0.330922832669012),,,,,,,,,,,,,,,,,,,,,,,,,,,,,,,,,,,,,,,,,,,,,,,,,,,,,,,,,,,,,,,,,,,,,,,,,,,,,,,,,,,,,,,,,,,,,,,,,,,,1,
0,15,28,"{'x': 768.7683817744227, 'y': 357.396659282533, 'elapsedTime': 2053.600000023842}",936693535023,5151940377,POINT (0.4004001988408452 0.330922832669012),,,,,,,,,,,,,,,,,,,,,,,,,,,,,,,,,,,,,,,,,,,,,,,,,,,,,,,,,,,,,,,,,,,,,,,,,,,,,,,,,,,,,,,,,,,,,,,,,,,,1,
0,15,28,"{'x': 768.7683817744227, 'y': 357.396659282533, 'elapsedTime': 2053.600000023842}",936693551690,5151957044,POINT (0.4004001988408452 0.330922832669012),,,,,,,,,,,,,,,,,,,,,,,,,,,,,,,,,,,,,,,,,,,,,,,,,,,,,,,,,,,,,,,,,,,,,,,,,,,,,,,,,,,,,,,,,,,,,,,,,,,,1,
0,15,28,"{'x': 768.7683817744227, 'y': 357.396659282533, 'elapsedTime': 2053.600000023842}",936693568357,5151973710,POINT (0.4004001988408452 0.330922832669012),,,,,,,,,,,,,,,,,,,,,,,,,,,,,,,,,,,,,,,,,,,,,,,,,,,,,,,,,,,,,,,,,,,,,,,,,,,,,,,,,,,,,,,,,,,,,,,,,,,,1,
0,15,28,"{'x': 803.0297211108829, 'y': 380.12161815219474, 'elapsedTime': 2110.2000000476837}",936693585023,5151990376,POINT (0.4182446464119182 0.3519644612520322),,,,,,,,,,,,,,,,,,,,,,,,,,,,,,,,,,,,,,,,,,,,,,,,,,,,,,,,,,,,,,,,,,,,,,,,,,,,,,,,,,,,,,,,,,,,,,,,,,,,,
0,15,28,"{'x': 803.0297211108829, 'y': 380.12161815219474, 'elapsedTime': 2110.2000000476837}",936693601691,5152007043,POINT (0.4182446464119182 0.3519644612520322),,,,,,,,,,,,,,,,,,,,,,,,,,,,,,,,,,,,,,,,,,,,,,,,,,,,,,,,,,,,,,,,,,,,,,,,,,,,,,,,,,,,,,,,,,,,,,,,,,,,,
0,15,28,"{'x': 803.0297211108829, 'y': 380.12161815219474, 'elapsedTime': 2110.2000000476837}",936693618358,5152023710,POINT (0.4182446464119182 0.3519644612520322),,,,,,,,,,,,,,,,,,,,,,,,,,,,,,,,,,,,,,,,,,,,,,,,,,,,,,,,,,,,,,,,,,,,,,,,,,,,,,,,,,,,,,,,,,,,,,,,,,,,,
0,15,28,"{'x': 689.2314857200347, 'y': 394.4593471975128, 'elapsedTime': 2167.5}",936693635026,5152040377,POINT (0.3589747321458514 0.3652401362939933),,,,,,,,,,,,,,,,,,,,,,,,,,,,,,,,,,,,,,,,,,,,,,,,,,,,,,,,,,,,,,,,,,,,,,,,,,,,,,,,,,,,,,,,,,,,,,,,,,,,,
0,15,28,"{'x': 689.2314857200347, 'y': 394.4593471975128, 'elapsedTime': 2167.5}",936693651692,5152057043,POINT (0.3589747321458514 0.3652401362939933),,,,,,,,,,,,,,,,,,,,,,,,,,,,,,,,,,,,,,,,,,,,,,,,,,,,,,,,,,,,,,,,,,,,,,,,,,,,,,,,,,,,,,,,,,,,,,,,,,,,,
0,15,28,"{'x': 689.2314857200347, 'y': 394.4593471975128, 'elapsedTime': 2167.5}",936693668366,5152073716,POINT (0.3589747321458514 0.3652401362939933),,,,,,,,,,,,,,,,,,,,,,,,,,,,,,,,,,,,,,,,,,,,,,,,,,,,,,,,,,,,,,,,,,,,,,,,,,,,,,,,,,,,,,,,,,,,,,,,,,,,,
0,15,28,"{'x': 689.2314857200347, 'y': 394.4593471975128, 'elapsedTime': 2167.5}",936693685032,5152090382,POINT (0.3589747321458514 0.3652401362939933),,,,,,,,,,,,,,,,,,,,,,,,,,,,,,,,,,,,,,,,,,,,,,,,,,,,,,,,,,,,,,,,,,,,,,,,,,,,,,,,,,,,,,,,,,,,,,,,,,,,,
0,15,28,"{'x': 664.3855378187308, 'y': 444.4975037255008, 'elapsedTime': 2224.3000000715256}",936693701701,5152107050,POINT (0.3460341342805889 0.411571762708797),,,,,,,,,,,,,,,,,,,,,,,,,,,,,,,,,,,,,,,,,,,,,,,,,,,,,,,,,,,,,,,,,,,,,,,,,,,,,,,,,,,,,,,,,,,,,,,,,,,,,
0,15,28,"{'x': 664.3855378187308, 'y': 444.4975037255008, 'elapsedTime': 2224.3000000715256}",936693718367,5152123716,POINT (0.3460341342805889 0.411571762708797),,,,,,,,,,,,,,,,,,,,,,,,,,,,,,,,,,,,,,,,,,,,,,,,,,,,,,,,,,,,,,,,,,,,,,,,,,,,,,,,,,,,,,,,,,,,,,,,,,,,,
0,15,28,"{'x': 664.3855378187308, 'y': 444.4975037255008, 'elapsedTime': 2224.3000000715256}",936693735034,5152140382,POINT (0.3460341342805889 0.411571762708797),,,,,,,,,,,,,,,,,,,,,,,,,,,,,,,,,,,,,,,,,,,,,,,,,,,,,,,,,,,,,,,,,,,,,,,,,,,,,,,,,,,,,,,,,,,,,,,,,,,,,
0,15,28,"{'x': 638.4102947415919, 'y': 492.02104296292356, 'elapsedTime': 2281.7000000476837}",936693751701,5152157049,POINT (0.3325053618445791 0.4555750397804848),,,,,,,,,,,,,,,,,,,,,,,,,,,,,,,,,,,,,,,,,,,,,,,,,,,,,,,,,,,,,,,,,,,,,,,,,,,,,,,,,,,,,,,,,,,,,,,,,,,,,
0,15,28,"{'x': 638.4102947415919, 'y': 492.02104296292356, 'elapsedTime': 2281.7000000476837}",936693768369,5152173716,POINT (0.3325053618445791 0.4555750397804848),,,,,,,,,,,,,,,,,,,,,,,,,,,,,,,,,,,,,,,,,,,,,,,,,,,,,,,,,,,,,,,,,,,,,,,,,,,,,,,,,,,,,,,,,,,,,,,,,,,,,
0,15,28,"{'x': 638.4102947415919, 'y': 492.02104296292356, 'elapsedTime': 2281.7000000476837}",936693785036,5152190383,POINT (0.3325053618445791 0.4555750397804848),,,,,,,,,,,,,,,,,,,,,,,,,,,,,,,,,,,,,,,,,,,,,,,,,,,,,,,,,,,,,,,,,,,,,,,,,,,,,,,,,,,,,,,,,,,,,,,,,,,,,
0,15,28,"{'x': 594.5685409679695, 'y': 478.5141420533184, 'elapsedTime': 2336.899999976158}",936693801709,5152207055,POINT (0.3096711150874841 0.4430686500493688),,,,,,,,,,,,,,,,,,,,,,,,,,,,,,,,,,,,,,,,,,,,,,,,,,,,,,,,,,,,,,,,,,,,,,,,,,,,,,,,,,,,,,,,,,,,,,,,,,,,,
0,15,28,"{'x': 594.5685409679695, 'y': 478.5141420533184, 'elapsedTime': 2336.899999976158}",936693818375,5152223721,POINT (0.3096711150874841 0.4430686500493688),,,,,,,,,,,,,,,,,,,,,,,,,,,,,,,,,,,,,,,,,,,,,,,,,,,,,,,,,,,,,,,,,,,,,,,,,,,,,,,,,,,,,,,,,,,,,,,,,,,,,
0,15,28,"{'x': 594.5685409679695, 'y': 478.5141420533184, 'elapsedTime': 2336.899999976158}",936693835042,5152240387,POINT (0.3096711150874841 0.4430686500493688),,,,,,,,,,,,,,,,,,,,,,,,,,,,,,,,,,,,,,,,,,,,,,,,,,,,,,,,,,,,,,,,,,,,,,,,,,,,,,,,,,,,,,,,,,,,,,,,,,,,,
0,15,28,"{'x': 594.5685409679695, 'y': 478.5141420533184, 'elapsedTime': 2336.899999976158}",936693851709,5152257054,POINT (0.3096711150874841 0.4430686500493688),,,,,,,,,,,,,,,,,,,,,,,,,,,,,,,,,,,,,,,,,,,,,,,,,,,,,,,,,,,,,,,,,,,,,,,,,,,,,,,,,,,,,,,,,,,,,,,,,,,,,
0,15,28,"{'x': 502.10412389520866, 'y': 492.78853839605614, 'elapsedTime': 2391.600000023842}",936693868377,5152273721,POINT (0.2615125645287545 0.456285683700052),,,,,,,,,,,,,,,,,,,,,,,,,,,,,,,,,,,,,,,,,,,,,,,,,,,,,,,,,,,,,,,,,,,,,,,,,,,,,,,,,,,,,,,,,,,,,,,,,,,,,
0,15,28,"{'x': 502.10412389520866, 'y': 492.78853839605614, 'elapsedTime': 2391.600000023842}",936693885044,5152290388,POINT (0.2615125645287545 0.456285683700052),,,,,,,,,,,,,,,,,,,,,,,,,,,,,,,,,,,,,,,,,,,,,,,,,,,,,,,,,,,,,,,,,,,,,,,,,,,,,,,,,,,,,,,,,,,,,,,,,,,,,
0,15,28,"{'x': 502.10412389520866, 'y': 492.78853839605614, 'elapsedTime': 2391.600000023842}",936693901711,5152307054,POINT (0.2615125645287545 0.456285683700052),,,,,,,,,,,,,,,,,,,,,,,,,,,,,,,,,,,,,,,,,,,,,,,,,,,,,,,,,,,,,,,,,,,,,,,,,,,,,,,,,,,,,,,,,,,,,,,,,,,,,
0,15,28,"{'x': 432.4807602278566, 'y': 484.7857034007135, 'elapsedTime': 2446.2000000476837}",936693918378,5152323721,POINT (0.2252503959520086 0.448875651296957),,,,,,,,,,,,,,,,,,,,,,,,,,,,,,,,,,,,,,,,,,,,,,,,,,,,,,,,,,,,,,,,,,,,,,,,,,,,,,,,,,,,,,,,,,,,,,,,,,,,,
0,15,28,"{'x': 432.4807602278566, 'y': 484.7857034007135, 'elapsedTime': 2446.2000000476837}",936693935048,5152340390,POINT (0.2252503959520086 0.448875651296957),,,,,,,,,,,,,,,,,,,,,,,,,,,,,,,,,,,,,,,,,,,,,,,,,,,,,,,,,,,,,,,,,,,,,,,,,,,,,,,,,,,,,,,,,,,,,,,,,,,,,
0,15,28,"{'x': 432.4807602278566, 'y': 484.7857034007135, 'elapsedTime': 2446.2000000476837}",936693951715,5152357057,POINT (0.2252503959520086 0.448875651296957),,,,,,,,,,,,,,,,,,,,,,,,,,,,,,,,,,,,,,,,,,,,,,,,,,,,,,,,,,,,,,,,,,,,,,,,,,,,,,,,,,,,,,,,,,,,,,,,,,,,,
0,15,28,"{'x': 483.04473196356093, 'y': 429.95395639066055, 'elapsedTime': 2503}",936693968383,5152373724,POINT (0.251585797897688 0.3981055151765375),,,,,,,,,,,,,,,,,,,,,,,,,,,,,,,,,,,,,,,,,,,,,,,,,,,,,,,,,,,,,,,,,,,,,,,,,,,,,,,,,,,,,,,,,,,,,,,,,,,,,
0,15,28,"{'x': 483.04473196356093, 'y': 429.95395639066055, 'elapsedTime': 2503}",936693985050,5152390391,POINT (0.251585797897688 0.3981055151765375),,,,,,,,,,,,,,,,,,,,,,,,,,,,,,,,,,,,,,,,,,,,,,,,,,,,,,,,,,,,,,,,,,,,,,,,,,,,,,,,,,,,,,,,,,,,,,,,,,,,,
0,15,28,"{'x': 483.04473196356093, 'y': 429.95395639066055, 'elapsedTime': 2503}",936694001717,5152407057,POINT (0.251585797897688 0.3981055151765375),,,,,,,,,,,,,,,,,,,,,,,,,,,,,,,,,,,,,,,,,,,,,,,,,,,,,,,,,,,,,,,,,,,,,,,,,,,,,,,,,,,,,,,,,,,,,,,,,,,,,
0,15,28,"{'x': 483.04473196356093, 'y': 429.95395639066055, 'elapsedTime': 2503}",936694018384,5152423724,POINT (0.251585797897688 0.3981055151765375),,,,,,,,,,,,,,,,,,,,,,,,,,,,,,,,,,,,,,,,,,,,,,,,,,,,,,,,,,,,,,,,,,,,,,,,,,,,,,,,,,,,,,,,,,,,,,,,,,,,,
0,15,28,"{'x': 483.04473196356093, 'y': 429.95395639066055, 'elapsedTime': 2503}",936694035051,5152440390,POINT (0.251585797897688 0.3981055151765375),,,,,,,,,,,,,,,,,,,,,,,,,,,,,,,,,,,,,,,,,,,,,,,,,,,,,,,,,,,,,,,,,,,,,,,,,,,,,,,,,,,,,,,,,,,,,,,,,,,,,
0,15,28,"{'x': 496.4884783469666, 'y': 414.3024211428391, 'elapsedTime': 2559.7000000476837}",936694051718,5152457057,POINT (0.2585877491390451 0.3836133529100362),,,,,,,,,,,,,,,,,,,,,,,,,,,,,,,,,,,,,,,,,,,,,,,,,,,,,,,,,,,,,,,,,,,,,,,,,,,,,,,,,,,,,,,,,,,,,,,,,,,,,
0,15,28,"{'x': 496.4884783469666, 'y': 414.3024211428391, 'elapsedTime': 2559.7000000476837}",936694068391,5152473729,POINT (0.2585877491390451 0.3836133529100362),,,,,,,,,,,,,,,,,,,,,,,,,,,,,,,,,,,,,,,,,,,,,,,,,,,,,,,,,,,,,,,,,,,,,,,,,,,,,,,,,,,,,,,,,,,,,,,,,,,,,
0,15,28,"{'x': 496.4884783469666, 'y': 414.3024211428391, 'elapsedTime': 2559.7000000476837}",936694085057,5152490395,POINT (0.2585877491390451 0.3836133529100362),,,,,,,,,,,,,,,,,,,,,,,,,,,,,,,,,,,,,,,,,,,,,,,,,,,,,,,,,,,,,,,,,,,,,,,,,,,,,,,,,,,,,,,,,,,,,,,,,,,,,
0,15,28,"{'x': 496.4884783469666, 'y': 414.3024211428391, 'elapsedTime': 2559.7000000476837}",936694101725,5152507062,POINT (0.2585877491390451 0.3836133529100362),,,,,,,,,,,,,,,,,,,,,,,,,,,,,,,,,,,,,,,,,,,,,,,,,,,,,,,,,,,,,,,,,,,,,,,,,,,,,,,,,,,,,,,,,,,,,,,,,,,,,
0,15,28,"{'x': 467.53880935537524, 'y': 297.842827800463, 'elapsedTime': 2640.600000023842}",936694118391,5152523728,POINT (0.2435097965392579 0.2757803961115398),,,,,,,,,,,,,,,,,,,,,,,,,,,,,,,,,,,,,,,,,,,,,,,,,,,,,,,,,,,,,,,,,,,,,,,,,,,,,,,,,,,,,,,,,,,,,,,,,,,1,,
0,15,28,"{'x': 467.53880935537524, 'y': 297.842827800463, 'elapsedTime': 2640.600000023842}",936694135060,5152540396,POINT (0.2435097965392579 0.2757803961115398),,,,,,,,,,,,,,,,,,,,,,,,,,,,,,,,,,,,,,,,,,,,,,,,,,,,,,,,,,,,,,,,,,,,,,,,,,,,,,,,,,,,,,,,,,,,,,,,,,,1,,
0,15,28,"{'x': 467.53880935537524, 'y': 297.842827800463, 'elapsedTime': 2640.600000023842}",936694151727,5152557062,POINT (0.2435097965392579 0.2757803961115398),,,,,,,,,,,,,,,,,,,,,,,,,,,,,,,,,,,,,,,,,,,,,,,,,,,,,,,,,,,,,,,,,,,,,,,,,,,,,,,,,,,,,,,,,,,,,,,,,,,1,,
0,15,28,"{'x': 467.53880935537524, 'y': 297.842827800463, 'elapsedTime': 2640.600000023842}",936694168394,5152573729,POINT (0.2435097965392579 0.2757803961115398),,,,,,,,,,,,,,,,,,,,,,,,,,,,,,,,,,,,,,,,,,,,,,,,,,,,,,,,,,,,,,,,,,,,,,,,,,,,,,,,,,,,,,,,,,,,,,,,,,,1,,
0,15,28,"{'x': 404.3337937206354, 'y': 211.71839366113156, 'elapsedTime': 2705.899999976158}",936694185061,5152590395,POINT (0.210590517562831 0.1960355496862329),,,,,,,,,,,,,,,,,,,,,,,,,,,,,,,,,,,,,,,,,,,,,,,,,,,,,,,,,,,,,,,,,,,,,,,,,,,,,,,,,,,,,,,,,,,,,,,,,,,,,
0,15,28,"{'x': 404.3337937206354, 'y': 211.71839366113156, 'elapsedTime': 2705.899999976158}",936694201734,5152607068,POINT (0.210590517562831 0.1960355496862329),,,,,,,,,,,,,,,,,,,,,,,,,,,,,,,,,,,,,,,,,,,,,,,,,,,,,,,,,,,,,,,,,,,,,,,,,,,,,,,,,,,,,,,,,,,,,,,,,,,,,
0,15,28,"{'x': 404.3337937206354, 'y': 211.71839366113156, 'elapsedTime': 2705.899999976158}",936694218401,5152623734,POINT (0.210590517562831 0.1960355496862329),,,,,,,,,,,,,,,,,,,,,,,,,,,,,,,,,,,,,,,,,,,,,,,,,,,,,,,,,,,,,,,,,,,,,,,,,,,,,,,,,,,,,,,,,,,,,,,,,,,,,
0,15,28,"{'x': 404.3337937206354, 'y': 211.71839366113156, 'elapsedTime': 2705.899999976158}",936694235071,5152640404,POINT (0.210590517562831 0.1960355496862329),,,,,,,,,,,,,,,,,,,,,,,,,,,,,,,,,,,,,,,,,,,,,,,,,,,,,,,,,,,,,,,,,,,,,,,,,,,,,,,,,,,,,,,,,,,,,,,,,,,,,
0,15,28,"{'x': 518.213247660582, 'y': 205.20488647677547, 'elapsedTime': 2764.3000000715256}",936694251736,5152657068,POINT (0.2699027331565532 0.1900045245155328),,,,,,,,,,,,,,,,,1,,,,,,,,,,,,,,,,,,,,,,,,,,,,,,,,,,,,,,,,,,,,,,,,,,,,,,,,,,,,,,,,,,,,,,,,,,,,,,,,,,,,
0,15,28,"{'x': 518.213247660582, 'y': 205.20488647677547, 'elapsedTime': 2764.3000000715256}",936694268402,5152673734,POINT (0.2699027331565532 0.1900045245155328),,,,,,,,,,,,,,,,,1,,,,,,,,,,,,,,,,,,,,,,,,,,,,,,,,,,,,,,,,,,,,,,,,,,,,,,,,,,,,,,,,,,,,,,,,,,,,,,,,,,,,
0,15,28,"{'x': 518.213247660582, 'y': 205.20488647677547, 'elapsedTime': 2764.3000000715256}",936694285070,5152690401,POINT (0.2699027331565532 0.1900045245155328),,,,,,,,,,,,,,,,,1,,,,,,,,,,,,,,,,,,,,,,,,,,,,,,,,,,,,,,,,,,,,,,,,,,,,,,,,,,,,,,,,,,,,,,,,,,,,,,,,,,,,
0,15,28,"{'x': 518.213247660582, 'y': 205.20488647677547, 'elapsedTime': 2764.3000000715256}",936694301739,5152707070,POINT (0.2699027331565532 0.1900045245155328),,,,,,,,,,,,,,,,,1,,,,,,,,,,,,,,,,,,,,,,,,,,,,,,,,,,,,,,,,,,,,,,,,,,,,,,,,,,,,,,,,,,,,,,,,,,,,,,,,,,,,
0,15,28,"{'x': 512.7865998754493, 'y': 247.13931059434765, 'elapsedTime': 2830.2000000476837}",936694318405,5152723735,POINT (0.2670763541017965 0.2288326949947663),,,,,,,,,,,,,,,,,,,,,,,,,,,,,,,,,,,,,,,,,,,,,,,,,,,,,,,,,,,,,,,,,,,,,,,,,,,,,,,,,,,,,,,,,,,,,,,,,,,,1,
0,15,28,"{'x': 512.7865998754493, 'y': 247.13931059434765, 'elapsedTime': 2830.2000000476837}",936694335076,5152740406,POINT (0.2670763541017965 0.2288326949947663),,,,,,,,,,,,,,,,,,,,,,,,,,,,,,,,,,,,,,,,,,,,,,,,,,,,,,,,,,,,,,,,,,,,,,,,,,,,,,,,,,,,,,,,,,,,,,,,,,,,1,
0,15,28,"{'x': 512.7865998754493, 'y': 247.13931059434765, 'elapsedTime': 2830.2000000476837}",936694351743,5152757072,POINT (0.2670763541017965 0.2288326949947663),,,,,,,,,,,,,,,,,,,,,,,,,,,,,,,,,,,,,,,,,,,,,,,,,,,,,,,,,,,,,,,,,,,,,,,,,,,,,,,,,,,,,,,,,,,,,,,,,,,,1,
0,15,28,"{'x': 512.7865998754493, 'y': 247.13931059434765, 'elapsedTime': 2830.2000000476837}",936694368409,5152773738,POINT (0.2670763541017965 0.2288326949947663),,,,,,,,,,,,,,,,,,,,,,,,,,,,,,,,,,,,,,,,,,,,,,,,,,,,,,,,,,,,,,,,,,,,,,,,,,,,,,,,,,,,,,,,,,,,,,,,,,,,1,
0,15,28,"{'x': 484.2108853870701, 'y': 236.22168996643876, 'elapsedTime': 2906.399999976158}",936694385077,5152790405,POINT (0.2521931694724324 0.2187237870059618),,,,,,,,,,,,,,,,,,,,,,,,,,,,,,,1,,,,,,,,,,,,,,,,,,,,,,,,,,,,,,,,,,,,,,,,,,,,,,,,,,,,,,,,,,,,,,,,,,,,,1,
0,15,28,"{'x': 484.2108853870701, 'y': 236.22168996643876, 'elapsedTime': 2906.399999976158}",936694401744,5152807072,POINT (0.2521931694724324 0.2187237870059618),,,,,,,,,,,,,,,,,,,,,,,,,,,,,,,1,,,,,,,,,,,,,,,,,,,,,,,,,,,,,,,,,,,,,,,,,,,,,,,,,,,,,,,,,,,,,,,,,,,,,1,
0,15,28,"{'x': 484.2108853870701, 'y': 236.22168996643876, 'elapsedTime': 2906.399999976158}",936694418411,5152823738,POINT (0.2521931694724324 0.2187237870059618),,,,,,,,,,,,,,,,,,,,,,,,,,,,,,,1,,,,,,,,,,,,,,,,,,,,,,,,,,,,,,,,,,,,,,,,,,,,,,,,,,,,,,,,,,,,,,,,,,,,,1,
0,15,28,"{'x': 524.714815511203, 'y': 187.117756271836, 'elapsedTime': 2964}",936694435078,5152840405,POINT (0.2732889664120849 0.1732571817331815),,,,,,,,,,,,,,,,,1,,,,,,,,,,,,,,,,,,,,,,,,,,,,,,,,,,,,,,,,,,,,,,,,,,,,,,,,,,,,,,,,,,,,,,,,,,,,,,,,,,,,
0,15,28,"{'x': 524.714815511203, 'y': 187.117756271836, 'elapsedTime': 2964}",936694451752,5152857078,POINT (0.2732889664120849 0.1732571817331815),,,,,,,,,,,,,,,,,1,,,,,,,,,,,,,,,,,,,,,,,,,,,,,,,,,,,,,,,,,,,,,,,,,,,,,,,,,,,,,,,,,,,,,,,,,,,,,,,,,,,,
0,15,28,"{'x': 524.714815511203, 'y': 187.117756271836, 'elapsedTime': 2964}",936694468418,5152873744,POINT (0.2732889664120849 0.1732571817331815),,,,,,,,,,,,,,,,,1,,,,,,,,,,,,,,,,,,,,,,,,,,,,,,,,,,,,,,,,,,,,,,,,,,,,,,,,,,,,,,,,,,,,,,,,,,,,,,,,,,,,
0,15,28,"{'x': 524.714815511203, 'y': 187.117756271836, 'elapsedTime': 2964}",936694485086,5152890411,POINT (0.2732889664120849 0.1732571817331815),,,,,,,,,,,,,,,,,1,,,,,,,,,,,,,,,,,,,,,,,,,,,,,,,,,,,,,,,,,,,,,,,,,,,,,,,,,,,,,,,,,,,,,,,,,,,,,,,,,,,,
0,15,28,"{'x': 523.3386588776812, 'y': 138.22094139113312, 'elapsedTime': 3022.100000023842}",936694501753,5152907078,POINT (0.272572218165459 0.1279823531399381),,,,,,,,,,,,,,,,,,,,,,,,,,,,,,,,,,,,,,,,,,,,,,,,,,,,,,,,,,,,,,,,,,,,,,,,,,,,,,,,,,,,,,,,,,,,,,,,,,,,,
0,15,28,"{'x': 523.3386588776812, 'y': 138.22094139113312, 'elapsedTime': 3022.100000023842}",936694518420,5152923744,POINT (0.272572218165459 0.1279823531399381),,,,,,,,,,,,,,,,,,,,,,,,,,,,,,,,,,,,,,,,,,,,,,,,,,,,,,,,,,,,,,,,,,,,,,,,,,,,,,,,,,,,,,,,,,,,,,,,,,,,,
0,15,28,"{'x': 523.3386588776812, 'y': 138.22094139113312, 'elapsedTime': 3022.100000023842}",936694535087,5152940411,POINT (0.272572218165459 0.1279823531399381),,,,,,,,,,,,,,,,,,,,,,,,,,,,,,,,,,,,,,,,,,,,,,,,,,,,,,,,,,,,,,,,,,,,,,,,,,,,,,,,,,,,,,,,,,,,,,,,,,,,,
0,15,28,"{'x': 523.3386588776812, 'y': 138.22094139113312, 'elapsedTime': 3022.100000023842}",936694551755,5152957078,POINT (0.272572218165459 0.1279823531399381),,,,,,,,,,,,,,,,,,,,,,,,,,,,,,,,,,,,,,,,,,,,,,,,,,,,,,,,,,,,,,,,,,,,,,,,,,,,,,,,,,,,,,,,,,,,,,,,,,,,,
0,15,28,"{'x': 523.3386588776812, 'y': 138.22094139113312, 'elapsedTime': 3022.100000023842}",936694568423,5152973745,POINT (0.272572218165459 0.1279823531399381),,,,,,,,,,,,,,,,,,,,,,,,,,,,,,,,,,,,,,,,,,,,,,,,,,,,,,,,,,,,,,,,,,,,,,,,,,,,,,,,,,,,,,,,,,,,,,,,,,,,,
0,15,28,"{'x': 523.3386588776812, 'y': 138.22094139113312, 'elapsedTime': 3022.100000023842}",936694585092,5152990414,POINT (0.272572218165459 0.1279823531399381),,,,,,,,,,,,,,,,,,,,,,,,,,,,,,,,,,,,,,,,,,,,,,,,,,,,,,,,,,,,,,,,,,,,,,,,,,,,,,,,,,,,,,,,,,,,,,,,,,,,,
0,15,28,"{'x': 545.2219910788996, 'y': 159.20199556563495, 'elapsedTime': 3076.100000023842}",936694601760,5153007081,POINT (0.2839697870202602 0.1474092551533657),,,,,,,,,,,,,,,,,,,,,,,,,,,,,,,,,,,,,,,,,,,,,,,,,,,,,,,,,,,,,,,,,,,,,,,,,,,,,,,,,,,,,,,,,,,,,,,,,,,1,,
0,15,28,"{'x': 545.2219910788996, 'y': 159.20199556563495, 'elapsedTime': 3076.100000023842}",936694618427,5153023748,POINT (0.2839697870202602 0.1474092551533657),,,,,,,,,,,,,,,,,,,,,,,,,,,,,,,,,,,,,,,,,,,,,,,,,,,,,,,,,,,,,,,,,,,,,,,,,,,,,,,,,,,,,,,,,,,,,,,,,,,1,,
0,15,28,"{'x': 545.2219910788996, 'y': 159.20199556563495, 'elapsedTime': 3076.100000023842}",936694635094,5153040414,POINT (0.2839697870202602 0.1474092551533657),,,,,,,,,,,,,,,,,,,,,,,,,,,,,,,,,,,,,,,,,,,,,,,,,,,,,,,,,,,,,,,,,,,,,,,,,,,,,,,,,,,,,,,,,,,,,,,,,,,1,,
0,15,28,"{'x': 571.1943300907757, 'y': 182.77870557546794, 'elapsedTime': 3184.899999976158}",936694651761,5153057081,POINT (0.297497046922279 0.1692395421995074),,,,,,,,,,,,,,,,,,,,,,,,,,,,,,,,,,,,,,,,,,,,,,,,,,,,,,,,,,,,,,,,,,,,,,,,,,,,,,,,,,,,,,,,,,,,,,,,,,,1,,
0,15,28,"{'x': 571.1943300907757, 'y': 182.77870557546794, 'elapsedTime': 3184.899999976158}",936694668429,5153073748,POINT (0.297497046922279 0.1692395421995074),,,,,,,,,,,,,,,,,,,,,,,,,,,,,,,,,,,,,,,,,,,,,,,,,,,,,,,,,,,,,,,,,,,,,,,,,,,,,,,,,,,,,,,,,,,,,,,,,,,1,,
0,15,28,"{'x': 571.1943300907757, 'y': 182.77870557546794, 'elapsedTime': 3184.899999976158}",936694685095,5153090414,POINT (0.297497046922279 0.1692395421995074),,,,,,,,,,,,,,,,,,,,,,,,,,,,,,,,,,,,,,,,,,,,,,,,,,,,,,,,,,,,,,,,,,,,,,,,,,,,,,,,,,,,,,,,,,,,,,,,,,,1,,
0,15,28,"{'x': 571.1943300907757, 'y': 182.77870557546794, 'elapsedTime': 3184.899999976158}",936694701762,5153107080,POINT (0.297497046922279 0.1692395421995074),,,,,,,,,,,,,,,,,,,,,,,,,,,,,,,,,,,,,,,,,,,,,,,,,,,,,,,,,,,,,,,,,,,,,,,,,,,,,,,,,,,,,,,,,,,,,,,,,,,1,,
0,15,28,"{'x': 492.95873323073874, 'y': 196.82045555401407, 'elapsedTime': 3243.3000000715256}",936694718435,5153123753,POINT (0.2567493402243431 0.182241162550013),,,,,,,,,,,,,,,,,,,,,,,,,,,,,,,,,,,,,,,,,,,,,,,,,,,,,,,,,,,,,,,,,,,,,,,,,,,,,,,,,,,,,,,,,,,,,,,,,,,,,
0,15,28,"{'x': 492.95873323073874, 'y': 196.82045555401407, 'elapsedTime': 3243.3000000715256}",936694735102,5153140419,POINT (0.2567493402243431 0.182241162550013),,,,,,,,,,,,,,,,,,,,,,,,,,,,,,,,,,,,,,,,,,,,,,,,,,,,,,,,,,,,,,,,,,,,,,,,,,,,,,,,,,,,,,,,,,,,,,,,,,,,,
0,15,28,"{'x': 492.95873323073874, 'y': 196.82045555401407, 'elapsedTime': 3243.3000000715256}",936694751769,5153157086,POINT (0.2567493402243431 0.182241162550013),,,,,,,,,,,,,,,,,,,,,,,,,,,,,,,,,,,,,,,,,,,,,,,,,,,,,,,,,,,,,,,,,,,,,,,,,,,,,,,,,,,,,,,,,,,,,,,,,,,,,
0,15,28,"{'x': 532.5124283093219, 'y': 239.2421936386124, 'elapsedTime': 3300}",936694768437,5153173753,POINT (0.2773502230777718 0.2215205496653818),,,,,,,,,,,,,,,,,,,,,,,,,,,,,,,,,,,,,,,,,,,,,,,,,,,,,,,,,,,,,,,,,,,,,,,,,,,,,,,,,,,,,,,,,,,,,,,,,,,,1,
0,15,28,"{'x': 532.5124283093219, 'y': 239.2421936386124, 'elapsedTime': 3300}",936694785103,5153190419,POINT (0.2773502230777718 0.2215205496653818),,,,,,,,,,,,,,,,,,,,,,,,,,,,,,,,,,,,,,,,,,,,,,,,,,,,,,,,,,,,,,,,,,,,,,,,,,,,,,,,,,,,,,,,,,,,,,,,,,,,1,
0,15,28,"{'x': 532.5124283093219, 'y': 239.2421936386124, 'elapsedTime': 3300}",936694801771,5153207086,POINT (0.2773502230777718 0.2215205496653818),,,,,,,,,,,,,,,,,,,,,,,,,,,,,,,,,,,,,,,,,,,,,,,,,,,,,,,,,,,,,,,,,,,,,,,,,,,,,,,,,,,,,,,,,,,,,,,,,,,,1,
0,15,28,"{'x': 532.5124283093219, 'y': 239.2421936386124, 'elapsedTime': 3300}",936694818438,5153223753,POINT (0.2773502230777718 0.2215205496653818),,,,,,,,,,,,,,,,,,,,,,,,,,,,,,,,,,,,,,,,,,,,,,,,,,,,,,,,,,,,,,,,,,,,,,,,,,,,,,,,,,,,,,,,,,,,,,,,,,,,1,
0,15,28,"{'x': 492.5158948438161, 'y': 259.31011480600745, 'elapsedTime': 3358.899999976158}",936694835105,5153240419,POINT (0.2565186952311542 0.2401019581537106),,,,,,,,,,,,,,,,,,,,,,,,,,,,,,,,,,,,,,,,,,,,,,,,,,,,,,,,,,,,,,,,,,,,,,,,,,,,,,,,,,,,,,,,,,,,,,,,,,,,1,
0,15,28,"{'x': 492.5158948438161, 'y': 259.31011480600745, 'elapsedTime': 3358.899999976158}",936694851777,5153257091,POINT (0.2565186952311542 0.2401019581537106),,,,,,,,,,,,,,,,,,,,,,,,,,,,,,,,,,,,,,,,,,,,,,,,,,,,,,,,,,,,,,,,,,,,,,,,,,,,,,,,,,,,,,,,,,,,,,,,,,,,1,
0,15,28,"{'x': 492.5158948438161, 'y': 259.31011480600745, 'elapsedTime': 3358.899999976158}",936694868445,5153273758,POINT (0.2565186952311542 0.2401019581537106),,,,,,,,,,,,,,,,,,,,,,,,,,,,,,,,,,,,,,,,,,,,,,,,,,,,,,,,,,,,,,,,,,,,,,,,,,,,,,,,,,,,,,,,,,,,,,,,,,,,1,
0,15,28,"{'x': 467.60922450243197, 'y': 332.302644693235, 'elapsedTime': 3417.5}",936694885111,5153290424,POINT (0.2435464710950166 0.3076876339752176),,,,,,,,,,,,,,,,,,,,,,,,,,,,,,,,,,,,,,,,,,,,,,,,,,,,,,,,,,,,,,,,,,,,,,,,,,,,,,,,,,,,,,,,,,,,,,,,,,,,,
0,15,28,"{'x': 467.60922450243197, 'y': 332.302644693235, 'elapsedTime': 3417.5}",936694901779,5153307091,POINT (0.2435464710950166 0.3076876339752176),,,,,,,,,,,,,,,,,,,,,,,,,,,,,,,,,,,,,,,,,,,,,,,,,,,,,,,,,,,,,,,,,,,,,,,,,,,,,,,,,,,,,,,,,,,,,,,,,,,,,
0,15,28,"{'x': 467.60922450243197, 'y': 332.302644693235, 'elapsedTime': 3417.5}",936694918446,5153323758,POINT (0.2435464710950166 0.3076876339752176),,,,,,,,,,,,,,,,,,,,,,,,,,,,,,,,,,,,,,,,,,,,,,,,,,,,,,,,,,,,,,,,,,,,,,,,,,,,,,,,,,,,,,,,,,,,,,,,,,,,,
0,15,28,"{'x': 467.60922450243197, 'y': 332.302644693235, 'elapsedTime': 3417.5}",936694935113,5153340424,POINT (0.2435464710950166 0.3076876339752176),,,,,,,,,,,,,,,,,,,,,,,,,,,,,,,,,,,,,,,,,,,,,,,,,,,,,,,,,,,,,,,,,,,,,,,,,,,,,,,,,,,,,,,,,,,,,,,,,,,,,
0,15,28,"{'x': 489.7182859523884, 'y': 381.6461631997381, 'elapsedTime': 3474.399999976158}",936694951780,5153357091,POINT (0.2550616072668689 0.3533760770367945),,,,,,,,,,,,,,,,,,,,,,,,,,,,,,,,,,,,,,,,,,,,,,,,,,,,,,,,,,,,,,,,,,,,,,,,,,,,,,,,,,,,,,,,,,,,,,,,,,,,,
0,15,28,"{'x': 489.7182859523884, 'y': 381.6461631997381, 'elapsedTime': 3474.399999976158}",936694968448,5153373758,POINT (0.2550616072668689 0.3533760770367945),,,,,,,,,,,,,,,,,,,,,,,,,,,,,,,,,,,,,,,,,,,,,,,,,,,,,,,,,,,,,,,,,,,,,,,,,,,,,,,,,,,,,,,,,,,,,,,,,,,,,
0,15,28,"{'x': 489.7182859523884, 'y': 381.6461631997381, 'elapsedTime': 3474.399999976158}",936694985119,5153390429,POINT (0.2550616072668689 0.3533760770367945),,,,,,,,,,,,,,,,,,,,,,,,,,,,,,,,,,,,,,,,,,,,,,,,,,,,,,,,,,,,,,,,,,,,,,,,,,,,,,,,,,,,,,,,,,,,,,,,,,,,,
0,15,28,"{'x': 489.7182859523884, 'y': 381.6461631997381, 'elapsedTime': 3474.399999976158}",936695001787,5153407096,POINT (0.2550616072668689 0.3533760770367945),,,,,,,,,,,,,,,,,,,,,,,,,,,,,,,,,,,,,,,,,,,,,,,,,,,,,,,,,,,,,,,,,,,,,,,,,,,,,,,,,,,,,,,,,,,,,,,,,,,,,
0,15,28,"{'x': 537.9886276220783, 'y': 390.60576714253995, 'elapsedTime': 3531.899999976158}",936695018453,5153423762,POINT (0.2802024102198324 0.3616720066134629),,,,,,,,,,,,,,,,,,,,,,,,,,,,,,,,,,,,,,,,,,,,,,,,,,,,,,,,,,,,,,,,,,,,,,,,,,,,,,,,,,,,,,,,,,,,,,,,,,,,,
0,15,28,"{'x': 537.9886276220783, 'y': 390.60576714253995, 'elapsedTime': 3531.899999976158}",936695035121,5153440429,POINT (0.2802024102198324 0.3616720066134629),,,,,,,,,,,,,,,,,,,,,,,,,,,,,,,,,,,,,,,,,,,,,,,,,,,,,,,,,,,,,,,,,,,,,,,,,,,,,,,,,,,,,,,,,,,,,,,,,,,,,
0,15,28,"{'x': 537.9886276220783, 'y': 390.60576714253995, 'elapsedTime': 3531.899999976158}",936695051788,5153457096,POINT (0.2802024102198324 0.3616720066134629),,,,,,,,,,,,,,,,,,,,,,,,,,,,,,,,,,,,,,,,,,,,,,,,,,,,,,,,,,,,,,,,,,,,,,,,,,,,,,,,,,,,,,,,,,,,,,,,,,,,,
0,15,28,"{'x': 554.064447933189, 'y': 318.8377575649224, 'elapsedTime': 3598.100000023842}",936695068455,5153473762,POINT (0.2885752332985359 0.2952201458934467),,,,,,,,,,,,,,,,,,,,,,,,,,,,,,,,,,,,,,,,,,,,,,,,,,,,,,,,,,,,,,,,,,,,,,,,,,,,,,,,,,,,,,,,,,,,,,,,,,,1,,
0,15,28,"{'x': 554.064447933189, 'y': 318.8377575649224, 'elapsedTime': 3598.100000023842}",936695085122,5153490429,POINT (0.2885752332985359 0.2952201458934467),,,,,,,,,,,,,,,,,,,,,,,,,,,,,,,,,,,,,,,,,,,,,,,,,,,,,,,,,,,,,,,,,,,,,,,,,,,,,,,,,,,,,,,,,,,,,,,,,,,1,,
0,15,28,"{'x': 554.064447933189, 'y': 318.8377575649224, 'elapsedTime': 3598.100000023842}",936695101789,5153507095,POINT (0.2885752332985359 0.2952201458934467),,,,,,,,,,,,,,,,,,,,,,,,,,,,,,,,,,,,,,,,,,,,,,,,,,,,,,,,,,,,,,,,,,,,,,,,,,,,,,,,,,,,,,,,,,,,,,,,,,,1,,
0,15,28,"{'x': 493.994388995331, 'y': 208.98350619148215, 'elapsedTime': 3653.8000000715256}",936695118459,5153523765,POINT (0.2572887442684016 0.1935032464735946),,,,,,,,,,,,,,,,,1,,,,,,,,,,,,,,,,,,,,,,,,,,,,,,,,,,,,,,,,,,,,,,,,,,,,,,,,,,,,,,,,,,,,,,,,,,,,,,,,,,,,
0,15,28,"{'x': 493.994388995331, 'y': 208.98350619148215, 'elapsedTime': 3653.8000000715256}",936695135127,5153540432,POINT (0.2572887442684016 0.1935032464735946),,,,,,,,,,,,,,,,,1,,,,,,,,,,,,,,,,,,,,,,,,,,,,,,,,,,,,,,,,,,,,,,,,,,,,,,,,,,,,,,,,,,,,,,,,,,,,,,,,,,,,
0,15,28,"{'x': 493.994388995331, 'y': 208.98350619148215, 'elapsedTime': 3653.8000000715256}",936695151796,5153557101,POINT (0.2572887442684016 0.1935032464735946),,,,,,,,,,,,,,,,,1,,,,,,,,,,,,,,,,,,,,,,,,,,,,,,,,,,,,,,,,,,,,,,,,,,,,,,,,,,,,,,,,,,,,,,,,,,,,,,,,,,,,
0,15,28,"{'x': 493.994388995331, 'y': 208.98350619148215, 'elapsedTime': 3653.8000000715256}",936695168461,5153573765,POINT (0.2572887442684016 0.1935032464735946),,,,,,,,,,,,,,,,,1,,,,,,,,,,,,,,,,,,,,,,,,,,,,,,,,,,,,,,,,,,,,,,,,,,,,,,,,,,,,,,,,,,,,,,,,,,,,,,,,,,,,
0,15,28,"{'x': 555.6022235669748, 'y': 204.8919130312116, 'elapsedTime': 3710.600000023842}",936695185128,5153590432,POINT (0.2893761581077994 0.1897147342881589),,,,,,,,,,,,,,,,,,,,,,,,,,,,,,,,,,,,,,,,,,,,,,,,,,,,,,,,,,,,,,,,,,,,,,,,,,,,,,,,,,,,,,,,,,,,,,,,,,,,,
0,15,28,"{'x': 555.6022235669748, 'y': 204.8919130312116, 'elapsedTime': 3710.600000023842}",936695201795,5153607098,POINT (0.2893761581077994 0.1897147342881589),,,,,,,,,,,,,,,,,,,,,,,,,,,,,,,,,,,,,,,,,,,,,,,,,,,,,,,,,,,,,,,,,,,,,,,,,,,,,,,,,,,,,,,,,,,,,,,,,,,,,
0,15,28,"{'x': 555.6022235669748, 'y': 204.8919130312116, 'elapsedTime': 3710.600000023842}",936695218462,5153623765,POINT (0.2893761581077994 0.1897147342881589),,,,,,,,,,,,,,,,,,,,,,,,,,,,,,,,,,,,,,,,,,,,,,,,,,,,,,,,,,,,,,,,,,,,,,,,,,,,,,,,,,,,,,,,,,,,,,,,,,,,,
0,15,28,"{'x': 555.6022235669748, 'y': 204.8919130312116, 'elapsedTime': 3710.600000023842}",936695235129,5153640431,POINT (0.2893761581077994 0.1897147342881589),,,,,,,,,,,,,,,,,,,,,,,,,,,,,,,,,,,,,,,,,,,,,,,,,,,,,,,,,,,,,,,,,,,,,,,,,,,,,,,,,,,,,,,,,,,,,,,,,,,,,
0,15,28,"{'x': 602.4138711055464, 'y': 215.1674559426379, 'elapsedTime': 3776.3000000715256}",936695251802,5153657104,POINT (0.3137572245341387 0.1992291258728129),,,,,,,,,,,,,,,,,,,,,,,,,,,,,,,,,1,,,,,,,,,,,,,,,,,,,,,,,,,,,,,,,,,,,,,,,,,,,,,,,,,,,,,,,,,,,,,,,,,,,,
0,15,28,"{'x': 602.4138711055464, 'y': 215.1674559426379, 'elapsedTime': 3776.3000000715256}",936695268470,5153673771,POINT (0.3137572245341387 0.1992291258728129),,,,,,,,,,,,,,,,,,,,,,,,,,,,,,,,,1,,,,,,,,,,,,,,,,,,,,,,,,,,,,,,,,,,,,,,,,,,,,,,,,,,,,,,,,,,,,,,,,,,,,
0,15,28,"{'x': 602.4138711055464, 'y': 215.1674559426379, 'elapsedTime': 3776.3000000715256}",936695285136,5153690437,POINT (0.3137572245341387 0.1992291258728129),,,,,,,,,,,,,,,,,,,,,,,,,,,,,,,,,1,,,,,,,,,,,,,,,,,,,,,,,,,,,,,,,,,,,,,,,,,,,,,,,,,,,,,,,,,,,,,,,,,,,,
0,15,28,"{'x': 717.1936685155514, 'y': 235.93502671759802, 'elapsedTime': 3833.8000000715256}",936695301804,5153707104,POINT (0.3735383690185163 0.21845835807185),,,,,,,,,,,,,,,,,,,,,,,,,,,,,,,,,,,,,,,,,,,,,,,,,,,,,,,,,,,,,,,,,,,,,,,,,,,,,,,,,,,,,,,,,,,,,,,,,,,,1,
0,15,28,"{'x': 717.1936685155514, 'y': 235.93502671759802, 'elapsedTime': 3833.8000000715256}",936695318471,5153723771,POINT (0.3735383690185163 0.21845835807185),,,,,,,,,,,,,,,,,,,,,,,,,,,,,,,,,,,,,,,,,,,,,,,,,,,,,,,,,,,,,,,,,,,,,,,,,,,,,,,,,,,,,,,,,,,,,,,,,,,,1,
0,15,28,"{'x': 717.1936685155514, 'y': 235.93502671759802, 'elapsedTime': 3833.8000000715256}",936695335138,5153740437,POINT (0.3735383690185163 0.21845835807185),,,,,,,,,,,,,,,,,,,,,,,,,,,,,,,,,,,,,,,,,,,,,,,,,,,,,,,,,,,,,,,,,,,,,,,,,,,,,,,,,,,,,,,,,,,,,,,,,,,,1,
0,15,28,"{'x': 717.1936685155514, 'y': 235.93502671759802, 'elapsedTime': 3833.8000000715256}",936695351806,5153757105,POINT (0.3735383690185163 0.21845835807185),,,,,,,,,,,,,,,,,,,,,,,,,,,,,,,,,,,,,,,,,,,,,,,,,,,,,,,,,,,,,,,,,,,,,,,,,,,,,,,,,,,,,,,,,,,,,,,,,,,,1,
0,15,28,"{'x': 736.7326782102092, 'y': 271.79362188496185, 'elapsedTime': 3890}",936695368473,5153773771,POINT (0.3837149365678173 0.2516607610045943),,,,,,,,,,,,,,,,,,,,,,,,,,,,,,,,,,,,,,,,,,,,,,,,,,,,,,,,,,,,,,,,,,,,,,,,,,,,,,,,,,,,,,,,,,,,,,,,,,,1,1,
0,15,28,"{'x': 736.7326782102092, 'y': 271.79362188496185, 'elapsedTime': 3890}",936695385145,5153790443,POINT (0.3837149365678173 0.2516607610045943),,,,,,,,,,,,,,,,,,,,,,,,,,,,,,,,,,,,,,,,,,,,,,,,,,,,,,,,,,,,,,,,,,,,,,,,,,,,,,,,,,,,,,,,,,,,,,,,,,,1,1,
0,15,28,"{'x': 736.7326782102092, 'y': 271.79362188496185, 'elapsedTime': 3890}",936695401812,5153807110,POINT (0.3837149365678173 0.2516607610045943),,,,,,,,,,,,,,,,,,,,,,,,,,,,,,,,,,,,,,,,,,,,,,,,,,,,,,,,,,,,,,,,,,,,,,,,,,,,,,,,,,,,,,,,,,,,,,,,,,,1,1,
0,15,28,"{'x': 721.2052076584495, 'y': 304.5462629810124, 'elapsedTime': 3950.5}",936695418480,5153823777,POINT (0.3756277123221091 0.2819872805379744),,,,,,,,,,,,,,,,,,,,,,,,,,,,,,,,,,,,,,,,,,,,,,,,,,,,,,,,,,,,,,,,,,,,,,,,,,,,,,,,,,,,,,,,,,,,,,,,,,,1,1,
0,15,28,"{'x': 721.2052076584495, 'y': 304.5462629810124, 'elapsedTime': 3950.5}",936695435147,5153840444,POINT (0.3756277123221091 0.2819872805379744),,,,,,,,,,,,,,,,,,,,,,,,,,,,,,,,,,,,,,,,,,,,,,,,,,,,,,,,,,,,,,,,,,,,,,,,,,,,,,,,,,,,,,,,,,,,,,,,,,,1,1,
0,15,28,"{'x': 721.2052076584495, 'y': 304.5462629810124, 'elapsedTime': 3950.5}",936695451814,5153857110,POINT (0.3756277123221091 0.2819872805379744),,,,,,,,,,,,,,,,,,,,,,,,,,,,,,,,,,,,,,,,,,,,,,,,,,,,,,,,,,,,,,,,,,,,,,,,,,,,,,,,,,,,,,,,,,,,,,,,,,,1,1,
0,15,28,"{'x': 721.2052076584495, 'y': 304.5462629810124, 'elapsedTime': 3950.5}",936695468481,5153873777,POINT (0.3756277123221091 0.2819872805379744),,,,,,,,,,,,,,,,,,,,,,,,,,,,,,,,,,,,,,,,,,,,,,,,,,,,,,,,,,,,,,,,,,,,,,,,,,,,,,,,,,,,,,,,,,,,,,,,,,,1,1,
0,15,28,"{'x': 749.5503251994089, 'y': 313.047084210825, 'elapsedTime': 4007.5}",936695485149,5153890444,POINT (0.3903907943746922 0.2898584113063194),,,,,,,,,,,,,,,,,,,,,,,,,,,,,,,,,,,,,,,,,,,,,,,,,,,,,,,,,,,,,,,,,,,,,,,,,,,,,,,,,,,,,,,,,,,,,,,,,,,1,1,
0,15,28,"{'x': 749.5503251994089, 'y': 313.047084210825, 'elapsedTime': 4007.5}",936695501818,5153907113,POINT (0.3903907943746922 0.2898584113063194),,,,,,,,,,,,,,,,,,,,,,,,,,,,,,,,,,,,,,,,,,,,,,,,,,,,,,,,,,,,,,,,,,,,,,,,,,,,,,,,,,,,,,,,,,,,,,,,,,,1,1,
0,15,28,"{'x': 749.5503251994089, 'y': 313.047084210825, 'elapsedTime': 4007.5}",936695518486,5153923780,POINT (0.3903907943746922 0.2898584113063194),,,,,,,,,,,,,,,,,,,,,,,,,,,,,,,,,,,,,,,,,,,,,,,,,,,,,,,,,,,,,,,,,,,,,,,,,,,,,,,,,,,,,,,,,,,,,,,,,,,1,1,
0,15,28,"{'x': 749.5503251994089, 'y': 313.047084210825, 'elapsedTime': 4007.5}",936695535153,5153940447,POINT (0.3903907943746922 0.2898584113063194),,,,,,,,,,,,,,,,,,,,,,,,,,,,,,,,,,,,,,,,,,,,,,,,,,,,,,,,,,,,,,,,,,,,,,,,,,,,,,,,,,,,,,,,,,,,,,,,,,,1,1,
0,15,28,"{'x': 690.7944189164864, 'y': 307.7416260453139, 'elapsedTime': 4065.3000000715256}",936695551820,5153957113,POINT (0.3597887598523367 0.2849459500419573),,,,,,,,,,,,,,,,,,,,,,,,,,,,,,,,,,,,,,,,,,,,,,,,,,,,,,,,,,,,,,,,,,,,,,,,,,,,,,,,,,,,,,,,,,,,,,,,,,,1,1,
0,15,28,"{'x': 690.7944189164864, 'y': 307.7416260453139, 'elapsedTime': 4065.3000000715256}",936695568487,5153973780,POINT (0.3597887598523367 0.2849459500419573),,,,,,,,,,,,,,,,,,,,,,,,,,,,,,,,,,,,,,,,,,,,,,,,,,,,,,,,,,,,,,,,,,,,,,,,,,,,,,,,,,,,,,,,,,,,,,,,,,,1,1,
0,15,28,"{'x': 690.7944189164864, 'y': 307.7416260453139, 'elapsedTime': 4065.3000000715256}",936695585154,5153990446,POINT (0.3597887598523367 0.2849459500419573),,,,,,,,,,,,,,,,,,,,,,,,,,,,,,,,,,,,,,,,,,,,,,,,,,,,,,,,,,,,,,,,,,,,,,,,,,,,,,,,,,,,,,,,,,,,,,,,,,,1,1,
0,15,28,"{'x': 728.7631427095507, 'y': 197.75724601481474, 'elapsedTime': 4128.399999976158}",936695601821,5154007113,POINT (0.379564136827891 0.1831085611248285),,,,,,,,,,,,,,,,,,,,,,,,,,,,,,,,,,,,,,,,,,,,,,,,,,,,,,,,,,,,,,,,,,,,,,,,,,,,,,,,,,,,,,,,,,,,,,,,,,,1,,
0,15,28,"{'x': 728.7631427095507, 'y': 197.75724601481474, 'elapsedTime': 4128.399999976158}",936695618489,5154023780,POINT (0.379564136827891 0.1831085611248285),,,,,,,,,,,,,,,,,,,,,,,,,,,,,,,,,,,,,,,,,,,,,,,,,,,,,,,,,,,,,,,,,,,,,,,,,,,,,,,,,,,,,,,,,,,,,,,,,,,1,,
0,15,28,"{'x': 728.7631427095507, 'y': 197.75724601481474, 'elapsedTime': 4128.399999976158}",936695635157,5154040448,POINT (0.379564136827891 0.1831085611248285),,,,,,,,,,,,,,,,,,,,,,,,,,,,,,,,,,,,,,,,,,,,,,,,,,,,,,,,,,,,,,,,,,,,,,,,,,,,,,,,,,,,,,,,,,,,,,,,,,,1,,
0,15,28,"{'x': 728.7631427095507, 'y': 197.75724601481474, 'elapsedTime': 4128.399999976158}",936695651825,5154057115,POINT (0.379564136827891 0.1831085611248285),,,,,,,,,,,,,,,,,,,,,,,,,,,,,,,,,,,,,,,,,,,,,,,,,,,,,,,,,,,,,,,,,,,,,,,,,,,,,,,,,,,,,,,,,,,,,,,,,,,1,,
0,15,28,"{'x': 859.7319034679601, 'y': 69.92478954398894, 'elapsedTime': 4189.399999976158}",936695668492,5154073782,POINT (0.4477770330562292 0.0647451755036935),,,,,,,,,,,,,,,,,,,,,,,,,,,,,,,,,,,,,,,,,,,,,,,,,,,,,,,,,,,,,,,,,,,,,,,,,,,,,,,,,,,,,,,,,,,,,,,,,,,,,
0,15,28,"{'x': 859.7319034679601, 'y': 69.92478954398894, 'elapsedTime': 4189.399999976158}",936695685159,5154090448,POINT (0.4477770330562292 0.0647451755036935),,,,,,,,,,,,,,,,,,,,,,,,,,,,,,,,,,,,,,,,,,,,,,,,,,,,,,,,,,,,,,,,,,,,,,,,,,,,,,,,,,,,,,,,,,,,,,,,,,,,,
0,15,28,"{'x': 859.7319034679601, 'y': 69.92478954398894, 'elapsedTime': 4189.399999976158}",936695701826,5154107115,POINT (0.4477770330562292 0.0647451755036935),,,,,,,,,,,,,,,,,,,,,,,,,,,,,,,,,,,,,,,,,,,,,,,,,,,,,,,,,,,,,,,,,,,,,,,,,,,,,,,,,,,,,,,,,,,,,,,,,,,,,
0,15,28,"{'x': 904.3820232949844, 'y': -12.76570623344977, 'elapsedTime': 4245.800000071526}",936695718494,5154123782,POINT (0.471032303799471 -0.0118200983643053),,,,,,,,,,,,,,,,,,,,,,,,,,,,,,,,,,,,,,,,,,,,,,,,,,,,,,,,,,,,,,,,,,,,,,,,,,,,,,,,,,,,,,,,,,,,,,,,,,,,,
0,15,28,"{'x': 904.3820232949844, 'y': -12.76570623344977, 'elapsedTime': 4245.800000071526}",936695735160,5154140448,POINT (0.471032303799471 -0.0118200983643053),,,,,,,,,,,,,,,,,,,,,,,,,,,,,,,,,,,,,,,,,,,,,,,,,,,,,,,,,,,,,,,,,,,,,,,,,,,,,,,,,,,,,,,,,,,,,,,,,,,,,
0,15,28,"{'x': 904.3820232949844, 'y': -12.76570623344977, 'elapsedTime': 4245.800000071526}",936695751828,5154157115,POINT (0.471032303799471 -0.0118200983643053),,,,,,,,,,,,,,,,,,,,,,,,,,,,,,,,,,,,,,,,,,,,,,,,,,,,,,,,,,,,,,,,,,,,,,,,,,,,,,,,,,,,,,,,,,,,,,,,,,,,,
0,15,28,"{'x': 904.3820232949844, 'y': -12.76570623344977, 'elapsedTime': 4245.800000071526}",936695768501,5154173788,POINT (0.471032303799471 -0.0118200983643053),,,,,,,,,,,,,,,,,,,,,,,,,,,,,,,,,,,,,,,,,,,,,,,,,,,,,,,,,,,,,,,,,,,,,,,,,,,,,,,,,,,,,,,,,,,,,,,,,,,,,
0,15,28,"{'x': 918.1605593302902, 'y': -107.99500929191743, 'elapsedTime': 4305.200000047684}",936695785169,5154190455,POINT (0.4782086246511928 -0.0999953789739976),,,,,,,,,,,,,,,,,,,,,,,,,,,,,,,,,,,,,,,,,,,,,,,,,,,,,,,,,,,,,,,,,,,,,,,,,,,,,,,,,,,,,,,,,,,,,,,,,,,,,
0,15,28,"{'x': 918.1605593302902, 'y': -107.99500929191743, 'elapsedTime': 4305.200000047684}",936695801836,5154207122,POINT (0.4782086246511928 -0.0999953789739976),,,,,,,,,,,,,,,,,,,,,,,,,,,,,,,,,,,,,,,,,,,,,,,,,,,,,,,,,,,,,,,,,,,,,,,,,,,,,,,,,,,,,,,,,,,,,,,,,,,,,
0,15,28,"{'x': 918.1605593302902, 'y': -107.99500929191743, 'elapsedTime': 4305.200000047684}",936695818504,5154223788,POINT (0.4782086246511928 -0.0999953789739976),,,,,,,,,,,,,,,,,,,,,,,,,,,,,,,,,,,,,,,,,,,,,,,,,,,,,,,,,,,,,,,,,,,,,,,,,,,,,,,,,,,,,,,,,,,,,,,,,,,,,
0,15,28,"{'x': 895.5247010100798, 'y': -110.1290319190421, 'elapsedTime': 4363.600000023842}",936695835172,5154240456,POINT (0.4664191151094165 -0.1019713258509649),,,,,,,,,,,,,,,,,,,,,,,,,,,,,,,,,,,,,,,,,,,,,,,,,,,,,,,,,,,,,,,,,,,,,,,,,,,,,,,,,,,,,,,,,,,,,,,,,,,,,
0,15,28,"{'x': 895.5247010100798, 'y': -110.1290319190421, 'elapsedTime': 4363.600000023842}",936695851839,5154257122,POINT (0.4664191151094165 -0.1019713258509649),,,,,,,,,,,,,,,,,,,,,,,,,,,,,,,,,,,,,,,,,,,,,,,,,,,,,,,,,,,,,,,,,,,,,,,,,,,,,,,,,,,,,,,,,,,,,,,,,,,,,
0,15,28,"{'x': 895.5247010100798, 'y': -110.1290319190421, 'elapsedTime': 4363.600000023842}",936695868505,5154273788,POINT (0.4664191151094165 -0.1019713258509649),,,,,,,,,,,,,,,,,,,,,,,,,,,,,,,,,,,,,,,,,,,,,,,,,,,,,,,,,,,,,,,,,,,,,,,,,,,,,,,,,,,,,,,,,,,,,,,,,,,,,
0,15,28,"{'x': 895.5247010100798, 'y': -110.1290319190421, 'elapsedTime': 4363.600000023842}",936695885173,5154290455,POINT (0.4664191151094165 -0.1019713258509649),,,,,,,,,,,,,,,,,,,,,,,,,,,,,,,,,,,,,,,,,,,,,,,,,,,,,,,,,,,,,,,,,,,,,,,,,,,,,,,,,,,,,,,,,,,,,,,,,,,,,
0,15,28,"{'x': 877.3364446983145, 'y': -64.3455685978192, 'elapsedTime': 4427.700000047684}",936695901845,5154307127,POINT (0.4569460649470388 -0.0595792301831659),,,,,,,,,,,,,,,,,,,,,,,,,,,,,,,,,,,,,,,,,,,,,,,,,,,,,,,,,,,,,,,,,,,,,,,,,,,,,,,,,,,,,,,,,,,,,,,,,,,,,
0,15,28,"{'x': 877.3364446983145, 'y': -64.3455685978192, 'elapsedTime': 4427.700000047684}",936695918513,5154323794,POINT (0.4569460649470388 -0.0595792301831659),,,,,,,,,,,,,,,,,,,,,,,,,,,,,,,,,,,,,,,,,,,,,,,,,,,,,,,,,,,,,,,,,,,,,,,,,,,,,,,,,,,,,,,,,,,,,,,,,,,,,
0,15,28,"{'x': 877.3364446983145, 'y': -64.3455685978192, 'elapsedTime': 4427.700000047684}",936695935179,5154340460,POINT (0.4569460649470388 -0.0595792301831659),,,,,,,,,,,,,,,,,,,,,,,,,,,,,,,,,,,,,,,,,,,,,,,,,,,,,,,,,,,,,,,,,,,,,,,,,,,,,,,,,,,,,,,,,,,,,,,,,,,,,
0,15,28,"{'x': 862.7794546559282, 'y': -53.17189196882322, 'elapsedTime': 4483.100000023842}",936695951847,5154357127,POINT (0.4493642992999626 -0.0492332333044659),,,,,,,,,,,,,,,,,,,,,,,,,,,,,,,,,,,,,,,,,,,,,,,,,,,,,,,,,,,,,,,,,,,,,,,,,,,,,,,,,,,,,,,,,,,,,,,,,,,,,
0,15,28,"{'x': 862.7794546559282, 'y': -53.17189196882322, 'elapsedTime': 4483.100000023842}",936695968513,5154373793,POINT (0.4493642992999626 -0.0492332333044659),,,,,,,,,,,,,,,,,,,,,,,,,,,,,,,,,,,,,,,,,,,,,,,,,,,,,,,,,,,,,,,,,,,,,,,,,,,,,,,,,,,,,,,,,,,,,,,,,,,,,
0,15,28,"{'x': 862.7794546559282, 'y': -53.17189196882322, 'elapsedTime': 4483.100000023842}",936695985181,5154390460,POINT (0.4493642992999626 -0.0492332333044659),,,,,,,,,,,,,,,,,,,,,,,,,,,,,,,,,,,,,,,,,,,,,,,,,,,,,,,,,,,,,,,,,,,,,,,,,,,,,,,,,,,,,,,,,,,,,,,,,,,,,
0,15,28,"{'x': 862.7794546559282, 'y': -53.17189196882322, 'elapsedTime': 4483.100000023842}",936696001848,5154407127,POINT (0.4493642992999626 -0.0492332333044659),,,,,,,,,,,,,,,,,,,,,,,,,,,,,,,,,,,,,,,,,,,,,,,,,,,,,,,,,,,,,,,,,,,,,,,,,,,,,,,,,,,,,,,,,,,,,,,,,,,,,
0,15,28,"{'x': 805.6699235110016, 'y': -137.51387882291044, 'elapsedTime': 4540.399999976158}",936696018515,5154423793,POINT (0.4196197518286466 -0.1273276655767689),,,,,,,,,,,,,,,,,,,,,,,,,,,,,,,,,,,,,,,,,,,,,,,,,,,,,,,,,,,,,,,,,,,,,,,,,,,,,,,,,,,,,,,,,,,,,,,,,,,,,
0,15,28,"{'x': 805.6699235110016, 'y': -137.51387882291044, 'elapsedTime': 4540.399999976158}",936696035185,5154440463,POINT (0.4196197518286466 -0.1273276655767689),,,,,,,,,,,,,,,,,,,,,,,,,,,,,,,,,,,,,,,,,,,,,,,,,,,,,,,,,,,,,,,,,,,,,,,,,,,,,,,,,,,,,,,,,,,,,,,,,,,,,
0,15,28,"{'x': 805.6699235110016, 'y': -137.51387882291044, 'elapsedTime': 4540.399999976158}",936696051853,5154457130,POINT (0.4196197518286466 -0.1273276655767689),,,,,,,,,,,,,,,,,,,,,,,,,,,,,,,,,,,,,,,,,,,,,,,,,,,,,,,,,,,,,,,,,,,,,,,,,,,,,,,,,,,,,,,,,,,,,,,,,,,,,
0,15,28,"{'x': 805.6699235110016, 'y': -137.51387882291044, 'elapsedTime': 4540.399999976158}",936696068519,5154473796,POINT (0.4196197518286466 -0.1273276655767689),,,,,,,,,,,,,,,,,,,,,,,,,,,,,,,,,,,,,,,,,,,,,,,,,,,,,,,,,,,,,,,,,,,,,,,,,,,,,,,,,,,,,,,,,,,,,,,,,,,,,
0,15,28,"{'x': 947.938915079011, 'y': -104.78200545577491, 'elapsedTime': 4612.200000047684}",936696085187,5154490463,POINT (0.4937181849369849 -0.0970203754220138),,,,,,,,,,,,,,,,,,,,,,,,,,,,,,,,,,,,,,,,,,,,,,,,,,,,,,,,,,,,,,,,,,,,,,,,,,,,,,,,,,,,,,,,,,,,,,,,,,,,,
0,15,28,"{'x': 947.938915079011, 'y': -104.78200545577491, 'elapsedTime': 4612.200000047684}",936696101854,5154507130,POINT (0.4937181849369849 -0.0970203754220138),,,,,,,,,,,,,,,,,,,,,,,,,,,,,,,,,,,,,,,,,,,,,,,,,,,,,,,,,,,,,,,,,,,,,,,,,,,,,,,,,,,,,,,,,,,,,,,,,,,,,
0,15,28,"{'x': 947.938915079011, 'y': -104.78200545577491, 'elapsedTime': 4612.200000047684}",936696118521,5154523796,POINT (0.4937181849369849 -0.0970203754220138),,,,,,,,,,,,,,,,,,,,,,,,,,,,,,,,,,,,,,,,,,,,,,,,,,,,,,,,,,,,,,,,,,,,,,,,,,,,,,,,,,,,,,,,,,,,,,,,,,,,,
0,15,28,"{'x': 928.2016981679485, 'y': -82.16818959965718, 'elapsedTime': 4668.100000023842}",936696135188,5154540463,POINT (0.4834383844624732 -0.0760816570367196),,,,,,,,,,,,,,,,,,,,,,,,,,,,,,,,,,,,,,,,,,,,,,,,,,,,,,,,,,,,,,,,,,,,,,,,,,,,,,,,,,,,,,,,,,,,,,,,,,,,,
0,15,28,"{'x': 928.2016981679485, 'y': -82.16818959965718, 'elapsedTime': 4668.100000023842}",936696151855,5154557129,POINT (0.4834383844624732 -0.0760816570367196),,,,,,,,,,,,,,,,,,,,,,,,,,,,,,,,,,,,,,,,,,,,,,,,,,,,,,,,,,,,,,,,,,,,,,,,,,,,,,,,,,,,,,,,,,,,,,,,,,,,,
0,15,28,"{'x': 928.2016981679485, 'y': -82.16818959965718, 'elapsedTime': 4668.100000023842}",936696168529,5154573803,POINT (0.4834383844624732 -0.0760816570367196),,,,,,,,,,,,,,,,,,,,,,,,,,,,,,,,,,,,,,,,,,,,,,,,,,,,,,,,,,,,,,,,,,,,,,,,,,,,,,,,,,,,,,,,,,,,,,,,,,,,,
0,15,28,"{'x': 928.2016981679485, 'y': -82.16818959965718, 'elapsedTime': 4668.100000023842}",936696185197,5154590470,POINT (0.4834383844624732 -0.0760816570367196),,,,,,,,,,,,,,,,,,,,,,,,,,,,,,,,,,,,,,,,,,,,,,,,,,,,,,,,,,,,,,,,,,,,,,,,,,,,,,,,,,,,,,,,,,,,,,,,,,,,,
0,15,28,"{'x': 949.2117558863637, 'y': -5.890622487321977, 'elapsedTime': 4725.200000047684}",936696201864,5154607137,POINT (0.4943811228574811 -0.0054542800808537),,,,,,,,,,,,,,,,,,,,,,,,,,,,,,,,,,,,,,,,,,,,,,,,,,,,,,,,,,,,,,,,,,,,,,,,,,,,,,,,,,,,,,,,,,,,,,,,,,,,,
0,15,28,"{'x': 949.2117558863637, 'y': -5.890622487321977, 'elapsedTime': 4725.200000047684}",936696218532,5154623804,POINT (0.4943811228574811 -0.0054542800808537),,,,,,,,,,,,,,,,,,,,,,,,,,,,,,,,,,,,,,,,,,,,,,,,,,,,,,,,,,,,,,,,,,,,,,,,,,,,,,,,,,,,,,,,,,,,,,,,,,,,,
0,15,28,"{'x': 949.2117558863637, 'y': -5.890622487321977, 'elapsedTime': 4725.200000047684}",936696235198,5154640470,POINT (0.4943811228574811 -0.0054542800808537),,,,,,,,,,,,,,,,,,,,,,,,,,,,,,,,,,,,,,,,,,,,,,,,,,,,,,,,,,,,,,,,,,,,,,,,,,,,,,,,,,,,,,,,,,,,,,,,,,,,,
0,15,28,"{'x': 949.2117558863637, 'y': -5.890622487321977, 'elapsedTime': 4725.200000047684}",936696251866,5154657137,POINT (0.4943811228574811 -0.0054542800808537),,,,,,,,,,,,,,,,,,,,,,,,,,,,,,,,,,,,,,,,,,,,,,,,,,,,,,,,,,,,,,,,,,,,,,,,,,,,,,,,,,,,,,,,,,,,,,,,,,,,,
0,15,28,"{'x': 1023.1109451450714, 'y': -32.34802603591951, 'elapsedTime': 4795.700000047684}",936696268533,5154673804,POINT (0.5328702839297247 -0.0299518759591847),,,,,,,,,,,,,,,,,,,,,,,,,,,,,,,,,,,,,,,,,,,,,,,,,,,,,,,,,,,,,,,,,,,,,,,,,,,,,,,,,,,,,,,,,,,,,,,,,,,,,
0,15,28,"{'x': 1023.1109451450714, 'y': -32.34802603591951, 'elapsedTime': 4795.700000047684}",936696285200,5154690470,POINT (0.5328702839297247 -0.0299518759591847),,,,,,,,,,,,,,,,,,,,,,,,,,,,,,,,,,,,,,,,,,,,,,,,,,,,,,,,,,,,,,,,,,,,,,,,,,,,,,,,,,,,,,,,,,,,,,,,,,,,,
0,15,28,"{'x': 1023.1109451450714, 'y': -32.34802603591951, 'elapsedTime': 4795.700000047684}",936696301871,5154707141,POINT (0.5328702839297247 -0.0299518759591847),,,,,,,,,,,,,,,,,,,,,,,,,,,,,,,,,,,,,,,,,,,,,,,,,,,,,,,,,,,,,,,,,,,,,,,,,,,,,,,,,,,,,,,,,,,,,,,,,,,,,
0,15,28,"{'x': 1030.9148479726148, 'y': -42.720844337668616, 'elapsedTime': 4854.300000071526}",936696318538,5154723807,POINT (0.5369348166524035 -0.0395563373496932),,,,,,,,,,,,,,,,,,,,,,,,,,,,,,,,,,,,,,,,,,,,,,,,,,,,,,,,,,,,,,,,,,,,,,,,,,,,,,,,,,,,,,,,,,,,,,,,,,,,,
0,15,28,"{'x': 1030.9148479726148, 'y': -42.720844337668616, 'elapsedTime': 4854.300000071526}",936696335205,5154740474,POINT (0.5369348166524035 -0.0395563373496932),,,,,,,,,,,,,,,,,,,,,,,,,,,,,,,,,,,,,,,,,,,,,,,,,,,,,,,,,,,,,,,,,,,,,,,,,,,,,,,,,,,,,,,,,,,,,,,,,,,,,
0,15,28,"{'x': 1030.9148479726148, 'y': -42.720844337668616, 'elapsedTime': 4854.300000071526}",936696351873,5154757141,POINT (0.5369348166524035 -0.0395563373496932),,,,,,,,,,,,,,,,,,,,,,,,,,,,,,,,,,,,,,,,,,,,,,,,,,,,,,,,,,,,,,,,,,,,,,,,,,,,,,,,,,,,,,,,,,,,,,,,,,,,,
0,15,28,"{'x': 1025.537549234011, 'y': -78.50529534386291, 'elapsedTime': 4903.399999976158}",936696368539,5154773807,POINT (0.5341341402260474 -0.0726900882813546),,,,,,,,,,,,,,,,,,,,,,,,,,,,,,,,,,,,,,,,,,,,,,,,,,,,,,,,,,,,,,,,,,,,,,,,,,,,,,,,,,,,,,,,,,,,,,,,,,,,,
0,15,28,"{'x': 1025.537549234011, 'y': -78.50529534386291, 'elapsedTime': 4903.399999976158}",936696385207,5154790474,POINT (0.5341341402260474 -0.0726900882813546),,,,,,,,,,,,,,,,,,,,,,,,,,,,,,,,,,,,,,,,,,,,,,,,,,,,,,,,,,,,,,,,,,,,,,,,,,,,,,,,,,,,,,,,,,,,,,,,,,,,,
0,15,28,"{'x': 1025.537549234011, 'y': -78.50529534386291, 'elapsedTime': 4903.399999976158}",936696401873,5154807140,POINT (0.5341341402260474 -0.0726900882813546),,,,,,,,,,,,,,,,,,,,,,,,,,,,,,,,,,,,,,,,,,,,,,,,,,,,,,,,,,,,,,,,,,,,,,,,,,,,,,,,,,,,,,,,,,,,,,,,,,,,,
0,15,28,"{'x': 1082.0148285265798, 'y': -96.79647813087806, 'elapsedTime': 4950}",936696418546,5154823812,POINT (0.5635493898575936 -0.0896263686397019),,,,,,,,,,,,,,,,,,,,,,,,,,,,,,,,,,,,,,,,,,,,,,,,,,,,,,,,,,,,,,,,,,,,,,,,,,,,,,,,,,,,,,,,,,,,,,,,,,,,,
0,15,28,"{'x': 1082.0148285265798, 'y': -96.79647813087806, 'elapsedTime': 4950}",936696435213,5154840479,POINT (0.5635493898575936 -0.0896263686397019),,,,,,,,,,,,,,,,,,,,,,,,,,,,,,,,,,,,,,,,,,,,,,,,,,,,,,,,,,,,,,,,,,,,,,,,,,,,,,,,,,,,,,,,,,,,,,,,,,,,,
0,15,28,"{'x': 1114.602630939417, 'y': -108.86446745906595, 'elapsedTime': 4996.600000023842}",936696451880,5154857145,POINT (0.5805222036142796 -0.1008004328324685),,,,,,,,,,,,,,,,,,,,,,,,,,,,,,,,,,,,,,,,,,,,,,,,,,,,,,,,,,,,,,,,,,,,,,,,,,,,,,,,,,,,,,,,,,,,,,,,,,,,,
0,15,28,"{'x': 1114.602630939417, 'y': -108.86446745906595, 'elapsedTime': 4996.600000023842}",936696468547,5154873812,POINT (0.5805222036142796 -0.1008004328324685),,,,,,,,,,,,,,,,,,,,,,,,,,,,,,,,,,,,,,,,,,,,,,,,,,,,,,,,,,,,,,,,,,,,,,,,,,,,,,,,,,,,,,,,,,,,,,,,,,,,,
0,15,28,"{'x': 1114.602630939417, 'y': -108.86446745906595, 'elapsedTime': 4996.600000023842}",936696485215,5154890479,POINT (0.5805222036142796 -0.1008004328324685),,,,,,,,,,,,,,,,,,,,,,,,,,,,,,,,,,,,,,,,,,,,,,,,,,,,,,,,,,,,,,,,,,,,,,,,,,,,,,,,,,,,,,,,,,,,,,,,,,,,,
0,15,28,"{'x': 1147.1787244031163, 'y': -97.4439193393276, 'elapsedTime': 5044.899999976158}",936696501881,5154907145,POINT (0.5974889189599565 -0.0902258512401182),,,,,,,,,,,,,,,,,,,,,,,,,,,,,,,,,,,,,,,,,,,,,,,,,,,,,,,,,,,,,,,,,,,,,,,,,,,,,,,,,,,,,,,,,,,,,,,,,,,,,
0,15,28,"{'x': 1147.1787244031163, 'y': -97.4439193393276, 'elapsedTime': 5044.899999976158}",936696518550,5154923813,POINT (0.5974889189599565 -0.0902258512401182),,,,,,,,,,,,,,,,,,,,,,,,,,,,,,,,,,,,,,,,,,,,,,,,,,,,,,,,,,,,,,,,,,,,,,,,,,,,,,,,,,,,,,,,,,,,,,,,,,,,,
0,15,28,"{'x': 1147.1787244031163, 'y': -97.4439193393276, 'elapsedTime': 5044.899999976158}",936696535216,5154940479,POINT (0.5974889189599565 -0.0902258512401182),,,,,,,,,,,,,,,,,,,,,,,,,,,,,,,,,,,,,,,,,,,,,,,,,,,,,,,,,,,,,,,,,,,,,,,,,,,,,,,,,,,,,,,,,,,,,,,,,,,,,
0,15,28,"{'x': 1176.7254502364099, 'y': -69.70781549013066, 'elapsedTime': 5090.899999976158}",936696551887,5154957149,POINT (0.6128778386647968 -0.0645442736019728),,,,,,,,,,,,,,,,,,,,,,,,,,,,,,,,,,,,,,,,,,,,,,,,,,,,,,,,,,,,,,,,,,,,,,,,,,,,,,,,,,,,,,,,,,,,,,,,,,,,,
0,15,28,"{'x': 1176.7254502364099, 'y': -69.70781549013066, 'elapsedTime': 5090.899999976158}",936696568554,5154973816,POINT (0.6128778386647968 -0.0645442736019728),,,,,,,,,,,,,,,,,,,,,,,,,,,,,,,,,,,,,,,,,,,,,,,,,,,,,,,,,,,,,,,,,,,,,,,,,,,,,,,,,,,,,,,,,,,,,,,,,,,,,
0,15,28,"{'x': 1176.7254502364099, 'y': -69.70781549013066, 'elapsedTime': 5090.899999976158}",936696585222,5154990483,POINT (0.6128778386647968 -0.0645442736019728),,,,,,,,,,,,,,,,,,,,,,,,,,,,,,,,,,,,,,,,,,,,,,,,,,,,,,,,,,,,,,,,,,,,,,,,,,,,,,,,,,,,,,,,,,,,,,,,,,,,,
0,15,28,"{'x': 1209.8594746973931, 'y': -60.41973978990954, 'elapsedTime': 5136.700000047684}",936696601889,5155007150,POINT (0.6301351430715589 -0.0559442035091755),,,,,,,,,,,,,,,,,,,,,,,,,,,,,,,,,,,,,,,,,,,,,,,,,,,,,,,,,,,,,,,,,,,,,,,,,,,,,,,,,,,,,,,,,,,,,,,,,,,,,
0,15,28,"{'x': 1209.8594746973931, 'y': -60.41973978990954, 'elapsedTime': 5136.700000047684}",936696618556,5155023816,POINT (0.6301351430715589 -0.0559442035091755),,,,,,,,,,,,,,,,,,,,,,,,,,,,,,,,,,,,,,,,,,,,,,,,,,,,,,,,,,,,,,,,,,,,,,,,,,,,,,,,,,,,,,,,,,,,,,,,,,,,,
0,15,28,"{'x': 1209.8594746973931, 'y': -60.41973978990954, 'elapsedTime': 5136.700000047684}",936696635223,5155040483,POINT (0.6301351430715589 -0.0559442035091755),,,,,,,,,,,,,,,,,,,,,,,,,,,,,,,,,,,,,,,,,,,,,,,,,,,,,,,,,,,,,,,,,,,,,,,,,,,,,,,,,,,,,,,,,,,,,,,,,,,,,
0,15,28,"{'x': 1276.877015971673, 'y': -94.37602544525197, 'elapsedTime': 5183.200000047684}",936696651890,5155057149,POINT (0.6650401124852464 -0.0873852087456037),,,,,,,,,,,,,,,,,,,,,,,,,,,,,,,,,,,,,,,,,,,,,,,,,,,,,,,,,,,,,,,,,,,,,,,,,,,,,,,,,,,,,,,,,,,,,,,,,,,,,
0,15,28,"{'x': 1276.877015971673, 'y': -94.37602544525197, 'elapsedTime': 5183.200000047684}",936696668557,5155073816,POINT (0.6650401124852464 -0.0873852087456037),,,,,,,,,,,,,,,,,,,,,,,,,,,,,,,,,,,,,,,,,,,,,,,,,,,,,,,,,,,,,,,,,,,,,,,,,,,,,,,,,,,,,,,,,,,,,,,,,,,,,
0,15,28,"{'x': 1331.242278791902, 'y': -92.79540676893224, 'elapsedTime': 5230.899999976158}",936696685230,5155090488,POINT (0.6933553535374489 -0.0859216729341965),,,,,,,,,,,,,,,,,,,,,,,,,,,,,,,,,,,,,,,,,,,,,,,,,,,,,,,,,,,,,,,,,,,,,,,,,,,,,,,,,,,,,,,,,,,,,,,,,,,,,
0,15,28,"{'x': 1331.242278791902, 'y': -92.79540676893224, 'elapsedTime': 5230.899999976158}",936696701896,5155107154,POINT (0.6933553535374489 -0.0859216729341965),,,,,,,,,,,,,,,,,,,,,,,,,,,,,,,,,,,,,,,,,,,,,,,,,,,,,,,,,,,,,,,,,,,,,,,,,,,,,,,,,,,,,,,,,,,,,,,,,,,,,
0,15,28,"{'x': 1331.242278791902, 'y': -92.79540676893224, 'elapsedTime': 5230.899999976158}",936696718564,5155123821,POINT (0.6933553535374489 -0.0859216729341965),,,,,,,,,,,,,,,,,,,,,,,,,,,,,,,,,,,,,,,,,,,,,,,,,,,,,,,,,,,,,,,,,,,,,,,,,,,,,,,,,,,,,,,,,,,,,,,,,,,,,
0,15,28,"{'x': 1338.3347690859798, 'y': -113.05103685928492, 'elapsedTime': 5275.899999976158}",936696735231,5155140488,POINT (0.6970493588989478 -0.1046768859808194),,,,,,,,,,,,,,,,,,,,,,,,,,,,,,,,,,,,,,,,,,,,,,,,,,,,,,,,,,,,,,,,,,,,,,,,,,,,,,,,,,,,,,,,,,,,,,,,,,,,,
0,15,28,"{'x': 1338.3347690859798, 'y': -113.05103685928492, 'elapsedTime': 5275.899999976158}",936696751898,5155157154,POINT (0.6970493588989478 -0.1046768859808194),,,,,,,,,,,,,,,,,,,,,,,,,,,,,,,,,,,,,,,,,,,,,,,,,,,,,,,,,,,,,,,,,,,,,,,,,,,,,,,,,,,,,,,,,,,,,,,,,,,,,
0,15,28,"{'x': 1338.3347690859798, 'y': -113.05103685928492, 'elapsedTime': 5275.899999976158}",936696768565,5155173821,POINT (0.6970493588989478 -0.1046768859808194),,,,,,,,,,,,,,,,,,,,,,,,,,,,,,,,,,,,,,,,,,,,,,,,,,,,,,,,,,,,,,,,,,,,,,,,,,,,,,,,,,,,,,,,,,,,,,,,,,,,,
0,15,28,"{'x': 1302.2781697960627, 'y': -59.86610961600339, 'elapsedTime': 5323.800000071526}",936696785233,5155190488,POINT (0.678269880102116 -0.0554315829777809),,,,,,,,,,,,,,,,,,,,,,,,,,,,,,,,,,,,,,,,,,,,,,,,,,,,,,,,,,,,,,,,,,,,,,,,,,,,,,,,,,,,,,,,,,,,,,,,,,,,,
0,15,28,"{'x': 1302.2781697960627, 'y': -59.86610961600339, 'elapsedTime': 5323.800000071526}",936696801899,5155207154,POINT (0.678269880102116 -0.0554315829777809),,,,,,,,,,,,,,,,,,,,,,,,,,,,,,,,,,,,,,,,,,,,,,,,,,,,,,,,,,,,,,,,,,,,,,,,,,,,,,,,,,,,,,,,,,,,,,,,,,,,,
0,15,28,"{'x': 1302.2781697960627, 'y': -59.86610961600339, 'elapsedTime': 5323.800000071526}",936696818572,5155223826,POINT (0.678269880102116 -0.0554315829777809),,,,,,,,,,,,,,,,,,,,,,,,,,,,,,,,,,,,,,,,,,,,,,,,,,,,,,,,,,,,,,,,,,,,,,,,,,,,,,,,,,,,,,,,,,,,,,,,,,,,,
0,15,28,"{'x': 1132.4239900671446, 'y': -104.68781813501451, 'elapsedTime': 5371.399999976158}",936696835238,5155240492,POINT (0.5898041614933045 -0.0969331649398282),,,,,,,,,,,,,,,,,,,,,,,,,,,,,,,,,,,,,,,,,,,,,,,,,,,,,,,,,,,,,,,,,,,,,,,,,,,,,,,,,,,,,,,,,,,,,,,,,,,,,
0,15,28,"{'x': 1132.4239900671446, 'y': -104.68781813501451, 'elapsedTime': 5371.399999976158}",936696851906,5155257159,POINT (0.5898041614933045 -0.0969331649398282),,,,,,,,,,,,,,,,,,,,,,,,,,,,,,,,,,,,,,,,,,,,,,,,,,,,,,,,,,,,,,,,,,,,,,,,,,,,,,,,,,,,,,,,,,,,,,,,,,,,,
0,15,28,"{'x': 1132.4239900671446, 'y': -104.68781813501451, 'elapsedTime': 5371.399999976158}",936696868573,5155273826,POINT (0.5898041614933045 -0.0969331649398282),,,,,,,,,,,,,,,,,,,,,,,,,,,,,,,,,,,,,,,,,,,,,,,,,,,,,,,,,,,,,,,,,,,,,,,,,,,,,,,,,,,,,,,,,,,,,,,,,,,,,
0,15,28,"{'x': 1116.953428838265, 'y': -13.991319720418474, 'elapsedTime': 5415.800000071526}",936696885240,5155290492,POINT (0.5817465775199296 -0.0129549256670541),,,,,,,,,,,,,,,,,,,,,,,,,,,,,,,,,,,,,,,,,,,,,,,,,,,,,,,,,,,,,,,,,,,,,,,,,,,,,,,,,,,,,,,,,,,,,,,,,,,,,
0,15,28,"{'x': 1116.953428838265, 'y': -13.991319720418474, 'elapsedTime': 5415.800000071526}",936696901907,5155307159,POINT (0.5817465775199296 -0.0129549256670541),,,,,,,,,,,,,,,,,,,,,,,,,,,,,,,,,,,,,,,,,,,,,,,,,,,,,,,,,,,,,,,,,,,,,,,,,,,,,,,,,,,,,,,,,,,,,,,,,,,,,
0,15,28,"{'x': 1063.7532434671946, 'y': -41.807621264592825, 'elapsedTime': 5460.399999976158}",936696918575,5155323826,POINT (0.5540381476391638 -0.0387107604301785),,,,,,,,,,,,,,,,,,,,,,,,,,,,,,,,,,,,,,,,,,,,,,,,,,,,,,,,,,,,,,,,,,,,,,,,,,,,,,,,,,,,,,,,,,,,,,,,,,,,,
0,15,28,"{'x': 1063.7532434671946, 'y': -41.807621264592825, 'elapsedTime': 5460.399999976158}",936696935241,5155340492,POINT (0.5540381476391638 -0.0387107604301785),,,,,,,,,,,,,,,,,,,,,,,,,,,,,,,,,,,,,,,,,,,,,,,,,,,,,,,,,,,,,,,,,,,,,,,,,,,,,,,,,,,,,,,,,,,,,,,,,,,,,
0,15,28,"{'x': 1063.7532434671946, 'y': -41.807621264592825, 'elapsedTime': 5460.399999976158}",936696951915,5155357165,POINT (0.5540381476391638 -0.0387107604301785),,,,,,,,,,,,,,,,,,,,,,,,,,,,,,,,,,,,,,,,,,,,,,,,,,,,,,,,,,,,,,,,,,,,,,,,,,,,,,,,,,,,,,,,,,,,,,,,,,,,,
0,15,28,"{'x': 1108.4403052825219, 'y': -33.01179078511282, 'elapsedTime': 5506.899999976158}",936696968582,5155373832,POINT (0.5773126590013135 -0.0305664729491785),,,,,,,,,,,,,,,,,,,,,,,,,,,,,,,,,,,,,,,,,,,,,,,,,,,,,,,,,,,,,,,,,,,,,,,,,,,,,,,,,,,,,,,,,,,,,,,,,,,,,
0,15,28,"{'x': 1108.4403052825219, 'y': -33.01179078511282, 'elapsedTime': 5506.899999976158}",936696985249,5155390498,POINT (0.5773126590013135 -0.0305664729491785),,,,,,,,,,,,,,,,,,,,,,,,,,,,,,,,,,,,,,,,,,,,,,,,,,,,,,,,,,,,,,,,,,,,,,,,,,,,,,,,,,,,,,,,,,,,,,,,,,,,,
0,15,28,"{'x': 1108.4403052825219, 'y': -33.01179078511282, 'elapsedTime': 5506.899999976158}",936697001916,5155407165,POINT (0.5773126590013135 -0.0305664729491785),,,,,,,,,,,,,,,,,,,,,,,,,,,,,,,,,,,,,,,,,,,,,,,,,,,,,,,,,,,,,,,,,,,,,,,,,,,,,,,,,,,,,,,,,,,,,,,,,,,,,
0,15,28,"{'x': 1108.4403052825219, 'y': -33.01179078511282, 'elapsedTime': 5506.899999976158}",936697018584,5155423832,POINT (0.5773126590013135 -0.0305664729491785),,,,,,,,,,,,,,,,,,,,,,,,,,,,,,,,,,,,,,,,,,,,,,,,,,,,,,,,,,,,,,,,,,,,,,,,,,,,,,,,,,,,,,,,,,,,,,,,,,,,,
0,15,28,"{'x': 1016.7254695327235, 'y': -45.06876019262873, 'elapsedTime': 5554.899999976158}",936697035250,5155440498,POINT (0.5295445153816268 -0.0417303335116933),,,,,,,,,,,,,,,,,,,,,,,,,,,,,,,,,,,,,,,,,,,,,,,,,,,,,,,,,,,,,,,,,,,,,,,,,,,,,,,,,,,,,,,,,,,,,,,,,,,,,
0,15,28,"{'x': 1016.7254695327235, 'y': -45.06876019262873, 'elapsedTime': 5554.899999976158}",936697051918,5155457165,POINT (0.5295445153816268 -0.0417303335116933),,,,,,,,,,,,,,,,,,,,,,,,,,,,,,,,,,,,,,,,,,,,,,,,,,,,,,,,,,,,,,,,,,,,,,,,,,,,,,,,,,,,,,,,,,,,,,,,,,,,,
0,15,28,"{'x': 1016.7254695327235, 'y': -45.06876019262873, 'elapsedTime': 5554.899999976158}",936697068585,5155473832,POINT (0.5295445153816268 -0.0417303335116933),,,,,,,,,,,,,,,,,,,,,,,,,,,,,,,,,,,,,,,,,,,,,,,,,,,,,,,,,,,,,,,,,,,,,,,,,,,,,,,,,,,,,,,,,,,,,,,,,,,,,
0,15,28,"{'x': 934.98511608445, 'y': -137.75051986384045, 'elapsedTime': 5614.100000023842}",936697085253,5155490499,POINT (0.4869714146273177 -0.1275467776517041),,,,,,,,,,,,,,,,,,,,,,,,,,,,,,,,,,,,,,,,,,,,,,,,,,,,,,,,,,,,,,,,,,,,,,,,,,,,,,,,,,,,,,,,,,,,,,,,,,,,,
0,15,28,"{'x': 934.98511608445, 'y': -137.75051986384045, 'elapsedTime': 5614.100000023842}",936697101920,5155507166,POINT (0.4869714146273177 -0.1275467776517041),,,,,,,,,,,,,,,,,,,,,,,,,,,,,,,,,,,,,,,,,,,,,,,,,,,,,,,,,,,,,,,,,,,,,,,,,,,,,,,,,,,,,,,,,,,,,,,,,,,,,
0,15,28,"{'x': 934.98511608445, 'y': -137.75051986384045, 'elapsedTime': 5614.100000023842}",936697118588,5155523833,POINT (0.4869714146273177 -0.1275467776517041),,,,,,,,,,,,,,,,,,,,,,,,,,,,,,,,,,,,,,,,,,,,,,,,,,,,,,,,,,,,,,,,,,,,,,,,,,,,,,,,,,,,,,,,,,,,,,,,,,,,,
0,15,28,"{'x': 957.6577801221198, 'y': -100.03697859500762, 'elapsedTime': 5671}",936697135255,5155540500,POINT (0.498780093813604 -0.0926268320324145),,,,,,,,,,,,,,,,,,,,,,,,,,,,,,,,,,,,,,,,,,,,,,,,,,,,,,,,,,,,,,,,,,,,,,,,,,,,,,,,,,,,,,,,,,,,,,,,,,,,,
0,15,28,"{'x': 957.6577801221198, 'y': -100.03697859500762, 'elapsedTime': 5671}",936697151922,5155557166,POINT (0.498780093813604 -0.0926268320324145),,,,,,,,,,,,,,,,,,,,,,,,,,,,,,,,,,,,,,,,,,,,,,,,,,,,,,,,,,,,,,,,,,,,,,,,,,,,,,,,,,,,,,,,,,,,,,,,,,,,,
0,15,28,"{'x': 957.6577801221198, 'y': -100.03697859500762, 'elapsedTime': 5671}",936697168589,5155573833,POINT (0.498780093813604 -0.0926268320324145),,,,,,,,,,,,,,,,,,,,,,,,,,,,,,,,,,,,,,,,,,,,,,,,,,,,,,,,,,,,,,,,,,,,,,,,,,,,,,,,,,,,,,,,,,,,,,,,,,,,,
0,15,28,"{'x': 756.0793145056705, 'y': 227.83794736421265, 'elapsedTime': 5717.200000047684}",936697185257,5155590500,POINT (0.3937913096383701 0.210961062374271),,,,,,,,,,,,,,,,,,,,,,,,,,,,,,,,,,,,,,,,,,,,,,,,,,,,,,,,,,,,,,,,,,,,,,,,,,,,,,,,,,,,,,,,,,,,,,,,,,,,,
0,15,28,"{'x': 756.0793145056705, 'y': 227.83794736421265, 'elapsedTime': 5717.200000047684}",936697201925,5155607168,POINT (0.3937913096383701 0.210961062374271),,,,,,,,,,,,,,,,,,,,,,,,,,,,,,,,,,,,,,,,,,,,,,,,,,,,,,,,,,,,,,,,,,,,,,,,,,,,,,,,,,,,,,,,,,,,,,,,,,,,,
0,15,28,"{'x': 671.0573554002314, 'y': 367.5815451646449, 'elapsedTime': 5761.200000047684}",936697218592,5155623835,POINT (0.3495090392709538 0.3403532825598564),,,,,,,,,,,,,,,,,,,,,,,,,,,,,,,,,,,,,,,,,,,,,,,,,,,,,,,,,,,,,,,,,,,,,,,,,,,,,,,,,,,,,,,,,,,,,,,,,,,,,
0,15,28,"{'x': 671.0573554002314, 'y': 367.5815451646449, 'elapsedTime': 5761.200000047684}",936697235261,5155640503,POINT (0.3495090392709538 0.3403532825598564),,,,,,,,,,,,,,,,,,,,,,,,,,,,,,,,,,,,,,,,,,,,,,,,,,,,,,,,,,,,,,,,,,,,,,,,,,,,,,,,,,,,,,,,,,,,,,,,,,,,,
0,15,28,"{'x': 671.0573554002314, 'y': 367.5815451646449, 'elapsedTime': 5761.200000047684}",936697251926,5155657168,POINT (0.3495090392709538 0.3403532825598564),,,,,,,,,,,,,,,,,,,,,,,,,,,,,,,,,,,,,,,,,,,,,,,,,,,,,,,,,,,,,,,,,,,,,,,,,,,,,,,,,,,,,,,,,,,,,,,,,,,,,
0,15,28,"{'x': 779.7822119915602, 'y': 343.60182807900696, 'elapsedTime': 5808}",936697268593,5155673834,POINT (0.4061365687456043 0.3181498408138954),,,,,,,,,,,,,,,,,,,,,,,,,,,,,,,,,,,,,,,,,,,,,,,,,,,,,,,,,,,,,,,,,,,,,,,,,,,,,,,,,,,,,,,,,,,,,,,,,,,,1,
0,15,28,"{'x': 779.7822119915602, 'y': 343.60182807900696, 'elapsedTime': 5808}",936697285263,5155690504,POINT (0.4061365687456043 0.3181498408138954),,,,,,,,,,,,,,,,,,,,,,,,,,,,,,,,,,,,,,,,,,,,,,,,,,,,,,,,,,,,,,,,,,,,,,,,,,,,,,,,,,,,,,,,,,,,,,,,,,,,1,
0,15,28,"{'x': 779.7822119915602, 'y': 343.60182807900696, 'elapsedTime': 5808}",936697301930,5155707170,POINT (0.4061365687456043 0.3181498408138954),,,,,,,,,,,,,,,,,,,,,,,,,,,,,,,,,,,,,,,,,,,,,,,,,,,,,,,,,,,,,,,,,,,,,,,,,,,,,,,,,,,,,,,,,,,,,,,,,,,,1,
0,15,28,"{'x': 949.6628812203008, 'y': 270.45708105114034, 'elapsedTime': 5853}",936697318595,5155723835,POINT (0.4946160839689067 0.2504232231955003),,,,,,,,,,,,,,,,,,,,,,,,,,,,,,,,,,,,,,,,,,,,,,,,,,,,,,,,,,,,,,,,,,,,,,,,,,,,,,,,,,,,,,,,,,,,,,,,,,,1,1,
0,15,28,"{'x': 949.6628812203008, 'y': 270.45708105114034, 'elapsedTime': 5853}",936697335270,5155740509,POINT (0.4946160839689067 0.2504232231955003),,,,,,,,,,,,,,,,,,,,,,,,,,,,,,,,,,,,,,,,,,,,,,,,,,,,,,,,,,,,,,,,,,,,,,,,,,,,,,,,,,,,,,,,,,,,,,,,,,,1,1,
0,15,28,"{'x': 980.07544958199, 'y': 241.73797617883292, 'elapsedTime': 5896.700000047684}",936697351936,5155757175,POINT (0.5104559633239532 0.2238314594248453),,,,,,,,,,,,,,,,,,,,,,,,,,,,,,,,,,,,,,,,,,,,,,,,,,,,,,,,,,,,,,,,,,,,,,,,,,,,,,,,,,,,,,,,,,,,,,,,,,,,1,
0,15,28,"{'x': 980.07544958199, 'y': 241.73797617883292, 'elapsedTime': 5896.700000047684}",936697368604,5155773842,POINT (0.5104559633239532 0.2238314594248453),,,,,,,,,,,,,,,,,,,,,,,,,,,,,,,,,,,,,,,,,,,,,,,,,,,,,,,,,,,,,,,,,,,,,,,,,,,,,,,,,,,,,,,,,,,,,,,,,,,,1,
0,15,28,"{'x': 980.07544958199, 'y': 241.73797617883292, 'elapsedTime': 5896.700000047684}",936697385273,5155790511,POINT (0.5104559633239532 0.2238314594248453),,,,,,,,,,,,,,,,,,,,,,,,,,,,,,,,,,,,,,,,,,,,,,,,,,,,,,,,,,,,,,,,,,,,,,,,,,,,,,,,,,,,,,,,,,,,,,,,,,,,1,
0,15,28,"{'x': 1056.5897462250132, 'y': 129.80966686420285, 'elapsedTime': 5942.800000071526}",936697401938,5155807175,POINT (0.5503071594921943 0.120194135985373),,,,,,,,,,,,,,,,,,,,,,,,,,,,,,,,,,,,,,,,,,,,,,,,,,,,,,,,,,,,,,,,,,,,,,,,,,,,,,,,,,,,,,,,,,,,,,,,,,,,,
0,15,28,"{'x': 1056.5897462250132, 'y': 129.80966686420285, 'elapsedTime': 5942.800000071526}",936697418605,5155823842,POINT (0.5503071594921943 0.120194135985373),,,,,,,,,,,,,,,,,,,,,,,,,,,,,,,,,,,,,,,,,,,,,,,,,,,,,,,,,,,,,,,,,,,,,,,,,,,,,,,,,,,,,,,,,,,,,,,,,,,,,
0,15,28,"{'x': 1056.5897462250132, 'y': 129.80966686420285, 'elapsedTime': 5942.800000071526}",936697435273,5155840509,POINT (0.5503071594921943 0.120194135985373),,,,,,,,,,,,,,,,,,,,,,,,,,,,,,,,,,,,,,,,,,,,,,,,,,,,,,,,,,,,,,,,,,,,,,,,,,,,,,,,,,,,,,,,,,,,,,,,,,,,,
0,15,28,"{'x': 1207.12914131339, 'y': 21.6695124989798, 'elapsedTime': 5988.700000047684}",936697451939,5155857175,POINT (0.6287130944340572 0.0200643634249813),,,,,,,,,,,,,,,,,,,,,,,,,,,,,,,,,,,,,,,,,,,,,,,,,,,,,,,,,,,,,,,,,,,,,,,,,,,,,,,,,,,,,,,,,,,,,,,,,,,,,
0,15,28,"{'x': 1207.12914131339, 'y': 21.6695124989798, 'elapsedTime': 5988.700000047684}",936697468611,5155873846,POINT (0.6287130944340572 0.0200643634249813),,,,,,,,,,,,,,,,,,,,,,,,,,,,,,,,,,,,,,,,,,,,,,,,,,,,,,,,,,,,,,,,,,,,,,,,,,,,,,,,,,,,,,,,,,,,,,,,,,,,,
0,15,28,"{'x': 1207.12914131339, 'y': 21.6695124989798, 'elapsedTime': 5988.700000047684}",936697485277,5155890512,POINT (0.6287130944340572 0.0200643634249813),,,,,,,,,,,,,,,,,,,,,,,,,,,,,,,,,,,,,,,,,,,,,,,,,,,,,,,,,,,,,,,,,,,,,,,,,,,,,,,,,,,,,,,,,,,,,,,,,,,,,
0,15,28,"{'x': 1166.3028006792376, 'y': -72.375991516062, 'elapsedTime': 6034.800000071526}",936697501945,5155907179,POINT (0.6074493753537696 -0.0670148069593167),,,,,,,,,,,,,,,,,,,,,,,,,,,,,,,,,,,,,,,,,,,,,,,,,,,,,,,,,,,,,,,,,,,,,,,,,,,,,,,,,,,,,,,,,,,,,,,,,,,,,
0,15,28,"{'x': 1166.3028006792376, 'y': -72.375991516062, 'elapsedTime': 6034.800000071526}",936697518612,5155923846,POINT (0.6074493753537696 -0.0670148069593167),,,,,,,,,,,,,,,,,,,,,,,,,,,,,,,,,,,,,,,,,,,,,,,,,,,,,,,,,,,,,,,,,,,,,,,,,,,,,,,,,,,,,,,,,,,,,,,,,,,,,
0,15,28,"{'x': 1166.3028006792376, 'y': -72.375991516062, 'elapsedTime': 6034.800000071526}",936697535280,5155940513,POINT (0.6074493753537696 -0.0670148069593167),,,,,,,,,,,,,,,,,,,,,,,,,,,,,,,,,,,,,,,,,,,,,,,,,,,,,,,,,,,,,,,,,,,,,,,,,,,,,,,,,,,,,,,,,,,,,,,,,,,,,
0,15,28,"{'x': 1281.9283516574708, 'y': -61.26299200127106, 'elapsedTime': 6083.200000047684}",936697551946,5155957179,POINT (0.667671016488266 -0.0567249925937695),,,,,,,,,,,,,,,,,,,,,,,,,,,,,,,,,,,,,,,,,,,,,,,,,,,,,,,,,,,,,,,,,,,,,,,,,,,,,,,,,,,,,,,,,,,,,,,,,,,,,
0,15,28,"{'x': 1281.9283516574708, 'y': -61.26299200127106, 'elapsedTime': 6083.200000047684}",936697568614,5155973846,POINT (0.667671016488266 -0.0567249925937695),,,,,,,,,,,,,,,,,,,,,,,,,,,,,,,,,,,,,,,,,,,,,,,,,,,,,,,,,,,,,,,,,,,,,,,,,,,,,,,,,,,,,,,,,,,,,,,,,,,,,
0,15,28,"{'x': 1281.9283516574708, 'y': -61.26299200127106, 'elapsedTime': 6083.200000047684}",936697585280,5155990512,POINT (0.667671016488266 -0.0567249925937695),,,,,,,,,,,,,,,,,,,,,,,,,,,,,,,,,,,,,,,,,,,,,,,,,,,,,,,,,,,,,,,,,,,,,,,,,,,,,,,,,,,,,,,,,,,,,,,,,,,,,
0,15,28,"{'x': 1320.3842224242032, 'y': -93.70542760302621, 'elapsedTime': 6130}",936697601952,5156007183,POINT (0.6877001158459392 -0.0867642848176169),,,,,,,,,,,,,,,,,,,,,,,,,,,,,,,,,,,,,,,,,,,,,,,,,,,,,,,,,,,,,,,,,,,,,,,,,,,,,,,,,,,,,,,,,,,,,,,,,,,,,
0,15,28,"{'x': 1320.3842224242032, 'y': -93.70542760302621, 'elapsedTime': 6130}",936697618619,5156023850,POINT (0.6877001158459392 -0.0867642848176169),,,,,,,,,,,,,,,,,,,,,,,,,,,,,,,,,,,,,,,,,,,,,,,,,,,,,,,,,,,,,,,,,,,,,,,,,,,,,,,,,,,,,,,,,,,,,,,,,,,,,
0,15,28,"{'x': 1308.9775253227826, 'y': -110.96606510686757, 'elapsedTime': 6177.800000071526}",936697635287,5156040517,POINT (0.6817591277722826 -0.1027463565804329),,,,,,,,,,,,,,,,,,,,,,,,,,,,,,,,,,,,,,,,,,,,,,,,,,,,,,,,,,,,,,,,,,,,,,,,,,,,,,,,,,,,,,,,,,,,,,,,,,,,,
0,15,28,"{'x': 1308.9775253227826, 'y': -110.96606510686757, 'elapsedTime': 6177.800000071526}",936697651953,5156057183,POINT (0.6817591277722826 -0.1027463565804329),,,,,,,,,,,,,,,,,,,,,,,,,,,,,,,,,,,,,,,,,,,,,,,,,,,,,,,,,,,,,,,,,,,,,,,,,,,,,,,,,,,,,,,,,,,,,,,,,,,,,
0,15,28,"{'x': 1308.9775253227826, 'y': -110.96606510686757, 'elapsedTime': 6177.800000071526}",936697668621,5156073850,POINT (0.6817591277722826 -0.1027463565804329),,,,,,,,,,,,,,,,,,,,,,,,,,,,,,,,,,,,,,,,,,,,,,,,,,,,,,,,,,,,,,,,,,,,,,,,,,,,,,,,,,,,,,,,,,,,,,,,,,,,,
0,15,28,"{'x': 1325.0674069501529, 'y': -139.2241237429726, 'elapsedTime': 6224.800000071526}",936697685287,5156090516,POINT (0.6901392744532047 -0.1289112256879376),,,,,,,,,,,,,,,,,,,,,,,,,,,,,,,,,,,,,,,,,,,,,,,,,,,,,,,,,,,,,,,,,,,,,,,,,,,,,,,,,,,,,,,,,,,,,,,,,,,,,
0,15,28,"{'x': 1325.0674069501529, 'y': -139.2241237429726, 'elapsedTime': 6224.800000071526}",936697701955,5156107183,POINT (0.6901392744532047 -0.1289112256879376),,,,,,,,,,,,,,,,,,,,,,,,,,,,,,,,,,,,,,,,,,,,,,,,,,,,,,,,,,,,,,,,,,,,,,,,,,,,,,,,,,,,,,,,,,,,,,,,,,,,,
0,15,28,"{'x': 1325.0674069501529, 'y': -139.2241237429726, 'elapsedTime': 6224.800000071526}",936697718621,5156123849,POINT (0.6901392744532047 -0.1289112256879376),,,,,,,,,,,,,,,,,,,,,,,,,,,,,,,,,,,,,,,,,,,,,,,,,,,,,,,,,,,,,,,,,,,,,,,,,,,,,,,,,,,,,,,,,,,,,,,,,,,,,
0,15,28,"{'x': 1258.593021392611, 'y': -155.4770210702756, 'elapsedTime': 6271.100000023842}",936697735295,5156140522,POINT (0.6555171986419849 -0.1439602046946996),,,,,,,,,,,,,,,,,,,,,,,,,,,,,,,,,,,,,,,,,,,,,,,,,,,,,,,,,,,,,,,,,,,,,,,,,,,,,,,,,,,,,,,,,,,,,,,,,,,,,
0,15,28,"{'x': 1258.593021392611, 'y': -155.4770210702756, 'elapsedTime': 6271.100000023842}",936697751962,5156157189,POINT (0.6555171986419849 -0.1439602046946996),,,,,,,,,,,,,,,,,,,,,,,,,,,,,,,,,,,,,,,,,,,,,,,,,,,,,,,,,,,,,,,,,,,,,,,,,,,,,,,,,,,,,,,,,,,,,,,,,,,,,
0,15,28,"{'x': 1258.593021392611, 'y': -155.4770210702756, 'elapsedTime': 6271.100000023842}",936697768630,5156173856,POINT (0.6555171986419849 -0.1439602046946996),,,,,,,,,,,,,,,,,,,,,,,,,,,,,,,,,,,,,,,,,,,,,,,,,,,,,,,,,,,,,,,,,,,,,,,,,,,,,,,,,,,,,,,,,,,,,,,,,,,,,
0,15,28,"{'x': 1260.1155162917241, 'y': -138.39807709534534, 'elapsedTime': 6316.399999976158}",936697785296,5156190522,POINT (0.656310164735273 -0.1281463676808753),,,,,,,,,,,,,,,,,,,,,,,,,,,,,,,,,,,,,,,,,,,,,,,,,,,,,,,,,,,,,,,,,,,,,,,,,,,,,,,,,,,,,,,,,,,,,,,,,,,,,
0,15,28,"{'x': 1260.1155162917241, 'y': -138.39807709534534, 'elapsedTime': 6316.399999976158}",936697801964,5156207189,POINT (0.656310164735273 -0.1281463676808753),,,,,,,,,,,,,,,,,,,,,,,,,,,,,,,,,,,,,,,,,,,,,,,,,,,,,,,,,,,,,,,,,,,,,,,,,,,,,,,,,,,,,,,,,,,,,,,,,,,,,
0,15,28,"{'x': 1273.1562077919198, 'y': -190.20813401786563, 'elapsedTime': 6362.600000023842}",936697818631,5156223856,POINT (0.6631021915582915 -0.1761186426091348),,,,,,,,,,,,,,,,,,,,,,,,,,,,,,,,,,,,,,,,,,,,,,,,,,,,,,,,,,,,,,,,,,,,,,,,,,,,,,,,,,,,,,,,,,,,,,,,,,,,,
0,15,28,"{'x': 1273.1562077919198, 'y': -190.20813401786563, 'elapsedTime': 6362.600000023842}",936697835298,5156240522,POINT (0.6631021915582915 -0.1761186426091348),,,,,,,,,,,,,,,,,,,,,,,,,,,,,,,,,,,,,,,,,,,,,,,,,,,,,,,,,,,,,,,,,,,,,,,,,,,,,,,,,,,,,,,,,,,,,,,,,,,,,
0,15,28,"{'x': 1273.1562077919198, 'y': -190.20813401786563, 'elapsedTime': 6362.600000023842}",936697851965,5156257189,POINT (0.6631021915582915 -0.1761186426091348),,,,,,,,,,,,,,,,,,,,,,,,,,,,,,,,,,,,,,,,,,,,,,,,,,,,,,,,,,,,,,,,,,,,,,,,,,,,,,,,,,,,,,,,,,,,,,,,,,,,,
0,15,28,"{'x': 1316.0961406001088, 'y': -141.33239839559715, 'elapsedTime': 6410.899999976158}",936697868637,5156273860,POINT (0.68546673989589 -0.1308633318477752),,,,,,,,,,,,,,,,,,,,,,,,,,,,,,,,,,,,,,,,,,,,,,,,,,,,,,,,,,,,,,,,,,,,,,,,,,,,,,,,,,,,,,,,,,,,,,,,,,,,,
0,15,28,"{'x': 1316.0961406001088, 'y': -141.33239839559715, 'elapsedTime': 6410.899999976158}",936697885303,5156290526,POINT (0.68546673989589 -0.1308633318477752),,,,,,,,,,,,,,,,,,,,,,,,,,,,,,,,,,,,,,,,,,,,,,,,,,,,,,,,,,,,,,,,,,,,,,,,,,,,,,,,,,,,,,,,,,,,,,,,,,,,,
0,15,28,"{'x': 1316.0961406001088, 'y': -141.33239839559715, 'elapsedTime': 6410.899999976158}",936697901971,5156307193,POINT (0.68546673989589 -0.1308633318477752),,,,,,,,,,,,,,,,,,,,,,,,,,,,,,,,,,,,,,,,,,,,,,,,,,,,,,,,,,,,,,,,,,,,,,,,,,,,,,,,,,,,,,,,,,,,,,,,,,,,,
0,15,28,"{'x': 1281.5829694259978, 'y': -169.32331944715142, 'elapsedTime': 6455.100000023842}",936697918637,5156323859,POINT (0.6674911299093739 -0.156780851339955),,,,,,,,,,,,,,,,,,,,,,,,,,,,,,,,,,,,,,,,,,,,,,,,,,,,,,,,,,,,,,,,,,,,,,,,,,,,,,,,,,,,,,,,,,,,,,,,,,,,,
0,15,28,"{'x': 1281.5829694259978, 'y': -169.32331944715142, 'elapsedTime': 6455.100000023842}",936697935305,5156340526,POINT (0.6674911299093739 -0.156780851339955),,,,,,,,,,,,,,,,,,,,,,,,,,,,,,,,,,,,,,,,,,,,,,,,,,,,,,,,,,,,,,,,,,,,,,,,,,,,,,,,,,,,,,,,,,,,,,,,,,,,,
0,15,28,"{'x': 1281.5829694259978, 'y': -169.32331944715142, 'elapsedTime': 6455.100000023842}",936697951972,5156357193,POINT (0.6674911299093739 -0.156780851339955),,,,,,,,,,,,,,,,,,,,,,,,,,,,,,,,,,,,,,,,,,,,,,,,,,,,,,,,,,,,,,,,,,,,,,,,,,,,,,,,,,,,,,,,,,,,,,,,,,,,,
0,15,28,"{'x': 1169.7211333421692, 'y': -140.05601983971144, 'elapsedTime': 6503.300000071526}",936697968639,5156373859,POINT (0.6092297569490465 -0.1296814998515847),,,,,,,,,,,,,,,,,,,,,,,,,,,,,,,,,,,,,,,,,,,,,,,,,,,,,,,,,,,,,,,,,,,,,,,,,,,,,,,,,,,,,,,,,,,,,,,,,,,,,
0,15,28,"{'x': 1169.7211333421692, 'y': -140.05601983971144, 'elapsedTime': 6503.300000071526}",936697985306,5156390526,POINT (0.6092297569490465 -0.1296814998515847),,,,,,,,,,,,,,,,,,,,,,,,,,,,,,,,,,,,,,,,,,,,,,,,,,,,,,,,,,,,,,,,,,,,,,,,,,,,,,,,,,,,,,,,,,,,,,,,,,,,,
0,15,28,"{'x': 1169.7211333421692, 'y': -140.05601983971144, 'elapsedTime': 6503.300000071526}",936698001977,5156407196,POINT (0.6092297569490465 -0.1296814998515847),,,,,,,,,,,,,,,,,,,,,,,,,,,,,,,,,,,,,,,,,,,,,,,,,,,,,,,,,,,,,,,,,,,,,,,,,,,,,,,,,,,,,,,,,,,,,,,,,,,,,
0,15,28,"{'x': 995.0750422957667, 'y': -37.22677804224594, 'elapsedTime': 6549.399999976158}",936698018644,5156423863,POINT (0.5182682511957118 -0.0344692389280055),,,,,,,,,,,,,,,,,,,,,,,,,,,,,,,,,,,,,,,,,,,,,,,,,,,,,,,,,,,,,,,,,,,,,,,,,,,,,,,,,,,,,,,,,,,,,,,,,,,,,
0,15,28,"{'x': 995.0750422957667, 'y': -37.22677804224594, 'elapsedTime': 6549.399999976158}",936698035311,5156440529,POINT (0.5182682511957118 -0.0344692389280055),,,,,,,,,,,,,,,,,,,,,,,,,,,,,,,,,,,,,,,,,,,,,,,,,,,,,,,,,,,,,,,,,,,,,,,,,,,,,,,,,,,,,,,,,,,,,,,,,,,,,
0,15,28,"{'x': 925.6212335954715, 'y': 10.15530036960574, 'elapsedTime': 6593.600000023842}",936698051978,5156457196,POINT (0.4820943924976414 0.0094030558977831),,,,,,,,,,,,,,,,,,,,,,,,,,,,,,,,,,,,,,,,,,,,,,,,,,,,,,,,,,,,,,,,,,,,,,,,,,,,,,,,,,,,,,,,,,,,,,,,,,,,,
0,15,28,"{'x': 925.6212335954715, 'y': 10.15530036960574, 'elapsedTime': 6593.600000023842}",936698068645,5156473862,POINT (0.4820943924976414 0.0094030558977831),,,,,,,,,,,,,,,,,,,,,,,,,,,,,,,,,,,,,,,,,,,,,,,,,,,,,,,,,,,,,,,,,,,,,,,,,,,,,,,,,,,,,,,,,,,,,,,,,,,,,
0,15,28,"{'x': 925.6212335954715, 'y': 10.15530036960574, 'elapsedTime': 6593.600000023842}",936698085312,5156490529,POINT (0.4820943924976414 0.0094030558977831),,,,,,,,,,,,,,,,,,,,,,,,,,,,,,,,,,,,,,,,,,,,,,,,,,,,,,,,,,,,,,,,,,,,,,,,,,,,,,,,,,,,,,,,,,,,,,,,,,,,,
0,15,28,"{'x': 852.8613379503547, 'y': 63.76579344999226, 'elapsedTime': 6639.700000047684}",936698101980,5156507196,POINT (0.4441986135158098 0.0590424013425854),,,,,,,,,,,,,,,,,,,,,,,,,,,,,,,,,,,,,,,,,,,,,,,,,,,,,,,,,,,,,,,,,,,,,,,,,,,,,,,,,,,,,,,,,,,,,,,,,,,,,
0,15,28,"{'x': 852.8613379503547, 'y': 63.76579344999226, 'elapsedTime': 6639.700000047684}",936698118647,5156523863,POINT (0.4441986135158098 0.0590424013425854),,,,,,,,,,,,,,,,,,,,,,,,,,,,,,,,,,,,,,,,,,,,,,,,,,,,,,,,,,,,,,,,,,,,,,,,,,,,,,,,,,,,,,,,,,,,,,,,,,,,,
0,15,28,"{'x': 852.8613379503547, 'y': 63.76579344999226, 'elapsedTime': 6639.700000047684}",936698135322,5156540537,POINT (0.4441986135158098 0.0590424013425854),,,,,,,,,,,,,,,,,,,,,,,,,,,,,,,,,,,,,,,,,,,,,,,,,,,,,,,,,,,,,,,,,,,,,,,,,,,,,,,,,,,,,,,,,,,,,,,,,,,,,
0,15,28,"{'x': 737.0596022052024, 'y': 80.1533981927865, 'elapsedTime': 6686.700000047684}",936698151989,5156557204,POINT (0.3838852094818763 0.0742161094377653),,,,,,,,,,,,,,,,,,,,,,,,,,,,,,,,,,,,,,,,,,,,,,,,,,,,,,,,,,,,,,,,,,,,,,,,,,,,,,,,,,,,,,,,,,,,,,,,,,,,,
0,15,28,"{'x': 737.0596022052024, 'y': 80.1533981927865, 'elapsedTime': 6686.700000047684}",936698168656,5156573870,POINT (0.3838852094818763 0.0742161094377653),,,,,,,,,,,,,,,,,,,,,,,,,,,,,,,,,,,,,,,,,,,,,,,,,,,,,,,,,,,,,,,,,,,,,,,,,,,,,,,,,,,,,,,,,,,,,,,,,,,,,
0,15,28,"{'x': 737.0596022052024, 'y': 80.1533981927865, 'elapsedTime': 6686.700000047684}",936698185323,5156590537,POINT (0.3838852094818763 0.0742161094377653),,,,,,,,,,,,,,,,,,,,,,,,,,,,,,,,,,,,,,,,,,,,,,,,,,,,,,,,,,,,,,,,,,,,,,,,,,,,,,,,,,,,,,,,,,,,,,,,,,,,,
0,15,28,"{'x': 586.5412308860818, 'y': 120.78225777828706, 'elapsedTime': 6732.100000023842}",936698201990,5156607203,POINT (0.3054902244198343 0.1118354238687843),,,,,,,,,,,,,,,,,,,,,,,,,,,,,,,,,,,,,,,,,,,,,,,,,,,,,,,,,,,,,,,,,,,,,,,,,,,,,,,,,,,,,,,,,,,,,,,,,,,,,
0,15,28,"{'x': 586.5412308860818, 'y': 120.78225777828706, 'elapsedTime': 6732.100000023842}",936698218657,5156623870,POINT (0.3054902244198343 0.1118354238687843),,,,,,,,,,,,,,,,,,,,,,,,,,,,,,,,,,,,,,,,,,,,,,,,,,,,,,,,,,,,,,,,,,,,,,,,,,,,,,,,,,,,,,,,,,,,,,,,,,,,,
0,15,28,"{'x': 586.5412308860818, 'y': 120.78225777828706, 'elapsedTime': 6732.100000023842}",936698235325,5156640537,POINT (0.3054902244198343 0.1118354238687843),,,,,,,,,,,,,,,,,,,,,,,,,,,,,,,,,,,,,,,,,,,,,,,,,,,,,,,,,,,,,,,,,,,,,,,,,,,,,,,,,,,,,,,,,,,,,,,,,,,,,
0,15,28,"{'x': 544.600905407248, 'y': 125.8256439361379, 'elapsedTime': 6779.100000023842}",936698251992,5156657204,POINT (0.2836463048996084 0.1165052258667944),,,,,,,,,,,,,,,,,,,,,,,,,,,,,,,,,,,,,,,,,,,,,,,,,,,,,,,,,,,,,,,,,,,,,,,,,,,,,,,,,,,,,,,,,,,,,,,,,,,,,
0,15,28,"{'x': 544.600905407248, 'y': 125.8256439361379, 'elapsedTime': 6779.100000023842}",936698268664,5156673875,POINT (0.2836463048996084 0.1165052258667944),,,,,,,,,,,,,,,,,,,,,,,,,,,,,,,,,,,,,,,,,,,,,,,,,,,,,,,,,,,,,,,,,,,,,,,,,,,,,,,,,,,,,,,,,,,,,,,,,,,,,
0,15,28,"{'x': 429.5897743160078, 'y': 113.36179506585584, 'elapsedTime': 6830.200000047684}",936698285331,5156690542,POINT (0.2237446741229207 0.1049646250609776),,,,,,,,,,,,,,,,,,,,,,,,,,,,,,,,,,,,,,,,,,,,,,,,,,,,,,,,,,,,,,,,,,,,,,,,,,,,,,,,,,,,,,,,,,,,,,,,,,,,,
0,15,28,"{'x': 429.5897743160078, 'y': 113.36179506585584, 'elapsedTime': 6830.200000047684}",936698301998,5156707208,POINT (0.2237446741229207 0.1049646250609776),,,,,,,,,,,,,,,,,,,,,,,,,,,,,,,,,,,,,,,,,,,,,,,,,,,,,,,,,,,,,,,,,,,,,,,,,,,,,,,,,,,,,,,,,,,,,,,,,,,,,
0,15,28,"{'x': 429.5897743160078, 'y': 113.36179506585584, 'elapsedTime': 6830.200000047684}",936698318665,5156723875,POINT (0.2237446741229207 0.1049646250609776),,,,,,,,,,,,,,,,,,,,,,,,,,,,,,,,,,,,,,,,,,,,,,,,,,,,,,,,,,,,,,,,,,,,,,,,,,,,,,,,,,,,,,,,,,,,,,,,,,,,,
0,15,28,"{'x': 443.8382839335614, 'y': 130.0349229033193, 'elapsedTime': 6876.200000047684}",936698335333,5156740542,POINT (0.2311657728820632 0.1204027063919623),,,,,,,,,,,,,,,,,,,,,,,,,,,,,,,,,,,,,,,,,,,,,,,,,,,,,,,,,,,,,,,,,,,,,,,,,,,,,,,,,,,,,,,,,,,,,,,,,,,,,
0,15,28,"{'x': 443.8382839335614, 'y': 130.0349229033193, 'elapsedTime': 6876.200000047684}",936698351999,5156757208,POINT (0.2311657728820632 0.1204027063919623),,,,,,,,,,,,,,,,,,,,,,,,,,,,,,,,,,,,,,,,,,,,,,,,,,,,,,,,,,,,,,,,,,,,,,,,,,,,,,,,,,,,,,,,,,,,,,,,,,,,,
0,15,28,"{'x': 443.8382839335614, 'y': 130.0349229033193, 'elapsedTime': 6876.200000047684}",936698368667,5156773875,POINT (0.2311657728820632 0.1204027063919623),,,,,,,,,,,,,,,,,,,,,,,,,,,,,,,,,,,,,,,,,,,,,,,,,,,,,,,,,,,,,,,,,,,,,,,,,,,,,,,,,,,,,,,,,,,,,,,,,,,,,
0,15,28,"{'x': 433.49177608439334, 'y': 149.5283820347652, 'elapsedTime': 6922.300000071526}",936698385337,5156790545,POINT (0.2257769667106215 0.1384522055877456),,,,,1,,,,,,,,,,,,,,,,,,,,,,,,,,,,,,,,,,,,,,,,,,,,,,,,,,,,,,,,,,,,,,,,,,,,,,,,,,,,,,,,,,,,,,,,,,,,,,,,
0,15,28,"{'x': 433.49177608439334, 'y': 149.5283820347652, 'elapsedTime': 6922.300000071526}",936698402005,5156807212,POINT (0.2257769667106215 0.1384522055877456),,,,,1,,,,,,,,,,,,,,,,,,,,,,,,,,,,,,,,,,,,,,,,,,,,,,,,,,,,,,,,,,,,,,,,,,,,,,,,,,,,,,,,,,,,,,,,,,,,,,,,
0,15,28,"{'x': 433.49177608439334, 'y': 149.5283820347652, 'elapsedTime': 6922.300000071526}",936698418671,5156823878,POINT (0.2257769667106215 0.1384522055877456),,,,,1,,,,,,,,,,,,,,,,,,,,,,,,,,,,,,,,,,,,,,,,,,,,,,,,,,,,,,,,,,,,,,,,,,,,,,,,,,,,,,,,,,,,,,,,,,,,,,,,
0,15,28,"{'x': 389.76788150874614, 'y': 164.3349115012263, 'elapsedTime': 6971.300000071526}",936698435339,5156840545,POINT (0.203004104952472 0.152161955093728),,,,,,,,,,,,,,,,,,,,,,,,,,,,,,,,,,,,,,,,,,,,,,,,,,,,,,,,,,,,,,,,,,,,,,,,,,,,,,,,,,,,,,,,,,,,,,,,,,,1,,
0,15,28,"{'x': 389.76788150874614, 'y': 164.3349115012263, 'elapsedTime': 6971.300000071526}",936698452006,5156857212,POINT (0.203004104952472 0.152161955093728),,,,,,,,,,,,,,,,,,,,,,,,,,,,,,,,,,,,,,,,,,,,,,,,,,,,,,,,,,,,,,,,,,,,,,,,,,,,,,,,,,,,,,,,,,,,,,,,,,,1,,
0,15,28,"{'x': 389.76788150874614, 'y': 164.3349115012263, 'elapsedTime': 6971.300000071526}",936698468673,5156873878,POINT (0.203004104952472 0.152161955093728),,,,,,,,,,,,,,,,,,,,,,,,,,,,,,,,,,,,,,,,,,,,,,,,,,,,,,,,,,,,,,,,,,,,,,,,,,,,,,,,,,,,,,,,,,,,,,,,,,,1,,
0,15,28,"{'x': 392.73425015150434, 'y': 199.69666062089226, 'elapsedTime': 7017.200000047684}",936698485340,5156890545,POINT (0.2045490886205752 0.184904315389715),,,,,,,,,,,,,,,,,,,,,,,,,,,,,,,,,,,,,,,,,,,,,,,,,,,,,,,,,,,,,,,,,,,,,,,,,,,,,,,,,,,,,,,,,,,,,,,,,,,,,
0,15,28,"{'x': 392.73425015150434, 'y': 199.69666062089226, 'elapsedTime': 7017.200000047684}",936698502008,5156907212,POINT (0.2045490886205752 0.184904315389715),,,,,,,,,,,,,,,,,,,,,,,,,,,,,,,,,,,,,,,,,,,,,,,,,,,,,,,,,,,,,,,,,,,,,,,,,,,,,,,,,,,,,,,,,,,,,,,,,,,,,
0,15,28,"{'x': 476.33624772675523, 'y': 246.5381008158697, 'elapsedTime': 7062.899999976158}",936698518676,5156923880,POINT (0.2480917956910184 0.2282760192739534),,,,,,,,,,,,,,,,,,,,,,,,,,,,,,,,,,,,,,,,,,,,,,,,,,,,,1,,,,,,,,,,,,,,,,,,,,,,,,,,,,,,,,,,,,,,,,,,,,,,,1,
0,15,28,"{'x': 476.33624772675523, 'y': 246.5381008158697, 'elapsedTime': 7062.899999976158}",936698535344,5156940547,POINT (0.2480917956910184 0.2282760192739534),,,,,,,,,,,,,,,,,,,,,,,,,,,,,,,,,,,,,,,,,,,,,,,,,,,,,1,,,,,,,,,,,,,,,,,,,,,,,,,,,,,,,,,,,,,,,,,,,,,,,1,
0,15,28,"{'x': 476.33624772675523, 'y': 246.5381008158697, 'elapsedTime': 7062.899999976158}",936698552011,5156957214,POINT (0.2480917956910184 0.2282760192739534),,,,,,,,,,,,,,,,,,,,,,,,,,,,,,,,,,,,,,,,,,,,,,,,,,,,,1,,,,,,,,,,,,,,,,,,,,,,,,,,,,,,,,,,,,,,,,,,,,,,,1,
0,15,28,"{'x': 510.5786293883182, 'y': 272.71363323869804, 'elapsedTime': 7108.899999976158}",936698568678,5156973880,POINT (0.2659263694730824 0.2525126233691649),,,,,,,,,,,,,,,,,,,,,,,,,,,,,,,,,,,,,,,,,,,,,,,,,,,,,,,,,,,,,,,,,,,,,,,,,,,,,,,,,,,,,,,,,,,,,,,,,,,,1,
0,15,28,"{'x': 510.5786293883182, 'y': 272.71363323869804, 'elapsedTime': 7108.899999976158}",936698585345,5156990547,POINT (0.2659263694730824 0.2525126233691649),,,,,,,,,,,,,,,,,,,,,,,,,,,,,,,,,,,,,,,,,,,,,,,,,,,,,,,,,,,,,,,,,,,,,,,,,,,,,,,,,,,,,,,,,,,,,,,,,,,,1,
0,15,28,"{'x': 510.5786293883182, 'y': 272.71363323869804, 'elapsedTime': 7108.899999976158}",936698602012,5157007213,POINT (0.2659263694730824 0.2525126233691649),,,,,,,,,,,,,,,,,,,,,,,,,,,,,,,,,,,,,,,,,,,,,,,,,,,,,,,,,,,,,,,,,,,,,,,,,,,,,,,,,,,,,,,,,,,,,,,,,,,,1,
0,15,28,"{'x': 537.1012653843469, 'y': 220.39197691144489, 'elapsedTime': 7154.200000047684}",936698618679,5157023880,POINT (0.2797402423876807 0.2040666452883749),,,,,,,,,,,,,,,,,,,,,,,,,,,,,,,,1,,,,,,,,,,,,,,,,,,,,,,,,,,,,,,,,,,,,,,,,,,,,,,,,,,,,,,,,,,,,,,,,,,,,,
0,15,28,"{'x': 537.1012653843469, 'y': 220.39197691144489, 'elapsedTime': 7154.200000047684}",936698635347,5157040547,POINT (0.2797402423876807 0.2040666452883749),,,,,,,,,,,,,,,,,,,,,,,,,,,,,,,,1,,,,,,,,,,,,,,,,,,,,,,,,,,,,,,,,,,,,,,,,,,,,,,,,,,,,,,,,,,,,,,,,,,,,,
0,15,28,"{'x': 537.1012653843469, 'y': 220.39197691144489, 'elapsedTime': 7154.200000047684}",936698652020,5157057220,POINT (0.2797402423876807 0.2040666452883749),,,,,,,,,,,,,,,,,,,,,,,,,,,,,,,,1,,,,,,,,,,,,,,,,,,,,,,,,,,,,,,,,,,,,,,,,,,,,,,,,,,,,,,,,,,,,,,,,,,,,,
0,15,28,"{'x': 544.0413570304378, 'y': 200.4867819771357, 'elapsedTime': 7205.5}",936698668688,5157073887,POINT (0.283354873453353 0.1856359092380886),,,,,,,,,,,,,,,,,,,,,,,,,,,,,,,,,,,,,,,,,,,,,,,,,,,,,,,,,,,,,,,,,,,,,,,,,,,,,,,,,,,,,,,,,,,,,,,,,,,,,
0,15,28,"{'x': 544.0413570304378, 'y': 200.4867819771357, 'elapsedTime': 7205.5}",936698685354,5157090553,POINT (0.283354873453353 0.1856359092380886),,,,,,,,,,,,,,,,,,,,,,,,,,,,,,,,,,,,,,,,,,,,,,,,,,,,,,,,,,,,,,,,,,,,,,,,,,,,,,,,,,,,,,,,,,,,,,,,,,,,,
0,15,28,"{'x': 544.0413570304378, 'y': 200.4867819771357, 'elapsedTime': 7205.5}",936698702023,5157107221,POINT (0.283354873453353 0.1856359092380886),,,,,,,,,,,,,,,,,,,,,,,,,,,,,,,,,,,,,,,,,,,,,,,,,,,,,,,,,,,,,,,,,,,,,,,,,,,,,,,,,,,,,,,,,,,,,,,,,,,,,
0,15,28,"{'x': 566.8725808826637, 'y': 181.94329113217228, 'elapsedTime': 7250.600000023842}",936698718689,5157123887,POINT (0.2952461358763873 0.1684660103075669),,,,,,,,,,,,,,,,,,,,,,,,,,,,,,,,,,,,,,,,,,,,,,,,,,,,,,,,,,,,,,,,,,,,,,,,,,,,,,,,,,,,,,,,,,,,,,,,,,,1,,
0,15,28,"{'x': 566.8725808826637, 'y': 181.94329113217228, 'elapsedTime': 7250.600000023842}",936698735357,5157140554,POINT (0.2952461358763873 0.1684660103075669),,,,,,,,,,,,,,,,,,,,,,,,,,,,,,,,,,,,,,,,,,,,,,,,,,,,,,,,,,,,,,,,,,,,,,,,,,,,,,,,,,,,,,,,,,,,,,,,,,,1,,
0,15,28,"{'x': 566.5685827806695, 'y': 131.5994297752759, 'elapsedTime': 7296.300000071526}",936698752023,5157157220,POINT (0.2950878035315988 0.1218513238659962),,,,,,1,,,,,,,,,,,,,,,,,,,,,,,,,,,,,,,,,,,,,,,,,,,,,,,,,,,,,,,,,,,,,,,,,,,,,,,,,,,,,,,,,,,,,,,,,,,,,,,
0,15,28,"{'x': 566.5685827806695, 'y': 131.5994297752759, 'elapsedTime': 7296.300000071526}",936698768691,5157173887,POINT (0.2950878035315988 0.1218513238659962),,,,,,1,,,,,,,,,,,,,,,,,,,,,,,,,,,,,,,,,,,,,,,,,,,,,,,,,,,,,,,,,,,,,,,,,,,,,,,,,,,,,,,,,,,,,,,,,,,,,,,
0,15,28,"{'x': 639.5414614417202, 'y': 135.27254560115924, 'elapsedTime': 7340.899999976158}",936698785362,5157190558,POINT (0.3330945111675626 0.1252523570381104),,,,,,,,,,,,,,,,,,,,,,,,,,,,,,,,,,,,,,,,,,,,,,,,,,,,,,,,,,,,,,,,,,,,,,,,,,,,,,,,,,,,,,,,,,,,,,,,,,,,,
0,15,28,"{'x': 639.5414614417202, 'y': 135.27254560115924, 'elapsedTime': 7340.899999976158}",936698802029,5157207224,POINT (0.3330945111675626 0.1252523570381104),,,,,,,,,,,,,,,,,,,,,,,,,,,,,,,,,,,,,,,,,,,,,,,,,,,,,,,,,,,,,,,,,,,,,,,,,,,,,,,,,,,,,,,,,,,,,,,,,,,,,
0,15,28,"{'x': 639.5414614417202, 'y': 135.27254560115924, 'elapsedTime': 7340.899999976158}",936698818693,5157223888,POINT (0.3330945111675626 0.1252523570381104),,,,,,,,,,,,,,,,,,,,,,,,,,,,,,,,,,,,,,,,,,,,,,,,,,,,,,,,,,,,,,,,,,,,,,,,,,,,,,,,,,,,,,,,,,,,,,,,,,,,,
0,15,28,"{'x': 639.5414614417202, 'y': 135.27254560115924, 'elapsedTime': 7340.899999976158}",936698835362,5157240556,POINT (0.3330945111675626 0.1252523570381104),,,,,,,,,,,,,,,,,,,,,,,,,,,,,,,,,,,,,,,,,,,,,,,,,,,,,,,,,,,,,,,,,,,,,,,,,,,,,,,,,,,,,,,,,,,,,,,,,,,,,
0,15,28,"{'x': 576.1278654709602, 'y': 182.37129758099815, 'elapsedTime': 7387.100000023842}",936698852028,5157257222,POINT (0.3000665965994584 0.1688623125749983),,,,,,,,,,,,,,,,,,,,,,,,,,,,,,,,,,,,,,,,,,,,,,,,,,,,,,,,,,,,,,,,,,,,,,,,,,,,,,,,,,,,,,,,,,,,,,,,,,,1,,
0,15,28,"{'x': 576.1278654709602, 'y': 182.37129758099815, 'elapsedTime': 7387.100000023842}",936698868696,5157273889,POINT (0.3000665965994584 0.1688623125749983),,,,,,,,,,,,,,,,,,,,,,,,,,,,,,,,,,,,,,,,,,,,,,,,,,,,,,,,,,,,,,,,,,,,,,,,,,,,,,,,,,,,,,,,,,,,,,,,,,,1,,
0,15,28,"{'x': 576.1278654709602, 'y': 182.37129758099815, 'elapsedTime': 7387.100000023842}",936698885363,5157290556,POINT (0.3000665965994584 0.1688623125749983),,,,,,,,,,,,,,,,,,,,,,,,,,,,,,,,,,,,,,,,,,,,,,,,,,,,,,,,,,,,,,,,,,,,,,,,,,,,,,,,,,,,,,,,,,,,,,,,,,,1,,
0,15,28,"{'x': 493.9222159245987, 'y': 162.5988150372973, 'elapsedTime': 7434}",936698902030,5157307222,POINT (0.2572511541273951 0.1505544583678679),,,,,,,,,,,,,,,,,,,,,,,,,,,,,,,,,,,,,,,,,,,,,,,,,,,,,,,,,,,,,,,,,,,,,,,,,,,,,,,,,,,,,,,,,,,,,,,,,,,1,,
0,15,28,"{'x': 493.9222159245987, 'y': 162.5988150372973, 'elapsedTime': 7434}",936698918701,5157323893,POINT (0.2572511541273951 0.1505544583678679),,,,,,,,,,,,,,,,,,,,,,,,,,,,,,,,,,,,,,,,,,,,,,,,,,,,,,,,,,,,,,,,,,,,,,,,,,,,,,,,,,,,,,,,,,,,,,,,,,,1,,
0,15,28,"{'x': 479.68466912148654, 'y': 169.13926069039255, 'elapsedTime': 7480.899999976158}",936698935369,5157340560,POINT (0.2498357651674409 0.1566104265651783),,,,,,,,,,,,,,,,,,,,,,,,,,,,,,,,,,,,,,,,,,,,,,,,,,,,,,,,,,,,,,,,,,,,,,,,,,,,,,,,,,,,,,,,,,,,,,,,,,,1,,
0,15,28,"{'x': 479.68466912148654, 'y': 169.13926069039255, 'elapsedTime': 7480.899999976158}",936698952035,5157357226,POINT (0.2498357651674409 0.1566104265651783),,,,,,,,,,,,,,,,,,,,,,,,,,,,,,,,,,,,,,,,,,,,,,,,,,,,,,,,,,,,,,,,,,,,,,,,,,,,,,,,,,,,,,,,,,,,,,,,,,,1,,
0,15,28,"{'x': 479.68466912148654, 'y': 169.13926069039255, 'elapsedTime': 7480.899999976158}",936698968703,5157373893,POINT (0.2498357651674409 0.1566104265651783),,,,,,,,,,,,,,,,,,,,,,,,,,,,,,,,,,,,,,,,,,,,,,,,,,,,,,,,,,,,,,,,,,,,,,,,,,,,,,,,,,,,,,,,,,,,,,,,,,,1,,
0,15,28,"{'x': 476.6967632464073, 'y': 280.6353589043939, 'elapsedTime': 7527}",936698985371,5157390561,POINT (0.2482795641908371 0.2598475545411055),,,,,,,,,,,,,,,,,,,,,,,,,,,,,,,,,,,,,,,,,,,,,,,,,,,,,,,,,,,,,,,,,,,,,,,,,,,,,,,,,,,,,,,,,,,,,,,,,,,,1,
0,15,28,"{'x': 476.6967632464073, 'y': 280.6353589043939, 'elapsedTime': 7527}",936699002037,5157407226,POINT (0.2482795641908371 0.2598475545411055),,,,,,,,,,,,,,,,,,,,,,,,,,,,,,,,,,,,,,,,,,,,,,,,,,,,,,,,,,,,,,,,,,,,,,,,,,,,,,,,,,,,,,,,,,,,,,,,,,,,1,
0,15,28,"{'x': 476.6967632464073, 'y': 280.6353589043939, 'elapsedTime': 7527}",936699018704,5157423893,POINT (0.2482795641908371 0.2598475545411055),,,,,,,,,,,,,,,,,,,,,,,,,,,,,,,,,,,,,,,,,,,,,,,,,,,,,,,,,,,,,,,,,,,,,,,,,,,,,,,,,,,,,,,,,,,,,,,,,,,,1,
0,15,28,"{'x': 476.6967632464073, 'y': 280.6353589043939, 'elapsedTime': 7527}",936699035372,5157440561,POINT (0.2482795641908371 0.2598475545411055),,,,,,,,,,,,,,,,,,,,,,,,,,,,,,,,,,,,,,,,,,,,,,,,,,,,,,,,,,,,,,,,,,,,,,,,,,,,,,,,,,,,,,,,,,,,,,,,,,,,1,
0,15,28,"{'x': 455.8006766679921, 'y': 318.1943718805393, 'elapsedTime': 7574.100000023842}",936699052042,5157457230,POINT (0.2373961857645792 0.2946244184079068),,,,,,,,,,,,,,,,,,,,,,,,,,,,,,,,,,,,,,,,,,,,,,,,,,,,,,,,,,,,,,,,,,,,,,,,,,,,,,,,,,,,,,,,,,,,,,,,,,,1,,
0,15,28,"{'x': 455.8006766679921, 'y': 318.1943718805393, 'elapsedTime': 7574.100000023842}",936699068706,5157473894,POINT (0.2373961857645792 0.2946244184079068),,,,,,,,,,,,,,,,,,,,,,,,,,,,,,,,,,,,,,,,,,,,,,,,,,,,,,,,,,,,,,,,,,,,,,,,,,,,,,,,,,,,,,,,,,,,,,,,,,,1,,
0,15,28,"{'x': 455.8006766679921, 'y': 318.1943718805393, 'elapsedTime': 7574.100000023842}",936699085375,5157490562,POINT (0.2373961857645792 0.2946244184079068),,,,,,,,,,,,,,,,,,,,,,,,,,,,,,,,,,,,,,,,,,,,,,,,,,,,,,,,,,,,,,,,,,,,,,,,,,,,,,,,,,,,,,,,,,,,,,,,,,,1,,
0,15,28,"{'x': 541.2023082312712, 'y': 306.48081654670915, 'elapsedTime': 7633}",936699102041,5157507228,POINT (0.2818762022037871 0.2837785338395455),,,,,,,,,,,,,,,,,,,,,,,,,,,,,,,,,,,,,,,,,,,,,,,,,,,,,,,,,,,,,,,,,,,,,,,,,,,,,,,,,,,,,,,,,,,,,,,,,,,1,1,
0,15,28,"{'x': 541.2023082312712, 'y': 306.48081654670915, 'elapsedTime': 7633}",936699118710,5157523896,POINT (0.2818762022037871 0.2837785338395455),,,,,,,,,,,,,,,,,,,,,,,,,,,,,,,,,,,,,,,,,,,,,,,,,,,,,,,,,,,,,,,,,,,,,,,,,,,,,,,,,,,,,,,,,,,,,,,,,,,1,1,
0,15,28,"{'x': 541.2023082312712, 'y': 306.48081654670915, 'elapsedTime': 7633}",936699135377,5157540563,POINT (0.2818762022037871 0.2837785338395455),,,,,,,,,,,,,,,,,,,,,,,,,,,,,,,,,,,,,,,,,,,,,,,,,,,,,,,,,,,,,,,,,,,,,,,,,,,,,,,,,,,,,,,,,,,,,,,,,,,1,1,
0,15,28,"{'x': 545.9442225216176, 'y': 303.3281188106153, 'elapsedTime': 7682.100000023842}",936699152045,5157557230,POINT (0.2843459492300092 0.2808593692690882),,,,,,,,,,,,,,,,,,,,,,,,,,,,,,,,,,,,,,,,,,,,,,,,,,,,,,,,,,,,,,,,,,,,,,,,,,,,,,,,,,,,,,,,,,,,,,,,,,,1,1,
0,15,28,"{'x': 545.9442225216176, 'y': 303.3281188106153, 'elapsedTime': 7682.100000023842}",936699168712,5157573897,POINT (0.2843459492300092 0.2808593692690882),,,,,,,,,,,,,,,,,,,,,,,,,,,,,,,,,,,,,,,,,,,,,,,,,,,,,,,,,,,,,,,,,,,,,,,,,,,,,,,,,,,,,,,,,,,,,,,,,,,1,1,
0,15,28,"{'x': 551.1125945935464, 'y': 274.50680506396816, 'elapsedTime': 7728.800000071526}",936699185389,5157590573,POINT (0.2870378096841388 0.2541729676518224),,,,,,,,,,,,,,,,,,,,,,,,,,,,,,,,,,,,,,,,,,,,,,,,,,,,,,,,,,,,,,,,,,,,,,,,,,,,,,,,,,,,,,,,,,,,,,,,,,,,1,
0,15,28,"{'x': 551.1125945935464, 'y': 274.50680506396816, 'elapsedTime': 7728.800000071526}",936699202055,5157607239,POINT (0.2870378096841388 0.2541729676518224),,,,,,,,,,,,,,,,,,,,,,,,,,,,,,,,,,,,,,,,,,,,,,,,,,,,,,,,,,,,,,,,,,,,,,,,,,,,,,,,,,,,,,,,,,,,,,,,,,,,1,
0,15,28,"{'x': 551.1125945935464, 'y': 274.50680506396816, 'elapsedTime': 7728.800000071526}",936699218723,5157623906,POINT (0.2870378096841388 0.2541729676518224),,,,,,,,,,,,,,,,,,,,,,,,,,,,,,,,,,,,,,,,,,,,,,,,,,,,,,,,,,,,,,,,,,,,,,,,,,,,,,,,,,,,,,,,,,,,,,,,,,,,1,
0,15,28,"{'x': 593.2308397260936, 'y': 240.68018770560016, 'elapsedTime': 7774.300000071526}",936699235389,5157640572,POINT (0.3089743956906738 0.2228520256533335),,,,,,,,,,,,,,,,,,,,,,,,,,,,,,,,,,,,,,,,,,,,,,,,,,,,,,,,,,,,,,,,,,,,,,,,,,,,,,,,,,,,,,,,,,,,,,,,,,,,1,
0,15,28,"{'x': 593.2308397260936, 'y': 240.68018770560016, 'elapsedTime': 7774.300000071526}",936699252057,5157657239,POINT (0.3089743956906738 0.2228520256533335),,,,,,,,,,,,,,,,,,,,,,,,,,,,,,,,,,,,,,,,,,,,,,,,,,,,,,,,,,,,,,,,,,,,,,,,,,,,,,,,,,,,,,,,,,,,,,,,,,,,1,
0,15,28,"{'x': 593.2308397260936, 'y': 240.68018770560016, 'elapsedTime': 7774.300000071526}",936699268724,5157673906,POINT (0.3089743956906738 0.2228520256533335),,,,,,,,,,,,,,,,,,,,,,,,,,,,,,,,,,,,,,,,,,,,,,,,,,,,,,,,,,,,,,,,,,,,,,,,,,,,,,,,,,,,,,,,,,,,,,,,,,,,1,
0,15,28,"{'x': 546.0498415547427, 'y': 256.17869230470734, 'elapsedTime': 7819.899999976158}",936699285391,5157690572,POINT (0.2844009591430952 0.237202492874729),,,,,,,,,,,,,,,,,,,,,,,,,,,,,,,,,,,,,,,,,,,,,,,,,,,,,,1,,,,,,,,,,,,,,,,,,,,,,,,,,,,,,,,,,,,,,,,,,,,,,1,
0,15,28,"{'x': 546.0498415547427, 'y': 256.17869230470734, 'elapsedTime': 7819.899999976158}",936699302063,5157707244,POINT (0.2844009591430952 0.237202492874729),,,,,,,,,,,,,,,,,,,,,,,,,,,,,,,,,,,,,,,,,,,,,,,,,,,,,,1,,,,,,,,,,,,,,,,,,,,,,,,,,,,,,,,,,,,,,,,,,,,,,1,
0,15,28,"{'x': 546.0498415547427, 'y': 256.17869230470734, 'elapsedTime': 7819.899999976158}",936699318730,5157723910,POINT (0.2844009591430952 0.237202492874729),,,,,,,,,,,,,,,,,,,,,,,,,,,,,,,,,,,,,,,,,,,,,,,,,,,,,,1,,,,,,,,,,,,,,,,,,,,,,,,,,,,,,,,,,,,,,,,,,,,,,1,
0,15,28,"{'x': 517.8175589000462, 'y': 275.29805118829194, 'elapsedTime': 7867.200000047684}",936699335397,5157740577,POINT (0.2696966452604407 0.2549056029521222),,,,,,,,,,,,,,,,,,,,,,,,,,,,,,,,,,,,,,,,,,,,,,,,,,,,,,,,,,,,,,,,,,,,,,,,,,,,,,,1,,,,,,,,,,,,,,,,,,,,,1,
0,15,28,"{'x': 517.8175589000462, 'y': 275.29805118829194, 'elapsedTime': 7867.200000047684}",936699352065,5157757244,POINT (0.2696966452604407 0.2549056029521222),,,,,,,,,,,,,,,,,,,,,,,,,,,,,,,,,,,,,,,,,,,,,,,,,,,,,,,,,,,,,,,,,,,,,,,,,,,,,,,1,,,,,,,,,,,,,,,,,,,,,1,
0,15,28,"{'x': 521.5539861874458, 'y': 269.501389206809, 'elapsedTime': 7913}",936699368731,5157773910,POINT (0.2716427011392947 0.249538323339638),,,,,,,,,,,,,,,,,,,,,,,,,,,,,,,,,,,,,,,,,,,,,,,,,,,,,,,,,,,,,,,,,,,,,,,,,,,,,,,,,,,,,,,,,,,,,,,,,,,,1,
0,15,28,"{'x': 521.5539861874458, 'y': 269.501389206809, 'elapsedTime': 7913}",936699385399,5157790577,POINT (0.2716427011392947 0.249538323339638),,,,,,,,,,,,,,,,,,,,,,,,,,,,,,,,,,,,,,,,,,,,,,,,,,,,,,,,,,,,,,,,,,,,,,,,,,,,,,,,,,,,,,,,,,,,,,,,,,,,1,
0,15,28,"{'x': 521.5539861874458, 'y': 269.501389206809, 'elapsedTime': 7913}",936699402066,5157807244,POINT (0.2716427011392947 0.249538323339638),,,,,,,,,,,,,,,,,,,,,,,,,,,,,,,,,,,,,,,,,,,,,,,,,,,,,,,,,,,,,,,,,,,,,,,,,,,,,,,,,,,,,,,,,,,,,,,,,,,,1,
0,15,28,"{'x': 553.9920102067613, 'y': 233.35136924370806, 'elapsedTime': 7959.100000023842}",936699418732,5157823909,POINT (0.2885375053160215 0.216066082633063),,,,,,,,,,,,,,,,,,,,,,,,,,,,,,,,1,,,,,,,,,,,,,,,,,,,,,,,,,,,,,,,,,,,,,,,,,,,,,,,,,,,,,,,,,,,,,,,,,,,,1,
0,15,28,"{'x': 553.9920102067613, 'y': 233.35136924370806, 'elapsedTime': 7959.100000023842}",936699435404,5157840581,POINT (0.2885375053160215 0.216066082633063),,,,,,,,,,,,,,,,,,,,,,,,,,,,,,,,1,,,,,,,,,,,,,,,,,,,,,,,,,,,,,,,,,,,,,,,,,,,,,,,,,,,,,,,,,,,,,,,,,,,,1,
0,15,28,"{'x': 553.9920102067613, 'y': 233.35136924370806, 'elapsedTime': 7959.100000023842}",936699452070,5157857246,POINT (0.2885375053160215 0.216066082633063),,,,,,,,,,,,,,,,,,,,,,,,,,,,,,,,1,,,,,,,,,,,,,,,,,,,,,,,,,,,,,,,,,,,,,,,,,,,,,,,,,,,,,,,,,,,,,,,,,,,,1,
0,15,28,"{'x': 561.7508501644088, 'y': 252.4613949168927, 'elapsedTime': 8008.899999976158}",936699468737,5157873913,POINT (0.2925785677939629 0.2337605508489747),,,,,,,,,,,,,,,,,,,,,,,,,,,,,,,,,,,,,,,,,,,,,,,,,,,,,,1,,,,,,,,,,,,,,,,,,,,,,,,,,,,,,,,,,,,,,,,,,,,,,1,
0,15,28,"{'x': 561.7508501644088, 'y': 252.4613949168927, 'elapsedTime': 8008.899999976158}",936699485406,5157890581,POINT (0.2925785677939629 0.2337605508489747),,,,,,,,,,,,,,,,,,,,,,,,,,,,,,,,,,,,,,,,,,,,,,,,,,,,,,1,,,,,,,,,,,,,,,,,,,,,,,,,,,,,,,,,,,,,,,,,,,,,,1,
0,15,28,"{'x': 561.7508501644088, 'y': 252.4613949168927, 'elapsedTime': 8008.899999976158}",936699502071,5157907246,POINT (0.2925785677939629 0.2337605508489747),,,,,,,,,,,,,,,,,,,,,,,,,,,,,,,,,,,,,,,,,,,,,,,,,,,,,,1,,,,,,,,,,,,,,,,,,,,,,,,,,,,,,,,,,,,,,,,,,,,,,1,
0,15,28,"{'x': 500.0344915737062, 'y': 267.39880446346217, 'elapsedTime': 8063}",936699518741,5157923915,POINT (0.260434631027972 0.2475914856143168),,,,,,,,,,,,,,,,,,,,,,,,,,,,,,,,,,,,,,,,,,,,,,,,,,,,,,,,,,,,,,,,,,,,,,,,,,,,,,,,,,,,,,,,,,,,,,,,,,,,1,
0,15,28,"{'x': 500.0344915737062, 'y': 267.39880446346217, 'elapsedTime': 8063}",936699535405,5157940579,POINT (0.260434631027972 0.2475914856143168),,,,,,,,,,,,,,,,,,,,,,,,,,,,,,,,,,,,,,,,,,,,,,,,,,,,,,,,,,,,,,,,,,,,,,,,,,,,,,,,,,,,,,,,,,,,,,,,,,,,1,
0,15,28,"{'x': 500.0344915737062, 'y': 267.39880446346217, 'elapsedTime': 8063}",936699552075,5157957248,POINT (0.260434631027972 0.2475914856143168),,,,,,,,,,,,,,,,,,,,,,,,,,,,,,,,,,,,,,,,,,,,,,,,,,,,,,,,,,,,,,,,,,,,,,,,,,,,,,,,,,,,,,,,,,,,,,,,,,,,1,
0,15,28,"{'x': 571.798476905613, 'y': 316.37620022188725, 'elapsedTime': 8108.600000023842}",936699568745,5157973918,POINT (0.2978117067216734 0.2929409261313771),,,,,,,,,,,,,,,,,,,,,,,,,,,,,,,,,,,,,,,,,,,,,,,,,,,,,,,,,,,,,,,,,,,,,,,,,,,,,,,,,,,,,,,,,,,,,,,,,,,1,1,
0,15,28,"{'x': 571.798476905613, 'y': 316.37620022188725, 'elapsedTime': 8108.600000023842}",936699585413,5157990585,POINT (0.2978117067216734 0.2929409261313771),,,,,,,,,,,,,,,,,,,,,,,,,,,,,,,,,,,,,,,,,,,,,,,,,,,,,,,,,,,,,,,,,,,,,,,,,,,,,,,,,,,,,,,,,,,,,,,,,,,1,1,
0,15,28,"{'x': 571.798476905613, 'y': 316.37620022188725, 'elapsedTime': 8108.600000023842}",936699602080,5158007252,POINT (0.2978117067216734 0.2929409261313771),,,,,,,,,,,,,,,,,,,,,,,,,,,,,,,,,,,,,,,,,,,,,,,,,,,,,,,,,,,,,,,,,,,,,,,,,,,,,,,,,,,,,,,,,,,,,,,,,,,1,1,
0,15,28,"{'x': 605.5421341025266, 'y': 346.9415440671738, 'elapsedTime': 8154.700000047684}",936699618747,5158023918,POINT (0.3153865281783992 0.3212421704325684),,,,,,,,,,,,,,,,,,,,,,,,,,,,,,,,,,,,,,,,,,,,,,,,,,,,,,,,,,,,,,,,,,,,,,,,,,,,,,,,,,,,,,,,,,,,,,,,,,,,,
0,15,28,"{'x': 605.5421341025266, 'y': 346.9415440671738, 'elapsedTime': 8154.700000047684}",936699635414,5158040585,POINT (0.3153865281783992 0.3212421704325684),,,,,,,,,,,,,,,,,,,,,,,,,,,,,,,,,,,,,,,,,,,,,,,,,,,,,,,,,,,,,,,,,,,,,,,,,,,,,,,,,,,,,,,,,,,,,,,,,,,,,
0,15,28,"{'x': 669.7612412978885, 'y': 306.9000134883024, 'elapsedTime': 8199.200000047684}",936699652081,5158057251,POINT (0.3488339798426503 0.2841666791558356),,,,,,,,,,,,,,,,,,,,,,,,,,,,,,,,,,,,,,,,,,,,,,,,,,,,,,,,,,,,,,,,,,,,,,,,,,,,,,,,,,,,,,,,,,,,,,,,,,,1,1,
0,15,28,"{'x': 669.7612412978885, 'y': 306.9000134883024, 'elapsedTime': 8199.200000047684}",936699668748,5158073918,POINT (0.3488339798426503 0.2841666791558356),,,,,,,,,,,,,,,,,,,,,,,,,,,,,,,,,,,,,,,,,,,,,,,,,,,,,,,,,,,,,,,,,,,,,,,,,,,,,,,,,,,,,,,,,,,,,,,,,,,1,1,
0,15,28,"{'x': 669.7612412978885, 'y': 306.9000134883024, 'elapsedTime': 8199.200000047684}",936699685416,5158090585,POINT (0.3488339798426503 0.2841666791558356),,,,,,,,,,,,,,,,,,,,,,,,,,,,,,,,,,,,,,,,,,,,,,,,,,,,,,,,,,,,,,,,,,,,,,,,,,,,,,,,,,,,,,,,,,,,,,,,,,,1,1,
0,15,28,"{'x': 699.4683856346956, 'y': 274.0146500867027, 'elapsedTime': 8243.100000023842}",936699702087,5158107256,POINT (0.364306450851404 0.2537172685987988),,,,,,,,,,,,,,,,,,,,,,,,,,,,,,,,,,,,,,,,,,,,,,,,,,,,,,,,,,,,,,,,,,,,,,,,,,,,,,,,,,,,,,,,,,,,,,,,,,,1,1,
0,15,28,"{'x': 699.4683856346956, 'y': 274.0146500867027, 'elapsedTime': 8243.100000023842}",936699718756,5158123924,POINT (0.364306450851404 0.2537172685987988),,,,,,,,,,,,,,,,,,,,,,,,,,,,,,,,,,,,,,,,,,,,,,,,,,,,,,,,,,,,,,,,,,,,,,,,,,,,,,,,,,,,,,,,,,,,,,,,,,,1,1,
0,15,28,"{'x': 699.4683856346956, 'y': 274.0146500867027, 'elapsedTime': 8243.100000023842}",936699735422,5158140590,POINT (0.364306450851404 0.2537172685987988),,,,,,,,,,,,,,,,,,,,,,,,,,,,,,,,,,,,,,,,,,,,,,,,,,,,,,,,,,,,,,,,,,,,,,,,,,,,,,,,,,,,,,,,,,,,,,,,,,,1,1,
0,15,28,"{'x': 654.9421995302737, 'y': 188.17682388415346, 'elapsedTime': 8289.100000023842}",936699752089,5158157256,POINT (0.3411157289220175 0.1742377998927347),,,,,,,,,,,,,,,,,,,1,,,,,,,,,,,,,,,,,,,,,,,,,,,,,,,,,,,,,,,,,,,,,,,,,,,,,,,,,,,,,,,,,,,,,,,,,,,,,,,,1,,
0,15,28,"{'x': 654.9421995302737, 'y': 188.17682388415346, 'elapsedTime': 8289.100000023842}",936699768756,5158173923,POINT (0.3411157289220175 0.1742377998927347),,,,,,,,,,,,,,,,,,,1,,,,,,,,,,,,,,,,,,,,,,,,,,,,,,,,,,,,,,,,,,,,,,,,,,,,,,,,,,,,,,,,,,,,,,,,,,,,,,,,1,,
0,15,28,"{'x': 654.9421995302737, 'y': 188.17682388415346, 'elapsedTime': 8289.100000023842}",936699785424,5158190590,POINT (0.3411157289220175 0.1742377998927347),,,,,,,,,,,,,,,,,,,1,,,,,,,,,,,,,,,,,,,,,,,,,,,,,,,,,,,,,,,,,,,,,,,,,,,,,,,,,,,,,,,,,,,,,,,,,,,,,,,,1,,
0,15,28,"{'x': 483.5116858262877, 'y': 293.78348099661696, 'elapsedTime': 8340.399999976158}",936699802091,5158207257,POINT (0.2518290030345248 0.2720217416635342),,,,,,,,,,,,,,,,,,,,,,,,,,,,,,,,,,,,,,,,,,,,,,,,,,,,,,,,,,,,,,,,,,,,,,,,,,,,,,1,,,,,,,,,,,,,,,,,,,,,1,1,
0,15,28,"{'x': 483.5116858262877, 'y': 293.78348099661696, 'elapsedTime': 8340.399999976158}",936699818756,5158223921,POINT (0.2518290030345248 0.2720217416635342),,,,,,,,,,,,,,,,,,,,,,,,,,,,,,,,,,,,,,,,,,,,,,,,,,,,,,,,,,,,,,,,,,,,,,,,,,,,,,1,,,,,,,,,,,,,,,,,,,,,1,1,
0,15,28,"{'x': 483.5116858262877, 'y': 293.78348099661696, 'elapsedTime': 8340.399999976158}",936699835428,5158240593,POINT (0.2518290030345248 0.2720217416635342),,,,,,,,,,,,,,,,,,,,,,,,,,,,,,,,,,,,,,,,,,,,,,,,,,,,,,,,,,,,,,,,,,,,,,,,,,,,,,1,,,,,,,,,,,,,,,,,,,,,1,1,
0,15,28,"{'x': 392.94738829345204, 'y': 422.2405932291397, 'elapsedTime': 8387.800000071526}",936699852097,5158257261,POINT (0.2046600980695063 0.3909635122492034),,,,,,,,,,,,,,,,,,,,,,,,,,,,,,,,,,,,,,,,,,,,,,,,,,,,,,,,,,,,,,,,,,,,,,,,,,,,,,,,,,,,,,,,,,,,,,,,,,,,,
0,15,28,"{'x': 392.94738829345204, 'y': 422.2405932291397, 'elapsedTime': 8387.800000071526}",936699868764,5158273928,POINT (0.2046600980695063 0.3909635122492034),,,,,,,,,,,,,,,,,,,,,,,,,,,,,,,,,,,,,,,,,,,,,,,,,,,,,,,,,,,,,,,,,,,,,,,,,,,,,,,,,,,,,,,,,,,,,,,,,,,,,
0,15,28,"{'x': 392.94738829345204, 'y': 422.2405932291397, 'elapsedTime': 8387.800000071526}",936699885432,5158290595,POINT (0.2046600980695063 0.3909635122492034),,,,,,,,,,,,,,,,,,,,,,,,,,,,,,,,,,,,,,,,,,,,,,,,,,,,,,,,,,,,,,,,,,,,,,,,,,,,,,,,,,,,,,,,,,,,,,,,,,,,,
0,15,28,"{'x': 384.9257707406067, 'y': 463.9372115947748, 'elapsedTime': 8434.100000023842}",936699902098,5158307261,POINT (0.2004821722607327 0.429571492217384),,,,,,,,,,,,,,,,,,,,,,,,,,,,,,,,,,,,,,,,,,,,,,,,,,,,,,,,,,,,,,,,,,,,,,,,,,,,,,,,,,,,,,,,,,,,,,,,,,,,,
0,15,28,"{'x': 384.9257707406067, 'y': 463.9372115947748, 'elapsedTime': 8434.100000023842}",936699918766,5158323928,POINT (0.2004821722607327 0.429571492217384),,,,,,,,,,,,,,,,,,,,,,,,,,,,,,,,,,,,,,,,,,,,,,,,,,,,,,,,,,,,,,,,,,,,,,,,,,,,,,,,,,,,,,,,,,,,,,,,,,,,,
0,15,28,"{'x': 384.9257707406067, 'y': 463.9372115947748, 'elapsedTime': 8434.100000023842}",936699935433,5158340595,POINT (0.2004821722607327 0.429571492217384),,,,,,,,,,,,,,,,,,,,,,,,,,,,,,,,,,,,,,,,,,,,,,,,,,,,,,,,,,,,,,,,,,,,,,,,,,,,,,,,,,,,,,,,,,,,,,,,,,,,,
0,15,28,"{'x': 387.06327536766383, 'y': 516.1518972056463, 'elapsedTime': 8482.200000047684}",936699952100,5158357261,POINT (0.2015954559206582 0.4779184233385614),,,,,,,,,,,,,,,,,,,,,,,,,,,,,,,,,,,,,,,,,,,,,,,,,,,,,,,,,,,,,,,,,,,,,,,,,,,,,,,,,,,,,,,,,,,,,,,,,,,,,
0,15,28,"{'x': 387.06327536766383, 'y': 516.1518972056463, 'elapsedTime': 8482.200000047684}",936699968771,5158373932,POINT (0.2015954559206582 0.4779184233385614),,,,,,,,,,,,,,,,,,,,,,,,,,,,,,,,,,,,,,,,,,,,,,,,,,,,,,,,,,,,,,,,,,,,,,,,,,,,,,,,,,,,,,,,,,,,,,,,,,,,,
0,15,28,"{'x': 387.06327536766383, 'y': 516.1518972056463, 'elapsedTime': 8482.200000047684}",936699985439,5158390599,POINT (0.2015954559206582 0.4779184233385614),,,,,,,,,,,,,,,,,,,,,,,,,,,,,,,,,,,,,,,,,,,,,,,,,,,,,,,,,,,,,,,,,,,,,,,,,,,,,,,,,,,,,,,,,,,,,,,,,,,,,
0,15,28,"{'x': 473.6506048490065, 'y': 429.90494880304806, 'elapsedTime': 8529.800000071526}",936700002107,5158407267,POINT (0.2466930233588576 0.3980601377806001),,,,,,,,,,,,,,,,,,,,,,,,,,,,,,,,,,,,,,,,,,,,,,,,,,,,,,,,,,,,,,,,,,,,,,,,,,,,,,,,,,,,,,,,,,,,,,,,,,,,,
0,15,28,"{'x': 473.6506048490065, 'y': 429.90494880304806, 'elapsedTime': 8529.800000071526}",936700018775,5158423934,POINT (0.2466930233588576 0.3980601377806001),,,,,,,,,,,,,,,,,,,,,,,,,,,,,,,,,,,,,,,,,,,,,,,,,,,,,,,,,,,,,,,,,,,,,,,,,,,,,,,,,,,,,,,,,,,,,,,,,,,,,
0,15,28,"{'x': 473.6506048490065, 'y': 429.90494880304806, 'elapsedTime': 8529.800000071526}",936700035442,5158440601,POINT (0.2466930233588576 0.3980601377806001),,,,,,,,,,,,,,,,,,,,,,,,,,,,,,,,,,,,,,,,,,,,,,,,,,,,,,,,,,,,,,,,,,,,,,,,,,,,,,,,,,,,,,,,,,,,,,,,,,,,,
0,15,28,"{'x': 478.7102269503228, 'y': 358.9931505332397, 'elapsedTime': 8579.300000071526}",936700052110,5158457268,POINT (0.2493282432032931 0.3324010653085553),,,,,,,,,,,,,,,,,,,,,,,,,,,,,,,,,,,,,,,,,,,,,,,,,,,,,,,,,,,,,,,,,,,,,,,,,,,,,,,,,,,,,,,,,,,,,,,,,,,,,
0,15,28,"{'x': 478.7102269503228, 'y': 358.9931505332397, 'elapsedTime': 8579.300000071526}",936700068776,5158473934,POINT (0.2493282432032931 0.3324010653085553),,,,,,,,,,,,,,,,,,,,,,,,,,,,,,,,,,,,,,,,,,,,,,,,,,,,,,,,,,,,,,,,,,,,,,,,,,,,,,,,,,,,,,,,,,,,,,,,,,,,,
0,15,28,"{'x': 478.7102269503228, 'y': 358.9931505332397, 'elapsedTime': 8579.300000071526}",936700085444,5158490601,POINT (0.2493282432032931 0.3324010653085553),,,,,,,,,,,,,,,,,,,,,,,,,,,,,,,,,,,,,,,,,,,,,,,,,,,,,,,,,,,,,,,,,,,,,,,,,,,,,,,,,,,,,,,,,,,,,,,,,,,,,
0,15,28,"{'x': 488.53963048444, 'y': 307.7963609515348, 'elapsedTime': 8642.200000047684}",936700102116,5158507273,POINT (0.2544477242106458 0.2849966305106804),,,,,,,,,,,,,,,,,,,,,,,,,,,,,,,,,,,,,,,,,,,,,,,,,,,,,,,,,,,,,,,,,,,,,,,,,,,,,,,,,,,,,,,,,,,,,,,,,,,1,,
0,15,28,"{'x': 488.53963048444, 'y': 307.7963609515348, 'elapsedTime': 8642.200000047684}",936700118783,5158523939,POINT (0.2544477242106458 0.2849966305106804),,,,,,,,,,,,,,,,,,,,,,,,,,,,,,,,,,,,,,,,,,,,,,,,,,,,,,,,,,,,,,,,,,,,,,,,,,,,,,,,,,,,,,,,,,,,,,,,,,,1,,
0,15,28,"{'x': 488.53963048444, 'y': 307.7963609515348, 'elapsedTime': 8642.200000047684}",936700135450,5158540606,POINT (0.2544477242106458 0.2849966305106804),,,,,,,,,,,,,,,,,,,,,,,,,,,,,,,,,,,,,,,,,,,,,,,,,,,,,,,,,,,,,,,,,,,,,,,,,,,,,,,,,,,,,,,,,,,,,,,,,,,1,,
0,15,28,"{'x': 565.5917001417746, 'y': 284.19121857576204, 'elapsedTime': 8687.899999976158}",936700152117,5158557272,POINT (0.2945790104905076 0.2631400171997796),,,,,,,,,,,,,,,,,,,,,,,,,,,,,,,,,,,,,,,,,,,,,,,,,,,,,,,,,,,,,,,,,,,,,,,,,,,,,,,,,,,,,,,,,,,,,,,,,,,1,1,
0,15,28,"{'x': 565.5917001417746, 'y': 284.19121857576204, 'elapsedTime': 8687.899999976158}",936700168784,5158573939,POINT (0.2945790104905076 0.2631400171997796),,,,,,,,,,,,,,,,,,,,,,,,,,,,,,,,,,,,,,,,,,,,,,,,,,,,,,,,,,,,,,,,,,,,,,,,,,,,,,,,,,,,,,,,,,,,,,,,,,,1,1,
0,15,28,"{'x': 565.5917001417746, 'y': 284.19121857576204, 'elapsedTime': 8687.899999976158}",936700185451,5158590605,POINT (0.2945790104905076 0.2631400171997796),,,,,,,,,,,,,,,,,,,,,,,,,,,,,,,,,,,,,,,,,,,,,,,,,,,,,,,,,,,,,,,,,,,,,,,,,,,,,,,,,,,,,,,,,,,,,,,,,,,1,1,
0,15,28,"{'x': 630.2054301975513, 'y': 228.37102097283824, 'elapsedTime': 8733.399999976158}",936700202118,5158607272,POINT (0.328231994894558 0.2114546490489243),,,,,,,,,,,,,,,,,,,,,,,,,,,,,,,,,,,,,,,,,,,,,,,,,,,,,,,,,,,,,,,,,,,,,,,,,,,,,,,,,,,,,,,,,,,,,,,,,,,,,
0,15,28,"{'x': 630.2054301975513, 'y': 228.37102097283824, 'elapsedTime': 8733.399999976158}",936700218790,5158623943,POINT (0.328231994894558 0.2114546490489243),,,,,,,,,,,,,,,,,,,,,,,,,,,,,,,,,,,,,,,,,,,,,,,,,,,,,,,,,,,,,,,,,,,,,,,,,,,,,,,,,,,,,,,,,,,,,,,,,,,,,
0,15,28,"{'x': 593.406430231203, 'y': 174.22089094905883, 'elapsedTime': 8779.200000047684}",936700235456,5158640609,POINT (0.3090658490787516 0.1613156397676471),,,,,,,,,,,,,,,,,,,,,,,,,,,,,,,,,,,,,,,,,,,,,,,,,,,,,,,,,,,,,,,,,,,,,,,,,,,,,,,,,,,,,,,,,,,,,,,,,,,1,,
0,15,28,"{'x': 593.406430231203, 'y': 174.22089094905883, 'elapsedTime': 8779.200000047684}",936700252124,5158657276,POINT (0.3090658490787516 0.1613156397676471),,,,,,,,,,,,,,,,,,,,,,,,,,,,,,,,,,,,,,,,,,,,,,,,,,,,,,,,,,,,,,,,,,,,,,,,,,,,,,,,,,,,,,,,,,,,,,,,,,,1,,
0,15,28,"{'x': 593.406430231203, 'y': 174.22089094905883, 'elapsedTime': 8779.200000047684}",936700268791,5158673943,POINT (0.3090658490787516 0.1613156397676471),,,,,,,,,,,,,,,,,,,,,,,,,,,,,,,,,,,,,,,,,,,,,,,,,,,,,,,,,,,,,,,,,,,,,,,,,,,,,,,,,,,,,,,,,,,,,,,,,,,1,,
0,15,28,"{'x': 695.6141100594613, 'y': 169.37163775482395, 'elapsedTime': 8823.399999976158}",936700285458,5158690609,POINT (0.3622990156559694 0.1568255905137259),,,,,,,,,,,,,,,,,,,,,,,,,,,,,,,,,,,,,,,,,,,,,,,,,,,,,,,,,,,,,,,,,,,,,,,,,,,,,,,,,,,,,,,,,,,,,,,,,,,1,,
0,15,28,"{'x': 695.6141100594613, 'y': 169.37163775482395, 'elapsedTime': 8823.399999976158}",936700302125,5158707276,POINT (0.3622990156559694 0.1568255905137259),,,,,,,,,,,,,,,,,,,,,,,,,,,,,,,,,,,,,,,,,,,,,,,,,,,,,,,,,,,,,,,,,,,,,,,,,,,,,,,,,,,,,,,,,,,,,,,,,,,1,,
0,15,28,"{'x': 695.6141100594613, 'y': 169.37163775482395, 'elapsedTime': 8823.399999976158}",936700318793,5158723943,POINT (0.3622990156559694 0.1568255905137259),,,,,,,,,,,,,,,,,,,,,,,,,,,,,,,,,,,,,,,,,,,,,,,,,,,,,,,,,,,,,,,,,,,,,,,,,,,,,,,,,,,,,,,,,,,,,,,,,,,1,,
0,15,28,"{'x': 706.2361503099122, 'y': 158.37597674064767, 'elapsedTime': 8870.600000023842}",936700335459,5158740609,POINT (0.3678313282864126 0.1466444229080071),,,,,,,,,,,,,,,,,,,,,,,,,,,,,,,,,,,,,,,,,,,,,,,,,,,,,,,,,,,,,,,,,,,,,,,,,,,,,,,,,,,,,,,,,,,,,,,,,,,1,,
0,15,28,"{'x': 706.2361503099122, 'y': 158.37597674064767, 'elapsedTime': 8870.600000023842}",936700352132,5158757281,POINT (0.3678313282864126 0.1466444229080071),,,,,,,,,,,,,,,,,,,,,,,,,,,,,,,,,,,,,,,,,,,,,,,,,,,,,,,,,,,,,,,,,,,,,,,,,,,,,,,,,,,,,,,,,,,,,,,,,,,1,,
0,15,28,"{'x': 717.5355012304263, 'y': 92.12355568864255, 'elapsedTime': 8916.200000047684}",936700368799,5158773948,POINT (0.3737164068908471 0.085299588600595),,,,,,,,,,,,,,,,,,,,,,,,,,,,,,,,,,,,,,,,,,,,,,,,,,,,,,,,,,,,,,,,,,,,,,,,,,,,,,,,,,,,,,,,,,,,,,,,,,,,,
0,15,28,"{'x': 717.5355012304263, 'y': 92.12355568864255, 'elapsedTime': 8916.200000047684}",936700385466,5158790614,POINT (0.3737164068908471 0.085299588600595),,,,,,,,,,,,,,,,,,,,,,,,,,,,,,,,,,,,,,,,,,,,,,,,,,,,,,,,,,,,,,,,,,,,,,,,,,,,,,,,,,,,,,,,,,,,,,,,,,,,,
0,15,28,"{'x': 717.5355012304263, 'y': 92.12355568864255, 'elapsedTime': 8916.200000047684}",936700402133,5158807281,POINT (0.3737164068908471 0.085299588600595),,,,,,,,,,,,,,,,,,,,,,,,,,,,,,,,,,,,,,,,,,,,,,,,,,,,,,,,,,,,,,,,,,,,,,,,,,,,,,,,,,,,,,,,,,,,,,,,,,,,,
0,15,28,"{'x': 717.5355012304263, 'y': 92.12355568864255, 'elapsedTime': 8916.200000047684}",936700418801,5158823948,POINT (0.3737164068908471 0.085299588600595),,,,,,,,,,,,,,,,,,,,,,,,,,,,,,,,,,,,,,,,,,,,,,,,,,,,,,,,,,,,,,,,,,,,,,,,,,,,,,,,,,,,,,,,,,,,,,,,,,,,,
0,15,28,"{'x': 785.3878293848819, 'y': 152.53158033495149, 'elapsedTime': 8962.800000071526}",936700435467,5158840614,POINT (0.4090561611379593 0.1412329447545847),,,,,,,,,,,,,,,,,,,,,,,,,,,,,,,,,,,,,,,,,,,,,,,,,,,,,,,,,,,,,,,,,,,,,,,,,,,,,,,,,,,,,,,,,,,,,,,,,,,1,,
0,15,28,"{'x': 785.3878293848819, 'y': 152.53158033495149, 'elapsedTime': 8962.800000071526}",936700452135,5158857281,POINT (0.4090561611379593 0.1412329447545847),,,,,,,,,,,,,,,,,,,,,,,,,,,,,,,,,,,,,,,,,,,,,,,,,,,,,,,,,,,,,,,,,,,,,,,,,,,,,,,,,,,,,,,,,,,,,,,,,,,1,,
0,15,28,"{'x': 785.3878293848819, 'y': 152.53158033495149, 'elapsedTime': 8962.800000071526}",936700468802,5158873948,POINT (0.4090561611379593 0.1412329447545847),,,,,,,,,,,,,,,,,,,,,,,,,,,,,,,,,,,,,,,,,,,,,,,,,,,,,,,,,,,,,,,,,,,,,,,,,,,,,,,,,,,,,,,,,,,,,,,,,,,1,,
0,15,28,"{'x': 781.8884408806066, 'y': 91.09557931993189, 'elapsedTime': 9016.800000071526}",936700485472,5158890617,POINT (0.4072335629586493 0.0843477586295666),,,,,,,,,,,,,,,,,,,,,,,,,,,,,,,,,,,,,,,,,,,,,,,,,,,,,,,,,,,,,,,,,,,,,,,,,,,,,,,,,,,,,,,,,,,,,,,,,,,,,
0,15,28,"{'x': 781.8884408806066, 'y': 91.09557931993189, 'elapsedTime': 9016.800000071526}",936700502139,5158907284,POINT (0.4072335629586493 0.0843477586295666),,,,,,,,,,,,,,,,,,,,,,,,,,,,,,,,,,,,,,,,,,,,,,,,,,,,,,,,,,,,,,,,,,,,,,,,,,,,,,,,,,,,,,,,,,,,,,,,,,,,,
0,15,28,"{'x': 781.8884408806066, 'y': 91.09557931993189, 'elapsedTime': 9016.800000071526}",936700518807,5158923951,POINT (0.4072335629586493 0.0843477586295666),,,,,,,,,,,,,,,,,,,,,,,,,,,,,,,,,,,,,,,,,,,,,,,,,,,,,,,,,,,,,,,,,,,,,,,,,,,,,,,,,,,,,,,,,,,,,,,,,,,,,
0,15,28,"{'x': 812.7250602243503, 'y': 51.297972328580826, 'elapsedTime': 9068.5}",936700535473,5158940617,POINT (0.4232943022001824 0.0474981225264637),,,,,,,,,,,,,,,,,,,,,,,,,,,,,,,,,,,,,,,,,,,,,,,,,,,,,,,,,,,,,,,,,,,,,,,,,,,,,,,,,,,,,,,,,,,,,,,,,,,,,
0,15,28,"{'x': 812.7250602243503, 'y': 51.297972328580826, 'elapsedTime': 9068.5}",936700552141,5158957284,POINT (0.4232943022001824 0.0474981225264637),,,,,,,,,,,,,,,,,,,,,,,,,,,,,,,,,,,,,,,,,,,,,,,,,,,,,,,,,,,,,,,,,,,,,,,,,,,,,,,,,,,,,,,,,,,,,,,,,,,,,
0,15,28,"{'x': 812.7250602243503, 'y': 51.297972328580826, 'elapsedTime': 9068.5}",936700568807,5158973950,POINT (0.4232943022001824 0.0474981225264637),,,,,,,,,,,,,,,,,,,,,,,,,,,,,,,,,,,,,,,,,,,,,,,,,,,,,,,,,,,,,,,,,,,,,,,,,,,,,,,,,,,,,,,,,,,,,,,,,,,,,
0,15,28,"{'x': 774.8680319198567, 'y': 93.7934001360296, 'elapsedTime': 9117}",936700585475,5158990617,POINT (0.4035770999582587 0.0868457408666941),,,,,,,,,,,,,,,,,,,,,,,,,,,,,,,,,,,,,,,,,,,,,,,,,,,,,,,,,,,,,,,,,,,,,,,,,,,,,,,,,,,,,,,,,,,,,,,,,,,,,
0,15,28,"{'x': 774.8680319198567, 'y': 93.7934001360296, 'elapsedTime': 9117}",936700602142,5159007284,POINT (0.4035770999582587 0.0868457408666941),,,,,,,,,,,,,,,,,,,,,,,,,,,,,,,,,,,,,,,,,,,,,,,,,,,,,,,,,,,,,,,,,,,,,,,,,,,,,,,,,,,,,,,,,,,,,,,,,,,,,
0,15,28,"{'x': 705.4407083492653, 'y': 175.168402538258, 'elapsedTime': 9163}",936700618818,5159023959,POINT (0.3674170355985756 0.1621929653132018),,,,,,,,,,,,,,,,,,,,,,,,,,,,,,,,,,,,,,,,,,,,,,,,,,,,,,,,,,,,,,,,,,,,,,,,,,,,,,,,,,,,,,,,,,,,,,,,,,,1,,
0,15,28,"{'x': 705.4407083492653, 'y': 175.168402538258, 'elapsedTime': 9163}",936700635485,5159040626,POINT (0.3674170355985756 0.1621929653132018),,,,,,,,,,,,,,,,,,,,,,,,,,,,,,,,,,,,,,,,,,,,,,,,,,,,,,,,,,,,,,,,,,,,,,,,,,,,,,,,,,,,,,,,,,,,,,,,,,,1,,
0,15,28,"{'x': 705.4407083492653, 'y': 175.168402538258, 'elapsedTime': 9163}",936700652152,5159057292,POINT (0.3674170355985756 0.1621929653132018),,,,,,,,,,,,,,,,,,,,,,,,,,,,,,,,,,,,,,,,,,,,,,,,,,,,,,,,,,,,,,,,,,,,,,,,,,,,,,,,,,,,,,,,,,,,,,,,,,,1,,
0,15,28,"{'x': 662.0477503162251, 'y': 235.09003370786144, 'elapsedTime': 9209.5}",936700668819,5159073959,POINT (0.3448165366230339 0.2176759571369087),,,,,,,,,,,,,,,,,,,,,,,,,,,,,,,,,,,,,,,,,,,,,,,,,,,,,,,,,,,,,,,,,,,,,,,,,,,,,,,,,,,,,,,,,,,,,,,,,,,,1,
0,15,28,"{'x': 662.0477503162251, 'y': 235.09003370786144, 'elapsedTime': 9209.5}",936700685487,5159090626,POINT (0.3448165366230339 0.2176759571369087),,,,,,,,,,,,,,,,,,,,,,,,,,,,,,,,,,,,,,,,,,,,,,,,,,,,,,,,,,,,,,,,,,,,,,,,,,,,,,,,,,,,,,,,,,,,,,,,,,,,1,
0,15,28,"{'x': 662.0477503162251, 'y': 235.09003370786144, 'elapsedTime': 9209.5}",936700702153,5159107292,POINT (0.3448165366230339 0.2176759571369087),,,,,,,,,,,,,,,,,,,,,,,,,,,,,,,,,,,,,,,,,,,,,,,,,,,,,,,,,,,,,,,,,,,,,,,,,,,,,,,,,,,,,,,,,,,,,,,,,,,,1,
0,15,28,"{'x': 603.2136326592755, 'y': 225.44532941717452, 'elapsedTime': 9255.700000047684}",936700718821,5159123959,POINT (0.3141737670100394 0.2087456753862727),,,,,,,,,,,,,,,,,,,,,,,,,,,,,,,,,,,,,,,,,,,,,,,,,,,,,,,,,,,,,,,,,,,,,,,,,,,,,,,,,,,,,,,,,,,,,,,,,,,,,
0,15,28,"{'x': 603.2136326592755, 'y': 225.44532941717452, 'elapsedTime': 9255.700000047684}",936700735488,5159140626,POINT (0.3141737670100394 0.2087456753862727),,,,,,,,,,,,,,,,,,,,,,,,,,,,,,,,,,,,,,,,,,,,,,,,,,,,,,,,,,,,,,,,,,,,,,,,,,,,,,,,,,,,,,,,,,,,,,,,,,,,,
0,15,28,"{'x': 603.2136326592755, 'y': 225.44532941717452, 'elapsedTime': 9255.700000047684}",936700752156,5159157293,POINT (0.3141737670100394 0.2087456753862727),,,,,,,,,,,,,,,,,,,,,,,,,,,,,,,,,,,,,,,,,,,,,,,,,,,,,,,,,,,,,,,,,,,,,,,,,,,,,,,,,,,,,,,,,,,,,,,,,,,,,
0,15,28,"{'x': 628.8607311461778, 'y': 241.5148867297524, 'elapsedTime': 9300.399999976158}",936700768823,5159173960,POINT (0.327531630805301 0.2236248951201411),,,,,,,,,,,,,,,,,,,,,,,,,,,,,,,,,,,,,,,,,,,,,,,,,,,,,,,,,,,,,,,,,,,,,,,,,,,,,,,,,,,,,,,,,,,,,,,,,,,,1,
0,15,28,"{'x': 628.8607311461778, 'y': 241.5148867297524, 'elapsedTime': 9300.399999976158}",936700785490,5159190626,POINT (0.327531630805301 0.2236248951201411),,,,,,,,,,,,,,,,,,,,,,,,,,,,,,,,,,,,,,,,,,,,,,,,,,,,,,,,,,,,,,,,,,,,,,,,,,,,,,,,,,,,,,,,,,,,,,,,,,,,1,
0,15,28,"{'x': 629.3506481843434, 'y': 230.83329277965746, 'elapsedTime': 9346.399999976158}",936700802157,5159207293,POINT (0.3277867959293455 0.2137345303515347),,,,,,,,,,,,,,,,,,,,,,,,,,,,,,,,,,,,,,,,,,,,,,,,,,,,,,,,,,,,,,,,,,,,,,,,,,,,,,,,,,,,,,,,,,,,,,,,,,,,1,
0,15,28,"{'x': 629.3506481843434, 'y': 230.83329277965746, 'elapsedTime': 9346.399999976158}",936700818825,5159223960,POINT (0.3277867959293455 0.2137345303515347),,,,,,,,,,,,,,,,,,,,,,,,,,,,,,,,,,,,,,,,,,,,,,,,,,,,,,,,,,,,,,,,,,,,,,,,,,,,,,,,,,,,,,,,,,,,,,,,,,,,1,
0,15,28,"{'x': 629.3506481843434, 'y': 230.83329277965746, 'elapsedTime': 9346.399999976158}",936700835491,5159240626,POINT (0.3277867959293455 0.2137345303515347),,,,,,,,,,,,,,,,,,,,,,,,,,,,,,,,,,,,,,,,,,,,,,,,,,,,,,,,,,,,,,,,,,,,,,,,,,,,,,,,,,,,,,,,,,,,,,,,,,,,1,
0,15,28,"{'x': 615.3902408316803, 'y': 229.7124654812244, 'elapsedTime': 9393}",936700852158,5159257293,POINT (0.3205157504331668 0.21269672729743),,,,,,,,,,,,,,,,,,,,,,,,,,,,,,,,,1,,,,,,,,,,,,,,,,,,,,,,,,,,,,,,,,,,,,,,,,,,,,,,,,,,,,,,,,,,,,,,,,,,,,
0,15,28,"{'x': 615.3902408316803, 'y': 229.7124654812244, 'elapsedTime': 9393}",936700868824,5159273959,POINT (0.3205157504331668 0.21269672729743),,,,,,,,,,,,,,,,,,,,,,,,,,,,,,,,,1,,,,,,,,,,,,,,,,,,,,,,,,,,,,,,,,,,,,,,,,,,,,,,,,,,,,,,,,,,,,,,,,,,,,
0,15,28,"{'x': 615.3902408316803, 'y': 229.7124654812244, 'elapsedTime': 9393}",936700885498,5159290633,POINT (0.3205157504331668 0.21269672729743),,,,,,,,,,,,,,,,,,,,,,,,,,,,,,,,,1,,,,,,,,,,,,,,,,,,,,,,,,,,,,,,,,,,,,,,,,,,,,,,,,,,,,,,,,,,,,,,,,,,,,
0,15,28,"{'x': 593.2037322076873, 'y': 208.51386832917277, 'elapsedTime': 9439.800000071526}",936700902166,5159307300,POINT (0.3089602771915038 0.1930683966010859),,,,,,,,,,,,,,,,,,,,,,,,,,,,,,,,,,,,,,,,,,,,,,,,,,,,,,,,,,,,,,,,,,,,,,,,,,,,,,,,,,,,,,,,,,,,,,,,,,,,,
0,15,28,"{'x': 593.2037322076873, 'y': 208.51386832917277, 'elapsedTime': 9439.800000071526}",936700918833,5159323967,POINT (0.3089602771915038 0.1930683966010859),,,,,,,,,,,,,,,,,,,,,,,,,,,,,,,,,,,,,,,,,,,,,,,,,,,,,,,,,,,,,,,,,,,,,,,,,,,,,,,,,,,,,,,,,,,,,,,,,,,,,
0,15,28,"{'x': 593.2037322076873, 'y': 208.51386832917277, 'elapsedTime': 9439.800000071526}",936700935500,5159340633,POINT (0.3089602771915038 0.1930683966010859),,,,,,,,,,,,,,,,,,,,,,,,,,,,,,,,,,,,,,,,,,,,,,,,,,,,,,,,,,,,,,,,,,,,,,,,,,,,,,,,,,,,,,,,,,,,,,,,,,,,,
0,15,28,"{'x': 674.6074015075951, 'y': 163.29344593339138, 'elapsedTime': 9486.800000071526}",936700952167,5159357300,POINT (0.3513580216185391 0.1511976351235105),,,,,,,,,,,,,,,,,,,,,,,,,,,,,,,,,,,,,,,,,,,,,,,,,,,,,,,,,,,,,,,,,,,,,,,,,,,,,,,,,,,,,,,,,,,,,,,,,,,1,,
0,15,28,"{'x': 674.6074015075951, 'y': 163.29344593339138, 'elapsedTime': 9486.800000071526}",936700968835,5159373967,POINT (0.3513580216185391 0.1511976351235105),,,,,,,,,,,,,,,,,,,,,,,,,,,,,,,,,,,,,,,,,,,,,,,,,,,,,,,,,,,,,,,,,,,,,,,,,,,,,,,,,,,,,,,,,,,,,,,,,,,1,,
0,15,28,"{'x': 696.4478556825024, 'y': 174.5121109188862, 'elapsedTime': 9532.399999976158}",936700985501,5159390633,POINT (0.36273325816797 0.1615852878878576),,,,,,,,,,,,,,,,,,,,,,,,,,,,,,,,,,,,,,,,,,,,,,,,,,,,,,,,,,,,,,,,,,,,,,,,,,,,,,,,,,,,,,,,,,,,,,,,,,,1,,
0,15,28,"{'x': 696.4478556825024, 'y': 174.5121109188862, 'elapsedTime': 9532.399999976158}",936701002169,5159407300,POINT (0.36273325816797 0.1615852878878576),,,,,,,,,,,,,,,,,,,,,,,,,,,,,,,,,,,,,,,,,,,,,,,,,,,,,,,,,,,,,,,,,,,,,,,,,,,,,,,,,,,,,,,,,,,,,,,,,,,1,,
0,15,28,"{'x': 696.4478556825024, 'y': 174.5121109188862, 'elapsedTime': 9532.399999976158}",936701018841,5159423972,POINT (0.36273325816797 0.1615852878878576),,,,,,,,,,,,,,,,,,,,,,,,,,,,,,,,,,,,,,,,,,,,,,,,,,,,,,,,,,,,,,,,,,,,,,,,,,,,,,,,,,,,,,,,,,,,,,,,,,,1,,
0,15,28,"{'x': 696.4478556825024, 'y': 174.5121109188862, 'elapsedTime': 9532.399999976158}",936701035508,5159440638,POINT (0.36273325816797 0.1615852878878576),,,,,,,,,,,,,,,,,,,,,,,,,,,,,,,,,,,,,,,,,,,,,,,,,,,,,,,,,,,,,,,,,,,,,,,,,,,,,,,,,,,,,,,,,,,,,,,,,,,1,,
0,15,28,"{'x': 641.2525905137903, 'y': 175.8572210685612, 'elapsedTime': 9585.700000047684}",936701052175,5159457305,POINT (0.3339857242259325 0.1628307602486678),,,,,,,,,,,,,,,,,,,,,,,,,,,,,,,,,,,,,,,,,,,,,,,,,,,,,,,,,,,,,,,,,,,,,,,,,,,,,,,,,,,,,,,,,,,,,,,,,,,1,,
0,15,28,"{'x': 641.2525905137903, 'y': 175.8572210685612, 'elapsedTime': 9585.700000047684}",936701068842,5159473971,POINT (0.3339857242259325 0.1628307602486678),,,,,,,,,,,,,,,,,,,,,,,,,,,,,,,,,,,,,,,,,,,,,,,,,,,,,,,,,,,,,,,,,,,,,,,,,,,,,,,,,,,,,,,,,,,,,,,,,,,1,,
0,15,28,"{'x': 641.2525905137903, 'y': 175.8572210685612, 'elapsedTime': 9585.700000047684}",936701085509,5159490638,POINT (0.3339857242259325 0.1628307602486678),,,,,,,,,,,,,,,,,,,,,,,,,,,,,,,,,,,,,,,,,,,,,,,,,,,,,,,,,,,,,,,,,,,,,,,,,,,,,,,,,,,,,,,,,,,,,,,,,,,1,,
0,15,28,"{'x': 559.5331169505587, 'y': 223.47466072289097, 'elapsedTime': 9634.100000023842}",936701102177,5159507305,POINT (0.2914234984117493 0.206920982150825),,,,,,,,,,,,,,,,,,,,,,,,,,,,,,,,,,,,,,,,,,,,,,,,,,,,,,,,,,,,,,,,,,,,,,,,,,,,,,,,,,,,,,,,,,,,,,,,,,,,,
0,15,28,"{'x': 559.5331169505587, 'y': 223.47466072289097, 'elapsedTime': 9634.100000023842}",936701118843,5159523971,POINT (0.2914234984117493 0.206920982150825),,,,,,,,,,,,,,,,,,,,,,,,,,,,,,,,,,,,,,,,,,,,,,,,,,,,,,,,,,,,,,,,,,,,,,,,,,,,,,,,,,,,,,,,,,,,,,,,,,,,,
0,15,28,"{'x': 622.5143065913146, 'y': 220.8315080677007, 'elapsedTime': 9679.600000023842}",936701135511,5159540638,POINT (0.324226201349643 0.2044736185812044),,,,,,,,,,,,,,,,,,,,,,,,,,,,,,,,,1,,,,,,,,,,,,,,,,,,,,,,,,,,,,,,,,,,,,,,,,,,,,,,,,,,,,,,,,,,,,,,,,,,,,
0,15,28,"{'x': 622.5143065913146, 'y': 220.8315080677007, 'elapsedTime': 9679.600000023842}",936701152183,5159557310,POINT (0.324226201349643 0.2044736185812044),,,,,,,,,,,,,,,,,,,,,,,,,,,,,,,,,1,,,,,,,,,,,,,,,,,,,,,,,,,,,,,,,,,,,,,,,,,,,,,,,,,,,,,,,,,,,,,,,,,,,,
0,15,28,"{'x': 622.5143065913146, 'y': 220.8315080677007, 'elapsedTime': 9679.600000023842}",936701168850,5159573976,POINT (0.324226201349643 0.2044736185812044),,,,,,,,,,,,,,,,,,,,,,,,,,,,,,,,,1,,,,,,,,,,,,,,,,,,,,,,,,,,,,,,,,,,,,,,,,,,,,,,,,,,,,,,,,,,,,,,,,,,,,
0,15,28,"{'x': 605.4344500223987, 'y': 291.33792533931535, 'elapsedTime': 9726.899999976158}",936701185517,5159590643,POINT (0.3153304427199993 0.2697573382771438),,,,,,,,,,,,,,,,,,,,,,,,,,,,,,,,,,,,,,,,,,,,,,,,,,,,,,,,,,,,,,,,,,,,,,,,,,,,,,,,,,,,,,,,,,,,,,,,,,,1,1,
0,15,28,"{'x': 605.4344500223987, 'y': 291.33792533931535, 'elapsedTime': 9726.899999976158}",936701202185,5159607310,POINT (0.3153304427199993 0.2697573382771438),,,,,,,,,,,,,,,,,,,,,,,,,,,,,,,,,,,,,,,,,,,,,,,,,,,,,,,,,,,,,,,,,,,,,,,,,,,,,,,,,,,,,,,,,,,,,,,,,,,1,1,
0,15,28,"{'x': 675.2364870044184, 'y': 238.0641376909624, 'elapsedTime': 9774.100000023842}",936701218851,5159623976,POINT (0.3516856703148013 0.2204297571212615),,,,,,,,,,,,,,,,,,,,,,,,,,,,,,,,,,,,,,,,,,,,,,,,,,,,,,,,,,,,,,,,,,,,,,,,,,,,,,,,,,,,,,,,,,,,,,,,,,,,1,
0,15,28,"{'x': 675.2364870044184, 'y': 238.0641376909624, 'elapsedTime': 9774.100000023842}",936701235519,5159640643,POINT (0.3516856703148013 0.2204297571212615),,,,,,,,,,,,,,,,,,,,,,,,,,,,,,,,,,,,,,,,,,,,,,,,,,,,,,,,,,,,,,,,,,,,,,,,,,,,,,,,,,,,,,,,,,,,,,,,,,,,1,
0,15,28,"{'x': 675.2364870044184, 'y': 238.0641376909624, 'elapsedTime': 9774.100000023842}",936701252186,5159657310,POINT (0.3516856703148013 0.2204297571212615),,,,,,,,,,,,,,,,,,,,,,,,,,,,,,,,,,,,,,,,,,,,,,,,,,,,,,,,,,,,,,,,,,,,,,,,,,,,,,,,,,,,,,,,,,,,,,,,,,,,1,
0,15,28,"{'x': 675.2364870044184, 'y': 238.0641376909624, 'elapsedTime': 9774.100000023842}",936701268852,5159673975,POINT (0.3516856703148013 0.2204297571212615),,,,,,,,,,,,,,,,,,,,,,,,,,,,,,,,,,,,,,,,,,,,,,,,,,,,,,,,,,,,,,,,,,,,,,,,,,,,,,,,,,,,,,,,,,,,,,,,,,,,1,
0,15,28,"{'x': 736.9548132046942, 'y': 161.66519333343126, 'elapsedTime': 9820.399999976158}",936701285518,5159690641,POINT (0.3838306318774449 0.1496899938272512),,,,,,,,,,,,,,,,,,,,,,,,,,,,,,,,,,,,,,,,,,,,,,,,,,,,,,,,,,,,,,,,,,,,,,,,,,,,,,,,,,,,,,,,,,,,,,,,,,,1,,
0,15,28,"{'x': 736.9548132046942, 'y': 161.66519333343126, 'elapsedTime': 9820.399999976158}",936701302185,5159707307,POINT (0.3838306318774449 0.1496899938272512),,,,,,,,,,,,,,,,,,,,,,,,,,,,,,,,,,,,,,,,,,,,,,,,,,,,,,,,,,,,,,,,,,,,,,,,,,,,,,,,,,,,,,,,,,,,,,,,,,,1,,
0,15,28,"{'x': 659.1498039065909, 'y': 207.55177141136687, 'elapsedTime': 9867.300000071526}",936701318853,5159723975,POINT (0.3433071895346828 0.192177566121636),,,,,,,,,,,,,,,,,,,1,,,,,,,,,,,,,,,,,,,,,,,,,,,,,,,,,,,,,,,,,,,,,,,,,,,,,,,,,,,,,,,,,,,,,,,,,,,,,,,,,,
0,15,28,"{'x': 659.1498039065909, 'y': 207.55177141136687, 'elapsedTime': 9867.300000071526}",936701335520,5159740641,POINT (0.3433071895346828 0.192177566121636),,,,,,,,,,,,,,,,,,,1,,,,,,,,,,,,,,,,,,,,,,,,,,,,,,,,,,,,,,,,,,,,,,,,,,,,,,,,,,,,,,,,,,,,,,,,,,,,,,,,,,
0,15,28,"{'x': 659.1498039065909, 'y': 207.55177141136687, 'elapsedTime': 9867.300000071526}",936701352187,5159757308,POINT (0.3433071895346828 0.192177566121636),,,,,,,,,,,,,,,,,,,1,,,,,,,,,,,,,,,,,,,,,,,,,,,,,,,,,,,,,,,,,,,,,,,,,,,,,,,,,,,,,,,,,,,,,,,,,,,,,,,,,,
0,15,28,"{'x': 646.844215964944, 'y': 214.00928437312564, 'elapsedTime': 9911.5}",936701368854,5159773974,POINT (0.3368980291484084 0.1981567447899311),,,,,,,,,,,,,,,,,,,,,,,,,,,,,,,,,,,,,,,,,,,,,,,,,,,,,,,,,,,,,,,,,,,,,,,,,,,,,,,,,,,,,,,,,,,,,,,,,,,,,
0,15,28,"{'x': 646.844215964944, 'y': 214.00928437312564, 'elapsedTime': 9911.5}",936701385521,5159790641,POINT (0.3368980291484084 0.1981567447899311),,,,,,,,,,,,,,,,,,,,,,,,,,,,,,,,,,,,,,,,,,,,,,,,,,,,,,,,,,,,,,,,,,,,,,,,,,,,,,,,,,,,,,,,,,,,,,,,,,,,,
0,15,28,"{'x': 646.844215964944, 'y': 214.00928437312564, 'elapsedTime': 9911.5}",936701402198,5159807317,POINT (0.3368980291484084 0.1981567447899311),,,,,,,,,,,,,,,,,,,,,,,,,,,,,,,,,,,,,,,,,,,,,,,,,,,,,,,,,,,,,,,,,,,,,,,,,,,,,,,,,,,,,,,,,,,,,,,,,,,,,
0,15,28,"{'x': 621.9041147599534, 'y': 256.9562422648683, 'elapsedTime': 9957.399999976158}",936701418865,5159823984,POINT (0.3239083931041424 0.2379224465415447),,,,,,,,,,,,,,,,,,,,,,,,,,,,,,,,,,,,,,,,,,,,,,,,,,,,,,,,,,,,,,,,,,,,,,,,,,,,,,,,,,,,,,,,,,,,,,,,,,,,1,
0,15,28,"{'x': 621.9041147599534, 'y': 256.9562422648683, 'elapsedTime': 9957.399999976158}",936701435533,5159840651,POINT (0.3239083931041424 0.2379224465415447),,,,,,,,,,,,,,,,,,,,,,,,,,,,,,,,,,,,,,,,,,,,,,,,,,,,,,,,,,,,,,,,,,,,,,,,,,,,,,,,,,,,,,,,,,,,,,,,,,,,1,
0,15,28,"{'x': 621.9041147599534, 'y': 256.9562422648683, 'elapsedTime': 9957.399999976158}",936701452200,5159857318,POINT (0.3239083931041424 0.2379224465415447),,,,,,,,,,,,,,,,,,,,,,,,,,,,,,,,,,,,,,,,,,,,,,,,,,,,,,,,,,,,,,,,,,,,,,,,,,,,,,,,,,,,,,,,,,,,,,,,,,,,1,
0,15,28,"{'x': 601.6250494596358, 'y': 212.76918840451012, 'elapsedTime': 10005.899999976158}",936701468867,5159873984,POINT (0.3133463799268936 0.1970085077819538),,,,,,,,,,,,,,,,,,,,,,,,,,,,,,,,,,,,,,,,,,,,,,,,,,,,,,,,,,,,,,,,,,,,,,,,,,,,,,,,,,,,,,,,,,,,,,,,,,,,,
0,15,28,"{'x': 601.6250494596358, 'y': 212.76918840451012, 'elapsedTime': 10005.899999976158}",936701485534,5159890651,POINT (0.3133463799268936 0.1970085077819538),,,,,,,,,,,,,,,,,,,,,,,,,,,,,,,,,,,,,,,,,,,,,,,,,,,,,,,,,,,,,,,,,,,,,,,,,,,,,,,,,,,,,,,,,,,,,,,,,,,,,
0,15,28,"{'x': 617.6403562606081, 'y': 245.59897732605899, 'elapsedTime': 10051.200000047684}",936701502201,5159907317,POINT (0.3216876855524001 0.2274064604870916),,,,,,,,,,,,,,,,,,,,,,,,,,,,,,,,,,,,,,,,,,,,,,,,,,,,,,,1,,,,,,,,,,,,,,,,,,,,,,,,,,,,,,,,,,,,,,,,,,,,,1,
0,15,28,"{'x': 617.6403562606081, 'y': 245.59897732605899, 'elapsedTime': 10051.200000047684}",936701518868,5159923984,POINT (0.3216876855524001 0.2274064604870916),,,,,,,,,,,,,,,,,,,,,,,,,,,,,,,,,,,,,,,,,,,,,,,,,,,,,,,1,,,,,,,,,,,,,,,,,,,,,,,,,,,,,,,,,,,,,,,,,,,,,1,
0,15,28,"{'x': 617.6403562606081, 'y': 245.59897732605899, 'elapsedTime': 10051.200000047684}",936701535541,5159940656,POINT (0.3216876855524001 0.2274064604870916),,,,,,,,,,,,,,,,,,,,,,,,,,,,,,,,,,,,,,,,,,,,,,,,,,,,,,,1,,,,,,,,,,,,,,,,,,,,,,,,,,,,,,,,,,,,,,,,,,,,,1,
0,15,28,"{'x': 617.9212203428999, 'y': 206.05233624908993, 'elapsedTime': 10095.5}",936701552207,5159957322,POINT (0.3218339689285937 0.1907892002306388),,,,,,,,,,,,,,,,,,,,,,,,,,,,,,,,,,,,,,,,,,,,,,,,,,,,,,,,,,,,,,,,,,,,,,,,,,,,,,,,,,,,,,,,,,,,,,,,,,,,,
0,15,28,"{'x': 617.9212203428999, 'y': 206.05233624908993, 'elapsedTime': 10095.5}",936701568875,5159973989,POINT (0.3218339689285937 0.1907892002306388),,,,,,,,,,,,,,,,,,,,,,,,,,,,,,,,,,,,,,,,,,,,,,,,,,,,,,,,,,,,,,,,,,,,,,,,,,,,,,,,,,,,,,,,,,,,,,,,,,,,,
0,15,28,"{'x': 617.9212203428999, 'y': 206.05233624908993, 'elapsedTime': 10095.5}",936701585542,5159990656,POINT (0.3218339689285937 0.1907892002306388),,,,,,,,,,,,,,,,,,,,,,,,,,,,,,,,,,,,,,,,,,,,,,,,,,,,,,,,,,,,,,,,,,,,,,,,,,,,,,,,,,,,,,,,,,,,,,,,,,,,,
0,15,28,"{'x': 544.7608026456114, 'y': 211.98364727710256, 'elapsedTime': 10143.200000047684}",936701602210,5160007323,POINT (0.2837295847112559 0.1962811548862061),,,,,,,,,,,,,,,,,,,,,,,,,,,,,,,,,,,,,,,,,,,,,,,,,,,,,,,,,,,,,,,,,,,,,,,,,,,,,,,,,,,,,,,,,,,,,,,,,,,,,
0,15,28,"{'x': 544.7608026456114, 'y': 211.98364727710256, 'elapsedTime': 10143.200000047684}",936701618876,5160023989,POINT (0.2837295847112559 0.1962811548862061),,,,,,,,,,,,,,,,,,,,,,,,,,,,,,,,,,,,,,,,,,,,,,,,,,,,,,,,,,,,,,,,,,,,,,,,,,,,,,,,,,,,,,,,,,,,,,,,,,,,,
0,15,28,"{'x': 544.7608026456114, 'y': 211.98364727710256, 'elapsedTime': 10143.200000047684}",936701635544,5160040656,POINT (0.2837295847112559 0.1962811548862061),,,,,,,,,,,,,,,,,,,,,,,,,,,,,,,,,,,,,,,,,,,,,,,,,,,,,,,,,,,,,,,,,,,,,,,,,,,,,,,,,,,,,,,,,,,,,,,,,,,,,
0,15,28,"{'x': 536.8261474315518, 'y': 176.18373680688086, 'elapsedTime': 10190.200000047684}",936701652211,5160057323,POINT (0.2795969517872666 0.1631330896360008),,,,,,,,,,,,,,,,,,,,,,,,,,,,,,,,,,,,,,,,,,,,,,,,,,,,,,,,,,,,,,,,,,,,,,,,,,,,,,,,,,,,,,,,,,,,,,,,,,,1,,
0,15,28,"{'x': 536.8261474315518, 'y': 176.18373680688086, 'elapsedTime': 10190.200000047684}",936701668881,5160073992,POINT (0.2795969517872666 0.1631330896360008),,,,,,,,,,,,,,,,,,,,,,,,,,,,,,,,,,,,,,,,,,,,,,,,,,,,,,,,,,,,,,,,,,,,,,,,,,,,,,,,,,,,,,,,,,,,,,,,,,,1,,
0,15,28,"{'x': 536.8261474315518, 'y': 176.18373680688086, 'elapsedTime': 10190.200000047684}",936701685548,5160090659,POINT (0.2795969517872666 0.1631330896360008),,,,,,,,,,,,,,,,,,,,,,,,,,,,,,,,,,,,,,,,,,,,,,,,,,,,,,,,,,,,,,,,,,,,,,,,,,,,,,,,,,,,,,,,,,,,,,,,,,,1,,
0,15,28,"{'x': 537.3672058049567, 'y': 186.1681431345045, 'elapsedTime': 10238}",936701702216,5160107326,POINT (0.279878753023415 0.1723779103097264),,,,,,,,,,,,,,,,,1,,,,,,,,,,,,,,,,,,,,,,,,,,,,,,,,,,,,,,,,,,,,,,,,,,,,,,,,,,,,,,,,,,,,,,,,,,,,,,,,,,,,
0,15,28,"{'x': 537.3672058049567, 'y': 186.1681431345045, 'elapsedTime': 10238}",936701718882,5160123992,POINT (0.279878753023415 0.1723779103097264),,,,,,,,,,,,,,,,,1,,,,,,,,,,,,,,,,,,,,,,,,,,,,,,,,,,,,,,,,,,,,,,,,,,,,,,,,,,,,,,,,,,,,,,,,,,,,,,,,,,,,
0,15,28,"{'x': 537.3672058049567, 'y': 186.1681431345045, 'elapsedTime': 10238}",936701735550,5160140659,POINT (0.279878753023415 0.1723779103097264),,,,,,,,,,,,,,,,,1,,,,,,,,,,,,,,,,,,,,,,,,,,,,,,,,,,,,,,,,,,,,,,,,,,,,,,,,,,,,,,,,,,,,,,,,,,,,,,,,,,,,
0,15,28,"{'x': 525.6483892993098, 'y': 194.30892596704547, 'elapsedTime': 10284.5}",936701752216,5160157325,POINT (0.2737752027600572 0.1799156721917088),,,,,,,,,,,,,,,,,,,,,,,,,,,,,,,,,,,,,,,,,,,,,,,,,,,,,,,,,,,,,,,,,,,,,,,,,,,,,,,,,,,,,,,,,,,,,,,,,,,,,
0,15,28,"{'x': 525.6483892993098, 'y': 194.30892596704547, 'elapsedTime': 10284.5}",936701768884,5160173992,POINT (0.2737752027600572 0.1799156721917088),,,,,,,,,,,,,,,,,,,,,,,,,,,,,,,,,,,,,,,,,,,,,,,,,,,,,,,,,,,,,,,,,,,,,,,,,,,,,,,,,,,,,,,,,,,,,,,,,,,,,
0,15,28,"{'x': 525.6483892993098, 'y': 194.30892596704547, 'elapsedTime': 10284.5}",936701785551,5160190659,POINT (0.2737752027600572 0.1799156721917088),,,,,,,,,,,,,,,,,,,,,,,,,,,,,,,,,,,,,,,,,,,,,,,,,,,,,,,,,,,,,,,,,,,,,,,,,,,,,,,,,,,,,,,,,,,,,,,,,,,,,
0,15,28,"{'x': 509.5633920707617, 'y': 193.01736442939804, 'elapsedTime': 10335.100000023842}",936701802223,5160207330,POINT (0.2653976000368551 0.1787197818790722),,,,,,,,,,,,,,,,,1,,,,,,,,,,,,,,,,,,,,,,,,,,,,,,,,,,,,,,,,,,,,,,,,,,,,,,,,,,,,,,,,,,,,,,,,,,,,,,,,,,,,
0,15,28,"{'x': 509.5633920707617, 'y': 193.01736442939804, 'elapsedTime': 10335.100000023842}",936701818890,5160223997,POINT (0.2653976000368551 0.1787197818790722),,,,,,,,,,,,,,,,,1,,,,,,,,,,,,,,,,,,,,,,,,,,,,,,,,,,,,,,,,,,,,,,,,,,,,,,,,,,,,,,,,,,,,,,,,,,,,,,,,,,,,
0,15,28,"{'x': 602.0633779782188, 'y': 177.74746198918834, 'elapsedTime': 10381.600000023842}",936701835557,5160240663,POINT (0.3135746760303223 0.1645809833233225),,,,,,,,,,,,,,,,,,,,,,,,,,,,,,,,,,,,,,,,,,,,,,,,,,,,,,,,,,,,,,,,,,,,,,,,,,,,,,,,,,,,,,,,,,,,,,,,,,,1,,
0,15,28,"{'x': 602.0633779782188, 'y': 177.74746198918834, 'elapsedTime': 10381.600000023842}",936701852224,5160257330,POINT (0.3135746760303223 0.1645809833233225),,,,,,,,,,,,,,,,,,,,,,,,,,,,,,,,,,,,,,,,,,,,,,,,,,,,,,,,,,,,,,,,,,,,,,,,,,,,,,,,,,,,,,,,,,,,,,,,,,,1,,
0,15,28,"{'x': 602.0633779782188, 'y': 177.74746198918834, 'elapsedTime': 10381.600000023842}",936701868892,5160273997,POINT (0.3135746760303223 0.1645809833233225),,,,,,,,,,,,,,,,,,,,,,,,,,,,,,,,,,,,,,,,,,,,,,,,,,,,,,,,,,,,,,,,,,,,,,,,,,,,,,,,,,,,,,,,,,,,,,,,,,,1,,
0,15,28,"{'x': 682.2650615746264, 'y': 207.1160015050715, 'elapsedTime': 10428.700000047684}",936701885558,5160290663,POINT (0.3553463862367846 0.1917740754676588),,,,,,,,,,,,,,,,,,,,1,,,,,,,,,,,,,,,,,,,,,,,,,,,,,,,,,,,,,,,,,,,,,,,,,,,,,,,,,,,,,,,,,,,,,,,,,,,,,,,,,
0,15,28,"{'x': 682.2650615746264, 'y': 207.1160015050715, 'elapsedTime': 10428.700000047684}",936701902226,5160307330,POINT (0.3553463862367846 0.1917740754676588),,,,,,,,,,,,,,,,,,,,1,,,,,,,,,,,,,,,,,,,,,,,,,,,,,,,,,,,,,,,,,,,,,,,,,,,,,,,,,,,,,,,,,,,,,,,,,,,,,,,,,
0,15,28,"{'x': 682.2650615746264, 'y': 207.1160015050715, 'elapsedTime': 10428.700000047684}",936701918893,5160323997,POINT (0.3553463862367846 0.1917740754676588),,,,,,,,,,,,,,,,,,,,1,,,,,,,,,,,,,,,,,,,,,,,,,,,,,,,,,,,,,,,,,,,,,,,,,,,,,,,,,,,,,,,,,,,,,,,,,,,,,,,,,
0,15,28,"{'x': 759.6703659075075, 'y': 227.80786940093847, 'elapsedTime': 10473.300000071526}",936701935567,5160340670,POINT (0.3956616489101602 0.2109332124082764),,,,,,,,,,,,,,,,,,,,,,,,,,,,,,,,,,,,,,,,,,,,,,,,,,,,,,,,,,,,,,,,,,,,,,,,,,,,,,,,,,,,,,,,,,,,,,,,,,,,,
0,15,28,"{'x': 759.6703659075075, 'y': 227.80786940093847, 'elapsedTime': 10473.300000071526}",936701952233,5160357336,POINT (0.3956616489101602 0.2109332124082764),,,,,,,,,,,,,,,,,,,,,,,,,,,,,,,,,,,,,,,,,,,,,,,,,,,,,,,,,,,,,,,,,,,,,,,,,,,,,,,,,,,,,,,,,,,,,,,,,,,,,
0,15,28,"{'x': 759.6703659075075, 'y': 227.80786940093847, 'elapsedTime': 10473.300000071526}",936701968901,5160374003,POINT (0.3956616489101602 0.2109332124082764),,,,,,,,,,,,,,,,,,,,,,,,,,,,,,,,,,,,,,,,,,,,,,,,,,,,,,,,,,,,,,,,,,,,,,,,,,,,,,,,,,,,,,,,,,,,,,,,,,,,,
0,15,28,"{'x': 803.5729678758524, 'y': 240.56049557519424, 'elapsedTime': 10518.5}",936701985568,5160390670,POINT (0.4185275874353398 0.2227411996066613),,,,,,,,,,,,,,,,,,,,,,,,,,,,,,,,,,,,,,,,,,,,,,,,,,,,,,,,,,,,,,,,,,,,,,,,,,,,,,,,,,,,,,,,,,,,,,,,,,,,1,
0,15,28,"{'x': 803.5729678758524, 'y': 240.56049557519424, 'elapsedTime': 10518.5}",936702002235,5160407336,POINT (0.4185275874353398 0.2227411996066613),,,,,,,,,,,,,,,,,,,,,,,,,,,,,,,,,,,,,,,,,,,,,,,,,,,,,,,,,,,,,,,,,,,,,,,,,,,,,,,,,,,,,,,,,,,,,,,,,,,,1,
0,15,28,"{'x': 803.5729678758524, 'y': 240.56049557519424, 'elapsedTime': 10518.5}",936702018902,5160424003,POINT (0.4185275874353398 0.2227411996066613),,,,,,,,,,,,,,,,,,,,,,,,,,,,,,,,,,,,,,,,,,,,,,,,,,,,,,,,,,,,,,,,,,,,,,,,,,,,,,,,,,,,,,,,,,,,,,,,,,,,1,
0,15,28,"{'x': 810.3595803443366, 'y': 269.2648910293712, 'elapsedTime': 10564.700000047684}",936702035570,5160440670,POINT (0.4220622814293419 0.2493193435457141),,,,,,,,,,,,,,,,,,,,,,,,,,,,,,,,,,,,,,,,,,,,,,,,,,,,,,,,,,,,,,,,,,,,,,,,,,,,,,,,,,,,,,,,,,,,,,,,,,,1,1,
0,15,28,"{'x': 810.3595803443366, 'y': 269.2648910293712, 'elapsedTime': 10564.700000047684}",936702052236,5160457336,POINT (0.4220622814293419 0.2493193435457141),,,,,,,,,,,,,,,,,,,,,,,,,,,,,,,,,,,,,,,,,,,,,,,,,,,,,,,,,,,,,,,,,,,,,,,,,,,,,,,,,,,,,,,,,,,,,,,,,,,1,1,
0,15,28,"{'x': 810.3595803443366, 'y': 269.2648910293712, 'elapsedTime': 10564.700000047684}",936702068909,5160474008,POINT (0.4220622814293419 0.2493193435457141),,,,,,,,,,,,,,,,,,,,,,,,,,,,,,,,,,,,,,,,,,,,,,,,,,,,,,,,,,,,,,,,,,,,,,,,,,,,,,,,,,,,,,,,,,,,,,,,,,,1,1,
0,15,28,"{'x': 846.7800561902675, 'y': 244.9042153378341, 'elapsedTime': 10625.5}",936702085576,5160490675,POINT (0.4410312792657643 0.2267631623498464),,,,,,,,,,,,,,,,,,,,,,,,,,,,,,,,,,,,,,,,,,,,,,,,,,,,,,,,,,,,,,,,,,,,,,,,,,,,,,,,,,,,,,,,,,,,,,,,,,,,1,
0,15,28,"{'x': 846.7800561902675, 'y': 244.9042153378341, 'elapsedTime': 10625.5}",936702102243,5160507341,POINT (0.4410312792657643 0.2267631623498464),,,,,,,,,,,,,,,,,,,,,,,,,,,,,,,,,,,,,,,,,,,,,,,,,,,,,,,,,,,,,,,,,,,,,,,,,,,,,,,,,,,,,,,,,,,,,,,,,,,,1,
0,15,28,"{'x': 846.7800561902675, 'y': 244.9042153378341, 'elapsedTime': 10625.5}",936702118910,5160524008,POINT (0.4410312792657643 0.2267631623498464),,,,,,,,,,,,,,,,,,,,,,,,,,,,,,,,,,,,,,,,,,,,,,,,,,,,,,,,,,,,,,,,,,,,,,,,,,,,,,,,,,,,,,,,,,,,,,,,,,,,1,
0,15,28,"{'x': 875.5083973663754, 'y': 177.9189666626291, 'elapsedTime': 10670.700000047684}",936702135576,5160540674,POINT (0.4559939569616539 0.1647397839468788),,,,,,,,,,,,,,,,,,,,,,,,,,,,,,,,,,,,,,,,,,,,,,,,,,,,,,,,,,,,,,,,,,,,,,,,,,,,,,,,,,,,,,,,,,,,,,,,,,,1,,
0,15,28,"{'x': 875.5083973663754, 'y': 177.9189666626291, 'elapsedTime': 10670.700000047684}",936702152244,5160557341,POINT (0.4559939569616539 0.1647397839468788),,,,,,,,,,,,,,,,,,,,,,,,,,,,,,,,,,,,,,,,,,,,,,,,,,,,,,,,,,,,,,,,,,,,,,,,,,,,,,,,,,,,,,,,,,,,,,,,,,,1,,
0,15,28,"{'x': 875.5083973663754, 'y': 177.9189666626291, 'elapsedTime': 10670.700000047684}",936702168911,5160574008,POINT (0.4559939569616539 0.1647397839468788),,,,,,,,,,,,,,,,,,,,,,,,,,,,,,,,,,,,,,,,,,,,,,,,,,,,,,,,,,,,,,,,,,,,,,,,,,,,,,,,,,,,,,,,,,,,,,,,,,,1,,
0,15,28,"{'x': 812.1756835723061, 'y': 106.93231493075224, 'elapsedTime': 10718.399999976158}",936702185580,5160590676,POINT (0.4230081685272428 0.0990114027136595),,,,,,,,,,,,,,,,,,,,,,,,,,,,,,,,,,,,,,,,,,,,,,,,,,,,,,,,,,,,,,,,,,,,,,,,,,,,,,,,,,,,,,,,,,,,,,,,,,,,,
0,15,28,"{'x': 812.1756835723061, 'y': 106.93231493075224, 'elapsedTime': 10718.399999976158}",936702202247,5160607343,POINT (0.4230081685272428 0.0990114027136595),,,,,,,,,,,,,,,,,,,,,,,,,,,,,,,,,,,,,,,,,,,,,,,,,,,,,,,,,,,,,,,,,,,,,,,,,,,,,,,,,,,,,,,,,,,,,,,,,,,,,
0,15,28,"{'x': 863.1763066092028, 'y': 82.68688303766359, 'elapsedTime': 10763.899999976158}",936702218914,5160624009,POINT (0.4495709930256265 0.0765619287385774),,,,,,,,,,,,,,,,,,,,,,,,,,,,,,,,,,,,,,,,,,,,,,,,,,,,,,,,,,,,,,,,,,,,,,,,,,,,,,,,,,,,,,,,,,,,,,,,,,,,,
0,15,28,"{'x': 863.1763066092028, 'y': 82.68688303766359, 'elapsedTime': 10763.899999976158}",936702235582,5160640677,POINT (0.4495709930256265 0.0765619287385774),,,,,,,,,,,,,,,,,,,,,,,,,,,,,,,,,,,,,,,,,,,,,,,,,,,,,,,,,,,,,,,,,,,,,,,,,,,,,,,,,,,,,,,,,,,,,,,,,,,,,
0,15,28,"{'x': 863.1763066092028, 'y': 82.68688303766359, 'elapsedTime': 10763.899999976158}",936702252249,5160657343,POINT (0.4495709930256265 0.0765619287385774),,,,,,,,,,,,,,,,,,,,,,,,,,,,,,,,,,,,,,,,,,,,,,,,,,,,,,,,,,,,,,,,,,,,,,,,,,,,,,,,,,,,,,,,,,,,,,,,,,,,,
0,15,28,"{'x': 770.2733635809, 'y': 113.39390034056254, 'elapsedTime': 10812}",936702268915,5160674009,POINT (0.4011840435317187 0.1049943521671875),,,,,,,,,,,,,,,,,,,,,,,,,,,,,,,,,,,,,,,,,,,,,,,,,,,,,,,,,,,,,,,,,,,,,,,,,,,,,,,,,,,,,,,,,,,,,,,,,,,,,
0,15,28,"{'x': 770.2733635809, 'y': 113.39390034056254, 'elapsedTime': 10812}",936702285583,5160690676,POINT (0.4011840435317187 0.1049943521671875),,,,,,,,,,,,,,,,,,,,,,,,,,,,,,,,,,,,,,,,,,,,,,,,,,,,,,,,,,,,,,,,,,,,,,,,,,,,,,,,,,,,,,,,,,,,,,,,,,,,,
0,15,28,"{'x': 770.2733635809, 'y': 113.39390034056254, 'elapsedTime': 10812}",936702302250,5160707343,POINT (0.4011840435317187 0.1049943521671875),,,,,,,,,,,,,,,,,,,,,,,,,,,,,,,,,,,,,,,,,,,,,,,,,,,,,,,,,,,,,,,,,,,,,,,,,,,,,,,,,,,,,,,,,,,,,,,,,,,,,
0,15,28,"{'x': 722.6912556077762, 'y': 154.8262722320235, 'elapsedTime': 10858.600000023842}",936702318923,5160724015,POINT (0.3764016956290501 0.1433576594740958),,,,,,,,,,,,,,,,,,,,,,,,,,,,,,,,,,,,,,,,,,,,,,,,,,,,,,,,,,,,,,,,,,,,,,,,,,,,,,,,,,,,,,,,,,,,,,,,,,,1,,
0,15,28,"{'x': 722.6912556077762, 'y': 154.8262722320235, 'elapsedTime': 10858.600000023842}",936702335591,5160740683,POINT (0.3764016956290501 0.1433576594740958),,,,,,,,,,,,,,,,,,,,,,,,,,,,,,,,,,,,,,,,,,,,,,,,,,,,,,,,,,,,,,,,,,,,,,,,,,,,,,,,,,,,,,,,,,,,,,,,,,,1,,
0,15,28,"{'x': 722.6912556077762, 'y': 154.8262722320235, 'elapsedTime': 10858.600000023842}",936702352258,5160757349,POINT (0.3764016956290501 0.1433576594740958),,,,,,,,,,,,,,,,,,,,,,,,,,,,,,,,,,,,,,,,,,,,,,,,,,,,,,,,,,,,,,,,,,,,,,,,,,,,,,,,,,,,,,,,,,,,,,,,,,,1,,
0,15,28,"{'x': 673.6509785812914, 'y': 136.76893407028584, 'elapsedTime': 10905.899999976158}",936702368924,5160774015,POINT (0.3508598846777559 0.1266379019169313),,,,,,,,,,,,,,,,,,,,,,,,,,,,,,,,,,,,,,,,,,,,,,,,,,,,,,,,,,,,,,,,,,,,,,,,,,,,,,,,,,,,,,,,,,,,,,,,,,,,,
0,15,28,"{'x': 673.6509785812914, 'y': 136.76893407028584, 'elapsedTime': 10905.899999976158}",936702385593,5160790683,POINT (0.3508598846777559 0.1266379019169313),,,,,,,,,,,,,,,,,,,,,,,,,,,,,,,,,,,,,,,,,,,,,,,,,,,,,,,,,,,,,,,,,,,,,,,,,,,,,,,,,,,,,,,,,,,,,,,,,,,,,
0,15,28,"{'x': 673.6509785812914, 'y': 136.76893407028584, 'elapsedTime': 10905.899999976158}",936702402259,5160807349,POINT (0.3508598846777559 0.1266379019169313),,,,,,,,,,,,,,,,,,,,,,,,,,,,,,,,,,,,,,,,,,,,,,,,,,,,,,,,,,,,,,,,,,,,,,,,,,,,,,,,,,,,,,,,,,,,,,,,,,,,,
0,15,28,"{'x': 595.9430783998148, 'y': 158.8681303611573, 'elapsedTime': 10957.300000071526}",936702418927,5160824016,POINT (0.3103870199999035 0.1471001207047753),,,,,,,,,,,,,,,,,,,,,,,,,,,,,,,,,,,,,,,,,,,,,,,,,,,,,,,,,,,,,,,,,,,,,,,,,,,,,,,,,,,,,,,,,,,,,,,,,,,1,,
0,15,28,"{'x': 595.9430783998148, 'y': 158.8681303611573, 'elapsedTime': 10957.300000071526}",936702435593,5160840682,POINT (0.3103870199999035 0.1471001207047753),,,,,,,,,,,,,,,,,,,,,,,,,,,,,,,,,,,,,,,,,,,,,,,,,,,,,,,,,,,,,,,,,,,,,,,,,,,,,,,,,,,,,,,,,,,,,,,,,,,1,,
0,15,28,"{'x': 595.9430783998148, 'y': 158.8681303611573, 'elapsedTime': 10957.300000071526}",936702452265,5160857353,POINT (0.3103870199999035 0.1471001207047753),,,,,,,,,,,,,,,,,,,,,,,,,,,,,,,,,,,,,,,,,,,,,,,,,,,,,,,,,,,,,,,,,,,,,,,,,,,,,,,,,,,,,,,,,,,,,,,,,,,1,,
0,15,28,"{'x': 552.705064868558, 'y': 183.95871804121904, 'elapsedTime': 11007.200000047684}",936702468932,5160874020,POINT (0.2878672212857073 0.1703321463344621),,,,,,,,,,,,,,,,,,,,,,,,,,,,,,,,,,,,,,,,,,,,,,,,,,,,,,,,,,,,,,,,,,,,,,,,,,,,,,,,,,,,,,,,,,,,,,,,,,,1,,
0,15,28,"{'x': 552.705064868558, 'y': 183.95871804121904, 'elapsedTime': 11007.200000047684}",936702485599,5160890686,POINT (0.2878672212857073 0.1703321463344621),,,,,,,,,,,,,,,,,,,,,,,,,,,,,,,,,,,,,,,,,,,,,,,,,,,,,,,,,,,,,,,,,,,,,,,,,,,,,,,,,,,,,,,,,,,,,,,,,,,1,,
0,15,28,"{'x': 552.705064868558, 'y': 183.95871804121904, 'elapsedTime': 11007.200000047684}",936702502266,5160907353,POINT (0.2878672212857073 0.1703321463344621),,,,,,,,,,,,,,,,,,,,,,,,,,,,,,,,,,,,,,,,,,,,,,,,,,,,,,,,,,,,,,,,,,,,,,,,,,,,,,,,,,,,,,,,,,,,,,,,,,,1,,
0,15,28,"{'x': 585.4192498438408, 'y': 210.87355434705086, 'elapsedTime': 11052.399999976158}",936702518934,5160924020,POINT (0.3049058592936671 0.1952532910620841),,,,,,,,,,,,,,,,,,,,,,,,,,,,,,,,,,,,,,,,,,,,,,,,,,,,,,,,,,,,,,,,,,,,,,,,,,,,,,,,,,,,,,,,,,,,,,,,,,,,,
0,15,28,"{'x': 585.4192498438408, 'y': 210.87355434705086, 'elapsedTime': 11052.399999976158}",936702535600,5160940686,POINT (0.3049058592936671 0.1952532910620841),,,,,,,,,,,,,,,,,,,,,,,,,,,,,,,,,,,,,,,,,,,,,,,,,,,,,,,,,,,,,,,,,,,,,,,,,,,,,,,,,,,,,,,,,,,,,,,,,,,,,
0,15,28,"{'x': 587.7880473475511, 'y': 216.3922858194305, 'elapsedTime': 11098.300000071526}",936702552267,5160957353,POINT (0.3061396079935162 0.2003632276105838),,,,,,,,,,,,,,,,,,,,,,,,,,,,,,,,,,,,,,,,,,,,,,,,,,,,,,,,,,,,,,,,,,,,,,,,,,,,,,,,,,,,,,,,,,,,,,,,,,,,,
0,15,28,"{'x': 587.7880473475511, 'y': 216.3922858194305, 'elapsedTime': 11098.300000071526}",936702568935,5160974020,POINT (0.3061396079935162 0.2003632276105838),,,,,,,,,,,,,,,,,,,,,,,,,,,,,,,,,,,,,,,,,,,,,,,,,,,,,,,,,,,,,,,,,,,,,,,,,,,,,,,,,,,,,,,,,,,,,,,,,,,,,
0,15,28,"{'x': 587.7880473475511, 'y': 216.3922858194305, 'elapsedTime': 11098.300000071526}",936702585609,5160990694,POINT (0.3061396079935162 0.2003632276105838),,,,,,,,,,,,,,,,,,,,,,,,,,,,,,,,,,,,,,,,,,,,,,,,,,,,,,,,,,,,,,,,,,,,,,,,,,,,,,,,,,,,,,,,,,,,,,,,,,,,,
0,15,28,"{'x': 548.4609656129595, 'y': 181.59665660893853, 'elapsedTime': 11145.899999976158}",936702602277,5161007361,POINT (0.2856567529234164 0.1681450524156838),,,,,,,,,,,,,,,,,,,,,,,,,,,,,,,,,,,,,,,,,,,,,,,,,,,,,,,,,,,,,,,,,,,,,,,,,,,,,,,,,,,,,,,,,,,,,,,,,,,1,,
0,15,28,"{'x': 548.4609656129595, 'y': 181.59665660893853, 'elapsedTime': 11145.899999976158}",936702618944,5161024028,POINT (0.2856567529234164 0.1681450524156838),,,,,,,,,,,,,,,,,,,,,,,,,,,,,,,,,,,,,,,,,,,,,,,,,,,,,,,,,,,,,,,,,,,,,,,,,,,,,,,,,,,,,,,,,,,,,,,,,,,1,,
0,15,28,"{'x': 548.4609656129595, 'y': 181.59665660893853, 'elapsedTime': 11145.899999976158}",936702635611,5161040694,POINT (0.2856567529234164 0.1681450524156838),,,,,,,,,,,,,,,,,,,,,,,,,,,,,,,,,,,,,,,,,,,,,,,,,,,,,,,,,,,,,,,,,,,,,,,,,,,,,,,,,,,,,,,,,,,,,,,,,,,1,,
0,15,28,"{'x': 606.8505847154175, 'y': 220.90609626199156, 'elapsedTime': 11190.800000071526}",936702652277,5161057360,POINT (0.3160680128726133 0.2045426817240663),,,,,,,,,,,,,,,,,,,,,,,,,,,,,,,,,1,,,,,,,,,,,,,,,,,,,,,,,,,,,,,,,,,,,,,,,,,,,,,,,,,,,,,,,,,,,,,,,,,,,,
0,15,28,"{'x': 606.8505847154175, 'y': 220.90609626199156, 'elapsedTime': 11190.800000071526}",936702668944,5161074027,POINT (0.3160680128726133 0.2045426817240663),,,,,,,,,,,,,,,,,,,,,,,,,,,,,,,,,1,,,,,,,,,,,,,,,,,,,,,,,,,,,,,,,,,,,,,,,,,,,,,,,,,,,,,,,,,,,,,,,,,,,,
0,15,28,"{'x': 606.8505847154175, 'y': 220.90609626199156, 'elapsedTime': 11190.800000071526}",936702685612,5161090694,POINT (0.3160680128726133 0.2045426817240663),,,,,,,,,,,,,,,,,,,,,,,,,,,,,,,,,1,,,,,,,,,,,,,,,,,,,,,,,,,,,,,,,,,,,,,,,,,,,,,,,,,,,,,,,,,,,,,,,,,,,,
0,15,28,"{'x': 571.8140772549389, 'y': 242.2511782862807, 'elapsedTime': 11237.5}",936702702279,5161107361,POINT (0.297819831903614 0.224306646561371),,,,,,,,,,,,,,,,,,,,,,,,,,,,,,,,,,,,,,,,,,,,,,,,,,,,,,,,,,,,,,,,,,,,,,,,,,,,,,,,,,,,,,,,,,,,,,,,,,,,1,
0,15,28,"{'x': 571.8140772549389, 'y': 242.2511782862807, 'elapsedTime': 11237.5}",936702718949,5161124030,POINT (0.297819831903614 0.224306646561371),,,,,,,,,,,,,,,,,,,,,,,,,,,,,,,,,,,,,,,,,,,,,,,,,,,,,,,,,,,,,,,,,,,,,,,,,,,,,,,,,,,,,,,,,,,,,,,,,,,,1,
0,15,28,"{'x': 571.8140772549389, 'y': 242.2511782862807, 'elapsedTime': 11237.5}",936702735616,5161140697,POINT (0.297819831903614 0.224306646561371),,,,,,,,,,,,,,,,,,,,,,,,,,,,,,,,,,,,,,,,,,,,,,,,,,,,,,,,,,,,,,,,,,,,,,,,,,,,,,,,,,,,,,,,,,,,,,,,,,,,1,
0,15,28,"{'x': 601.0699920870098, 'y': 265.46194455503945, 'elapsedTime': 11287.600000023842}",936702752283,5161157363,POINT (0.3130572875453176 0.2457980968102217),,,,,,,,,,,,,,,,,,,,,,,,,,,,,,,,,,,,,,,,,,,,,,,,,,,,,,,,,,,,,,,,,,,,,,,,,,,,,,,,,,,,,,,,,,,,,,,,,,,,1,
0,15,28,"{'x': 601.0699920870098, 'y': 265.46194455503945, 'elapsedTime': 11287.600000023842}",936702768950,5161174030,POINT (0.3130572875453176 0.2457980968102217),,,,,,,,,,,,,,,,,,,,,,,,,,,,,,,,,,,,,,,,,,,,,,,,,,,,,,,,,,,,,,,,,,,,,,,,,,,,,,,,,,,,,,,,,,,,,,,,,,,,1,
0,15,28,"{'x': 643.3320506201594, 'y': 267.7553608663065, 'elapsedTime': 11331.700000047684}",936702785618,5161190697,POINT (0.3350687763646664 0.2479216304317653),,,,,,,,,,,,,,,,,,,,,,,,,,,,,,,,,,,,,,,,,,,,,,,,,,,,,,,,1,,,,,,,,,,,,,,,,,,,,,,,,,,,,,,,,,,,,,,,,,,,,1,
0,15,28,"{'x': 643.3320506201594, 'y': 267.7553608663065, 'elapsedTime': 11331.700000047684}",936702802284,5161207363,POINT (0.3350687763646664 0.2479216304317653),,,,,,,,,,,,,,,,,,,,,,,,,,,,,,,,,,,,,,,,,,,,,,,,,,,,,,,,1,,,,,,,,,,,,,,,,,,,,,,,,,,,,,,,,,,,,,,,,,,,,1,
0,15,28,"{'x': 643.3320506201594, 'y': 267.7553608663065, 'elapsedTime': 11331.700000047684}",936702818952,5161224030,POINT (0.3350687763646664 0.2479216304317653),,,,,,,,,,,,,,,,,,,,,,,,,,,,,,,,,,,,,,,,,,,,,,,,,,,,,,,,1,,,,,,,,,,,,,,,,,,,,,,,,,,,,,,,,,,,,,,,,,,,,1,
0,15,28,"{'x': 650.9615295525127, 'y': 260.39350711537946, 'elapsedTime': 11376.700000047684}",936702835619,5161240697,POINT (0.3390424633086004 0.2411050991809069),,,,,,,,,,,,,,,,,,,,,,,,,,,,,,,,,,,,,,,,,,,,,,,,,,,,,,,,,,,,,,,,,,,,,,,,,,,,,,,,,,,,,,,,,,,,,,,,,,,,1,
0,15,28,"{'x': 650.9615295525127, 'y': 260.39350711537946, 'elapsedTime': 11376.700000047684}",936702852287,5161257364,POINT (0.3390424633086004 0.2411050991809069),,,,,,,,,,,,,,,,,,,,,,,,,,,,,,,,,,,,,,,,,,,,,,,,,,,,,,,,,,,,,,,,,,,,,,,,,,,,,,,,,,,,,,,,,,,,,,,,,,,,1,
0,15,28,"{'x': 650.9615295525127, 'y': 260.39350711537946, 'elapsedTime': 11376.700000047684}",936702868955,5161274032,POINT (0.3390424633086004 0.2411050991809069),,,,,,,,,,,,,,,,,,,,,,,,,,,,,,,,,,,,,,,,,,,,,,,,,,,,,,,,,,,,,,,,,,,,,,,,,,,,,,,,,,,,,,,,,,,,,,,,,,,,1,
0,15,28,"{'x': 621.8174908469689, 'y': 244.18138690181323, 'elapsedTime': 11425.399999976158}",936702885622,5161290698,POINT (0.3238632764827963 0.2260938767609382),,,,,,,,,,,,,,,,,,,,,,,,,,,,,,,,,,,,,,,,,,,,,,,,,,,,,,,,,,,,,,,,,,,,,,,,,,,,,,,,,,,,,,,,,,,,,,,,,,,,1,
0,15,28,"{'x': 621.8174908469689, 'y': 244.18138690181323, 'elapsedTime': 11425.399999976158}",936702902288,5161307364,POINT (0.3238632764827963 0.2260938767609382),,,,,,,,,,,,,,,,,,,,,,,,,,,,,,,,,,,,,,,,,,,,,,,,,,,,,,,,,,,,,,,,,,,,,,,,,,,,,,,,,,,,,,,,,,,,,,,,,,,,1,
0,15,28,"{'x': 621.8174908469689, 'y': 244.18138690181323, 'elapsedTime': 11425.399999976158}",936702918956,5161324031,POINT (0.3238632764827963 0.2260938767609382),,,,,,,,,,,,,,,,,,,,,,,,,,,,,,,,,,,,,,,,,,,,,,,,,,,,,,,,,,,,,,,,,,,,,,,,,,,,,,,,,,,,,,,,,,,,,,,,,,,,1,
0,15,28,"{'x': 719.4118995716952, 'y': 205.28849670194532, 'elapsedTime': 11472}",936702935623,5161340698,POINT (0.3746936976935913 0.1900819413906901),,,,,,,,,,,,,,,,,,,,1,,,,,,,,,,,,,,,,,,,,,,,,,,,,,,,,,,,,,,,,,,,,,,,,,,,,,,,,,,,,,,,,,,,,,,,,,,,,,,,,,
0,15,28,"{'x': 719.4118995716952, 'y': 205.28849670194532, 'elapsedTime': 11472}",936702952291,5161357365,POINT (0.3746936976935913 0.1900819413906901),,,,,,,,,,,,,,,,,,,,1,,,,,,,,,,,,,,,,,,,,,,,,,,,,,,,,,,,,,,,,,,,,,,,,,,,,,,,,,,,,,,,,,,,,,,,,,,,,,,,,,
0,15,28,"{'x': 719.4118995716952, 'y': 205.28849670194532, 'elapsedTime': 11472}",936702968957,5161374031,POINT (0.3746936976935913 0.1900819413906901),,,,,,,,,,,,,,,,,,,,1,,,,,,,,,,,,,,,,,,,,,,,,,,,,,,,,,,,,,,,,,,,,,,,,,,,,,,,,,,,,,,,,,,,,,,,,,,,,,,,,,
0,15,28,"{'x': 770.351901752862, 'y': 191.4765976801526, 'elapsedTime': 11521.5}",936702985633,5161390706,POINT (0.4012249488296156 0.1772931460001413),,,,,,,,,,,,,,,,,,,,,,,,,,,,,,,,,,,,,,,,,,,,,,,,,,,,,,,,,,,,,,,,,,,,,,,,,,,,,,,,,,,,,,,,,,,,,,,,,,,1,,
0,15,28,"{'x': 770.351901752862, 'y': 191.4765976801526, 'elapsedTime': 11521.5}",936703002300,5161407373,POINT (0.4012249488296156 0.1772931460001413),,,,,,,,,,,,,,,,,,,,,,,,,,,,,,,,,,,,,,,,,,,,,,,,,,,,,,,,,,,,,,,,,,,,,,,,,,,,,,,,,,,,,,,,,,,,,,,,,,,1,,
0,15,28,"{'x': 770.351901752862, 'y': 191.4765976801526, 'elapsedTime': 11521.5}",936703018967,5161424039,POINT (0.4012249488296156 0.1772931460001413),,,,,,,,,,,,,,,,,,,,,,,,,,,,,,,,,,,,,,,,,,,,,,,,,,,,,,,,,,,,,,,,,,,,,,,,,,,,,,,,,,,,,,,,,,,,,,,,,,,1,,
0,15,28,"{'x': 770.351901752862, 'y': 191.4765976801526, 'elapsedTime': 11521.5}",936703035634,5161440706,POINT (0.4012249488296156 0.1772931460001413),,,,,,,,,,,,,,,,,,,,,,,,,,,,,,,,,,,,,,,,,,,,,,,,,,,,,,,,,,,,,,,,,,,,,,,,,,,,,,,,,,,,,,,,,,,,,,,,,,,1,,
0,15,28,"{'x': 773.6729467181516, 'y': 158.8719084541188, 'elapsedTime': 11570.100000023842}",936703052302,5161457373,POINT (0.4029546597490373 0.1471036189389989),,,,,,,,,,,,,,,,,,,,,,,,,,,,,,,,,,,,,,,,,,,,,,,,,,,,,,,,,,,,,,,,,,,,,,,,,,,,,,,,,,,,,,,,,,,,,,,,,,,1,,
0,15,28,"{'x': 773.6729467181516, 'y': 158.8719084541188, 'elapsedTime': 11570.100000023842}",936703068968,5161474039,POINT (0.4029546597490373 0.1471036189389989),,,,,,,,,,,,,,,,,,,,,,,,,,,,,,,,,,,,,,,,,,,,,,,,,,,,,,,,,,,,,,,,,,,,,,,,,,,,,,,,,,,,,,,,,,,,,,,,,,,1,,
0,15,28,"{'x': 821.2032875787004, 'y': 147.11663946208756, 'elapsedTime': 11628.5}",936703085636,5161490706,POINT (0.4277100456139065 0.136219110613044),,,,,,,,,,,,,,,,,,,,,,,,,,,,,,,,,,,,,,,,,,,,,,,,,,,,,,,,,,,,,,,,,,,,,,,,,,,,,,,,,,,,,,,,,,,,,,,,,,,,,
0,15,28,"{'x': 821.2032875787004, 'y': 147.11663946208756, 'elapsedTime': 11628.5}",936703102302,5161507372,POINT (0.4277100456139065 0.136219110613044),,,,,,,,,,,,,,,,,,,,,,,,,,,,,,,,,,,,,,,,,,,,,,,,,,,,,,,,,,,,,,,,,,,,,,,,,,,,,,,,,,,,,,,,,,,,,,,,,,,,,
0,15,28,"{'x': 821.2032875787004, 'y': 147.11663946208756, 'elapsedTime': 11628.5}",936703118975,5161524044,POINT (0.4277100456139065 0.136219110613044),,,,,,,,,,,,,,,,,,,,,,,,,,,,,,,,,,,,,,,,,,,,,,,,,,,,,,,,,,,,,,,,,,,,,,,,,,,,,,,,,,,,,,,,,,,,,,,,,,,,,
0,15,28,"{'x': 698.248494207149, 'y': 342.26298139616534, 'elapsedTime': 11674.100000023842}",936703135642,5161540711,POINT (0.3636710907328901 0.3169101679594124),,,,,,,,,,,,,,,,,,,,,,,,,,,,,,,,,,,,,,,,,,,,,,,,,,,,,,,,,,,,,,,,,,,,,,,,,,,,,,,,,,,,,,,,,,,,,,,,,,,,1,
0,15,28,"{'x': 698.248494207149, 'y': 342.26298139616534, 'elapsedTime': 11674.100000023842}",936703152310,5161557378,POINT (0.3636710907328901 0.3169101679594124),,,,,,,,,,,,,,,,,,,,,,,,,,,,,,,,,,,,,,,,,,,,,,,,,,,,,,,,,,,,,,,,,,,,,,,,,,,,,,,,,,,,,,,,,,,,,,,,,,,,1,
0,15,28,"{'x': 698.248494207149, 'y': 342.26298139616534, 'elapsedTime': 11674.100000023842}",936703168976,5161574044,POINT (0.3636710907328901 0.3169101679594124),,,,,,,,,,,,,,,,,,,,,,,,,,,,,,,,,,,,,,,,,,,,,,,,,,,,,,,,,,,,,,,,,,,,,,,,,,,,,,,,,,,,,,,,,,,,,,,,,,,,1,
0,15,28,"{'x': 634.256778864673, 'y': 460.7729333022214, 'elapsedTime': 11719.200000047684}",936703185644,5161590711,POINT (0.3303420723253506 0.4266416049094643),,,,,,,,,,,,,,,,,,,,,,,,,,,,,,,,,,,,,,,,,,,,,,,,,,,,,,,,,,,,,,,,,,,,,,,,,,,,,,,,,,,,,,,,,,,,,,,,,,,,,
0,15,28,"{'x': 634.256778864673, 'y': 460.7729333022214, 'elapsedTime': 11719.200000047684}",936703202311,5161607378,POINT (0.3303420723253506 0.4266416049094643),,,,,,,,,,,,,,,,,,,,,,,,,,,,,,,,,,,,,,,,,,,,,,,,,,,,,,,,,,,,,,,,,,,,,,,,,,,,,,,,,,,,,,,,,,,,,,,,,,,,,
0,15,28,"{'x': 660.7823335668688, 'y': 482.4087218878885, 'elapsedTime': 11764.200000047684}",936703218978,5161624044,POINT (0.3441574653994108 0.4466747424887856),,,,,,,,,,,,,,,,,,,,,,,,,,,,,,,,,,,,,,,,,,,,,,,,,,,,,,,,,,,,,,,,,,,,,,,,,,,,,,,,,,,,,,,,,,,,,,,,,,,,,
0,15,28,"{'x': 660.7823335668688, 'y': 482.4087218878885, 'elapsedTime': 11764.200000047684}",936703235650,5161640716,POINT (0.3441574653994108 0.4466747424887856),,,,,,,,,,,,,,,,,,,,,,,,,,,,,,,,,,,,,,,,,,,,,,,,,,,,,,,,,,,,,,,,,,,,,,,,,,,,,,,,,,,,,,,,,,,,,,,,,,,,,
0,15,28,"{'x': 660.7823335668688, 'y': 482.4087218878885, 'elapsedTime': 11764.200000047684}",936703252318,5161657383,POINT (0.3441574653994108 0.4466747424887856),,,,,,,,,,,,,,,,,,,,,,,,,,,,,,,,,,,,,,,,,,,,,,,,,,,,,,,,,,,,,,,,,,,,,,,,,,,,,,,,,,,,,,,,,,,,,,,,,,,,,
0,15,28,"{'x': 547.3116383992273, 'y': 492.02961366881516, 'elapsedTime': 11809.899999976158}",936703268984,5161674049,POINT (0.2850581449995975 0.4555829756192733),,,,,,,,,,,,,,,,,,,,,,,,,,,,,,,,,,,,,,,,,,,,,,,,,,,,,,,,,,,,,,,,,,,,,,,,,,,,,,,,,,,,,,,,,,,,,,,,,,,,,
0,15,28,"{'x': 547.3116383992273, 'y': 492.02961366881516, 'elapsedTime': 11809.899999976158}",936703285652,5161690716,POINT (0.2850581449995975 0.4555829756192733),,,,,,,,,,,,,,,,,,,,,,,,,,,,,,,,,,,,,,,,,,,,,,,,,,,,,,,,,,,,,,,,,,,,,,,,,,,,,,,,,,,,,,,,,,,,,,,,,,,,,
0,15,28,"{'x': 547.3116383992273, 'y': 492.02961366881516, 'elapsedTime': 11809.899999976158}",936703302319,5161707383,POINT (0.2850581449995975 0.4555829756192733),,,,,,,,,,,,,,,,,,,,,,,,,,,,,,,,,,,,,,,,,,,,,,,,,,,,,,,,,,,,,,,,,,,,,,,,,,,,,,,,,,,,,,,,,,,,,,,,,,,,,
0,15,28,"{'x': 636.4000696385908, 'y': 448.762380574249, 'elapsedTime': 11856.200000047684}",936703318986,5161724049,POINT (0.3314583696034327 0.4155207227539343),,,,,,,,,,,,,,,,,,,,,,,,,,,,,,,,,,,,,,,,,,,,,,,,,,,,,,,,,,,,,,,,,,,,,,,,,,,,,,,,,,,,,,,,,,,,,,,,,,,,,
0,15,28,"{'x': 636.4000696385908, 'y': 448.762380574249, 'elapsedTime': 11856.200000047684}",936703335652,5161740715,POINT (0.3314583696034327 0.4155207227539343),,,,,,,,,,,,,,,,,,,,,,,,,,,,,,,,,,,,,,,,,,,,,,,,,,,,,,,,,,,,,,,,,,,,,,,,,,,,,,,,,,,,,,,,,,,,,,,,,,,,,
0,15,28,"{'x': 636.4000696385908, 'y': 448.762380574249, 'elapsedTime': 11856.200000047684}",936703352320,5161757382,POINT (0.3314583696034327 0.4155207227539343),,,,,,,,,,,,,,,,,,,,,,,,,,,,,,,,,,,,,,,,,,,,,,,,,,,,,,,,,,,,,,,,,,,,,,,,,,,,,,,,,,,,,,,,,,,,,,,,,,,,,
0,15,28,"{'x': 670.2500164539423, 'y': 391.04935545049, 'elapsedTime': 11901.800000071526}",936703368989,5161774051,POINT (0.3490885502364283 0.3620827365282315),,,,,,,,,,,,,,,,,,,,,,,,,,,,,,,,,,,,,,,,,,,,,,,,,,,,,,,,,,,,,,,,,,,,,,,,,,,,,,,,,,,,,,,,,,,,,,,,,,,,,
0,15,28,"{'x': 670.2500164539423, 'y': 391.04935545049, 'elapsedTime': 11901.800000071526}",936703385657,5161790718,POINT (0.3490885502364283 0.3620827365282315),,,,,,,,,,,,,,,,,,,,,,,,,,,,,,,,,,,,,,,,,,,,,,,,,,,,,,,,,,,,,,,,,,,,,,,,,,,,,,,,,,,,,,,,,,,,,,,,,,,,,
0,15,28,"{'x': 670.2500164539423, 'y': 391.04935545049, 'elapsedTime': 11901.800000071526}",936703402324,5161807385,POINT (0.3490885502364283 0.3620827365282315),,,,,,,,,,,,,,,,,,,,,,,,,,,,,,,,,,,,,,,,,,,,,,,,,,,,,,,,,,,,,,,,,,,,,,,,,,,,,,,,,,,,,,,,,,,,,,,,,,,,,
0,15,28,"{'x': 686.9481492539616, 'y': 300.0565625335486, 'elapsedTime': 11949.899999976158}",936703418991,5161824051,POINT (0.357785494403105 0.2778301504940264),,,,,,,,,,,,,,,,,,,,,,,,,,,,,,,,,,,,,,,,,,,,,,,,,,,,,,,,,,,,,,,,,,,,,,,,,,,,,,,,,,,,,,,,,,,,,,,,,,,1,1,
0,15,28,"{'x': 686.9481492539616, 'y': 300.0565625335486, 'elapsedTime': 11949.899999976158}",936703435657,5161840717,POINT (0.357785494403105 0.2778301504940264),,,,,,,,,,,,,,,,,,,,,,,,,,,,,,,,,,,,,,,,,,,,,,,,,,,,,,,,,,,,,,,,,,,,,,,,,,,,,,,,,,,,,,,,,,,,,,,,,,,1,1,
0,15,28,"{'x': 686.9481492539616, 'y': 300.0565625335486, 'elapsedTime': 11949.899999976158}",936703452325,5161857384,POINT (0.357785494403105 0.2778301504940264),,,,,,,,,,,,,,,,,,,,,,,,,,,,,,,,,,,,,,,,,,,,,,,,,,,,,,,,,,,,,,,,,,,,,,,,,,,,,,,,,,,,,,,,,,,,,,,,,,,1,1,
0,15,28,"{'x': 725.8462370843628, 'y': 238.34747118921808, 'elapsedTime': 12004.600000023842}",936703468992,5161874051,POINT (0.3780449151481056 0.2206921029529797),,,,,,,,,,,,,,,,,,,,,,,,,,,,,,,,,,,,1,,,,,,,,,,,,,,,,,,,,,,,,,,,,,,,,,,,,,,,,,,,,,,,,,,,,,,,,,,,,,,,,1,
0,15,28,"{'x': 725.8462370843628, 'y': 238.34747118921808, 'elapsedTime': 12004.600000023842}",936703485660,5161890718,POINT (0.3780449151481056 0.2206921029529797),,,,,,,,,,,,,,,,,,,,,,,,,,,,,,,,,,,,1,,,,,,,,,,,,,,,,,,,,,,,,,,,,,,,,,,,,,,,,,,,,,,,,,,,,,,,,,,,,,,,,1,
0,15,28,"{'x': 701.1753588573085, 'y': 172.57839380647582, 'elapsedTime': 12051.399999976158}",936703502333,5161907391,POINT (0.3651954994048482 0.1597948090800702),,,,,,,,,,,,,,,,,,,,,,,,,,,,,,,,,,,,,,,,,,,,,,,,,,,,,,,,,,,,,,,,,,,,,,,,,,,,,,,,,,,,,,,,,,,,,,,,,,,1,,
0,15,28,"{'x': 701.1753588573085, 'y': 172.57839380647582, 'elapsedTime': 12051.399999976158}",936703519000,5161924057,POINT (0.3651954994048482 0.1597948090800702),,,,,,,,,,,,,,,,,,,,,,,,,,,,,,,,,,,,,,,,,,,,,,,,,,,,,,,,,,,,,,,,,,,,,,,,,,,,,,,,,,,,,,,,,,,,,,,,,,,1,,
0,15,28,"{'x': 701.1753588573085, 'y': 172.57839380647582, 'elapsedTime': 12051.399999976158}",936703535666,5161940723,POINT (0.3651954994048482 0.1597948090800702),,,,,,,,,,,,,,,,,,,,,,,,,,,,,,,,,,,,,,,,,,,,,,,,,,,,,,,,,,,,,,,,,,,,,,,,,,,,,,,,,,,,,,,,,,,,,,,,,,,1,,
0,15,28,"{'x': 776.0281813504394, 'y': 123.38441417740333, 'elapsedTime': 12095.200000047684}",936703552334,5161957390,POINT (0.4041813444533538 0.1142448279420401),,,,,,,,,,,,,,,,,,,,,,,,,,,,,,,,,,,,,,,,,,,,,,,,,,,,,,,,,,,,,,,,,,,,,,,,,,,,,,,,,,,,,,,,,,,,,,,,,,,,,
0,15,28,"{'x': 776.0281813504394, 'y': 123.38441417740333, 'elapsedTime': 12095.200000047684}",936703569001,5161974057,POINT (0.4041813444533538 0.1142448279420401),,,,,,,,,,,,,,,,,,,,,,,,,,,,,,,,,,,,,,,,,,,,,,,,,,,,,,,,,,,,,,,,,,,,,,,,,,,,,,,,,,,,,,,,,,,,,,,,,,,,,
0,15,28,"{'x': 776.0281813504394, 'y': 123.38441417740333, 'elapsedTime': 12095.200000047684}",936703585669,5161990724,POINT (0.4041813444533538 0.1142448279420401),,,,,,,,,,,,,,,,,,,,,,,,,,,,,,,,,,,,,,,,,,,,,,,,,,,,,,,,,,,,,,,,,,,,,,,,,,,,,,,,,,,,,,,,,,,,,,,,,,,,,
0,15,28,"{'x': 721.1769425434102, 'y': 130.48291988737282, 'elapsedTime': 12142.800000071526}",936703602335,5162007390,POINT (0.3756129909080261 0.1208175184142341),,,,,,,,,,,,,,,,,,,,,,,,,,,,,,,,,,,,,,,,,,,,,,,,,,,,,,,,,,,,,,,,,,,,,,,,,,,,,,,,,,,,,,,,,,,,,,,,,,,,,
0,15,28,"{'x': 721.1769425434102, 'y': 130.48291988737282, 'elapsedTime': 12142.800000071526}",936703619001,5162024055,POINT (0.3756129909080261 0.1208175184142341),,,,,,,,,,,,,,,,,,,,,,,,,,,,,,,,,,,,,,,,,,,,,,,,,,,,,,,,,,,,,,,,,,,,,,,,,,,,,,,,,,,,,,,,,,,,,,,,,,,,,
0,15,28,"{'x': 721.1769425434102, 'y': 130.48291988737282, 'elapsedTime': 12142.800000071526}",936703635670,5162040724,POINT (0.3756129909080261 0.1208175184142341),,,,,,,,,,,,,,,,,,,,,,,,,,,,,,,,,,,,,,,,,,,,,,,,,,,,,,,,,,,,,,,,,,,,,,,,,,,,,,,,,,,,,,,,,,,,,,,,,,,,,
0,15,28,"{'x': 652.4919300534513, 'y': 166.76839607436597, 'elapsedTime': 12196.399999976158}",936703652338,5162057391,POINT (0.3398395469028392 0.1544151815503389),,,,,,,,,,,,,,,,,,,,,,,,,,,,,,,,,,,,,,,,,,,,,,,,,,,,,,,,,,,,,,,,,,,,,,,,,,,,,,,,,,,,,,,,,,,,,,,,,,,1,,
0,15,28,"{'x': 652.4919300534513, 'y': 166.76839607436597, 'elapsedTime': 12196.399999976158}",936703669007,5162074060,POINT (0.3398395469028392 0.1544151815503389),,,,,,,,,,,,,,,,,,,,,,,,,,,,,,,,,,,,,,,,,,,,,,,,,,,,,,,,,,,,,,,,,,,,,,,,,,,,,,,,,,,,,,,,,,,,,,,,,,,1,,
0,15,28,"{'x': 652.4919300534513, 'y': 166.76839607436597, 'elapsedTime': 12196.399999976158}",936703685674,5162090726,POINT (0.3398395469028392 0.1544151815503389),,,,,,,,,,,,,,,,,,,,,,,,,,,,,,,,,,,,,,,,,,,,,,,,,,,,,,,,,,,,,,,,,,,,,,,,,,,,,,,,,,,,,,,,,,,,,,,,,,,1,,
0,15,28,"{'x': 601.2293558463052, 'y': 186.19453387686744, 'elapsedTime': 12244.100000023842}",936703702341,5162107393,POINT (0.313140289503284 0.1724023461822847),,,,,,,,,,,,,,,,,,1,,,,,,,,,,,,,,,,,,,,,,,,,,,,,,,,,,,,,,,,,,,,,,,,,,,,,,,,,,,,,,,,,,,,,,,,,,,,,,,,,1,,
0,15,28,"{'x': 601.2293558463052, 'y': 186.19453387686744, 'elapsedTime': 12244.100000023842}",936703719009,5162124060,POINT (0.313140289503284 0.1724023461822847),,,,,,,,,,,,,,,,,,1,,,,,,,,,,,,,,,,,,,,,,,,,,,,,,,,,,,,,,,,,,,,,,,,,,,,,,,,,,,,,,,,,,,,,,,,,,,,,,,,,1,,
0,15,28,"{'x': 601.2293558463052, 'y': 186.19453387686744, 'elapsedTime': 12244.100000023842}",936703735675,5162140726,POINT (0.313140289503284 0.1724023461822847),,,,,,,,,,,,,,,,,,1,,,,,,,,,,,,,,,,,,,,,,,,,,,,,,,,,,,,,,,,,,,,,,,,,,,,,,,,,,,,,,,,,,,,,,,,,,,,,,,,,1,,
0,15,28,"{'x': 615.2149473908534, 'y': 203.65143389289597, 'elapsedTime': 12290.800000071526}",936703752343,5162157393,POINT (0.3204244517660694 0.1885661424934222),,,,,,,,,,,,,,,,,,,,,,,,,,,,,,,,,,,,,,,,,,,,,,,,,,,,,,,,,,,,,,,,,,,,,,,,,,,,,,,,,,,,,,,,,,,,,,,,,,,,,
0,15,28,"{'x': 615.2149473908534, 'y': 203.65143389289597, 'elapsedTime': 12290.800000071526}",936703769015,5162174065,POINT (0.3204244517660694 0.1885661424934222),,,,,,,,,,,,,,,,,,,,,,,,,,,,,,,,,,,,,,,,,,,,,,,,,,,,,,,,,,,,,,,,,,,,,,,,,,,,,,,,,,,,,,,,,,,,,,,,,,,,,
0,15,28,"{'x': 615.2149473908534, 'y': 203.65143389289597, 'elapsedTime': 12290.800000071526}",936703785683,5162190732,POINT (0.3204244517660694 0.1885661424934222),,,,,,,,,,,,,,,,,,,,,,,,,,,,,,,,,,,,,,,,,,,,,,,,,,,,,,,,,,,,,,,,,,,,,,,,,,,,,,,,,,,,,,,,,,,,,,,,,,,,,
0,15,28,"{'x': 713.6841122065034, 'y': 138.5333358232781, 'elapsedTime': 12336}",936703802349,5162207398,POINT (0.3717104751075538 0.128271607243776),,,,,,,,,,,,,,,,,,,,,,,,,,,,,,,,,,,,,,,,,,,,,,,,,,,,,,,,,,,,,,,,,,,,,,,,,,,,,,,,,,,,,,,,,,,,,,,,,,,,,
0,15,28,"{'x': 713.6841122065034, 'y': 138.5333358232781, 'elapsedTime': 12336}",936703819016,5162224064,POINT (0.3717104751075538 0.128271607243776),,,,,,,,,,,,,,,,,,,,,,,,,,,,,,,,,,,,,,,,,,,,,,,,,,,,,,,,,,,,,,,,,,,,,,,,,,,,,,,,,,,,,,,,,,,,,,,,,,,,,
0,15,28,"{'x': 713.6841122065034, 'y': 138.5333358232781, 'elapsedTime': 12336}",936703835684,5162240732,POINT (0.3717104751075538 0.128271607243776),,,,,,,,,,,,,,,,,,,,,,,,,,,,,,,,,,,,,,,,,,,,,,,,,,,,,,,,,,,,,,,,,,,,,,,,,,,,,,,,,,,,,,,,,,,,,,,,,,,,,
0,15,28,"{'x': 812.5755488603013, 'y': 128.93861925624907, 'elapsedTime': 12382.800000071526}",936703852351,5162257398,POINT (0.4232164316980736 0.1193876104224528),,,,,,,,,,,,,,,,,,,,,,,,,,,,,,,,,,,,,,,,,,,,,,,,,,,,,,,,,,,,,,,,,,,,,,,,,,,,,,,,,,,,,,,,,,,,,,,,,,,,,
0,15,28,"{'x': 812.5755488603013, 'y': 128.93861925624907, 'elapsedTime': 12382.800000071526}",936703869018,5162274065,POINT (0.4232164316980736 0.1193876104224528),,,,,,,,,,,,,,,,,,,,,,,,,,,,,,,,,,,,,,,,,,,,,,,,,,,,,,,,,,,,,,,,,,,,,,,,,,,,,,,,,,,,,,,,,,,,,,,,,,,,,
0,15,28,"{'x': 812.5755488603013, 'y': 128.93861925624907, 'elapsedTime': 12382.800000071526}",936703885685,5162290731,POINT (0.4232164316980736 0.1193876104224528),,,,,,,,,,,,,,,,,,,,,,,,,,,,,,,,,,,,,,,,,,,,,,,,,,,,,,,,,,,,,,,,,,,,,,,,,,,,,,,,,,,,,,,,,,,,,,,,,,,,,
0,15,28,"{'x': 744.3266979615292, 'y': 70.73338072039238, 'elapsedTime': 12431.399999976158}",936703902358,5162307404,POINT (0.3876701551882965 0.0654938710374003),,,,,,,,,,,,,,,,,,,,,,,,,,,,,,,,,,,,,,,,,,,,,,,,,,,,,,,,,,,,,,,,,,,,,,,,,,,,,,,,,,,,,,,,,,,,,,,,,,,,,
0,15,28,"{'x': 744.3266979615292, 'y': 70.73338072039238, 'elapsedTime': 12431.399999976158}",936703919026,5162324071,POINT (0.3876701551882965 0.0654938710374003),,,,,,,,,,,,,,,,,,,,,,,,,,,,,,,,,,,,,,,,,,,,,,,,,,,,,,,,,,,,,,,,,,,,,,,,,,,,,,,,,,,,,,,,,,,,,,,,,,,,,
0,15,28,"{'x': 744.3266979615292, 'y': 70.73338072039238, 'elapsedTime': 12431.399999976158}",936703935693,5162340738,POINT (0.3876701551882965 0.0654938710374003),,,,,,,,,,,,,,,,,,,,,,,,,,,,,,,,,,,,,,,,,,,,,,,,,,,,,,,,,,,,,,,,,,,,,,,,,,,,,,,,,,,,,,,,,,,,,,,,,,,,,
0,15,28,"{'x': 797.3070371532814, 'y': 115.87412144703589, 'elapsedTime': 12477.899999976158}",936703952360,5162357404,POINT (0.4152640818506674 0.1072908531916999),,,,,,,,,,,,,,,,,,,,,,,,,,,,,,,,,,,,,,,,,,,,,,,,,,,,,,,,,,,,,,,,,,,,,,,,,,,,,,,,,,,,,,,,,,,,,,,,,,,,,
0,15,28,"{'x': 797.3070371532814, 'y': 115.87412144703589, 'elapsedTime': 12477.899999976158}",936703969026,5162374070,POINT (0.4152640818506674 0.1072908531916999),,,,,,,,,,,,,,,,,,,,,,,,,,,,,,,,,,,,,,,,,,,,,,,,,,,,,,,,,,,,,,,,,,,,,,,,,,,,,,,,,,,,,,,,,,,,,,,,,,,,,
0,15,28,"{'x': 810.3760926542255, 'y': 115.10543059637523, 'elapsedTime': 12524.200000047684}",936703985694,5162390737,POINT (0.4220708815907425 0.1065791024040511),,,,,,,,,,,,,,,,,,,,,,,,,,,,,,,,,,,,,,,,,,,,,,,,,,,,,,,,,,,,,,,,,,,,,,,,,,,,,,,,,,,,,,,,,,,,,,,,,,,,,
0,15,28,"{'x': 810.3760926542255, 'y': 115.10543059637523, 'elapsedTime': 12524.200000047684}",936704002361,5162407404,POINT (0.4220708815907425 0.1065791024040511),,,,,,,,,,,,,,,,,,,,,,,,,,,,,,,,,,,,,,,,,,,,,,,,,,,,,,,,,,,,,,,,,,,,,,,,,,,,,,,,,,,,,,,,,,,,,,,,,,,,,
0,15,28,"{'x': 810.3760926542255, 'y': 115.10543059637523, 'elapsedTime': 12524.200000047684}",936704019028,5162424070,POINT (0.4220708815907425 0.1065791024040511),,,,,,,,,,,,,,,,,,,,,,,,,,,,,,,,,,,,,,,,,,,,,,,,,,,,,,,,,,,,,,,,,,,,,,,,,,,,,,,,,,,,,,,,,,,,,,,,,,,,,
0,15,28,"{'x': 810.3760926542255, 'y': 115.10543059637523, 'elapsedTime': 12524.200000047684}",936704035701,5162440743,POINT (0.4220708815907425 0.1065791024040511),,,,,,,,,,,,,,,,,,,,,,,,,,,,,,,,,,,,,,,,,,,,,,,,,,,,,,,,,,,,,,,,,,,,,,,,,,,,,,,,,,,,,,,,,,,,,,,,,,,,,
0,15,28,"{'x': 779.5849509884663, 'y': 169.74158868659882, 'elapsedTime': 12575.300000071526}",936704052369,5162457410,POINT (0.4060338286398262 0.1571681376727767),,,,,,,,,,,,,,,,,,,,,,,,,,,,,,,,,,,,,,,,,,,,,,,,,,,,,,,,,,,,,,,,,,,,,,,,,,,,,,,,,,,,,,,,,,,,,,,,,,,1,,
0,15,28,"{'x': 779.5849509884663, 'y': 169.74158868659882, 'elapsedTime': 12575.300000071526}",936704069036,5162474077,POINT (0.4060338286398262 0.1571681376727767),,,,,,,,,,,,,,,,,,,,,,,,,,,,,,,,,,,,,,,,,,,,,,,,,,,,,,,,,,,,,,,,,,,,,,,,,,,,,,,,,,,,,,,,,,,,,,,,,,,1,,
0,15,28,"{'x': 779.5849509884663, 'y': 169.74158868659882, 'elapsedTime': 12575.300000071526}",936704085703,5162490743,POINT (0.4060338286398262 0.1571681376727767),,,,,,,,,,,,,,,,,,,,,,,,,,,,,,,,,,,,,,,,,,,,,,,,,,,,,,,,,,,,,,,,,,,,,,,,,,,,,,,,,,,,,,,,,,,,,,,,,,,1,,
0,15,28,"{'x': 676.1967467480737, 'y': 221.8540557861099, 'elapsedTime': 12631.100000023842}",936704102370,5162507410,POINT (0.352185805597955 0.2054204220241758),,,,,,,,,,,,,,,,,,,,,,,,,,,,,,,,,,,,,,,,,,,,,,,,,,,,,,,,,,,,,,,,,,,,,,,,,,,,,,,,,,,,,,,,,,,,,,,,,,,,,
0,15,28,"{'x': 676.1967467480737, 'y': 221.8540557861099, 'elapsedTime': 12631.100000023842}",936704119036,5162524076,POINT (0.352185805597955 0.2054204220241758),,,,,,,,,,,,,,,,,,,,,,,,,,,,,,,,,,,,,,,,,,,,,,,,,,,,,,,,,,,,,,,,,,,,,,,,,,,,,,,,,,,,,,,,,,,,,,,,,,,,,
0,15,28,"{'x': 692.446906349943, 'y': 230.9689393829952, 'elapsedTime': 12680.399999976158}",936704135704,5162540743,POINT (0.3606494303905953 0.2138601290583289),,,,,,,,,,,,,,,,,,,,,,,,,,,,,,,,,,,,,,,,,,,,,,,,,,,,,,,,,,,,,,,,,,,,,,,,,,,,,,,,,,,,,,,,,,,,,,,,,,,,1,
0,15,28,"{'x': 692.446906349943, 'y': 230.9689393829952, 'elapsedTime': 12680.399999976158}",936704152375,5162557414,POINT (0.3606494303905953 0.2138601290583289),,,,,,,,,,,,,,,,,,,,,,,,,,,,,,,,,,,,,,,,,,,,,,,,,,,,,,,,,,,,,,,,,,,,,,,,,,,,,,,,,,,,,,,,,,,,,,,,,,,,1,
0,15,28,"{'x': 692.446906349943, 'y': 230.9689393829952, 'elapsedTime': 12680.399999976158}",936704169042,5162574080,POINT (0.3606494303905953 0.2138601290583289),,,,,,,,,,,,,,,,,,,,,,,,,,,,,,,,,,,,,,,,,,,,,,,,,,,,,,,,,,,,,,,,,,,,,,,,,,,,,,,,,,,,,,,,,,,,,,,,,,,,1,
0,15,28,"{'x': 692.4010765004871, 'y': 187.74932819663331, 'elapsedTime': 12726.800000071526}",936704185709,5162590747,POINT (0.360625560677337 0.1738419705524382),,,,,,,,,,,,,,,,,,,,1,,,,,,,,,,,,,,,,,,,,,,,,,,,,,,,,,,,,,,,,,,,,,,,,,,,,,,,,,,,,,,,,,,,,,,,,,,,,,,,1,,
0,15,28,"{'x': 692.4010765004871, 'y': 187.74932819663331, 'elapsedTime': 12726.800000071526}",936704202376,5162607414,POINT (0.360625560677337 0.1738419705524382),,,,,,,,,,,,,,,,,,,,1,,,,,,,,,,,,,,,,,,,,,,,,,,,,,,,,,,,,,,,,,,,,,,,,,,,,,,,,,,,,,,,,,,,,,,,,,,,,,,,1,,
0,15,28,"{'x': 692.4010765004871, 'y': 187.74932819663331, 'elapsedTime': 12726.800000071526}",936704219044,5162624081,POINT (0.360625560677337 0.1738419705524382),,,,,,,,,,,,,,,,,,,,1,,,,,,,,,,,,,,,,,,,,,,,,,,,,,,,,,,,,,,,,,,,,,,,,,,,,,,,,,,,,,,,,,,,,,,,,,,,,,,,1,,
0,15,28,"{'x': 667.33628503642, 'y': 235.08637718179884, 'elapsedTime': 12772.100000023842}",936704235710,5162640747,POINT (0.3475709817898021 0.2176725714646286),,,,,,,,,,,,,,,,,,,,,,,,,,,,,,,,,,,,,,,,,,,,,,,,,,,,,,,,,,,,,,,,,,,,,,,,,,,,,,,,,,,,,,,,,,,,,,,,,,,,1,
0,15,28,"{'x': 667.33628503642, 'y': 235.08637718179884, 'elapsedTime': 12772.100000023842}",936704252378,5162657414,POINT (0.3475709817898021 0.2176725714646286),,,,,,,,,,,,,,,,,,,,,,,,,,,,,,,,,,,,,,,,,,,,,,,,,,,,,,,,,,,,,,,,,,,,,,,,,,,,,,,,,,,,,,,,,,,,,,,,,,,,1,
0,15,28,"{'x': 667.33628503642, 'y': 235.08637718179884, 'elapsedTime': 12772.100000023842}",936704269045,5162674081,POINT (0.3475709817898021 0.2176725714646286),,,,,,,,,,,,,,,,,,,,,,,,,,,,,,,,,,,,,,,,,,,,,,,,,,,,,,,,,,,,,,,,,,,,,,,,,,,,,,,,,,,,,,,,,,,,,,,,,,,,1,
0,15,28,"{'x': 668.0207583790199, 'y': 214.76378983936831, 'elapsedTime': 12818.800000071526}",936704285715,5162690750,POINT (0.3479274783224062 0.1988553609623781),,,,,,,,,,,,,,,,,,,,,,,,,,,,,,,,,,,,,,,,,,,,,,,,,,,,,,,,,,,,,,,,,,,,,,,,,,,,,,,,,,,,,,,,,,,,,,,,,,,,,
0,15,28,"{'x': 668.0207583790199, 'y': 214.76378983936831, 'elapsedTime': 12818.800000071526}",936704302381,5162707416,POINT (0.3479274783224062 0.1988553609623781),,,,,,,,,,,,,,,,,,,,,,,,,,,,,,,,,,,,,,,,,,,,,,,,,,,,,,,,,,,,,,,,,,,,,,,,,,,,,,,,,,,,,,,,,,,,,,,,,,,,,
0,15,28,"{'x': 668.0207583790199, 'y': 214.76378983936831, 'elapsedTime': 12818.800000071526}",936704319050,5162724084,POINT (0.3479274783224062 0.1988553609623781),,,,,,,,,,,,,,,,,,,,,,,,,,,,,,,,,,,,,,,,,,,,,,,,,,,,,,,,,,,,,,,,,,,,,,,,,,,,,,,,,,,,,,,,,,,,,,,,,,,,,
0,15,28,"{'x': 735.1698024968782, 'y': 217.79870559371432, 'elapsedTime': 12865.399999976158}",936704335716,5162740750,POINT (0.3829009388004574 0.2016654681423281),,,,,,,,,,,,,,,,,,,,,,,,,,,,,,,,,,,,1,,,,,,,,,,,,,,,,,,,,,,,,,,,,,,,,,,,,,,,,,,,,,,,,,,,,,,,,,,,,,,,,,
0,15,28,"{'x': 735.1698024968782, 'y': 217.79870559371432, 'elapsedTime': 12865.399999976158}",936704352384,5162757417,POINT (0.3829009388004574 0.2016654681423281),,,,,,,,,,,,,,,,,,,,,,,,,,,,,,,,,,,,1,,,,,,,,,,,,,,,,,,,,,,,,,,,,,,,,,,,,,,,,,,,,,,,,,,,,,,,,,,,,,,,,,
0,15,28,"{'x': 642.7501670782068, 'y': 210.5458626731109, 'elapsedTime': 12910.899999976158}",936704369050,5162774083,POINT (0.3347657120198994 0.194949872845473),,,,,,,,,,,,,,,,,,,,,,,,,,,,,,,,,,,,,,,,,,,,,,,,,,,,,,,,,,,,,,,,,,,,,,,,,,,,,,,,,,,,,,,,,,,,,,,,,,,,,
0,15,28,"{'x': 642.7501670782068, 'y': 210.5458626731109, 'elapsedTime': 12910.899999976158}",936704385718,5162790750,POINT (0.3347657120198994 0.194949872845473),,,,,,,,,,,,,,,,,,,,,,,,,,,,,,,,,,,,,,,,,,,,,,,,,,,,,,,,,,,,,,,,,,,,,,,,,,,,,,,,,,,,,,,,,,,,,,,,,,,,,
0,15,28,"{'x': 642.7501670782068, 'y': 210.5458626731109, 'elapsedTime': 12910.899999976158}",936704402385,5162807417,POINT (0.3347657120198994 0.194949872845473),,,,,,,,,,,,,,,,,,,,,,,,,,,,,,,,,,,,,,,,,,,,,,,,,,,,,,,,,,,,,,,,,,,,,,,,,,,,,,,,,,,,,,,,,,,,,,,,,,,,,
0,15,28,"{'x': 735.623866374804, 'y': 207.12136616189554, 'elapsedTime': 12955.399999976158}",936704419059,5162824090,POINT (0.3831374304035438 0.1917790427424959),,,,,,,,,,,,,,,,,,,,1,,,,,,,,,,,,,,,,,,,,,,,,,,,,,,,,,,,,,,,,,,,,,,,,,,,,,,,,,,,,,,,,,,,,,,,,,,,,,,,,,
0,15,28,"{'x': 735.623866374804, 'y': 207.12136616189554, 'elapsedTime': 12955.399999976158}",936704435726,5162840757,POINT (0.3831374304035438 0.1917790427424959),,,,,,,,,,,,,,,,,,,,1,,,,,,,,,,,,,,,,,,,,,,,,,,,,,,,,,,,,,,,,,,,,,,,,,,,,,,,,,,,,,,,,,,,,,,,,,,,,,,,,,
0,15,28,"{'x': 735.623866374804, 'y': 207.12136616189554, 'elapsedTime': 12955.399999976158}",936704452394,5162857424,POINT (0.3831374304035438 0.1917790427424959),,,,,,,,,,,,,,,,,,,,1,,,,,,,,,,,,,,,,,,,,,,,,,,,,,,,,,,,,,,,,,,,,,,,,,,,,,,,,,,,,,,,,,,,,,,,,,,,,,,,,,
0,15,28,"{'x': 817.5306976707199, 'y': 180.70018755338015, 'elapsedTime': 13003}",936704469060,5162874090,POINT (0.4257972383701666 0.167314988475352),,,,,,,,,,,,,,,,,,,,,,,,,,,,,,,,,,,,,,,,,,,,,,,,,,,,,,,,,,,,,,,,,,,,,,,,,,,,,,,,,,,,,,,,,,,,,,,,,,,1,,
0,15,28,"{'x': 817.5306976707199, 'y': 180.70018755338015, 'elapsedTime': 13003}",936704485727,5162890757,POINT (0.4257972383701666 0.167314988475352),,,,,,,,,,,,,,,,,,,,,,,,,,,,,,,,,,,,,,,,,,,,,,,,,,,,,,,,,,,,,,,,,,,,,,,,,,,,,,,,,,,,,,,,,,,,,,,,,,,1,,
0,15,28,"{'x': 782.8964176704607, 'y': 179.052735531399, 'elapsedTime': 13050.399999976158}",936704502394,5162907423,POINT (0.4077585508700316 0.1657895699364806),,,,,,,,,,,,,,,,,,,,,,,,,,,,,,,,,,,,,,,,,,,,,,,,,,,,,,,,,,,,,,,,,,,,,,,,,,,,,,,,,,,,,,,,,,,,,,,,,,,1,,
0,15,28,"{'x': 782.8964176704607, 'y': 179.052735531399, 'elapsedTime': 13050.399999976158}",936704519061,5162924090,POINT (0.4077585508700316 0.1657895699364806),,,,,,,,,,,,,,,,,,,,,,,,,,,,,,,,,,,,,,,,,,,,,,,,,,,,,,,,,,,,,,,,,,,,,,,,,,,,,,,,,,,,,,,,,,,,,,,,,,,1,,
0,15,28,"{'x': 782.8964176704607, 'y': 179.052735531399, 'elapsedTime': 13050.399999976158}",936704535729,5162940757,POINT (0.4077585508700316 0.1657895699364806),,,,,,,,,,,,,,,,,,,,,,,,,,,,,,,,,,,,,,,,,,,,,,,,,,,,,,,,,,,,,,,,,,,,,,,,,,,,,,,,,,,,,,,,,,,,,,,,,,,1,,
0,15,28,"{'x': 767.7715355083451, 'y': 187.67678705364358, 'elapsedTime': 13095.200000047684}",936704552396,5162957424,POINT (0.3998810080772631 0.1737748028274478),,,,,,,,,,,,,,,,,,,,,1,,,,,,,,,,,,,,,,,,,,,,,,,,,,,,,,,,,,,,,,,,,,,,,,,,,,,,,,,,,,,,,,,,,,,,,,,,,,,,1,,
0,15,28,"{'x': 767.7715355083451, 'y': 187.67678705364358, 'elapsedTime': 13095.200000047684}",936704569064,5162974091,POINT (0.3998810080772631 0.1737748028274478),,,,,,,,,,,,,,,,,,,,,1,,,,,,,,,,,,,,,,,,,,,,,,,,,,,,,,,,,,,,,,,,,,,,,,,,,,,,,,,,,,,,,,,,,,,,,,,,,,,,1,,
0,15,28,"{'x': 767.7715355083451, 'y': 187.67678705364358, 'elapsedTime': 13095.200000047684}",936704585731,5162990758,POINT (0.3998810080772631 0.1737748028274478),,,,,,,,,,,,,,,,,,,,,1,,,,,,,,,,,,,,,,,,,,,,,,,,,,,,,,,,,,,,,,,,,,,,,,,,,,,,,,,,,,,,,,,,,,,,,,,,,,,,1,,
0,15,28,"{'x': 724.3045060301351, 'y': 149.78436706929313, 'elapsedTime': 13141.200000047684}",936704602398,5163007424,POINT (0.3772419302240287 0.138689228767864),,,,,,,,,,,,,,,,,,,,,,,,,,,,,,,,,,,,,,,,,,,,,,,,,,,,,,,,,,,,,,,,,,,,,,,,,,,,,,,,,,,,,,,,,,,,,,,,,,,,,
0,15,28,"{'x': 724.3045060301351, 'y': 149.78436706929313, 'elapsedTime': 13141.200000047684}",936704619065,5163024091,POINT (0.3772419302240287 0.138689228767864),,,,,,,,,,,,,,,,,,,,,,,,,,,,,,,,,,,,,,,,,,,,,,,,,,,,,,,,,,,,,,,,,,,,,,,,,,,,,,,,,,,,,,,,,,,,,,,,,,,,,
0,15,28,"{'x': 724.3045060301351, 'y': 149.78436706929313, 'elapsedTime': 13141.200000047684}",936704635733,5163040758,POINT (0.3772419302240287 0.138689228767864),,,,,,,,,,,,,,,,,,,,,,,,,,,,,,,,,,,,,,,,,,,,,,,,,,,,,,,,,,,,,,,,,,,,,,,,,,,,,,,,,,,,,,,,,,,,,,,,,,,,,
0,15,28,"{'x': 793.7786106301238, 'y': 149.88843767742222, 'elapsedTime': 13187.399999976158}",936704652399,5163057424,POINT (0.4134263597031895 0.1387855904420576),,,,,,,,,,,,,,,,,,,,,,,,,,,,,,,,,,,,,,,,,,,,,,,,,,,,,,,,,,,,,,,,,,,,,,,,,,,,,,,,,,,,,,,,,,,,,,,,,,,,,
0,15,28,"{'x': 793.7786106301238, 'y': 149.88843767742222, 'elapsedTime': 13187.399999976158}",936704669067,5163074091,POINT (0.4134263597031895 0.1387855904420576),,,,,,,,,,,,,,,,,,,,,,,,,,,,,,,,,,,,,,,,,,,,,,,,,,,,,,,,,,,,,,,,,,,,,,,,,,,,,,,,,,,,,,,,,,,,,,,,,,,,,
0,15,28,"{'x': 793.7786106301238, 'y': 149.88843767742222, 'elapsedTime': 13187.399999976158}",936704685741,5163090765,POINT (0.4134263597031895 0.1387855904420576),,,,,,,,,,,,,,,,,,,,,,,,,,,,,,,,,,,,,,,,,,,,,,,,,,,,,,,,,,,,,,,,,,,,,,,,,,,,,,,,,,,,,,,,,,,,,,,,,,,,,
0,15,28,"{'x': 686.5865370804985, 'y': 137.11294798871438, 'elapsedTime': 13235.899999976158}",936704702409,5163107432,POINT (0.3575971547294263 0.1269564333228837),,,,,,,,,,,,,,,,,,,,,,,,,,,,,,,,,,,,,,,,,,,,,,,,,,,,,,,,,,,,,,,,,,,,,,,,,,,,,,,,,,,,,,,,,,,,,,,,,,,,,
0,15,28,"{'x': 686.5865370804985, 'y': 137.11294798871438, 'elapsedTime': 13235.899999976158}",936704719075,5163124098,POINT (0.3575971547294263 0.1269564333228837),,,,,,,,,,,,,,,,,,,,,,,,,,,,,,,,,,,,,,,,,,,,,,,,,,,,,,,,,,,,,,,,,,,,,,,,,,,,,,,,,,,,,,,,,,,,,,,,,,,,,
0,15,28,"{'x': 686.5865370804985, 'y': 137.11294798871438, 'elapsedTime': 13235.899999976158}",936704735743,5163140765,POINT (0.3575971547294263 0.1269564333228837),,,,,,,,,,,,,,,,,,,,,,,,,,,,,,,,,,,,,,,,,,,,,,,,,,,,,,,,,,,,,,,,,,,,,,,,,,,,,,,,,,,,,,,,,,,,,,,,,,,,,
0,15,28,"{'x': 686.5865370804985, 'y': 137.11294798871438, 'elapsedTime': 13235.899999976158}",936704752409,5163157431,POINT (0.3575971547294263 0.1269564333228837),,,,,,,,,,,,,,,,,,,,,,,,,,,,,,,,,,,,,,,,,,,,,,,,,,,,,,,,,,,,,,,,,,,,,,,,,,,,,,,,,,,,,,,,,,,,,,,,,,,,,
0,15,28,"{'x': 680.0506954747033, 'y': 199.90568129786715, 'elapsedTime': 13285.300000071526}",936704769077,5163174098,POINT (0.3541930705597413 0.1850978530535807),,,,,,,,,,,,,,,,,,,,,,,,,,,,,,,,,,,,,,,,,,,,,,,,,,,,,,,,,,,,,,,,,,,,,,,,,,,,,,,,,,,,,,,,,,,,,,,,,,,,,
0,15,28,"{'x': 680.0506954747033, 'y': 199.90568129786715, 'elapsedTime': 13285.300000071526}",936704785744,5163190765,POINT (0.3541930705597413 0.1850978530535807),,,,,,,,,,,,,,,,,,,,,,,,,,,,,,,,,,,,,,,,,,,,,,,,,,,,,,,,,,,,,,,,,,,,,,,,,,,,,,,,,,,,,,,,,,,,,,,,,,,,,
0,15,28,"{'x': 700.3252600384216, 'y': 241.21115465430262, 'elapsedTime': 13345.700000047684}",936704802412,5163207432,POINT (0.3647527396033446 0.2233436617169469),,,,,,,,,,,,,,,,,,,,,,,,,,,,,,,,,,,,,,,,,,,,,,,,,,,,,,,,,,,,,,,,,,,,,,,,,,,,,,,,,,,,,,,,,,,,,,,,,,,,1,
0,15,28,"{'x': 700.3252600384216, 'y': 241.21115465430262, 'elapsedTime': 13345.700000047684}",936704819082,5163224102,POINT (0.3647527396033446 0.2233436617169469),,,,,,,,,,,,,,,,,,,,,,,,,,,,,,,,,,,,,,,,,,,,,,,,,,,,,,,,,,,,,,,,,,,,,,,,,,,,,,,,,,,,,,,,,,,,,,,,,,,,1,
0,15,28,"{'x': 700.3252600384216, 'y': 241.21115465430262, 'elapsedTime': 13345.700000047684}",936704835750,5163240769,POINT (0.3647527396033446 0.2233436617169469),,,,,,,,,,,,,,,,,,,,,,,,,,,,,,,,,,,,,,,,,,,,,,,,,,,,,,,,,,,,,,,,,,,,,,,,,,,,,,,,,,,,,,,,,,,,,,,,,,,,1,
0,15,28,"{'x': 688.3922947851577, 'y': 198.951071254694, 'elapsedTime': 13389.700000047684}",936704852416,5163257435,POINT (0.3585376535339363 0.1842139548654574),,,,,,,,,,,,,,,,,,,,,,,,,,,,,,,,,,,,,,,,,,,,,,,,,,,,,,,,,,,,,,,,,,,,,,,,,,,,,,,,,,,,,,,,,,,,,,,,,,,,,
0,15,28,"{'x': 688.3922947851577, 'y': 198.951071254694, 'elapsedTime': 13389.700000047684}",936704869084,5163274102,POINT (0.3585376535339363 0.1842139548654574),,,,,,,,,,,,,,,,,,,,,,,,,,,,,,,,,,,,,,,,,,,,,,,,,,,,,,,,,,,,,,,,,,,,,,,,,,,,,,,,,,,,,,,,,,,,,,,,,,,,,
0,15,28,"{'x': 688.3922947851577, 'y': 198.951071254694, 'elapsedTime': 13389.700000047684}",936704885751,5163290769,POINT (0.3585376535339363 0.1842139548654574),,,,,,,,,,,,,,,,,,,,,,,,,,,,,,,,,,,,,,,,,,,,,,,,,,,,,,,,,,,,,,,,,,,,,,,,,,,,,,,,,,,,,,,,,,,,,,,,,,,,,
0,15,28,"{'x': 663.7766147978713, 'y': 215.62097714416223, 'elapsedTime': 13438}",936704902418,5163307435,POINT (0.3457169868738913 0.1996490529112613),,,,,,,,,,,,,,,,,,,,,,,,,,,,,,,,,,,,,,,,,,,,,,,,,,,,,,,,,,,,,,,,,,,,,,,,,,,,,,,,,,,,,,,,,,,,,,,,,,,,,
0,15,28,"{'x': 663.7766147978713, 'y': 215.62097714416223, 'elapsedTime': 13438}",936704919085,5163324102,POINT (0.3457169868738913 0.1996490529112613),,,,,,,,,,,,,,,,,,,,,,,,,,,,,,,,,,,,,,,,,,,,,,,,,,,,,,,,,,,,,,,,,,,,,,,,,,,,,,,,,,,,,,,,,,,,,,,,,,,,,
0,15,28,"{'x': 663.7766147978713, 'y': 215.62097714416223, 'elapsedTime': 13438}",936704935752,5163340768,POINT (0.3457169868738913 0.1996490529112613),,,,,,,,,,,,,,,,,,,,,,,,,,,,,,,,,,,,,,,,,,,,,,,,,,,,,,,,,,,,,,,,,,,,,,,,,,,,,,,,,,,,,,,,,,,,,,,,,,,,,
0,15,28,"{'x': 691.8519281833997, 'y': 239.5531515018388, 'elapsedTime': 13483.5}",936704952425,5163357441,POINT (0.360339545928854 0.2218084736128137),,,,,,,,,,,,,,,,,,,,,,,,,,,,,,,,,,,,,,,,,,,,,,,,,,,,,,,,,,,,,,,,,,,,,,,,,,,,,,,,,,,,,,,,,,,,,,,,,,,,1,
0,15,28,"{'x': 691.8519281833997, 'y': 239.5531515018388, 'elapsedTime': 13483.5}",936704969092,5163374107,POINT (0.360339545928854 0.2218084736128137),,,,,,,,,,,,,,,,,,,,,,,,,,,,,,,,,,,,,,,,,,,,,,,,,,,,,,,,,,,,,,,,,,,,,,,,,,,,,,,,,,,,,,,,,,,,,,,,,,,,1,
0,15,28,"{'x': 746.7261920623491, 'y': 225.6961022657622, 'elapsedTime': 13529.5}",936704985758,5163390773,POINT (0.3889198916991402 0.2089778724682983),,,,,,,,,,,,,,,,,,,,,,,,,,,,,,,,,,,,,,,,,,,,,,,,,,,,,,,,,,,,,,,,,,,,,,,,,,,,,,,,,,,,,,,,,,,,,,,,,,,,,
0,15,28,"{'x': 746.7261920623491, 'y': 225.6961022657622, 'elapsedTime': 13529.5}",936705002426,5163407440,POINT (0.3889198916991402 0.2089778724682983),,,,,,,,,,,,,,,,,,,,,,,,,,,,,,,,,,,,,,,,,,,,,,,,,,,,,,,,,,,,,,,,,,,,,,,,,,,,,,,,,,,,,,,,,,,,,,,,,,,,,
0,15,28,"{'x': 746.7261920623491, 'y': 225.6961022657622, 'elapsedTime': 13529.5}",936705019093,5163424107,POINT (0.3889198916991402 0.2089778724682983),,,,,,,,,,,,,,,,,,,,,,,,,,,,,,,,,,,,,,,,,,,,,,,,,,,,,,,,,,,,,,,,,,,,,,,,,,,,,,,,,,,,,,,,,,,,,,,,,,,,,
0,15,28,"{'x': 746.7261920623491, 'y': 225.6961022657622, 'elapsedTime': 13529.5}",936705035760,5163440773,POINT (0.3889198916991402 0.2089778724682983),,,,,,,,,,,,,,,,,,,,,,,,,,,,,,,,,,,,,,,,,,,,,,,,,,,,,,,,,,,,,,,,,,,,,,,,,,,,,,,,,,,,,,,,,,,,,,,,,,,,,
0,15,28,"{'x': 746.2973599917254, 'y': 181.73231731061952, 'elapsedTime': 13575.100000023842}",936705052427,5163457440,POINT (0.388696541662357 0.1682706641764996),,,,,,,,,,,,,,,,,,,,,,,,,,,,,,,,,,,,,,,,,,,,,,,,,,,,,,,,,,,,,,,,,,,,,,,,,,,,,,,,,,,,,,,,,,,,,,,,,,,1,,
0,15,28,"{'x': 746.2973599917254, 'y': 181.73231731061952, 'elapsedTime': 13575.100000023842}",936705069101,5163474113,POINT (0.388696541662357 0.1682706641764996),,,,,,,,,,,,,,,,,,,,,,,,,,,,,,,,,,,,,,,,,,,,,,,,,,,,,,,,,,,,,,,,,,,,,,,,,,,,,,,,,,,,,,,,,,,,,,,,,,,1,,
0,15,28,"{'x': 746.2973599917254, 'y': 181.73231731061952, 'elapsedTime': 13575.100000023842}",936705085768,5163490780,POINT (0.388696541662357 0.1682706641764996),,,,,,,,,,,,,,,,,,,,,,,,,,,,,,,,,,,,,,,,,,,,,,,,,,,,,,,,,,,,,,,,,,,,,,,,,,,,,,,,,,,,,,,,,,,,,,,,,,,1,,
0,15,28,"{'x': 762.5295267410811, 'y': 203.08531668543907, 'elapsedTime': 13635.600000023842}",936705102435,5163507446,POINT (0.3971507951776464 0.188041959893925),,,,,,,,,,,,,,,,,,,,,,,,,,,,,,,,,,,,,,,,,,,,,,,,,,,,,,,,,,,,,,,,,,,,,,,,,,,,,,,,,,,,,,,,,,,,,,,,,,,1,,
0,15,28,"{'x': 762.5295267410811, 'y': 203.08531668543907, 'elapsedTime': 13635.600000023842}",936705119102,5163524113,POINT (0.3971507951776464 0.188041959893925),,,,,,,,,,,,,,,,,,,,,,,,,,,,,,,,,,,,,,,,,,,,,,,,,,,,,,,,,,,,,,,,,,,,,,,,,,,,,,,,,,,,,,,,,,,,,,,,,,,1,,
0,15,28,"{'x': 762.5295267410811, 'y': 203.08531668543907, 'elapsedTime': 13635.600000023842}",936705135770,5163540780,POINT (0.3971507951776464 0.188041959893925),,,,,,,,,,,,,,,,,,,,,,,,,,,,,,,,,,,,,,,,,,,,,,,,,,,,,,,,,,,,,,,,,,,,,,,,,,,,,,,,,,,,,,,,,,,,,,,,,,,1,,
0,15,28,"{'x': 707.4499785261946, 'y': 146.24339856203403, 'elapsedTime': 13682.200000047684}",936705152436,5163557446,POINT (0.368463530482393 0.1354105542241056),,,,,,,,,,,,,,,,,,,,,,,,,,,,,,,,,,,,,,,,,,,,,,,,,,,,,,,,,,,,,,,,,,,,,,,,,,,,,,,,,,,,,,,,,,,,,,,,,,,,,
0,15,28,"{'x': 707.4499785261946, 'y': 146.24339856203403, 'elapsedTime': 13682.200000047684}",936705169104,5163574113,POINT (0.368463530482393 0.1354105542241056),,,,,,,,,,,,,,,,,,,,,,,,,,,,,,,,,,,,,,,,,,,,,,,,,,,,,,,,,,,,,,,,,,,,,,,,,,,,,,,,,,,,,,,,,,,,,,,,,,,,,
0,15,28,"{'x': 688.4003685901304, 'y': 158.8701776924056, 'elapsedTime': 13729.100000023842}",936705185770,5163590779,POINT (0.3585418586406929 0.147102016381857),,,,,,,,,,,,,,,,,,,,,,,,,,,,,,,,,,,,,,,,,,,,,,,,,,,,,,,,,,,,,,,,,,,,,,,,,,,,,,,,,,,,,,,,,,,,,,,,,,,1,,
0,15,28,"{'x': 688.4003685901304, 'y': 158.8701776924056, 'elapsedTime': 13729.100000023842}",936705202441,5163607449,POINT (0.3585418586406929 0.147102016381857),,,,,,,,,,,,,,,,,,,,,,,,,,,,,,,,,,,,,,,,,,,,,,,,,,,,,,,,,,,,,,,,,,,,,,,,,,,,,,,,,,,,,,,,,,,,,,,,,,,1,,
0,15,28,"{'x': 688.4003685901304, 'y': 158.8701776924056, 'elapsedTime': 13729.100000023842}",936705219108,5163624116,POINT (0.3585418586406929 0.147102016381857),,,,,,,,,,,,,,,,,,,,,,,,,,,,,,,,,,,,,,,,,,,,,,,,,,,,,,,,,,,,,,,,,,,,,,,,,,,,,,,,,,,,,,,,,,,,,,,,,,,1,,
0,15,28,"{'x': 656.7939606659902, 'y': 143.83960350889015, 'elapsedTime': 13774.899999976158}",936705235776,5163640783,POINT (0.3420801878468699 0.1331848180637872),,,,,,,1,,,,,,,,,,,,,,,,,,,,,,,,,,,,,,,,,,,,,,,,,,,,,,,,,,,,,,,,,,,,,,,,,,,,,,,,,,,,,,,,,,,,,,,,,,,,,,
0,15,28,"{'x': 656.7939606659902, 'y': 143.83960350889015, 'elapsedTime': 13774.899999976158}",936705252442,5163657449,POINT (0.3420801878468699 0.1331848180637872),,,,,,,1,,,,,,,,,,,,,,,,,,,,,,,,,,,,,,,,,,,,,,,,,,,,,,,,,,,,,,,,,,,,,,,,,,,,,,,,,,,,,,,,,,,,,,,,,,,,,,
0,15,28,"{'x': 656.7939606659902, 'y': 143.83960350889015, 'elapsedTime': 13774.899999976158}",936705269110,5163674116,POINT (0.3420801878468699 0.1331848180637872),,,,,,,1,,,,,,,,,,,,,,,,,,,,,,,,,,,,,,,,,,,,,,,,,,,,,,,,,,,,,,,,,,,,,,,,,,,,,,,,,,,,,,,,,,,,,,,,,,,,,,
0,15,28,"{'x': 569.5131938373675, 'y': 153.88630283376833, 'elapsedTime': 13823}",936705285777,5163690783,POINT (0.2966214551236289 0.1424873174386744),,,,,,,,,,,,,,,,,,,,,,,,,,,,,,,,,,,,,,,,,,,,,,,,,,,,,,,,,,,,,,,,,,,,,,,,,,,,,,,,,,,,,,,,,,,,,,,,,,,1,,
0,15,28,"{'x': 569.5131938373675, 'y': 153.88630283376833, 'elapsedTime': 13823}",936705302444,5163707449,POINT (0.2966214551236289 0.1424873174386744),,,,,,,,,,,,,,,,,,,,,,,,,,,,,,,,,,,,,,,,,,,,,,,,,,,,,,,,,,,,,,,,,,,,,,,,,,,,,,,,,,,,,,,,,,,,,,,,,,,1,,
0,15,28,"{'x': 569.5131938373675, 'y': 153.88630283376833, 'elapsedTime': 13823}",936705319111,5163724116,POINT (0.2966214551236289 0.1424873174386744),,,,,,,,,,,,,,,,,,,,,,,,,,,,,,,,,,,,,,,,,,,,,,,,,,,,,,,,,,,,,,,,,,,,,,,,,,,,,,,,,,,,,,,,,,,,,,,,,,,1,,
0,15,28,"{'x': 553.131098131637, 'y': 149.0375556913499, 'elapsedTime': 13871.200000047684}",936705335783,5163740787,POINT (0.2880891136102276 0.1379977367512499),,,,,,1,,,,,,,,,,,,,,,,,,,,,,,,,,,,,,,,,,,,,,,,,,,,,,,,,,,,,,,,,,,,,,,,,,,,,,,,,,,,,,,,,,,,,,,,,,,,,,,
0,15,28,"{'x': 553.131098131637, 'y': 149.0375556913499, 'elapsedTime': 13871.200000047684}",936705352449,5163757453,POINT (0.2880891136102276 0.1379977367512499),,,,,,1,,,,,,,,,,,,,,,,,,,,,,,,,,,,,,,,,,,,,,,,,,,,,,,,,,,,,,,,,,,,,,,,,,,,,,,,,,,,,,,,,,,,,,,,,,,,,,,
0,15,28,"{'x': 553.131098131637, 'y': 149.0375556913499, 'elapsedTime': 13871.200000047684}",936705369116,5163774119,POINT (0.2880891136102276 0.1379977367512499),,,,,,1,,,,,,,,,,,,,,,,,,,,,,,,,,,,,,,,,,,,,,,,,,,,,,,,,,,,,,,,,,,,,,,,,,,,,,,,,,,,,,,,,,,,,,,,,,,,,,,
0,15,28,"{'x': 611.427630185111, 'y': 96.17252545465547, 'elapsedTime': 13919.700000047684}",936705385783,5163790786,POINT (0.318451890721412 0.0890486346802366),,,,,,,,,,,,,,,,,,,,,,,,,,,,,,,,,,,,,,,,,,,,,,,,,,,,,,,,,,,,,,,,,,,,,,,,,,,,,,,,,,,,,,,,,,,,,,,,,,,,,
0,15,28,"{'x': 611.427630185111, 'y': 96.17252545465547, 'elapsedTime': 13919.700000047684}",936705402451,5163807453,POINT (0.318451890721412 0.0890486346802366),,,,,,,,,,,,,,,,,,,,,,,,,,,,,,,,,,,,,,,,,,,,,,,,,,,,,,,,,,,,,,,,,,,,,,,,,,,,,,,,,,,,,,,,,,,,,,,,,,,,,
0,15,28,"{'x': 611.427630185111, 'y': 96.17252545465547, 'elapsedTime': 13919.700000047684}",936705419118,5163824120,POINT (0.318451890721412 0.0890486346802366),,,,,,,,,,,,,,,,,,,,,,,,,,,,,,,,,,,,,,,,,,,,,,,,,,,,,,,,,,,,,,,,,,,,,,,,,,,,,,,,,,,,,,,,,,,,,,,,,,,,,
0,15,28,"{'x': 548.088411265591, 'y': 172.88642735969577, 'elapsedTime': 13969.200000047684}",936705435785,5163840786,POINT (0.2854627142008287 0.1600800253330516),,,,,,,,,,,,,,,,,,,,,,,,,,,,,,,,,,,,,,,,,,,,,,,,,,,,,,,,,,,,,,,,,,,,,,,,,,,,,,,,,,,,,,,,,,,,,,,,,,,1,,
0,15,28,"{'x': 548.088411265591, 'y': 172.88642735969577, 'elapsedTime': 13969.200000047684}",936705452452,5163857453,POINT (0.2854627142008287 0.1600800253330516),,,,,,,,,,,,,,,,,,,,,,,,,,,,,,,,,,,,,,,,,,,,,,,,,,,,,,,,,,,,,,,,,,,,,,,,,,,,,,,,,,,,,,,,,,,,,,,,,,,1,,
0,15,28,"{'x': 548.088411265591, 'y': 172.88642735969577, 'elapsedTime': 13969.200000047684}",936705469127,5163874127,POINT (0.2854627142008287 0.1600800253330516),,,,,,,,,,,,,,,,,,,,,,,,,,,,,,,,,,,,,,,,,,,,,,,,,,,,,,,,,,,,,,,,,,,,,,,,,,,,,,,,,,,,,,,,,,,,,,,,,,,1,,
0,15,28,"{'x': 614.5273467330575, 'y': 191.23778531333372, 'elapsedTime': 14017.300000071526}",936705485793,5163890793,POINT (0.3200663264234674 0.177072023438272),,,,,,,,,,,,,,,,,,,,,,,,,,,,,,,,,,,,,,,,,,,,,,,,,,,,,,,,,,,,,,,,,,,,,,,,,,,,,,,,,,,,,,,,,,,,,,,,,,,1,,
0,15,28,"{'x': 614.5273467330575, 'y': 191.23778531333372, 'elapsedTime': 14017.300000071526}",936705502461,5163907460,POINT (0.3200663264234674 0.177072023438272),,,,,,,,,,,,,,,,,,,,,,,,,,,,,,,,,,,,,,,,,,,,,,,,,,,,,,,,,,,,,,,,,,,,,,,,,,,,,,,,,,,,,,,,,,,,,,,,,,,1,,
0,15,28,"{'x': 614.5273467330575, 'y': 191.23778531333372, 'elapsedTime': 14017.300000071526}",936705519127,5163924126,POINT (0.3200663264234674 0.177072023438272),,,,,,,,,,,,,,,,,,,,,,,,,,,,,,,,,,,,,,,,,,,,,,,,,,,,,,,,,,,,,,,,,,,,,,,,,,,,,,,,,,,,,,,,,,,,,,,,,,,1,,
0,15,28,"{'x': 705.8479025617155, 'y': 141.99301173421637, 'elapsedTime': 14066.600000023842}",936705535795,5163940793,POINT (0.3676291159175602 0.1314750108650152),,,,,,,,,,,,,,,,,,,,,,,,,,,,,,,,,,,,,,,,,,,,,,,,,,,,,,,,,,,,,,,,,,,,,,,,,,,,,,,,,,,,,,,,,,,,,,,,,,,,,
0,15,28,"{'x': 705.8479025617155, 'y': 141.99301173421637, 'elapsedTime': 14066.600000023842}",936705552462,5163957460,POINT (0.3676291159175602 0.1314750108650152),,,,,,,,,,,,,,,,,,,,,,,,,,,,,,,,,,,,,,,,,,,,,,,,,,,,,,,,,,,,,,,,,,,,,,,,,,,,,,,,,,,,,,,,,,,,,,,,,,,,,
0,15,28,"{'x': 705.8479025617155, 'y': 141.99301173421637, 'elapsedTime': 14066.600000023842}",936705569129,5163974126,POINT (0.3676291159175602 0.1314750108650152),,,,,,,,,,,,,,,,,,,,,,,,,,,,,,,,,,,,,,,,,,,,,,,,,,,,,,,,,,,,,,,,,,,,,,,,,,,,,,,,,,,,,,,,,,,,,,,,,,,,,
0,15,28,"{'x': 758.5473602022355, 'y': 155.13856232391805, 'elapsedTime': 14114.600000023842}",936705585797,5163990794,POINT (0.395076750105331 0.1436468169665908),,,,,,,,,,,,,,,,,,,,,,,,,,,,,,,,,,,,,,,,,,,,,,,,,,,,,,,,,,,,,,,,,,,,,,,,,,,,,,,,,,,,,,,,,,,,,,,,,,,1,,
0,15,28,"{'x': 758.5473602022355, 'y': 155.13856232391805, 'elapsedTime': 14114.600000023842}",936705602467,5164007463,POINT (0.395076750105331 0.1436468169665908),,,,,,,,,,,,,,,,,,,,,,,,,,,,,,,,,,,,,,,,,,,,,,,,,,,,,,,,,,,,,,,,,,,,,,,,,,,,,,,,,,,,,,,,,,,,,,,,,,,1,,
0,15,28,"{'x': 717.3889009512725, 'y': 201.81182401325015, 'elapsedTime': 14164.5}",936705619134,5164024130,POINT (0.3736400525787877 0.1868628000122686),,,,,,,,,,,,,,,,,,,,1,,,,,,,,,,,,,,,,,,,,,,,,,,,,,,,,,,,,,,,,,,,,,,,,,,,,,,,,,,,,,,,,,,,,,,,,,,,,,,,,,
0,15,28,"{'x': 717.3889009512725, 'y': 201.81182401325015, 'elapsedTime': 14164.5}",936705635801,5164040796,POINT (0.3736400525787877 0.1868628000122686),,,,,,,,,,,,,,,,,,,,1,,,,,,,,,,,,,,,,,,,,,,,,,,,,,,,,,,,,,,,,,,,,,,,,,,,,,,,,,,,,,,,,,,,,,,,,,,,,,,,,,
0,15,28,"{'x': 717.3889009512725, 'y': 201.81182401325015, 'elapsedTime': 14164.5}",936705652468,5164057463,POINT (0.3736400525787877 0.1868628000122686),,,,,,,,,,,,,,,,,,,,1,,,,,,,,,,,,,,,,,,,,,,,,,,,,,,,,,,,,,,,,,,,,,,,,,,,,,,,,,,,,,,,,,,,,,,,,,,,,,,,,,
0,15,28,"{'x': 653.0457878429834, 'y': 120.70978342235708, 'elapsedTime': 14211.399999976158}",936705669136,5164074130,POINT (0.3401280145015538 0.111768317983664),,,,,,,,,,,,,,,,,,,,,,,,,,,,,,,,,,,,,,,,,,,,,,,,,,,,,,,,,,,,,,,,,,,,,,,,,,,,,,,,,,,,,,,,,,,,,,,,,,,,,
0,15,28,"{'x': 653.0457878429834, 'y': 120.70978342235708, 'elapsedTime': 14211.399999976158}",936705685802,5164090796,POINT (0.3401280145015538 0.111768317983664),,,,,,,,,,,,,,,,,,,,,,,,,,,,,,,,,,,,,,,,,,,,,,,,,,,,,,,,,,,,,,,,,,,,,,,,,,,,,,,,,,,,,,,,,,,,,,,,,,,,,
0,15,28,"{'x': 653.0457878429834, 'y': 120.70978342235708, 'elapsedTime': 14211.399999976158}",936705702470,5164107463,POINT (0.3401280145015538 0.111768317983664),,,,,,,,,,,,,,,,,,,,,,,,,,,,,,,,,,,,,,,,,,,,,,,,,,,,,,,,,,,,,,,,,,,,,,,,,,,,,,,,,,,,,,,,,,,,,,,,,,,,,
0,15,28,"{'x': 703.4551854728683, 'y': 92.18706772156992, 'elapsedTime': 14259.100000023842}",936705719136,5164124129,POINT (0.3663829091004522 0.0853583960384907),,,,,,,,,,,,,,,,,,,,,,,,,,,,,,,,,,,,,,,,,,,,,,,,,,,,,,,,,,,,,,,,,,,,,,,,,,,,,,,,,,,,,,,,,,,,,,,,,,,,,
0,15,28,"{'x': 703.4551854728683, 'y': 92.18706772156992, 'elapsedTime': 14259.100000023842}",936705735806,5164140798,POINT (0.3663829091004522 0.0853583960384907),,,,,,,,,,,,,,,,,,,,,,,,,,,,,,,,,,,,,,,,,,,,,,,,,,,,,,,,,,,,,,,,,,,,,,,,,,,,,,,,,,,,,,,,,,,,,,,,,,,,,
0,15,28,"{'x': 703.4551854728683, 'y': 92.18706772156992, 'elapsedTime': 14259.100000023842}",936705752473,5164157465,POINT (0.3663829091004522 0.0853583960384907),,,,,,,,,,,,,,,,,,,,,,,,,,,,,,,,,,,,,,,,,,,,,,,,,,,,,,,,,,,,,,,,,,,,,,,,,,,,,,,,,,,,,,,,,,,,,,,,,,,,,
0,15,28,"{'x': 750.3018613188377, 'y': 102.24507821535296, 'elapsedTime': 14306.800000071526}",936705769140,5164174131,POINT (0.3907822194368947 0.0946713687179194),,,,,,,,,,,,,,,,,,,,,,,,,,,,,,,,,,,,,,,,,,,,,,,,,,,,,,,,,,,,,,,,,,,,,,,,,,,,,,,,,,,,,,,,,,,,,,,,,,,,,
0,15,28,"{'x': 750.3018613188377, 'y': 102.24507821535296, 'elapsedTime': 14306.800000071526}",936705785807,5164190798,POINT (0.3907822194368947 0.0946713687179194),,,,,,,,,,,,,,,,,,,,,,,,,,,,,,,,,,,,,,,,,,,,,,,,,,,,,,,,,,,,,,,,,,,,,,,,,,,,,,,,,,,,,,,,,,,,,,,,,,,,,
0,15,28,"{'x': 750.3018613188377, 'y': 102.24507821535296, 'elapsedTime': 14306.800000071526}",936705802475,5164207465,POINT (0.3907822194368947 0.0946713687179194),,,,,,,,,,,,,,,,,,,,,,,,,,,,,,,,,,,,,,,,,,,,,,,,,,,,,,,,,,,,,,,,,,,,,,,,,,,,,,,,,,,,,,,,,,,,,,,,,,,,,
0,15,28,"{'x': 697.1628443226812, 'y': 154.88279534453687, 'elapsedTime': 14354.800000071526}",936705819142,5164224132,POINT (0.3631056480847298 0.143409995689386),,,,,,,,,,,,,,,,,,,,,,,,,,,,,,,,,,,,,,,,,,,,,,,,,,,,,,,,,,,,,,,,,,,,,,,,,,,,,,,,,,,,,,,,,,,,,,,,,,,1,,
0,15,28,"{'x': 697.1628443226812, 'y': 154.88279534453687, 'elapsedTime': 14354.800000071526}",936705835809,5164240798,POINT (0.3631056480847298 0.143409995689386),,,,,,,,,,,,,,,,,,,,,,,,,,,,,,,,,,,,,,,,,,,,,,,,,,,,,,,,,,,,,,,,,,,,,,,,,,,,,,,,,,,,,,,,,,,,,,,,,,,1,,
0,15,28,"{'x': 639.1960436740372, 'y': 120.61992563677967, 'elapsedTime': 14400}",936705852476,5164257465,POINT (0.3329146060802277 0.1116851163303515),,,,,,,,,,,,,,,,,,,,,,,,,,,,,,,,,,,,,,,,,,,,,,,,,,,,,,,,,,,,,,,,,,,,,,,,,,,,,,,,,,,,,,,,,,,,,,,,,,,,,
0,15,28,"{'x': 639.1960436740372, 'y': 120.61992563677967, 'elapsedTime': 14400}",936705869152,5164274140,POINT (0.3329146060802277 0.1116851163303515),,,,,,,,,,,,,,,,,,,,,,,,,,,,,,,,,,,,,,,,,,,,,,,,,,,,,,,,,,,,,,,,,,,,,,,,,,,,,,,,,,,,,,,,,,,,,,,,,,,,,
0,15,28,"{'x': 639.1960436740372, 'y': 120.61992563677967, 'elapsedTime': 14400}",936705885818,5164290806,POINT (0.3329146060802277 0.1116851163303515),,,,,,,,,,,,,,,,,,,,,,,,,,,,,,,,,,,,,,,,,,,,,,,,,,,,,,,,,,,,,,,,,,,,,,,,,,,,,,,,,,,,,,,,,,,,,,,,,,,,,
0,15,28,"{'x': 690.4992170040944, 'y': 95.22292391384222, 'elapsedTime': 14446.100000023842}",936705902486,5164307473,POINT (0.3596350088562991 0.0881693739942984),,,,,,,,,,,,,,,,,,,,,,,,,,,,,,,,,,,,,,,,,,,,,,,,,,,,,,,,,,,,,,,,,,,,,,,,,,,,,,,,,,,,,,,,,,,,,,,,,,,,,
0,15,28,"{'x': 690.4992170040944, 'y': 95.22292391384222, 'elapsedTime': 14446.100000023842}",936705919153,5164324140,POINT (0.3596350088562991 0.0881693739942984),,,,,,,,,,,,,,,,,,,,,,,,,,,,,,,,,,,,,,,,,,,,,,,,,,,,,,,,,,,,,,,,,,,,,,,,,,,,,,,,,,,,,,,,,,,,,,,,,,,,,
0,15,28,"{'x': 690.4992170040944, 'y': 95.22292391384222, 'elapsedTime': 14446.100000023842}",936705935820,5164340806,POINT (0.3596350088562991 0.0881693739942984),,,,,,,,,,,,,,,,,,,,,,,,,,,,,,,,,,,,,,,,,,,,,,,,,,,,,,,,,,,,,,,,,,,,,,,,,,,,,,,,,,,,,,,,,,,,,,,,,,,,,
0,15,28,"{'x': 653.2756731738768, 'y': 129.2708077581077, 'elapsedTime': 14493}",936705952486,5164357472,POINT (0.3402477464447275 0.1196951923686182),,,,,,,1,,,,,,,,,,,,,,,,,,,,,,,,,,,,,,,,,,,,,,,,,,,,,,,,,,,,,,,,,,,,,,,,,,,,,,,,,,,,,,,,,,,,,,,,,,,,,,
0,15,28,"{'x': 653.2756731738768, 'y': 129.2708077581077, 'elapsedTime': 14493}",936705969154,5164374139,POINT (0.3402477464447275 0.1196951923686182),,,,,,,1,,,,,,,,,,,,,,,,,,,,,,,,,,,,,,,,,,,,,,,,,,,,,,,,,,,,,,,,,,,,,,,,,,,,,,,,,,,,,,,,,,,,,,,,,,,,,,
0,15,28,"{'x': 653.2756731738768, 'y': 129.2708077581077, 'elapsedTime': 14493}",936705985821,5164390806,POINT (0.3402477464447275 0.1196951923686182),,,,,,,1,,,,,,,,,,,,,,,,,,,,,,,,,,,,,,,,,,,,,,,,,,,,,,,,,,,,,,,,,,,,,,,,,,,,,,,,,,,,,,,,,,,,,,,,,,,,,,
0,15,28,"{'x': 619.108026969394, 'y': 98.79709942647331, 'elapsedTime': 14538.899999976158}",936706002490,5164407474,POINT (0.3224520973798927 0.0914787957652531),,,,,,,,,,,,,,,,,,,,,,,,,,,,,,,,,,,,,,,,,,,,,,,,,,,,,,,,,,,,,,,,,,,,,,,,,,,,,,,,,,,,,,,,,,,,,,,,,,,,,
0,15,28,"{'x': 619.108026969394, 'y': 98.79709942647331, 'elapsedTime': 14538.899999976158}",936706019157,5164424141,POINT (0.3224520973798927 0.0914787957652531),,,,,,,,,,,,,,,,,,,,,,,,,,,,,,,,,,,,,,,,,,,,,,,,,,,,,,,,,,,,,,,,,,,,,,,,,,,,,,,,,,,,,,,,,,,,,,,,,,,,,
0,15,28,"{'x': 619.108026969394, 'y': 98.79709942647331, 'elapsedTime': 14538.899999976158}",936706035825,5164440808,POINT (0.3224520973798927 0.0914787957652531),,,,,,,,,,,,,,,,,,,,,,,,,,,,,,,,,,,,,,,,,,,,,,,,,,,,,,,,,,,,,,,,,,,,,,,,,,,,,,,,,,,,,,,,,,,,,,,,,,,,,
0,15,28,"{'x': 654.9341908549486, 'y': 93.39267855617314, 'elapsedTime': 14585.700000047684}",936706052491,5164457474,POINT (0.3411115577369524 0.086474702366827),,,,,,,,,,,,,,,,,,,,,,,,,,,,,,,,,,,,,,,,,,,,,,,,,,,,,,,,,,,,,,,,,,,,,,,,,,,,,,,,,,,,,,,,,,,,,,,,,,,,,
0,15,28,"{'x': 654.9341908549486, 'y': 93.39267855617314, 'elapsedTime': 14585.700000047684}",936706069159,5164474141,POINT (0.3411115577369524 0.086474702366827),,,,,,,,,,,,,,,,,,,,,,,,,,,,,,,,,,,,,,,,,,,,,,,,,,,,,,,,,,,,,,,,,,,,,,,,,,,,,,,,,,,,,,,,,,,,,,,,,,,,,
0,15,28,"{'x': 654.9341908549486, 'y': 93.39267855617314, 'elapsedTime': 14585.700000047684}",936706085826,5164490808,POINT (0.3411115577369524 0.086474702366827),,,,,,,,,,,,,,,,,,,,,,,,,,,,,,,,,,,,,,,,,,,,,,,,,,,,,,,,,,,,,,,,,,,,,,,,,,,,,,,,,,,,,,,,,,,,,,,,,,,,,
0,15,28,"{'x': 564.4155700184454, 'y': 102.21177076606685, 'elapsedTime': 14635.800000071526}",936706102493,5164507474,POINT (0.2939664427179403 0.0946405284870989),,,,,,,,,,,,,,,,,,,,,,,,,,,,,,,,,,,,,,,,,,,,,,,,,,,,,,,,,,,,,,,,,,,,,,,,,,,,,,,,,,,,,,,,,,,,,,,,,,,,,
0,15,28,"{'x': 564.4155700184454, 'y': 102.21177076606685, 'elapsedTime': 14635.800000071526}",936706119168,5164524149,POINT (0.2939664427179403 0.0946405284870989),,,,,,,,,,,,,,,,,,,,,,,,,,,,,,,,,,,,,,,,,,,,,,,,,,,,,,,,,,,,,,,,,,,,,,,,,,,,,,,,,,,,,,,,,,,,,,,,,,,,,
0,15,28,"{'x': 605.7415476186972, 'y': 94.33429645520941, 'elapsedTime': 14681.700000047684}",936706135835,5164540816,POINT (0.3154903893847381 0.0873465707918606),,,,,,,,,,,,,,,,,,,,,,,,,,,,,,,,,,,,,,,,,,,,,,,,,,,,,,,,,,,,,,,,,,,,,,,,,,,,,,,,,,,,,,,,,,,,,,,,,,,,,
0,15,28,"{'x': 605.7415476186972, 'y': 94.33429645520941, 'elapsedTime': 14681.700000047684}",936706152502,5164557482,POINT (0.3154903893847381 0.0873465707918606),,,,,,,,,,,,,,,,,,,,,,,,,,,,,,,,,,,,,,,,,,,,,,,,,,,,,,,,,,,,,,,,,,,,,,,,,,,,,,,,,,,,,,,,,,,,,,,,,,,,,
0,15,28,"{'x': 605.7415476186972, 'y': 94.33429645520941, 'elapsedTime': 14681.700000047684}",936706169169,5164574149,POINT (0.3154903893847381 0.0873465707918606),,,,,,,,,,,,,,,,,,,,,,,,,,,,,,,,,,,,,,,,,,,,,,,,,,,,,,,,,,,,,,,,,,,,,,,,,,,,,,,,,,,,,,,,,,,,,,,,,,,,,
0,15,28,"{'x': 549.4283694912352, 'y': 129.86631681397924, 'elapsedTime': 14727.300000071526}",936706185837,5164590816,POINT (0.2861606091100183 0.1202465896425734),,,,,,1,,,,,,,,,,,,,,,,,,,,,,,,,,,,,,,,,,,,,,,,,,,,,,,,,,,,,,,,,,,,,,,,,,,,,,,,,,,,,,,,,,,,,,,,,,,,,,,
0,15,28,"{'x': 549.4283694912352, 'y': 129.86631681397924, 'elapsedTime': 14727.300000071526}",936706202503,5164607482,POINT (0.2861606091100183 0.1202465896425734),,,,,,1,,,,,,,,,,,,,,,,,,,,,,,,,,,,,,,,,,,,,,,,,,,,,,,,,,,,,,,,,,,,,,,,,,,,,,,,,,,,,,,,,,,,,,,,,,,,,,,
0,15,28,"{'x': 549.4283694912352, 'y': 129.86631681397924, 'elapsedTime': 14727.300000071526}",936706219171,5164624149,POINT (0.2861606091100183 0.1202465896425734),,,,,,1,,,,,,,,,,,,,,,,,,,,,,,,,,,,,,,,,,,,,,,,,,,,,,,,,,,,,,,,,,,,,,,,,,,,,,,,,,,,,,,,,,,,,,,,,,,,,,,
0,15,28,"{'x': 547.6065166503154, 'y': 186.67590237236732, 'elapsedTime': 14771.700000047684}",936706235838,5164640816,POINT (0.2852117274220393 0.172848057752192),,,,,,,,,,,,,,,,,,,,,,,,,,,,,,,,,,,,,,,,,,,,,,,,,,,,,,,,,,,,,,,,,,,,,,,,,,,,,,,,,,,,,,,,,,,,,,,,,,,,,
0,15,28,"{'x': 547.6065166503154, 'y': 186.67590237236732, 'elapsedTime': 14771.700000047684}",936706252508,5164657485,POINT (0.2852117274220393 0.172848057752192),,,,,,,,,,,,,,,,,,,,,,,,,,,,,,,,,,,,,,,,,,,,,,,,,,,,,,,,,,,,,,,,,,,,,,,,,,,,,,,,,,,,,,,,,,,,,,,,,,,,,
0,15,28,"{'x': 547.6065166503154, 'y': 186.67590237236732, 'elapsedTime': 14771.700000047684}",936706269175,5164674152,POINT (0.2852117274220393 0.172848057752192),,,,,,,,,,,,,,,,,,,,,,,,,,,,,,,,,,,,,,,,,,,,,,,,,,,,,,,,,,,,,,,,,,,,,,,,,,,,,,,,,,,,,,,,,,,,,,,,,,,,,
0,15,28,"{'x': 559.1802138084948, 'y': 152.81290215980695, 'elapsedTime': 14815.200000047684}",936706285843,5164690819,POINT (0.2912396946919244 0.1414934279257472),,,,,,,,,,,,,,,,,,,,,,,,,,,,,,,,,,,,,,,,,,,,,,,,,,,,,,,,,,,,,,,,,,,,,,,,,,,,,,,,,,,,,,,,,,,,,,,,,,,1,,
0,15,28,"{'x': 559.1802138084948, 'y': 152.81290215980695, 'elapsedTime': 14815.200000047684}",936706302509,5164707485,POINT (0.2912396946919244 0.1414934279257472),,,,,,,,,,,,,,,,,,,,,,,,,,,,,,,,,,,,,,,,,,,,,,,,,,,,,,,,,,,,,,,,,,,,,,,,,,,,,,,,,,,,,,,,,,,,,,,,,,,1,,
0,15,28,"{'x': 559.1802138084948, 'y': 152.81290215980695, 'elapsedTime': 14815.200000047684}",936706319177,5164724152,POINT (0.2912396946919244 0.1414934279257472),,,,,,,,,,,,,,,,,,,,,,,,,,,,,,,,,,,,,,,,,,,,,,,,,,,,,,,,,,,,,,,,,,,,,,,,,,,,,,,,,,,,,,,,,,,,,,,,,,,1,,
0,15,28,"{'x': 357.6290791233532, 'y': 406.8392072053623, 'elapsedTime': 14867.899999976158}",936706335844,5164740819,POINT (0.1862651453767465 0.3767029696345947),,,,,,,,,,,,,,,,,,,,,,,,,,,,,,,,,,,,,,,,,,,,,,,,,,,,,,,,,,,,,,,,,,,,,,,,,,,,,,,,,,,,,,,,,,,,,,,,,,,,,
0,15,28,"{'x': 357.6290791233532, 'y': 406.8392072053623, 'elapsedTime': 14867.899999976158}",936706352512,5164757486,POINT (0.1862651453767465 0.3767029696345947),,,,,,,,,,,,,,,,,,,,,,,,,,,,,,,,,,,,,,,,,,,,,,,,,,,,,,,,,,,,,,,,,,,,,,,,,,,,,,,,,,,,,,,,,,,,,,,,,,,,,
0,15,28,"{'x': 357.6290791233532, 'y': 406.8392072053623, 'elapsedTime': 14867.899999976158}",936706369178,5164774152,POINT (0.1862651453767465 0.3767029696345947),,,,,,,,,,,,,,,,,,,,,,,,,,,,,,,,,,,,,,,,,,,,,,,,,,,,,,,,,,,,,,,,,,,,,,,,,,,,,,,,,,,,,,,,,,,,,,,,,,,,,
0,15,28,"{'x': 413.1533499911307, 'y': 514.7979846276585, 'elapsedTime': 14913.5}",936706385851,5164790824,POINT (0.2151840364537139 0.4766648005811653),,,,,,,,,,,,,,,,,,,,,,,,,,,,,,,,,,,,,,,,,,,,,,,,,,,,,,,,,,,,,,,,,,,,,,,,,,,,,,,,,,,,,,,,,,,,,,,,,,,,,
0,15,28,"{'x': 413.1533499911307, 'y': 514.7979846276585, 'elapsedTime': 14913.5}",936706402517,5164807490,POINT (0.2151840364537139 0.4766648005811653),,,,,,,,,,,,,,,,,,,,,,,,,,,,,,,,,,,,,,,,,,,,,,,,,,,,,,,,,,,,,,,,,,,,,,,,,,,,,,,,,,,,,,,,,,,,,,,,,,,,,
0,15,28,"{'x': 440.78544402190005, 'y': 596.9477162242708, 'elapsedTime': 14962.5}",936706419185,5164824157,POINT (0.2295757520947396 0.5527293668743248),,,,,,,,,,,,,,,,,,,,,,,,,,,,,,,,,,,,,,,,,,,,,,,,,,,,,,,,,,,,,,,,,,,,,,,,,,,,,,,,,,,,,,,,,,,,,,,,,,,,1,
0,15,28,"{'x': 440.78544402190005, 'y': 596.9477162242708, 'elapsedTime': 14962.5}",936706435852,5164840824,POINT (0.2295757520947396 0.5527293668743248),,,,,,,,,,,,,,,,,,,,,,,,,,,,,,,,,,,,,,,,,,,,,,,,,,,,,,,,,,,,,,,,,,,,,,,,,,,,,,,,,,,,,,,,,,,,,,,,,,,,1,
0,15,28,"{'x': 440.78544402190005, 'y': 596.9477162242708, 'elapsedTime': 14962.5}",936706452520,5164857491,POINT (0.2295757520947396 0.5527293668743248),,,,,,,,,,,,,,,,,,,,,,,,,,,,,,,,,,,,,,,,,,,,,,,,,,,,,,,,,,,,,,,,,,,,,,,,,,,,,,,,,,,,,,,,,,,,,,,,,,,,1,
0,15,28,"{'x': 462.7531900565781, 'y': 530.1439942803022, 'elapsedTime': 15008.600000023842}",936706469186,5164874157,POINT (0.2410172864878011 0.4908740687780576),,,,,,,,,,,,,,,,,,,,,,,,,,,,,,,,,,,,,,,,,,,,,,,,,,,,,,,,,,,,,,,,,,,,,,,,,,,,,,,,,,,,,,,,,,,,,,,,,,,,,
0,15,28,"{'x': 462.7531900565781, 'y': 530.1439942803022, 'elapsedTime': 15008.600000023842}",936706485853,5164890823,POINT (0.2410172864878011 0.4908740687780576),,,,,,,,,,,,,,,,,,,,,,,,,,,,,,,,,,,,,,,,,,,,,,,,,,,,,,,,,,,,,,,,,,,,,,,,,,,,,,,,,,,,,,,,,,,,,,,,,,,,,
0,15,28,"{'x': 462.7531900565781, 'y': 530.1439942803022, 'elapsedTime': 15008.600000023842}",936706502521,5164907491,POINT (0.2410172864878011 0.4908740687780576),,,,,,,,,,,,,,,,,,,,,,,,,,,,,,,,,,,,,,,,,,,,,,,,,,,,,,,,,,,,,,,,,,,,,,,,,,,,,,,,,,,,,,,,,,,,,,,,,,,,,
0,15,28,"{'x': 479.819491880399, 'y': 492.4535938925561, 'elapsedTime': 15055.700000047684}",936706519193,5164924162,POINT (0.2499059853543745 0.4559755499005149),,,,,,,,,,,,,,,,,,,,,,,,,,,,,,,,,,,,,,,,,,,,,,,,,,,,,,,,,,,,,,,,,,,,,,,,,,,,,,,,,,,,,,,,,,,,,,,,,,,,,
0,15,28,"{'x': 479.819491880399, 'y': 492.4535938925561, 'elapsedTime': 15055.700000047684}",936706535860,5164940829,POINT (0.2499059853543745 0.4559755499005149),,,,,,,,,,,,,,,,,,,,,,,,,,,,,,,,,,,,,,,,,,,,,,,,,,,,,,,,,,,,,,,,,,,,,,,,,,,,,,,,,,,,,,,,,,,,,,,,,,,,,
0,15,28,"{'x': 479.819491880399, 'y': 492.4535938925561, 'elapsedTime': 15055.700000047684}",936706552528,5164957496,POINT (0.2499059853543745 0.4559755499005149),,,,,,,,,,,,,,,,,,,,,,,,,,,,,,,,,,,,,,,,,,,,,,,,,,,,,,,,,,,,,,,,,,,,,,,,,,,,,,,,,,,,,,,,,,,,,,,,,,,,,
0,15,28,"{'x': 443.9178940373478, 'y': 442.07431268959664, 'elapsedTime': 15111.600000023842}",936706569194,5164974162,POINT (0.2312072364777853 0.4093280673051821),,,,,,,,,,,,,,,,,,,,,,,,,,,,,,,,,,,,,,,,,,,,,,,,,,,,,,,,,,,,,,,,,,,,,,,,,,,,,,,,,,,,,,,,,,,,,,,,,,,,,
0,15,28,"{'x': 443.9178940373478, 'y': 442.07431268959664, 'elapsedTime': 15111.600000023842}",936706585862,5164990829,POINT (0.2312072364777853 0.4093280673051821),,,,,,,,,,,,,,,,,,,,,,,,,,,,,,,,,,,,,,,,,,,,,,,,,,,,,,,,,,,,,,,,,,,,,,,,,,,,,,,,,,,,,,,,,,,,,,,,,,,,,
0,15,28,"{'x': 443.9178940373478, 'y': 442.07431268959664, 'elapsedTime': 15111.600000023842}",936706602529,5165007496,POINT (0.2312072364777853 0.4093280673051821),,,,,,,,,,,,,,,,,,,,,,,,,,,,,,,,,,,,,,,,,,,,,,,,,,,,,,,,,,,,,,,,,,,,,,,,,,,,,,,,,,,,,,,,,,,,,,,,,,,,,
0,15,28,"{'x': 430.57552162747567, 'y': 437.66967405207515, 'elapsedTime': 15159.600000023842}",936706619196,5165024162,POINT (0.2242580841809769 0.4052496981963659),,,,,,,,,,,,,,,,,,,,,,,,,,,,,,,,,,,,,,,,,,,,,,,,,,,,,,,,,,,,,,,,,,,,,,,,,,,,,,,,,,,,,,,,,,,,,,,,,,,,,
0,15,28,"{'x': 430.57552162747567, 'y': 437.66967405207515, 'elapsedTime': 15159.600000023842}",936706635863,5165040829,POINT (0.2242580841809769 0.4052496981963659),,,,,,,,,,,,,,,,,,,,,,,,,,,,,,,,,,,,,,,,,,,,,,,,,,,,,,,,,,,,,,,,,,,,,,,,,,,,,,,,,,,,,,,,,,,,,,,,,,,,,
0,15,28,"{'x': 430.57552162747567, 'y': 437.66967405207515, 'elapsedTime': 15159.600000023842}",936706652534,5165057499,POINT (0.2242580841809769 0.4052496981963659),,,,,,,,,,,,,,,,,,,,,,,,,,,,,,,,,,,,,,,,,,,,,,,,,,,,,,,,,,,,,,,,,,,,,,,,,,,,,,,,,,,,,,,,,,,,,,,,,,,,,
0,15,28,"{'x': 417.0225145662664, 'y': 416.8488812348201, 'elapsedTime': 15205}",936706669201,5165074166,POINT (0.2171992263365971 0.3859711863285372),,,,,,,,,,,,,,,,,,,,,,,,,,,,,,,,,,,,,,,,,,,,,,,,,,,,,,,,,,,,,,,,,,,,,,,,,,,,,,,,,,,,,,,,,,,,,,,,,,,,,
0,15,28,"{'x': 417.0225145662664, 'y': 416.8488812348201, 'elapsedTime': 15205}",936706685869,5165090833,POINT (0.2171992263365971 0.3859711863285372),,,,,,,,,,,,,,,,,,,,,,,,,,,,,,,,,,,,,,,,,,,,,,,,,,,,,,,,,,,,,,,,,,,,,,,,,,,,,,,,,,,,,,,,,,,,,,,,,,,,,
0,15,28,"{'x': 417.0225145662664, 'y': 416.8488812348201, 'elapsedTime': 15205}",936706702535,5165107499,POINT (0.2171992263365971 0.3859711863285372),,,,,,,,,,,,,,,,,,,,,,,,,,,,,,,,,,,,,,,,,,,,,,,,,,,,,,,,,,,,,,,,,,,,,,,,,,,,,,,,,,,,,,,,,,,,,,,,,,,,,
0,15,28,"{'x': 545.4533840304587, 'y': 407.7827760136445, 'elapsedTime': 15250.600000023842}",936706719203,5165124166,POINT (0.2840903041825306 0.3775766444570782),,,,,,,,,,,,,,,,,,,,,,,,,,,,,,,,,,,,,,,,,,,,,,,,,,,,,,,,,,,,,,,,,,,,,,,,,,,,,,,,,,,,,,,,,,,,,,,,,,,,,
0,15,28,"{'x': 545.4533840304587, 'y': 407.7827760136445, 'elapsedTime': 15250.600000023842}",936706735869,5165140832,POINT (0.2840903041825306 0.3775766444570782),,,,,,,,,,,,,,,,,,,,,,,,,,,,,,,,,,,,,,,,,,,,,,,,,,,,,,,,,,,,,,,,,,,,,,,,,,,,,,,,,,,,,,,,,,,,,,,,,,,,,
0,15,28,"{'x': 543.6270141573262, 'y': 328.3867539656677, 'elapsedTime': 15297.899999976158}",936706752537,5165157499,POINT (0.2831390698736074 0.3040618092274701),,,,,,,,,,,,,,,,,,,,,,,,,,,,,,,,,,,,,,,,,,,,,,,,,,,,,,,,,,,,,,,,,,,,,,,,,,,,,,,,,,,,,,,,,,,,,,,,,,,,,
0,15,28,"{'x': 543.6270141573262, 'y': 328.3867539656677, 'elapsedTime': 15297.899999976158}",936706769204,5165174166,POINT (0.2831390698736074 0.3040618092274701),,,,,,,,,,,,,,,,,,,,,,,,,,,,,,,,,,,,,,,,,,,,,,,,,,,,,,,,,,,,,,,,,,,,,,,,,,,,,,,,,,,,,,,,,,,,,,,,,,,,,
0,15,28,"{'x': 543.6270141573262, 'y': 328.3867539656677, 'elapsedTime': 15297.899999976158}",936706785875,5165190836,POINT (0.2831390698736074 0.3040618092274701),,,,,,,,,,,,,,,,,,,,,,,,,,,,,,,,,,,,,,,,,,,,,,,,,,,,,,,,,,,,,,,,,,,,,,,,,,,,,,,,,,,,,,,,,,,,,,,,,,,,,
0,15,28,"{'x': 574.7482515668671, 'y': 254.64401317243556, 'elapsedTime': 15342}",936706802541,5165207502,POINT (0.2993480476910766 0.2357814936781811),,,,,,,,,,,,,,,,,,,,,,,,,,,,,,,,,,,,,,,,,,,,,,,,,,,,,,,,,,,,,,,,,,,,,,,,,,,,,,,,,,,,,,,,,,,,,,,,,,,,1,
0,15,28,"{'x': 574.7482515668671, 'y': 254.64401317243556, 'elapsedTime': 15342}",936706819209,5165224169,POINT (0.2993480476910766 0.2357814936781811),,,,,,,,,,,,,,,,,,,,,,,,,,,,,,,,,,,,,,,,,,,,,,,,,,,,,,,,,,,,,,,,,,,,,,,,,,,,,,,,,,,,,,,,,,,,,,,,,,,,1,
0,15,28,"{'x': 574.7482515668671, 'y': 254.64401317243556, 'elapsedTime': 15342}",936706835875,5165240835,POINT (0.2993480476910766 0.2357814936781811),,,,,,,,,,,,,,,,,,,,,,,,,,,,,,,,,,,,,,,,,,,,,,,,,,,,,,,,,,,,,,,,,,,,,,,,,,,,,,,,,,,,,,,,,,,,,,,,,,,,1,
0,15,28,"{'x': 620.2015874942783, 'y': 289.4607174228702, 'elapsedTime': 15386.399999976158}",936706852543,5165257502,POINT (0.3230216601532699 0.2680191827989539),,,,,,,,,,,,,,,,,,,,,,,,,,,,,,,,,,,,,,,,,,,,,,,,,,,,,,,,,,,,,,,,,,,,,,,,,,,,,,,,1,,,,,,,,,,,,,,,,,,,1,1,
0,15,28,"{'x': 620.2015874942783, 'y': 289.4607174228702, 'elapsedTime': 15386.399999976158}",936706869210,5165274169,POINT (0.3230216601532699 0.2680191827989539),,,,,,,,,,,,,,,,,,,,,,,,,,,,,,,,,,,,,,,,,,,,,,,,,,,,,,,,,,,,,,,,,,,,,,,,,,,,,,,,1,,,,,,,,,,,,,,,,,,,1,1,
0,15,28,"{'x': 681.6342195600412, 'y': 304.60293071591695, 'elapsedTime': 15432.600000023842}",936706885878,5165290836,POINT (0.3550178226875215 0.2820397506628861),,,,,,,,,,,,,,,,,,,,,,,,,,,,,,,,,,,,,,,,,,,,,,,,,,,,,,,,,,,,,,,,,,,,,,,,,,,,,,,,,,,,,,,,,,,,,,,,,,,1,1,
0,15,28,"{'x': 681.6342195600412, 'y': 304.60293071591695, 'elapsedTime': 15432.600000023842}",936706902544,5165307502,POINT (0.3550178226875215 0.2820397506628861),,,,,,,,,,,,,,,,,,,,,,,,,,,,,,,,,,,,,,,,,,,,,,,,,,,,,,,,,,,,,,,,,,,,,,,,,,,,,,,,,,,,,,,,,,,,,,,,,,,1,1,
0,15,28,"{'x': 681.6342195600412, 'y': 304.60293071591695, 'elapsedTime': 15432.600000023842}",936706919219,5165324176,POINT (0.3550178226875215 0.2820397506628861),,,,,,,,,,,,,,,,,,,,,,,,,,,,,,,,,,,,,,,,,,,,,,,,,,,,,,,,,,,,,,,,,,,,,,,,,,,,,,,,,,,,,,,,,,,,,,,,,,,1,1,
0,15,28,"{'x': 658.1897333150133, 'y': 323.06107407825164, 'elapsedTime': 15476.5}",936706935884,5165340841,POINT (0.3428071527682361 0.2991306241465293),,,,,,,,,,,,,,,,,,,,,,,,,,,,,,,,,,,,,,,,,,,,,,,,,,,,,,,,,,,,,,,,,,,,,,,,,,,,,,,,,,,,,,,,,,,,,,,,,,,,1,
0,15,28,"{'x': 658.1897333150133, 'y': 323.06107407825164, 'elapsedTime': 15476.5}",936706952553,5165357509,POINT (0.3428071527682361 0.2991306241465293),,,,,,,,,,,,,,,,,,,,,,,,,,,,,,,,,,,,,,,,,,,,,,,,,,,,,,,,,,,,,,,,,,,,,,,,,,,,,,,,,,,,,,,,,,,,,,,,,,,,1,
0,15,28,"{'x': 658.1897333150133, 'y': 323.06107407825164, 'elapsedTime': 15476.5}",936706969220,5165374176,POINT (0.3428071527682361 0.2991306241465293),,,,,,,,,,,,,,,,,,,,,,,,,,,,,,,,,,,,,,,,,,,,,,,,,,,,,,,,,,,,,,,,,,,,,,,,,,,,,,,,,,,,,,,,,,,,,,,,,,,,1,
0,15,28,"{'x': 660.7679198202509, 'y': 279.78650845557166, 'elapsedTime': 15520.100000023842}",936706985887,5165390842,POINT (0.344149958239714 0.2590615819033071),,,,,,,,,,,,,,,,,,,,,,,,,,,,,,,,,,,,,,,,,,,,,,,,,,,,,,,,,,,,,,,,,,,,,,,,,,,,,,,,,,,,,,,,,,,,,,,,,,,1,1,
0,15,28,"{'x': 660.7679198202509, 'y': 279.78650845557166, 'elapsedTime': 15520.100000023842}",936707002554,5165407509,POINT (0.344149958239714 0.2590615819033071),,,,,,,,,,,,,,,,,,,,,,,,,,,,,,,,,,,,,,,,,,,,,,,,,,,,,,,,,,,,,,,,,,,,,,,,,,,,,,,,,,,,,,,,,,,,,,,,,,,1,1,
0,15,28,"{'x': 660.7679198202509, 'y': 279.78650845557166, 'elapsedTime': 15520.100000023842}",936707019221,5165424175,POINT (0.344149958239714 0.2590615819033071),,,,,,,,,,,,,,,,,,,,,,,,,,,,,,,,,,,,,,,,,,,,,,,,,,,,,,,,,,,,,,,,,,,,,,,,,,,,,,,,,,,,,,,,,,,,,,,,,,,1,1,
0,15,28,"{'x': 660.7679198202509, 'y': 279.78650845557166, 'elapsedTime': 15520.100000023842}",936707035893,5165440847,POINT (0.344149958239714 0.2590615819033071),,,,,,,,,,,,,,,,,,,,,,,,,,,,,,,,,,,,,,,,,,,,,,,,,,,,,,,,,,,,,,,,,,,,,,,,,,,,,,,,,,,,,,,,,,,,,,,,,,,1,1,
0,15,28,"{'x': 660.7679198202509, 'y': 279.78650845557166, 'elapsedTime': 15520.100000023842}",936707052558,5165457511,POINT (0.344149958239714 0.2590615819033071),,,,,,,,,,,,,,,,,,,,,,,,,,,,,,,,,,,,,,,,,,,,,,,,,,,,,,,,,,,,,,,,,,,,,,,,,,,,,,,,,,,,,,,,,,,,,,,,,,,1,1,
0,15,28,"{'x': 725.7812622973013, 'y': 263.9650686471276, 'elapsedTime': 15566.5}",936707069226,5165474179,POINT (0.3780110741131778 0.2444121005991922),,,,,,,,,,,,,,,,,,,,,,,,,,,,,,,,,,,,,,,,,,,,,,,,,,,,,,,,,,1,,,,,,,,,,,,,,,,,,,,,,,,,,,,,,,,,,,,,,,,,,1,
0,15,28,"{'x': 725.7812622973013, 'y': 263.9650686471276, 'elapsedTime': 15566.5}",936707085895,5165490847,POINT (0.3780110741131778 0.2444121005991922),,,,,,,,,,,,,,,,,,,,,,,,,,,,,,,,,,,,,,,,,,,,,,,,,,,,,,,,,,1,,,,,,,,,,,,,,,,,,,,,,,,,,,,,,,,,,,,,,,,,,1,
0,15,28,"{'x': 725.7812622973013, 'y': 263.9650686471276, 'elapsedTime': 15566.5}",936707102561,5165507513,POINT (0.3780110741131778 0.2444121005991922),,,,,,,,,,,,,,,,,,,,,,,,,,,,,,,,,,,,,,,,,,,,,,,,,,,,,,,,,,1,,,,,,,,,,,,,,,,,,,,,,,,,,,,,,,,,,,,,,,,,,1,
0,15,28,"{'x': 743.0751404077233, 'y': 285.25595025774084, 'elapsedTime': 15653.399999976158}",936707119229,5165524180,POINT (0.3870183022956892 0.2641258798682786),,,,,,,,,,,,,,,,,,,,,,,,,,,,,,,,,,,,,,,,,,,,,,,,,,,,,,,,,,,,,,,,,,,,,,,,,,,,,,,,,,,1,,,,,,,,,,,,,,,,1,1,
0,15,28,"{'x': 743.0751404077233, 'y': 285.25595025774084, 'elapsedTime': 15653.399999976158}",936707135896,5165540847,POINT (0.3870183022956892 0.2641258798682786),,,,,,,,,,,,,,,,,,,,,,,,,,,,,,,,,,,,,,,,,,,,,,,,,,,,,,,,,,,,,,,,,,,,,,,,,,,,,,,,,,,1,,,,,,,,,,,,,,,,1,1,
0,15,28,"{'x': 806.3612014729779, 'y': 219.9143821064458, 'elapsedTime': 15699.200000047684}",936707152563,5165557513,POINT (0.4199797924338426 0.2036244278763387),,,,,,,,,,,,,,,,,,,,,,,,,,,,,,,,,,,,,1,,,,,,,,,,,,,,,,,,,,,,,,,,,,,,,,,,,,,,,,,,,,,,,,,,,,,,,,,,,,,,,,
0,15,28,"{'x': 806.3612014729779, 'y': 219.9143821064458, 'elapsedTime': 15699.200000047684}",936707169236,5165574186,POINT (0.4199797924338426 0.2036244278763387),,,,,,,,,,,,,,,,,,,,,,,,,,,,,,,,,,,,,1,,,,,,,,,,,,,,,,,,,,,,,,,,,,,,,,,,,,,,,,,,,,,,,,,,,,,,,,,,,,,,,,
0,15,28,"{'x': 806.3612014729779, 'y': 219.9143821064458, 'elapsedTime': 15699.200000047684}",936707185904,5165590853,POINT (0.4199797924338426 0.2036244278763387),,,,,,,,,,,,,,,,,,,,,,,,,,,,,,,,,,,,,1,,,,,,,,,,,,,,,,,,,,,,,,,,,,,,,,,,,,,,,,,,,,,,,,,,,,,,,,,,,,,,,,
0,15,28,"{'x': 844.699344945917, 'y': 257.85306269696036, 'elapsedTime': 15743.899999976158}",936707202568,5165607517,POINT (0.4399475754926651 0.2387528358305188),,,,,,,,,,,,,,,,,,,,,,,,,,,,,,,,,,,,,,,,,,,,,,,,,,,,,,,,,,,,1,,,,,,,,,,,,,,,,,,,,,,,,,,,,,,,,,,,,,,,1,1,
0,15,28,"{'x': 844.699344945917, 'y': 257.85306269696036, 'elapsedTime': 15743.899999976158}",936707219235,5165624183,POINT (0.4399475754926651 0.2387528358305188),,,,,,,,,,,,,,,,,,,,,,,,,,,,,,,,,,,,,,,,,,,,,,,,,,,,,,,,,,,,1,,,,,,,,,,,,,,,,,,,,,,,,,,,,,,,,,,,,,,,1,1,
0,15,28,"{'x': 844.699344945917, 'y': 257.85306269696036, 'elapsedTime': 15743.899999976158}",936707235902,5165640850,POINT (0.4399475754926651 0.2387528358305188),,,,,,,,,,,,,,,,,,,,,,,,,,,,,,,,,,,,,,,,,,,,,,,,,,,,,,,,,,,,1,,,,,,,,,,,,,,,,,,,,,,,,,,,,,,,,,,,,,,,1,1,
0,15,28,"{'x': 833.8984215132797, 'y': 163.97158874256047, 'elapsedTime': 15787.700000047684}",936707252570,5165657517,POINT (0.4343220945381665 0.1518255451320004),,,,,,,,,,,,,,,,,,,,,,,,,,,,,,,,,,,,,,,,,,,,,,,,,,,,,,,,,,,,,,,,,,,,,,,,,,,,,,,,,,,,,,,,,,,,,,,,,,,1,,
0,15,28,"{'x': 833.8984215132797, 'y': 163.97158874256047, 'elapsedTime': 15787.700000047684}",936707269237,5165674184,POINT (0.4343220945381665 0.1518255451320004),,,,,,,,,,,,,,,,,,,,,,,,,,,,,,,,,,,,,,,,,,,,,,,,,,,,,,,,,,,,,,,,,,,,,,,,,,,,,,,,,,,,,,,,,,,,,,,,,,,1,,
0,15,28,"{'x': 840.2941584881007, 'y': 114.44818200040955, 'elapsedTime': 15833.700000047684}",936707285906,5165690852,POINT (0.4376532075458858 0.1059705388892681),,,,,,,,,,,,,,,,,,,,,,,,,,,,,,,,,,,,,,,,,,,,,,,,,,,,,,,,,,,,,,,,,,,,,,,,,,,,,,,,,,,,,,,,,,,,,,,,,,,,,
0,15,28,"{'x': 840.2941584881007, 'y': 114.44818200040955, 'elapsedTime': 15833.700000047684}",936707302577,5165707523,POINT (0.4376532075458858 0.1059705388892681),,,,,,,,,,,,,,,,,,,,,,,,,,,,,,,,,,,,,,,,,,,,,,,,,,,,,,,,,,,,,,,,,,,,,,,,,,,,,,,,,,,,,,,,,,,,,,,,,,,,,
0,15,28,"{'x': 840.2941584881007, 'y': 114.44818200040955, 'elapsedTime': 15833.700000047684}",936707319243,5165724188,POINT (0.4376532075458858 0.1059705388892681),,,,,,,,,,,,,,,,,,,,,,,,,,,,,,,,,,,,,,,,,,,,,,,,,,,,,,,,,,,,,,,,,,,,,,,,,,,,,,,,,,,,,,,,,,,,,,,,,,,,,
0,15,28,"{'x': 853.8723251826003, 'y': 104.89967352087093, 'elapsedTime': 15879.5}",936707335909,5165740854,POINT (0.4447251693659376 0.0971293273341398),,,,,,,,,,,,,,,,,,,,,,,,,,,,,,,,,,,,,,,,,,,,,,,,,,,,,,,,,,,,,,,,,,,,,,,,,,,,,,,,,,,,,,,,,,,,,,,,,,,,,
0,15,28,"{'x': 853.8723251826003, 'y': 104.89967352087093, 'elapsedTime': 15879.5}",936707352577,5165757521,POINT (0.4447251693659376 0.0971293273341398),,,,,,,,,,,,,,,,,,,,,,,,,,,,,,,,,,,,,,,,,,,,,,,,,,,,,,,,,,,,,,,,,,,,,,,,,,,,,,,,,,,,,,,,,,,,,,,,,,,,,
0,15,28,"{'x': 853.8723251826003, 'y': 104.89967352087093, 'elapsedTime': 15879.5}",936707369244,5165774188,POINT (0.4447251693659376 0.0971293273341398),,,,,,,,,,,,,,,,,,,,,,,,,,,,,,,,,,,,,,,,,,,,,,,,,,,,,,,,,,,,,,,,,,,,,,,,,,,,,,,,,,,,,,,,,,,,,,,,,,,,,
0,15,28,"{'x': 829.8698617623609, 'y': 120.94077127820825, 'elapsedTime': 15926.100000023842}",936707385911,5165790854,POINT (0.4322238863345629 0.1119821956279706),,,,,,,,,,,,,,,,,,,,,,,,,,,,,,,,,,,,,,,,,,,,,,,,,,,,,,,,,,,,,,,,,,,,,,,,,,,,,,,,,,,,,,,,,,,,,,,,,,,,,
0,15,28,"{'x': 829.8698617623609, 'y': 120.94077127820825, 'elapsedTime': 15926.100000023842}",936707402578,5165807521,POINT (0.4322238863345629 0.1119821956279706),,,,,,,,,,,,,,,,,,,,,,,,,,,,,,,,,,,,,,,,,,,,,,,,,,,,,,,,,,,,,,,,,,,,,,,,,,,,,,,,,,,,,,,,,,,,,,,,,,,,,
0,15,28,"{'x': 829.8698617623609, 'y': 120.94077127820825, 'elapsedTime': 15926.100000023842}",936707419246,5165824188,POINT (0.4322238863345629 0.1119821956279706),,,,,,,,,,,,,,,,,,,,,,,,,,,,,,,,,,,,,,,,,,,,,,,,,,,,,,,,,,,,,,,,,,,,,,,,,,,,,,,,,,,,,,,,,,,,,,,,,,,,,
0,15,28,"{'x': 779.0132884982028, 'y': 128.9130748246519, 'elapsedTime': 15972.100000023842}",936707435917,5165840859,POINT (0.4057360877594806 0.119363958170974),,,,,,,,,,,,,,,,,,,,,,,,,,,,,,,,,,,,,,,,,,,,,,,,,,,,,,,,,,,,,,,,,,,,,,,,,,,,,,,,,,,,,,,,,,,,,,,,,,,,,
0,15,28,"{'x': 779.0132884982028, 'y': 128.9130748246519, 'elapsedTime': 15972.100000023842}",936707452585,5165857526,POINT (0.4057360877594806 0.119363958170974),,,,,,,,,,,,,,,,,,,,,,,,,,,,,,,,,,,,,,,,,,,,,,,,,,,,,,,,,,,,,,,,,,,,,,,,,,,,,,,,,,,,,,,,,,,,,,,,,,,,,
0,15,28,"{'x': 779.0132884982028, 'y': 128.9130748246519, 'elapsedTime': 15972.100000023842}",936707469251,5165874192,POINT (0.4057360877594806 0.119363958170974),,,,,,,,,,,,,,,,,,,,,,,,,,,,,,,,,,,,,,,,,,,,,,,,,,,,,,,,,,,,,,,,,,,,,,,,,,,,,,,,,,,,,,,,,,,,,,,,,,,,,
0,15,28,"{'x': 787.9866368524667, 'y': 128.3368960621867, 'elapsedTime': 16018.800000071526}",936707485919,5165890859,POINT (0.4104097066939931 0.1188304593168395),,,,,,,,,,,,,,,,,,,,,,,,,,,,,,,,,,,,,,,,,,,,,,,,,,,,,,,,,,,,,,,,,,,,,,,,,,,,,,,,,,,,,,,,,,,,,,,,,,,,,
0,15,28,"{'x': 787.9866368524667, 'y': 128.3368960621867, 'elapsedTime': 16018.800000071526}",936707502586,5165907526,POINT (0.4104097066939931 0.1188304593168395),,,,,,,,,,,,,,,,,,,,,,,,,,,,,,,,,,,,,,,,,,,,,,,,,,,,,,,,,,,,,,,,,,,,,,,,,,,,,,,,,,,,,,,,,,,,,,,,,,,,,
0,15,28,"{'x': 787.9866368524667, 'y': 128.3368960621867, 'elapsedTime': 16018.800000071526}",936707519254,5165924193,POINT (0.4104097066939931 0.1188304593168395),,,,,,,,,,,,,,,,,,,,,,,,,,,,,,,,,,,,,,,,,,,,,,,,,,,,,,,,,,,,,,,,,,,,,,,,,,,,,,,,,,,,,,,,,,,,,,,,,,,,,
0,15,28,"{'x': 748.6587752483701, 'y': 151.49244552613095, 'elapsedTime': 16064}",936707535920,5165940859,POINT (0.3899264454418594 0.1402707828945657),,,,,,,,,,,,,,,,,,,,,,,,,,,,,,,,,,,,,,,,,,,,,,,,,,,,,,,,,,,,,,,,,,,,,,,,,,,,,,,,,,,,,,,,,,,,,,,,,,,1,,
0,15,28,"{'x': 748.6587752483701, 'y': 151.49244552613095, 'elapsedTime': 16064}",936707552587,5165957525,POINT (0.3899264454418594 0.1402707828945657),,,,,,,,,,,,,,,,,,,,,,,,,,,,,,,,,,,,,,,,,,,,,,,,,,,,,,,,,,,,,,,,,,,,,,,,,,,,,,,,,,,,,,,,,,,,,,,,,,,1,,
0,15,28,"{'x': 731.2514557826571, 'y': 176.29874705056946, 'elapsedTime': 16113.399999976158}",936707569259,5165974197,POINT (0.3808601332201339 0.1632395806023791),,,,,,,,,,,,,,,,,,,,,,,,,,,,,,,,,,,,,,,,,,,,,,,,,,,,,,,,,,,,,,,,,,,,,,,,,,,,,,,,,,,,,,,,,,,,,,,,,,,1,,
0,15,28,"{'x': 731.2514557826571, 'y': 176.29874705056946, 'elapsedTime': 16113.399999976158}",936707585926,5165990863,POINT (0.3808601332201339 0.1632395806023791),,,,,,,,,,,,,,,,,,,,,,,,,,,,,,,,,,,,,,,,,,,,,,,,,,,,,,,,,,,,,,,,,,,,,,,,,,,,,,,,,,,,,,,,,,,,,,,,,,,1,,
0,15,28,"{'x': 731.2514557826571, 'y': 176.29874705056946, 'elapsedTime': 16113.399999976158}",936707602593,5166007530,POINT (0.3808601332201339 0.1632395806023791),,,,,,,,,,,,,,,,,,,,,,,,,,,,,,,,,,,,,,,,,,,,,,,,,,,,,,,,,,,,,,,,,,,,,,,,,,,,,,,,,,,,,,,,,,,,,,,,,,,1,,
0,15,28,"{'x': 593.1906429322964, 'y': 188.0635974039891, 'elapsedTime': 16162.899999976158}",936707619261,5166024197,POINT (0.308953459860571 0.1741329605592492),,,,,,,,,,,,,,,,,,1,,,,,,,,,,,,,,,,,,,,,,,,,,,,,,,,,,,,,,,,,,,,,,,,,,,,,,,,,,,,,,,,,,,,,,,,,,,,,,,,,1,,
0,15,28,"{'x': 593.1906429322964, 'y': 188.0635974039891, 'elapsedTime': 16162.899999976158}",936707635927,5166040863,POINT (0.308953459860571 0.1741329605592492),,,,,,,,,,,,,,,,,,1,,,,,,,,,,,,,,,,,,,,,,,,,,,,,,,,,,,,,,,,,,,,,,,,,,,,,,,,,,,,,,,,,,,,,,,,,,,,,,,,,1,,
0,15,28,"{'x': 593.1906429322964, 'y': 188.0635974039891, 'elapsedTime': 16162.899999976158}",936707652595,5166057530,POINT (0.308953459860571 0.1741329605592492),,,,,,,,,,,,,,,,,,1,,,,,,,,,,,,,,,,,,,,,,,,,,,,,,,,,,,,,,,,,,,,,,,,,,,,,,,,,,,,,,,,,,,,,,,,,,,,,,,,,1,,
0,15,28,"{'x': 556.4426333334582, 'y': 189.7983051733375, 'elapsedTime': 16208.800000071526}",936707669262,5166074197,POINT (0.2898138715278428 0.175739171456794),,,,,,,,,,,,,,,,,,,,,,,,,,,,,,,,,,,,,,,,,,,,,,,,,,,,,,,,,,,,,,,,,,,,,,,,,,,,,,,,,,,,,,,,,,,,,,,,,,,,,
0,15,28,"{'x': 556.4426333334582, 'y': 189.7983051733375, 'elapsedTime': 16208.800000071526}",936707685929,5166090863,POINT (0.2898138715278428 0.175739171456794),,,,,,,,,,,,,,,,,,,,,,,,,,,,,,,,,,,,,,,,,,,,,,,,,,,,,,,,,,,,,,,,,,,,,,,,,,,,,,,,,,,,,,,,,,,,,,,,,,,,,
0,15,28,"{'x': 556.4426333334582, 'y': 189.7983051733375, 'elapsedTime': 16208.800000071526}",936707702600,5166107534,POINT (0.2898138715278428 0.175739171456794),,,,,,,,,,,,,,,,,,,,,,,,,,,,,,,,,,,,,,,,,,,,,,,,,,,,,,,,,,,,,,,,,,,,,,,,,,,,,,,,,,,,,,,,,,,,,,,,,,,,,
0,15,28,"{'x': 506.002087434841, 'y': 161.32943849057662, 'elapsedTime': 16254.300000071526}",936707719268,5166124201,POINT (0.263542753872313 0.1493791097134969),,,,,,,,,,,,,,,,,,,,,,,,,,,,,,,,,,,,,,,,,,,,,,,,,,,,,,,,,,,,,,,,,,,,,,,,,,,,,,,,,,,,,,,,,,,,,,,,,,,1,,
0,15,28,"{'x': 506.002087434841, 'y': 161.32943849057662, 'elapsedTime': 16254.300000071526}",936707735935,5166140868,POINT (0.263542753872313 0.1493791097134969),,,,,,,,,,,,,,,,,,,,,,,,,,,,,,,,,,,,,,,,,,,,,,,,,,,,,,,,,,,,,,,,,,,,,,,,,,,,,,,,,,,,,,,,,,,,,,,,,,,1,,
0,15,28,"{'x': 522.3788439078244, 'y': 127.84858468472139, 'elapsedTime': 16301}",936707752602,5166157534,POINT (0.2720723145353252 0.1183783191525198),,,,,,,,,,,,,,,,,,,,,,,,,,,,,,,,,,,,,,,,,,,,,,,,,,,,,,,,,,,,,,,,,,,,,,,,,,,,,,,,,,,,,,,,,,,,,,,,,,,,,
0,15,28,"{'x': 522.3788439078244, 'y': 127.84858468472139, 'elapsedTime': 16301}",936707769269,5166174201,POINT (0.2720723145353252 0.1183783191525198),,,,,,,,,,,,,,,,,,,,,,,,,,,,,,,,,,,,,,,,,,,,,,,,,,,,,,,,,,,,,,,,,,,,,,,,,,,,,,,,,,,,,,,,,,,,,,,,,,,,,
0,15,28,"{'x': 522.3788439078244, 'y': 127.84858468472139, 'elapsedTime': 16301}",936707785937,5166190868,POINT (0.2720723145353252 0.1183783191525198),,,,,,,,,,,,,,,,,,,,,,,,,,,,,,,,,,,,,,,,,,,,,,,,,,,,,,,,,,,,,,,,,,,,,,,,,,,,,,,,,,,,,,,,,,,,,,,,,,,,,
0,15,28,"{'x': 477.6567747729183, 'y': 152.3747480439878, 'elapsedTime': 16345.5}",936707802603,5166207534,POINT (0.2487795701942283 0.1410877296703591),,,,,,,,,,,,,,,,,,,,,,,,,,,,,,,,,,,,,,,,,,,,,,,,,,,,,,,,,,,,,,,,,,,,,,,,,,,,,,,,,,,,,,,,,,,,,,,,,,,1,,
0,15,28,"{'x': 477.6567747729183, 'y': 152.3747480439878, 'elapsedTime': 16345.5}",936707819273,5166224203,POINT (0.2487795701942283 0.1410877296703591),,,,,,,,,,,,,,,,,,,,,,,,,,,,,,,,,,,,,,,,,,,,,,,,,,,,,,,,,,,,,,,,,,,,,,,,,,,,,,,,,,,,,,,,,,,,,,,,,,,1,,
0,15,28,"{'x': 477.6567747729183, 'y': 152.3747480439878, 'elapsedTime': 16345.5}",936707835940,5166240870,POINT (0.2487795701942283 0.1410877296703591),,,,,,,,,,,,,,,,,,,,,,,,,,,,,,,,,,,,,,,,,,,,,,,,,,,,,,,,,,,,,,,,,,,,,,,,,,,,,,,,,,,,,,,,,,,,,,,,,,,1,,
0,15,28,"{'x': 403.23838713515994, 'y': 166.7848317046667, 'elapsedTime': 16388.399999976158}",936707852607,5166257536,POINT (0.2100199932995625 0.1544303997265432),,,,,,,,,,,,,,,,,,,,,,,,,,,,,,,,,,,,,,,,,,,,,,,,,,,,,,,,,,,,,,,,,,,,,,,,,,,,,,,,,,,,,,,,,,,,,,,,,,,1,,
0,15,28,"{'x': 403.23838713515994, 'y': 166.7848317046667, 'elapsedTime': 16388.399999976158}",936707869274,5166274203,POINT (0.2100199932995625 0.1544303997265432),,,,,,,,,,,,,,,,,,,,,,,,,,,,,,,,,,,,,,,,,,,,,,,,,,,,,,,,,,,,,,,,,,,,,,,,,,,,,,,,,,,,,,,,,,,,,,,,,,,1,,
0,15,28,"{'x': 443.70200817108645, 'y': 201.8824476173936, 'elapsedTime': 16433.600000023842}",936707885942,5166290870,POINT (0.2310947959224409 0.1869281922383274),,,,,,,,,,,,,,,,1,,,,,,,,,,,,,,,,,,,,,,,,,,,,,,,,,,,,,,,,,,,,,,,,,,,,,,,,,,,,,,,,,,,,,,,,,,,,,,,,,,,,,
0,15,28,"{'x': 443.70200817108645, 'y': 201.8824476173936, 'elapsedTime': 16433.600000023842}",936707902608,5166307536,POINT (0.2310947959224409 0.1869281922383274),,,,,,,,,,,,,,,,1,,,,,,,,,,,,,,,,,,,,,,,,,,,,,,,,,,,,,,,,,,,,,,,,,,,,,,,,,,,,,,,,,,,,,,,,,,,,,,,,,,,,,
0,15,28,"{'x': 443.70200817108645, 'y': 201.8824476173936, 'elapsedTime': 16433.600000023842}",936707919276,5166324203,POINT (0.2310947959224409 0.1869281922383274),,,,,,,,,,,,,,,,1,,,,,,,,,,,,,,,,,,,,,,,,,,,,,,,,,,,,,,,,,,,,,,,,,,,,,,,,,,,,,,,,,,,,,,,,,,,,,,,,,,,,,
0,15,28,"{'x': 477.6827661891559, 'y': 243.01631082845597, 'elapsedTime': 16479.100000023842}",936707935943,5166340870,POINT (0.2487931073901854 0.2250151026189407),,,,,,,,,,,,,,,,,,,,,,,,,,,,,,,,,,,,,,,,,,,,,,,,,,,,,,,,,,,,,,,,,,,,,,,,,,,,,,,,,,,,,,,,,,,,,,,,,,,,1,
0,15,28,"{'x': 477.6827661891559, 'y': 243.01631082845597, 'elapsedTime': 16479.100000023842}",936707952616,5166357542,POINT (0.2487931073901854 0.2250151026189407),,,,,,,,,,,,,,,,,,,,,,,,,,,,,,,,,,,,,,,,,,,,,,,,,,,,,,,,,,,,,,,,,,,,,,,,,,,,,,,,,,,,,,,,,,,,,,,,,,,,1,
0,15,28,"{'x': 477.6827661891559, 'y': 243.01631082845597, 'elapsedTime': 16479.100000023842}",936707969283,5166374209,POINT (0.2487931073901854 0.2250151026189407),,,,,,,,,,,,,,,,,,,,,,,,,,,,,,,,,,,,,,,,,,,,,,,,,,,,,,,,,,,,,,,,,,,,,,,,,,,,,,,,,,,,,,,,,,,,,,,,,,,,1,
0,15,28,"{'x': 499.40024234209864, 'y': 227.43654634111996, 'elapsedTime': 16527.100000023842}",936707985951,5166390876,POINT (0.2601042928865097 0.2105893947602963),,,,,,,,,,,,,,,,,,,,,,,,,,,,,,,,,,,,,,,,,,,,,,,,,,,,,,,,,,,,,,,,,,,,,,,,,,,,,,,,,,,,,,,,,,,,,,,,,,,,,
0,15,28,"{'x': 499.40024234209864, 'y': 227.43654634111996, 'elapsedTime': 16527.100000023842}",936708002618,5166407543,POINT (0.2601042928865097 0.2105893947602963),,,,,,,,,,,,,,,,,,,,,,,,,,,,,,,,,,,,,,,,,,,,,,,,,,,,,,,,,,,,,,,,,,,,,,,,,,,,,,,,,,,,,,,,,,,,,,,,,,,,,
0,15,28,"{'x': 499.40024234209864, 'y': 227.43654634111996, 'elapsedTime': 16527.100000023842}",936708019285,5166424209,POINT (0.2601042928865097 0.2105893947602963),,,,,,,,,,,,,,,,,,,,,,,,,,,,,,,,,,,,,,,,,,,,,,,,,,,,,,,,,,,,,,,,,,,,,,,,,,,,,,,,,,,,,,,,,,,,,,,,,,,,,
0,15,28,"{'x': 499.40024234209864, 'y': 227.43654634111996, 'elapsedTime': 16527.100000023842}",936708035952,5166440876,POINT (0.2601042928865097 0.2105893947602963),,,,,,,,,,,,,,,,,,,,,,,,,,,,,,,,,,,,,,,,,,,,,,,,,,,,,,,,,,,,,,,,,,,,,,,,,,,,,,,,,,,,,,,,,,,,,,,,,,,,,
0,15,28,"{'x': 512.0924354008799, 'y': 153.61198385330084, 'elapsedTime': 16575.5}",936708052620,5166457543,POINT (0.2667148101046249 0.142233318382686),,,,,,,,,,,,,,,,,,,,,,,,,,,,,,,,,,,,,,,,,,,,,,,,,,,,,,,,,,,,,,,,,,,,,,,,,,,,,,,,,,,,,,,,,,,,,,,,,,,1,,
0,15,28,"{'x': 512.0924354008799, 'y': 153.61198385330084, 'elapsedTime': 16575.5}",936708069286,5166474209,POINT (0.2667148101046249 0.142233318382686),,,,,,,,,,,,,,,,,,,,,,,,,,,,,,,,,,,,,,,,,,,,,,,,,,,,,,,,,,,,,,,,,,,,,,,,,,,,,,,,,,,,,,,,,,,,,,,,,,,1,,
0,15,28,"{'x': 473.58559810048007, 'y': 141.4262773843748, 'elapsedTime': 16633}",936708085958,5166490880,POINT (0.2466591656773334 0.1309502568373841),,,,,1,,,,,,,,,,,,,,,,,,,,,,,,,,,,,,,,,,,,,,,,,,,,,,,,,,,,,,,,,,,,,,,,,,,,,,,,,,,,,,,,,,,,,,,,,,,,,,,,
0,15,28,"{'x': 473.58559810048007, 'y': 141.4262773843748, 'elapsedTime': 16633}",936708102625,5166507547,POINT (0.2466591656773334 0.1309502568373841),,,,,1,,,,,,,,,,,,,,,,,,,,,,,,,,,,,,,,,,,,,,,,,,,,,,,,,,,,,,,,,,,,,,,,,,,,,,,,,,,,,,,,,,,,,,,,,,,,,,,,
0,15,28,"{'x': 473.58559810048007, 'y': 141.4262773843748, 'elapsedTime': 16633}",936708119292,5166524213,POINT (0.2466591656773334 0.1309502568373841),,,,,1,,,,,,,,,,,,,,,,,,,,,,,,,,,,,,,,,,,,,,,,,,,,,,,,,,,,,,,,,,,,,,,,,,,,,,,,,,,,,,,,,,,,,,,,,,,,,,,,
0,15,28,"{'x': 446.94417264702713, 'y': 87.99128137015538, 'elapsedTime': 16676.899999976158}",936708135959,5166540880,POINT (0.23278342325366 0.0814734086760698),,,,,,,,,,,,,,,,,,,,,,,,,,,,,,,,,,,,,,,,,,,,,,,,,,,,,,,,,,,,,,,,,,,,,,,,,,,,,,,,,,,,,,,,,,,,,,,,,,,,,
0,15,28,"{'x': 446.94417264702713, 'y': 87.99128137015538, 'elapsedTime': 16676.899999976158}",936708152626,5166557547,POINT (0.23278342325366 0.0814734086760698),,,,,,,,,,,,,,,,,,,,,,,,,,,,,,,,,,,,,,,,,,,,,,,,,,,,,,,,,,,,,,,,,,,,,,,,,,,,,,,,,,,,,,,,,,,,,,,,,,,,,
0,15,28,"{'x': 446.94417264702713, 'y': 87.99128137015538, 'elapsedTime': 16676.899999976158}",936708169293,5166574213,POINT (0.23278342325366 0.0814734086760698),,,,,,,,,,,,,,,,,,,,,,,,,,,,,,,,,,,,,,,,,,,,,,,,,,,,,,,,,,,,,,,,,,,,,,,,,,,,,,,,,,,,,,,,,,,,,,,,,,,,,
0,15,28,"{'x': 440.8964568381394, 'y': 121.56660356529838, 'elapsedTime': 16724.700000047684}",936708185960,5166590880,POINT (0.2296335712698642 0.1125616699678689),,,,,,,,,,,,,,,,,,,,,,,,,,,,,,,,,,,,,,,,,,,,,,,,,,,,,,,,,,,,,,,,,,,,,,,,,,,,,,,,,,,,,,,,,,,,,,,,,,,,,
0,15,28,"{'x': 440.8964568381394, 'y': 121.56660356529838, 'elapsedTime': 16724.700000047684}",936708202627,5166607546,POINT (0.2296335712698642 0.1125616699678689),,,,,,,,,,,,,,,,,,,,,,,,,,,,,,,,,,,,,,,,,,,,,,,,,,,,,,,,,,,,,,,,,,,,,,,,,,,,,,,,,,,,,,,,,,,,,,,,,,,,,
0,15,28,"{'x': 440.8964568381394, 'y': 121.56660356529838, 'elapsedTime': 16724.700000047684}",936708219297,5166624216,POINT (0.2296335712698642 0.1125616699678689),,,,,,,,,,,,,,,,,,,,,,,,,,,,,,,,,,,,,,,,,,,,,,,,,,,,,,,,,,,,,,,,,,,,,,,,,,,,,,,,,,,,,,,,,,,,,,,,,,,,,
0,15,28,"{'x': 406.043275674829, 'y': 216.28920970041588, 'elapsedTime': 16770.899999976158}",936708235964,5166640882,POINT (0.2114808727473068 0.2002677867596443),,,,,,,,,,,,,,,,,,,,,,,,,,,,,,,,,,,,,,,,,,,,,,,,,,,,,,,,,,,,,,,,,,,,,,,,,,,,,,,,,,,,,,,,,,,,,,,,,,,,,
0,15,28,"{'x': 406.043275674829, 'y': 216.28920970041588, 'elapsedTime': 16770.899999976158}",936708252632,5166657550,POINT (0.2114808727473068 0.2002677867596443),,,,,,,,,,,,,,,,,,,,,,,,,,,,,,,,,,,,,,,,,,,,,,,,,,,,,,,,,,,,,,,,,,,,,,,,,,,,,,,,,,,,,,,,,,,,,,,,,,,,,
0,15,28,"{'x': 406.043275674829, 'y': 216.28920970041588, 'elapsedTime': 16770.899999976158}",936708269299,5166674216,POINT (0.2114808727473068 0.2002677867596443),,,,,,,,,,,,,,,,,,,,,,,,,,,,,,,,,,,,,,,,,,,,,,,,,,,,,,,,,,,,,,,,,,,,,,,,,,,,,,,,,,,,,,,,,,,,,,,,,,,,,
0,15,28,"{'x': 337.95179627861825, 'y': 206.72497220976194, 'elapsedTime': 16816.5}",936708285966,5166690883,POINT (0.1760165605617803 0.1914120113053351),,,,,,,,,,,,,,1,,,,,,,,,,,,,,,,,,,,,,,,,,,,,,,,,,,,,,,,,,,,,,,,,,,,,,,,,,,,,,,,,,,,,,,,,,,,,,,,,,,,,,,
0,15,28,"{'x': 337.95179627861825, 'y': 206.72497220976194, 'elapsedTime': 16816.5}",936708302634,5166707550,POINT (0.1760165605617803 0.1914120113053351),,,,,,,,,,,,,,1,,,,,,,,,,,,,,,,,,,,,,,,,,,,,,,,,,,,,,,,,,,,,,,,,,,,,,,,,,,,,,,,,,,,,,,,,,,,,,,,,,,,,,,
0,15,28,"{'x': 418.3994236017896, 'y': 170.91782135361382, 'elapsedTime': 16862.800000071526}",936708319300,5166724216,POINT (0.2179163664592654 0.1582572419940869),,,,,,,,,,,,,,,,,,,,,,,,,,,,,,,,,,,,,,,,,,,,,,,,,,,,,,,,,,,,,,,,,,,,,,,,,,,,,,,,,,,,,,,,,,,,,,,,,,,1,,
0,15,28,"{'x': 418.3994236017896, 'y': 170.91782135361382, 'elapsedTime': 16862.800000071526}",936708335968,5166740883,POINT (0.2179163664592654 0.1582572419940869),,,,,,,,,,,,,,,,,,,,,,,,,,,,,,,,,,,,,,,,,,,,,,,,,,,,,,,,,,,,,,,,,,,,,,,,,,,,,,,,,,,,,,,,,,,,,,,,,,,1,,
0,15,28,"{'x': 418.3994236017896, 'y': 170.91782135361382, 'elapsedTime': 16862.800000071526}",936708352643,5166757558,POINT (0.2179163664592654 0.1582572419940869),,,,,,,,,,,,,,,,,,,,,,,,,,,,,,,,,,,,,,,,,,,,,,,,,,,,,,,,,,,,,,,,,,,,,,,,,,,,,,,,,,,,,,,,,,,,,,,,,,,1,,
0,15,28,"{'x': 455.8875051746297, 'y': 158.39146055972515, 'elapsedTime': 16909.100000023842}",936708369311,5166774225,POINT (0.2374414089451196 0.1466587597775233),,,,,,,,,,,,,,,,,,,,,,,,,,,,,,,,,,,,,,,,,,,,,,,,,,,,,,,,,,,,,,,,,,,,,,,,,,,,,,,,,,,,,,,,,,,,,,,,,,,1,,
0,15,28,"{'x': 455.8875051746297, 'y': 158.39146055972515, 'elapsedTime': 16909.100000023842}",936708385977,5166790891,POINT (0.2374414089451196 0.1466587597775233),,,,,,,,,,,,,,,,,,,,,,,,,,,,,,,,,,,,,,,,,,,,,,,,,,,,,,,,,,,,,,,,,,,,,,,,,,,,,,,,,,,,,,,,,,,,,,,,,,,1,,
0,15,28,"{'x': 455.8875051746297, 'y': 158.39146055972515, 'elapsedTime': 16909.100000023842}",936708402645,5166807558,POINT (0.2374414089451196 0.1466587597775233),,,,,,,,,,,,,,,,,,,,,,,,,,,,,,,,,,,,,,,,,,,,,,,,,,,,,,,,,,,,,,,,,,,,,,,,,,,,,,,,,,,,,,,,,,,,,,,,,,,1,,
0,15,28,"{'x': 422.64677912245656, 'y': 114.54127451738222, 'elapsedTime': 16955.700000047684}",936708419312,5166824225,POINT (0.2201285307929461 0.1060567356642428),,,,,,,,,,,,,,,,,,,,,,,,,,,,,,,,,,,,,,,,,,,,,,,,,,,,,,,,,,,,,,,,,,,,,,,,,,,,,,,,,,,,,,,,,,,,,,,,,,,,,
0,15,28,"{'x': 422.64677912245656, 'y': 114.54127451738222, 'elapsedTime': 16955.700000047684}",936708435980,5166840892,POINT (0.2201285307929461 0.1060567356642428),,,,,,,,,,,,,,,,,,,,,,,,,,,,,,,,,,,,,,,,,,,,,,,,,,,,,,,,,,,,,,,,,,,,,,,,,,,,,,,,,,,,,,,,,,,,,,,,,,,,,
0,15,28,"{'x': 422.64677912245656, 'y': 114.54127451738222, 'elapsedTime': 16955.700000047684}",936708452646,5166857558,POINT (0.2201285307929461 0.1060567356642428),,,,,,,,,,,,,,,,,,,,,,,,,,,,,,,,,,,,,,,,,,,,,,,,,,,,,,,,,,,,,,,,,,,,,,,,,,,,,,,,,,,,,,,,,,,,,,,,,,,,,
0,15,28,"{'x': 438.7055413277963, 'y': 79.34138428204608, 'elapsedTime': 17001.200000047684}",936708469314,5166874225,POINT (0.2284924694415606 0.0734642447055982),,,,,,,,,,,,,,,,,,,,,,,,,,,,,,,,,,,,,,,,,,,,,,,,,,,,,,,,,,,,,,,,,,,,,,,,,,,,,,,,,,,,,,,,,,,,,,,,,,,,,
0,15,28,"{'x': 438.7055413277963, 'y': 79.34138428204608, 'elapsedTime': 17001.200000047684}",936708485981,5166890892,POINT (0.2284924694415606 0.0734642447055982),,,,,,,,,,,,,,,,,,,,,,,,,,,,,,,,,,,,,,,,,,,,,,,,,,,,,,,,,,,,,,,,,,,,,,,,,,,,,,,,,,,,,,,,,,,,,,,,,,,,,
0,15,28,"{'x': 438.7055413277963, 'y': 79.34138428204608, 'elapsedTime': 17001.200000047684}",936708502649,5166907559,POINT (0.2284924694415606 0.0734642447055982),,,,,,,,,,,,,,,,,,,,,,,,,,,,,,,,,,,,,,,,,,,,,,,,,,,,,,,,,,,,,,,,,,,,,,,,,,,,,,,,,,,,,,,,,,,,,,,,,,,,,
0,15,28,"{'x': 423.67723648746016, 'y': 45.65713616755309, 'elapsedTime': 17047.700000047684}",936708519316,5166924226,POINT (0.2206652273372188 0.0422751260810677),,,,,,,,,,,,,,,,,,,,,,,,,,,,,,,,,,,,,,,,,,,,,,,,,,,,,,,,,,,,,,,,,,,,,,,,,,,,,,,,,,,,,,,,,,,,,,,,,,,,,
0,15,28,"{'x': 423.67723648746016, 'y': 45.65713616755309, 'elapsedTime': 17047.700000047684}",936708535983,5166940892,POINT (0.2206652273372188 0.0422751260810677),,,,,,,,,,,,,,,,,,,,,,,,,,,,,,,,,,,,,,,,,,,,,,,,,,,,,,,,,,,,,,,,,,,,,,,,,,,,,,,,,,,,,,,,,,,,,,,,,,,,,
0,15,28,"{'x': 313.28253748440625, 'y': 91.4462214400796, 'elapsedTime': 17095.600000023842}",936708552650,5166957559,POINT (0.1631679882731283 0.084672427259333),,,,,,,,,,,,,,,,,,,,,,,,,,,,,,,,,,,,,,,,,,,,,,,,,,,,,,,,,,,,,,,,,,,,,,,,,,,,,,,,,,,,,,,,,,,,,,,,,,,,,
0,15,28,"{'x': 313.28253748440625, 'y': 91.4462214400796, 'elapsedTime': 17095.600000023842}",936708569318,5166974226,POINT (0.1631679882731283 0.084672427259333),,,,,,,,,,,,,,,,,,,,,,,,,,,,,,,,,,,,,,,,,,,,,,,,,,,,,,,,,,,,,,,,,,,,,,,,,,,,,,,,,,,,,,,,,,,,,,,,,,,,,
0,15,28,"{'x': 313.28253748440625, 'y': 91.4462214400796, 'elapsedTime': 17095.600000023842}",936708585984,5166990892,POINT (0.1631679882731283 0.084672427259333),,,,,,,,,,,,,,,,,,,,,,,,,,,,,,,,,,,,,,,,,,,,,,,,,,,,,,,,,,,,,,,,,,,,,,,,,,,,,,,,,,,,,,,,,,,,,,,,,,,,,
0,15,28,"{'x': 327.22735758276326, 'y': 101.50759740457569, 'elapsedTime': 17143.600000023842}",936708602652,5167007559,POINT (0.1704309154076892 0.0939885161153479),,,,,,,,,,,,,,,,,,,,,,,,,,,,,,,,,,,,,,,,,,,,,,,,,,,,,,,,,,,,,,,,,,,,,,,,,,,,,,,,,,,,,,,,,,,,,,,,,,,,,
0,15,28,"{'x': 327.22735758276326, 'y': 101.50759740457569, 'elapsedTime': 17143.600000023842}",936708619324,5167024231,POINT (0.1704309154076892 0.0939885161153479),,,,,,,,,,,,,,,,,,,,,,,,,,,,,,,,,,,,,,,,,,,,,,,,,,,,,,,,,,,,,,,,,,,,,,,,,,,,,,,,,,,,,,,,,,,,,,,,,,,,,
0,15,28,"{'x': 327.22735758276326, 'y': 101.50759740457569, 'elapsedTime': 17143.600000023842}",936708635992,5167040898,POINT (0.1704309154076892 0.0939885161153479),,,,,,,,,,,,,,,,,,,,,,,,,,,,,,,,,,,,,,,,,,,,,,,,,,,,,,,,,,,,,,,,,,,,,,,,,,,,,,,,,,,,,,,,,,,,,,,,,,,,,
0,15,28,"{'x': 323.822191529885, 'y': 126.22015112302935, 'elapsedTime': 17188.5}",936708652659,5167057565,POINT (0.1686573914218151 0.1168705102991012),,,1,,,,,,,,,,,,,,,,,,,,,,,,,,,,,,,,,,,,,,,,,,,,,,,,,,,,,,,,,,,,,,,,,,,,,,,,,,,,,,,,,,,,,,,,,,,,,,,,,,
0,15,28,"{'x': 323.822191529885, 'y': 126.22015112302935, 'elapsedTime': 17188.5}",936708669326,5167074231,POINT (0.1686573914218151 0.1168705102991012),,,1,,,,,,,,,,,,,,,,,,,,,,,,,,,,,,,,,,,,,,,,,,,,,,,,,,,,,,,,,,,,,,,,,,,,,,,,,,,,,,,,,,,,,,,,,,,,,,,,,,
0,15,28,"{'x': 323.822191529885, 'y': 126.22015112302935, 'elapsedTime': 17188.5}",936708685994,5167090899,POINT (0.1686573914218151 0.1168705102991012),,,1,,,,,,,,,,,,,,,,,,,,,,,,,,,,,,,,,,,,,,,,,,,,,,,,,,,,,,,,,,,,,,,,,,,,,,,,,,,,,,,,,,,,,,,,,,,,,,,,,,
0,15,28,"{'x': 338.58850576061707, 'y': 142.95526779594132, 'elapsedTime': 17235}",936708702661,5167107565,POINT (0.1763481800836547 0.1323659886999457),,,,,,,,,,,,,,,,,,,,,,,,,,,,,,,,,,,,,,,,,,,,,,,,,,,,,,,,,,,,,,,,,,,,,,,,,,,,,,,,,,,,,,,,,,,,,,,,,,,,,
0,15,28,"{'x': 338.58850576061707, 'y': 142.95526779594132, 'elapsedTime': 17235}",936708719327,5167124231,POINT (0.1763481800836547 0.1323659886999457),,,,,,,,,,,,,,,,,,,,,,,,,,,,,,,,,,,,,,,,,,,,,,,,,,,,,,,,,,,,,,,,,,,,,,,,,,,,,,,,,,,,,,,,,,,,,,,,,,,,,
0,15,28,"{'x': 338.58850576061707, 'y': 142.95526779594132, 'elapsedTime': 17235}",936708735995,5167140898,POINT (0.1763481800836547 0.1323659886999457),,,,,,,,,,,,,,,,,,,,,,,,,,,,,,,,,,,,,,,,,,,,,,,,,,,,,,,,,,,,,,,,,,,,,,,,,,,,,,,,,,,,,,,,,,,,,,,,,,,,,
0,15,28,"{'x': 439.79233029452496, 'y': 152.68591451425587, 'elapsedTime': 17282.600000023842}",936708752668,5167157571,POINT (0.2290585053617318 0.1413758467724592),,,,,,,,,,,,,,,,,,,,,,,,,,,,,,,,,,,,,,,,,,,,,,,,,,,,,,,,,,,,,,,,,,,,,,,,,,,,,,,,,,,,,,,,,,,,,,,,,,,1,,
0,15,28,"{'x': 439.79233029452496, 'y': 152.68591451425587, 'elapsedTime': 17282.600000023842}",936708769336,5167174238,POINT (0.2290585053617318 0.1413758467724592),,,,,,,,,,,,,,,,,,,,,,,,,,,,,,,,,,,,,,,,,,,,,,,,,,,,,,,,,,,,,,,,,,,,,,,,,,,,,,,,,,,,,,,,,,,,,,,,,,,1,,
0,15,28,"{'x': 487.0601878887851, 'y': 224.7582550740299, 'elapsedTime': 17328.200000047684}",936708786002,5167190904,POINT (0.2536771811920756 0.2081094954389166),,,,,,,,,,,,,,,,,,,,,,,,,,,,,,,1,,,,,,,,,,,,,,,,,,,,,,,,,,,,,,,,,,,,,,,,,,,,,,,,,,,,,,,,,,,,,,,,,,,,,,
0,15,28,"{'x': 487.0601878887851, 'y': 224.7582550740299, 'elapsedTime': 17328.200000047684}",936708802670,5167207571,POINT (0.2536771811920756 0.2081094954389166),,,,,,,,,,,,,,,,,,,,,,,,,,,,,,,1,,,,,,,,,,,,,,,,,,,,,,,,,,,,,,,,,,,,,,,,,,,,,,,,,,,,,,,,,,,,,,,,,,,,,,
0,15,28,"{'x': 487.0601878887851, 'y': 224.7582550740299, 'elapsedTime': 17328.200000047684}",936708819337,5167224238,POINT (0.2536771811920756 0.2081094954389166),,,,,,,,,,,,,,,,,,,,,,,,,,,,,,,1,,,,,,,,,,,,,,,,,,,,,,,,,,,,,,,,,,,,,,,,,,,,,,,,,,,,,,,,,,,,,,,,,,,,,,
0,15,28,"{'x': 546.2845461997177, 'y': 256.5348867311418, 'elapsedTime': 17374.800000071526}",936708836004,5167240904,POINT (0.2845232011456863 0.237532302528835),,,,,,,,,,,,,,,,,,,,,,,,,,,,,,,,,,,,,,,,,,,,,,,,,,,,,,1,,,,,,,,,,,,,,,,,,,,,,,,,,,,,,,,,,,,,,,,,,,,,,1,
0,15,28,"{'x': 546.2845461997177, 'y': 256.5348867311418, 'elapsedTime': 17374.800000071526}",936708852671,5167257571,POINT (0.2845232011456863 0.237532302528835),,,,,,,,,,,,,,,,,,,,,,,,,,,,,,,,,,,,,,,,,,,,,,,,,,,,,,1,,,,,,,,,,,,,,,,,,,,,,,,,,,,,,,,,,,,,,,,,,,,,,1,
0,15,28,"{'x': 546.2845461997177, 'y': 256.5348867311418, 'elapsedTime': 17374.800000071526}",936708869338,5167274237,POINT (0.2845232011456863 0.237532302528835),,,,,,,,,,,,,,,,,,,,,,,,,,,,,,,,,,,,,,,,,,,,,,,,,,,,,,1,,,,,,,,,,,,,,,,,,,,,,,,,,,,,,,,,,,,,,,,,,,,,,1,
0,15,28,"{'x': 575.2185247842812, 'y': 173.60044424709116, 'elapsedTime': 17422.100000023842}",936708886010,5167290909,POINT (0.2995929816584798 0.16074115208064),,,,,,,,,,,,,,,,,,,,,,,,,,,,,,,,,,,,,,,,,,,,,,,,,,,,,,,,,,,,,,,,,,,,,,,,,,,,,,,,,,,,,,,,,,,,,,,,,,,1,,
0,15,28,"{'x': 575.2185247842812, 'y': 173.60044424709116, 'elapsedTime': 17422.100000023842}",936708902678,5167307576,POINT (0.2995929816584798 0.16074115208064),,,,,,,,,,,,,,,,,,,,,,,,,,,,,,,,,,,,,,,,,,,,,,,,,,,,,,,,,,,,,,,,,,,,,,,,,,,,,,,,,,,,,,,,,,,,,,,,,,,1,,
0,15,28,"{'x': 575.2185247842812, 'y': 173.60044424709116, 'elapsedTime': 17422.100000023842}",936708919344,5167324242,POINT (0.2995929816584798 0.16074115208064),,,,,,,,,,,,,,,,,,,,,,,,,,,,,,,,,,,,,,,,,,,,,,,,,,,,,,,,,,,,,,,,,,,,,,,,,,,,,,,,,,,,,,,,,,,,,,,,,,,1,,
0,15,28,"{'x': 564.5447196338832, 'y': 101.21139761899512, 'elapsedTime': 17469.200000047684}",936708936012,5167340909,POINT (0.2940337081426475 0.0937142570546251),,,,,,,,,,,,,,,,,,,,,,,,,,,,,,,,,,,,,,,,,,,,,,,,,,,,,,,,,,,,,,,,,,,,,,,,,,,,,,,,,,,,,,,,,,,,,,,,,,,,,
0,15,28,"{'x': 564.5447196338832, 'y': 101.21139761899512, 'elapsedTime': 17469.200000047684}",936708952679,5167357576,POINT (0.2940337081426475 0.0937142570546251),,,,,,,,,,,,,,,,,,,,,,,,,,,,,,,,,,,,,,,,,,,,,,,,,,,,,,,,,,,,,,,,,,,,,,,,,,,,,,,,,,,,,,,,,,,,,,,,,,,,,
0,15,28,"{'x': 564.5447196338832, 'y': 101.21139761899512, 'elapsedTime': 17469.200000047684}",936708969346,5167374242,POINT (0.2940337081426475 0.0937142570546251),,,,,,,,,,,,,,,,,,,,,,,,,,,,,,,,,,,,,,,,,,,,,,,,,,,,,,,,,,,,,,,,,,,,,,,,,,,,,,,,,,,,,,,,,,,,,,,,,,,,,
0,15,28,"{'x': 530.0043885568754, 'y': 105.95527076475457, 'elapsedTime': 17516}",936708986013,5167390909,POINT (0.2760439523733726 0.0981067321895876),,,,,,,,,,,,,,,,,,,,,,,,,,,,,,,,,,,,,,,,,,,,,,,,,,,,,,,,,,,,,,,,,,,,,,,,,,,,,,,,,,,,,,,,,,,,,,,,,,,,,
0,15,28,"{'x': 530.0043885568754, 'y': 105.95527076475457, 'elapsedTime': 17516}",936709002683,5167407578,POINT (0.2760439523733726 0.0981067321895876),,,,,,,,,,,,,,,,,,,,,,,,,,,,,,,,,,,,,,,,,,,,,,,,,,,,,,,,,,,,,,,,,,,,,,,,,,,,,,,,,,,,,,,,,,,,,,,,,,,,,
0,15,28,"{'x': 530.0043885568754, 'y': 105.95527076475457, 'elapsedTime': 17516}",936709019350,5167424245,POINT (0.2760439523733726 0.0981067321895876),,,,,,,,,,,,,,,,,,,,,,,,,,,,,,,,,,,,,,,,,,,,,,,,,,,,,,,,,,,,,,,,,,,,,,,,,,,,,,,,,,,,,,,,,,,,,,,,,,,,,
0,15,28,"{'x': 528.332269618621, 'y': 116.27917881052491, 'elapsedTime': 17563.100000023842}",936709036017,5167440911,POINT (0.2751730570930318 0.1076659063060416),,,,,,,,,,,,,,,,,,,,,,,,,,,,,,,,,,,,,,,,,,,,,,,,,,,,,,,,,,,,,,,,,,,,,,,,,,,,,,,,,,,,,,,,,,,,,,,,,,,,,
0,15,28,"{'x': 528.332269618621, 'y': 116.27917881052491, 'elapsedTime': 17563.100000023842}",936709052684,5167457578,POINT (0.2751730570930318 0.1076659063060416),,,,,,,,,,,,,,,,,,,,,,,,,,,,,,,,,,,,,,,,,,,,,,,,,,,,,,,,,,,,,,,,,,,,,,,,,,,,,,,,,,,,,,,,,,,,,,,,,,,,,
0,15,28,"{'x': 611.7418991429747, 'y': 115.14086025487723, 'elapsedTime': 17613.800000071526}",936709069352,5167474245,POINT (0.3186155724702993 0.1066119076434048),,,,,,,,,,,,,,,,,,,,,,,,,,,,,,,,,,,,,,,,,,,,,,,,,,,,,,,,,,,,,,,,,,,,,,,,,,,,,,,,,,,,,,,,,,,,,,,,,,,,,
0,15,28,"{'x': 611.7418991429747, 'y': 115.14086025487723, 'elapsedTime': 17613.800000071526}",936709086018,5167490911,POINT (0.3186155724702993 0.1066119076434048),,,,,,,,,,,,,,,,,,,,,,,,,,,,,,,,,,,,,,,,,,,,,,,,,,,,,,,,,,,,,,,,,,,,,,,,,,,,,,,,,,,,,,,,,,,,,,,,,,,,,
0,15,28,"{'x': 611.7418991429747, 'y': 115.14086025487723, 'elapsedTime': 17613.800000071526}",936709102686,5167507578,POINT (0.3186155724702993 0.1066119076434048),,,,,,,,,,,,,,,,,,,,,,,,,,,,,,,,,,,,,,,,,,,,,,,,,,,,,,,,,,,,,,,,,,,,,,,,,,,,,,,,,,,,,,,,,,,,,,,,,,,,,
0,15,28,"{'x': 565.0827687150444, 'y': 167.8216899217728, 'elapsedTime': 17658.200000047684}",936709119353,5167524245,POINT (0.2943139420390856 0.1553904536312711),,,,,,,,,,,,,,,,,,,,,,,,,,,,,,,,,,,,,,,,,,,,,,,,,,,,,,,,,,,,,,,,,,,,,,,,,,,,,,,,,,,,,,,,,,,,,,,,,,,1,,
0,15,28,"{'x': 565.0827687150444, 'y': 167.8216899217728, 'elapsedTime': 17658.200000047684}",936709136026,5167540917,POINT (0.2943139420390856 0.1553904536312711),,,,,,,,,,,,,,,,,,,,,,,,,,,,,,,,,,,,,,,,,,,,,,,,,,,,,,,,,,,,,,,,,,,,,,,,,,,,,,,,,,,,,,,,,,,,,,,,,,,1,,
0,15,28,"{'x': 565.0827687150444, 'y': 167.8216899217728, 'elapsedTime': 17658.200000047684}",936709152693,5167557584,POINT (0.2943139420390856 0.1553904536312711),,,,,,,,,,,,,,,,,,,,,,,,,,,,,,,,,,,,,,,,,,,,,,,,,,,,,,,,,,,,,,,,,,,,,,,,,,,,,,,,,,,,,,,,,,,,,,,,,,,1,,
0,15,28,"{'x': 542.4061660222795, 'y': 197.62107950790545, 'elapsedTime': 17706.300000071526}",936709169360,5167574250,POINT (0.2825032114699372 0.1829824810258384),,,,,,,,,,,,,,,,,,,,,,,,,,,,,,,,,,,,,,,,,,,,,,,,,,,,,,,,,,,,,,,,,,,,,,,,,,,,,,,,,,,,,,,,,,,,,,,,,,,,,
0,15,28,"{'x': 542.4061660222795, 'y': 197.62107950790545, 'elapsedTime': 17706.300000071526}",936709186027,5167590917,POINT (0.2825032114699372 0.1829824810258384),,,,,,,,,,,,,,,,,,,,,,,,,,,,,,,,,,,,,,,,,,,,,,,,,,,,,,,,,,,,,,,,,,,,,,,,,,,,,,,,,,,,,,,,,,,,,,,,,,,,,
0,15,28,"{'x': 542.4061660222795, 'y': 197.62107950790545, 'elapsedTime': 17706.300000071526}",936709202695,5167607584,POINT (0.2825032114699372 0.1829824810258384),,,,,,,,,,,,,,,,,,,,,,,,,,,,,,,,,,,,,,,,,,,,,,,,,,,,,,,,,,,,,,,,,,,,,,,,,,,,,,,,,,,,,,,,,,,,,,,,,,,,,
0,15,28,"{'x': 512.9607470038557, 'y': 239.98583182499266, 'elapsedTime': 17751.300000071526}",936709219361,5167624250,POINT (0.2671670557311748 0.2222091035416599),,,,,,,,,,,,,,,,,,,,,,,,,,,,,,,,,,,,,,,,,,,,,,,,,,,,,,,,,,,,,,,,,,,,,,,,,,,,,,,,,,,,,,,,,,,,,,,,,,,,1,
0,15,28,"{'x': 512.9607470038557, 'y': 239.98583182499266, 'elapsedTime': 17751.300000071526}",936709236029,5167640917,POINT (0.2671670557311748 0.2222091035416599),,,,,,,,,,,,,,,,,,,,,,,,,,,,,,,,,,,,,,,,,,,,,,,,,,,,,,,,,,,,,,,,,,,,,,,,,,,,,,,,,,,,,,,,,,,,,,,,,,,,1,
0,15,28,"{'x': 554.7220686957273, 'y': 199.6907425312398, 'elapsedTime': 17797.700000047684}",936709252695,5167657583,POINT (0.288917744112358 0.1848988356770739),,,,,,,,,,,,,,,,,,,,,,,,,,,,,,,,,,,,,,,,,,,,,,,,,,,,,,,,,,,,,,,,,,,,,,,,,,,,,,,,,,,,,,,,,,,,,,,,,,,,,
0,15,28,"{'x': 554.7220686957273, 'y': 199.6907425312398, 'elapsedTime': 17797.700000047684}",936709269370,5167674257,POINT (0.288917744112358 0.1848988356770739),,,,,,,,,,,,,,,,,,,,,,,,,,,,,,,,,,,,,,,,,,,,,,,,,,,,,,,,,,,,,,,,,,,,,,,,,,,,,,,,,,,,,,,,,,,,,,,,,,,,,
0,15,28,"{'x': 554.7220686957273, 'y': 199.6907425312398, 'elapsedTime': 17797.700000047684}",936709286036,5167690923,POINT (0.288917744112358 0.1848988356770739),,,,,,,,,,,,,,,,,,,,,,,,,,,,,,,,,,,,,,,,,,,,,,,,,,,,,,,,,,,,,,,,,,,,,,,,,,,,,,,,,,,,,,,,,,,,,,,,,,,,,
0,15,28,"{'x': 579.8512952399918, 'y': 225.17393693300193, 'elapsedTime': 17845}",936709302703,5167707589,POINT (0.3020058829374958 0.2084943860490759),,,,,,,,,,,,,,,,,,,,,,,,,,,,,,,,,,,,,,,,,,,,,,,,,,,,,,,,,,,,,,,,,,,,,,,,,,,,,,,,,,,,,,,,,,,,,,,,,,,,,
0,15,28,"{'x': 579.8512952399918, 'y': 225.17393693300193, 'elapsedTime': 17845}",936709319371,5167724257,POINT (0.3020058829374958 0.2084943860490759),,,,,,,,,,,,,,,,,,,,,,,,,,,,,,,,,,,,,,,,,,,,,,,,,,,,,,,,,,,,,,,,,,,,,,,,,,,,,,,,,,,,,,,,,,,,,,,,,,,,,
0,15,28,"{'x': 579.8512952399918, 'y': 225.17393693300193, 'elapsedTime': 17845}",936709336038,5167740923,POINT (0.3020058829374958 0.2084943860490759),,,,,,,,,,,,,,,,,,,,,,,,,,,,,,,,,,,,,,,,,,,,,,,,,,,,,,,,,,,,,,,,,,,,,,,,,,,,,,,,,,,,,,,,,,,,,,,,,,,,,
0,15,28,"{'x': 579.8512952399918, 'y': 225.17393693300193, 'elapsedTime': 17845}",936709352705,5167757590,POINT (0.3020058829374958 0.2084943860490759),,,,,,,,,,,,,,,,,,,,,,,,,,,,,,,,,,,,,,,,,,,,,,,,,,,,,,,,,,,,,,,,,,,,,,,,,,,,,,,,,,,,,,,,,,,,,,,,,,,,,
0,15,28,"{'x': 674.3961212970368, 'y': 218.49670273464062, 'elapsedTime': 17898.600000023842}",936709369373,5167774257,POINT (0.3512479798422066 0.2023117617913339),,,,,,,,,,,,,,,,,,,,,,,,,,,,,,,,,,,1,,,,,,,,,,,,,,,,,,,,,,,,,,,,,,,,,,,,,,,,,,,,,,,,,,,,,,,,,,,,,,,,,,
0,15,28,"{'x': 674.3961212970368, 'y': 218.49670273464062, 'elapsedTime': 17898.600000023842}",936709386039,5167790923,POINT (0.3512479798422066 0.2023117617913339),,,,,,,,,,,,,,,,,,,,,,,,,,,,,,,,,,,1,,,,,,,,,,,,,,,,,,,,,,,,,,,,,,,,,,,,,,,,,,,,,,,,,,,,,,,,,,,,,,,,,,
0,15,28,"{'x': 674.3961212970368, 'y': 218.49670273464062, 'elapsedTime': 17898.600000023842}",936709402708,5167807591,POINT (0.3512479798422066 0.2023117617913339),,,,,,,,,,,,,,,,,,,,,,,,,,,,,,,,,,,1,,,,,,,,,,,,,,,,,,,,,,,,,,,,,,,,,,,,,,,,,,,,,,,,,,,,,,,,,,,,,,,,,,
0,15,28,"{'x': 705.391852031114, 'y': 260.8256418618521, 'elapsedTime': 17955.100000023842}",936709419374,5167824257,POINT (0.3673915895995386 0.2415052239461593),,,,,,,,,,,,,,,,,,,,,,,,,,,,,,,,,,,,,,,,,,,,,,,,,,,,,,,,,,,,,,,,,,,,,,,,,,,,,,,,,,,,,,,,,,,,,,,,,,,,1,
0,15,28,"{'x': 705.391852031114, 'y': 260.8256418618521, 'elapsedTime': 17955.100000023842}",936709436042,5167840924,POINT (0.3673915895995386 0.2415052239461593),,,,,,,,,,,,,,,,,,,,,,,,,,,,,,,,,,,,,,,,,,,,,,,,,,,,,,,,,,,,,,,,,,,,,,,,,,,,,,,,,,,,,,,,,,,,,,,,,,,,1,
0,15,28,"{'x': 705.391852031114, 'y': 260.8256418618521, 'elapsedTime': 17955.100000023842}",936709452709,5167857591,POINT (0.3673915895995386 0.2415052239461593),,,,,,,,,,,,,,,,,,,,,,,,,,,,,,,,,,,,,,,,,,,,,,,,,,,,,,,,,,,,,,,,,,,,,,,,,,,,,,,,,,,,,,,,,,,,,,,,,,,,1,
0,15,28,"{'x': 713.6261602145095, 'y': 283.82433665445427, 'elapsedTime': 18000.899999976158}",936709469376,5167874257,POINT (0.3716802917783904 0.2628003117170873),,,,,,,,,,,,,,,,,,,,,,,,,,,,,,,,,,,,,,,,,,,,,,,,,,,,,,,,,,,,,,,,,,,,,,,,,,,,,,,,,,,,,,,,,,,,,,,,,,,1,1,
0,15,28,"{'x': 713.6261602145095, 'y': 283.82433665445427, 'elapsedTime': 18000.899999976158}",936709486043,5167890924,POINT (0.3716802917783904 0.2628003117170873),,,,,,,,,,,,,,,,,,,,,,,,,,,,,,,,,,,,,,,,,,,,,,,,,,,,,,,,,,,,,,,,,,,,,,,,,,,,,,,,,,,,,,,,,,,,,,,,,,,1,1,
0,15,28,"{'x': 713.6261602145095, 'y': 283.82433665445427, 'elapsedTime': 18000.899999976158}",936709502710,5167907590,POINT (0.3716802917783904 0.2628003117170873),,,,,,,,,,,,,,,,,,,,,,,,,,,,,,,,,,,,,,,,,,,,,,,,,,,,,,,,,,,,,,,,,,,,,,,,,,,,,,,,,,,,,,,,,,,,,,,,,,,1,1,
0,15,28,"{'x': 643.463512285637, 'y': 338.72059450485114, 'elapsedTime': 18047.899999976158}",936709519377,5167924257,POINT (0.3351372459821026 0.3136301800970844),,,,,,,,,,,,,,,,,,,,,,,,,,,,,,,,,,,,,,,,,,,,,,,,,,,,,,,,,,,,,,,,,,,,,,,,,,,,,,,,,,,,,,,,,,,,,,,,,,,,,
0,15,28,"{'x': 643.463512285637, 'y': 338.72059450485114, 'elapsedTime': 18047.899999976158}",936709536052,5167940931,POINT (0.3351372459821026 0.3136301800970844),,,,,,,,,,,,,,,,,,,,,,,,,,,,,,,,,,,,,,,,,,,,,,,,,,,,,,,,,,,,,,,,,,,,,,,,,,,,,,,,,,,,,,,,,,,,,,,,,,,,,
0,15,28,"{'x': 643.463512285637, 'y': 338.72059450485114, 'elapsedTime': 18047.899999976158}",936709552718,5167957597,POINT (0.3351372459821026 0.3136301800970844),,,,,,,,,,,,,,,,,,,,,,,,,,,,,,,,,,,,,,,,,,,,,,,,,,,,,,,,,,,,,,,,,,,,,,,,,,,,,,,,,,,,,,,,,,,,,,,,,,,,,
0,15,28,"{'x': 587.257784104134, 'y': 353.79867147483594, 'elapsedTime': 18097.5}",936709569386,5167974264,POINT (0.3058634292209031 0.3275913624767),,,,,,,,,,,,,,,,,,,,,,,,,,,,,,,,,,,,,,,,,,,,,,,,,,,,,,,,,,,,,,,,,,,,,,,,,,,,,,,,,,,,,,,,,,,,,,,,,,,,,
0,15,28,"{'x': 587.257784104134, 'y': 353.79867147483594, 'elapsedTime': 18097.5}",936709586052,5167990930,POINT (0.3058634292209031 0.3275913624767),,,,,,,,,,,,,,,,,,,,,,,,,,,,,,,,,,,,,,,,,,,,,,,,,,,,,,,,,,,,,,,,,,,,,,,,,,,,,,,,,,,,,,,,,,,,,,,,,,,,,
0,15,28,"{'x': 603.8675332637238, 'y': 299.51500298989373, 'elapsedTime': 18148.100000023842}",936709602720,5168007597,POINT (0.3145143402415228 0.2773287064721238),,,,,,,,,,,,,,,,,,,,,,,,,,,,,,,,,,,,,,,,,,,,,,,,,,,,,,,,,,,,,,,,,,,,,,,,,,,,,,,,,,,,,,,,,,,,,,,,,,,1,1,
0,15,28,"{'x': 603.8675332637238, 'y': 299.51500298989373, 'elapsedTime': 18148.100000023842}",936709619387,5168024264,POINT (0.3145143402415228 0.2773287064721238),,,,,,,,,,,,,,,,,,,,,,,,,,,,,,,,,,,,,,,,,,,,,,,,,,,,,,,,,,,,,,,,,,,,,,,,,,,,,,,,,,,,,,,,,,,,,,,,,,,1,1,
0,15,28,"{'x': 603.8675332637238, 'y': 299.51500298989373, 'elapsedTime': 18148.100000023842}",936709636054,5168040930,POINT (0.3145143402415228 0.2773287064721238),,,,,,,,,,,,,,,,,,,,,,,,,,,,,,,,,,,,,,,,,,,,,,,,,,,,,,,,,,,,,,,,,,,,,,,,,,,,,,,,,,,,,,,,,,,,,,,,,,,1,1,
0,15,28,"{'x': 627.697669809114, 'y': 322.44354092262427, 'elapsedTime': 18194.899999976158}",936709652721,5168057597,POINT (0.3269258696922469 0.2985588341876151),,,,,,,,,,,,,,,,,,,,,,,,,,,,,,,,,,,,,,,,,,,,,,,,,,,,,,,,,,,,,,,,,,,,,,,,,,,,,,,,,,,,,,,,,,,,,,,,,,,,1,
0,15,28,"{'x': 627.697669809114, 'y': 322.44354092262427, 'elapsedTime': 18194.899999976158}",936709669394,5168074269,POINT (0.3269258696922469 0.2985588341876151),,,,,,,,,,,,,,,,,,,,,,,,,,,,,,,,,,,,,,,,,,,,,,,,,,,,,,,,,,,,,,,,,,,,,,,,,,,,,,,,,,,,,,,,,,,,,,,,,,,,1,
0,15,28,"{'x': 627.697669809114, 'y': 322.44354092262427, 'elapsedTime': 18194.899999976158}",936709686060,5168090935,POINT (0.3269258696922469 0.2985588341876151),,,,,,,,,,,,,,,,,,,,,,,,,,,,,,,,,,,,,,,,,,,,,,,,,,,,,,,,,,,,,,,,,,,,,,,,,,,,,,,,,,,,,,,,,,,,,,,,,,,,1,
0,15,28,"{'x': 625.6718575776924, 'y': 359.64030313458585, 'elapsedTime': 18241.200000047684}",936709702729,5168107603,POINT (0.3258707591550482 0.3330002806801721),,,,,,,,,,,,,,,,,,,,,,,,,,,,,,,,,,,,,,,,,,,,,,,,,,,,,,,,,,,,,,,,,,,,,,,,,,,,,,,,,,,,,,,,,,,,,,,,,,,,,
0,15,28,"{'x': 625.6718575776924, 'y': 359.64030313458585, 'elapsedTime': 18241.200000047684}",936709719395,5168124269,POINT (0.3258707591550482 0.3330002806801721),,,,,,,,,,,,,,,,,,,,,,,,,,,,,,,,,,,,,,,,,,,,,,,,,,,,,,,,,,,,,,,,,,,,,,,,,,,,,,,,,,,,,,,,,,,,,,,,,,,,,
0,15,28,"{'x': 625.6718575776924, 'y': 359.64030313458585, 'elapsedTime': 18241.200000047684}",936709736062,5168140935,POINT (0.3258707591550482 0.3330002806801721),,,,,,,,,,,,,,,,,,,,,,,,,,,,,,,,,,,,,,,,,,,,,,,,,,,,,,,,,,,,,,,,,,,,,,,,,,,,,,,,,,,,,,,,,,,,,,,,,,,,,
0,15,28,"{'x': 647.3326014456773, 'y': 404.26130042173304, 'elapsedTime': 18289.399999976158}",936709752730,5168157603,POINT (0.3371523965862903 0.3743160189090121),,,,,,,,,,,,,,,,,,,,,,,,,,,,,,,,,,,,,,,,,,,,,,,,,,,,,,,,,,,,,,,,,,,,,,,,,,,,,,,,,,,,,,,,,,,,,,,,,,,,,
0,15,28,"{'x': 647.3326014456773, 'y': 404.26130042173304, 'elapsedTime': 18289.399999976158}",936709769397,5168174269,POINT (0.3371523965862903 0.3743160189090121),,,,,,,,,,,,,,,,,,,,,,,,,,,,,,,,,,,,,,,,,,,,,,,,,,,,,,,,,,,,,,,,,,,,,,,,,,,,,,,,,,,,,,,,,,,,,,,,,,,,,
0,15,28,"{'x': 647.3326014456773, 'y': 404.26130042173304, 'elapsedTime': 18289.399999976158}",936709786064,5168190936,POINT (0.3371523965862903 0.3743160189090121),,,,,,,,,,,,,,,,,,,,,,,,,,,,,,,,,,,,,,,,,,,,,,,,,,,,,,,,,,,,,,,,,,,,,,,,,,,,,,,,,,,,,,,,,,,,,,,,,,,,,
0,15,28,"{'x': 668.2905269676653, 'y': 495.3027349682467, 'elapsedTime': 18336.200000047684}",936709802736,5168207607,POINT (0.348067982795659 0.4586136434891173),,,,,,,,,,,,,,,,,,,,,,,,,,,,,,,,,,,,,,,,,,,,,,,,,,,,,,,,,,,,,,,,,,,,,,,,,,,,,,,,,,,,,,,,,,,,,,,,,,,,,
0,15,28,"{'x': 668.2905269676653, 'y': 495.3027349682467, 'elapsedTime': 18336.200000047684}",936709819403,5168224274,POINT (0.348067982795659 0.4586136434891173),,,,,,,,,,,,,,,,,,,,,,,,,,,,,,,,,,,,,,,,,,,,,,,,,,,,,,,,,,,,,,,,,,,,,,,,,,,,,,,,,,,,,,,,,,,,,,,,,,,,,
0,15,28,"{'x': 668.2905269676653, 'y': 495.3027349682467, 'elapsedTime': 18336.200000047684}",936709836071,5168240941,POINT (0.348067982795659 0.4586136434891173),,,,,,,,,,,,,,,,,,,,,,,,,,,,,,,,,,,,,,,,,,,,,,,,,,,,,,,,,,,,,,,,,,,,,,,,,,,,,,,,,,,,,,,,,,,,,,,,,,,,,
0,15,28,"{'x': 735.4456772061715, 'y': 418.26460613090495, 'elapsedTime': 18383.200000047684}",936709852737,5168257607,POINT (0.383044623544881 0.3872820427138009),,,,,,,,,,,,,,,,,,,,,,,,,,,,,,,,,,,,,,,,,,,,,,,,,,,,,,,,,,,,,,,,,,,,,,,,,,,,,,,,,,,,,,,,,,,,,,,,,,,,,
0,15,28,"{'x': 735.4456772061715, 'y': 418.26460613090495, 'elapsedTime': 18383.200000047684}",936709869405,5168274274,POINT (0.383044623544881 0.3872820427138009),,,,,,,,,,,,,,,,,,,,,,,,,,,,,,,,,,,,,,,,,,,,,,,,,,,,,,,,,,,,,,,,,,,,,,,,,,,,,,,,,,,,,,,,,,,,,,,,,,,,,
0,15,28,"{'x': 649.7698991312935, 'y': 373.00467811719597, 'elapsedTime': 18430.5}",936709886072,5168290941,POINT (0.3384218224642154 0.3453747019603666),,,,,,,,,,,,,,,,,,,,,,,,,,,,,,,,,,,,,,,,,,,,,,,,,,,,,,,,,,,,,,,,,,,,,,,,,,,,,,,,,,,,,,,,,,,,,,,,,,,,,
0,15,28,"{'x': 649.7698991312935, 'y': 373.00467811719597, 'elapsedTime': 18430.5}",936709902739,5168307607,POINT (0.3384218224642154 0.3453747019603666),,,,,,,,,,,,,,,,,,,,,,,,,,,,,,,,,,,,,,,,,,,,,,,,,,,,,,,,,,,,,,,,,,,,,,,,,,,,,,,,,,,,,,,,,,,,,,,,,,,,,
0,15,28,"{'x': 649.7698991312935, 'y': 373.00467811719597, 'elapsedTime': 18430.5}",936709919409,5168324277,POINT (0.3384218224642154 0.3453747019603666),,,,,,,,,,,,,,,,,,,,,,,,,,,,,,,,,,,,,,,,,,,,,,,,,,,,,,,,,,,,,,,,,,,,,,,,,,,,,,,,,,,,,,,,,,,,,,,,,,,,,
0,15,28,"{'x': 695.4273841675819, 'y': 334.05807095770206, 'elapsedTime': 18476.200000047684}",936709936076,5168340943,POINT (0.3622017625872822 0.309313028664539),,,,,,,,,,,,,,,,,,,,,,,,,,,,,,,,,,,,,,,,,,,,,,,,,,,,,,,,,,,,,,,,,,,,,,,,,,,,,,,,,,,,,,,,,,,,,,,,,,,,1,
0,15,28,"{'x': 695.4273841675819, 'y': 334.05807095770206, 'elapsedTime': 18476.200000047684}",936709952741,5168357608,POINT (0.3622017625872822 0.309313028664539),,,,,,,,,,,,,,,,,,,,,,,,,,,,,,,,,,,,,,,,,,,,,,,,,,,,,,,,,,,,,,,,,,,,,,,,,,,,,,,,,,,,,,,,,,,,,,,,,,,,1,
0,15,28,"{'x': 695.4273841675819, 'y': 334.05807095770206, 'elapsedTime': 18476.200000047684}",936709969411,5168374277,POINT (0.3622017625872822 0.309313028664539),,,,,,,,,,,,,,,,,,,,,,,,,,,,,,,,,,,,,,,,,,,,,,,,,,,,,,,,,,,,,,,,,,,,,,,,,,,,,,,,,,,,,,,,,,,,,,,,,,,,1,
0,15,28,"{'x': 804.4767319412624, 'y': 289.69684485774644, 'elapsedTime': 18525.399999976158}",936709986077,5168390943,POINT (0.4189982978860742 0.2682378193127282),,,,,,,,,,,,,,,,,,,,,,,,,,,,,,,,,,,,,,,,,,,,,,,,,,,,,,,,,,,,,,,,,,,,,,,,,,,,,,,,,,,,,,,,,,,,,,,,,,,1,1,
0,15,28,"{'x': 804.4767319412624, 'y': 289.69684485774644, 'elapsedTime': 18525.399999976158}",936710002745,5168407610,POINT (0.4189982978860742 0.2682378193127282),,,,,,,,,,,,,,,,,,,,,,,,,,,,,,,,,,,,,,,,,,,,,,,,,,,,,,,,,,,,,,,,,,,,,,,,,,,,,,,,,,,,,,,,,,,,,,,,,,,1,1,
0,15,28,"{'x': 804.4767319412624, 'y': 289.69684485774644, 'elapsedTime': 18525.399999976158}",936710019411,5168424276,POINT (0.4189982978860742 0.2682378193127282),,,,,,,,,,,,,,,,,,,,,,,,,,,,,,,,,,,,,,,,,,,,,,,,,,,,,,,,,,,,,,,,,,,,,,,,,,,,,,,,,,,,,,,,,,,,,,,,,,,1,1,
0,15,28,"{'x': 961.1697241244086, 'y': 244.08862971310722, 'elapsedTime': 18571.5}",936710036080,5168440944,POINT (0.5006092313147962 0.2260079904750993),,,,,,,,,,,,,,,,,,,,,,,,,,,,,,,,,,,,,,,,,,,,,,,,,,,,,,,,,,,,,,,,,,,,,,,,,,,,,,,,,,,,,,,,,,,,,,,,,,,1,1,
0,15,28,"{'x': 961.1697241244086, 'y': 244.08862971310722, 'elapsedTime': 18571.5}",936710052751,5168457615,POINT (0.5006092313147962 0.2260079904750993),,,,,,,,,,,,,,,,,,,,,,,,,,,,,,,,,,,,,,,,,,,,,,,,,,,,,,,,,,,,,,,,,,,,,,,,,,,,,,,,,,,,,,,,,,,,,,,,,,,1,1,
0,15,28,"{'x': 961.1697241244086, 'y': 244.08862971310722, 'elapsedTime': 18571.5}",936710069418,5168474281,POINT (0.5006092313147962 0.2260079904750993),,,,,,,,,,,,,,,,,,,,,,,,,,,,,,,,,,,,,,,,,,,,,,,,,,,,,,,,,,,,,,,,,,,,,,,,,,,,,,,,,,,,,,,,,,,,,,,,,,,1,1,
0,15,28,"{'x': 1082.3252391331928, 'y': 163.59087458301485, 'elapsedTime': 18618.600000023842}",936710086086,5168490949,POINT (0.5637110620485379 0.15147303202131),,,,,,,,,,,,,,,,,,,,,,,,,,,,,,,,,,,,,,,,,,,,,,,,,,,,,,,,,,,,,,,,,,,,,,,,,,,,,,,,,,,,,,,,,,,,,,,,,,,1,,
0,15,28,"{'x': 1082.3252391331928, 'y': 163.59087458301485, 'elapsedTime': 18618.600000023842}",936710102753,5168507615,POINT (0.5637110620485379 0.15147303202131),,,,,,,,,,,,,,,,,,,,,,,,,,,,,,,,,,,,,,,,,,,,,,,,,,,,,,,,,,,,,,,,,,,,,,,,,,,,,,,,,,,,,,,,,,,,,,,,,,,1,,
0,15,28,"{'x': 1198.4970683057675, 'y': 99.60566586891616, 'elapsedTime': 18664.100000023842}",936710119420,5168524282,POINT (0.6242172230759205 0.0922274683971446),,,,,,,,,,,,,,,,,,,,,,,,,,,,,,,,,,,,,,,,,,,,,,,,,,,,,,,,,,,,,,,,,,,,,,,,,,,,,,,,,,,,,,,,,,,,,,,,,,,,,
0,15,28,"{'x': 1198.4970683057675, 'y': 99.60566586891616, 'elapsedTime': 18664.100000023842}",936710136088,5168540949,POINT (0.6242172230759205 0.0922274683971446),,,,,,,,,,,,,,,,,,,,,,,,,,,,,,,,,,,,,,,,,,,,,,,,,,,,,,,,,,,,,,,,,,,,,,,,,,,,,,,,,,,,,,,,,,,,,,,,,,,,,
0,15,28,"{'x': 1198.4970683057675, 'y': 99.60566586891616, 'elapsedTime': 18664.100000023842}",936710152754,5168557615,POINT (0.6242172230759205 0.0922274683971446),,,,,,,,,,,,,,,,,,,,,,,,,,,,,,,,,,,,,,,,,,,,,,,,,,,,,,,,,,,,,,,,,,,,,,,,,,,,,,,,,,,,,,,,,,,,,,,,,,,,,
0,15,28,"{'x': 1235.836593618029, 'y': 101.29634692325737, 'elapsedTime': 18710.399999976158}",936710169421,5168574282,POINT (0.6436648925093901 0.0937929138178309),,,,,,,,,,,,,,,,,,,,,,,,,,,,,,,,,,,,,,,,,,,,,,,,,,,,,,,,,,,,,,,,,,,,,,,,,,,,,,,,,,,,,,,,,,,,,,,,,,,,,
0,15,28,"{'x': 1235.836593618029, 'y': 101.29634692325737, 'elapsedTime': 18710.399999976158}",936710186091,5168590951,POINT (0.6436648925093901 0.0937929138178309),,,,,,,,,,,,,,,,,,,,,,,,,,,,,,,,,,,,,,,,,,,,,,,,,,,,,,,,,,,,,,,,,,,,,,,,,,,,,,,,,,,,,,,,,,,,,,,,,,,,,
0,15,28,"{'x': 1235.836593618029, 'y': 101.29634692325737, 'elapsedTime': 18710.399999976158}",936710202758,5168607618,POINT (0.6436648925093901 0.0937929138178309),,,,,,,,,,,,,,,,,,,,,,,,,,,,,,,,,,,,,,,,,,,,,,,,,,,,,,,,,,,,,,,,,,,,,,,,,,,,,,,,,,,,,,,,,,,,,,,,,,,,,
0,15,28,"{'x': 1235.836593618029, 'y': 101.29634692325737, 'elapsedTime': 18710.399999976158}",936710219426,5168624285,POINT (0.6436648925093901 0.0937929138178309),,,,,,,,,,,,,,,,,,,,,,,,,,,,,,,,,,,,,,,,,,,,,,,,,,,,,,,,,,,,,,,,,,,,,,,,,,,,,,,,,,,,,,,,,,,,,,,,,,,,,
0,15,28,"{'x': 1287.3159180149667, 'y': 62.91491456429309, 'elapsedTime': 18758.399999976158}",936710236092,5168640951,POINT (0.6704770406327951 0.0582545505224936),,,,,,,,,,,,,,,,,,,,,,,,,,,,,,,,,,,,,,,,,,,,,,,,,,,,,,,,,,,,,,,,,,,,,,,,,,,,,,,,,,,,,,,,,,,,,,,,,,,,,
0,15,28,"{'x': 1287.3159180149667, 'y': 62.91491456429309, 'elapsedTime': 18758.399999976158}",936710252758,5168657616,POINT (0.6704770406327951 0.0582545505224936),,,,,,,,,,,,,,,,,,,,,,,,,,,,,,,,,,,,,,,,,,,,,,,,,,,,,,,,,,,,,,,,,,,,,,,,,,,,,,,,,,,,,,,,,,,,,,,,,,,,,
0,15,28,"{'x': 1287.3159180149667, 'y': 62.91491456429309, 'elapsedTime': 18758.399999976158}",936710269424,5168674282,POINT (0.6704770406327951 0.0582545505224936),,,,,,,,,,,,,,,,,,,,,,,,,,,,,,,,,,,,,,,,,,,,,,,,,,,,,,,,,,,,,,,,,,,,,,,,,,,,,,,,,,,,,,,,,,,,,,,,,,,,,
0,15,28,"{'x': 1299.4543759172632, 'y': 32.33068090439006, 'elapsedTime': 18815.300000071526}",936710286095,5168690952,POINT (0.6767991541235746 0.029935815652213),,,,,,,,,,,,,,,,,,,,,,,,,,,,,,,,,,,,,,,,,,,,,,,,,,,,,,,,,,,,,,,,,,,,,,,,,,,,,,,,,,,,,,,,,,,,,,,,,,,,,
0,15,28,"{'x': 1299.4543759172632, 'y': 32.33068090439006, 'elapsedTime': 18815.300000071526}",936710302761,5168707618,POINT (0.6767991541235746 0.029935815652213),,,,,,,,,,,,,,,,,,,,,,,,,,,,,,,,,,,,,,,,,,,,,,,,,,,,,,,,,,,,,,,,,,,,,,,,,,,,,,,,,,,,,,,,,,,,,,,,,,,,,
0,15,28,"{'x': 1299.4543759172632, 'y': 32.33068090439006, 'elapsedTime': 18815.300000071526}",936710319434,5168724290,POINT (0.6767991541235746 0.029935815652213),,,,,,,,,,,,,,,,,,,,,,,,,,,,,,,,,,,,,,,,,,,,,,,,,,,,,,,,,,,,,,,,,,,,,,,,,,,,,,,,,,,,,,,,,,,,,,,,,,,,,
0,15,28,"{'x': 1285.3688814789225, 'y': 29.796008544749615, 'elapsedTime': 18867.600000023842}",936710336104,5168740960,POINT (0.6694629591036054 0.0275888968006941),,,,,,,,,,,,,,,,,,,,,,,,,,,,,,,,,,,,,,,,,,,,,,,,,,,,,,,,,,,,,,,,,,,,,,,,,,,,,,,,,,,,,,,,,,,,,,,,,,,,,
0,15,28,"{'x': 1285.3688814789225, 'y': 29.796008544749615, 'elapsedTime': 18867.600000023842}",936710352771,5168757626,POINT (0.6694629591036054 0.0275888968006941),,,,,,,,,,,,,,,,,,,,,,,,,,,,,,,,,,,,,,,,,,,,,,,,,,,,,,,,,,,,,,,,,,,,,,,,,,,,,,,,,,,,,,,,,,,,,,,,,,,,,
0,15,28,"{'x': 1286.951286124672, 'y': 6.406212522230041, 'elapsedTime': 18912.700000047684}",936710369438,5168774293,POINT (0.6702871281899333 0.0059316782613241),,,,,,,,,,,,,,,,,,,,,,,,,,,,,,,,,,,,,,,,,,,,,,,,,,,,,,,,,,,,,,,,,,,,,,,,,,,,,,,,,,,,,,,,,,,,,,,,,,,,,
0,15,28,"{'x': 1286.951286124672, 'y': 6.406212522230041, 'elapsedTime': 18912.700000047684}",936710386106,5168790960,POINT (0.6702871281899333 0.0059316782613241),,,,,,,,,,,,,,,,,,,,,,,,,,,,,,,,,,,,,,,,,,,,,,,,,,,,,,,,,,,,,,,,,,,,,,,,,,,,,,,,,,,,,,,,,,,,,,,,,,,,,
0,15,28,"{'x': 1286.951286124672, 'y': 6.406212522230041, 'elapsedTime': 18912.700000047684}",936710402772,5168807626,POINT (0.6702871281899333 0.0059316782613241),,,,,,,,,,,,,,,,,,,,,,,,,,,,,,,,,,,,,,,,,,,,,,,,,,,,,,,,,,,,,,,,,,,,,,,,,,,,,,,,,,,,,,,,,,,,,,,,,,,,,
0,15,28,"{'x': 1257.9540808248562, 'y': 25.05783620858974, 'elapsedTime': 18958.200000047684}",936710419440,5168824293,POINT (0.6551844170962793 0.0232017001931386),,,,,,,,,,,,,,,,,,,,,,,,,,,,,,,,,,,,,,,,,,,,,,,,,,,,,,,,,,,,,,,,,,,,,,,,,,,,,,,,,,,,,,,,,,,,,,,,,,,,,
0,15,28,"{'x': 1257.9540808248562, 'y': 25.05783620858974, 'elapsedTime': 18958.200000047684}",936710436106,5168840959,POINT (0.6551844170962793 0.0232017001931386),,,,,,,,,,,,,,,,,,,,,,,,,,,,,,,,,,,,,,,,,,,,,,,,,,,,,,,,,,,,,,,,,,,,,,,,,,,,,,,,,,,,,,,,,,,,,,,,,,,,,
0,15,28,"{'x': 1257.9540808248562, 'y': 25.05783620858974, 'elapsedTime': 18958.200000047684}",936710452777,5168857629,POINT (0.6551844170962793 0.0232017001931386),,,,,,,,,,,,,,,,,,,,,,,,,,,,,,,,,,,,,,,,,,,,,,,,,,,,,,,,,,,,,,,,,,,,,,,,,,,,,,,,,,,,,,,,,,,,,,,,,,,,,
0,15,28,"{'x': 1211.2360204298016, 'y': 12.43608658035512, 'elapsedTime': 19004.200000047684}",936710469444,5168874296,POINT (0.630852093973855 0.0115148949818103),,,,,,,,,,,,,,,,,,,,,,,,,,,,,,,,,,,,,,,,,,,,,,,,,,,,,,,,,,,,,,,,,,,,,,,,,,,,,,,,,,,,,,,,,,,,,,,,,,,,,
0,15,28,"{'x': 1211.2360204298016, 'y': 12.43608658035512, 'elapsedTime': 19004.200000047684}",936710486111,5168890962,POINT (0.630852093973855 0.0115148949818103),,,,,,,,,,,,,,,,,,,,,,,,,,,,,,,,,,,,,,,,,,,,,,,,,,,,,,,,,,,,,,,,,,,,,,,,,,,,,,,,,,,,,,,,,,,,,,,,,,,,,
0,15,28,"{'x': 1211.2360204298016, 'y': 12.43608658035512, 'elapsedTime': 19004.200000047684}",936710502778,5168907629,POINT (0.630852093973855 0.0115148949818103),,,,,,,,,,,,,,,,,,,,,,,,,,,,,,,,,,,,,,,,,,,,,,,,,,,,,,,,,,,,,,,,,,,,,,,,,,,,,,,,,,,,,,,,,,,,,,,,,,,,,
0,15,28,"{'x': 1178.2950199900315, 'y': -11.263043177395591, 'elapsedTime': 19049.700000047684}",936710519446,5168924296,POINT (0.6136953229114748 -0.0104287436827737),,,,,,,,,,,,,,,,,,,,,,,,,,,,,,,,,,,,,,,,,,,,,,,,,,,,,,,,,,,,,,,,,,,,,,,,,,,,,,,,,,,,,,,,,,,,,,,,,,,,,
0,15,28,"{'x': 1178.2950199900315, 'y': -11.263043177395591, 'elapsedTime': 19049.700000047684}",936710536112,5168940962,POINT (0.6136953229114748 -0.0104287436827737),,,,,,,,,,,,,,,,,,,,,,,,,,,,,,,,,,,,,,,,,,,,,,,,,,,,,,,,,,,,,,,,,,,,,,,,,,,,,,,,,,,,,,,,,,,,,,,,,,,,,
0,15,28,"{'x': 1229.486843589527, 'y': -40.79596109292356, 'elapsedTime': 19095.600000023842}",936710552780,5168957629,POINT (0.6403577310362121 -0.0377740380490033),,,,,,,,,,,,,,,,,,,,,,,,,,,,,,,,,,,,,,,,,,,,,,,,,,,,,,,,,,,,,,,,,,,,,,,,,,,,,,,,,,,,,,,,,,,,,,,,,,,,,
0,15,28,"{'x': 1229.486843589527, 'y': -40.79596109292356, 'elapsedTime': 19095.600000023842}",936710569446,5168974295,POINT (0.6403577310362121 -0.0377740380490033),,,,,,,,,,,,,,,,,,,,,,,,,,,,,,,,,,,,,,,,,,,,,,,,,,,,,,,,,,,,,,,,,,,,,,,,,,,,,,,,,,,,,,,,,,,,,,,,,,,,,
0,15,28,"{'x': 1229.486843589527, 'y': -40.79596109292356, 'elapsedTime': 19095.600000023842}",936710586119,5168990967,POINT (0.6403577310362121 -0.0377740380490033),,,,,,,,,,,,,,,,,,,,,,,,,,,,,,,,,,,,,,,,,,,,,,,,,,,,,,,,,,,,,,,,,,,,,,,,,,,,,,,,,,,,,,,,,,,,,,,,,,,,,
0,15,28,"{'x': 1210.1068378231332, 'y': -31.461236770237814, 'elapsedTime': 19144.700000047684}",936710602786,5169007634,POINT (0.6302639780328819 -0.0291307747872572),,,,,,,,,,,,,,,,,,,,,,,,,,,,,,,,,,,,,,,,,,,,,,,,,,,,,,,,,,,,,,,,,,,,,,,,,,,,,,,,,,,,,,,,,,,,,,,,,,,,,
0,15,28,"{'x': 1210.1068378231332, 'y': -31.461236770237814, 'elapsedTime': 19144.700000047684}",936710619453,5169024300,POINT (0.6302639780328819 -0.0291307747872572),,,,,,,,,,,,,,,,,,,,,,,,,,,,,,,,,,,,,,,,,,,,,,,,,,,,,,,,,,,,,,,,,,,,,,,,,,,,,,,,,,,,,,,,,,,,,,,,,,,,,
0,15,28,"{'x': 1210.1068378231332, 'y': -31.461236770237814, 'elapsedTime': 19144.700000047684}",936710636120,5169040967,POINT (0.6302639780328819 -0.0291307747872572),,,,,,,,,,,,,,,,,,,,,,,,,,,,,,,,,,,,,,,,,,,,,,,,,,,,,,,,,,,,,,,,,,,,,,,,,,,,,,,,,,,,,,,,,,,,,,,,,,,,,
0,15,28,"{'x': 1247.515707310818, 'y': -40.44711412439093, 'elapsedTime': 19191.200000047684}",936710652788,5169057634,POINT (0.6497477642243844 -0.0374510315966583),,,,,,,,,,,,,,,,,,,,,,,,,,,,,,,,,,,,,,,,,,,,,,,,,,,,,,,,,,,,,,,,,,,,,,,,,,,,,,,,,,,,,,,,,,,,,,,,,,,,,
0,15,28,"{'x': 1247.515707310818, 'y': -40.44711412439093, 'elapsedTime': 19191.200000047684}",936710669455,5169074301,POINT (0.6497477642243844 -0.0374510315966583),,,,,,,,,,,,,,,,,,,,,,,,,,,,,,,,,,,,,,,,,,,,,,,,,,,,,,,,,,,,,,,,,,,,,,,,,,,,,,,,,,,,,,,,,,,,,,,,,,,,,
0,15,28,"{'x': 1247.515707310818, 'y': -40.44711412439093, 'elapsedTime': 19191.200000047684}",936710686122,5169090967,POINT (0.6497477642243844 -0.0374510315966583),,,,,,,,,,,,,,,,,,,,,,,,,,,,,,,,,,,,,,,,,,,,,,,,,,,,,,,,,,,,,,,,,,,,,,,,,,,,,,,,,,,,,,,,,,,,,,,,,,,,,
0,15,28,"{'x': 1241.1187505129024, 'y': -25.4515473609596, 'elapsedTime': 19237.200000047684}",936710702787,5169107632,POINT (0.6464160158921366 -0.0235662475564441),,,,,,,,,,,,,,,,,,,,,,,,,,,,,,,,,,,,,,,,,,,,,,,,,,,,,,,,,,,,,,,,,,,,,,,,,,,,,,,,,,,,,,,,,,,,,,,,,,,,,
0,15,28,"{'x': 1241.1187505129024, 'y': -25.4515473609596, 'elapsedTime': 19237.200000047684}",936710719462,5169124306,POINT (0.6464160158921366 -0.0235662475564441),,,,,,,,,,,,,,,,,,,,,,,,,,,,,,,,,,,,,,,,,,,,,,,,,,,,,,,,,,,,,,,,,,,,,,,,,,,,,,,,,,,,,,,,,,,,,,,,,,,,,
0,15,28,"{'x': 1241.1187505129024, 'y': -25.4515473609596, 'elapsedTime': 19237.200000047684}",936710736128,5169140972,POINT (0.6464160158921366 -0.0235662475564441),,,,,,,,,,,,,,,,,,,,,,,,,,,,,,,,,,,,,,,,,,,,,,,,,,,,,,,,,,,,,,,,,,,,,,,,,,,,,,,,,,,,,,,,,,,,,,,,,,,,,
0,15,28,"{'x': 1254.8482678219864, 'y': -18.70296124935054, 'elapsedTime': 19285.300000071526}",936710752795,5169157638,POINT (0.6535668061572846 -0.0173175567123616),,,,,,,,,,,,,,,,,,,,,,,,,,,,,,,,,,,,,,,,,,,,,,,,,,,,,,,,,,,,,,,,,,,,,,,,,,,,,,,,,,,,,,,,,,,,,,,,,,,,,
0,15,28,"{'x': 1254.8482678219864, 'y': -18.70296124935054, 'elapsedTime': 19285.300000071526}",936710769463,5169174306,POINT (0.6535668061572846 -0.0173175567123616),,,,,,,,,,,,,,,,,,,,,,,,,,,,,,,,,,,,,,,,,,,,,,,,,,,,,,,,,,,,,,,,,,,,,,,,,,,,,,,,,,,,,,,,,,,,,,,,,,,,,
0,15,28,"{'x': 1254.8482678219864, 'y': -18.70296124935054, 'elapsedTime': 19285.300000071526}",936710786130,5169190972,POINT (0.6535668061572846 -0.0173175567123616),,,,,,,,,,,,,,,,,,,,,,,,,,,,,,,,,,,,,,,,,,,,,,,,,,,,,,,,,,,,,,,,,,,,,,,,,,,,,,,,,,,,,,,,,,,,,,,,,,,,,
0,15,28,"{'x': 1232.8930397420747, 'y': -3.494421799158328, 'elapsedTime': 19331.899999976158}",936710802796,5169207638,POINT (0.6421317915323306 -0.0032355757399614),,,,,,,,,,,,,,,,,,,,,,,,,,,,,,,,,,,,,,,,,,,,,,,,,,,,,,,,,,,,,,,,,,,,,,,,,,,,,,,,,,,,,,,,,,,,,,,,,,,,,
0,15,28,"{'x': 1232.8930397420747, 'y': -3.494421799158328, 'elapsedTime': 19331.899999976158}",936710819464,5169224305,POINT (0.6421317915323306 -0.0032355757399614),,,,,,,,,,,,,,,,,,,,,,,,,,,,,,,,,,,,,,,,,,,,,,,,,,,,,,,,,,,,,,,,,,,,,,,,,,,,,,,,,,,,,,,,,,,,,,,,,,,,,
0,15,28,"{'x': 1232.8930397420747, 'y': -3.494421799158328, 'elapsedTime': 19331.899999976158}",936710836131,5169240972,POINT (0.6421317915323306 -0.0032355757399614),,,,,,,,,,,,,,,,,,,,,,,,,,,,,,,,,,,,,,,,,,,,,,,,,,,,,,,,,,,,,,,,,,,,,,,,,,,,,,,,,,,,,,,,,,,,,,,,,,,,,
0,15,28,"{'x': 1331.5645063905567, 'y': -24.821213920156108, 'elapsedTime': 19382.600000023842}",936710852802,5169257642,POINT (0.6935231804117483 -0.022982605481626),,,,,,,,,,,,,,,,,,,,,,,,,,,,,,,,,,,,,,,,,,,,,,,,,,,,,,,,,,,,,,,,,,,,,,,,,,,,,,,,,,,,,,,,,,,,,,,,,,,,,
0,15,28,"{'x': 1331.5645063905567, 'y': -24.821213920156108, 'elapsedTime': 19382.600000023842}",936710869468,5169274308,POINT (0.6935231804117483 -0.022982605481626),,,,,,,,,,,,,,,,,,,,,,,,,,,,,,,,,,,,,,,,,,,,,,,,,,,,,,,,,,,,,,,,,,,,,,,,,,,,,,,,,,,,,,,,,,,,,,,,,,,,,
0,15,28,"{'x': 1299.8746653073993, 'y': 0.6695294344743274, 'elapsedTime': 19431}",936710886136,5169290975,POINT (0.6770180548476038 0.0006199346615503),,,,,,,,,,,,,,,,,,,,,,,,,,,,,,,,,,,,,,,,,,,,,,,,,,,,,,,,,,,,,,,,,,,,,,,,,,,,,,,,,,,,,,,,,,,,,,,,,,,,,
0,15,28,"{'x': 1299.8746653073993, 'y': 0.6695294344743274, 'elapsedTime': 19431}",936710902802,5169307641,POINT (0.6770180548476038 0.0006199346615503),,,,,,,,,,,,,,,,,,,,,,,,,,,,,,,,,,,,,,,,,,,,,,,,,,,,,,,,,,,,,,,,,,,,,,,,,,,,,,,,,,,,,,,,,,,,,,,,,,,,,
0,15,28,"{'x': 1299.8746653073993, 'y': 0.6695294344743274, 'elapsedTime': 19431}",936710919470,5169324308,POINT (0.6770180548476038 0.0006199346615503),,,,,,,,,,,,,,,,,,,,,,,,,,,,,,,,,,,,,,,,,,,,,,,,,,,,,,,,,,,,,,,,,,,,,,,,,,,,,,,,,,,,,,,,,,,,,,,,,,,,,
0,15,28,"{'x': 1261.5369804878515, 'y': 21.7601290530695, 'elapsedTime': 19478.200000047684}",936710936137,5169340975,POINT (0.6570505106707559 0.020148267641731),,,,,,,,,,,,,,,,,,,,,,,,,,,,,,,,,,,,,,,,,,,,,,,,,,,,,,,,,,,,,,,,,,,,,,,,,,,,,,,,,,,,,,,,,,,,,,,,,,,,,
0,15,28,"{'x': 1261.5369804878515, 'y': 21.7601290530695, 'elapsedTime': 19478.200000047684}",936710952804,5169357641,POINT (0.6570505106707559 0.020148267641731),,,,,,,,,,,,,,,,,,,,,,,,,,,,,,,,,,,,,,,,,,,,,,,,,,,,,,,,,,,,,,,,,,,,,,,,,,,,,,,,,,,,,,,,,,,,,,,,,,,,,
0,15,28,"{'x': 1261.5369804878515, 'y': 21.7601290530695, 'elapsedTime': 19478.200000047684}",936710969477,5169374314,POINT (0.6570505106707559 0.020148267641731),,,,,,,,,,,,,,,,,,,,,,,,,,,,,,,,,,,,,,,,,,,,,,,,,,,,,,,,,,,,,,,,,,,,,,,,,,,,,,,,,,,,,,,,,,,,,,,,,,,,,
0,15,28,"{'x': 1278.3590100019762, 'y': -3.046342729333155, 'elapsedTime': 19524.700000047684}",936710986145,5169390981,POINT (0.6658119843760293 -0.0028206877123455),,,,,,,,,,,,,,,,,,,,,,,,,,,,,,,,,,,,,,,,,,,,,,,,,,,,,,,,,,,,,,,,,,,,,,,,,,,,,,,,,,,,,,,,,,,,,,,,,,,,,
0,15,28,"{'x': 1278.3590100019762, 'y': -3.046342729333155, 'elapsedTime': 19524.700000047684}",936711002811,5169407647,POINT (0.6658119843760293 -0.0028206877123455),,,,,,,,,,,,,,,,,,,,,,,,,,,,,,,,,,,,,,,,,,,,,,,,,,,,,,,,,,,,,,,,,,,,,,,,,,,,,,,,,,,,,,,,,,,,,,,,,,,,,
0,15,28,"{'x': 1278.3590100019762, 'y': -3.046342729333155, 'elapsedTime': 19524.700000047684}",936711019479,5169424314,POINT (0.6658119843760293 -0.0028206877123455),,,,,,,,,,,,,,,,,,,,,,,,,,,,,,,,,,,,,,,,,,,,,,,,,,,,,,,,,,,,,,,,,,,,,,,,,,,,,,,,,,,,,,,,,,,,,,,,,,,,,
0,15,28,"{'x': 1297.6474600556428, 'y': -24.06923543029359, 'elapsedTime': 19570.700000047684}",936711036146,5169440981,POINT (0.675858052112314 -0.0222863291021237),,,,,,,,,,,,,,,,,,,,,,,,,,,,,,,,,,,,,,,,,,,,,,,,,,,,,,,,,,,,,,,,,,,,,,,,,,,,,,,,,,,,,,,,,,,,,,,,,,,,,
0,15,28,"{'x': 1297.6474600556428, 'y': -24.06923543029359, 'elapsedTime': 19570.700000047684}",936711052813,5169457647,POINT (0.675858052112314 -0.0222863291021237),,,,,,,,,,,,,,,,,,,,,,,,,,,,,,,,,,,,,,,,,,,,,,,,,,,,,,,,,,,,,,,,,,,,,,,,,,,,,,,,,,,,,,,,,,,,,,,,,,,,,
0,15,28,"{'x': 1297.6474600556428, 'y': -24.06923543029359, 'elapsedTime': 19570.700000047684}",936711069480,5169474314,POINT (0.675858052112314 -0.0222863291021237),,,,,,,,,,,,,,,,,,,,,,,,,,,,,,,,,,,,,,,,,,,,,,,,,,,,,,,,,,,,,,,,,,,,,,,,,,,,,,,,,,,,,,,,,,,,,,,,,,,,,
0,15,28,"{'x': 1353.1108030380371, 'y': -28.60137660903424, 'elapsedTime': 19620.100000023842}",936711086147,5169490980,POINT (0.7047452099156444 -0.0264827561194761),,,,,,,,,,,,,,,,,,,,,,,,,,,,,,,,,,,,,,,,,,,,,,,,,,,,,,,,,,,,,,,,,,,,,,,,,,,,,,,,,,,,,,,,,,,,,,,,,,,,,
0,15,28,"{'x': 1353.1108030380371, 'y': -28.60137660903424, 'elapsedTime': 19620.100000023842}",936711102816,5169507649,POINT (0.7047452099156444 -0.0264827561194761),,,,,,,,,,,,,,,,,,,,,,,,,,,,,,,,,,,,,,,,,,,,,,,,,,,,,,,,,,,,,,,,,,,,,,,,,,,,,,,,,,,,,,,,,,,,,,,,,,,,,
0,15,28,"{'x': 1353.1108030380371, 'y': -28.60137660903424, 'elapsedTime': 19620.100000023842}",936711119483,5169524315,POINT (0.7047452099156444 -0.0264827561194761),,,,,,,,,,,,,,,,,,,,,,,,,,,,,,,,,,,,,,,,,,,,,,,,,,,,,,,,,,,,,,,,,,,,,,,,,,,,,,,,,,,,,,,,,,,,,,,,,,,,,
0,15,28,"{'x': 1302.7476912181464, 'y': -50.989899991286016, 'elapsedTime': 19666.899999976158}",936711136150,5169540982,POINT (0.6785144225094513 -0.0472128703623019),,,,,,,,,,,,,,,,,,,,,,,,,,,,,,,,,,,,,,,,,,,,,,,,,,,,,,,,,,,,,,,,,,,,,,,,,,,,,,,,,,,,,,,,,,,,,,,,,,,,,
0,15,28,"{'x': 1302.7476912181464, 'y': -50.989899991286016, 'elapsedTime': 19666.899999976158}",936711152817,5169557648,POINT (0.6785144225094513 -0.0472128703623019),,,,,,,,,,,,,,,,,,,,,,,,,,,,,,,,,,,,,,,,,,,,,,,,,,,,,,,,,,,,,,,,,,,,,,,,,,,,,,,,,,,,,,,,,,,,,,,,,,,,,
0,15,28,"{'x': 1302.7476912181464, 'y': -50.989899991286016, 'elapsedTime': 19666.899999976158}",936711169484,5169574315,POINT (0.6785144225094513 -0.0472128703623019),,,,,,,,,,,,,,,,,,,,,,,,,,,,,,,,,,,,,,,,,,,,,,,,,,,,,,,,,,,,,,,,,,,,,,,,,,,,,,,,,,,,,,,,,,,,,,,,,,,,,
0,15,28,"{'x': 1338.554174472641, 'y': -12.928269957644673, 'elapsedTime': 19715.700000047684}",936711186152,5169590982,POINT (0.6971636325378339 -0.0119706203311525),,,,,,,,,,,,,,,,,,,,,,,,,,,,,,,,,,,,,,,,,,,,,,,,,,,,,,,,,,,,,,,,,,,,,,,,,,,,,,,,,,,,,,,,,,,,,,,,,,,,,
0,15,28,"{'x': 1338.554174472641, 'y': -12.928269957644673, 'elapsedTime': 19715.700000047684}",936711202819,5169607649,POINT (0.6971636325378339 -0.0119706203311525),,,,,,,,,,,,,,,,,,,,,,,,,,,,,,,,,,,,,,,,,,,,,,,,,,,,,,,,,,,,,,,,,,,,,,,,,,,,,,,,,,,,,,,,,,,,,,,,,,,,,
0,15,28,"{'x': 1338.554174472641, 'y': -12.928269957644673, 'elapsedTime': 19715.700000047684}",936711219486,5169624315,POINT (0.6971636325378339 -0.0119706203311525),,,,,,,,,,,,,,,,,,,,,,,,,,,,,,,,,,,,,,,,,,,,,,,,,,,,,,,,,,,,,,,,,,,,,,,,,,,,,,,,,,,,,,,,,,,,,,,,,,,,,
0,15,28,"{'x': 1234.1099784587796, 'y': 20.281471373273916, 'elapsedTime': 19762}",936711236161,5169640990,POINT (0.6427656137806144 0.0187791401604388),,,,,,,,,,,,,,,,,,,,,,,,,,,,,,,,,,,,,,,,,,,,,,,,,,,,,,,,,,,,,,,,,,,,,,,,,,,,,,,,,,,,,,,,,,,,,,,,,,,,,
0,15,28,"{'x': 1234.1099784587796, 'y': 20.281471373273916, 'elapsedTime': 19762}",936711252829,5169657657,POINT (0.6427656137806144 0.0187791401604388),,,,,,,,,,,,,,,,,,,,,,,,,,,,,,,,,,,,,,,,,,,,,,,,,,,,,,,,,,,,,,,,,,,,,,,,,,,,,,,,,,,,,,,,,,,,,,,,,,,,,
0,15,28,"{'x': 994.4881597094845, 'y': 175.79203865136722, 'elapsedTime': 19809.100000023842}",936711269496,5169674324,POINT (0.5179625831820232 0.1627704061586734),,,,,,,,,,,,,,,,,,,,,,,,,,,,,,,,,,,,,,,,,,,,,,,,,,,,,,,,,,,,,,,,,,,,,,,,,,,,,,,,,,,,,,,,,,,,,,,,,,,1,,
0,15,28,"{'x': 994.4881597094845, 'y': 175.79203865136722, 'elapsedTime': 19809.100000023842}",936711286164,5169690991,POINT (0.5179625831820232 0.1627704061586734),,,,,,,,,,,,,,,,,,,,,,,,,,,,,,,,,,,,,,,,,,,,,,,,,,,,,,,,,,,,,,,,,,,,,,,,,,,,,,,,,,,,,,,,,,,,,,,,,,,1,,
0,15,28,"{'x': 994.4881597094845, 'y': 175.79203865136722, 'elapsedTime': 19809.100000023842}",936711302831,5169707658,POINT (0.5179625831820232 0.1627704061586734),,,,,,,,,,,,,,,,,,,,,,,,,,,,,,,,,,,,,,,,,,,,,,,,,,,,,,,,,,,,,,,,,,,,,,,,,,,,,,,,,,,,,,,,,,,,,,,,,,,1,,
0,15,28,"{'x': 842.1157875752019, 'y': 403.2852671056222, 'elapsedTime': 19856.300000071526}",936711319498,5169724324,POINT (0.4386019726954177 0.3734122843570576),,,,,,,,,,,,,,,,,,,,,,,,,,,,,,,,,,,,,,,,,,,,,,,,,,,,,,,,,,,,,,,,,,,,,,,,,,,,,,,,,,,,,,,,,,,,,,,,,,,,,
0,15,28,"{'x': 842.1157875752019, 'y': 403.2852671056222, 'elapsedTime': 19856.300000071526}",936711336165,5169740990,POINT (0.4386019726954177 0.3734122843570576),,,,,,,,,,,,,,,,,,,,,,,,,,,,,,,,,,,,,,,,,,,,,,,,,,,,,,,,,,,,,,,,,,,,,,,,,,,,,,,,,,,,,,,,,,,,,,,,,,,,,
0,15,28,"{'x': 684.8783182200764, 'y': 500.18263704314694, 'elapsedTime': 19900.600000023842}",936711352832,5169757657,POINT (0.3567074574062898 0.4631320713362472),,,,,,,,,,,,,,,,,,,,,,,,,,,,,,,,,,,,,,,,,,,,,,,,,,,,,,,,,,,,,,,,,,,,,,,,,,,,,,,,,,,,,,,,,,,,,,,,,,,,,
0,15,28,"{'x': 684.8783182200764, 'y': 500.18263704314694, 'elapsedTime': 19900.600000023842}",936711369503,5169774327,POINT (0.3567074574062898 0.4631320713362472),,,,,,,,,,,,,,,,,,,,,,,,,,,,,,,,,,,,,,,,,,,,,,,,,,,,,,,,,,,,,,,,,,,,,,,,,,,,,,,,,,,,,,,,,,,,,,,,,,,,,
0,15,28,"{'x': 684.8783182200764, 'y': 500.18263704314694, 'elapsedTime': 19900.600000023842}",936711386171,5169790994,POINT (0.3567074574062898 0.4631320713362472),,,,,,,,,,,,,,,,,,,,,,,,,,,,,,,,,,,,,,,,,,,,,,,,,,,,,,,,,,,,,,,,,,,,,,,,,,,,,,,,,,,,,,,,,,,,,,,,,,,,,
0,15,28,"{'x': 570.9067885030662, 'y': 540.5166566051769, 'elapsedTime': 19944.899999976158}",936711402837,5169807660,POINT (0.2973472856786803 0.5004783857455342),,,,,,,,,,,,,,,,,,,,,,,,,,,,,,,,,,,,,,,,,,,,,,,,,,,,,,,,,,,,,,,,,,,,,,,,,,,,,,,,,,,,,,,,,,,,,,,,,,,,,
0,15,28,"{'x': 570.9067885030662, 'y': 540.5166566051769, 'elapsedTime': 19944.899999976158}",936711419505,5169824327,POINT (0.2973472856786803 0.5004783857455342),,,,,,,,,,,,,,,,,,,,,,,,,,,,,,,,,,,,,,,,,,,,,,,,,,,,,,,,,,,,,,,,,,,,,,,,,,,,,,,,,,,,,,,,,,,,,,,,,,,,,
0,15,28,"{'x': 570.9067885030662, 'y': 540.5166566051769, 'elapsedTime': 19944.899999976158}",936711436171,5169840993,POINT (0.2973472856786803 0.5004783857455342),,,,,,,,,,,,,,,,,,,,,,,,,,,,,,,,,,,,,,,,,,,,,,,,,,,,,,,,,,,,,,,,,,,,,,,,,,,,,,,,,,,,,,,,,,,,,,,,,,,,,
0,15,28,"{'x': 533.0646921280958, 'y': 563.7716611336812, 'elapsedTime': 19991.600000023842}",936711452839,5169857660,POINT (0.2776378604833832 0.5220107973460011),,,,,,,,,,,,,,,,,,,,,,,,,,,,,,,,,,,,,,,,,,,,,,,,,,,,,,,,,,,,,,,,,,,,,,,,,,,,,,,,,,,,,,,,,,,,,,,,,,,,,
0,15,28,"{'x': 533.0646921280958, 'y': 563.7716611336812, 'elapsedTime': 19991.600000023842}",936711469506,5169874327,POINT (0.2776378604833832 0.5220107973460011),,,,,,,,,,,,,,,,,,,,,,,,,,,,,,,,,,,,,,,,,,,,,,,,,,,,,,,,,,,,,,,,,,,,,,,,,,,,,,,,,,,,,,,,,,,,,,,,,,,,,
0,15,28,"{'x': 533.0646921280958, 'y': 563.7716611336812, 'elapsedTime': 19991.600000023842}",936711486173,5169890993,POINT (0.2776378604833832 0.5220107973460011),,,,,,,,,,,,,,,,,,,,,,,,,,,,,,,,,,,,,,,,,,,,,,,,,,,,,,,,,,,,,,,,,,,,,,,,,,,,,,,,,,,,,,,,,,,,,,,,,,,,,
0,15,28,"{'x': 535.2281328151729, 'y': 536.7832596131839, 'elapsedTime': 20037.200000047684}",936711502845,5169907665,POINT (0.2787646525079026 0.4970215366788739),,,,,,,,,,,,,,,,,,,,,,,,,,,,,,,,,,,,,,,,,,,,,,,,,,,,,,,,,,,,,,,,,,,,,,,,,,,,,,,,,,,,,,,,,,,,,,,,,,,,,
0,15,28,"{'x': 535.2281328151729, 'y': 536.7832596131839, 'elapsedTime': 20037.200000047684}",936711519513,5169924332,POINT (0.2787646525079026 0.4970215366788739),,,,,,,,,,,,,,,,,,,,,,,,,,,,,,,,,,,,,,,,,,,,,,,,,,,,,,,,,,,,,,,,,,,,,,,,,,,,,,,,,,,,,,,,,,,,,,,,,,,,,
0,15,28,"{'x': 535.2281328151729, 'y': 536.7832596131839, 'elapsedTime': 20037.200000047684}",936711536180,5169940999,POINT (0.2787646525079026 0.4970215366788739),,,,,,,,,,,,,,,,,,,,,,,,,,,,,,,,,,,,,,,,,,,,,,,,,,,,,,,,,,,,,,,,,,,,,,,,,,,,,,,,,,,,,,,,,,,,,,,,,,,,,
0,15,28,"{'x': 596.3344771455143, 'y': 486.81326219054847, 'elapsedTime': 20082.200000047684}",936711552847,5169957665,POINT (0.3105908735132887 0.4507530205468042),,,,,,,,,,,,,,,,,,,,,,,,,,,,,,,,,,,,,,,,,,,,,,,,,,,,,,,,,,,,,,,,,,,,,,,,,,,,,,,,,,,,,,,,,,,,,,,,,,,,,
0,15,28,"{'x': 596.3344771455143, 'y': 486.81326219054847, 'elapsedTime': 20082.200000047684}",936711569514,5169974332,POINT (0.3105908735132887 0.4507530205468042),,,,,,,,,,,,,,,,,,,,,,,,,,,,,,,,,,,,,,,,,,,,,,,,,,,,,,,,,,,,,,,,,,,,,,,,,,,,,,,,,,,,,,,,,,,,,,,,,,,,,
0,15,28,"{'x': 596.3344771455143, 'y': 486.81326219054847, 'elapsedTime': 20082.200000047684}",936711586181,5169990998,POINT (0.3105908735132887 0.4507530205468042),,,,,,,,,,,,,,,,,,,,,,,,,,,,,,,,,,,,,,,,,,,,,,,,,,,,,,,,,,,,,,,,,,,,,,,,,,,,,,,,,,,,,,,,,,,,,,,,,,,,,
0,15,28,"{'x': 562.8373517676183, 'y': 449.83182192946066, 'elapsedTime': 20131.899999976158}",936711602848,5170007665,POINT (0.2931444540456346 0.4165109462309821),,,,,,,,,,,,,,,,,,,,,,,,,,,,,,,,,,,,,,,,,,,,,,,,,,,,,,,,,,,,,,,,,,,,,,,,,,,,,,,,,,,,,,,,,,,,,,,,,,,,,
0,15,28,"{'x': 562.8373517676183, 'y': 449.83182192946066, 'elapsedTime': 20131.899999976158}",936711619516,5170024332,POINT (0.2931444540456346 0.4165109462309821),,,,,,,,,,,,,,,,,,,,,,,,,,,,,,,,,,,,,,,,,,,,,,,,,,,,,,,,,,,,,,,,,,,,,,,,,,,,,,,,,,,,,,,,,,,,,,,,,,,,,
0,15,28,"{'x': 529.277882352094, 'y': 412.6262851925968, 'elapsedTime': 20179.600000023842}",936711636188,5170041004,POINT (0.275665563725049 0.3820613751783304),,,,,,,,,,,,,,,,,,,,,,,,,,,,,,,,,,,,,,,,,,,,,,,,,,,,,,,,,,,,,,,,,,,,,,,,,,,,,,,,,,,,,,,,,,,,,,,,,,,,,
0,15,28,"{'x': 529.277882352094, 'y': 412.6262851925968, 'elapsedTime': 20179.600000023842}",936711652856,5170057671,POINT (0.275665563725049 0.3820613751783304),,,,,,,,,,,,,,,,,,,,,,,,,,,,,,,,,,,,,,,,,,,,,,,,,,,,,,,,,,,,,,,,,,,,,,,,,,,,,,,,,,,,,,,,,,,,,,,,,,,,,
0,15,28,"{'x': 529.277882352094, 'y': 412.6262851925968, 'elapsedTime': 20179.600000023842}",936711669522,5170074337,POINT (0.275665563725049 0.3820613751783304),,,,,,,,,,,,,,,,,,,,,,,,,,,,,,,,,,,,,,,,,,,,,,,,,,,,,,,,,,,,,,,,,,,,,,,,,,,,,,,,,,,,,,,,,,,,,,,,,,,,,
0,15,28,"{'x': 523.2393975354396, 'y': 361.1534134999623, 'elapsedTime': 20227.700000047684}",936711686190,5170091004,POINT (0.2725205195497081 0.3344013087962614),,,,,,,,,,,,,,,,,,,,,,,,,,,,,,,,,,,,,,,,,,,,,,,,,,,,,,,,,,,,,,,,,,,,,,,,,,,,,,,,,,,,,,,,,,,,,,,,,,,,,
0,15,28,"{'x': 523.2393975354396, 'y': 361.1534134999623, 'elapsedTime': 20227.700000047684}",936711702858,5170107671,POINT (0.2725205195497081 0.3344013087962614),,,,,,,,,,,,,,,,,,,,,,,,,,,,,,,,,,,,,,,,,,,,,,,,,,,,,,,,,,,,,,,,,,,,,,,,,,,,,,,,,,,,,,,,,,,,,,,,,,,,,
0,15,28,"{'x': 523.2393975354396, 'y': 361.1534134999623, 'elapsedTime': 20227.700000047684}",936711719525,5170124338,POINT (0.2725205195497081 0.3344013087962614),,,,,,,,,,,,,,,,,,,,,,,,,,,,,,,,,,,,,,,,,,,,,,,,,,,,,,,,,,,,,,,,,,,,,,,,,,,,,,,,,,,,,,,,,,,,,,,,,,,,,
0,15,28,"{'x': 585.9937167772504, 'y': 349.5289807054366, 'elapsedTime': 20275.399999976158}",936711736193,5170141005,POINT (0.3052050608214846 0.3236379450976265),,,,,,,,,,,,,,,,,,,,,,,,,,,,,,,,,,,,,,,,,,,,,,,,,,,,,,,,,,,,,,,,,,,,,,,,,,,,,,,,,,,,,,,,,,,,,,,,,,,,,
0,15,28,"{'x': 585.9937167772504, 'y': 349.5289807054366, 'elapsedTime': 20275.399999976158}",936711752860,5170157671,POINT (0.3052050608214846 0.3236379450976265),,,,,,,,,,,,,,,,,,,,,,,,,,,,,,,,,,,,,,,,,,,,,,,,,,,,,,,,,,,,,,,,,,,,,,,,,,,,,,,,,,,,,,,,,,,,,,,,,,,,,
0,15,28,"{'x': 585.9937167772504, 'y': 349.5289807054366, 'elapsedTime': 20275.399999976158}",936711769532,5170174343,POINT (0.3052050608214846 0.3236379450976265),,,,,,,,,,,,,,,,,,,,,,,,,,,,,,,,,,,,,,,,,,,,,,,,,,,,,,,,,,,,,,,,,,,,,,,,,,,,,,,,,,,,,,,,,,,,,,,,,,,,,
0,15,28,"{'x': 522.9080614470878, 'y': 296.1318821300443, 'elapsedTime': 20320}",936711786199,5170191009,POINT (0.2723479486703582 0.2741961871574484),,,,,,,,,,,,,,,,,,,,,,,,,,,,,,,,,,,,,,,,,,,,,,,,,,,,,,,,,,,,,,,,,,,,,,,,,,,,,,,1,,,,,,,,,,,,,,,,,,,,1,1,
0,15,28,"{'x': 522.9080614470878, 'y': 296.1318821300443, 'elapsedTime': 20320}",936711802866,5170207676,POINT (0.2723479486703582 0.2741961871574484),,,,,,,,,,,,,,,,,,,,,,,,,,,,,,,,,,,,,,,,,,,,,,,,,,,,,,,,,,,,,,,,,,,,,,,,,,,,,,,1,,,,,,,,,,,,,,,,,,,,1,1,
0,15,28,"{'x': 522.9080614470878, 'y': 296.1318821300443, 'elapsedTime': 20320}",936711819534,5170224343,POINT (0.2723479486703582 0.2741961871574484),,,,,,,,,,,,,,,,,,,,,,,,,,,,,,,,,,,,,,,,,,,,,,,,,,,,,,,,,,,,,,,,,,,,,,,,,,,,,,,1,,,,,,,,,,,,,,,,,,,,1,1,
0,15,28,"{'x': 555.8571629587312, 'y': 249.57026942484072, 'elapsedTime': 20365.300000071526}",936711836200,5170241009,POINT (0.2895089390410058 0.2310835828007784),,,,,,,,,,,,,,,,,,,,,,,,,,,,,,,,,,,,,,,,,,,,,,,,,,,,,,1,,,,,,,,,,,,,,,,,,,,,,,,,,,,,,,,,,,,,,,,,,,,,,1,
0,15,28,"{'x': 555.8571629587312, 'y': 249.57026942484072, 'elapsedTime': 20365.300000071526}",936711852868,5170257676,POINT (0.2895089390410058 0.2310835828007784),,,,,,,,,,,,,,,,,,,,,,,,,,,,,,,,,,,,,,,,,,,,,,,,,,,,,,1,,,,,,,,,,,,,,,,,,,,,,,,,,,,,,,,,,,,,,,,,,,,,,1,
0,15,28,"{'x': 555.8571629587312, 'y': 249.57026942484072, 'elapsedTime': 20365.300000071526}",936711869536,5170274344,POINT (0.2895089390410058 0.2310835828007784),,,,,,,,,,,,,,,,,,,,,,,,,,,,,,,,,,,,,,,,,,,,,,,,,,,,,,1,,,,,,,,,,,,,,,,,,,,,,,,,,,,,,,,,,,,,,,,,,,,,,1,
0,15,28,"{'x': 549.4594108017402, 'y': 278.0129417803595, 'elapsedTime': 20417.800000071526}",936711886208,5170291015,POINT (0.2861767764592397 0.2574193905373699),,,,,,,,,,,,,,,,,,,,,,,,,,,,,,,,,,,,,,,,,,,,,,,,,,,,,,,,,,,,,,,,,,,,,,,,,,,,,,,1,,,,,,,,,,,,,,,,,,,,,1,
0,15,28,"{'x': 549.4594108017402, 'y': 278.0129417803595, 'elapsedTime': 20417.800000071526}",936711902875,5170307682,POINT (0.2861767764592397 0.2574193905373699),,,,,,,,,,,,,,,,,,,,,,,,,,,,,,,,,,,,,,,,,,,,,,,,,,,,,,,,,,,,,,,,,,,,,,,,,,,,,,,1,,,,,,,,,,,,,,,,,,,,,1,
0,15,28,"{'x': 575.8626249209449, 'y': 254.6415847890539, 'elapsedTime': 20464.300000071526}",936711919542,5170324348,POINT (0.2999284504796588 0.2357792451750499),,,,,,,,,,,,,,,,,,,,,,,,,,,,,,,,,,,,,,,,,,,,,,,,,,,,,,,,,,,,,,,,,,,,,,,,,,,,,,,,,,,,,,,,,,,,,,,,,,,,1,
0,15,28,"{'x': 575.8626249209449, 'y': 254.6415847890539, 'elapsedTime': 20464.300000071526}",936711936209,5170341015,POINT (0.2999284504796588 0.2357792451750499),,,,,,,,,,,,,,,,,,,,,,,,,,,,,,,,,,,,,,,,,,,,,,,,,,,,,,,,,,,,,,,,,,,,,,,,,,,,,,,,,,,,,,,,,,,,,,,,,,,,1,
0,15,28,"{'x': 575.8626249209449, 'y': 254.6415847890539, 'elapsedTime': 20464.300000071526}",936711952877,5170357682,POINT (0.2999284504796588 0.2357792451750499),,,,,,,,,,,,,,,,,,,,,,,,,,,,,,,,,,,,,,,,,,,,,,,,,,,,,,,,,,,,,,,,,,,,,,,,,,,,,,,,,,,,,,,,,,,,,,,,,,,,1,
0,15,28,"{'x': 617.1290740135951, 'y': 262.91665679125407, 'elapsedTime': 20509.899999976158}",936711969544,5170374349,POINT (0.3214213927154141 0.2434413488807908),,,,,,,,,,,,,,,,,,,,,,,,,,,,,,,,,,,,,,,,,,,,,,,,,,,,,,,1,,,,,,,,,,,,,,,,,,,,,,,,,,,,,,,,,,,,,,,,,,,,,1,
0,15,28,"{'x': 617.1290740135951, 'y': 262.91665679125407, 'elapsedTime': 20509.899999976158}",936711986212,5170391016,POINT (0.3214213927154141 0.2434413488807908),,,,,,,,,,,,,,,,,,,,,,,,,,,,,,,,,,,,,,,,,,,,,,,,,,,,,,,1,,,,,,,,,,,,,,,,,,,,,,,,,,,,,,,,,,,,,,,,,,,,,1,
0,15,28,"{'x': 617.1290740135951, 'y': 262.91665679125407, 'elapsedTime': 20509.899999976158}",936712002878,5170407682,POINT (0.3214213927154141 0.2434413488807908),,,,,,,,,,,,,,,,,,,,,,,,,,,,,,,,,,,,,,,,,,,,,,,,,,,,,,,1,,,,,,,,,,,,,,,,,,,,,,,,,,,,,,,,,,,,,,,,,,,,,1,
0,15,28,"{'x': 617.1290740135951, 'y': 262.91665679125407, 'elapsedTime': 20509.899999976158}",936712019548,5170424351,POINT (0.3214213927154141 0.2434413488807908),,,,,,,,,,,,,,,,,,,,,,,,,,,,,,,,,,,,,,,,,,,,,,,,,,,,,,,1,,,,,,,,,,,,,,,,,,,,,,,,,,,,,,,,,,,,,,,,,,,,,1,
0,15,28,"{'x': 594.6703486329181, 'y': 294.42344361957606, 'elapsedTime': 20556.300000071526}",936712036214,5170441017,POINT (0.3097241399129782 0.2726142996477556),,,,,,,,,,,,,,,,,,,,,,,,,,,,,,,,,,,,,,,,,,,,,,,,,,,,,,,,,,,,,,,,,,,,,,,,,,,,,,,,,,,,,,,,,,,,,,,,,,,1,1,
0,15,28,"{'x': 594.6703486329181, 'y': 294.42344361957606, 'elapsedTime': 20556.300000071526}",936712052882,5170457684,POINT (0.3097241399129782 0.2726142996477556),,,,,,,,,,,,,,,,,,,,,,,,,,,,,,,,,,,,,,,,,,,,,,,,,,,,,,,,,,,,,,,,,,,,,,,,,,,,,,,,,,,,,,,,,,,,,,,,,,,1,1,
0,15,28,"{'x': 594.6703486329181, 'y': 294.42344361957606, 'elapsedTime': 20556.300000071526}",936712069549,5170474350,POINT (0.3097241399129782 0.2726142996477556),,,,,,,,,,,,,,,,,,,,,,,,,,,,,,,,,,,,,,,,,,,,,,,,,,,,,,,,,,,,,,,,,,,,,,,,,,,,,,,,,,,,,,,,,,,,,,,,,,,1,1,
0,15,28,"{'x': 531.8339578525316, 'y': 361.06382129537116, 'elapsedTime': 20615.100000023842}",936712086216,5170491017,POINT (0.2769968530481936 0.3343183530512696),,,,,,,,,,,,,,,,,,,,,,,,,,,,,,,,,,,,,,,,,,,,,,,,,,,,,,,,,,,,,,,,,,,,,,,,,,,,,,,,,,,,,,,,,,,,,,,,,,,,,
0,15,28,"{'x': 531.8339578525316, 'y': 361.06382129537116, 'elapsedTime': 20615.100000023842}",936712102884,5170507684,POINT (0.2769968530481936 0.3343183530512696),,,,,,,,,,,,,,,,,,,,,,,,,,,,,,,,,,,,,,,,,,,,,,,,,,,,,,,,,,,,,,,,,,,,,,,,,,,,,,,,,,,,,,,,,,,,,,,,,,,,,
0,15,28,"{'x': 586.2977198935725, 'y': 377.6034635639875, 'elapsedTime': 20660.5}",936712119551,5170524351,POINT (0.3053633957779024 0.3496328366333217),,,,,,,,,,,,,,,,,,,,,,,,,,,,,,,,,,,,,,,,,,,,,,,,,,,,,,,,,,,,,,,,,,,,,,,,,,,,,,,,,,,,,,,,,,,,,,,,,,,,,
0,15,28,"{'x': 586.2977198935725, 'y': 377.6034635639875, 'elapsedTime': 20660.5}",936712136218,5170541017,POINT (0.3053633957779024 0.3496328366333217),,,,,,,,,,,,,,,,,,,,,,,,,,,,,,,,,,,,,,,,,,,,,,,,,,,,,,,,,,,,,,,,,,,,,,,,,,,,,,,,,,,,,,,,,,,,,,,,,,,,,
0,15,28,"{'x': 586.2977198935725, 'y': 377.6034635639875, 'elapsedTime': 20660.5}",936712152892,5170557690,POINT (0.3053633957779024 0.3496328366333217),,,,,,,,,,,,,,,,,,,,,,,,,,,,,,,,,,,,,,,,,,,,,,,,,,,,,,,,,,,,,,,,,,,,,,,,,,,,,,,,,,,,,,,,,,,,,,,,,,,,,
0,15,28,"{'x': 584.9397193397168, 'y': 353.79846134915124, 'elapsedTime': 20706.800000071526}",936712169559,5170574357,POINT (0.3046561038227692 0.3275911679158808),,,,,,,,,,,,,,,,,,,,,,,,,,,,,,,,,,,,,,,,,,,,,,,,,,,,,,,,,,,,,,,,,,,,,,,,,,,,,,,,,,,,,,,,,,,,,,,,,,,,,
0,15,28,"{'x': 584.9397193397168, 'y': 353.79846134915124, 'elapsedTime': 20706.800000071526}",936712186226,5170591023,POINT (0.3046561038227692 0.3275911679158808),,,,,,,,,,,,,,,,,,,,,,,,,,,,,,,,,,,,,,,,,,,,,,,,,,,,,,,,,,,,,,,,,,,,,,,,,,,,,,,,,,,,,,,,,,,,,,,,,,,,,
0,15,28,"{'x': 584.9397193397168, 'y': 353.79846134915124, 'elapsedTime': 20706.800000071526}",936712202893,5170607690,POINT (0.3046561038227692 0.3275911679158808),,,,,,,,,,,,,,,,,,,,,,,,,,,,,,,,,,,,,,,,,,,,,,,,,,,,,,,,,,,,,,,,,,,,,,,,,,,,,,,,,,,,,,,,,,,,,,,,,,,,,
0,15,28,"{'x': 517.4370860792535, 'y': 253.6870235868919, 'elapsedTime': 20750.600000023842}",936712219560,5170624357,POINT (0.2694984823329445 0.2348953922100851),,,,,,,,,,,,,,,,,,,,,,,,,,,,,,,,,,,,,,,,,,,,,,,,,,,,,,,,,,,,,,,,,,,,,,,,,,,,,,,,,,,,,,,,,,,,,,,,,,,,1,
0,15,28,"{'x': 517.4370860792535, 'y': 253.6870235868919, 'elapsedTime': 20750.600000023842}",936712236227,5170641023,POINT (0.2694984823329445 0.2348953922100851),,,,,,,,,,,,,,,,,,,,,,,,,,,,,,,,,,,,,,,,,,,,,,,,,,,,,,,,,,,,,,,,,,,,,,,,,,,,,,,,,,,,,,,,,,,,,,,,,,,,1,
0,15,28,"{'x': 496.7907129510361, 'y': 257.8305328466677, 'elapsedTime': 20796.700000047684}",936712252894,5170657690,POINT (0.2587451629953313 0.2387319748580257),,,,,,,,,,,,,,,,,,,,,,,,,,,,,,,,,,,,,,,,,,,,,,,,,,,,,,,,,,,,,,,,,,,,,,,,,,,,,,,,,,,,,,,,,,,,,,,,,,,,1,
0,15,28,"{'x': 496.7907129510361, 'y': 257.8305328466677, 'elapsedTime': 20796.700000047684}",936712269562,5170674357,POINT (0.2587451629953313 0.2387319748580257),,,,,,,,,,,,,,,,,,,,,,,,,,,,,,,,,,,,,,,,,,,,,,,,,,,,,,,,,,,,,,,,,,,,,,,,,,,,,,,,,,,,,,,,,,,,,,,,,,,,1,
0,15,28,"{'x': 496.7907129510361, 'y': 257.8305328466677, 'elapsedTime': 20796.700000047684}",936712286233,5170691028,POINT (0.2587451629953313 0.2387319748580257),,,,,,,,,,,,,,,,,,,,,,,,,,,,,,,,,,,,,,,,,,,,,,,,,,,,,,,,,,,,,,,,,,,,,,,,,,,,,,,,,,,,,,,,,,,,,,,,,,,,1,
0,15,28,"{'x': 492.98554840445655, 'y': 252.39319080474166, 'elapsedTime': 20845.200000047684}",936712302901,5170707695,POINT (0.2567633064606544 0.2336973988932793),,,,,,,,,,,,,,,,,,,,,,,,,,,,,,,,,,,,,,,,,,,,,,,,,,,,,,,,,,,,,,,,,,,,,,,,,,,,,,,,,,,,,,,,,,,,,,,,,,,,1,
0,15,28,"{'x': 492.98554840445655, 'y': 252.39319080474166, 'elapsedTime': 20845.200000047684}",936712319568,5170724362,POINT (0.2567633064606544 0.2336973988932793),,,,,,,,,,,,,,,,,,,,,,,,,,,,,,,,,,,,,,,,,,,,,,,,,,,,,,,,,,,,,,,,,,,,,,,,,,,,,,,,,,,,,,,,,,,,,,,,,,,,1,
0,15,28,"{'x': 492.98554840445655, 'y': 252.39319080474166, 'elapsedTime': 20845.200000047684}",936712336235,5170741028,POINT (0.2567633064606544 0.2336973988932793),,,,,,,,,,,,,,,,,,,,,,,,,,,,,,,,,,,,,,,,,,,,,,,,,,,,,,,,,,,,,,,,,,,,,,,,,,,,,,,,,,,,,,,,,,,,,,,,,,,,1,
0,15,28,"{'x': 540.2690802770057, 'y': 159.5109729794964, 'elapsedTime': 20890.399999976158}",936712352901,5170757694,POINT (0.2813901459776071 0.1476953453513855),,,,,,,,,,,,,,,,,,,,,,,,,,,,,,,,,,,,,,,,,,,,,,,,,,,,,,,,,,,,,,,,,,,,,,,,,,,,,,,,,,,,,,,,,,,,,,,,,,,1,,
0,15,28,"{'x': 540.2690802770057, 'y': 159.5109729794964, 'elapsedTime': 20890.399999976158}",936712369570,5170774362,POINT (0.2813901459776071 0.1476953453513855),,,,,,,,,,,,,,,,,,,,,,,,,,,,,,,,,,,,,,,,,,,,,,,,,,,,,,,,,,,,,,,,,,,,,,,,,,,,,,,,,,,,,,,,,,,,,,,,,,,1,,
0,15,28,"{'x': 540.2690802770057, 'y': 159.5109729794964, 'elapsedTime': 20890.399999976158}",936712386236,5170791028,POINT (0.2813901459776071 0.1476953453513855),,,,,,,,,,,,,,,,,,,,,,,,,,,,,,,,,,,,,,,,,,,,,,,,,,,,,,,,,,,,,,,,,,,,,,,,,,,,,,,,,,,,,,,,,,,,,,,,,,,1,,
0,15,28,"{'x': 539.7266570257158, 'y': 103.47054513679356, 'elapsedTime': 20933.800000071526}",936712402903,5170807694,POINT (0.2811076338675603 0.0958060603118459),,,,,,,,,,,,,,,,,,,,,,,,,,,,,,,,,,,,,,,,,,,,,,,,,,,,,,,,,,,,,,,,,,,,,,,,,,,,,,,,,,,,,,,,,,,,,,,,,,,,,
0,15,28,"{'x': 539.7266570257158, 'y': 103.47054513679356, 'elapsedTime': 20933.800000071526}",936712419575,5170824365,POINT (0.2811076338675603 0.0958060603118459),,,,,,,,,,,,,,,,,,,,,,,,,,,,,,,,,,,,,,,,,,,,,,,,,,,,,,,,,,,,,,,,,,,,,,,,,,,,,,,,,,,,,,,,,,,,,,,,,,,,,
0,15,28,"{'x': 514.2666336559978, 'y': 37.256555341005544, 'elapsedTime': 20980}",936712436243,5170841032,POINT (0.2678472050291655 0.0344968105009311),,,,,,,,,,,,,,,,,,,,,,,,,,,,,,,,,,,,,,,,,,,,,,,,,,,,,,,,,,,,,,,,,,,,,,,,,,,,,,,,,,,,,,,,,,,,,,,,,,,,,
0,15,28,"{'x': 514.2666336559978, 'y': 37.256555341005544, 'elapsedTime': 20980}",936712452909,5170857698,POINT (0.2678472050291655 0.0344968105009311),,,,,,,,,,,,,,,,,,,,,,,,,,,,,,,,,,,,,,,,,,,,,,,,,,,,,,,,,,,,,,,,,,,,,,,,,,,,,,,,,,,,,,,,,,,,,,,,,,,,,
0,15,28,"{'x': 514.2666336559978, 'y': 37.256555341005544, 'elapsedTime': 20980}",936712469578,5170874366,POINT (0.2678472050291655 0.0344968105009311),,,,,,,,,,,,,,,,,,,,,,,,,,,,,,,,,,,,,,,,,,,,,,,,,,,,,,,,,,,,,,,,,,,,,,,,,,,,,,,,,,,,,,,,,,,,,,,,,,,,,
0,15,28,"{'x': 535.8858480360976, 'y': 54.58956869892063, 'elapsedTime': 21026}",936712486244,5170891032,POINT (0.2791072125188008 0.050545896943445),,,,,,,,,,,,,,,,,,,,,,,,,,,,,,,,,,,,,,,,,,,,,,,,,,,,,,,,,,,,,,,,,,,,,,,,,,,,,,,,,,,,,,,,,,,,,,,,,,,,,
0,15,28,"{'x': 535.8858480360976, 'y': 54.58956869892063, 'elapsedTime': 21026}",936712502912,5170907699,POINT (0.2791072125188008 0.050545896943445),,,,,,,,,,,,,,,,,,,,,,,,,,,,,,,,,,,,,,,,,,,,,,,,,,,,,,,,,,,,,,,,,,,,,,,,,,,,,,,,,,,,,,,,,,,,,,,,,,,,,
0,15,28,"{'x': 535.8858480360976, 'y': 54.58956869892063, 'elapsedTime': 21026}",936712519578,5170924365,POINT (0.2791072125188008 0.050545896943445),,,,,,,,,,,,,,,,,,,,,,,,,,,,,,,,,,,,,,,,,,,,,,,,,,,,,,,,,,,,,,,,,,,,,,,,,,,,,,,,,,,,,,,,,,,,,,,,,,,,,
0,15,28,"{'x': 540.8490647430001, 'y': 112.73341727836228, 'elapsedTime': 21071.399999976158}",936712536246,5170941032,POINT (0.2816922212203126 0.1043827937762614),,,,,,,,,,,,,,,,,,,,,,,,,,,,,,,,,,,,,,,,,,,,,,,,,,,,,,,,,,,,,,,,,,,,,,,,,,,,,,,,,,,,,,,,,,,,,,,,,,,,,
0,15,28,"{'x': 540.8490647430001, 'y': 112.73341727836228, 'elapsedTime': 21071.399999976158}",936712552917,5170957703,POINT (0.2816922212203126 0.1043827937762614),,,,,,,,,,,,,,,,,,,,,,,,,,,,,,,,,,,,,,,,,,,,,,,,,,,,,,,,,,,,,,,,,,,,,,,,,,,,,,,,,,,,,,,,,,,,,,,,,,,,,
0,15,28,"{'x': 540.8490647430001, 'y': 112.73341727836228, 'elapsedTime': 21071.399999976158}",936712569584,5170974369,POINT (0.2816922212203126 0.1043827937762614),,,,,,,,,,,,,,,,,,,,,,,,,,,,,,,,,,,,,,,,,,,,,,,,,,,,,,,,,,,,,,,,,,,,,,,,,,,,,,,,,,,,,,,,,,,,,,,,,,,,,
0,15,28,"{'x': 554.7340758384815, 'y': 74.12514945824617, 'elapsedTime': 21119.399999976158}",936712586251,5170991036,POINT (0.2889239978325425 0.0686343976465242),,,,,,,,,,,,,,,,,,,,,,,,,,,,,,,,,,,,,,,,,,,,,,,,,,,,,,,,,,,,,,,,,,,,,,,,,,,,,,,,,,,,,,,,,,,,,,,,,,,,,
0,15,28,"{'x': 554.7340758384815, 'y': 74.12514945824617, 'elapsedTime': 21119.399999976158}",936712602918,5171007702,POINT (0.2889239978325425 0.0686343976465242),,,,,,,,,,,,,,,,,,,,,,,,,,,,,,,,,,,,,,,,,,,,,,,,,,,,,,,,,,,,,,,,,,,,,,,,,,,,,,,,,,,,,,,,,,,,,,,,,,,,,
0,15,28,"{'x': 554.7340758384815, 'y': 74.12514945824617, 'elapsedTime': 21119.399999976158}",936712619585,5171024369,POINT (0.2889239978325425 0.0686343976465242),,,,,,,,,,,,,,,,,,,,,,,,,,,,,,,,,,,,,,,,,,,,,,,,,,,,,,,,,,,,,,,,,,,,,,,,,,,,,,,,,,,,,,,,,,,,,,,,,,,,,
0,15,28,"{'x': 569.5391392907321, 'y': 76.70830501955226, 'elapsedTime': 21168.300000071526}",936712636253,5171041036,POINT (0.2966349683805897 0.0710262083514373),,,,,,,,,,,,,,,,,,,,,,,,,,,,,,,,,,,,,,,,,,,,,,,,,,,,,,,,,,,,,,,,,,,,,,,,,,,,,,,,,,,,,,,,,,,,,,,,,,,,,
0,15,28,"{'x': 569.5391392907321, 'y': 76.70830501955226, 'elapsedTime': 21168.300000071526}",936712652919,5171057702,POINT (0.2966349683805897 0.0710262083514373),,,,,,,,,,,,,,,,,,,,,,,,,,,,,,,,,,,,,,,,,,,,,,,,,,,,,,,,,,,,,,,,,,,,,,,,,,,,,,,,,,,,,,,,,,,,,,,,,,,,,
0,15,28,"{'x': 575.7122200900981, 'y': 85.96203278486098, 'elapsedTime': 21213.800000071526}",936712669587,5171074369,POINT (0.2998501146302594 0.0795944748007972),,,,,,,,,,,,,,,,,,,,,,,,,,,,,,,,,,,,,,,,,,,,,,,,,,,,,,,,,,,,,,,,,,,,,,,,,,,,,,,,,,,,,,,,,,,,,,,,,,,,,
0,15,28,"{'x': 575.7122200900981, 'y': 85.96203278486098, 'elapsedTime': 21213.800000071526}",936712686261,5171091043,POINT (0.2998501146302594 0.0795944748007972),,,,,,,,,,,,,,,,,,,,,,,,,,,,,,,,,,,,,,,,,,,,,,,,,,,,,,,,,,,,,,,,,,,,,,,,,,,,,,,,,,,,,,,,,,,,,,,,,,,,,
0,15,28,"{'x': 575.7122200900981, 'y': 85.96203278486098, 'elapsedTime': 21213.800000071526}",936712702929,5171107710,POINT (0.2998501146302594 0.0795944748007972),,,,,,,,,,,,,,,,,,,,,,,,,,,,,,,,,,,,,,,,,,,,,,,,,,,,,,,,,,,,,,,,,,,,,,,,,,,,,,,,,,,,,,,,,,,,,,,,,,,,,
0,15,28,"{'x': 600.7510510495488, 'y': 97.16393335484321, 'elapsedTime': 21261.200000047684}",936712719595,5171124376,POINT (0.31289117242164 0.0899666049581882),,,,,,,,,,,,,,,,,,,,,,,,,,,,,,,,,,,,,,,,,,,,,,,,,,,,,,,,,,,,,,,,,,,,,,,,,,,,,,,,,,,,,,,,,,,,,,,,,,,,,
0,15,28,"{'x': 600.7510510495488, 'y': 97.16393335484321, 'elapsedTime': 21261.200000047684}",936712736263,5171141043,POINT (0.31289117242164 0.0899666049581882),,,,,,,,,,,,,,,,,,,,,,,,,,,,,,,,,,,,,,,,,,,,,,,,,,,,,,,,,,,,,,,,,,,,,,,,,,,,,,,,,,,,,,,,,,,,,,,,,,,,,
0,15,28,"{'x': 600.7510510495488, 'y': 97.16393335484321, 'elapsedTime': 21261.200000047684}",936712752929,5171157709,POINT (0.31289117242164 0.0899666049581882),,,,,,,,,,,,,,,,,,,,,,,,,,,,,,,,,,,,,,,,,,,,,,,,,,,,,,,,,,,,,,,,,,,,,,,,,,,,,,,,,,,,,,,,,,,,,,,,,,,,,
0,15,28,"{'x': 567.7087696842835, 'y': 120.10664157621714, 'elapsedTime': 21306.5}",936712769598,5171174376,POINT (0.295681650877231 0.1112098533113122),,,,,,,,,,,,,,,,,,,,,,,,,,,,,,,,,,,,,,,,,,,,,,,,,,,,,,,,,,,,,,,,,,,,,,,,,,,,,,,,,,,,,,,,,,,,,,,,,,,,,
0,15,28,"{'x': 567.7087696842835, 'y': 120.10664157621714, 'elapsedTime': 21306.5}",936712786265,5171191043,POINT (0.295681650877231 0.1112098533113122),,,,,,,,,,,,,,,,,,,,,,,,,,,,,,,,,,,,,,,,,,,,,,,,,,,,,,,,,,,,,,,,,,,,,,,,,,,,,,,,,,,,,,,,,,,,,,,,,,,,,
0,15,28,"{'x': 567.7087696842835, 'y': 120.10664157621714, 'elapsedTime': 21306.5}",936712802937,5171207714,POINT (0.295681650877231 0.1112098533113122),,,,,,,,,,,,,,,,,,,,,,,,,,,,,,,,,,,,,,,,,,,,,,,,,,,,,,,,,,,,,,,,,,,,,,,,,,,,,,,,,,,,,,,,,,,,,,,,,,,,,
0,15,28,"{'x': 545.1289471724164, 'y': 193.76179965543707, 'elapsedTime': 21349.899999976158}",936712819603,5171224380,POINT (0.2839213266523002 0.1794090737550343),,,,,,,,,,,,,,,,,,,,,,,,,,,,,,,,,,,,,,,,,,,,,,,,,,,,,,,,,,,,,,,,,,,,,,,,,,,,,,,,,,,,,,,,,,,,,,,,,,,,,
0,15,28,"{'x': 545.1289471724164, 'y': 193.76179965543707, 'elapsedTime': 21349.899999976158}",936712836270,5171241046,POINT (0.2839213266523002 0.1794090737550343),,,,,,,,,,,,,,,,,,,,,,,,,,,,,,,,,,,,,,,,,,,,,,,,,,,,,,,,,,,,,,,,,,,,,,,,,,,,,,,,,,,,,,,,,,,,,,,,,,,,,
0,15,28,"{'x': 499.40358428699517, 'y': 160.31507577916838, 'elapsedTime': 21395.399999976158}",936712852938,5171257714,POINT (0.26010603348281 0.1484398849807114),,,,,,,,,,,,,,,,,,,,,,,,,,,,,,,,,,,,,,,,,,,,,,,,,,,,,,,,,,,,,,,,,,,,,,,,,,,,,,,,,,,,,,,,,,,,,,,,,,,1,,
0,15,28,"{'x': 499.40358428699517, 'y': 160.31507577916838, 'elapsedTime': 21395.399999976158}",936712869605,5171274380,POINT (0.26010603348281 0.1484398849807114),,,,,,,,,,,,,,,,,,,,,,,,,,,,,,,,,,,,,,,,,,,,,,,,,,,,,,,,,,,,,,,,,,,,,,,,,,,,,,,,,,,,,,,,,,,,,,,,,,,1,,
0,15,28,"{'x': 499.40358428699517, 'y': 160.31507577916838, 'elapsedTime': 21395.399999976158}",936712886272,5171291047,POINT (0.26010603348281 0.1484398849807114),,,,,,,,,,,,,,,,,,,,,,,,,,,,,,,,,,,,,,,,,,,,,,,,,,,,,,,,,,,,,,,,,,,,,,,,,,,,,,,,,,,,,,,,,,,,,,,,,,,1,,
0,15,28,"{'x': 487.53023791614714, 'y': 164.35475272047233, 'elapsedTime': 21443.200000047684}",936712902940,5171307714,POINT (0.25392199891466 0.1521803265930299),,,,,,,,,,,,,,,,,,,,,,,,,,,,,,,,,,,,,,,,,,,,,,,,,,,,,,,,,,,,,,,,,,,,,,,,,,,,,,,,,,,,,,,,,,,,,,,,,,,1,,
0,15,28,"{'x': 487.53023791614714, 'y': 164.35475272047233, 'elapsedTime': 21443.200000047684}",936712919606,5171324380,POINT (0.25392199891466 0.1521803265930299),,,,,,,,,,,,,,,,,,,,,,,,,,,,,,,,,,,,,,,,,,,,,,,,,,,,,,,,,,,,,,,,,,,,,,,,,,,,,,,,,,,,,,,,,,,,,,,,,,,1,,
0,15,28,"{'x': 487.53023791614714, 'y': 164.35475272047233, 'elapsedTime': 21443.200000047684}",936712936279,5171341052,POINT (0.25392199891466 0.1521803265930299),,,,,,,,,,,,,,,,,,,,,,,,,,,,,,,,,,,,,,,,,,,,,,,,,,,,,,,,,,,,,,,,,,,,,,,,,,,,,,,,,,,,,,,,,,,,,,,,,,,1,,
0,15,28,"{'x': 478.72773902686043, 'y': 149.42248695319307, 'elapsedTime': 21490}",936712952946,5171357719,POINT (0.2493373640764898 0.1383541545862899),,,,,1,,,,,,,,,,,,,,,,,,,,,,,,,,,,,,,,,,,,,,,,,,,,,,,,,,,,,,,,,,,,,,,,,,,,,,,,,,,,,,,,,,,,,,,,,,,,,,,,
0,15,28,"{'x': 478.72773902686043, 'y': 149.42248695319307, 'elapsedTime': 21490}",936712969613,5171374385,POINT (0.2493373640764898 0.1383541545862899),,,,,1,,,,,,,,,,,,,,,,,,,,,,,,,,,,,,,,,,,,,,,,,,,,,,,,,,,,,,,,,,,,,,,,,,,,,,,,,,,,,,,,,,,,,,,,,,,,,,,,
0,15,28,"{'x': 478.72773902686043, 'y': 149.42248695319307, 'elapsedTime': 21490}",936712986280,5171391052,POINT (0.2493373640764898 0.1383541545862899),,,,,1,,,,,,,,,,,,,,,,,,,,,,,,,,,,,,,,,,,,,,,,,,,,,,,,,,,,,,,,,,,,,,,,,,,,,,,,,,,,,,,,,,,,,,,,,,,,,,,,
0,15,28,"{'x': 478.72773902686043, 'y': 149.42248695319307, 'elapsedTime': 21490}",936713002947,5171407718,POINT (0.2493373640764898 0.1383541545862899),,,,,1,,,,,,,,,,,,,,,,,,,,,,,,,,,,,,,,,,,,,,,,,,,,,,,,,,,,,,,,,,,,,,,,,,,,,,,,,,,,,,,,,,,,,,,,,,,,,,,,
0,15,28,"{'x': 445.62304565505684, 'y': 198.9526057034646, 'elapsedTime': 21535.5}",936713019614,5171424385,POINT (0.2320953362786754 0.1842153756513561),,,,,,,,,,,,,,,,1,,,,,,,,,,,,,,,,,,,,,,,,,,,,,,,,,,,,,,,,,,,,,,,,,,,,,,,,,,,,,,,,,,,,,,,,,,,,,,,,,,,,,
0,15,28,"{'x': 445.62304565505684, 'y': 198.9526057034646, 'elapsedTime': 21535.5}",936713036282,5171441052,POINT (0.2320953362786754 0.1842153756513561),,,,,,,,,,,,,,,,1,,,,,,,,,,,,,,,,,,,,,,,,,,,,,,,,,,,,,,,,,,,,,,,,,,,,,,,,,,,,,,,,,,,,,,,,,,,,,,,,,,,,,
0,15,28,"{'x': 372.4783821959456, 'y': 235.5340271203828, 'elapsedTime': 21584.899999976158}",936713052949,5171457719,POINT (0.1939991573937217 0.2180870621485026),,,,,,,,,,,,,,,,,,,,,,,,,,,,1,,,,,,,,,,,,,,,,,,,,,,,,,,,,,,,,,,,,,,,,,,,,,,,,,,,,,,,,,,,,,,,,,,,,,,,,1,
0,15,28,"{'x': 372.4783821959456, 'y': 235.5340271203828, 'elapsedTime': 21584.899999976158}",936713069620,5171474389,POINT (0.1939991573937217 0.2180870621485026),,,,,,,,,,,,,,,,,,,,,,,,,,,,1,,,,,,,,,,,,,,,,,,,,,,,,,,,,,,,,,,,,,,,,,,,,,,,,,,,,,,,,,,,,,,,,,,,,,,,,1,
0,15,28,"{'x': 372.4783821959456, 'y': 235.5340271203828, 'elapsedTime': 21584.899999976158}",936713086287,5171491056,POINT (0.1939991573937217 0.2180870621485026),,,,,,,,,,,,,,,,,,,,,,,,,,,,1,,,,,,,,,,,,,,,,,,,,,,,,,,,,,,,,,,,,,,,,,,,,,,,,,,,,,,,,,,,,,,,,,,,,,,,,1,
0,15,28,"{'x': 457.80399440460053, 'y': 173.90389864698693, 'elapsedTime': 21642.899999976158}",936713102954,5171507722,POINT (0.2384395804190628 0.1610221283768397),,,,,,,,,,,,,,,,,,,,,,,,,,,,,,,,,,,,,,,,,,,,,,,,,,,,,,,,,,,,,,,,,,,,,,,,,,,,,,,,,,,,,,,,,,,,,,,,,,,1,,
0,15,28,"{'x': 457.80399440460053, 'y': 173.90389864698693, 'elapsedTime': 21642.899999976158}",936713119621,5171524389,POINT (0.2384395804190628 0.1610221283768397),,,,,,,,,,,,,,,,,,,,,,,,,,,,,,,,,,,,,,,,,,,,,,,,,,,,,,,,,,,,,,,,,,,,,,,,,,,,,,,,,,,,,,,,,,,,,,,,,,,1,,
0,15,28,"{'x': 457.80399440460053, 'y': 173.90389864698693, 'elapsedTime': 21642.899999976158}",936713136290,5171541056,POINT (0.2384395804190628 0.1610221283768397),,,,,,,,,,,,,,,,,,,,,,,,,,,,,,,,,,,,,,,,,,,,,,,,,,,,,,,,,,,,,,,,,,,,,,,,,,,,,,,,,,,,,,,,,,,,,,,,,,,1,,
0,15,28,"{'x': 527.5797516383807, 'y': 143.98120471799757, 'elapsedTime': 21689.700000047684}",936713152956,5171557722,POINT (0.2747811206449899 0.1333159302944422),,,,,,,,,,,,,,,,,,,,,,,,,,,,,,,,,,,,,,,,,,,,,,,,,,,,,,,,,,,,,,,,,,,,,,,,,,,,,,,,,,,,,,,,,,,,,,,,,,,,,
0,15,28,"{'x': 527.5797516383807, 'y': 143.98120471799757, 'elapsedTime': 21689.700000047684}",936713169624,5171574389,POINT (0.2747811206449899 0.1333159302944422),,,,,,,,,,,,,,,,,,,,,,,,,,,,,,,,,,,,,,,,,,,,,,,,,,,,,,,,,,,,,,,,,,,,,,,,,,,,,,,,,,,,,,,,,,,,,,,,,,,,,
0,15,28,"{'x': 527.5797516383807, 'y': 143.98120471799757, 'elapsedTime': 21689.700000047684}",936713186290,5171591055,POINT (0.2747811206449899 0.1333159302944422),,,,,,,,,,,,,,,,,,,,,,,,,,,,,,,,,,,,,,,,,,,,,,,,,,,,,,,,,,,,,,,,,,,,,,,,,,,,,,,,,,,,,,,,,,,,,,,,,,,,,
0,15,28,"{'x': 688.3165712393683, 'y': 138.85738675216692, 'elapsedTime': 21736}",936713202963,5171607727,POINT (0.358498214187171 0.1285716544001546),,,,,,,,,,,,,,,,,,,,,,,,,,,,,,,,,,,,,,,,,,,,,,,,,,,,,,,,,,,,,,,,,,,,,,,,,,,,,,,,,,,,,,,,,,,,,,,,,,,,,
0,15,28,"{'x': 688.3165712393683, 'y': 138.85738675216692, 'elapsedTime': 21736}",936713219630,5171624394,POINT (0.358498214187171 0.1285716544001546),,,,,,,,,,,,,,,,,,,,,,,,,,,,,,,,,,,,,,,,,,,,,,,,,,,,,,,,,,,,,,,,,,,,,,,,,,,,,,,,,,,,,,,,,,,,,,,,,,,,,
0,15,28,"{'x': 682.7371189761511, 'y': 130.99582988723492, 'elapsedTime': 21780.700000047684}",936713236297,5171641060,POINT (0.3555922494667454 0.1212924350807731),,,,,,,,,,,,,,,,,,,,,,,,,,,,,,,,,,,,,,,,,,,,,,,,,,,,,,,,,,,,,,,,,,,,,,,,,,,,,,,,,,,,,,,,,,,,,,,,,,,,,
0,15,28,"{'x': 682.7371189761511, 'y': 130.99582988723492, 'elapsedTime': 21780.700000047684}",936713252964,5171657727,POINT (0.3555922494667454 0.1212924350807731),,,,,,,,,,,,,,,,,,,,,,,,,,,,,,,,,,,,,,,,,,,,,,,,,,,,,,,,,,,,,,,,,,,,,,,,,,,,,,,,,,,,,,,,,,,,,,,,,,,,,
0,15,28,"{'x': 682.7371189761511, 'y': 130.99582988723492, 'elapsedTime': 21780.700000047684}",936713269632,5171674394,POINT (0.3555922494667454 0.1212924350807731),,,,,,,,,,,,,,,,,,,,,,,,,,,,,,,,,,,,,,,,,,,,,,,,,,,,,,,,,,,,,,,,,,,,,,,,,,,,,,,,,,,,,,,,,,,,,,,,,,,,,
0,15,28,"{'x': 711.1242942099382, 'y': 127.1115880133026, 'elapsedTime': 21826.5}",936713286298,5171691060,POINT (0.3703772365676761 0.117695914827132),,,,,,,,,,,,,,,,,,,,,,,,,,,,,,,,,,,,,,,,,,,,,,,,,,,,,,,,,,,,,,,,,,,,,,,,,,,,,,,,,,,,,,,,,,,,,,,,,,,,,
0,15,28,"{'x': 711.1242942099382, 'y': 127.1115880133026, 'elapsedTime': 21826.5}",936713302966,5171707727,POINT (0.3703772365676761 0.117695914827132),,,,,,,,,,,,,,,,,,,,,,,,,,,,,,,,,,,,,,,,,,,,,,,,,,,,,,,,,,,,,,,,,,,,,,,,,,,,,,,,,,,,,,,,,,,,,,,,,,,,,
0,15,28,"{'x': 711.1242942099382, 'y': 127.1115880133026, 'elapsedTime': 21826.5}",936713319633,5171724394,POINT (0.3703772365676761 0.117695914827132),,,,,,,,,,,,,,,,,,,,,,,,,,,,,,,,,,,,,,,,,,,,,,,,,,,,,,,,,,,,,,,,,,,,,,,,,,,,,,,,,,,,,,,,,,,,,,,,,,,,,
0,15,28,"{'x': 777.8707775231095, 'y': 81.91911320142499, 'elapsedTime': 21871.700000047684}",936713336304,5171741064,POINT (0.4051410299599529 0.0758510307420602),,,,,,,,,,,,,,,,,,,,,,,,,,,,,,,,,,,,,,,,,,,,,,,,,,,,,,,,,,,,,,,,,,,,,,,,,,,,,,,,,,,,,,,,,,,,,,,,,,,,,
0,15,28,"{'x': 777.8707775231095, 'y': 81.91911320142499, 'elapsedTime': 21871.700000047684}",936713352971,5171757731,POINT (0.4051410299599529 0.0758510307420602),,,,,,,,,,,,,,,,,,,,,,,,,,,,,,,,,,,,,,,,,,,,,,,,,,,,,,,,,,,,,,,,,,,,,,,,,,,,,,,,,,,,,,,,,,,,,,,,,,,,,
0,15,28,"{'x': 777.8707775231095, 'y': 81.91911320142499, 'elapsedTime': 21871.700000047684}",936713369639,5171774398,POINT (0.4051410299599529 0.0758510307420602),,,,,,,,,,,,,,,,,,,,,,,,,,,,,,,,,,,,,,,,,,,,,,,,,,,,,,,,,,,,,,,,,,,,,,,,,,,,,,,,,,,,,,,,,,,,,,,,,,,,,
0,15,28,"{'x': 680.5915280703732, 'y': 108.64652065380146, 'elapsedTime': 21917}",936713386305,5171791064,POINT (0.3544747542033194 0.1005986302350014),,,,,,,,,,,,,,,,,,,,,,,,,,,,,,,,,,,,,,,,,,,,,,,,,,,,,,,,,,,,,,,,,,,,,,,,,,,,,,,,,,,,,,,,,,,,,,,,,,,,,
0,15,28,"{'x': 680.5915280703732, 'y': 108.64652065380146, 'elapsedTime': 21917}",936713402973,5171807731,POINT (0.3544747542033194 0.1005986302350014),,,,,,,,,,,,,,,,,,,,,,,,,,,,,,,,,,,,,,,,,,,,,,,,,,,,,,,,,,,,,,,,,,,,,,,,,,,,,,,,,,,,,,,,,,,,,,,,,,,,,
0,15,28,"{'x': 680.5915280703732, 'y': 108.64652065380146, 'elapsedTime': 21917}",936713419639,5171824397,POINT (0.3544747542033194 0.1005986302350014),,,,,,,,,,,,,,,,,,,,,,,,,,,,,,,,,,,,,,,,,,,,,,,,,,,,,,,,,,,,,,,,,,,,,,,,,,,,,,,,,,,,,,,,,,,,,,,,,,,,,
0,15,28,"{'x': 670.3424549926402, 'y': 78.37678347063195, 'elapsedTime': 21967.100000023842}",936713436308,5171841065,POINT (0.3491366953086668 0.0725710958061407),,,,,,,,,,,,,,,,,,,,,,,,,,,,,,,,,,,,,,,,,,,,,,,,,,,,,,,,,,,,,,,,,,,,,,,,,,,,,,,,,,,,,,,,,,,,,,,,,,,,,
0,15,28,"{'x': 670.3424549926402, 'y': 78.37678347063195, 'elapsedTime': 21967.100000023842}",936713452974,5171857731,POINT (0.3491366953086668 0.0725710958061407),,,,,,,,,,,,,,,,,,,,,,,,,,,,,,,,,,,,,,,,,,,,,,,,,,,,,,,,,,,,,,,,,,,,,,,,,,,,,,,,,,,,,,,,,,,,,,,,,,,,,
0,15,28,"{'x': 794.348579357274, 'y': 32.26242674822317, 'elapsedTime': 22012.800000071526}",936713469643,5171874399,POINT (0.4137232184152469 0.0298726173594659),,,,,,,,,,,,,,,,,,,,,,,,,,,,,,,,,,,,,,,,,,,,,,,,,,,,,,,,,,,,,,,,,,,,,,,,,,,,,,,,,,,,,,,,,,,,,,,,,,,,,
0,15,28,"{'x': 794.348579357274, 'y': 32.26242674822317, 'elapsedTime': 22012.800000071526}",936713486311,5171891066,POINT (0.4137232184152469 0.0298726173594659),,,,,,,,,,,,,,,,,,,,,,,,,,,,,,,,,,,,,,,,,,,,,,,,,,,,,,,,,,,,,,,,,,,,,,,,,,,,,,,,,,,,,,,,,,,,,,,,,,,,,
0,15,28,"{'x': 794.348579357274, 'y': 32.26242674822317, 'elapsedTime': 22012.800000071526}",936713502979,5171907733,POINT (0.4137232184152469 0.0298726173594659),,,,,,,,,,,,,,,,,,,,,,,,,,,,,,,,,,,,,,,,,,,,,,,,,,,,,,,,,,,,,,,,,,,,,,,,,,,,,,,,,,,,,,,,,,,,,,,,,,,,,
0,15,28,"{'x': 875.8133508950165, 'y': 61.309223625480065, 'elapsedTime': 22058.200000047684}",936713519646,5171924400,POINT (0.4561527869244877 0.0567677996532223),,,,,,,,,,,,,,,,,,,,,,,,,,,,,,,,,,,,,,,,,,,,,,,,,,,,,,,,,,,,,,,,,,,,,,,,,,,,,,,,,,,,,,,,,,,,,,,,,,,,,
0,15,28,"{'x': 875.8133508950165, 'y': 61.309223625480065, 'elapsedTime': 22058.200000047684}",936713536313,5171941066,POINT (0.4561527869244877 0.0567677996532223),,,,,,,,,,,,,,,,,,,,,,,,,,,,,,,,,,,,,,,,,,,,,,,,,,,,,,,,,,,,,,,,,,,,,,,,,,,,,,,,,,,,,,,,,,,,,,,,,,,,,
0,15,28,"{'x': 875.8133508950165, 'y': 61.309223625480065, 'elapsedTime': 22058.200000047684}",936713552980,5171957733,POINT (0.4561527869244877 0.0567677996532223),,,,,,,,,,,,,,,,,,,,,,,,,,,,,,,,,,,,,,,,,,,,,,,,,,,,,,,,,,,,,,,,,,,,,,,,,,,,,,,,,,,,,,,,,,,,,,,,,,,,,
0,15,28,"{'x': 890.888069698163, 'y': 64.32268546819384, 'elapsedTime': 22103.5}",936713569648,5171974400,POINT (0.4640042029677932 0.0595580421001795),,,,,,,,,,,,,,,,,,,,,,,,,,,,,,,,,,,,,,,,,,,,,,,,,,,,,,,,,,,,,,,,,,,,,,,,,,,,,,,,,,,,,,,,,,,,,,,,,,,,,
0,15,28,"{'x': 890.888069698163, 'y': 64.32268546819384, 'elapsedTime': 22103.5}",936713586314,5171991066,POINT (0.4640042029677932 0.0595580421001795),,,,,,,,,,,,,,,,,,,,,,,,,,,,,,,,,,,,,,,,,,,,,,,,,,,,,,,,,,,,,,,,,,,,,,,,,,,,,,,,,,,,,,,,,,,,,,,,,,,,,
0,15,28,"{'x': 890.888069698163, 'y': 64.32268546819384, 'elapsedTime': 22103.5}",936713602990,5172007741,POINT (0.4640042029677932 0.0595580421001795),,,,,,,,,,,,,,,,,,,,,,,,,,,,,,,,,,,,,,,,,,,,,,,,,,,,,,,,,,,,,,,,,,,,,,,,,,,,,,,,,,,,,,,,,,,,,,,,,,,,,
0,15,28,"{'x': 830.5240657003767, 'y': 89.48658216899578, 'elapsedTime': 22148}",936713619656,5172024407,POINT (0.4325646175522795 0.0828579464527739),,,,,,,,,,,,,,,,,,,,,,,,,,,,,,,,,,,,,,,,,,,,,,,,,,,,,,,,,,,,,,,,,,,,,,,,,,,,,,,,,,,,,,,,,,,,,,,,,,,,,
0,15,28,"{'x': 830.5240657003767, 'y': 89.48658216899578, 'elapsedTime': 22148}",936713636324,5172041074,POINT (0.4325646175522795 0.0828579464527739),,,,,,,,,,,,,,,,,,,,,,,,,,,,,,,,,,,,,,,,,,,,,,,,,,,,,,,,,,,,,,,,,,,,,,,,,,,,,,,,,,,,,,,,,,,,,,,,,,,,,
0,15,28,"{'x': 811.0458400860049, 'y': 61.58274321439582, 'elapsedTime': 22197.200000047684}",936713652991,5172057741,POINT (0.4224197083781275 0.057021058531848),,,,,,,,,,,,,,,,,,,,,,,,,,,,,,,,,,,,,,,,,,,,,,,,,,,,,,,,,,,,,,,,,,,,,,,,,,,,,,,,,,,,,,,,,,,,,,,,,,,,,
0,15,28,"{'x': 811.0458400860049, 'y': 61.58274321439582, 'elapsedTime': 22197.200000047684}",936713669658,5172074407,POINT (0.4224197083781275 0.057021058531848),,,,,,,,,,,,,,,,,,,,,,,,,,,,,,,,,,,,,,,,,,,,,,,,,,,,,,,,,,,,,,,,,,,,,,,,,,,,,,,,,,,,,,,,,,,,,,,,,,,,,
0,15,28,"{'x': 811.0458400860049, 'y': 61.58274321439582, 'elapsedTime': 22197.200000047684}",936713686325,5172091074,POINT (0.4224197083781275 0.057021058531848),,,,,,,,,,,,,,,,,,,,,,,,,,,,,,,,,,,,,,,,,,,,,,,,,,,,,,,,,,,,,,,,,,,,,,,,,,,,,,,,,,,,,,,,,,,,,,,,,,,,,
0,15,28,"{'x': 828.9218835037226, 'y': 42.213743626245076, 'elapsedTime': 22243.300000071526}",936713702993,5172107741,POINT (0.4317301476581888 0.0390867996539306),,,,,,,,,,,,,,,,,,,,,,,,,,,,,,,,,,,,,,,,,,,,,,,,,,,,,,,,,,,,,,,,,,,,,,,,,,,,,,,,,,,,,,,,,,,,,,,,,,,,,
0,15,28,"{'x': 828.9218835037226, 'y': 42.213743626245076, 'elapsedTime': 22243.300000071526}",936713719660,5172124408,POINT (0.4317301476581888 0.0390867996539306),,,,,,,,,,,,,,,,,,,,,,,,,,,,,,,,,,,,,,,,,,,,,,,,,,,,,,,,,,,,,,,,,,,,,,,,,,,,,,,,,,,,,,,,,,,,,,,,,,,,,
0,15,28,"{'x': 828.9218835037226, 'y': 42.213743626245076, 'elapsedTime': 22243.300000071526}",936713736332,5172141079,POINT (0.4317301476581888 0.0390867996539306),,,,,,,,,,,,,,,,,,,,,,,,,,,,,,,,,,,,,,,,,,,,,,,,,,,,,,,,,,,,,,,,,,,,,,,,,,,,,,,,,,,,,,,,,,,,,,,,,,,,,
0,15,28,"{'x': 783.6459759453472, 'y': 17.46125592898673, 'elapsedTime': 22288.399999976158}",936713752999,5172157746,POINT (0.4081489458048683 0.0161678295638766),,,,,,,,,,,,,,,,,,,,,,,,,,,,,,,,,,,,,,,,,,,,,,,,,,,,,,,,,,,,,,,,,,,,,,,,,,,,,,,,,,,,,,,,,,,,,,,,,,,,,
0,15,28,"{'x': 783.6459759453472, 'y': 17.46125592898673, 'elapsedTime': 22288.399999976158}",936713769666,5172174412,POINT (0.4081489458048683 0.0161678295638766),,,,,,,,,,,,,,,,,,,,,,,,,,,,,,,,,,,,,,,,,,,,,,,,,,,,,,,,,,,,,,,,,,,,,,,,,,,,,,,,,,,,,,,,,,,,,,,,,,,,,
0,15,28,"{'x': 783.6459759453472, 'y': 17.46125592898673, 'elapsedTime': 22288.399999976158}",936713786333,5172191079,POINT (0.4081489458048683 0.0161678295638766),,,,,,,,,,,,,,,,,,,,,,,,,,,,,,,,,,,,,,,,,,,,,,,,,,,,,,,,,,,,,,,,,,,,,,,,,,,,,,,,,,,,,,,,,,,,,,,,,,,,,
0,15,28,"{'x': 792.6769958106686, 'y': -74.70830326490336, 'elapsedTime': 22334.300000071526}",936713803001,5172207746,POINT (0.4128526019847232 -0.0691743548749105),,,,,,,,,,,,,,,,,,,,,,,,,,,,,,,,,,,,,,,,,,,,,,,,,,,,,,,,,,,,,,,,,,,,,,,,,,,,,,,,,,,,,,,,,,,,,,,,,,,,,
0,15,28,"{'x': 792.6769958106686, 'y': -74.70830326490336, 'elapsedTime': 22334.300000071526}",936713819667,5172224412,POINT (0.4128526019847232 -0.0691743548749105),,,,,,,,,,,,,,,,,,,,,,,,,,,,,,,,,,,,,,,,,,,,,,,,,,,,,,,,,,,,,,,,,,,,,,,,,,,,,,,,,,,,,,,,,,,,,,,,,,,,,
0,15,28,"{'x': 687.1079240258427, 'y': -84.1343410692854, 'elapsedTime': 22380.700000047684}",936713836338,5172241081,POINT (0.3578687104301264 -0.0779021676567457),,,,,,,,,,,,,,,,,,,,,,,,,,,,,,,,,,,,,,,,,,,,,,,,,,,,,,,,,,,,,,,,,,,,,,,,,,,,,,,,,,,,,,,,,,,,,,,,,,,,,
0,15,28,"{'x': 687.1079240258427, 'y': -84.1343410692854, 'elapsedTime': 22380.700000047684}",936713853007,5172257750,POINT (0.3578687104301264 -0.0779021676567457),,,,,,,,,,,,,,,,,,,,,,,,,,,,,,,,,,,,,,,,,,,,,,,,,,,,,,,,,,,,,,,,,,,,,,,,,,,,,,,,,,,,,,,,,,,,,,,,,,,,,
0,15,28,"{'x': 687.1079240258427, 'y': -84.1343410692854, 'elapsedTime': 22380.700000047684}",936713869676,5172274418,POINT (0.3578687104301264 -0.0779021676567457),,,,,,,,,,,,,,,,,,,,,,,,,,,,,,,,,,,,,,,,,,,,,,,,,,,,,,,,,,,,,,,,,,,,,,,,,,,,,,,,,,,,,,,,,,,,,,,,,,,,,
0,15,28,"{'x': 513.6098392799503, 'y': -38.32319549099391, 'elapsedTime': 22426.200000047684}",936713886343,5172291085,POINT (0.2675051246249741 -0.0354844402694388),,,,,,,,,,,,,,,,,,,,,,,,,,,,,,,,,,,,,,,,,,,,,,,,,,,,,,,,,,,,,,,,,,,,,,,,,,,,,,,,,,,,,,,,,,,,,,,,,,,,,
0,15,28,"{'x': 513.6098392799503, 'y': -38.32319549099391, 'elapsedTime': 22426.200000047684}",936713903011,5172307752,POINT (0.2675051246249741 -0.0354844402694388),,,,,,,,,,,,,,,,,,,,,,,,,,,,,,,,,,,,,,,,,,,,,,,,,,,,,,,,,,,,,,,,,,,,,,,,,,,,,,,,,,,,,,,,,,,,,,,,,,,,,
0,15,28,"{'x': 513.6098392799503, 'y': -38.32319549099391, 'elapsedTime': 22426.200000047684}",936713919677,5172324418,POINT (0.2675051246249741 -0.0354844402694388),,,,,,,,,,,,,,,,,,,,,,,,,,,,,,,,,,,,,,,,,,,,,,,,,,,,,,,,,,,,,,,,,,,,,,,,,,,,,,,,,,,,,,,,,,,,,,,,,,,,,
0,15,28,"{'x': 539.6795003456624, 'y': -124.27686807854987, 'elapsedTime': 22472.700000047684}",936713936345,5172341085,POINT (0.2810830730966992 -0.1150711741468054),,,,,,,,,,,,,,,,,,,,,,,,,,,,,,,,,,,,,,,,,,,,,,,,,,,,,,,,,,,,,,,,,,,,,,,,,,,,,,,,,,,,,,,,,,,,,,,,,,,,,
0,15,28,"{'x': 539.6795003456624, 'y': -124.27686807854987, 'elapsedTime': 22472.700000047684}",936713953011,5172357751,POINT (0.2810830730966992 -0.1150711741468054),,,,,,,,,,,,,,,,,,,,,,,,,,,,,,,,,,,,,,,,,,,,,,,,,,,,,,,,,,,,,,,,,,,,,,,,,,,,,,,,,,,,,,,,,,,,,,,,,,,,,
0,15,28,"{'x': 539.6795003456624, 'y': -124.27686807854987, 'elapsedTime': 22472.700000047684}",936713969679,5172374418,POINT (0.2810830730966992 -0.1150711741468054),,,,,,,,,,,,,,,,,,,,,,,,,,,,,,,,,,,,,,,,,,,,,,,,,,,,,,,,,,,,,,,,,,,,,,,,,,,,,,,,,,,,,,,,,,,,,,,,,,,,,
0,15,28,"{'x': 483.73208962474007, 'y': -60.06734386122288, 'elapsedTime': 22517.800000071526}",936713986348,5172391087,POINT (0.2519437966795521 -0.0556179109826138),,,,,,,,,,,,,,,,,,,,,,,,,,,,,,,,,,,,,,,,,,,,,,,,,,,,,,,,,,,,,,,,,,,,,,,,,,,,,,,,,,,,,,,,,,,,,,,,,,,,,
0,15,28,"{'x': 483.73208962474007, 'y': -60.06734386122288, 'elapsedTime': 22517.800000071526}",936714003013,5172407751,POINT (0.2519437966795521 -0.0556179109826138),,,,,,,,,,,,,,,,,,,,,,,,,,,,,,,,,,,,,,,,,,,,,,,,,,,,,,,,,,,,,,,,,,,,,,,,,,,,,,,,,,,,,,,,,,,,,,,,,,,,,
0,15,28,"{'x': 483.73208962474007, 'y': -60.06734386122288, 'elapsedTime': 22517.800000071526}",936714019680,5172424418,POINT (0.2519437966795521 -0.0556179109826138),,,,,,,,,,,,,,,,,,,,,,,,,,,,,,,,,,,,,,,,,,,,,,,,,,,,,,,,,,,,,,,,,,,,,,,,,,,,,,,,,,,,,,,,,,,,,,,,,,,,,
0,15,28,"{'x': 401.76140469543964, 'y': -54.58971278353319, 'elapsedTime': 22561.899999976158}",936714036348,5172441085,POINT (0.2092507316122081 -0.0505460303551233),,,,,,,,,,,,,,,,,,,,,,,,,,,,,,,,,,,,,,,,,,,,,,,,,,,,,,,,,,,,,,,,,,,,,,,,,,,,,,,,,,,,,,,,,,,,,,,,,,,,,
0,15,28,"{'x': 401.76140469543964, 'y': -54.58971278353319, 'elapsedTime': 22561.899999976158}",936714053016,5172457753,POINT (0.2092507316122081 -0.0505460303551233),,,,,,,,,,,,,,,,,,,,,,,,,,,,,,,,,,,,,,,,,,,,,,,,,,,,,,,,,,,,,,,,,,,,,,,,,,,,,,,,,,,,,,,,,,,,,,,,,,,,,
0,15,28,"{'x': 327.47299750902084, 'y': -48.67529384145706, 'elapsedTime': 22617.800000071526}",936714069684,5172474420,POINT (0.1705588528692817 -0.0450697165198676),,,,,,,,,,,,,,,,,,,,,,,,,,,,,,,,,,,,,,,,,,,,,,,,,,,,,,,,,,,,,,,,,,,,,,,,,,,,,,,,,,,,,,,,,,,,,,,,,,,,,
0,15,28,"{'x': 327.47299750902084, 'y': -48.67529384145706, 'elapsedTime': 22617.800000071526}",936714086351,5172491087,POINT (0.1705588528692817 -0.0450697165198676),,,,,,,,,,,,,,,,,,,,,,,,,,,,,,,,,,,,,,,,,,,,,,,,,,,,,,,,,,,,,,,,,,,,,,,,,,,,,,,,,,,,,,,,,,,,,,,,,,,,,
0,15,28,"{'x': 327.47299750902084, 'y': -48.67529384145706, 'elapsedTime': 22617.800000071526}",936714103016,5172507751,POINT (0.1705588528692817 -0.0450697165198676),,,,,,,,,,,,,,,,,,,,,,,,,,,,,,,,,,,,,,,,,,,,,,,,,,,,,,,,,,,,,,,,,,,,,,,,,,,,,,,,,,,,,,,,,,,,,,,,,,,,,
0,15,28,"{'x': 331.238015999065, 'y': -69.85273170223853, 'elapsedTime': 22662.5}",936714119691,5172524426,POINT (0.172519799999513 -0.0646784552798505),,,,,,,,,,,,,,,,,,,,,,,,,,,,,,,,,,,,,,,,,,,,,,,,,,,,,,,,,,,,,,,,,,,,,,,,,,,,,,,,,,,,,,,,,,,,,,,,,,,,,
0,15,28,"{'x': 331.238015999065, 'y': -69.85273170223853, 'elapsedTime': 22662.5}",936714136361,5172541095,POINT (0.172519799999513 -0.0646784552798505),,,,,,,,,,,,,,,,,,,,,,,,,,,,,,,,,,,,,,,,,,,,,,,,,,,,,,,,,,,,,,,,,,,,,,,,,,,,,,,,,,,,,,,,,,,,,,,,,,,,,
0,15,28,"{'x': 331.238015999065, 'y': -69.85273170223853, 'elapsedTime': 22662.5}",936714153027,5172557761,POINT (0.172519799999513 -0.0646784552798505),,,,,,,,,,,,,,,,,,,,,,,,,,,,,,,,,,,,,,,,,,,,,,,,,,,,,,,,,,,,,,,,,,,,,,,,,,,,,,,,,,,,,,,,,,,,,,,,,,,,,
0,15,28,"{'x': 372.8993048993479, 'y': -107.20765078302554, 'elapsedTime': 22709.700000047684}",936714169695,5172574428,POINT (0.1942183879684104 -0.0992663433176162),,,,,,,,,,,,,,,,,,,,,,,,,,,,,,,,,,,,,,,,,,,,,,,,,,,,,,,,,,,,,,,,,,,,,,,,,,,,,,,,,,,,,,,,,,,,,,,,,,,,,
0,15,28,"{'x': 372.8993048993479, 'y': -107.20765078302554, 'elapsedTime': 22709.700000047684}",936714186362,5172591095,POINT (0.1942183879684104 -0.0992663433176162),,,,,,,,,,,,,,,,,,,,,,,,,,,,,,,,,,,,,,,,,,,,,,,,,,,,,,,,,,,,,,,,,,,,,,,,,,,,,,,,,,,,,,,,,,,,,,,,,,,,,
0,15,28,"{'x': 372.8993048993479, 'y': -107.20765078302554, 'elapsedTime': 22709.700000047684}",936714203030,5172607761,POINT (0.1942183879684104 -0.0992663433176162),,,,,,,,,,,,,,,,,,,,,,,,,,,,,,,,,,,,,,,,,,,,,,,,,,,,,,,,,,,,,,,,,,,,,,,,,,,,,,,,,,,,,,,,,,,,,,,,,,,,,
0,15,28,"{'x': 328.7068398906323, 'y': -152.2796245500452, 'elapsedTime': 22760.300000071526}",936714219697,5172624428,POINT (0.1712014791097043 -0.140999652361153),,,,,,,,,,,,,,,,,,,,,,,,,,,,,,,,,,,,,,,,,,,,,,,,,,,,,,,,,,,,,,,,,,,,,,,,,,,,,,,,,,,,,,,,,,,,,,,,,,,,,
0,15,28,"{'x': 328.7068398906323, 'y': -152.2796245500452, 'elapsedTime': 22760.300000071526}",936714236364,5172641095,POINT (0.1712014791097043 -0.140999652361153),,,,,,,,,,,,,,,,,,,,,,,,,,,,,,,,,,,,,,,,,,,,,,,,,,,,,,,,,,,,,,,,,,,,,,,,,,,,,,,,,,,,,,,,,,,,,,,,,,,,,
0,15,28,"{'x': 328.7068398906323, 'y': -152.2796245500452, 'elapsedTime': 22760.300000071526}",936714253034,5172657764,POINT (0.1712014791097043 -0.140999652361153),,,,,,,,,,,,,,,,,,,,,,,,,,,,,,,,,,,,,,,,,,,,,,,,,,,,,,,,,,,,,,,,,,,,,,,,,,,,,,,,,,,,,,,,,,,,,,,,,,,,,
0,15,28,"{'x': 303.89774057787685, 'y': -160.4796037491067, 'elapsedTime': 22808.399999976158}",936714269701,5172674431,POINT (0.1582800732176442 -0.1485922256936173),,,,,,,,,,,,,,,,,,,,,,,,,,,,,,,,,,,,,,,,,,,,,,,,,,,,,,,,,,,,,,,,,,,,,,,,,,,,,,,,,,,,,,,,,,,,,,,,,,,,,
0,15,28,"{'x': 303.89774057787685, 'y': -160.4796037491067, 'elapsedTime': 22808.399999976158}",936714286371,5172691100,POINT (0.1582800732176442 -0.1485922256936173),,,,,,,,,,,,,,,,,,,,,,,,,,,,,,,,,,,,,,,,,,,,,,,,,,,,,,,,,,,,,,,,,,,,,,,,,,,,,,,,,,,,,,,,,,,,,,,,,,,,,
0,15,28,"{'x': 303.89774057787685, 'y': -160.4796037491067, 'elapsedTime': 22808.399999976158}",936714303037,5172707766,POINT (0.1582800732176442 -0.1485922256936173),,,,,,,,,,,,,,,,,,,,,,,,,,,,,,,,,,,,,,,,,,,,,,,,,,,,,,,,,,,,,,,,,,,,,,,,,,,,,,,,,,,,,,,,,,,,,,,,,,,,,
0,15,28,"{'x': 342.73723176141624, 'y': -131.01533306691945, 'elapsedTime': 22852.300000071526}",936714319705,5172724433,POINT (0.1785089748757376 -0.121310493580481),,,,,,,,,,,,,,,,,,,,,,,,,,,,,,,,,,,,,,,,,,,,,,,,,,,,,,,,,,,,,,,,,,,,,,,,,,,,,,,,,,,,,,,,,,,,,,,,,,,,,
0,15,28,"{'x': 342.73723176141624, 'y': -131.01533306691945, 'elapsedTime': 22852.300000071526}",936714336373,5172741100,POINT (0.1785089748757376 -0.121310493580481),,,,,,,,,,,,,,,,,,,,,,,,,,,,,,,,,,,,,,,,,,,,,,,,,,,,,,,,,,,,,,,,,,,,,,,,,,,,,,,,,,,,,,,,,,,,,,,,,,,,,
0,15,28,"{'x': 403.43552012142914, 'y': -84.8608529473197, 'elapsedTime': 22896.5}",936714353039,5172757766,POINT (0.210122666729911 -0.0785748638401108),,,,,,,,,,,,,,,,,,,,,,,,,,,,,,,,,,,,,,,,,,,,,,,,,,,,,,,,,,,,,,,,,,,,,,,,,,,,,,,,,,,,,,,,,,,,,,,,,,,,,
0,15,28,"{'x': 403.43552012142914, 'y': -84.8608529473197, 'elapsedTime': 22896.5}",936714369707,5172774433,POINT (0.210122666729911 -0.0785748638401108),,,,,,,,,,,,,,,,,,,,,,,,,,,,,,,,,,,,,,,,,,,,,,,,,,,,,,,,,,,,,,,,,,,,,,,,,,,,,,,,,,,,,,,,,,,,,,,,,,,,,
0,15,28,"{'x': 403.43552012142914, 'y': -84.8608529473197, 'elapsedTime': 22896.5}",936714386377,5172791103,POINT (0.210122666729911 -0.0785748638401108),,,,,,,,,,,,,,,,,,,,,,,,,,,,,,,,,,,,,,,,,,,,,,,,,,,,,,,,,,,,,,,,,,,,,,,,,,,,,,,,,,,,,,,,,,,,,,,,,,,,,
0,15,28,"{'x': 485.517332164331, 'y': -69.77432153739659, 'elapsedTime': 22943.899999976158}",936714403044,5172807769,POINT (0.2528736105022557 -0.0646058532753672),,,,,,,,,,,,,,,,,,,,,,,,,,,,,,,,,,,,,,,,,,,,,,,,,,,,,,,,,,,,,,,,,,,,,,,,,,,,,,,,,,,,,,,,,,,,,,,,,,,,,
0,15,28,"{'x': 485.517332164331, 'y': -69.77432153739659, 'elapsedTime': 22943.899999976158}",936714419711,5172824436,POINT (0.2528736105022557 -0.0646058532753672),,,,,,,,,,,,,,,,,,,,,,,,,,,,,,,,,,,,,,,,,,,,,,,,,,,,,,,,,,,,,,,,,,,,,,,,,,,,,,,,,,,,,,,,,,,,,,,,,,,,,
0,15,28,"{'x': 485.517332164331, 'y': -69.77432153739659, 'elapsedTime': 22943.899999976158}",936714436378,5172841102,POINT (0.2528736105022557 -0.0646058532753672),,,,,,,,,,,,,,,,,,,,,,,,,,,,,,,,,,,,,,,,,,,,,,,,,,,,,,,,,,,,,,,,,,,,,,,,,,,,,,,,,,,,,,,,,,,,,,,,,,,,,
0,15,28,"{'x': 484.47338360936516, 'y': -63.968030016468695, 'elapsedTime': 22989.899999976158}",936714453045,5172857769,POINT (0.2523298872965444 -0.0592296574226562),,,,,,,,,,,,,,,,,,,,,,,,,,,,,,,,,,,,,,,,,,,,,,,,,,,,,,,,,,,,,,,,,,,,,,,,,,,,,,,,,,,,,,,,,,,,,,,,,,,,,
0,15,28,"{'x': 484.47338360936516, 'y': -63.968030016468695, 'elapsedTime': 22989.899999976158}",936714469713,5172874436,POINT (0.2523298872965444 -0.0592296574226562),,,,,,,,,,,,,,,,,,,,,,,,,,,,,,,,,,,,,,,,,,,,,,,,,,,,,,,,,,,,,,,,,,,,,,,,,,,,,,,,,,,,,,,,,,,,,,,,,,,,,
0,15,28,"{'x': 484.47338360936516, 'y': -63.968030016468695, 'elapsedTime': 22989.899999976158}",936714486379,5172891102,POINT (0.2523298872965444 -0.0592296574226562),,,,,,,,,,,,,,,,,,,,,,,,,,,,,,,,,,,,,,,,,,,,,,,,,,,,,,,,,,,,,,,,,,,,,,,,,,,,,,,,,,,,,,,,,,,,,,,,,,,,,
0,15,28,"{'x': 495.0338475776752, 'y': -163.6755554105409, 'elapsedTime': 23035.399999976158}",936714503048,5172907770,POINT (0.2578301289467058 -0.1515514401949453),,,,,,,,,,,,,,,,,,,,,,,,,,,,,,,,,,,,,,,,,,,,,,,,,,,,,,,,,,,,,,,,,,,,,,,,,,,,,,,,,,,,,,,,,,,,,,,,,,,,,
0,15,28,"{'x': 495.0338475776752, 'y': -163.6755554105409, 'elapsedTime': 23035.399999976158}",936714519716,5172924438,POINT (0.2578301289467058 -0.1515514401949453),,,,,,,,,,,,,,,,,,,,,,,,,,,,,,,,,,,,,,,,,,,,,,,,,,,,,,,,,,,,,,,,,,,,,,,,,,,,,,,,,,,,,,,,,,,,,,,,,,,,,
0,15,28,"{'x': 495.0338475776752, 'y': -163.6755554105409, 'elapsedTime': 23035.399999976158}",936714536383,5172941104,POINT (0.2578301289467058 -0.1515514401949453),,,,,,,,,,,,,,,,,,,,,,,,,,,,,,,,,,,,,,,,,,,,,,,,,,,,,,,,,,,,,,,,,,,,,,,,,,,,,,,,,,,,,,,,,,,,,,,,,,,,,
0,15,28,"{'x': 415.88798034114836, 'y': -58.700813123179486, 'elapsedTime': 23082.399999976158}",936714553051,5172957771,POINT (0.2166083230943481 -0.0543526047436847),,,,,,,,,,,,,,,,,,,,,,,,,,,,,,,,,,,,,,,,,,,,,,,,,,,,,,,,,,,,,,,,,,,,,,,,,,,,,,,,,,,,,,,,,,,,,,,,,,,,,
0,15,28,"{'x': 415.88798034114836, 'y': -58.700813123179486, 'elapsedTime': 23082.399999976158}",936714569718,5172974438,POINT (0.2166083230943481 -0.0543526047436847),,,,,,,,,,,,,,,,,,,,,,,,,,,,,,,,,,,,,,,,,,,,,,,,,,,,,,,,,,,,,,,,,,,,,,,,,,,,,,,,,,,,,,,,,,,,,,,,,,,,,
0,15,28,"{'x': 403.3162479371994, 'y': 127.51543370682526, 'elapsedTime': 23128.100000023842}",936714586386,5172991105,POINT (0.2100605458006247 0.1180698460248382),,,,1,,,,,,,,,,,,,,,,,,,,,,,,,,,,,,,,,,,,,,,,,,,,,,,,,,,,,,,,,,,,,,,,,,,,,,,,,,,,,,,,,,,,,,,,,,,,,,,,,
0,15,28,"{'x': 403.3162479371994, 'y': 127.51543370682526, 'elapsedTime': 23128.100000023842}",936714603053,5173007772,POINT (0.2100605458006247 0.1180698460248382),,,,1,,,,,,,,,,,,,,,,,,,,,,,,,,,,,,,,,,,,,,,,,,,,,,,,,,,,,,,,,,,,,,,,,,,,,,,,,,,,,,,,,,,,,,,,,,,,,,,,,
0,15,28,"{'x': 403.3162479371994, 'y': 127.51543370682526, 'elapsedTime': 23128.100000023842}",936714619720,5173024438,POINT (0.2100605458006247 0.1180698460248382),,,,1,,,,,,,,,,,,,,,,,,,,,,,,,,,,,,,,,,,,,,,,,,,,,,,,,,,,,,,,,,,,,,,,,,,,,,,,,,,,,,,,,,,,,,,,,,,,,,,,,
0,15,28,"{'x': 402.46936391577964, 'y': 328.1888984477301, 'elapsedTime': 23173.399999976158}",936714636386,5173041104,POINT (0.2096194603728019 0.3038786096738241),,,,,,,,,,,,,,,,,,,,,,,,,,,,,,,,,,,,,,,,,,,,,,,,,,,,,,,,,,,,,,,,,,,,,,,,,,,,,,,,,,,,,,,,,,,,,,,,,,,,,
0,15,28,"{'x': 402.46936391577964, 'y': 328.1888984477301, 'elapsedTime': 23173.399999976158}",936714653062,5173057779,POINT (0.2096194603728019 0.3038786096738241),,,,,,,,,,,,,,,,,,,,,,,,,,,,,,,,,,,,,,,,,,,,,,,,,,,,,,,,,,,,,,,,,,,,,,,,,,,,,,,,,,,,,,,,,,,,,,,,,,,,,
0,15,28,"{'x': 402.46936391577964, 'y': 328.1888984477301, 'elapsedTime': 23173.399999976158}",936714669729,5173074446,POINT (0.2096194603728019 0.3038786096738241),,,,,,,,,,,,,,,,,,,,,,,,,,,,,,,,,,,,,,,,,,,,,,,,,,,,,,,,,,,,,,,,,,,,,,,,,,,,,,,,,,,,,,,,,,,,,,,,,,,,,
0,15,28,"{'x': 482.365496754571, 'y': 287.34831212664716, 'elapsedTime': 23220}",936714686397,5173091113,POINT (0.2512320295596724 0.2660632519691177),,,,,,,,,,,,,,,,,,,,,,,,,,,,,,,,,,,,,,,,,,,,,,,,,,,,,,,,,,,,,,,,,,,,,,,,,,,,,,,,,,,,,,,,,,,,,,,,,,,,1,
0,15,28,"{'x': 482.365496754571, 'y': 287.34831212664716, 'elapsedTime': 23220}",936714703063,5173107779,POINT (0.2512320295596724 0.2660632519691177),,,,,,,,,,,,,,,,,,,,,,,,,,,,,,,,,,,,,,,,,,,,,,,,,,,,,,,,,,,,,,,,,,,,,,,,,,,,,,,,,,,,,,,,,,,,,,,,,,,,1,
0,15,28,"{'x': 398.1188430346772, 'y': 367.34428713835507, 'elapsedTime': 23264.300000071526}",936714719731,5173124446,POINT (0.207353564080561 0.3401335992021806),,,,,,,,,,,,,,,,,,,,,,,,,,,,,,,,,,,,,,,,,,,,,,,,,,,,,,,,,,,,,,,,,,,,,,,,,,,,,,,,,,,,,,,,,,,,,,,,,,,,,
0,15,28,"{'x': 398.1188430346772, 'y': 367.34428713835507, 'elapsedTime': 23264.300000071526}",936714736397,5173141112,POINT (0.207353564080561 0.3401335992021806),,,,,,,,,,,,,,,,,,,,,,,,,,,,,,,,,,,,,,,,,,,,,,,,,,,,,,,,,,,,,,,,,,,,,,,,,,,,,,,,,,,,,,,,,,,,,,,,,,,,,
0,15,28,"{'x': 398.1188430346772, 'y': 367.34428713835507, 'elapsedTime': 23264.300000071526}",936714753065,5173157779,POINT (0.207353564080561 0.3401335992021806),,,,,,,,,,,,,,,,,,,,,,,,,,,,,,,,,,,,,,,,,,,,,,,,,,,,,,,,,,,,,,,,,,,,,,,,,,,,,,,,,,,,,,,,,,,,,,,,,,,,,
0,15,28,"{'x': 394.8270951819678, 'y': 313.0358673080806, 'elapsedTime': 23316.5}",936714769739,5173174453,POINT (0.2056391120739416 0.2898480252852598),,,,,,,,,,,,,,,,,,,,,,,,,,,,,,,,,,,,,,,,,,,,,,,,,,,,,,,,,,,,,,,,,,,,,,,,,,,,,,,,,,,,,,,,,,,,,,,,,,,1,,
0,15,28,"{'x': 394.8270951819678, 'y': 313.0358673080806, 'elapsedTime': 23316.5}",936714786407,5173191120,POINT (0.2056391120739416 0.2898480252852598),,,,,,,,,,,,,,,,,,,,,,,,,,,,,,,,,,,,,,,,,,,,,,,,,,,,,,,,,,,,,,,,,,,,,,,,,,,,,,,,,,,,,,,,,,,,,,,,,,,1,,
0,15,28,"{'x': 394.8270951819678, 'y': 313.0358673080806, 'elapsedTime': 23316.5}",936714803073,5173207786,POINT (0.2056391120739416 0.2898480252852598),,,,,,,,,,,,,,,,,,,,,,,,,,,,,,,,,,,,,,,,,,,,,,,,,,,,,,,,,,,,,,,,,,,,,,,,,,,,,,,,,,,,,,,,,,,,,,,,,,,1,,
0,15,28,"{'x': 312.9735013750916, 'y': 241.81684852236208, 'elapsedTime': 23361.600000023842}",936714819741,5173224453,POINT (0.1630070319661935 0.2239044893725575),,,,,,,,,,,,,,,,,,,,,,,,,,,,,,,,,,,,,,,,,,,,,,,,,,,,,,,,,,,,,,,,,,,,,,,,,,,,,,,,,,,,,,,,,,,,,,,,,,,,1,
0,15,28,"{'x': 312.9735013750916, 'y': 241.81684852236208, 'elapsedTime': 23361.600000023842}",936714836408,5173241120,POINT (0.1630070319661935 0.2239044893725575),,,,,,,,,,,,,,,,,,,,,,,,,,,,,,,,,,,,,,,,,,,,,,,,,,,,,,,,,,,,,,,,,,,,,,,,,,,,,,,,,,,,,,,,,,,,,,,,,,,,1,
0,15,28,"{'x': 312.9735013750916, 'y': 241.81684852236208, 'elapsedTime': 23361.600000023842}",936714853075,5173257786,POINT (0.1630070319661935 0.2239044893725575),,,,,,,,,,,,,,,,,,,,,,,,,,,,,,,,,,,,,,,,,,,,,,,,,,,,,,,,,,,,,,,,,,,,,,,,,,,,,,,,,,,,,,,,,,,,,,,,,,,,1,
0,15,28,"{'x': 332.0424146187884, 'y': 265.53290230202634, 'elapsedTime': 23407.5}",936714869742,5173274453,POINT (0.1729387576139523 0.2458637984278022),,,,,,,,,,,,,,,,,,,,,,,,,,,,,,,,,,,,,,,,,,,,,,,,,,,,,,,,,,,,,,,,,,,,,,,,,,,,,,,,,,,,,,,,,,,,,,,,,,,,,
0,15,28,"{'x': 332.0424146187884, 'y': 265.53290230202634, 'elapsedTime': 23407.5}",936714886410,5173291120,POINT (0.1729387576139523 0.2458637984278022),,,,,,,,,,,,,,,,,,,,,,,,,,,,,,,,,,,,,,,,,,,,,,,,,,,,,,,,,,,,,,,,,,,,,,,,,,,,,,,,,,,,,,,,,,,,,,,,,,,,,
0,15,28,"{'x': 332.0424146187884, 'y': 265.53290230202634, 'elapsedTime': 23407.5}",936714903077,5173307787,POINT (0.1729387576139523 0.2458637984278022),,,,,,,,,,,,,,,,,,,,,,,,,,,,,,,,,,,,,,,,,,,,,,,,,,,,,,,,,,,,,,,,,,,,,,,,,,,,,,,,,,,,,,,,,,,,,,,,,,,,,
0,15,28,"{'x': 259.6833127068704, 'y': 198.71265069881082, 'elapsedTime': 23453.5}",936714919746,5173324454,POINT (0.1352517253681617 0.1839931950914915),,,,,,,,,,,,,,,,,,,,,,,,,,,,,,,,,,,,,,,,,,,,,,,,,,,,,,,,,,,,,,,,,,,,,,,,,,,,,,,,,,,,,,,,,,,,,,,,,,,,,
0,15,28,"{'x': 259.6833127068704, 'y': 198.71265069881082, 'elapsedTime': 23453.5}",936714936413,5173341121,POINT (0.1352517253681617 0.1839931950914915),,,,,,,,,,,,,,,,,,,,,,,,,,,,,,,,,,,,,,,,,,,,,,,,,,,,,,,,,,,,,,,,,,,,,,,,,,,,,,,,,,,,,,,,,,,,,,,,,,,,,
0,15,28,"{'x': 259.6833127068704, 'y': 198.71265069881082, 'elapsedTime': 23453.5}",936714953080,5173357787,POINT (0.1352517253681617 0.1839931950914915),,,,,,,,,,,,,,,,,,,,,,,,,,,,,,,,,,,,,,,,,,,,,,,,,,,,,,,,,,,,,,,,,,,,,,,,,,,,,,,,,,,,,,,,,,,,,,,,,,,,,
0,15,28,"{'x': 226.23349869592943, 'y': 169.19379739087353, 'elapsedTime': 23501.5}",936714969747,5173374454,POINT (0.1178299472374632 0.1566609235100681),,,,,,,,,,,,,,,,,,,,,,,,,,,,,,,,,,,,,,,,,,,,,,,,,,,,,,,,,,,,,,,,,,,,,,,,,,,,,,,,,,,,,,,,,,,,,,,,,,,,,
0,15,28,"{'x': 226.23349869592943, 'y': 169.19379739087353, 'elapsedTime': 23501.5}",936714986415,5173391121,POINT (0.1178299472374632 0.1566609235100681),,,,,,,,,,,,,,,,,,,,,,,,,,,,,,,,,,,,,,,,,,,,,,,,,,,,,,,,,,,,,,,,,,,,,,,,,,,,,,,,,,,,,,,,,,,,,,,,,,,,,
0,15,28,"{'x': 226.23349869592943, 'y': 169.19379739087353, 'elapsedTime': 23501.5}",936715003081,5173407787,POINT (0.1178299472374632 0.1566609235100681),,,,,,,,,,,,,,,,,,,,,,,,,,,,,,,,,,,,,,,,,,,,,,,,,,,,,,,,,,,,,,,,,,,,,,,,,,,,,,,,,,,,,,,,,,,,,,,,,,,,,
0,15,28,"{'x': 207.2482152802202, 'y': 147.173239627178, 'elapsedTime': 23547.399999976158}",936715019749,5173424454,POINT (0.1079417787917814 0.136271518173313),,1,,,,,,,,,,,,,,,,,,,,,,,,,,,,,,,,,,,,,,,,,,,,,,,,,,,,,,,,,,,,,,,,,,,,,,,,,,,,,,,,,,,,,,,,,,,,,,,,,,,
0,15,28,"{'x': 207.2482152802202, 'y': 147.173239627178, 'elapsedTime': 23547.399999976158}",936715036421,5173441126,POINT (0.1079417787917814 0.136271518173313),,1,,,,,,,,,,,,,,,,,,,,,,,,,,,,,,,,,,,,,,,,,,,,,,,,,,,,,,,,,,,,,,,,,,,,,,,,,,,,,,,,,,,,,,,,,,,,,,,,,,,
0,15,28,"{'x': 207.2482152802202, 'y': 147.173239627178, 'elapsedTime': 23547.399999976158}",936715053088,5173457792,POINT (0.1079417787917814 0.136271518173313),,1,,,,,,,,,,,,,,,,,,,,,,,,,,,,,,,,,,,,,,,,,,,,,,,,,,,,,,,,,,,,,,,,,,,,,,,,,,,,,,,,,,,,,,,,,,,,,,,,,,,
0,15,28,"{'x': 138.73508870829176, 'y': 137.61234254512735, 'elapsedTime': 23605.800000071526}",936715069755,5173474459,POINT (0.0722578587022353 0.1274188356899327),,,,,,,,,,,,,,,,,,,,,,,,,,,,,,,,,,,,,,,,,,,,,,,,,,,,,,,,,,,,,,,,,,,,,,,,,,,,,,,,,,,,,,,,,,,,,,,,,,,,,
0,15,28,"{'x': 138.73508870829176, 'y': 137.61234254512735, 'elapsedTime': 23605.800000071526}",936715086423,5173491126,POINT (0.0722578587022353 0.1274188356899327),,,,,,,,,,,,,,,,,,,,,,,,,,,,,,,,,,,,,,,,,,,,,,,,,,,,,,,,,,,,,,,,,,,,,,,,,,,,,,,,,,,,,,,,,,,,,,,,,,,,,
0,15,28,"{'x': 138.73508870829176, 'y': 137.61234254512735, 'elapsedTime': 23605.800000071526}",936715103089,5173507792,POINT (0.0722578587022353 0.1274188356899327),,,,,,,,,,,,,,,,,,,,,,,,,,,,,,,,,,,,,,,,,,,,,,,,,,,,,,,,,,,,,,,,,,,,,,,,,,,,,,,,,,,,,,,,,,,,,,,,,,,,,
0,15,28,"{'x': 127.76706002386628, 'y': 154.98149040409828, 'elapsedTime': 23655.100000023842}",936715119757,5173524459,POINT (0.0665453437624304 0.1435013800037947),,,,,,,,,,,,,,,,,,,,,,,,,,,,,,,,,,,,,,,,,,,,,,,,,,,,,,,,,,,,,,,,,,,,,,,,,,,,,,,,,,,,,,,,,,,,,,,,,,,,,
0,15,28,"{'x': 127.76706002386628, 'y': 154.98149040409828, 'elapsedTime': 23655.100000023842}",936715136424,5173541126,POINT (0.0665453437624304 0.1435013800037947),,,,,,,,,,,,,,,,,,,,,,,,,,,,,,,,,,,,,,,,,,,,,,,,,,,,,,,,,,,,,,,,,,,,,,,,,,,,,,,,,,,,,,,,,,,,,,,,,,,,,
0,15,28,"{'x': 127.76706002386628, 'y': 154.98149040409828, 'elapsedTime': 23655.100000023842}",936715153091,5173557792,POINT (0.0665453437624304 0.1435013800037947),,,,,,,,,,,,,,,,,,,,,,,,,,,,,,,,,,,,,,,,,,,,,,,,,,,,,,,,,,,,,,,,,,,,,,,,,,,,,,,,,,,,,,,,,,,,,,,,,,,,,
0,15,28,"{'x': 147.12728208375827, 'y': 154.2577210692801, 'elapsedTime': 23700.399999976158}",936715169762,5173574463,POINT (0.0766287927519574 0.1428312232122964),,,,,,,,,,,,,,,,,,,,,,,,,,,,,,,,,,,,,,,,,,,,,,,,,,,,,,,,,,,,,,,,,,,,,,,,,,,,,,,,,,,,,,,,,,,,,,,,,,,,,
0,15,28,"{'x': 147.12728208375827, 'y': 154.2577210692801, 'elapsedTime': 23700.399999976158}",936715186430,5173591130,POINT (0.0766287927519574 0.1428312232122964),,,,,,,,,,,,,,,,,,,,,,,,,,,,,,,,,,,,,,,,,,,,,,,,,,,,,,,,,,,,,,,,,,,,,,,,,,,,,,,,,,,,,,,,,,,,,,,,,,,,,
0,15,28,"{'x': 178.8688435815312, 'y': 119.20490818998644, 'elapsedTime': 23744}",936715203096,5173607796,POINT (0.0931608560320475 0.1103749149907282),,,,,,,,,,,,,,,,,,,,,,,,,,,,,,,,,,,,,,,,,,,,,,,,,,,,,,,,,,,,,,,,,,,,,,,,,,,,,,,,,,,,,,,,,,,,,,,,,,,,,
0,15,28,"{'x': 178.8688435815312, 'y': 119.20490818998644, 'elapsedTime': 23744}",936715219764,5173624463,POINT (0.0931608560320475 0.1103749149907282),,,,,,,,,,,,,,,,,,,,,,,,,,,,,,,,,,,,,,,,,,,,,,,,,,,,,,,,,,,,,,,,,,,,,,,,,,,,,,,,,,,,,,,,,,,,,,,,,,,,,
0,15,28,"{'x': 178.8688435815312, 'y': 119.20490818998644, 'elapsedTime': 23744}",936715236430,5173641129,POINT (0.0931608560320475 0.1103749149907282),,,,,,,,,,,,,,,,,,,,,,,,,,,,,,,,,,,,,,,,,,,,,,,,,,,,,,,,,,,,,,,,,,,,,,,,,,,,,,,,,,,,,,,,,,,,,,,,,,,,,
0,15,28,"{'x': 280.2913201857908, 'y': 147.09325034842897, 'elapsedTime': 23789.100000023842}",936715253098,5173657796,POINT (0.145985062596766 0.1361974540263231),,,1,,,,,,,,,,,,,,,,,,,,,,,,,,,,,,,,,,,,,,,,,,,,,,,,,,,,,,,,,,,,,,,,,,,,,,,,,,,,,,,,,,,,,,,,,,,,,,,,,,
0,15,28,"{'x': 280.2913201857908, 'y': 147.09325034842897, 'elapsedTime': 23789.100000023842}",936715269764,5173674461,POINT (0.145985062596766 0.1361974540263231),,,1,,,,,,,,,,,,,,,,,,,,,,,,,,,,,,,,,,,,,,,,,,,,,,,,,,,,,,,,,,,,,,,,,,,,,,,,,,,,,,,,,,,,,,,,,,,,,,,,,,
0,15,28,"{'x': 280.2913201857908, 'y': 147.09325034842897, 'elapsedTime': 23789.100000023842}",936715286431,5173691127,POINT (0.145985062596766 0.1361974540263231),,,1,,,,,,,,,,,,,,,,,,,,,,,,,,,,,,,,,,,,,,,,,,,,,,,,,,,,,,,,,,,,,,,,,,,,,,,,,,,,,,,,,,,,,,,,,,,,,,,,,,
0,15,28,"{'x': 291.93927472166115, 'y': 203.152473143498, 'elapsedTime': 23834.700000047684}",936715303105,5173707801,POINT (0.1520517055841985 0.1881041417995352),,,,,,,,,,,,,,,,,,,,,,,,,,,,,,,,,,,,,,,,,,,,,,,,,,,,,,,,,,,,,,,,,,,,,,,,,,,,,,,,,,,,,,,,,,,,,,,,,,,,,
0,15,28,"{'x': 291.93927472166115, 'y': 203.152473143498, 'elapsedTime': 23834.700000047684}",936715319773,5173724468,POINT (0.1520517055841985 0.1881041417995352),,,,,,,,,,,,,,,,,,,,,,,,,,,,,,,,,,,,,,,,,,,,,,,,,,,,,,,,,,,,,,,,,,,,,,,,,,,,,,,,,,,,,,,,,,,,,,,,,,,,,
0,15,28,"{'x': 291.93927472166115, 'y': 203.152473143498, 'elapsedTime': 23834.700000047684}",936715336439,5173741134,POINT (0.1520517055841985 0.1881041417995352),,,,,,,,,,,,,,,,,,,,,,,,,,,,,,,,,,,,,,,,,,,,,,,,,,,,,,,,,,,,,,,,,,,,,,,,,,,,,,,,,,,,,,,,,,,,,,,,,,,,,
0,15,28,"{'x': 411.1795677973421, 'y': 231.0232145046072, 'elapsedTime': 23879.899999976158}",936715353107,5173757801,POINT (0.214156024894449 0.2139103838005622),,,,,,,,,,,,,,,,,,,,,,,,,,,,,,,,,,,,,,,,,,,,,,,,,,,,,,,,,,,,,,,,,,,,,,,,,,,,,,,,,,,,,,,,,,,,,,,,,,,,1,
0,15,28,"{'x': 411.1795677973421, 'y': 231.0232145046072, 'elapsedTime': 23879.899999976158}",936715369774,5173774468,POINT (0.214156024894449 0.2139103838005622),,,,,,,,,,,,,,,,,,,,,,,,,,,,,,,,,,,,,,,,,,,,,,,,,,,,,,,,,,,,,,,,,,,,,,,,,,,,,,,,,,,,,,,,,,,,,,,,,,,,1,
0,15,28,"{'x': 437.2553729964609, 'y': 238.4157600675113, 'elapsedTime': 23930.600000023842}",936715386441,5173791134,POINT (0.2277371734356567 0.2207553333958438),,,,,,,,,,,,,,,,,,,,,,,,,,,,,,,,,,,,,,,,,,,,,,,,,,,,,,,,,,,,,,,,,,,,,,,,,,,,,,,,,,,,,,,,,,,,,,,,,,,,1,
0,15,28,"{'x': 437.2553729964609, 'y': 238.4157600675113, 'elapsedTime': 23930.600000023842}",936715403108,5173807801,POINT (0.2277371734356567 0.2207553333958438),,,,,,,,,,,,,,,,,,,,,,,,,,,,,,,,,,,,,,,,,,,,,,,,,,,,,,,,,,,,,,,,,,,,,,,,,,,,,,,,,,,,,,,,,,,,,,,,,,,,1,
0,15,28,"{'x': 437.2553729964609, 'y': 238.4157600675113, 'elapsedTime': 23930.600000023842}",936715419775,5173824467,POINT (0.2277371734356567 0.2207553333958438),,,,,,,,,,,,,,,,,,,,,,,,,,,,,,,,,,,,,,,,,,,,,,,,,,,,,,,,,,,,,,,,,,,,,,,,,,,,,,,,,,,,,,,,,,,,,,,,,,,,1,
0,15,28,"{'x': 449.7467806209642, 'y': 203.19442961721666, 'elapsedTime': 23979.399999976158}",936715436447,5173841139,POINT (0.2342431149067522 0.1881429903863117),,,,,,,,,,,,,,,,1,,,,,,,,,,,,,,,,,,,,,,,,,,,,,,,,,,,,,,,,,,,,,,,,,,,,,,,,,,,,,,,,,,,,,,,,,,,,,,,,,,,,,
0,15,28,"{'x': 449.7467806209642, 'y': 203.19442961721666, 'elapsedTime': 23979.399999976158}",936715453114,5173857805,POINT (0.2342431149067522 0.1881429903863117),,,,,,,,,,,,,,,,1,,,,,,,,,,,,,,,,,,,,,,,,,,,,,,,,,,,,,,,,,,,,,,,,,,,,,,,,,,,,,,,,,,,,,,,,,,,,,,,,,,,,,
0,15,28,"{'x': 449.7467806209642, 'y': 203.19442961721666, 'elapsedTime': 23979.399999976158}",936715469781,5173874472,POINT (0.2342431149067522 0.1881429903863117),,,,,,,,,,,,,,,,1,,,,,,,,,,,,,,,,,,,,,,,,,,,,,,,,,,,,,,,,,,,,,,,,,,,,,,,,,,,,,,,,,,,,,,,,,,,,,,,,,,,,,
0,15,28,"{'x': 445.6712112802445, 'y': 164.7823500697533, 'elapsedTime': 24024.5}",936715486449,5173891139,POINT (0.232120422541794 0.1525762500645864),,,,,,,,,,,,,,,,,,,,,,,,,,,,,,,,,,,,,,,,,,,,,,,,,,,,,,,,,,,,,,,,,,,,,,,,,,,,,,,,,,,,,,,,,,,,,,,,,,,1,,
0,15,28,"{'x': 445.6712112802445, 'y': 164.7823500697533, 'elapsedTime': 24024.5}",936715503116,5173907806,POINT (0.232120422541794 0.1525762500645864),,,,,,,,,,,,,,,,,,,,,,,,,,,,,,,,,,,,,,,,,,,,,,,,,,,,,,,,,,,,,,,,,,,,,,,,,,,,,,,,,,,,,,,,,,,,,,,,,,,1,,
0,15,28,"{'x': 445.6712112802445, 'y': 164.7823500697533, 'elapsedTime': 24024.5}",936715519783,5173924472,POINT (0.232120422541794 0.1525762500645864),,,,,,,,,,,,,,,,,,,,,,,,,,,,,,,,,,,,,,,,,,,,,,,,,,,,,,,,,,,,,,,,,,,,,,,,,,,,,,,,,,,,,,,,,,,,,,,,,,,1,,
0,15,28,"{'x': 501.24821338588015, 'y': 222.3129836200544, 'elapsedTime': 24074.200000047684}",936715536450,5173941139,POINT (0.2610667778051459 0.2058453552037541),,,,,,,,,,,,,,,,,,,,,,,,,,,,,,,,,,,,,,,,,,,,,,,,,,,,,,,,,,,,,,,,,,,,,,,,,,,,,,,,,,,,,,,,,,,,,,,,,,,,,
0,15,28,"{'x': 501.24821338588015, 'y': 222.3129836200544, 'elapsedTime': 24074.200000047684}",936715553117,5173957805,POINT (0.2610667778051459 0.2058453552037541),,,,,,,,,,,,,,,,,,,,,,,,,,,,,,,,,,,,,,,,,,,,,,,,,,,,,,,,,,,,,,,,,,,,,,,,,,,,,,,,,,,,,,,,,,,,,,,,,,,,,
0,15,28,"{'x': 501.24821338588015, 'y': 222.3129836200544, 'elapsedTime': 24074.200000047684}",936715569789,5173974477,POINT (0.2610667778051459 0.2058453552037541),,,,,,,,,,,,,,,,,,,,,,,,,,,,,,,,,,,,,,,,,,,,,,,,,,,,,,,,,,,,,,,,,,,,,,,,,,,,,,,,,,,,,,,,,,,,,,,,,,,,,
0,15,28,"{'x': 505.902930591313, 'y': 263.9611429808908, 'elapsedTime': 24120}",936715586457,5173991144,POINT (0.2634911096829755 0.2444084657230471),,,,,,,,,,,,,,,,,,,,,,,,,,,,,,,,,,,,,,,,,,,,,,,,,,,,,,,,,,,,,,,,,,,,,,,,,,,,,,,,,,,,,,,,,,,,,,,,,,,,1,
0,15,28,"{'x': 505.902930591313, 'y': 263.9611429808908, 'elapsedTime': 24120}",936715603123,5174007810,POINT (0.2634911096829755 0.2444084657230471),,,,,,,,,,,,,,,,,,,,,,,,,,,,,,,,,,,,,,,,,,,,,,,,,,,,,,,,,,,,,,,,,,,,,,,,,,,,,,,,,,,,,,,,,,,,,,,,,,,,1,
0,15,28,"{'x': 505.902930591313, 'y': 263.9611429808908, 'elapsedTime': 24120}",936715619792,5174024478,POINT (0.2634911096829755 0.2444084657230471),,,,,,,,,,,,,,,,,,,,,,,,,,,,,,,,,,,,,,,,,,,,,,,,,,,,,,,,,,,,,,,,,,,,,,,,,,,,,,,,,,,,,,,,,,,,,,,,,,,,1,
0,15,28,"{'x': 490.71426999255004, 'y': 240.57046960570722, 'elapsedTime': 24165.800000071526}",936715636459,5174041144,POINT (0.2555803489544531 0.2227504348200993),,,,,,,,,,,,,,,,,,,,,,,,,,,,,,,,,,,,,,,,,,,,,,,,,,,,,,,,,,,,,,,,,,,,,,,,,,,,,,,,,,,,,,,,,,,,,,,,,,,,1,
0,15,28,"{'x': 490.71426999255004, 'y': 240.57046960570722, 'elapsedTime': 24165.800000071526}",936715653126,5174057810,POINT (0.2555803489544531 0.2227504348200993),,,,,,,,,,,,,,,,,,,,,,,,,,,,,,,,,,,,,,,,,,,,,,,,,,,,,,,,,,,,,,,,,,,,,,,,,,,,,,,,,,,,,,,,,,,,,,,,,,,,1,
0,15,28,"{'x': 397.47513266873574, 'y': 284.3032466825264, 'elapsedTime': 24212.600000023842}",936715669794,5174074478,POINT (0.2070182982649665 0.2632437469282652),,,,,,,,,,,,,,,,,,,,,,,,,,,,,,,,,,,,,,,,,,,,,,,,,,,,,,,,,,,,,,,,,,,,,,,,,,,,,,,,,,,,,,,,,,,,,,,,,,,,,
0,15,28,"{'x': 397.47513266873574, 'y': 284.3032466825264, 'elapsedTime': 24212.600000023842}",936715686465,5174091148,POINT (0.2070182982649665 0.2632437469282652),,,,,,,,,,,,,,,,,,,,,,,,,,,,,,,,,,,,,,,,,,,,,,,,,,,,,,,,,,,,,,,,,,,,,,,,,,,,,,,,,,,,,,,,,,,,,,,,,,,,,
0,15,28,"{'x': 397.47513266873574, 'y': 284.3032466825264, 'elapsedTime': 24212.600000023842}",936715703132,5174107815,POINT (0.2070182982649665 0.2632437469282652),,,,,,,,,,,,,,,,,,,,,,,,,,,,,,,,,,,,,,,,,,,,,,,,,,,,,,,,,,,,,,,,,,,,,,,,,,,,,,,,,,,,,,,,,,,,,,,,,,,,,
0,15,28,"{'x': 503.62695292234037, 'y': 250.6364153278897, 'elapsedTime': 24257.5}",936715719799,5174124481,POINT (0.2623057046470523 0.2320707549332312),,,,,,,,,,,,,,,,,,,,,,,,,,,,,,,,,,,,,,,,,,,,,,,,,,,,,,,,,,,,,,,,,,,,,,,,,,,,,,,,,,,,,,,,,,,,,,,,,,,,1,
0,15,28,"{'x': 503.62695292234037, 'y': 250.6364153278897, 'elapsedTime': 24257.5}",936715736466,5174141148,POINT (0.2623057046470523 0.2320707549332312),,,,,,,,,,,,,,,,,,,,,,,,,,,,,,,,,,,,,,,,,,,,,,,,,,,,,,,,,,,,,,,,,,,,,,,,,,,,,,,,,,,,,,,,,,,,,,,,,,,,1,
0,15,28,"{'x': 503.62695292234037, 'y': 250.6364153278897, 'elapsedTime': 24257.5}",936715753134,5174157815,POINT (0.2623057046470523 0.2320707549332312),,,,,,,,,,,,,,,,,,,,,,,,,,,,,,,,,,,,,,,,,,,,,,,,,,,,,,,,,,,,,,,,,,,,,,,,,,,,,,,,,,,,,,,,,,,,,,,,,,,,1,
0,15,28,"{'x': 587.175173345767, 'y': 219.37417247109292, 'elapsedTime': 24306.899999976158}",936715769800,5174174481,POINT (0.3058204027842536 0.2031242337695305),,,,,,,,,,,,,,,,,,,,,,,,,,,,,,,,,,,,,,,,,,,,,,,,,,,,,,,,,,,,,,,,,,,,,,,,,,,,,,,,,,,,,,,,,,,,,,,,,,,,,
0,15,28,"{'x': 587.175173345767, 'y': 219.37417247109292, 'elapsedTime': 24306.899999976158}",936715786468,5174191148,POINT (0.3058204027842536 0.2031242337695305),,,,,,,,,,,,,,,,,,,,,,,,,,,,,,,,,,,,,,,,,,,,,,,,,,,,,,,,,,,,,,,,,,,,,,,,,,,,,,,,,,,,,,,,,,,,,,,,,,,,,
0,15,28,"{'x': 587.175173345767, 'y': 219.37417247109292, 'elapsedTime': 24306.899999976158}",936715803135,5174207815,POINT (0.3058204027842536 0.2031242337695305),,,,,,,,,,,,,,,,,,,,,,,,,,,,,,,,,,,,,,,,,,,,,,,,,,,,,,,,,,,,,,,,,,,,,,,,,,,,,,,,,,,,,,,,,,,,,,,,,,,,,
0,15,28,"{'x': 618.5485534692076, 'y': 151.14561066046298, 'elapsedTime': 24353}",936715819808,5174224487,POINT (0.322160704931879 0.1399496395004287),,,,,,,,,,,,,,,,,,,,,,,,,,,,,,,,,,,,,,,,,,,,,,,,,,,,,,,,,,,,,,,,,,,,,,,,,,,,,,,,,,,,,,,,,,,,,,,,,,,1,,
0,15,28,"{'x': 618.5485534692076, 'y': 151.14561066046298, 'elapsedTime': 24353}",936715836475,5174241154,POINT (0.322160704931879 0.1399496395004287),,,,,,,,,,,,,,,,,,,,,,,,,,,,,,,,,,,,,,,,,,,,,,,,,,,,,,,,,,,,,,,,,,,,,,,,,,,,,,,,,,,,,,,,,,,,,,,,,,,1,,
0,15,28,"{'x': 543.1683879495449, 'y': 132.195787822682, 'elapsedTime': 24398.399999976158}",936715853142,5174257820,POINT (0.2829002020570546 0.1224035072432241),,,,,,1,,,,,,,,,,,,,,,,,,,,,,,,,,,,,,,,,,,,,,,,,,,,,,,,,,,,,,,,,,,,,,,,,,,,,,,,,,,,,,,,,,,,,,,,,,,,,,,
0,15,28,"{'x': 543.1683879495449, 'y': 132.195787822682, 'elapsedTime': 24398.399999976158}",936715869809,5174274487,POINT (0.2829002020570546 0.1224035072432241),,,,,,1,,,,,,,,,,,,,,,,,,,,,,,,,,,,,,,,,,,,,,,,,,,,,,,,,,,,,,,,,,,,,,,,,,,,,,,,,,,,,,,,,,,,,,,,,,,,,,,
0,15,28,"{'x': 543.1683879495449, 'y': 132.195787822682, 'elapsedTime': 24398.399999976158}",936715886477,5174291154,POINT (0.2829002020570546 0.1224035072432241),,,,,,1,,,,,,,,,,,,,,,,,,,,,,,,,,,,,,,,,,,,,,,,,,,,,,,,,,,,,,,,,,,,,,,,,,,,,,,,,,,,,,,,,,,,,,,,,,,,,,,
0,15,28,"{'x': 533.4538820701205, 'y': 90.59021199478508, 'elapsedTime': 24444.300000071526}",936715903143,5174307820,POINT (0.2778405635781878 0.0838798259210973),,,,,,,,,,,,,,,,,,,,,,,,,,,,,,,,,,,,,,,,,,,,,,,,,,,,,,,,,,,,,,,,,,,,,,,,,,,,,,,,,,,,,,,,,,,,,,,,,,,,,
0,15,28,"{'x': 533.4538820701205, 'y': 90.59021199478508, 'elapsedTime': 24444.300000071526}",936715919811,5174324487,POINT (0.2778405635781878 0.0838798259210973),,,,,,,,,,,,,,,,,,,,,,,,,,,,,,,,,,,,,,,,,,,,,,,,,,,,,,,,,,,,,,,,,,,,,,,,,,,,,,,,,,,,,,,,,,,,,,,,,,,,,
0,15,28,"{'x': 533.4538820701205, 'y': 90.59021199478508, 'elapsedTime': 24444.300000071526}",936715936478,5174341154,POINT (0.2778405635781878 0.0838798259210973),,,,,,,,,,,,,,,,,,,,,,,,,,,,,,,,,,,,,,,,,,,,,,,,,,,,,,,,,,,,,,,,,,,,,,,,,,,,,,,,,,,,,,,,,,,,,,,,,,,,,
0,15,28,"{'x': 494.6518388984802, 'y': 100.53100841423412, 'elapsedTime': 24490.300000071526}",936715953150,5174357825,POINT (0.2576311660929584 0.0930842670502168),,,,,,,,,,,,,,,,,,,,,,,,,,,,,,,,,,,,,,,,,,,,,,,,,,,,,,,,,,,,,,,,,,,,,,,,,,,,,,,,,,,,,,,,,,,,,,,,,,,,,
0,15,28,"{'x': 494.6518388984802, 'y': 100.53100841423412, 'elapsedTime': 24490.300000071526}",936715969816,5174374491,POINT (0.2576311660929584 0.0930842670502168),,,,,,,,,,,,,,,,,,,,,,,,,,,,,,,,,,,,,,,,,,,,,,,,,,,,,,,,,,,,,,,,,,,,,,,,,,,,,,,,,,,,,,,,,,,,,,,,,,,,,
0,15,28,"{'x': 494.6518388984802, 'y': 100.53100841423412, 'elapsedTime': 24490.300000071526}",936715986484,5174391157,POINT (0.2576311660929584 0.0930842670502168),,,,,,,,,,,,,,,,,,,,,,,,,,,,,,,,,,,,,,,,,,,,,,,,,,,,,,,,,,,,,,,,,,,,,,,,,,,,,,,,,,,,,,,,,,,,,,,,,,,,,
0,15,28,"{'x': 527.5277722539607, 'y': 13.982695504894679, 'elapsedTime': 24535.899999976158}",936716003151,5174407824,POINT (0.2747540480489379 0.0129469402823099),,,,,,,,,,,,,,,,,,,,,,,,,,,,,,,,,,,,,,,,,,,,,,,,,,,,,,,,,,,,,,,,,,,,,,,,,,,,,,,,,,,,,,,,,,,,,,,,,,,,,
0,15,28,"{'x': 527.5277722539607, 'y': 13.982695504894679, 'elapsedTime': 24535.899999976158}",936716019819,5174424491,POINT (0.2747540480489379 0.0129469402823099),,,,,,,,,,,,,,,,,,,,,,,,,,,,,,,,,,,,,,,,,,,,,,,,,,,,,,,,,,,,,,,,,,,,,,,,,,,,,,,,,,,,,,,,,,,,,,,,,,,,,
0,15,28,"{'x': 527.5277722539607, 'y': 13.982695504894679, 'elapsedTime': 24535.899999976158}",936716036486,5174441158,POINT (0.2747540480489379 0.0129469402823099),,,,,,,,,,,,,,,,,,,,,,,,,,,,,,,,,,,,,,,,,,,,,,,,,,,,,,,,,,,,,,,,,,,,,,,,,,,,,,,,,,,,,,,,,,,,,,,,,,,,,
0,15,28,"{'x': 525.2863705271001, 'y': 210.59677083657272, 'elapsedTime': 24582.899999976158}",936716053153,5174457824,POINT (0.273586651316198 0.1949970100338636),,,,,,,,,,,,,,,,,,,,,,,,,,,,,,,,,,,,,,,,,,,,,,,,,,,,,,,,,,,,,,,,,,,,,,,,,,,,,,,,,,,,,,,,,,,,,,,,,,,,,
0,15,28,"{'x': 525.2863705271001, 'y': 210.59677083657272, 'elapsedTime': 24582.899999976158}",936716069820,5174474491,POINT (0.273586651316198 0.1949970100338636),,,,,,,,,,,,,,,,,,,,,,,,,,,,,,,,,,,,,,,,,,,,,,,,,,,,,,,,,,,,,,,,,,,,,,,,,,,,,,,,,,,,,,,,,,,,,,,,,,,,,
0,15,28,"{'x': 525.2863705271001, 'y': 210.59677083657272, 'elapsedTime': 24582.899999976158}",936716086491,5174491161,POINT (0.273586651316198 0.1949970100338636),,,,,,,,,,,,,,,,,,,,,,,,,,,,,,,,,,,,,,,,,,,,,,,,,,,,,,,,,,,,,,,,,,,,,,,,,,,,,,,,,,,,,,,,,,,,,,,,,,,,,
0,15,28,"{'x': 525.2863705271001, 'y': 210.59677083657272, 'elapsedTime': 24582.899999976158}",936716103159,5174507829,POINT (0.273586651316198 0.1949970100338636),,,,,,,,,,,,,,,,,,,,,,,,,,,,,,,,,,,,,,,,,,,,,,,,,,,,,,,,,,,,,,,,,,,,,,,,,,,,,,,,,,,,,,,,,,,,,,,,,,,,,
0,15,28,"{'x': 590.2737469389713, 'y': 331.96057872366424, 'elapsedTime': 24637.800000071526}",936716119826,5174524495,POINT (0.3074342431973809 0.307370906225615),,,,,,,,,,,,,,,,,,,,,,,,,,,,,,,,,,,,,,,,,,,,,,,,,,,,,,,,,,,,,,,,,,,,,,,,,,,,,,,,,,,,,,,,,,,,,,,,,,,,,
0,15,28,"{'x': 590.2737469389713, 'y': 331.96057872366424, 'elapsedTime': 24637.800000071526}",936716136492,5174541161,POINT (0.3074342431973809 0.307370906225615),,,,,,,,,,,,,,,,,,,,,,,,,,,,,,,,,,,,,,,,,,,,,,,,,,,,,,,,,,,,,,,,,,,,,,,,,,,,,,,,,,,,,,,,,,,,,,,,,,,,,
0,15,28,"{'x': 570.1648784373901, 'y': 469.9028289624341, 'elapsedTime': 24698.399999976158}",936716153160,5174557828,POINT (0.2969608741861407 0.4350952120022538),,,,,,,,,,,,,,,,,,,,,,,,,,,,,,,,,,,,,,,,,,,,,,,,,,,,,,,,,,,,,,,,,,,,,,,,,,,,,,,,,,,,,,,,,,,,,,,,,,,,,
0,15,28,"{'x': 570.1648784373901, 'y': 469.9028289624341, 'elapsedTime': 24698.399999976158}",936716169827,5174574495,POINT (0.2969608741861407 0.4350952120022538),,,,,,,,,,,,,,,,,,,,,,,,,,,,,,,,,,,,,,,,,,,,,,,,,,,,,,,,,,,,,,,,,,,,,,,,,,,,,,,,,,,,,,,,,,,,,,,,,,,,,
0,15,28,"{'x': 570.1648784373901, 'y': 469.9028289624341, 'elapsedTime': 24698.399999976158}",936716186495,5174591162,POINT (0.2969608741861407 0.4350952120022538),,,,,,,,,,,,,,,,,,,,,,,,,,,,,,,,,,,,,,,,,,,,,,,,,,,,,,,,,,,,,,,,,,,,,,,,,,,,,,,,,,,,,,,,,,,,,,,,,,,,,
0,15,28,"{'x': 505.4834829841067, 'y': 419.56469565998157, 'elapsedTime': 24743}",936716203162,5174607829,POINT (0.2632726473875556 0.3884858293147978),,,,,,,,,,,,,,,,,,,,,,,,,,,,,,,,,,,,,,,,,,,,,,,,,,,,,,,,,,,,,,,,,,,,,,,,,,,,,,,,,,,,,,,,,,,,,,,,,,,,,
0,15,28,"{'x': 505.4834829841067, 'y': 419.56469565998157, 'elapsedTime': 24743}",936716219833,5174624499,POINT (0.2632726473875556 0.3884858293147978),,,,,,,,,,,,,,,,,,,,,,,,,,,,,,,,,,,,,,,,,,,,,,,,,,,,,,,,,,,,,,,,,,,,,,,,,,,,,,,,,,,,,,,,,,,,,,,,,,,,,
0,15,28,"{'x': 505.4834829841067, 'y': 419.56469565998157, 'elapsedTime': 24743}",936716236499,5174641165,POINT (0.2632726473875556 0.3884858293147978),,,,,,,,,,,,,,,,,,,,,,,,,,,,,,,,,,,,,,,,,,,,,,,,,,,,,,,,,,,,,,,,,,,,,,,,,,,,,,,,,,,,,,,,,,,,,,,,,,,,,
0,15,28,"{'x': 438.0313436384004, 'y': 453.57447785707046, 'elapsedTime': 24788.399999976158}",936716253167,5174657832,POINT (0.2281413248116669 0.4199763683861764),,,,,,,,,,,,,,,,,,,,,,,,,,,,,,,,,,,,,,,,,,,,,,,,,,,,,,,,,,,,,,,,,,,,,,,,,,,,,,,,,,,,,,,,,,,,,,,,,,,,,
0,15,28,"{'x': 438.0313436384004, 'y': 453.57447785707046, 'elapsedTime': 24788.399999976158}",936716269834,5174674499,POINT (0.2281413248116669 0.4199763683861764),,,,,,,,,,,,,,,,,,,,,,,,,,,,,,,,,,,,,,,,,,,,,,,,,,,,,,,,,,,,,,,,,,,,,,,,,,,,,,,,,,,,,,,,,,,,,,,,,,,,,
0,15,28,"{'x': 438.0313436384004, 'y': 453.57447785707046, 'elapsedTime': 24788.399999976158}",936716286501,5174691165,POINT (0.2281413248116669 0.4199763683861764),,,,,,,,,,,,,,,,,,,,,,,,,,,,,,,,,,,,,,,,,,,,,,,,,,,,,,,,,,,,,,,,,,,,,,,,,,,,,,,,,,,,,,,,,,,,,,,,,,,,,
0,15,28,"{'x': 439.08235898004637, 'y': 359.0826546169875, 'elapsedTime': 24834.700000047684}",936716303168,5174707832,POINT (0.2286887286354408 0.3324839394601736),,,,,,,,,,,,,,,,,,,,,,,,,,,,,,,,,,,,,,,,,,,,,,,,,,,,,,,,,,,,,,,,,,,,,,,,,,,,,,,,,,,,,,,,,,,,,,,,,,,,,
0,15,28,"{'x': 439.08235898004637, 'y': 359.0826546169875, 'elapsedTime': 24834.700000047684}",936716319836,5174724499,POINT (0.2286887286354408 0.3324839394601736),,,,,,,,,,,,,,,,,,,,,,,,,,,,,,,,,,,,,,,,,,,,,,,,,,,,,,,,,,,,,,,,,,,,,,,,,,,,,,,,,,,,,,,,,,,,,,,,,,,,,
0,15,28,"{'x': 439.08235898004637, 'y': 359.0826546169875, 'elapsedTime': 24834.700000047684}",936716336503,5174741166,POINT (0.2286887286354408 0.3324839394601736),,,,,,,,,,,,,,,,,,,,,,,,,,,,,,,,,,,,,,,,,,,,,,,,,,,,,,,,,,,,,,,,,,,,,,,,,,,,,,,,,,,,,,,,,,,,,,,,,,,,,
0,15,28,"{'x': 423.30196988511335, 'y': 299.4861273320344, 'elapsedTime': 24887.399999976158}",936716353175,5174757837,POINT (0.2204697759818299 0.2773019697518837),,,,,,,,,,,,,,,,,,,,,,,,,,,,,,,,,,,,,,,,,,,,,,,,,,,,,,,,,,,,,,,,,,,,,,,,,,,,,,,,,,,,,,,,,,,,,,,,,,,1,,
0,15,28,"{'x': 423.30196988511335, 'y': 299.4861273320344, 'elapsedTime': 24887.399999976158}",936716369842,5174774504,POINT (0.2204697759818299 0.2773019697518837),,,,,,,,,,,,,,,,,,,,,,,,,,,,,,,,,,,,,,,,,,,,,,,,,,,,,,,,,,,,,,,,,,,,,,,,,,,,,,,,,,,,,,,,,,,,,,,,,,,1,,
0,15,28,"{'x': 423.30196988511335, 'y': 299.4861273320344, 'elapsedTime': 24887.399999976158}",936716386509,5174791170,POINT (0.2204697759818299 0.2773019697518837),,,,,,,,,,,,,,,,,,,,,,,,,,,,,,,,,,,,,,,,,,,,,,,,,,,,,,,,,,,,,,,,,,,,,,,,,,,,,,,,,,,,,,,,,,,,,,,,,,,1,,
0,15,28,"{'x': 371.0011116257442, 'y': 366.92856708838025, 'elapsedTime': 24934.100000023842}",936716403176,5174807837,POINT (0.1932297456384084 0.3397486732299817),,,,,,,,,,,,,,,,,,,,,,,,,,,,,,,,,,,,,,,,,,,,,,,,,,,,,,,,,,,,,,,,,,,,,,,,,,,,,,,,,,,,,,,,,,,,,,,,,,,,,
0,15,28,"{'x': 371.0011116257442, 'y': 366.92856708838025, 'elapsedTime': 24934.100000023842}",936716419844,5174824504,POINT (0.1932297456384084 0.3397486732299817),,,,,,,,,,,,,,,,,,,,,,,,,,,,,,,,,,,,,,,,,,,,,,,,,,,,,,,,,,,,,,,,,,,,,,,,,,,,,,,,,,,,,,,,,,,,,,,,,,,,,
0,15,28,"{'x': 353.1787362680675, 'y': 317.42865856147165, 'elapsedTime': 24979.899999976158}",936716436511,5174841171,POINT (0.1839472584729518 0.2939154245939552),,,,,,,,,,,,,,,,,,,,,,,,,,,,,,,,,,,,,,,,,,,,,,,,,,,,,,,,,,,,,,,,,,,,,,,,,,,,,,,,,,,,,,,,,,,,,,,,,,,1,,
0,15,28,"{'x': 353.1787362680675, 'y': 317.42865856147165, 'elapsedTime': 24979.899999976158}",936716453178,5174857837,POINT (0.1839472584729518 0.2939154245939552),,,,,,,,,,,,,,,,,,,,,,,,,,,,,,,,,,,,,,,,,,,,,,,,,,,,,,,,,,,,,,,,,,,,,,,,,,,,,,,,,,,,,,,,,,,,,,,,,,,1,,
0,15,28,"{'x': 353.1787362680675, 'y': 317.42865856147165, 'elapsedTime': 24979.899999976158}",936716469844,5174874503,POINT (0.1839472584729518 0.2939154245939552),,,,,,,,,,,,,,,,,,,,,,,,,,,,,,,,,,,,,,,,,,,,,,,,,,,,,,,,,,,,,,,,,,,,,,,,,,,,,,,,,,,,,,,,,,,,,,,,,,,1,,
0,15,28,"{'x': 363.2678853706957, 'y': 273.38399728820406, 'elapsedTime': 25026.200000047684}",936716486518,5174891176,POINT (0.1892020236305707 0.2531333308224112),,,,,,,,,,,,,,,,,,,,,,,,,,,,,,,,,,,,,,,,,,,,,,,,,,,,,,,,,,,,,,,,,,,,,,,,,,,,,,,,,,,,,,,,,,,,,,,,,,,,,
0,15,28,"{'x': 363.2678853706957, 'y': 273.38399728820406, 'elapsedTime': 25026.200000047684}",936716503185,5174907843,POINT (0.1892020236305707 0.2531333308224112),,,,,,,,,,,,,,,,,,,,,,,,,,,,,,,,,,,,,,,,,,,,,,,,,,,,,,,,,,,,,,,,,,,,,,,,,,,,,,,,,,,,,,,,,,,,,,,,,,,,,
0,15,28,"{'x': 363.2678853706957, 'y': 273.38399728820406, 'elapsedTime': 25026.200000047684}",936716519853,5174924510,POINT (0.1892020236305707 0.2531333308224112),,,,,,,,,,,,,,,,,,,,,,,,,,,,,,,,,,,,,,,,,,,,,,,,,,,,,,,,,,,,,,,,,,,,,,,,,,,,,,,,,,,,,,,,,,,,,,,,,,,,,
0,15,28,"{'x': 261.7782911171143, 'y': 343.6100130170589, 'elapsedTime': 25072.899999976158}",936716536519,5174941176,POINT (0.1363428599568304 0.3181574194602397),,,,,,,,,,,,,,,,,,,,,,,,,,,,,,,,,,,,,,,,,,,,,,,,,,,,,,,,,,,,,,,,,,,,,,,,,,,,,,,,,,,,,,,,,,,,,,,,,,,,,
0,15,28,"{'x': 261.7782911171143, 'y': 343.6100130170589, 'elapsedTime': 25072.899999976158}",936716553187,5174957843,POINT (0.1363428599568304 0.3181574194602397),,,,,,,,,,,,,,,,,,,,,,,,,,,,,,,,,,,,,,,,,,,,,,,,,,,,,,,,,,,,,,,,,,,,,,,,,,,,,,,,,,,,,,,,,,,,,,,,,,,,,
0,15,28,"{'x': 261.7782911171143, 'y': 343.6100130170589, 'elapsedTime': 25072.899999976158}",936716569854,5174974510,POINT (0.1363428599568304 0.3181574194602397),,,,,,,,,,,,,,,,,,,,,,,,,,,,,,,,,,,,,,,,,,,,,,,,,,,,,,,,,,,,,,,,,,,,,,,,,,,,,,,,,,,,,,,,,,,,,,,,,,,,,
0,15,28,"{'x': 322.5112244880228, 'y': 269.38596418104754, 'elapsedTime': 25121.700000047684}",936716586521,5174991176,POINT (0.1679745960875119 0.2494314483157848),,,,,,,,,,,,,,,,,,,,,,,,,,,,,,,,,,,,,,,,,,,,,,,,,,,,,,,,,,,,,,,,,,,,,,,,,,,,,,,,,,,,,,,,,,,,,,,,,,,,,
0,15,28,"{'x': 322.5112244880228, 'y': 269.38596418104754, 'elapsedTime': 25121.700000047684}",936716603188,5175007843,POINT (0.1679745960875119 0.2494314483157848),,,,,,,,,,,,,,,,,,,,,,,,,,,,,,,,,,,,,,,,,,,,,,,,,,,,,,,,,,,,,,,,,,,,,,,,,,,,,,,,,,,,,,,,,,,,,,,,,,,,,
0,15,28,"{'x': 322.5112244880228, 'y': 269.38596418104754, 'elapsedTime': 25121.700000047684}",936716619859,5175024513,POINT (0.1679745960875119 0.2494314483157848),,,,,,,,,,,,,,,,,,,,,,,,,,,,,,,,,,,,,,,,,,,,,,,,,,,,,,,,,,,,,,,,,,,,,,,,,,,,,,,,,,,,,,,,,,,,,,,,,,,,,
0,15,28,"{'x': 419.7793067727387, 'y': 211.37388224031724, 'elapsedTime': 25169.200000047684}",936716636526,5175041180,POINT (0.2186350556108014 0.1957165576299234),,,,,,,,,,,,,,,,,,,,,,,,,,,,,,,,,,,,,,,,,,,,,,,,,,,,,,,,,,,,,,,,,,,,,,,,,,,,,,,,,,,,,,,,,,,,,,,,,,,,,
0,15,28,"{'x': 419.7793067727387, 'y': 211.37388224031724, 'elapsedTime': 25169.200000047684}",936716653194,5175057847,POINT (0.2186350556108014 0.1957165576299234),,,,,,,,,,,,,,,,,,,,,,,,,,,,,,,,,,,,,,,,,,,,,,,,,,,,,,,,,,,,,,,,,,,,,,,,,,,,,,,,,,,,,,,,,,,,,,,,,,,,,
0,15,28,"{'x': 419.7793067727387, 'y': 211.37388224031724, 'elapsedTime': 25169.200000047684}",936716669860,5175074513,POINT (0.2186350556108014 0.1957165576299234),,,,,,,,,,,,,,,,,,,,,,,,,,,,,,,,,,,,,,,,,,,,,,,,,,,,,,,,,,,,,,,,,,,,,,,,,,,,,,,,,,,,,,,,,,,,,,,,,,,,,
0,15,28,"{'x': 281.75832029022285, 'y': 264.55541466448864, 'elapsedTime': 25215}",936716686528,5175091180,POINT (0.1467491251511577 0.2449587172819339),,,,,,,,,,,,,,,,,,,,,,,,,,,,,,,,,,,,,,,,,,,,,,,,,,,,,,,,,,,,,,,,,,,,,,,,,,,,,,,,,,,,,,,,,,,,,,,,,,,,,
0,15,28,"{'x': 281.75832029022285, 'y': 264.55541466448864, 'elapsedTime': 25215}",936716703195,5175107847,POINT (0.1467491251511577 0.2449587172819339),,,,,,,,,,,,,,,,,,,,,,,,,,,,,,,,,,,,,,,,,,,,,,,,,,,,,,,,,,,,,,,,,,,,,,,,,,,,,,,,,,,,,,,,,,,,,,,,,,,,,
0,15,28,"{'x': 281.75832029022285, 'y': 264.55541466448864, 'elapsedTime': 25215}",936716719862,5175124513,POINT (0.1467491251511577 0.2449587172819339),,,,,,,,,,,,,,,,,,,,,,,,,,,,,,,,,,,,,,,,,,,,,,,,,,,,,,,,,,,,,,,,,,,,,,,,,,,,,,,,,,,,,,,,,,,,,,,,,,,,,
0,15,28,"{'x': 256.70815280775054, 'y': 222.60097016338273, 'elapsedTime': 25264}",936716736535,5175141186,POINT (0.1337021629207034 0.2061120094105396),,,,,,,,,,,,,,,,,,,,,,,,,,1,,,,,,,,,,,,,,,,,,,,,,,,,,,,,,,,,,,,,,,,,,,,,,,,,,,,,,,,,,,,,,,,,,,,,,,,,,,
0,15,28,"{'x': 256.70815280775054, 'y': 222.60097016338273, 'elapsedTime': 25264}",936716753202,5175157852,POINT (0.1337021629207034 0.2061120094105396),,,,,,,,,,,,,,,,,,,,,,,,,,1,,,,,,,,,,,,,,,,,,,,,,,,,,,,,,,,,,,,,,,,,,,,,,,,,,,,,,,,,,,,,,,,,,,,,,,,,,,
0,15,28,"{'x': 299.9858013792698, 'y': 251.747245094841, 'elapsedTime': 25314}",936716769869,5175174519,POINT (0.1562426048850364 0.2330993010137417),,,,,,,,,,,,,,,,,,,,,,,,,,,,,,,,,,,,,,,,,,,,,,,,,,,,,,,,,,,,,,,,,,,,,,,,,,,,,,,,,,,,,,,,,,,,,,,,,,,,1,
0,15,28,"{'x': 299.9858013792698, 'y': 251.747245094841, 'elapsedTime': 25314}",936716786537,5175191186,POINT (0.1562426048850364 0.2330993010137417),,,,,,,,,,,,,,,,,,,,,,,,,,,,,,,,,,,,,,,,,,,,,,,,,,,,,,,,,,,,,,,,,,,,,,,,,,,,,,,,,,,,,,,,,,,,,,,,,,,,1,
0,15,28,"{'x': 299.9858013792698, 'y': 251.747245094841, 'elapsedTime': 25314}",936716803203,5175207852,POINT (0.1562426048850364 0.2330993010137417),,,,,,,,,,,,,,,,,,,,,,,,,,,,,,,,,,,,,,,,,,,,,,,,,,,,,,,,,,,,,,,,,,,,,,,,,,,,,,,,,,,,,,,,,,,,,,,,,,,,1,
0,15,28,"{'x': 330.0138602814494, 'y': 217.9215792024915, 'elapsedTime': 25362.100000023842}",936716819870,5175224518,POINT (0.1718822188965882 0.2017792400023069),,,,,,,,,,,,,,,,,,,,,,,,,,,,,,,,,,,,,,,,,,,,,,,,,,,,,,,,,,,,,,,,,,,,,,,,,,,,,,,,,,,,,,,,,,,,,,,,,,,,,
0,15,28,"{'x': 330.0138602814494, 'y': 217.9215792024915, 'elapsedTime': 25362.100000023842}",936716836537,5175241185,POINT (0.1718822188965882 0.2017792400023069),,,,,,,,,,,,,,,,,,,,,,,,,,,,,,,,,,,,,,,,,,,,,,,,,,,,,,,,,,,,,,,,,,,,,,,,,,,,,,,,,,,,,,,,,,,,,,,,,,,,,
0,15,28,"{'x': 330.0138602814494, 'y': 217.9215792024915, 'elapsedTime': 25362.100000023842}",936716853205,5175257852,POINT (0.1718822188965882 0.2017792400023069),,,,,,,,,,,,,,,,,,,,,,,,,,,,,,,,,,,,,,,,,,,,,,,,,,,,,,,,,,,,,,,,,,,,,,,,,,,,,,,,,,,,,,,,,,,,,,,,,,,,,
0,15,28,"{'x': 330.0138602814494, 'y': 217.9215792024915, 'elapsedTime': 25362.100000023842}",936716869874,5175274521,POINT (0.1718822188965882 0.2017792400023069),,,,,,,,,,,,,,,,,,,,,,,,,,,,,,,,,,,,,,,,,,,,,,,,,,,,,,,,,,,,,,,,,,,,,,,,,,,,,,,,,,,,,,,,,,,,,,,,,,,,,
0,15,28,"{'x': 250.36021611597246, 'y': 215.23245904845626, 'elapsedTime': 25418.5}",936716886541,5175291187,POINT (0.1303959458937356 0.1992893139337558),,,,,,,,,,,,,,,,,,,,,,,,,,1,,,,,,,,,,,,,,,,,,,,,,,,,,,,,,,,,,,,,,,,,,,,,,,,,,,,,,,,,,,,,,,,,,,,,,,,,,,
0,15,28,"{'x': 250.36021611597246, 'y': 215.23245904845626, 'elapsedTime': 25418.5}",936716903208,5175307854,POINT (0.1303959458937356 0.1992893139337558),,,,,,,,,,,,,,,,,,,,,,,,,,1,,,,,,,,,,,,,,,,,,,,,,,,,,,,,,,,,,,,,,,,,,,,,,,,,,,,,,,,,,,,,,,,,,,,,,,,,,,
0,15,28,"{'x': 177.30026308534005, 'y': 200.0005696124046, 'elapsedTime': 25463.100000023842}",936716919876,5175324521,POINT (0.0923438870236146 0.1851857126040784),,,,,,,,,,,,,,,,,,,,,,,,,,,,,,,,,,,,,,,,,,,,,,,,,,,,,,,,,,,,,,,,,,,,,,,,,,,,,,,,,,,,,,,,,,,,,,,,,,,,,
0,15,28,"{'x': 177.30026308534005, 'y': 200.0005696124046, 'elapsedTime': 25463.100000023842}",936716936542,5175341187,POINT (0.0923438870236146 0.1851857126040784),,,,,,,,,,,,,,,,,,,,,,,,,,,,,,,,,,,,,,,,,,,,,,,,,,,,,,,,,,,,,,,,,,,,,,,,,,,,,,,,,,,,,,,,,,,,,,,,,,,,,
0,15,28,"{'x': 177.30026308534005, 'y': 200.0005696124046, 'elapsedTime': 25463.100000023842}",936716953210,5175357854,POINT (0.0923438870236146 0.1851857126040784),,,,,,,,,,,,,,,,,,,,,,,,,,,,,,,,,,,,,,,,,,,,,,,,,,,,,,,,,,,,,,,,,,,,,,,,,,,,,,,,,,,,,,,,,,,,,,,,,,,,,
0,15,28,"{'x': 184.67706368752826, 'y': 145.48362874539106, 'elapsedTime': 25508.5}",936716969877,5175374521,POINT (0.0961859706705876 0.1347070636531399),,1,,,,,,,,,,,,,,,,,,,,,,,,,,,,,,,,,,,,,,,,,,,,,,,,,,,,,,,,,,,,,,,,,,,,,,,,,,,,,,,,,,,,,,,,,,,,,,,,,,,
0,15,28,"{'x': 184.67706368752826, 'y': 145.48362874539106, 'elapsedTime': 25508.5}",936716986544,5175391187,POINT (0.0961859706705876 0.1347070636531399),,1,,,,,,,,,,,,,,,,,,,,,,,,,,,,,,,,,,,,,,,,,,,,,,,,,,,,,,,,,,,,,,,,,,,,,,,,,,,,,,,,,,,,,,,,,,,,,,,,,,,
0,15,28,"{'x': 184.67706368752826, 'y': 145.48362874539106, 'elapsedTime': 25508.5}",936717003218,5175407861,POINT (0.0961859706705876 0.1347070636531399),,1,,,,,,,,,,,,,,,,,,,,,,,,,,,,,,,,,,,,,,,,,,,,,,,,,,,,,,,,,,,,,,,,,,,,,,,,,,,,,,,,,,,,,,,,,,,,,,,,,,,
0,15,28,"{'x': 204.8779233003767, 'y': 149.0462031541802, 'elapsedTime': 25552.800000071526}",936717019885,5175424527,POINT (0.1067072517189462 0.138005743661278),,,,,,,,,,,,,,,,,,,,,,,,,,,,,,,,,,,,,,,,,,,,,,,,,,,,,,,,,,,,,,,,,,,,,,,,,,,,,,,,,,,,,,,,,,,,,,,,,,,,,
0,15,28,"{'x': 204.8779233003767, 'y': 149.0462031541802, 'elapsedTime': 25552.800000071526}",936717036552,5175441194,POINT (0.1067072517189462 0.138005743661278),,,,,,,,,,,,,,,,,,,,,,,,,,,,,,,,,,,,,,,,,,,,,,,,,,,,,,,,,,,,,,,,,,,,,,,,,,,,,,,,,,,,,,,,,,,,,,,,,,,,,
0,15,28,"{'x': 204.8779233003767, 'y': 149.0462031541802, 'elapsedTime': 25552.800000071526}",936717053220,5175457861,POINT (0.1067072517189462 0.138005743661278),,,,,,,,,,,,,,,,,,,,,,,,,,,,,,,,,,,,,,,,,,,,,,,,,,,,,,,,,,,,,,,,,,,,,,,,,,,,,,,,,,,,,,,,,,,,,,,,,,,,,
0,15,28,"{'x': 140.70507383136086, 'y': 106.96568665665386, 'elapsedTime': 25608.700000047684}",936717069886,5175474527,POINT (0.0732838926205004 0.0990423024598647),,,,,,,,,,,,,,,,,,,,,,,,,,,,,,,,,,,,,,,,,,,,,,,,,,,,,,,,,,,,,,,,,,,,,,,,,,,,,,,,,,,,,,,,,,,,,,,,,,,,,
0,15,28,"{'x': 140.70507383136086, 'y': 106.96568665665386, 'elapsedTime': 25608.700000047684}",936717086554,5175491194,POINT (0.0732838926205004 0.0990423024598647),,,,,,,,,,,,,,,,,,,,,,,,,,,,,,,,,,,,,,,,,,,,,,,,,,,,,,,,,,,,,,,,,,,,,,,,,,,,,,,,,,,,,,,,,,,,,,,,,,,,,
0,15,28,"{'x': 140.70507383136086, 'y': 106.96568665665386, 'elapsedTime': 25608.700000047684}",936717103221,5175507861,POINT (0.0732838926205004 0.0990423024598647),,,,,,,,,,,,,,,,,,,,,,,,,,,,,,,,,,,,,,,,,,,,,,,,,,,,,,,,,,,,,,,,,,,,,,,,,,,,,,,,,,,,,,,,,,,,,,,,,,,,,
0,15,28,"{'x': 104.38295026798656, 'y': 63.97358146685585, 'elapsedTime': 25662.300000071526}",936717119888,5175524527,POINT (0.054366119931243 0.0592347976544962),,,,,,,,,,,,,,,,,,,,,,,,,,,,,,,,,,,,,,,,,,,,,,,,,,,,,,,,,,,,,,,,,,,,,,,,,,,,,,,,,,,,,,,,,,,,,,,,,,,,,
0,15,28,"{'x': 104.38295026798656, 'y': 63.97358146685585, 'elapsedTime': 25662.300000071526}",936717136560,5175541199,POINT (0.054366119931243 0.0592347976544962),,,,,,,,,,,,,,,,,,,,,,,,,,,,,,,,,,,,,,,,,,,,,,,,,,,,,,,,,,,,,,,,,,,,,,,,,,,,,,,,,,,,,,,,,,,,,,,,,,,,,
0,15,28,"{'x': 104.38295026798656, 'y': 63.97358146685585, 'elapsedTime': 25662.300000071526}",936717153227,5175557865,POINT (0.054366119931243 0.0592347976544962),,,,,,,,,,,,,,,,,,,,,,,,,,,,,,,,,,,,,,,,,,,,,,,,,,,,,,,,,,,,,,,,,,,,,,,,,,,,,,,,,,,,,,,,,,,,,,,,,,,,,
0,15,28,"{'x': 206.97283381817903, 'y': 43.47469568093081, 'elapsedTime': 25711.800000071526}",936717169895,5175574533,POINT (0.1077983509469682 0.0402543478527137),,,,,,,,,,,,,,,,,,,,,,,,,,,,,,,,,,,,,,,,,,,,,,,,,,,,,,,,,,,,,,,,,,,,,,,,,,,,,,,,,,,,,,,,,,,,,,,,,,,,,
0,15,28,"{'x': 206.97283381817903, 'y': 43.47469568093081, 'elapsedTime': 25711.800000071526}",936717186562,5175591199,POINT (0.1077983509469682 0.0402543478527137),,,,,,,,,,,,,,,,,,,,,,,,,,,,,,,,,,,,,,,,,,,,,,,,,,,,,,,,,,,,,,,,,,,,,,,,,,,,,,,,,,,,,,,,,,,,,,,,,,,,,
0,15,28,"{'x': 206.97283381817903, 'y': 43.47469568093081, 'elapsedTime': 25711.800000071526}",936717203229,5175607866,POINT (0.1077983509469682 0.0402543478527137),,,,,,,,,,,,,,,,,,,,,,,,,,,,,,,,,,,,,,,,,,,,,,,,,,,,,,,,,,,,,,,,,,,,,,,,,,,,,,,,,,,,,,,,,,,,,,,,,,,,,
0,15,28,"{'x': 214.33927916496458, 'y': 38.60869511887054, 'elapsedTime': 25758.200000047684}",936717219896,5175624532,POINT (0.1116350412317524 0.035748791776732),,,,,,,,,,,,,,,,,,,,,,,,,,,,,,,,,,,,,,,,,,,,,,,,,,,,,,,,,,,,,,,,,,,,,,,,,,,,,,,,,,,,,,,,,,,,,,,,,,,,,
0,15,28,"{'x': 214.33927916496458, 'y': 38.60869511887054, 'elapsedTime': 25758.200000047684}",936717236563,5175641199,POINT (0.1116350412317524 0.035748791776732),,,,,,,,,,,,,,,,,,,,,,,,,,,,,,,,,,,,,,,,,,,,,,,,,,,,,,,,,,,,,,,,,,,,,,,,,,,,,,,,,,,,,,,,,,,,,,,,,,,,,
0,15,28,"{'x': 214.33927916496458, 'y': 38.60869511887054, 'elapsedTime': 25758.200000047684}",936717253230,5175657865,POINT (0.1116350412317524 0.035748791776732),,,,,,,,,,,,,,,,,,,,,,,,,,,,,,,,,,,,,,,,,,,,,,,,,,,,,,,,,,,,,,,,,,,,,,,,,,,,,,,,,,,,,,,,,,,,,,,,,,,,,
0,15,28,"{'x': 214.33927916496458, 'y': 38.60869511887054, 'elapsedTime': 25758.200000047684}",936717269900,5175674535,POINT (0.1116350412317524 0.035748791776732),,,,,,,,,,,,,,,,,,,,,,,,,,,,,,,,,,,,,,,,,,,,,,,,,,,,,,,,,,,,,,,,,,,,,,,,,,,,,,,,,,,,,,,,,,,,,,,,,,,,,
0,15,28,"{'x': 160.3516439587926, 'y': 26.08447606955909, 'elapsedTime': 25810.600000023842}",936717286568,5175691202,POINT (0.0835164812285378 0.0241522926569992),,,,,,,,,,,,,,,,,,,,,,,,,,,,,,,,,,,,,,,,,,,,,,,,,,,,,,,,,,,,,,,,,,,,,,,,,,,,,,,,,,,,,,,,,,,,,,,,,,,,,
0,15,28,"{'x': 160.3516439587926, 'y': 26.08447606955909, 'elapsedTime': 25810.600000023842}",936717303234,5175707868,POINT (0.0835164812285378 0.0241522926569992),,,,,,,,,,,,,,,,,,,,,,,,,,,,,,,,,,,,,,,,,,,,,,,,,,,,,,,,,,,,,,,,,,,,,,,,,,,,,,,,,,,,,,,,,,,,,,,,,,,,,
0,15,28,"{'x': 174.1451478646749, 'y': -38.239141188073006, 'elapsedTime': 25860.600000023842}",936717319903,5175724536,POINT (0.0907005978461848 -0.0354066122111787),,,,,,,,,,,,,,,,,,,,,,,,,,,,,,,,,,,,,,,,,,,,,,,,,,,,,,,,,,,,,,,,,,,,,,,,,,,,,,,,,,,,,,,,,,,,,,,,,,,,,
0,15,28,"{'x': 174.1451478646749, 'y': -38.239141188073006, 'elapsedTime': 25860.600000023842}",936717336569,5175741202,POINT (0.0907005978461848 -0.0354066122111787),,,,,,,,,,,,,,,,,,,,,,,,,,,,,,,,,,,,,,,,,,,,,,,,,,,,,,,,,,,,,,,,,,,,,,,,,,,,,,,,,,,,,,,,,,,,,,,,,,,,,
0,15,28,"{'x': 174.1451478646749, 'y': -38.239141188073006, 'elapsedTime': 25860.600000023842}",936717353236,5175757868,POINT (0.0907005978461848 -0.0354066122111787),,,,,,,,,,,,,,,,,,,,,,,,,,,,,,,,,,,,,,,,,,,,,,,,,,,,,,,,,,,,,,,,,,,,,,,,,,,,,,,,,,,,,,,,,,,,,,,,,,,,,
0,15,28,"{'x': 241.45693807532422, 'y': 36.51110593063971, 'elapsedTime': 25907.100000023842}",936717369904,5175774536,POINT (0.1257588219142314 0.0338065795654071),,,,,,,,,,,,,,,,,,,,,,,,,,,,,,,,,,,,,,,,,,,,,,,,,,,,,,,,,,,,,,,,,,,,,,,,,,,,,,,,,,,,,,,,,,,,,,,,,,,,,
0,15,28,"{'x': 241.45693807532422, 'y': 36.51110593063971, 'elapsedTime': 25907.100000023842}",936717386571,5175791202,POINT (0.1257588219142314 0.0338065795654071),,,,,,,,,,,,,,,,,,,,,,,,,,,,,,,,,,,,,,,,,,,,,,,,,,,,,,,,,,,,,,,,,,,,,,,,,,,,,,,,,,,,,,,,,,,,,,,,,,,,,
0,15,28,"{'x': 241.45693807532422, 'y': 36.51110593063971, 'elapsedTime': 25907.100000023842}",936717403240,5175807871,POINT (0.1257588219142314 0.0338065795654071),,,,,,,,,,,,,,,,,,,,,,,,,,,,,,,,,,,,,,,,,,,,,,,,,,,,,,,,,,,,,,,,,,,,,,,,,,,,,,,,,,,,,,,,,,,,,,,,,,,,,
0,15,28,"{'x': 224.56292595832463, 'y': 53.87107620438983, 'elapsedTime': 25954}",936717419908,5175824538,POINT (0.1169598572699608 0.0498806261151758),,,,,,,,,,,,,,,,,,,,,,,,,,,,,,,,,,,,,,,,,,,,,,,,,,,,,,,,,,,,,,,,,,,,,,,,,,,,,,,,,,,,,,,,,,,,,,,,,,,,,
0,15,28,"{'x': 224.56292595832463, 'y': 53.87107620438983, 'elapsedTime': 25954}",936717436575,5175841205,POINT (0.1169598572699608 0.0498806261151758),,,,,,,,,,,,,,,,,,,,,,,,,,,,,,,,,,,,,,,,,,,,,,,,,,,,,,,,,,,,,,,,,,,,,,,,,,,,,,,,,,,,,,,,,,,,,,,,,,,,,
0,15,28,"{'x': 172.00160843524054, 'y': 180.67673683551382, 'elapsedTime': 25999.399999976158}",936717453243,5175857872,POINT (0.0895841710600211 0.167293274847698),,,,,,,,,,,,,,,,,,,,,,,,,,,,,,,,,,,,,,,,,,,,,,,,,,,,,,,,,,,,,,,,,,,,,,,,,,,,,,,,,,,,,,,,,,,,,,,,,,,,,
0,15,28,"{'x': 172.00160843524054, 'y': 180.67673683551382, 'elapsedTime': 25999.399999976158}",936717469909,5175874538,POINT (0.0895841710600211 0.167293274847698),,,,,,,,,,,,,,,,,,,,,,,,,,,,,,,,,,,,,,,,,,,,,,,,,,,,,,,,,,,,,,,,,,,,,,,,,,,,,,,,,,,,,,,,,,,,,,,,,,,,,
0,15,28,"{'x': 172.00160843524054, 'y': 180.67673683551382, 'elapsedTime': 25999.399999976158}",936717486577,5175891205,POINT (0.0895841710600211 0.167293274847698),,,,,,,,,,,,,,,,,,,,,,,,,,,,,,,,,,,,,,,,,,,,,,,,,,,,,,,,,,,,,,,,,,,,,,,,,,,,,,,,,,,,,,,,,,,,,,,,,,,,,
0,15,28,"{'x': 257.51243452212105, 'y': 108.23703655423755, 'elapsedTime': 26045.100000023842}",936717503244,5175907872,POINT (0.134121059646938 0.1002194782909607),,,,,,,,,,,,,,,,,,,,,,,,,,,,,,,,,,,,,,,,,,,,,,,,,,,,,,,,,,,,,,,,,,,,,,,,,,,,,,,,,,,,,,,,,,,,,,,,,,,,,
0,15,28,"{'x': 257.51243452212105, 'y': 108.23703655423755, 'elapsedTime': 26045.100000023842}",936717519911,5175924538,POINT (0.134121059646938 0.1002194782909607),,,,,,,,,,,,,,,,,,,,,,,,,,,,,,,,,,,,,,,,,,,,,,,,,,,,,,,,,,,,,,,,,,,,,,,,,,,,,,,,,,,,,,,,,,,,,,,,,,,,,
0,15,28,"{'x': 257.51243452212105, 'y': 108.23703655423755, 'elapsedTime': 26045.100000023842}",936717536586,5175941213,POINT (0.134121059646938 0.1002194782909607),,,,,,,,,,,,,,,,,,,,,,,,,,,,,,,,,,,,,,,,,,,,,,,,,,,,,,,,,,,,,,,,,,,,,,,,,,,,,,,,,,,,,,,,,,,,,,,,,,,,,
0,15,28,"{'x': 271.2931531988485, 'y': 138.9969779419001, 'elapsedTime': 26091.899999976158}",936717553253,5175957879,POINT (0.1412985172910669 0.1287009055017594),,,,,,,,,,,,,,,,,,,,,,,,,,,,,,,,,,,,,,,,,,,,,,,,,,,,,,,,,,,,,,,,,,,,,,,,,,,,,,,,,,,,,,,,,,,,,,,,,,,,,
0,15,28,"{'x': 271.2931531988485, 'y': 138.9969779419001, 'elapsedTime': 26091.899999976158}",936717569920,5175974546,POINT (0.1412985172910669 0.1287009055017594),,,,,,,,,,,,,,,,,,,,,,,,,,,,,,,,,,,,,,,,,,,,,,,,,,,,,,,,,,,,,,,,,,,,,,,,,,,,,,,,,,,,,,,,,,,,,,,,,,,,,
0,15,28,"{'x': 271.2931531988485, 'y': 138.9969779419001, 'elapsedTime': 26091.899999976158}",936717586588,5175991213,POINT (0.1412985172910669 0.1287009055017594),,,,,,,,,,,,,,,,,,,,,,,,,,,,,,,,,,,,,,,,,,,,,,,,,,,,,,,,,,,,,,,,,,,,,,,,,,,,,,,,,,,,,,,,,,,,,,,,,,,,,
0,15,28,"{'x': 395.7977878851126, 'y': 171.27734364225097, 'elapsedTime': 26136.399999976158}",936717603255,5176007880,POINT (0.2061446811901628 0.1585901330020842),,,,,,,,,,,,,,,,,,,,,,,,,,,,,,,,,,,,,,,,,,,,,,,,,,,,,,,,,,,,,,,,,,,,,,,,,,,,,,,,,,,,,,,,,,,,,,,,,,,,,
0,15,28,"{'x': 395.7977878851126, 'y': 171.27734364225097, 'elapsedTime': 26136.399999976158}",936717619922,5176024546,POINT (0.2061446811901628 0.1585901330020842),,,,,,,,,,,,,,,,,,,,,,,,,,,,,,,,,,,,,,,,,,,,,,,,,,,,,,,,,,,,,,,,,,,,,,,,,,,,,,,,,,,,,,,,,,,,,,,,,,,,,
0,15,28,"{'x': 395.7977878851126, 'y': 171.27734364225097, 'elapsedTime': 26136.399999976158}",936717636589,5176041213,POINT (0.2061446811901628 0.1585901330020842),,,,,,,,,,,,,,,,,,,,,,,,,,,,,,,,,,,,,,,,,,,,,,,,,,,,,,,,,,,,,,,,,,,,,,,,,,,,,,,,,,,,,,,,,,,,,,,,,,,,,
0,15,28,"{'x': 397.34203764175, 'y': 405.09621151745876, 'elapsedTime': 26183.5}",936717653260,5176057883,POINT (0.2069489779384114 0.3750890847383878),,,,,,,,,,,,,,,,,,,,,,,,,,,,,,,,,,,,,,,,,,,,,,,,,,,,,,,,,,,,,,,,,,,,,,,,,,,,,,,,,,,,,,,,,,,,,,,,,,,,,
0,15,28,"{'x': 397.34203764175, 'y': 405.09621151745876, 'elapsedTime': 26183.5}",936717669926,5176074549,POINT (0.2069489779384114 0.3750890847383878),,,,,,,,,,,,,,,,,,,,,,,,,,,,,,,,,,,,,,,,,,,,,,,,,,,,,,,,,,,,,,,,,,,,,,,,,,,,,,,,,,,,,,,,,,,,,,,,,,,,,
0,15,28,"{'x': 397.34203764175, 'y': 405.09621151745876, 'elapsedTime': 26183.5}",936717686594,5176091216,POINT (0.2069489779384114 0.3750890847383878),,,,,,,,,,,,,,,,,,,,,,,,,,,,,,,,,,,,,,,,,,,,,,,,,,,,,,,,,,,,,,,,,,,,,,,,,,,,,,,,,,,,,,,,,,,,,,,,,,,,,
0,15,28,"{'x': 419.32888003393566, 'y': 661.127898443011, 'elapsedTime': 26236.700000047684}",936717703260,5176107882,POINT (0.2184004583510082 0.6121554615213064),,,,,,,,,,,,,,,,,,,,,,,,,,,,,,,,,,,,,,,,,,,,,,,,,,,,,,,,,,,,,,,,,,,,,,,,,,,,,,,,,,,,,,,,,,,,,,,,,,,,,1
0,15,28,"{'x': 419.32888003393566, 'y': 661.127898443011, 'elapsedTime': 26236.700000047684}",936717719928,5176124549,POINT (0.2184004583510082 0.6121554615213064),,,,,,,,,,,,,,,,,,,,,,,,,,,,,,,,,,,,,,,,,,,,,,,,,,,,,,,,,,,,,,,,,,,,,,,,,,,,,,,,,,,,,,,,,,,,,,,,,,,,,1
0,15,28,"{'x': 419.32888003393566, 'y': 661.127898443011, 'elapsedTime': 26236.700000047684}",936717736595,5176141216,POINT (0.2184004583510082 0.6121554615213064),,,,,,,,,,,,,,,,,,,,,,,,,,,,,,,,,,,,,,,,,,,,,,,,,,,,,,,,,,,,,,,,,,,,,,,,,,,,,,,,,,,,,,,,,,,,,,,,,,,,,1
0,15,28,"{'x': 478.2095616848058, 'y': 684.6563424163152, 'elapsedTime': 26285.899999976158}",936717753262,5176157882,POINT (0.2490674800441697 0.6339410577928845),,,,,,,,,,,,,,,,,,,,,,,,,,,,,,,,,,,,,,,,,,,,,,,,,,,,,,,,,,,,,,,,,,,,,,,,,,,,,,,,,,,,,,,,,,,,,,,,,,,,,1
0,15,28,"{'x': 478.2095616848058, 'y': 684.6563424163152, 'elapsedTime': 26285.899999976158}",936717769929,5176174549,POINT (0.2490674800441697 0.6339410577928845),,,,,,,,,,,,,,,,,,,,,,,,,,,,,,,,,,,,,,,,,,,,,,,,,,,,,,,,,,,,,,,,,,,,,,,,,,,,,,,,,,,,,,,,,,,,,,,,,,,,,1
0,15,28,"{'x': 478.2095616848058, 'y': 684.6563424163152, 'elapsedTime': 26285.899999976158}",936717786601,5176191220,POINT (0.2490674800441697 0.6339410577928845),,,,,,,,,,,,,,,,,,,,,,,,,,,,,,,,,,,,,,,,,,,,,,,,,,,,,,,,,,,,,,,,,,,,,,,,,,,,,,,,,,,,,,,,,,,,,,,,,,,,,1
0,15,28,"{'x': 509.8278502524851, 'y': 706.1202742082667, 'elapsedTime': 26335.200000047684}",936717803268,5176207887,POINT (0.2655353386731693 0.653815068711358),,,,,,,,,,,,,,,,,,,,,,,,,,,,,,,,,,,,,,,,,,,,,,,,,,,,,,,,,,,,,,,,,,,,,,,,,,,,,,,,,,,,,,,,,,,,,,,,,,,,,1
0,15,28,"{'x': 509.8278502524851, 'y': 706.1202742082667, 'elapsedTime': 26335.200000047684}",936717819936,5176224554,POINT (0.2655353386731693 0.653815068711358),,,,,,,,,,,,,,,,,,,,,,,,,,,,,,,,,,,,,,,,,,,,,,,,,,,,,,,,,,,,,,,,,,,,,,,,,,,,,,,,,,,,,,,,,,,,,,,,,,,,,1
0,15,28,"{'x': 499.32741928271525, 'y': 623.8569126531081, 'elapsedTime': 26382.899999976158}",936717836602,5176241220,POINT (0.2600663642097476 0.5776452894936186),,,,,,,,,,,,,,,,,,,,,,,,,,,,,,,,,,,,,,,,,,,,,,,,,,,,,,,,,,,,,,,,,,,,,,,,,,,,,,,,,,,,,,,,,,,,,,,,,,,,1,
0,15,28,"{'x': 499.32741928271525, 'y': 623.8569126531081, 'elapsedTime': 26382.899999976158}",936717853271,5176257888,POINT (0.2600663642097476 0.5776452894936186),,,,,,,,,,,,,,,,,,,,,,,,,,,,,,,,,,,,,,,,,,,,,,,,,,,,,,,,,,,,,,,,,,,,,,,,,,,,,,,,,,,,,,,,,,,,,,,,,,,,1,
0,15,28,"{'x': 499.32741928271525, 'y': 623.8569126531081, 'elapsedTime': 26382.899999976158}",936717869937,5176274554,POINT (0.2600663642097476 0.5776452894936186),,,,,,,,,,,,,,,,,,,,,,,,,,,,,,,,,,,,,,,,,,,,,,,,,,,,,,,,,,,,,,,,,,,,,,,,,,,,,,,,,,,,,,,,,,,,,,,,,,,,1,
0,15,28,"{'x': 550.8417561291, 'y': 589.7792978864431, 'elapsedTime': 26427.800000071526}",936717886605,5176291221,POINT (0.2868967479839062 0.5460919424874474),,,,,,,,,,,,,,,,,,,,,,,,,,,,,,,,,,,,,,,,,,,,,,,,,,,,,,,,,,,,,,,,,,,,,,,,,,,,,,,,,,,,,,,,,,,,,,,,,,,,1,
0,15,28,"{'x': 550.8417561291, 'y': 589.7792978864431, 'elapsedTime': 26427.800000071526}",936717903271,5176307887,POINT (0.2868967479839062 0.5460919424874474),,,,,,,,,,,,,,,,,,,,,,,,,,,,,,,,,,,,,,,,,,,,,,,,,,,,,,,,,,,,,,,,,,,,,,,,,,,,,,,,,,,,,,,,,,,,,,,,,,,,1,
0,15,28,"{'x': 550.8417561291, 'y': 589.7792978864431, 'elapsedTime': 26427.800000071526}",936717919945,5176324560,POINT (0.2868967479839062 0.5460919424874474),,,,,,,,,,,,,,,,,,,,,,,,,,,,,,,,,,,,,,,,,,,,,,,,,,,,,,,,,,,,,,,,,,,,,,,,,,,,,,,,,,,,,,,,,,,,,,,,,,,,1,
0,15,28,"{'x': 524.3424748761012, 'y': 526.5885442449664, 'elapsedTime': 26474}",936717936612,5176341227,POINT (0.2730950389979693 0.487581985412006),,,,,,,,,,,,,,,,,,,,,,,,,,,,,,,,,,,,,,,,,,,,,,,,,,,,,,,,,,,,,,,,,,,,,,,,,,,,,,,,,,,,,,,,,,,,,,,,,,,,,
0,15,28,"{'x': 524.3424748761012, 'y': 526.5885442449664, 'elapsedTime': 26474}",936717953279,5176357893,POINT (0.2730950389979693 0.487581985412006),,,,,,,,,,,,,,,,,,,,,,,,,,,,,,,,,,,,,,,,,,,,,,,,,,,,,,,,,,,,,,,,,,,,,,,,,,,,,,,,,,,,,,,,,,,,,,,,,,,,,
0,15,28,"{'x': 524.3424748761012, 'y': 526.5885442449664, 'elapsedTime': 26474}",936717969946,5176374560,POINT (0.2730950389979693 0.487581985412006),,,,,,,,,,,,,,,,,,,,,,,,,,,,,,,,,,,,,,,,,,,,,,,,,,,,,,,,,,,,,,,,,,,,,,,,,,,,,,,,,,,,,,,,,,,,,,,,,,,,,
0,15,28,"{'x': 518.9731321905189, 'y': 478.6261099574693, 'elapsedTime': 26520.100000023842}",936717986614,5176391227,POINT (0.2702985063492286 0.4431723240346938),,,,,,,,,,,,,,,,,,,,,,,,,,,,,,,,,,,,,,,,,,,,,,,,,,,,,,,,,,,,,,,,,,,,,,,,,,,,,,,,,,,,,,,,,,,,,,,,,,,,,
0,15,28,"{'x': 518.9731321905189, 'y': 478.6261099574693, 'elapsedTime': 26520.100000023842}",936718003280,5176407893,POINT (0.2702985063492286 0.4431723240346938),,,,,,,,,,,,,,,,,,,,,,,,,,,,,,,,,,,,,,,,,,,,,,,,,,,,,,,,,,,,,,,,,,,,,,,,,,,,,,,,,,,,,,,,,,,,,,,,,,,,,
0,15,28,"{'x': 518.9731321905189, 'y': 478.6261099574693, 'elapsedTime': 26520.100000023842}",936718019948,5176424560,POINT (0.2702985063492286 0.4431723240346938),,,,,,,,,,,,,,,,,,,,,,,,,,,,,,,,,,,,,,,,,,,,,,,,,,,,,,,,,,,,,,,,,,,,,,,,,,,,,,,,,,,,,,,,,,,,,,,,,,,,,
0,15,28,"{'x': 565.1838360610296, 'y': 409.29825458287917, 'elapsedTime': 26567}",936718036615,5176441227,POINT (0.2943665812817863 0.3789798653545177),,,,,,,,,,,,,,,,,,,,,,,,,,,,,,,,,,,,,,,,,,,,,,,,,,,,,,,,,,,,,,,,,,,,,,,,,,,,,,,,,,,,,,,,,,,,,,,,,,,,,
0,15,28,"{'x': 565.1838360610296, 'y': 409.29825458287917, 'elapsedTime': 26567}",936718053284,5176457895,POINT (0.2943665812817863 0.3789798653545177),,,,,,,,,,,,,,,,,,,,,,,,,,,,,,,,,,,,,,,,,,,,,,,,,,,,,,,,,,,,,,,,,,,,,,,,,,,,,,,,,,,,,,,,,,,,,,,,,,,,,
0,15,28,"{'x': 565.1838360610296, 'y': 409.29825458287917, 'elapsedTime': 26567}",936718069951,5176474562,POINT (0.2943665812817863 0.3789798653545177),,,,,,,,,,,,,,,,,,,,,,,,,,,,,,,,,,,,,,,,,,,,,,,,,,,,,,,,,,,,,,,,,,,,,,,,,,,,,,,,,,,,,,,,,,,,,,,,,,,,,
0,15,28,"{'x': 589.1706408474636, 'y': 351.1287945365121, 'elapsedTime': 26620}",936718086619,5176491229,POINT (0.3068597087747206 0.3251192542004742),,,,,,,,,,,,,,,,,,,,,,,,,,,,,,,,,,,,,,,,,,,,,,,,,,,,,,,,,,,,,,,,,,,,,,,,,,,,,,,,,,,,,,,,,,,,,,,,,,,,,
0,15,28,"{'x': 589.1706408474636, 'y': 351.1287945365121, 'elapsedTime': 26620}",936718103287,5176507897,POINT (0.3068597087747206 0.3251192542004742),,,,,,,,,,,,,,,,,,,,,,,,,,,,,,,,,,,,,,,,,,,,,,,,,,,,,,,,,,,,,,,,,,,,,,,,,,,,,,,,,,,,,,,,,,,,,,,,,,,,,
0,15,28,"{'x': 609.442111879983, 'y': 334.5846154705432, 'elapsedTime': 26667.399999976158}",936718119955,5176524564,POINT (0.3174177666041578 0.3098005698801326),,,,,,,,,,,,,,,,,,,,,,,,,,,,,,,,,,,,,,,,,,,,,,,,,,,,,,,,,,,,,,,,,,,,,,,,,,,,,,,,,,,,,,,,,,,,,,,,,,,,,
0,15,28,"{'x': 609.442111879983, 'y': 334.5846154705432, 'elapsedTime': 26667.399999976158}",936718136622,5176541231,POINT (0.3174177666041578 0.3098005698801326),,,,,,,,,,,,,,,,,,,,,,,,,,,,,,,,,,,,,,,,,,,,,,,,,,,,,,,,,,,,,,,,,,,,,,,,,,,,,,,,,,,,,,,,,,,,,,,,,,,,,
0,15,28,"{'x': 609.442111879983, 'y': 334.5846154705432, 'elapsedTime': 26667.399999976158}",936718153289,5176557897,POINT (0.3174177666041578 0.3098005698801326),,,,,,,,,,,,,,,,,,,,,,,,,,,,,,,,,,,,,,,,,,,,,,,,,,,,,,,,,,,,,,,,,,,,,,,,,,,,,,,,,,,,,,,,,,,,,,,,,,,,,
0,15,28,"{'x': 571.5217364266529, 'y': 332.3168477519515, 'elapsedTime': 26712.700000047684}",936718169956,5176574564,POINT (0.2976675710555484 0.3077007849555107),,,,,,,,,,,,,,,,,,,,,,,,,,,,,,,,,,,,,,,,,,,,,,,,,,,,,,,,,,,,,,,,,,,,,,,,,,,,,,,,,,,,,,,,,,,,,,,,,,,,,
0,15,28,"{'x': 571.5217364266529, 'y': 332.3168477519515, 'elapsedTime': 26712.700000047684}",936718186628,5176591235,POINT (0.2976675710555484 0.3077007849555107),,,,,,,,,,,,,,,,,,,,,,,,,,,,,,,,,,,,,,,,,,,,,,,,,,,,,,,,,,,,,,,,,,,,,,,,,,,,,,,,,,,,,,,,,,,,,,,,,,,,,
0,15,28,"{'x': 571.5217364266529, 'y': 332.3168477519515, 'elapsedTime': 26712.700000047684}",936718203292,5176607899,POINT (0.2976675710555484 0.3077007849555107),,,,,,,,,,,,,,,,,,,,,,,,,,,,,,,,,,,,,,,,,,,,,,,,,,,,,,,,,,,,,,,,,,,,,,,,,,,,,,,,,,,,,,,,,,,,,,,,,,,,,
0,15,28,"{'x': 649.0245174647562, 'y': 265.80042789480854, 'elapsedTime': 26755.700000047684}",936718219960,5176624566,POINT (0.3380336028462272 0.2461115073100079),,,,,,,,,,,,,,,,,,,,,,,,,,,,,,,,,,,,,,,,,,,,,,,,,,,,,,,,,,,,,,,,,,,,,,,,,,,,,,,,,,,,,,,,,,,,,,,,,,,,1,
0,15,28,"{'x': 649.0245174647562, 'y': 265.80042789480854, 'elapsedTime': 26755.700000047684}",936718236627,5176641233,POINT (0.3380336028462272 0.2461115073100079),,,,,,,,,,,,,,,,,,,,,,,,,,,,,,,,,,,,,,,,,,,,,,,,,,,,,,,,,,,,,,,,,,,,,,,,,,,,,,,,,,,,,,,,,,,,,,,,,,,,1,
0,15,28,"{'x': 649.0245174647562, 'y': 265.80042789480854, 'elapsedTime': 26755.700000047684}",936718253294,5176657899,POINT (0.3380336028462272 0.2461115073100079),,,,,,,,,,,,,,,,,,,,,,,,,,,,,,,,,,,,,,,,,,,,,,,,,,,,,,,,,,,,,,,,,,,,,,,,,,,,,,,,,,,,,,,,,,,,,,,,,,,,1,
0,15,28,"{'x': 715.1839425307196, 'y': 282.3898186369322, 'elapsedTime': 26802.100000023842}",936718269961,5176674566,POINT (0.3724916367347498 0.2614720542934558),,,,,,,,,,,,,,,,,,,,,,,,,,,,,,,,,,,,,,,,,,,,,,,,,,,,,,,,,,,,,,,,,,,,,,,,,,,,,,,,,,,,,,,,,,,,,,,,,,,1,1,
0,15,28,"{'x': 715.1839425307196, 'y': 282.3898186369322, 'elapsedTime': 26802.100000023842}",936718286629,5176691233,POINT (0.3724916367347498 0.2614720542934558),,,,,,,,,,,,,,,,,,,,,,,,,,,,,,,,,,,,,,,,,,,,,,,,,,,,,,,,,,,,,,,,,,,,,,,,,,,,,,,,,,,,,,,,,,,,,,,,,,,1,1,
0,15,28,"{'x': 715.1839425307196, 'y': 282.3898186369322, 'elapsedTime': 26802.100000023842}",936718303295,5176707899,POINT (0.3724916367347498 0.2614720542934558),,,,,,,,,,,,,,,,,,,,,,,,,,,,,,,,,,,,,,,,,,,,,,,,,,,,,,,,,,,,,,,,,,,,,,,,,,,,,,,,,,,,,,,,,,,,,,,,,,,1,1,
0,15,28,"{'x': 650.1903849464323, 'y': 297.77609621189714, 'elapsedTime': 26852.800000071526}",936718319970,5176724573,POINT (0.3386408254929335 0.2757186076036084),,,,,,,,,,,,,,,,,,,,,,,,,,,,,,,,,,,,,,,,,,,,,,,,,,,,,,,,,,,,,,,,,,,,,,,,,,,,,,,,,,,,,,,,,,,,,,,,,,,1,1,
0,15,28,"{'x': 650.1903849464323, 'y': 297.77609621189714, 'elapsedTime': 26852.800000071526}",936718336637,5176741240,POINT (0.3386408254929335 0.2757186076036084),,,,,,,,,,,,,,,,,,,,,,,,,,,,,,,,,,,,,,,,,,,,,,,,,,,,,,,,,,,,,,,,,,,,,,,,,,,,,,,,,,,,,,,,,,,,,,,,,,,1,1,
0,15,28,"{'x': 644.6450134634143, 'y': 358.35484135098216, 'elapsedTime': 26897.600000023842}",936718353304,5176757906,POINT (0.3357526111788616 0.3318100382879464),,,,,,,,,,,,,,,,,,,,,,,,,,,,,,,,,,,,,,,,,,,,,,,,,,,,,,,,,,,,,,,,,,,,,,,,,,,,,,,,,,,,,,,,,,,,,,,,,,,,,
0,15,28,"{'x': 644.6450134634143, 'y': 358.35484135098216, 'elapsedTime': 26897.600000023842}",936718369971,5176774573,POINT (0.3357526111788616 0.3318100382879464),,,,,,,,,,,,,,,,,,,,,,,,,,,,,,,,,,,,,,,,,,,,,,,,,,,,,,,,,,,,,,,,,,,,,,,,,,,,,,,,,,,,,,,,,,,,,,,,,,,,,
0,15,28,"{'x': 644.6450134634143, 'y': 358.35484135098216, 'elapsedTime': 26897.600000023842}",936718386639,5176791240,POINT (0.3357526111788616 0.3318100382879464),,,,,,,,,,,,,,,,,,,,,,,,,,,,,,,,,,,,,,,,,,,,,,,,,,,,,,,,,,,,,,,,,,,,,,,,,,,,,,,,,,,,,,,,,,,,,,,,,,,,,
0,15,28,"{'x': 658.4985565124283, 'y': 355.021285335754, 'elapsedTime': 26943.5}",936718403305,5176807906,POINT (0.3429679981835564 0.3287234123479204),,,,,,,,,,,,,,,,,,,,,,,,,,,,,,,,,,,,,,,,,,,,,,,,,,,,,,,,,,,,,,,,,,,,,,,,,,,,,,,,,,,,,,,,,,,,,,,,,,,,,
0,15,28,"{'x': 658.4985565124283, 'y': 355.021285335754, 'elapsedTime': 26943.5}",936718419971,5176824571,POINT (0.3429679981835564 0.3287234123479204),,,,,,,,,,,,,,,,,,,,,,,,,,,,,,,,,,,,,,,,,,,,,,,,,,,,,,,,,,,,,,,,,,,,,,,,,,,,,,,,,,,,,,,,,,,,,,,,,,,,,
0,15,28,"{'x': 658.4985565124283, 'y': 355.021285335754, 'elapsedTime': 26943.5}",936718436638,5176841238,POINT (0.3429679981835564 0.3287234123479204),,,,,,,,,,,,,,,,,,,,,,,,,,,,,,,,,,,,,,,,,,,,,,,,,,,,,,,,,,,,,,,,,,,,,,,,,,,,,,,,,,,,,,,,,,,,,,,,,,,,,
0,15,28,"{'x': 618.5103616525932, 'y': 383.04675466363955, 'elapsedTime': 26992.700000047684}",936718453310,5176857909,POINT (0.3221408133607256 0.3546729209848514),,,,,,,,,,,,,,,,,,,,,,,,,,,,,,,,,,,,,,,,,,,,,,,,,,,,,,,,,,,,,,,,,,,,,,,,,,,,,,,,,,,,,,,,,,,,,,,,,,,,,
0,15,28,"{'x': 618.5103616525932, 'y': 383.04675466363955, 'elapsedTime': 26992.700000047684}",936718469977,5176874576,POINT (0.3221408133607256 0.3546729209848514),,,,,,,,,,,,,,,,,,,,,,,,,,,,,,,,,,,,,,,,,,,,,,,,,,,,,,,,,,,,,,,,,,,,,,,,,,,,,,,,,,,,,,,,,,,,,,,,,,,,,
0,15,28,"{'x': 618.5103616525932, 'y': 383.04675466363955, 'elapsedTime': 26992.700000047684}",936718486644,5176891242,POINT (0.3221408133607256 0.3546729209848514),,,,,,,,,,,,,,,,,,,,,,,,,,,,,,,,,,,,,,,,,,,,,,,,,,,,,,,,,,,,,,,,,,,,,,,,,,,,,,,,,,,,,,,,,,,,,,,,,,,,,
0,15,28,"{'x': 586.1000772399614, 'y': 460.29822130302114, 'elapsedTime': 27039}",936718503311,5176907909,POINT (0.3052604568958132 0.4262020567620566),,,,,,,,,,,,,,,,,,,,,,,,,,,,,,,,,,,,,,,,,,,,,,,,,,,,,,,,,,,,,,,,,,,,,,,,,,,,,,,,,,,,,,,,,,,,,,,,,,,,,
0,15,28,"{'x': 586.1000772399614, 'y': 460.29822130302114, 'elapsedTime': 27039}",936718519979,5176924576,POINT (0.3052604568958132 0.4262020567620566),,,,,,,,,,,,,,,,,,,,,,,,,,,,,,,,,,,,,,,,,,,,,,,,,,,,,,,,,,,,,,,,,,,,,,,,,,,,,,,,,,,,,,,,,,,,,,,,,,,,,
0,15,28,"{'x': 550.7975226965764, 'y': 433.9189401768636, 'elapsedTime': 27085.200000047684}",936718536645,5176941242,POINT (0.2868737097378002 0.4017767964600589),,,,,,,,,,,,,,,,,,,,,,,,,,,,,,,,,,,,,,,,,,,,,,,,,,,,,,,,,,,,,,,,,,,,,,,,,,,,,,,,,,,,,,,,,,,,,,,,,,,,,
0,15,28,"{'x': 550.7975226965764, 'y': 433.9189401768636, 'elapsedTime': 27085.200000047684}",936718553313,5176957909,POINT (0.2868737097378002 0.4017767964600589),,,,,,,,,,,,,,,,,,,,,,,,,,,,,,,,,,,,,,,,,,,,,,,,,,,,,,,,,,,,,,,,,,,,,,,,,,,,,,,,,,,,,,,,,,,,,,,,,,,,,
0,15,28,"{'x': 550.7975226965764, 'y': 433.9189401768636, 'elapsedTime': 27085.200000047684}",936718569980,5176974576,POINT (0.2868737097378002 0.4017767964600589),,,,,,,,,,,,,,,,,,,,,,,,,,,,,,,,,,,,,,,,,,,,,,,,,,,,,,,,,,,,,,,,,,,,,,,,,,,,,,,,,,,,,,,,,,,,,,,,,,,,,
0,15,28,"{'x': 595.5694860301113, 'y': 426.8221563716551, 'elapsedTime': 27130.200000047684}",936718586652,5176991247,POINT (0.310192440640683 0.3952057003441251),,,,,,,,,,,,,,,,,,,,,,,,,,,,,,,,,,,,,,,,,,,,,,,,,,,,,,,,,,,,,,,,,,,,,,,,,,,,,,,,,,,,,,,,,,,,,,,,,,,,,
0,15,28,"{'x': 595.5694860301113, 'y': 426.8221563716551, 'elapsedTime': 27130.200000047684}",936718603319,5177007914,POINT (0.310192440640683 0.3952057003441251),,,,,,,,,,,,,,,,,,,,,,,,,,,,,,,,,,,,,,,,,,,,,,,,,,,,,,,,,,,,,,,,,,,,,,,,,,,,,,,,,,,,,,,,,,,,,,,,,,,,,
0,15,28,"{'x': 595.5694860301113, 'y': 426.8221563716551, 'elapsedTime': 27130.200000047684}",936718619987,5177024581,POINT (0.310192440640683 0.3952057003441251),,,,,,,,,,,,,,,,,,,,,,,,,,,,,,,,,,,,,,,,,,,,,,,,,,,,,,,,,,,,,,,,,,,,,,,,,,,,,,,,,,,,,,,,,,,,,,,,,,,,,
0,15,28,"{'x': 611.3553984965256, 'y': 434.4630222292959, 'elapsedTime': 27176.899999976158}",936718636653,5177041247,POINT (0.3184142700502737 0.402280576138237),,,,,,,,,,,,,,,,,,,,,,,,,,,,,,,,,,,,,,,,,,,,,,,,,,,,,,,,,,,,,,,,,,,,,,,,,,,,,,,,,,,,,,,,,,,,,,,,,,,,,
0,15,28,"{'x': 611.3553984965256, 'y': 434.4630222292959, 'elapsedTime': 27176.899999976158}",936718653321,5177057914,POINT (0.3184142700502737 0.402280576138237),,,,,,,,,,,,,,,,,,,,,,,,,,,,,,,,,,,,,,,,,,,,,,,,,,,,,,,,,,,,,,,,,,,,,,,,,,,,,,,,,,,,,,,,,,,,,,,,,,,,,
0,15,28,"{'x': 611.3553984965256, 'y': 434.4630222292959, 'elapsedTime': 27176.899999976158}",936718669987,5177074580,POINT (0.3184142700502737 0.402280576138237),,,,,,,,,,,,,,,,,,,,,,,,,,,,,,,,,,,,,,,,,,,,,,,,,,,,,,,,,,,,,,,,,,,,,,,,,,,,,,,,,,,,,,,,,,,,,,,,,,,,,
0,15,28,"{'x': 581.4753660300757, 'y': 371.14846917814276, 'elapsedTime': 27224}",936718686655,5177091247,POINT (0.3028517531406644 0.3436559899797618),,,,,,,,,,,,,,,,,,,,,,,,,,,,,,,,,,,,,,,,,,,,,,,,,,,,,,,,,,,,,,,,,,,,,,,,,,,,,,,,,,,,,,,,,,,,,,,,,,,,,
0,15,28,"{'x': 581.4753660300757, 'y': 371.14846917814276, 'elapsedTime': 27224}",936718703327,5177107919,POINT (0.3028517531406644 0.3436559899797618),,,,,,,,,,,,,,,,,,,,,,,,,,,,,,,,,,,,,,,,,,,,,,,,,,,,,,,,,,,,,,,,,,,,,,,,,,,,,,,,,,,,,,,,,,,,,,,,,,,,,
0,15,28,"{'x': 581.4753660300757, 'y': 371.14846917814276, 'elapsedTime': 27224}",936718719995,5177124586,POINT (0.3028517531406644 0.3436559899797618),,,,,,,,,,,,,,,,,,,,,,,,,,,,,,,,,,,,,,,,,,,,,,,,,,,,,,,,,,,,,,,,,,,,,,,,,,,,,,,,,,,,,,,,,,,,,,,,,,,,,
0,15,28,"{'x': 611.9821834828942, 'y': 324.1814415986113, 'elapsedTime': 27268.300000071526}",936718736661,5177141252,POINT (0.3187407205640074 0.3001680014801956),,,,,,,,,,,,,,,,,,,,,,,,,,,,,,,,,,,,,,,,,,,,,,,,,,,,,,,,,,,,,,,,,,,,,,,,,,,,,,,,,,,,,,,,,,,,,,,,,,,,1,
0,15,28,"{'x': 611.9821834828942, 'y': 324.1814415986113, 'elapsedTime': 27268.300000071526}",936718753328,5177157918,POINT (0.3187407205640074 0.3001680014801956),,,,,,,,,,,,,,,,,,,,,,,,,,,,,,,,,,,,,,,,,,,,,,,,,,,,,,,,,,,,,,,,,,,,,,,,,,,,,,,,,,,,,,,,,,,,,,,,,,,,1,
0,15,28,"{'x': 611.9821834828942, 'y': 324.1814415986113, 'elapsedTime': 27268.300000071526}",936718769995,5177174585,POINT (0.3187407205640074 0.3001680014801956),,,,,,,,,,,,,,,,,,,,,,,,,,,,,,,,,,,,,,,,,,,,,,,,,,,,,,,,,,,,,,,,,,,,,,,,,,,,,,,,,,,,,,,,,,,,,,,,,,,,1,
0,15,28,"{'x': 611.415793532581, 'y': 287.0596509578215, 'elapsedTime': 27314.5}",936718786663,5177191252,POINT (0.3184457257982193 0.265795973109094),,,,,,,,,,,,,,,,,,,,,,,,,,,,,,,,,,,,,,,,,,,,,,,,,,,,,,,,,,,,,,,,,,,,,,,,,,,,,,,,,,,,,,,,,,,,,,,,,,,1,1,
0,15,28,"{'x': 611.415793532581, 'y': 287.0596509578215, 'elapsedTime': 27314.5}",936718803330,5177207919,POINT (0.3184457257982193 0.265795973109094),,,,,,,,,,,,,,,,,,,,,,,,,,,,,,,,,,,,,,,,,,,,,,,,,,,,,,,,,,,,,,,,,,,,,,,,,,,,,,,,,,,,,,,,,,,,,,,,,,,1,1,
0,15,28,"{'x': 594.6195172784487, 'y': 262.175012369748, 'elapsedTime': 27365.300000071526}",936718819998,5177224586,POINT (0.309697665249192 0.2427546410831),,,,,,,,,,,,,,,,,,,,,,,,,,,,,,,,,,,,,,,,,,,,,,,,,,,,,,,,,,,,,,,,,,,,,,,,,,,,,,,,,,,,,,,,,,,,,,,,,,,,1,
0,15,28,"{'x': 594.6195172784487, 'y': 262.175012369748, 'elapsedTime': 27365.300000071526}",936718836668,5177241256,POINT (0.309697665249192 0.2427546410831),,,,,,,,,,,,,,,,,,,,,,,,,,,,,,,,,,,,,,,,,,,,,,,,,,,,,,,,,,,,,,,,,,,,,,,,,,,,,,,,,,,,,,,,,,,,,,,,,,,,1,
0,15,28,"{'x': 594.6195172784487, 'y': 262.175012369748, 'elapsedTime': 27365.300000071526}",936718853335,5177257922,POINT (0.309697665249192 0.2427546410831),,,,,,,,,,,,,,,,,,,,,,,,,,,,,,,,,,,,,,,,,,,,,,,,,,,,,,,,,,,,,,,,,,,,,,,,,,,,,,,,,,,,,,,,,,,,,,,,,,,,1,
0,15,28,"{'x': 620.6221222148811, 'y': 192.13383555502716, 'elapsedTime': 27410.600000023842}",936718870003,5177274590,POINT (0.3232406886535839 0.1779016995879881),,,,,,,,,,,,,,,,,,,,,,,,,,,,,,,,,,,,,,,,,,,,,,,,,,,,,,,,,,,,,,,,,,,,,,,,,,,,,,,,,,,,,,,,,,,,,,,,,,,,,
0,15,28,"{'x': 620.6221222148811, 'y': 192.13383555502716, 'elapsedTime': 27410.600000023842}",936718886670,5177291256,POINT (0.3232406886535839 0.1779016995879881),,,,,,,,,,,,,,,,,,,,,,,,,,,,,,,,,,,,,,,,,,,,,,,,,,,,,,,,,,,,,,,,,,,,,,,,,,,,,,,,,,,,,,,,,,,,,,,,,,,,,
0,15,28,"{'x': 620.6221222148811, 'y': 192.13383555502716, 'elapsedTime': 27410.600000023842}",936718903336,5177307922,POINT (0.3232406886535839 0.1779016995879881),,,,,,,,,,,,,,,,,,,,,,,,,,,,,,,,,,,,,,,,,,,,,,,,,,,,,,,,,,,,,,,,,,,,,,,,,,,,,,,,,,,,,,,,,,,,,,,,,,,,,
0,15,28,"{'x': 599.5821297509244, 'y': 221.28791184050436, 'elapsedTime': 27455.399999976158}",936718920004,5177324589,POINT (0.3122823592452731 0.2048962146671337),,,,,,,,,,,,,,,,,,,,,,,,,,,,,,,,,,,,,,,,,,,,,,,,,,,,,,,,,,,,,,,,,,,,,,,,,,,,,,,,,,,,,,,,,,,,,,,,,,,,,
0,15,28,"{'x': 599.5821297509244, 'y': 221.28791184050436, 'elapsedTime': 27455.399999976158}",936718936671,5177341256,POINT (0.3122823592452731 0.2048962146671337),,,,,,,,,,,,,,,,,,,,,,,,,,,,,,,,,,,,,,,,,,,,,,,,,,,,,,,,,,,,,,,,,,,,,,,,,,,,,,,,,,,,,,,,,,,,,,,,,,,,,
0,15,28,"{'x': 601.7057572325983, 'y': 196.43951448202156, 'elapsedTime': 27501.300000071526}",936718953339,5177357923,POINT (0.3133884152253116 0.1818884393352052),,,,,,,,,,,,,,,,,,,,,,,,,,,,,,,,,,,,,,,,,,,,,,,,,,,,,,,,,,,,,,,,,,,,,,,,,,,,,,,,,,,,,,,,,,,,,,,,,,,,,
0,15,28,"{'x': 601.7057572325983, 'y': 196.43951448202156, 'elapsedTime': 27501.300000071526}",936718970011,5177374595,POINT (0.3133884152253116 0.1818884393352052),,,,,,,,,,,,,,,,,,,,,,,,,,,,,,,,,,,,,,,,,,,,,,,,,,,,,,,,,,,,,,,,,,,,,,,,,,,,,,,,,,,,,,,,,,,,,,,,,,,,,
0,15,28,"{'x': 601.7057572325983, 'y': 196.43951448202156, 'elapsedTime': 27501.300000071526}",936718986678,5177391261,POINT (0.3133884152253116 0.1818884393352052),,,,,,,,,,,,,,,,,,,,,,,,,,,,,,,,,,,,,,,,,,,,,,,,,,,,,,,,,,,,,,,,,,,,,,,,,,,,,,,,,,,,,,,,,,,,,,,,,,,,,
0,15,28,"{'x': 601.7057572325983, 'y': 196.43951448202156, 'elapsedTime': 27501.300000071526}",936719003345,5177407928,POINT (0.3133884152253116 0.1818884393352052),,,,,,,,,,,,,,,,,,,,,,,,,,,,,,,,,,,,,,,,,,,,,,,,,,,,,,,,,,,,,,,,,,,,,,,,,,,,,,,,,,,,,,,,,,,,,,,,,,,,,
0,15,28,"{'x': 696.9593809637763, 'y': 214.55286566515713, 'elapsedTime': 27545.899999976158}",936719020012,5177424594,POINT (0.3629996775853002 0.1986600608010714),,,,,,,,,,,,,,,,,,,,,,,,,,,,,,,,,,,,,,,,,,,,,,,,,,,,,,,,,,,,,,,,,,,,,,,,,,,,,,,,,,,,,,,,,,,,,,,,,,,,,
0,15,28,"{'x': 696.9593809637763, 'y': 214.55286566515713, 'elapsedTime': 27545.899999976158}",936719036679,5177441261,POINT (0.3629996775853002 0.1986600608010714),,,,,,,,,,,,,,,,,,,,,,,,,,,,,,,,,,,,,,,,,,,,,,,,,,,,,,,,,,,,,,,,,,,,,,,,,,,,,,,,,,,,,,,,,,,,,,,,,,,,,
0,15,28,"{'x': 696.9593809637763, 'y': 214.55286566515713, 'elapsedTime': 27545.899999976158}",936719053347,5177457928,POINT (0.3629996775853002 0.1986600608010714),,,,,,,,,,,,,,,,,,,,,,,,,,,,,,,,,,,,,,,,,,,,,,,,,,,,,,,,,,,,,,,,,,,,,,,,,,,,,,,,,,,,,,,,,,,,,,,,,,,,,
0,15,28,"{'x': 741.7876824287125, 'y': 121.45795638984806, 'elapsedTime': 27605.100000023842}",936719070013,5177474594,POINT (0.3863477512649544 0.1124610707313408),,,,,,,,,,,,,,,,,,,,,,,,,,,,,,,,,,,,,,,,,,,,,,,,,,,,,,,,,,,,,,,,,,,,,,,,,,,,,,,,,,,,,,,,,,,,,,,,,,,,,
0,15,28,"{'x': 741.7876824287125, 'y': 121.45795638984806, 'elapsedTime': 27605.100000023842}",936719086681,5177491261,POINT (0.3863477512649544 0.1124610707313408),,,,,,,,,,,,,,,,,,,,,,,,,,,,,,,,,,,,,,,,,,,,,,,,,,,,,,,,,,,,,,,,,,,,,,,,,,,,,,,,,,,,,,,,,,,,,,,,,,,,,
0,15,28,"{'x': 741.7876824287125, 'y': 121.45795638984806, 'elapsedTime': 27605.100000023842}",936719103351,5177507931,POINT (0.3863477512649544 0.1124610707313408),,,,,,,,,,,,,,,,,,,,,,,,,,,,,,,,,,,,,,,,,,,,,,,,,,,,,,,,,,,,,,,,,,,,,,,,,,,,,,,,,,,,,,,,,,,,,,,,,,,,,
0,15,28,"{'x': 783.7567284001639, 'y': 155.16938542920104, 'elapsedTime': 27651.899999976158}",936719120018,5177524597,POINT (0.4082066293750853 0.1436753568788898),,,,,,,,,,,,,,,,,,,,,,,,,,,,,,,,,,,,,,,,,,,,,,,,,,,,,,,,,,,,,,,,,,,,,,,,,,,,,,,,,,,,,,,,,,,,,,,,,,,1,,
0,15,28,"{'x': 783.7567284001639, 'y': 155.16938542920104, 'elapsedTime': 27651.899999976158}",936719136685,5177541264,POINT (0.4082066293750853 0.1436753568788898),,,,,,,,,,,,,,,,,,,,,,,,,,,,,,,,,,,,,,,,,,,,,,,,,,,,,,,,,,,,,,,,,,,,,,,,,,,,,,,,,,,,,,,,,,,,,,,,,,,1,,
0,15,28,"{'x': 754.7349118778667, 'y': 239.15779936786424, 'elapsedTime': 27696}",936719153352,5177557930,POINT (0.3930910999363889 0.2214424068220965),,,,,,,,,,,,,,,,,,,,,,,,,,,,,,,,,,,,,,,,,,,,,,,,,,,,,,,,,,,,,,,,,,,,,,,,,,,,,,,,,,,,,,,,,,,,,,,,,,,,1,
0,15,28,"{'x': 754.7349118778667, 'y': 239.15779936786424, 'elapsedTime': 27696}",936719170019,5177574597,POINT (0.3930910999363889 0.2214424068220965),,,,,,,,,,,,,,,,,,,,,,,,,,,,,,,,,,,,,,,,,,,,,,,,,,,,,,,,,,,,,,,,,,,,,,,,,,,,,,,,,,,,,,,,,,,,,,,,,,,,1,
0,15,28,"{'x': 754.7349118778667, 'y': 239.15779936786424, 'elapsedTime': 27696}",936719186687,5177591264,POINT (0.3930910999363889 0.2214424068220965),,,,,,,,,,,,,,,,,,,,,,,,,,,,,,,,,,,,,,,,,,,,,,,,,,,,,,,,,,,,,,,,,,,,,,,,,,,,,,,,,,,,,,,,,,,,,,,,,,,,1,
0,15,28,"{'x': 746.6389550286389, 'y': 260.4730754932833, 'elapsedTime': 27741}",936719203353,5177607930,POINT (0.3888744557440828 0.241178773604892),,,,,,,,,,,,,,,,,,,,,,,,,,,,,,,,,,,,,,,,,,,,,,,,,,,,,,,,,,1,,,,,,,,,,,,,,,,,,,,,,,,,,,,,,,,,,,,,,,,,,1,
0,15,28,"{'x': 746.6389550286389, 'y': 260.4730754932833, 'elapsedTime': 27741}",936719220021,5177624597,POINT (0.3888744557440828 0.241178773604892),,,,,,,,,,,,,,,,,,,,,,,,,,,,,,,,,,,,,,,,,,,,,,,,,,,,,,,,,,1,,,,,,,,,,,,,,,,,,,,,,,,,,,,,,,,,,,,,,,,,,1,
0,15,28,"{'x': 746.6389550286389, 'y': 260.4730754932833, 'elapsedTime': 27741}",936719236697,5177641273,POINT (0.3888744557440828 0.241178773604892),,,,,,,,,,,,,,,,,,,,,,,,,,,,,,,,,,,,,,,,,,,,,,,,,,,,,,,,,,1,,,,,,,,,,,,,,,,,,,,,,,,,,,,,,,,,,,,,,,,,,1,
0,15,28,"{'x': 801.9613271916421, 'y': 244.62365300716124, 'elapsedTime': 27787.5}",936719253365,5177657940,POINT (0.4176881912456469 0.2265033824140382),,,,,,,,,,,,,,,,,,,,,,,,,,,,,,,,,,,,,,,,,,,,,,,,,,,,,,,,,,,,,,,,,,,,,,,,,,,,,,,,,,,,,,,,,,,,,,,,,,,,1,
0,15,28,"{'x': 801.9613271916421, 'y': 244.62365300716124, 'elapsedTime': 27787.5}",936719270031,5177674606,POINT (0.4176881912456469 0.2265033824140382),,,,,,,,,,,,,,,,,,,,,,,,,,,,,,,,,,,,,,,,,,,,,,,,,,,,,,,,,,,,,,,,,,,,,,,,,,,,,,,,,,,,,,,,,,,,,,,,,,,,1,
0,15,28,"{'x': 801.9613271916421, 'y': 244.62365300716124, 'elapsedTime': 27787.5}",936719286698,5177691272,POINT (0.4176881912456469 0.2265033824140382),,,,,,,,,,,,,,,,,,,,,,,,,,,,,,,,,,,,,,,,,,,,,,,,,,,,,,,,,,,,,,,,,,,,,,,,,,,,,,,,,,,,,,,,,,,,,,,,,,,,1,
0,15,28,"{'x': 792.7578716182657, 'y': 258.31807487762995, 'elapsedTime': 27841}",936719303366,5177707940,POINT (0.41289472480118 0.2391834026644722),,,,,,,,,,,,,,,,,,,,,,,,,,,,,,,,,,,,,,,,,,,,,,,,,,,,,,,,,,,,,,,,,,,,,,,,,,,,,,,,,,,,,,,,,,,,,,,,,,,,1,
0,15,28,"{'x': 792.7578716182657, 'y': 258.31807487762995, 'elapsedTime': 27841}",936719320033,5177724606,POINT (0.41289472480118 0.2391834026644722),,,,,,,,,,,,,,,,,,,,,,,,,,,,,,,,,,,,,,,,,,,,,,,,,,,,,,,,,,,,,,,,,,,,,,,,,,,,,,,,,,,,,,,,,,,,,,,,,,,,1,
0,15,28,"{'x': 792.7578716182657, 'y': 258.31807487762995, 'elapsedTime': 27841}",936719336700,5177741273,POINT (0.41289472480118 0.2391834026644722),,,,,,,,,,,,,,,,,,,,,,,,,,,,,,,,,,,,,,,,,,,,,,,,,,,,,,,,,,,,,,,,,,,,,,,,,,,,,,,,,,,,,,,,,,,,,,,,,,,,1,
0,15,28,"{'x': 819.5627433631167, 'y': 288.02052019300254, 'elapsedTime': 27888.700000047684}",936719353368,5177757940,POINT (0.4268555955016233 0.2666856668453727),,,,,,,,,,,,,,,,,,,,,,,,,,,,,,,,,,,,,,,,,,,,,,,,,,,,,,,,,,,,,,,,,,,,,,,,,,,,,,,,,,,,,,,,,,,,,,,,,,,1,1,
0,15,28,"{'x': 819.5627433631167, 'y': 288.02052019300254, 'elapsedTime': 27888.700000047684}",936719370035,5177774607,POINT (0.4268555955016233 0.2666856668453727),,,,,,,,,,,,,,,,,,,,,,,,,,,,,,,,,,,,,,,,,,,,,,,,,,,,,,,,,,,,,,,,,,,,,,,,,,,,,,,,,,,,,,,,,,,,,,,,,,,1,1,
0,15,28,"{'x': 819.5627433631167, 'y': 288.02052019300254, 'elapsedTime': 27888.700000047684}",936719386703,5177791274,POINT (0.4268555955016233 0.2666856668453727),,,,,,,,,,,,,,,,,,,,,,,,,,,,,,,,,,,,,,,,,,,,,,,,,,,,,,,,,,,,,,,,,,,,,,,,,,,,,,,,,,,,,,,,,,,,,,,,,,,1,1,
0,15,28,"{'x': 876.6527224070605, 'y': 298.64467525369764, 'elapsedTime': 27937.200000047684}",936719403370,5177807941,POINT (0.4565899595870107 0.2765228474571275),,,,,,,,,,,,,,,,,,,,,,,,,,,,,,,,,,,,,,,,,,,,,,,,,,,,,,,,,,,,,,,,,,,,,,,,,,,,,,,,,,,,,,1,,,,,,,,,,,,,1,1,
0,15,28,"{'x': 876.6527224070605, 'y': 298.64467525369764, 'elapsedTime': 27937.200000047684}",936719420037,5177824607,POINT (0.4565899595870107 0.2765228474571275),,,,,,,,,,,,,,,,,,,,,,,,,,,,,,,,,,,,,,,,,,,,,,,,,,,,,,,,,,,,,,,,,,,,,,,,,,,,,,,,,,,,,,1,,,,,,,,,,,,,1,1,
0,15,28,"{'x': 915.5601711102566, 'y': 340.21714937091974, 'elapsedTime': 27981.800000071526}",936719436704,5177841274,POINT (0.476854255786592 0.3150158790471479),,,,,,,,,,,,,,,,,,,,,,,,,,,,,,,,,,,,,,,,,,,,,,,,,,,,,,,,,,,,,,,,,,,,,,,,,,,,,,,,,,,,,,,,,,,,,,,,,,,,1,
0,15,28,"{'x': 915.5601711102566, 'y': 340.21714937091974, 'elapsedTime': 27981.800000071526}",936719453371,5177857940,POINT (0.476854255786592 0.3150158790471479),,,,,,,,,,,,,,,,,,,,,,,,,,,,,,,,,,,,,,,,,,,,,,,,,,,,,,,,,,,,,,,,,,,,,,,,,,,,,,,,,,,,,,,,,,,,,,,,,,,,1,
0,15,28,"{'x': 915.5601711102566, 'y': 340.21714937091974, 'elapsedTime': 27981.800000071526}",936719470038,5177874607,POINT (0.476854255786592 0.3150158790471479),,,,,,,,,,,,,,,,,,,,,,,,,,,,,,,,,,,,,,,,,,,,,,,,,,,,,,,,,,,,,,,,,,,,,,,,,,,,,,,,,,,,,,,,,,,,,,,,,,,,1,
0,15,28,"{'x': 971.0287191750227, 'y': 268.7852454506682, 'elapsedTime': 28027.399999976158}",936719486706,5177891274,POINT (0.5057441245703244 0.2488752272691372),,,,,,,,,,,,,,,,,,,,,,,,,,,,,,,,,,,,,,,,,,,,,,,,,,,,,,,,,,,,,,,,,,,,,,,,,,,,,,,,,,,,,,,,,,,,,,,,,,,1,1,
0,15,28,"{'x': 971.0287191750227, 'y': 268.7852454506682, 'elapsedTime': 28027.399999976158}",936719503377,5177907945,POINT (0.5057441245703244 0.2488752272691372),,,,,,,,,,,,,,,,,,,,,,,,,,,,,,,,,,,,,,,,,,,,,,,,,,,,,,,,,,,,,,,,,,,,,,,,,,,,,,,,,,,,,,,,,,,,,,,,,,,1,1,
0,15,28,"{'x': 971.0287191750227, 'y': 268.7852454506682, 'elapsedTime': 28027.399999976158}",936719520045,5177924612,POINT (0.5057441245703244 0.2488752272691372),,,,,,,,,,,,,,,,,,,,,,,,,,,,,,,,,,,,,,,,,,,,,,,,,,,,,,,,,,,,,,,,,,,,,,,,,,,,,,,,,,,,,,,,,,,,,,,,,,,1,1,
0,15,28,"{'x': 1089.4952223615326, 'y': 245.70126591944066, 'elapsedTime': 28075.5}",936719536711,5177941278,POINT (0.5674454283132983 0.2275011721476302),,,,,,,,,,,,,,,,,,,,,,,,,,,,,,,,,,,,,,,,,,,,,,,,,,,,,,,,,,,,,,,,1,,,,,,,,,,,,,,,,,,,,,,,,,,,,,,,,,,,1,1,
0,15,28,"{'x': 1089.4952223615326, 'y': 245.70126591944066, 'elapsedTime': 28075.5}",936719553379,5177957945,POINT (0.5674454283132983 0.2275011721476302),,,,,,,,,,,,,,,,,,,,,,,,,,,,,,,,,,,,,,,,,,,,,,,,,,,,,,,,,,,,,,,,1,,,,,,,,,,,,,,,,,,,,,,,,,,,,,,,,,,,1,1,
0,15,28,"{'x': 1089.4952223615326, 'y': 245.70126591944066, 'elapsedTime': 28075.5}",936719570046,5177974612,POINT (0.5674454283132983 0.2275011721476302),,,,,,,,,,,,,,,,,,,,,,,,,,,,,,,,,,,,,,,,,,,,,,,,,,,,,,,,,,,,,,,,1,,,,,,,,,,,,,,,,,,,,,,,,,,,,,,,,,,,1,1,
0,15,28,"{'x': 1209.1706088974142, 'y': 183.9963268523779, 'elapsedTime': 28121.800000071526}",936719586714,5177991279,POINT (0.6297763588007366 0.1703669693077573),,,,,,,,,,,,,,,,,,,,,,,,,,,,,,,,,,,,,,,,,,,,,,,,,,,,,,,,,,,,,,,,,,,,,,,,,,,,,,,,,,,,,,,,,,,,,,,,,,,1,,
0,15,28,"{'x': 1209.1706088974142, 'y': 183.9963268523779, 'elapsedTime': 28121.800000071526}",936719603380,5178007945,POINT (0.6297763588007366 0.1703669693077573),,,,,,,,,,,,,,,,,,,,,,,,,,,,,,,,,,,,,,,,,,,,,,,,,,,,,,,,,,,,,,,,,,,,,,,,,,,,,,,,,,,,,,,,,,,,,,,,,,,1,,
0,15,28,"{'x': 1209.1706088974142, 'y': 183.9963268523779, 'elapsedTime': 28121.800000071526}",936719620052,5178024616,POINT (0.6297763588007366 0.1703669693077573),,,,,,,,,,,,,,,,,,,,,,,,,,,,,,,,,,,,,,,,,,,,,,,,,,,,,,,,,,,,,,,,,,,,,,,,,,,,,,,,,,,,,,,,,,,,,,,,,,,1,,
0,15,28,"{'x': 1195.6688709788157, 'y': 93.24561267747153, 'elapsedTime': 28168.899999976158}",936719636720,5178041284,POINT (0.6227442036347999 0.0863385302569181),,,,,,,,,,,,,,,,,,,,,,,,,,,,,,,,,,,,,,,,,,,,,,,,,,,,,,,,,,,,,,,,,,,,,,,,,,,,,,,,,,,,,,,,,,,,,,,,,,,,,
0,15,28,"{'x': 1195.6688709788157, 'y': 93.24561267747153, 'elapsedTime': 28168.899999976158}",936719653387,5178057950,POINT (0.6227442036347999 0.0863385302569181),,,,,,,,,,,,,,,,,,,,,,,,,,,,,,,,,,,,,,,,,,,,,,,,,,,,,,,,,,,,,,,,,,,,,,,,,,,,,,,,,,,,,,,,,,,,,,,,,,,,,
0,15,28,"{'x': 1195.6688709788157, 'y': 93.24561267747153, 'elapsedTime': 28168.899999976158}",936719670054,5178074617,POINT (0.6227442036347999 0.0863385302569181),,,,,,,,,,,,,,,,,,,,,,,,,,,,,,,,,,,,,,,,,,,,,,,,,,,,,,,,,,,,,,,,,,,,,,,,,,,,,,,,,,,,,,,,,,,,,,,,,,,,,
0,15,28,"{'x': 1150.3614298987743, 'y': 107.81333799103604, 'elapsedTime': 28217}",936719686722,5178091284,POINT (0.5991465780722783 0.0998271648065148),,,,,,,,,,,,,,,,,,,,,,,,,,,,,,,,,,,,,,,,,,,,,,,,,,,,,,,,,,,,,,,,,,,,,,,,,,,,,,,,,,,,,,,,,,,,,,,,,,,,,
0,15,28,"{'x': 1150.3614298987743, 'y': 107.81333799103604, 'elapsedTime': 28217}",936719703388,5178107950,POINT (0.5991465780722783 0.0998271648065148),,,,,,,,,,,,,,,,,,,,,,,,,,,,,,,,,,,,,,,,,,,,,,,,,,,,,,,,,,,,,,,,,,,,,,,,,,,,,,,,,,,,,,,,,,,,,,,,,,,,,
0,15,28,"{'x': 1107.6954196164968, 'y': 67.18762519226941, 'elapsedTime': 28262.800000071526}",936719720056,5178124617,POINT (0.5769246977169254 0.0622107640669161),,,,,,,,,,,,,,,,,,,,,,,,,,,,,,,,,,,,,,,,,,,,,,,,,,,,,,,,,,,,,,,,,,,,,,,,,,,,,,,,,,,,,,,,,,,,,,,,,,,,,
0,15,28,"{'x': 1107.6954196164968, 'y': 67.18762519226941, 'elapsedTime': 28262.800000071526}",936719736723,5178141284,POINT (0.5769246977169254 0.0622107640669161),,,,,,,,,,,,,,,,,,,,,,,,,,,,,,,,,,,,,,,,,,,,,,,,,,,,,,,,,,,,,,,,,,,,,,,,,,,,,,,,,,,,,,,,,,,,,,,,,,,,,
0,15,28,"{'x': 1107.6954196164968, 'y': 67.18762519226941, 'elapsedTime': 28262.800000071526}",936719753391,5178157951,POINT (0.5769246977169254 0.0622107640669161),,,,,,,,,,,,,,,,,,,,,,,,,,,,,,,,,,,,,,,,,,,,,,,,,,,,,,,,,,,,,,,,,,,,,,,,,,,,,,,,,,,,,,,,,,,,,,,,,,,,,
0,15,28,"{'x': 1202.0081659497162, 'y': 1.7525049501360428, 'elapsedTime': 28309.5}",936719770058,5178174618,POINT (0.6260459197654772 0.0016226897686445),,,,,,,,,,,,,,,,,,,,,,,,,,,,,,,,,,,,,,,,,,,,,,,,,,,,,,,,,,,,,,,,,,,,,,,,,,,,,,,,,,,,,,,,,,,,,,,,,,,,,
0,15,28,"{'x': 1202.0081659497162, 'y': 1.7525049501360428, 'elapsedTime': 28309.5}",936719786725,5178191284,POINT (0.6260459197654772 0.0016226897686445),,,,,,,,,,,,,,,,,,,,,,,,,,,,,,,,,,,,,,,,,,,,,,,,,,,,,,,,,,,,,,,,,,,,,,,,,,,,,,,,,,,,,,,,,,,,,,,,,,,,,
0,15,28,"{'x': 1202.0081659497162, 'y': 1.7525049501360428, 'elapsedTime': 28309.5}",936719803392,5178207951,POINT (0.6260459197654772 0.0016226897686445),,,,,,,,,,,,,,,,,,,,,,,,,,,,,,,,,,,,,,,,,,,,,,,,,,,,,,,,,,,,,,,,,,,,,,,,,,,,,,,,,,,,,,,,,,,,,,,,,,,,,
0,15,28,"{'x': 1239.1697373805525, 'y': -6.928097032910745, 'elapsedTime': 28357.899999976158}",936719820060,5178224618,POINT (0.6454009048857045 -0.0064149046601025),,,,,,,,,,,,,,,,,,,,,,,,,,,,,,,,,,,,,,,,,,,,,,,,,,,,,,,,,,,,,,,,,,,,,,,,,,,,,,,,,,,,,,,,,,,,,,,,,,,,,
0,15,28,"{'x': 1239.1697373805525, 'y': -6.928097032910745, 'elapsedTime': 28357.899999976158}",936719836726,5178241284,POINT (0.6454009048857045 -0.0064149046601025),,,,,,,,,,,,,,,,,,,,,,,,,,,,,,,,,,,,,,,,,,,,,,,,,,,,,,,,,,,,,,,,,,,,,,,,,,,,,,,,,,,,,,,,,,,,,,,,,,,,,
0,15,28,"{'x': 1239.1697373805525, 'y': -6.928097032910745, 'elapsedTime': 28357.899999976158}",936719853394,5178257951,POINT (0.6454009048857045 -0.0064149046601025),,,,,,,,,,,,,,,,,,,,,,,,,,,,,,,,,,,,,,,,,,,,,,,,,,,,,,,,,,,,,,,,,,,,,,,,,,,,,,,,,,,,,,,,,,,,,,,,,,,,,
0,15,28,"{'x': 1324.3681809595669, 'y': -20.804022222725855, 'elapsedTime': 28405.600000023842}",936719870060,5178274617,POINT (0.6897750942497745 -0.019262983539561),,,,,,,,,,,,,,,,,,,,,,,,,,,,,,,,,,,,,,,,,,,,,,,,,,,,,,,,,,,,,,,,,,,,,,,,,,,,,,,,,,,,,,,,,,,,,,,,,,,,,
0,15,28,"{'x': 1324.3681809595669, 'y': -20.804022222725855, 'elapsedTime': 28405.600000023842}",936719886737,5178291293,POINT (0.6897750942497745 -0.019262983539561),,,,,,,,,,,,,,,,,,,,,,,,,,,,,,,,,,,,,,,,,,,,,,,,,,,,,,,,,,,,,,,,,,,,,,,,,,,,,,,,,,,,,,,,,,,,,,,,,,,,,
0,15,28,"{'x': 1324.3681809595669, 'y': -20.804022222725855, 'elapsedTime': 28405.600000023842}",936719903403,5178307959,POINT (0.6897750942497745 -0.019262983539561),,,,,,,,,,,,,,,,,,,,,,,,,,,,,,,,,,,,,,,,,,,,,,,,,,,,,,,,,,,,,,,,,,,,,,,,,,,,,,,,,,,,,,,,,,,,,,,,,,,,,
0,15,28,"{'x': 1311.3175865843848, 'y': -40.21717877595326, 'elapsedTime': 28453}",936719920070,5178324625,POINT (0.6829779096793671 -0.037238128496253),,,,,,,,,,,,,,,,,,,,,,,,,,,,,,,,,,,,,,,,,,,,,,,,,,,,,,,,,,,,,,,,,,,,,,,,,,,,,,,,,,,,,,,,,,,,,,,,,,,,,
0,15,28,"{'x': 1311.3175865843848, 'y': -40.21717877595326, 'elapsedTime': 28453}",936719936738,5178341293,POINT (0.6829779096793671 -0.037238128496253),,,,,,,,,,,,,,,,,,,,,,,,,,,,,,,,,,,,,,,,,,,,,,,,,,,,,,,,,,,,,,,,,,,,,,,,,,,,,,,,,,,,,,,,,,,,,,,,,,,,,
0,15,28,"{'x': 1381.8727399452348, 'y': -78.66747890918607, 'elapsedTime': 28500.100000023842}",936719953405,5178357959,POINT (0.7197253853881431 -0.0728402582492464),,,,,,,,,,,,,,,,,,,,,,,,,,,,,,,,,,,,,,,,,,,,,,,,,,,,,,,,,,,,,,,,,,,,,,,,,,,,,,,,,,,,,,,,,,,,,,,,,,,,,
0,15,28,"{'x': 1381.8727399452348, 'y': -78.66747890918607, 'elapsedTime': 28500.100000023842}",936719970072,5178374626,POINT (0.7197253853881431 -0.0728402582492464),,,,,,,,,,,,,,,,,,,,,,,,,,,,,,,,,,,,,,,,,,,,,,,,,,,,,,,,,,,,,,,,,,,,,,,,,,,,,,,,,,,,,,,,,,,,,,,,,,,,,
0,15,28,"{'x': 1381.8727399452348, 'y': -78.66747890918607, 'elapsedTime': 28500.100000023842}",936719986739,5178391292,POINT (0.7197253853881431 -0.0728402582492464),,,,,,,,,,,,,,,,,,,,,,,,,,,,,,,,,,,,,,,,,,,,,,,,,,,,,,,,,,,,,,,,,,,,,,,,,,,,,,,,,,,,,,,,,,,,,,,,,,,,,
0,15,28,"{'x': 1381.8727399452348, 'y': -78.66747890918607, 'elapsedTime': 28500.100000023842}",936720003406,5178407959,POINT (0.7197253853881431 -0.0728402582492464),,,,,,,,,,,,,,,,,,,,,,,,,,,,,,,,,,,,,,,,,,,,,,,,,,,,,,,,,,,,,,,,,,,,,,,,,,,,,,,,,,,,,,,,,,,,,,,,,,,,,
0,15,28,"{'x': 1379.6600855774475, 'y': -107.46309481101623, 'elapsedTime': 28544.899999976158}",936720020077,5178424629,POINT (0.7185729612382539 -0.0995028655657558),,,,,,,,,,,,,,,,,,,,,,,,,,,,,,,,,,,,,,,,,,,,,,,,,,,,,,,,,,,,,,,,,,,,,,,,,,,,,,,,,,,,,,,,,,,,,,,,,,,,,
0,15,28,"{'x': 1379.6600855774475, 'y': -107.46309481101623, 'elapsedTime': 28544.899999976158}",936720036744,5178441296,POINT (0.7185729612382539 -0.0995028655657558),,,,,,,,,,,,,,,,,,,,,,,,,,,,,,,,,,,,,,,,,,,,,,,,,,,,,,,,,,,,,,,,,,,,,,,,,,,,,,,,,,,,,,,,,,,,,,,,,,,,,
0,15,28,"{'x': 1379.6600855774475, 'y': -107.46309481101623, 'elapsedTime': 28544.899999976158}",936720053412,5178457963,POINT (0.7185729612382539 -0.0995028655657558),,,,,,,,,,,,,,,,,,,,,,,,,,,,,,,,,,,,,,,,,,,,,,,,,,,,,,,,,,,,,,,,,,,,,,,,,,,,,,,,,,,,,,,,,,,,,,,,,,,,,
0,15,28,"{'x': 1355.50233027865, 'y': -3.9948693501766, 'elapsedTime': 28609.800000071526}",936720070079,5178474630,POINT (0.7059907970201302 -0.0036989531020154),,,,,,,,,,,,,,,,,,,,,,,,,,,,,,,,,,,,,,,,,,,,,,,,,,,,,,,,,,,,,,,,,,,,,,,,,,,,,,,,,,,,,,,,,,,,,,,,,,,,,
0,15,28,"{'x': 1355.50233027865, 'y': -3.9948693501766, 'elapsedTime': 28609.800000071526}",936720086746,5178491296,POINT (0.7059907970201302 -0.0036989531020154),,,,,,,,,,,,,,,,,,,,,,,,,,,,,,,,,,,,,,,,,,,,,,,,,,,,,,,,,,,,,,,,,,,,,,,,,,,,,,,,,,,,,,,,,,,,,,,,,,,,,
0,15,28,"{'x': 1355.50233027865, 'y': -3.9948693501766, 'elapsedTime': 28609.800000071526}",936720103413,5178507963,POINT (0.7059907970201302 -0.0036989531020154),,,,,,,,,,,,,,,,,,,,,,,,,,,,,,,,,,,,,,,,,,,,,,,,,,,,,,,,,,,,,,,,,,,,,,,,,,,,,,,,,,,,,,,,,,,,,,,,,,,,,
0,15,28,"{'x': 1084.355195375003, 'y': 348.06192047026195, 'elapsedTime': 28658.800000071526}",936720120081,5178524630,POINT (0.5647683309244808 0.3222795559909833),,,,,,,,,,,,,,,,,,,,,,,,,,,,,,,,,,,,,,,,,,,,,,,,,,,,,,,,,,,,,,,,,,,,,,,,,,,,,,,,,,,,,,,,,,,,,,,,,,,,1,
0,15,28,"{'x': 1084.355195375003, 'y': 348.06192047026195, 'elapsedTime': 28658.800000071526}",936720136747,5178541296,POINT (0.5647683309244808 0.3222795559909833),,,,,,,,,,,,,,,,,,,,,,,,,,,,,,,,,,,,,,,,,,,,,,,,,,,,,,,,,,,,,,,,,,,,,,,,,,,,,,,,,,,,,,,,,,,,,,,,,,,,1,
0,15,28,"{'x': 1084.355195375003, 'y': 348.06192047026195, 'elapsedTime': 28658.800000071526}",936720153419,5178557967,POINT (0.5647683309244808 0.3222795559909833),,,,,,,,,,,,,,,,,,,,,,,,,,,,,,,,,,,,,,,,,,,,,,,,,,,,,,,,,,,,,,,,,,,,,,,,,,,,,,,,,,,,,,,,,,,,,,,,,,,,1,
0,15,28,"{'x': 915.649468899061, 'y': 494.93292368619905, 'elapsedTime': 28703.800000071526}",936720170085,5178574633,POINT (0.4769007650515943 0.4582712256353695),,,,,,,,,,,,,,,,,,,,,,,,,,,,,,,,,,,,,,,,,,,,,,,,,,,,,,,,,,,,,,,,,,,,,,,,,,,,,,,,,,,,,,,,,,,,,,,,,,,,1,
0,15,28,"{'x': 915.649468899061, 'y': 494.93292368619905, 'elapsedTime': 28703.800000071526}",936720186753,5178591300,POINT (0.4769007650515943 0.4582712256353695),,,,,,,,,,,,,,,,,,,,,,,,,,,,,,,,,,,,,,,,,,,,,,,,,,,,,,,,,,,,,,,,,,,,,,,,,,,,,,,,,,,,,,,,,,,,,,,,,,,,1,
0,15,28,"{'x': 915.649468899061, 'y': 494.93292368619905, 'elapsedTime': 28703.800000071526}",936720203420,5178607967,POINT (0.4769007650515943 0.4582712256353695),,,,,,,,,,,,,,,,,,,,,,,,,,,,,,,,,,,,,,,,,,,,,,,,,,,,,,,,,,,,,,,,,,,,,,,,,,,,,,,,,,,,,,,,,,,,,,,,,,,,1,
0,15,28,"{'x': 777.2422179611664, 'y': 546.8988106682086, 'elapsedTime': 28751.100000023842}",936720220088,5178624634,POINT (0.4048136551881075 0.5063877876557488),,,,,,,,,,,,,,,,,,,,,,,,,,,,,,,,,,,,,,,,,,,,,,,,,,,,,,,,,,,,,,,,,,,,,,,,,,,,,,,,,,,,,,,,,,,,,,,,,,,,1,
0,15,28,"{'x': 777.2422179611664, 'y': 546.8988106682086, 'elapsedTime': 28751.100000023842}",936720236754,5178641300,POINT (0.4048136551881075 0.5063877876557488),,,,,,,,,,,,,,,,,,,,,,,,,,,,,,,,,,,,,,,,,,,,,,,,,,,,,,,,,,,,,,,,,,,,,,,,,,,,,,,,,,,,,,,,,,,,,,,,,,,,1,
0,15,28,"{'x': 670.2261096132521, 'y': 575.6639833186518, 'elapsedTime': 28798.300000071526}",936720253422,5178657967,POINT (0.3490760987569022 0.5330222067765295),,,,,,,,,,,,,,,,,,,,,,,,,,,,,,,,,,,,,,,,,,,,,,,,,,,,,,,,,,,,,,,,,,,,,,,,,,,,,,,,,,,,,,,,,,,,,,,,,,,,1,
0,15,28,"{'x': 670.2261096132521, 'y': 575.6639833186518, 'elapsedTime': 28798.300000071526}",936720270088,5178674633,POINT (0.3490760987569022 0.5330222067765295),,,,,,,,,,,,,,,,,,,,,,,,,,,,,,,,,,,,,,,,,,,,,,,,,,,,,,,,,,,,,,,,,,,,,,,,,,,,,,,,,,,,,,,,,,,,,,,,,,,,1,
0,15,28,"{'x': 670.2261096132521, 'y': 575.6639833186518, 'elapsedTime': 28798.300000071526}",936720286761,5178691305,POINT (0.3490760987569022 0.5330222067765295),,,,,,,,,,,,,,,,,,,,,,,,,,,,,,,,,,,,,,,,,,,,,,,,,,,,,,,,,,,,,,,,,,,,,,,,,,,,,,,,,,,,,,,,,,,,,,,,,,,,1,
0,15,28,"{'x': 561.6617636390565, 'y': 591.9589751495731, 'elapsedTime': 28845}",936720303428,5178707972,POINT (0.2925321685620086 0.5481101621755307),,,,,,,,,,,,,,,,,,,,,,,,,,,,,,,,,,,,,,,,,,,,,,,,,,,,,,,,,,,,,,,,,,,,,,,,,,,,,,,,,,,,,,,,,,,,,,,,,,,,1,
0,15,28,"{'x': 561.6617636390565, 'y': 591.9589751495731, 'elapsedTime': 28845}",936720320096,5178724639,POINT (0.2925321685620086 0.5481101621755307),,,,,,,,,,,,,,,,,,,,,,,,,,,,,,,,,,,,,,,,,,,,,,,,,,,,,,,,,,,,,,,,,,,,,,,,,,,,,,,,,,,,,,,,,,,,,,,,,,,,1,
0,15,28,"{'x': 561.6617636390565, 'y': 591.9589751495731, 'elapsedTime': 28845}",936720336762,5178741305,POINT (0.2925321685620086 0.5481101621755307),,,,,,,,,,,,,,,,,,,,,,,,,,,,,,,,,,,,,,,,,,,,,,,,,,,,,,,,,,,,,,,,,,,,,,,,,,,,,,,,,,,,,,,,,,,,,,,,,,,,1,
0,15,28,"{'x': 477.4749069275646, 'y': 567.0581244307618, 'elapsedTime': 28890.300000071526}",936720353430,5178757972,POINT (0.2486848473581066 0.525053818917372),,,,,,,,,,,,,,,,,,,,,,,,,,,,,,,,,,,,,,,,,,,,,,,,,,,,,,,,,,,,,,,,,,,,,,,,,,,,,,,,,,,,,,,,,,,,,,,,,,,,,
0,15,28,"{'x': 477.4749069275646, 'y': 567.0581244307618, 'elapsedTime': 28890.300000071526}",936720370097,5178774639,POINT (0.2486848473581066 0.525053818917372),,,,,,,,,,,,,,,,,,,,,,,,,,,,,,,,,,,,,,,,,,,,,,,,,,,,,,,,,,,,,,,,,,,,,,,,,,,,,,,,,,,,,,,,,,,,,,,,,,,,,
0,15,28,"{'x': 471.2737186929021, 'y': 512.7886539393364, 'elapsedTime': 28935}",936720386764,5178791305,POINT (0.2454550618192198 0.4748043092030893),,,,,,,,,,,,,,,,,,,,,,,,,,,,,,,,,,,,,,,,,,,,,,,,,,,,,,,,,,,,,,,,,,,,,,,,,,,,,,,,,,,,,,,,,,,,,,,,,,,,,
0,15,28,"{'x': 471.2737186929021, 'y': 512.7886539393364, 'elapsedTime': 28935}",936720403431,5178807972,POINT (0.2454550618192198 0.4748043092030893),,,,,,,,,,,,,,,,,,,,,,,,,,,,,,,,,,,,,,,,,,,,,,,,,,,,,,,,,,,,,,,,,,,,,,,,,,,,,,,,,,,,,,,,,,,,,,,,,,,,,
0,15,28,"{'x': 471.2737186929021, 'y': 512.7886539393364, 'elapsedTime': 28935}",936720420103,5178824643,POINT (0.2454550618192198 0.4748043092030893),,,,,,,,,,,,,,,,,,,,,,,,,,,,,,,,,,,,,,,,,,,,,,,,,,,,,,,,,,,,,,,,,,,,,,,,,,,,,,,,,,,,,,,,,,,,,,,,,,,,,
0,15,28,"{'x': 472.1608368726713, 'y': 436.1351247583449, 'elapsedTime': 28978.5}",936720436770,5178841310,POINT (0.2459171025378496 0.4038288192206897),,,,,,,,,,,,,,,,,,,,,,,,,,,,,,,,,,,,,,,,,,,,,,,,,,,,,,,,,,,,,,,,,,,,,,,,,,,,,,,,,,,,,,,,,,,,,,,,,,,,,
0,15,28,"{'x': 472.1608368726713, 'y': 436.1351247583449, 'elapsedTime': 28978.5}",936720453438,5178857977,POINT (0.2459171025378496 0.4038288192206897),,,,,,,,,,,,,,,,,,,,,,,,,,,,,,,,,,,,,,,,,,,,,,,,,,,,,,,,,,,,,,,,,,,,,,,,,,,,,,,,,,,,,,,,,,,,,,,,,,,,,
0,15,28,"{'x': 472.1608368726713, 'y': 436.1351247583449, 'elapsedTime': 28978.5}",936720470105,5178874644,POINT (0.2459171025378496 0.4038288192206897),,,,,,,,,,,,,,,,,,,,,,,,,,,,,,,,,,,,,,,,,,,,,,,,,,,,,,,,,,,,,,,,,,,,,,,,,,,,,,,,,,,,,,,,,,,,,,,,,,,,,
0,15,28,"{'x': 453.58827843836576, 'y': 412.4351570081052, 'elapsedTime': 29024}",936720486772,5178891310,POINT (0.2362438950199822 0.3818844046371344),,,,,,,,,,,,,,,,,,,,,,,,,,,,,,,,,,,,,,,,,,,,,,,,,,,,,,,,,,,,,,,,,,,,,,,,,,,,,,,,,,,,,,,,,,,,,,,,,,,,,
0,15,28,"{'x': 453.58827843836576, 'y': 412.4351570081052, 'elapsedTime': 29024}",936720503439,5178907977,POINT (0.2362438950199822 0.3818844046371344),,,,,,,,,,,,,,,,,,,,,,,,,,,,,,,,,,,,,,,,,,,,,,,,,,,,,,,,,,,,,,,,,,,,,,,,,,,,,,,,,,,,,,,,,,,,,,,,,,,,,
0,15,28,"{'x': 453.58827843836576, 'y': 412.4351570081052, 'elapsedTime': 29024}",936720520107,5178924644,POINT (0.2362438950199822 0.3818844046371344),,,,,,,,,,,,,,,,,,,,,,,,,,,,,,,,,,,,,,,,,,,,,,,,,,,,,,,,,,,,,,,,,,,,,,,,,,,,,,,,,,,,,,,,,,,,,,,,,,,,,
0,15,28,"{'x': 394.3503598475389, 'y': 412.9582543061892, 'elapsedTime': 29070.200000047684}",936720536777,5178941314,POINT (0.2053908124205932 0.3823687539872122),,,,,,,,,,,,,,,,,,,,,,,,,,,,,,,,,,,,,,,,,,,,,,,,,,,,,,,,,,,,,,,,,,,,,,,,,,,,,,,,,,,,,,,,,,,,,,,,,,,,,
0,15,28,"{'x': 394.3503598475389, 'y': 412.9582543061892, 'elapsedTime': 29070.200000047684}",936720553445,5178957981,POINT (0.2053908124205932 0.3823687539872122),,,,,,,,,,,,,,,,,,,,,,,,,,,,,,,,,,,,,,,,,,,,,,,,,,,,,,,,,,,,,,,,,,,,,,,,,,,,,,,,,,,,,,,,,,,,,,,,,,,,,
0,15,28,"{'x': 394.3503598475389, 'y': 412.9582543061892, 'elapsedTime': 29070.200000047684}",936720570112,5178974648,POINT (0.2053908124205932 0.3823687539872122),,,,,,,,,,,,,,,,,,,,,,,,,,,,,,,,,,,,,,,,,,,,,,,,,,,,,,,,,,,,,,,,,,,,,,,,,,,,,,,,,,,,,,,,,,,,,,,,,,,,,
0,15,28,"{'x': 373.7542484978334, 'y': 378.62396633218924, 'elapsedTime': 29117}",936720586779,5178991314,POINT (0.1946636710926216 0.3505777466038789),,,,,,,,,,,,,,,,,,,,,,,,,,,,,,,,,,,,,,,,,,,,,,,,,,,,,,,,,,,,,,,,,,,,,,,,,,,,,,,,,,,,,,,,,,,,,,,,,,,,,
0,15,28,"{'x': 373.7542484978334, 'y': 378.62396633218924, 'elapsedTime': 29117}",936720603446,5179007981,POINT (0.1946636710926216 0.3505777466038789),,,,,,,,,,,,,,,,,,,,,,,,,,,,,,,,,,,,,,,,,,,,,,,,,,,,,,,,,,,,,,,,,,,,,,,,,,,,,,,,,,,,,,,,,,,,,,,,,,,,,
0,15,28,"{'x': 373.7542484978334, 'y': 378.62396633218924, 'elapsedTime': 29117}",936720620113,5179024647,POINT (0.1946636710926216 0.3505777466038789),,,,,,,,,,,,,,,,,,,,,,,,,,,,,,,,,,,,,,,,,,,,,,,,,,,,,,,,,,,,,,,,,,,,,,,,,,,,,,,,,,,,,,,,,,,,,,,,,,,,,
0,15,28,"{'x': 391.6848001894832, 'y': 381.7261887726108, 'elapsedTime': 29171.800000071526}",936720636780,5179041314,POINT (0.2040025000986892 0.3534501747894544),,,,,,,,,,,,,,,,,,,,,,,,,,,,,,,,,,,,,,,,,,,,,,,,,,,,,,,,,,,,,,,,,,,,,,,,,,,,,,,,,,,,,,,,,,,,,,,,,,,,,
0,15,28,"{'x': 391.6848001894832, 'y': 381.7261887726108, 'elapsedTime': 29171.800000071526}",936720653448,5179057981,POINT (0.2040025000986892 0.3534501747894544),,,,,,,,,,,,,,,,,,,,,,,,,,,,,,,,,,,,,,,,,,,,,,,,,,,,,,,,,,,,,,,,,,,,,,,,,,,,,,,,,,,,,,,,,,,,,,,,,,,,,
0,15,28,"{'x': 412.29102336241453, 'y': 314.4395051776373, 'elapsedTime': 29217}",936720670120,5179074653,POINT (0.2147349080012576 0.2911476899792937),,,,,,,,,,,,,,,,,,,,,,,,,,,,,,,,,,,,,,,,,,,,,,,,,,,,,,,,,,,,,,,,,,,,,,,,,,,,,,,,,,,,,,,,,,,,,,,,,,,1,,
0,15,28,"{'x': 412.29102336241453, 'y': 314.4395051776373, 'elapsedTime': 29217}",936720686788,5179091320,POINT (0.2147349080012576 0.2911476899792937),,,,,,,,,,,,,,,,,,,,,,,,,,,,,,,,,,,,,,,,,,,,,,,,,,,,,,,,,,,,,,,,,,,,,,,,,,,,,,,,,,,,,,,,,,,,,,,,,,,1,,
0,15,28,"{'x': 412.29102336241453, 'y': 314.4395051776373, 'elapsedTime': 29217}",936720703454,5179107986,POINT (0.2147349080012576 0.2911476899792937),,,,,,,,,,,,,,,,,,,,,,,,,,,,,,,,,,,,,,,,,,,,,,,,,,,,,,,,,,,,,,,,,,,,,,,,,,,,,,,,,,,,,,,,,,,,,,,,,,,1,,
0,15,28,"{'x': 418.1302518405552, 'y': 231.20167709352586, 'elapsedTime': 29261.200000047684}",936720720122,5179124653,POINT (0.2177761728336225 0.2140756269384499),,,,,,,,,,,,,,,,,,,,,,,,,,,,,,,,,,,,,,,,,,,,,,,,,,,,,,,,,,,,,,,,,,,,,,,,,,,,,,,,,,,,,,,,,,,,,,,,,,,,1,
0,15,28,"{'x': 418.1302518405552, 'y': 231.20167709352586, 'elapsedTime': 29261.200000047684}",936720736789,5179141320,POINT (0.2177761728336225 0.2140756269384499),,,,,,,,,,,,,,,,,,,,,,,,,,,,,,,,,,,,,,,,,,,,,,,,,,,,,,,,,,,,,,,,,,,,,,,,,,,,,,,,,,,,,,,,,,,,,,,,,,,,1,
0,15,28,"{'x': 418.1302518405552, 'y': 231.20167709352586, 'elapsedTime': 29261.200000047684}",936720753456,5179157986,POINT (0.2177761728336225 0.2140756269384499),,,,,,,,,,,,,,,,,,,,,,,,,,,,,,,,,,,,,,,,,,,,,,,,,,,,,,,,,,,,,,,,,,,,,,,,,,,,,,,,,,,,,,,,,,,,,,,,,,,,1,
0,15,28,"{'x': 401.2975500447806, 'y': 242.83104814919537, 'elapsedTime': 29305.100000023842}",936720770123,5179174653,POINT (0.2090091406483232 0.2248435631011068),,,,,,,,,,,,,,,,,,,,,,,,,,,,,,,,,,,,,,,,,,,,,,,,,,,,,,,,,,,,,,,,,,,,,,,,,,,,,,,,,,,,,,,,,,,,,,,,,,,,1,
0,15,28,"{'x': 401.2975500447806, 'y': 242.83104814919537, 'elapsedTime': 29305.100000023842}",936720786791,5179191320,POINT (0.2090091406483232 0.2248435631011068),,,,,,,,,,,,,,,,,,,,,,,,,,,,,,,,,,,,,,,,,,,,,,,,,,,,,,,,,,,,,,,,,,,,,,,,,,,,,,,,,,,,,,,,,,,,,,,,,,,,1,
0,15,28,"{'x': 401.2975500447806, 'y': 242.83104814919537, 'elapsedTime': 29305.100000023842}",936720803462,5179207991,POINT (0.2090091406483232 0.2248435631011068),,,,,,,,,,,,,,,,,,,,,,,,,,,,,,,,,,,,,,,,,,,,,,,,,,,,,,,,,,,,,,,,,,,,,,,,,,,,,,,,,,,,,,,,,,,,,,,,,,,,1,
0,15,28,"{'x': 484.4994539489931, 'y': 270.3686947194934, 'elapsedTime': 29355}",936720820129,5179224657,POINT (0.2523434655984339 0.2503413839995309),,,,,,,,,,,,,,,,,,,,,,,,,,,,,,,,,,,,,,,,,,,,,,,,,,,,,,,,,,,,,,,,,,,,,,,,,,,,,,,,,,,,,,,,,,,,,,,,,,,,1,
0,15,28,"{'x': 484.4994539489931, 'y': 270.3686947194934, 'elapsedTime': 29355}",936720836795,5179241323,POINT (0.2523434655984339 0.2503413839995309),,,,,,,,,,,,,,,,,,,,,,,,,,,,,,,,,,,,,,,,,,,,,,,,,,,,,,,,,,,,,,,,,,,,,,,,,,,,,,,,,,,,,,,,,,,,,,,,,,,,1,
0,15,28,"{'x': 484.4994539489931, 'y': 270.3686947194934, 'elapsedTime': 29355}",936720853464,5179257991,POINT (0.2523434655984339 0.2503413839995309),,,,,,,,,,,,,,,,,,,,,,,,,,,,,,,,,,,,,,,,,,,,,,,,,,,,,,,,,,,,,,,,,,,,,,,,,,,,,,,,,,,,,,,,,,,,,,,,,,,,1,
0,15,28,"{'x': 545.335723141817, 'y': 227.8910361980096, 'elapsedTime': 29408.100000023842}",936720870130,5179274657,POINT (0.2840290224696964 0.2110102187018607),,,,,,,,,,,,,,,,,,,,,,,,,,,,,,,,1,,,,,,,,,,,,,,,,,,,,,,,,,,,,,,,,,,,,,,,,,,,,,,,,,,,,,,,,,,,,,,,,,,,,,
0,15,28,"{'x': 545.335723141817, 'y': 227.8910361980096, 'elapsedTime': 29408.100000023842}",936720886798,5179291324,POINT (0.2840290224696964 0.2110102187018607),,,,,,,,,,,,,,,,,,,,,,,,,,,,,,,,1,,,,,,,,,,,,,,,,,,,,,,,,,,,,,,,,,,,,,,,,,,,,,,,,,,,,,,,,,,,,,,,,,,,,,
0,15,28,"{'x': 545.335723141817, 'y': 227.8910361980096, 'elapsedTime': 29408.100000023842}",936720903465,5179307991,POINT (0.2840290224696964 0.2110102187018607),,,,,,,,,,,,,,,,,,,,,,,,,,,,,,,,1,,,,,,,,,,,,,,,,,,,,,,,,,,,,,,,,,,,,,,,,,,,,,,,,,,,,,,,,,,,,,,,,,,,,,
0,15,28,"{'x': 588.2651247291897, 'y': 232.18756543047175, 'elapsedTime': 29452.399999976158}",936720920132,5179324657,POINT (0.3063880857964529 0.2149884865096961),,,,,,,,,,,,,,,,,,,,,,,,,,,,,,,,,,,,,,,,,,,,,,,,,,,,,,,,,,,,,,,,,,,,,,,,,,,,,,,,,,,,,,,,,,,,,,,,,,,,1,
0,15,28,"{'x': 588.2651247291897, 'y': 232.18756543047175, 'elapsedTime': 29452.399999976158}",936720936805,5179341330,POINT (0.3063880857964529 0.2149884865096961),,,,,,,,,,,,,,,,,,,,,,,,,,,,,,,,,,,,,,,,,,,,,,,,,,,,,,,,,,,,,,,,,,,,,,,,,,,,,,,,,,,,,,,,,,,,,,,,,,,,1,
0,15,28,"{'x': 626.3620947321923, 'y': 200.62854425776317, 'elapsedTime': 29497}",936720953472,5179357996,POINT (0.3262302576730168 0.18576717060904),,,,,,,,,,,,,,,,,,,,,,,,,,,,,,,,,,,,,,,,,,,,,,,,,,,,,,,,,,,,,,,,,,,,,,,,,,,,,,,,,,,,,,,,,,,,,,,,,,,,,
0,15,28,"{'x': 626.3620947321923, 'y': 200.62854425776317, 'elapsedTime': 29497}",936720970139,5179374663,POINT (0.3262302576730168 0.18576717060904),,,,,,,,,,,,,,,,,,,,,,,,,,,,,,,,,,,,,,,,,,,,,,,,,,,,,,,,,,,,,,,,,,,,,,,,,,,,,,,,,,,,,,,,,,,,,,,,,,,,,
0,15,28,"{'x': 626.3620947321923, 'y': 200.62854425776317, 'elapsedTime': 29497}",936720986807,5179391330,POINT (0.3262302576730168 0.18576717060904),,,,,,,,,,,,,,,,,,,,,,,,,,,,,,,,,,,,,,,,,,,,,,,,,,,,,,,,,,,,,,,,,,,,,,,,,,,,,,,,,,,,,,,,,,,,,,,,,,,,,
0,15,28,"{'x': 659.4368410439986, 'y': 253.1587304604829, 'elapsedTime': 29541.800000071526}",936721003473,5179407996,POINT (0.3434566880437492 0.2344062319078545),,,,,,,,,,,,,,,,,,,,,,,,,,,,,,,,,,,,,,,,,,,,,,,,,,,,,,,,,,,,,,,,,,,,,,,,,,,,,,,,,,,,,,,,,,,,,,,,,,,,1,
0,15,28,"{'x': 659.4368410439986, 'y': 253.1587304604829, 'elapsedTime': 29541.800000071526}",936721020141,5179424663,POINT (0.3434566880437492 0.2344062319078545),,,,,,,,,,,,,,,,,,,,,,,,,,,,,,,,,,,,,,,,,,,,,,,,,,,,,,,,,,,,,,,,,,,,,,,,,,,,,,,,,,,,,,,,,,,,,,,,,,,,1,
0,15,28,"{'x': 659.4368410439986, 'y': 253.1587304604829, 'elapsedTime': 29541.800000071526}",936721036808,5179441330,POINT (0.3434566880437492 0.2344062319078545),,,,,,,,,,,,,,,,,,,,,,,,,,,,,,,,,,,,,,,,,,,,,,,,,,,,,,,,,,,,,,,,,,,,,,,,,,,,,,,,,,,,,,,,,,,,,,,,,,,,1,
0,15,28,"{'x': 693.0049145382578, 'y': 300.5509434681526, 'elapsedTime': 29585.5}",936721053475,5179457996,POINT (0.3609400596553426 0.2782879106186598),,,,,,,,,,,,,,,,,,,,,,,,,,,,,,,,,,,,,,,,,,,,,,,,,,,,,,,,,,,,,,,,,,,,,,,,,,,,,,,,,,,,,,,,,,,,,,,,,,,1,1,
0,15,28,"{'x': 693.0049145382578, 'y': 300.5509434681526, 'elapsedTime': 29585.5}",936721070145,5179474667,POINT (0.3609400596553426 0.2782879106186598),,,,,,,,,,,,,,,,,,,,,,,,,,,,,,,,,,,,,,,,,,,,,,,,,,,,,,,,,,,,,,,,,,,,,,,,,,,,,,,,,,,,,,,,,,,,,,,,,,,1,1,
0,15,28,"{'x': 693.0049145382578, 'y': 300.5509434681526, 'elapsedTime': 29585.5}",936721086813,5179491334,POINT (0.3609400596553426 0.2782879106186598),,,,,,,,,,,,,,,,,,,,,,,,,,,,,,,,,,,,,,,,,,,,,,,,,,,,,,,,,,,,,,,,,,,,,,,,,,,,,,,,,,,,,,,,,,,,,,,,,,,1,1,
0,15,28,"{'x': 713.8522880256983, 'y': 270.1936506453072, 'elapsedTime': 29647}",936721103479,5179508000,POINT (0.3717980666800512 0.2501793061530622),,,,,,,,,,,,,,,,,,,,,,,,,,,,,,,,,,,,,,,,,,,,,,,,,,,,,,,,,,,,,,,,,,,,,,,,,,,,,,,,,,,,,,,,,,,,,,,,,,,1,1,
0,15,28,"{'x': 713.8522880256983, 'y': 270.1936506453072, 'elapsedTime': 29647}",936721120147,5179524667,POINT (0.3717980666800512 0.2501793061530622),,,,,,,,,,,,,,,,,,,,,,,,,,,,,,,,,,,,,,,,,,,,,,,,,,,,,,,,,,,,,,,,,,,,,,,,,,,,,,,,,,,,,,,,,,,,,,,,,,,1,1,
0,15,28,"{'x': 713.8522880256983, 'y': 270.1936506453072, 'elapsedTime': 29647}",936721136813,5179541333,POINT (0.3717980666800512 0.2501793061530622),,,,,,,,,,,,,,,,,,,,,,,,,,,,,,,,,,,,,,,,,,,,,,,,,,,,,,,,,,,,,,,,,,,,,,,,,,,,,,,,,,,,,,,,,,,,,,,,,,,1,1,
0,15,28,"{'x': 745.8568730841955, 'y': 280.16671441425365, 'elapsedTime': 29691.5}",936721153481,5179558000,POINT (0.3884671213980185 0.2594136244576423),,,,,,,,,,,,,,,,,,,,,,,,,,,,,,,,,,,,,,,,,,,,,,,,,,,,,,,,,,,,,,,,,,,,,,,,,,,,,,,,,,,1,,,,,,,,,,,,,,,,1,1,
0,15,28,"{'x': 745.8568730841955, 'y': 280.16671441425365, 'elapsedTime': 29691.5}",936721170148,5179574667,POINT (0.3884671213980185 0.2594136244576423),,,,,,,,,,,,,,,,,,,,,,,,,,,,,,,,,,,,,,,,,,,,,,,,,,,,,,,,,,,,,,,,,,,,,,,,,,,,,,,,,,,1,,,,,,,,,,,,,,,,1,1,
0,15,28,"{'x': 745.8568730841955, 'y': 280.16671441425365, 'elapsedTime': 29691.5}",936721186815,5179591333,POINT (0.3884671213980185 0.2594136244576423),,,,,,,,,,,,,,,,,,,,,,,,,,,,,,,,,,,,,,,,,,,,,,,,,,,,,,,,,,,,,,,,,,,,,,,,,,,,,,,,,,,1,,,,,,,,,,,,,,,,1,1,
0,15,28,"{'x': 741.2631253429631, 'y': 270.02618198181545, 'elapsedTime': 29734.700000047684}",936721203484,5179608002,POINT (0.3860745444494599 0.2500242425757551),,,,,,,,,,,,,,,,,,,,,,,,,,,,,,,,,,,,,,,,,,,,,,,,,,,,,,,,,,,,,,,,,,,,,,,,,,,,,,,,,,,,,,,,,,,,,,,,,,,1,1,
0,15,28,"{'x': 741.2631253429631, 'y': 270.02618198181545, 'elapsedTime': 29734.700000047684}",936721220151,5179624668,POINT (0.3860745444494599 0.2500242425757551),,,,,,,,,,,,,,,,,,,,,,,,,,,,,,,,,,,,,,,,,,,,,,,,,,,,,,,,,,,,,,,,,,,,,,,,,,,,,,,,,,,,,,,,,,,,,,,,,,,1,1,
0,15,28,"{'x': 769.4762857022279, 'y': 230.54520469539284, 'elapsedTime': 29781.100000023842}",936721236818,5179641335,POINT (0.4007688988032437 0.2134677821253637),,,,,,,,,,,,,,,,,,,,,,,,,,,,,,,,,,,,,,,,,,,,,,,,,,,,,,,,,,,,,,,,,,,,,,,,,,,,,,,,,,,,,,,,,,,,,,,,,,,,1,
0,15,28,"{'x': 769.4762857022279, 'y': 230.54520469539284, 'elapsedTime': 29781.100000023842}",936721253486,5179658002,POINT (0.4007688988032437 0.2134677821253637),,,,,,,,,,,,,,,,,,,,,,,,,,,,,,,,,,,,,,,,,,,,,,,,,,,,,,,,,,,,,,,,,,,,,,,,,,,,,,,,,,,,,,,,,,,,,,,,,,,,1,
0,15,28,"{'x': 769.4762857022279, 'y': 230.54520469539284, 'elapsedTime': 29781.100000023842}",936721270153,5179674669,POINT (0.4007688988032437 0.2134677821253637),,,,,,,,,,,,,,,,,,,,,,,,,,,,,,,,,,,,,,,,,,,,,,,,,,,,,,,,,,,,,,,,,,,,,,,,,,,,,,,,,,,,,,,,,,,,,,,,,,,,1,
0,15,28,"{'x': 873.3958168726222, 'y': 205.2882306383703, 'elapsedTime': 29826.5}",936721286820,5179691335,POINT (0.4548936546211574 0.190081695035528),,,,,,,,,,,,,,,,,,,,,,,,,,,,,,,,,,,,,,,,,,,,,,,,,,,,,,,,,,,,,,,,,,,,,,,,,,,,,,,,,,,,,,,,,,,,,,,,,,,1,,
0,15,28,"{'x': 873.3958168726222, 'y': 205.2882306383703, 'elapsedTime': 29826.5}",936721303487,5179708002,POINT (0.4548936546211574 0.190081695035528),,,,,,,,,,,,,,,,,,,,,,,,,,,,,,,,,,,,,,,,,,,,,,,,,,,,,,,,,,,,,,,,,,,,,,,,,,,,,,,,,,,,,,,,,,,,,,,,,,,1,,
0,15,28,"{'x': 873.3958168726222, 'y': 205.2882306383703, 'elapsedTime': 29826.5}",936721320155,5179724669,POINT (0.4548936546211574 0.190081695035528),,,,,,,,,,,,,,,,,,,,,,,,,,,,,,,,,,,,,,,,,,,,,,,,,,,,,,,,,,,,,,,,,,,,,,,,,,,,,,,,,,,,,,,,,,,,,,,,,,,1,,
0,15,28,"{'x': 862.211276357166, 'y': 233.85316220936784, 'elapsedTime': 29871.200000047684}",936721336829,5179741343,POINT (0.4490683731026906 0.2165307057494147),,,,,,,,,,,,,,,,,,,,,,,,,,,,,,,,,,,,,,1,,,,,,,,,,,,,,,,,,,,,,,,,,,,,,,,,,,,,,,,,,,,,,,,,,,,,,,,,,,,,,1,
0,15,28,"{'x': 862.211276357166, 'y': 233.85316220936784, 'elapsedTime': 29871.200000047684}",936721353496,5179758009,POINT (0.4490683731026906 0.2165307057494147),,,,,,,,,,,,,,,,,,,,,,,,,,,,,,,,,,,,,,1,,,,,,,,,,,,,,,,,,,,,,,,,,,,,,,,,,,,,,,,,,,,,,,,,,,,,,,,,,,,,,1,
0,15,28,"{'x': 862.211276357166, 'y': 233.85316220936784, 'elapsedTime': 29871.200000047684}",936721370161,5179774674,POINT (0.4490683731026906 0.2165307057494147),,,,,,,,,,,,,,,,,,,,,,,,,,,,,,,,,,,,,,1,,,,,,,,,,,,,,,,,,,,,,,,,,,,,,,,,,,,,,,,,,,,,,,,,,,,,,,,,,,,,,1,
0,15,28,"{'x': 803.5699923303125, 'y': 230.47782973968933, 'elapsedTime': 29920.300000071526}",936721386829,5179791341,POINT (0.4185260376720378 0.2134053979071197),,,,,,,,,,,,,,,,,,,,,,,,,,,,,,,,,,,,,,,,,,,,,,,,,,,,,,,,,,,,,,,,,,,,,,,,,,,,,,,,,,,,,,,,,,,,,,,,,,,,1,
0,15,28,"{'x': 803.5699923303125, 'y': 230.47782973968933, 'elapsedTime': 29920.300000071526}",936721403495,5179808007,POINT (0.4185260376720378 0.2134053979071197),,,,,,,,,,,,,,,,,,,,,,,,,,,,,,,,,,,,,,,,,,,,,,,,,,,,,,,,,,,,,,,,,,,,,,,,,,,,,,,,,,,,,,,,,,,,,,,,,,,,1,
0,15,28,"{'x': 871.2551812603574, 'y': 159.51354168334308, 'elapsedTime': 29965.200000047684}",936721420163,5179824674,POINT (0.4537787402397695 0.1476977237808732),,,,,,,,,,,,,,,,,,,,,,,,,,,,,,,,,,,,,,,,,,,,,,,,,,,,,,,,,,,,,,,,,,,,,,,,,,,,,,,,,,,,,,,,,,,,,,,,,,,1,,
0,15,28,"{'x': 871.2551812603574, 'y': 159.51354168334308, 'elapsedTime': 29965.200000047684}",936721436829,5179841340,POINT (0.4537787402397695 0.1476977237808732),,,,,,,,,,,,,,,,,,,,,,,,,,,,,,,,,,,,,,,,,,,,,,,,,,,,,,,,,,,,,,,,,,,,,,,,,,,,,,,,,,,,,,,,,,,,,,,,,,,1,,
0,15,28,"{'x': 871.2551812603574, 'y': 159.51354168334308, 'elapsedTime': 29965.200000047684}",936721453497,5179858007,POINT (0.4537787402397695 0.1476977237808732),,,,,,,,,,,,,,,,,,,,,,,,,,,,,,,,,,,,,,,,,,,,,,,,,,,,,,,,,,,,,,,,,,,,,,,,,,,,,,,,,,,,,,,,,,,,,,,,,,,1,,
0,15,28,"{'x': 860.3564337829393, 'y': 162.46542939069587, 'elapsedTime': 30010.5}",936721470166,5179874676,POINT (0.4481023092619476 0.1504309531395332),,,,,,,,,,,,,,,,,,,,,,,,,,,,,,,,,,,,,,,,,,,,,,,,,,,,,,,,,,,,,,,,,,,,,,,,,,,,,,,,,,,,,,,,,,,,,,,,,,,1,,
0,15,28,"{'x': 860.3564337829393, 'y': 162.46542939069587, 'elapsedTime': 30010.5}",936721486832,5179891342,POINT (0.4481023092619476 0.1504309531395332),,,,,,,,,,,,,,,,,,,,,,,,,,,,,,,,,,,,,,,,,,,,,,,,,,,,,,,,,,,,,,,,,,,,,,,,,,,,,,,,,,,,,,,,,,,,,,,,,,,1,,
0,15,28,"{'x': 860.3564337829393, 'y': 162.46542939069587, 'elapsedTime': 30010.5}",936721503500,5179908009,POINT (0.4481023092619476 0.1504309531395332),,,,,,,,,,,,,,,,,,,,,,,,,,,,,,,,,,,,,,,,,,,,,,,,,,,,,,,,,,,,,,,,,,,,,,,,,,,,,,,,,,,,,,,,,,,,,,,,,,,1,,
0,15,28,"{'x': 808.1614568882028, 'y': 172.32629493881564, 'elapsedTime': 30057.300000071526}",936721520166,5179924675,POINT (0.4209174254626056 0.1595613842026071),,,,,,,,,,,,,,,,,,,,,,,,,,,,,,,,,,,,,,,,,,,,,,,,,,,,,,,,,,,,,,,,,,,,,,,,,,,,,,,,,,,,,,,,,,,,,,,,,,,1,,
0,15,28,"{'x': 808.1614568882028, 'y': 172.32629493881564, 'elapsedTime': 30057.300000071526}",936721536833,5179941342,POINT (0.4209174254626056 0.1595613842026071),,,,,,,,,,,,,,,,,,,,,,,,,,,,,,,,,,,,,,,,,,,,,,,,,,,,,,,,,,,,,,,,,,,,,,,,,,,,,,,,,,,,,,,,,,,,,,,,,,,1,,
0,15,28,"{'x': 808.1614568882028, 'y': 172.32629493881564, 'elapsedTime': 30057.300000071526}",936721553501,5179958009,POINT (0.4209174254626056 0.1595613842026071),,,,,,,,,,,,,,,,,,,,,,,,,,,,,,,,,,,,,,,,,,,,,,,,,,,,,,,,,,,,,,,,,,,,,,,,,,,,,,,,,,,,,,,,,,,,,,,,,,,1,,
0,15,28,"{'x': 777.4135301344223, 'y': 136.73233072343444, 'elapsedTime': 30102.300000071526}",936721570167,5179974675,POINT (0.404902880278345 0.126604009929106),,,,,,,,,,,,,,,,,,,,,,,,,,,,,,,,,,,,,,,,,,,,,,,,,,,,,,,,,,,,,,,,,,,,,,,,,,,,,,,,,,,,,,,,,,,,,,,,,,,,,
0,15,28,"{'x': 777.4135301344223, 'y': 136.73233072343444, 'elapsedTime': 30102.300000071526}",936721586845,5179991352,POINT (0.404902880278345 0.126604009929106),,,,,,,,,,,,,,,,,,,,,,,,,,,,,,,,,,,,,,,,,,,,,,,,,,,,,,,,,,,,,,,,,,,,,,,,,,,,,,,,,,,,,,,,,,,,,,,,,,,,,
0,15,28,"{'x': 797.4635700397242, 'y': 108.46000249115984, 'elapsedTime': 30145.800000071526}",936721603511,5180008018,POINT (0.4153456093956897 0.1004259282325554),,,,,,,,,,,,,,,,,,,,,,,,,,,,,,,,,,,,,,,,,,,,,,,,,,,,,,,,,,,,,,,,,,,,,,,,,,,,,,,,,,,,,,,,,,,,,,,,,,,,,
0,15,28,"{'x': 797.4635700397242, 'y': 108.46000249115984, 'elapsedTime': 30145.800000071526}",936721620178,5180024684,POINT (0.4153456093956897 0.1004259282325554),,,,,,,,,,,,,,,,,,,,,,,,,,,,,,,,,,,,,,,,,,,,,,,,,,,,,,,,,,,,,,,,,,,,,,,,,,,,,,,,,,,,,,,,,,,,,,,,,,,,,
0,15,28,"{'x': 797.4635700397242, 'y': 108.46000249115984, 'elapsedTime': 30145.800000071526}",936721636845,5180041351,POINT (0.4153456093956897 0.1004259282325554),,,,,,,,,,,,,,,,,,,,,,,,,,,,,,,,,,,,,,,,,,,,,,,,,,,,,,,,,,,,,,,,,,,,,,,,,,,,,,,,,,,,,,,,,,,,,,,,,,,,,
0,15,28,"{'x': 790.1265131693848, 'y': 130.58041975437203, 'elapsedTime': 30193}",936721653513,5180058018,POINT (0.4115242256090546 0.120907796068863),,,,,,,,,,,,,,,,,,,,,,,,,,,,,,,,,,,,,,,,,,,,,,,,,,,,,,,,,,,,,,,,,,,,,,,,,,,,,,,,,,,,,,,,,,,,,,,,,,,,,
0,15,28,"{'x': 790.1265131693848, 'y': 130.58041975437203, 'elapsedTime': 30193}",936721670179,5180074684,POINT (0.4115242256090546 0.120907796068863),,,,,,,,,,,,,,,,,,,,,,,,,,,,,,,,,,,,,,,,,,,,,,,,,,,,,,,,,,,,,,,,,,,,,,,,,,,,,,,,,,,,,,,,,,,,,,,,,,,,,
0,15,28,"{'x': 790.1265131693848, 'y': 130.58041975437203, 'elapsedTime': 30193}",936721686847,5180091351,POINT (0.4115242256090546 0.120907796068863),,,,,,,,,,,,,,,,,,,,,,,,,,,,,,,,,,,,,,,,,,,,,,,,,,,,,,,,,,,,,,,,,,,,,,,,,,,,,,,,,,,,,,,,,,,,,,,,,,,,,
0,15,28,"{'x': 818.3253649631321, 'y': 123.83027499420908, 'elapsedTime': 30247.5}",936721703514,5180108018,POINT (0.4262111275849646 0.1146576620316751),,,,,,,,,,,,,,,,,,,,,,,,,,,,,,,,,,,,,,,,,,,,,,,,,,,,,,,,,,,,,,,,,,,,,,,,,,,,,,,,,,,,,,,,,,,,,,,,,,,,,
0,15,28,"{'x': 818.3253649631321, 'y': 123.83027499420908, 'elapsedTime': 30247.5}",936721720184,5180124687,POINT (0.4262111275849646 0.1146576620316751),,,,,,,,,,,,,,,,,,,,,,,,,,,,,,,,,,,,,,,,,,,,,,,,,,,,,,,,,,,,,,,,,,,,,,,,,,,,,,,,,,,,,,,,,,,,,,,,,,,,,
0,15,28,"{'x': 818.3253649631321, 'y': 123.83027499420908, 'elapsedTime': 30247.5}",936721736850,5180141353,POINT (0.4262111275849646 0.1146576620316751),,,,,,,,,,,,,,,,,,,,,,,,,,,,,,,,,,,,,,,,,,,,,,,,,,,,,,,,,,,,,,,,,,,,,,,,,,,,,,,,,,,,,,,,,,,,,,,,,,,,,
0,15,28,"{'x': 825.6146633143026, 'y': 77.77820133593943, 'elapsedTime': 30294.899999976158}",936721753518,5180158020,POINT (0.4300076371428659 0.0720168530888328),,,,,,,,,,,,,,,,,,,,,,,,,,,,,,,,,,,,,,,,,,,,,,,,,,,,,,,,,,,,,,,,,,,,,,,,,,,,,,,,,,,,,,,,,,,,,,,,,,,,,
0,15,28,"{'x': 825.6146633143026, 'y': 77.77820133593943, 'elapsedTime': 30294.899999976158}",936721770185,5180174687,POINT (0.4300076371428659 0.0720168530888328),,,,,,,,,,,,,,,,,,,,,,,,,,,,,,,,,,,,,,,,,,,,,,,,,,,,,,,,,,,,,,,,,,,,,,,,,,,,,,,,,,,,,,,,,,,,,,,,,,,,,
0,15,28,"{'x': 825.6146633143026, 'y': 77.77820133593943, 'elapsedTime': 30294.899999976158}",936721786852,5180191353,POINT (0.4300076371428659 0.0720168530888328),,,,,,,,,,,,,,,,,,,,,,,,,,,,,,,,,,,,,,,,,,,,,,,,,,,,,,,,,,,,,,,,,,,,,,,,,,,,,,,,,,,,,,,,,,,,,,,,,,,,,
0,15,28,"{'x': 809.9701217566829, 'y': 79.4088938086828, 'elapsedTime': 30341.5}",936721803519,5180208020,POINT (0.4218594384149391 0.0735267535265582),,,,,,,,,,,,,,,,,,,,,,,,,,,,,,,,,,,,,,,,,,,,,,,,,,,,,,,,,,,,,,,,,,,,,,,,,,,,,,,,,,,,,,,,,,,,,,,,,,,,,
0,15,28,"{'x': 809.9701217566829, 'y': 79.4088938086828, 'elapsedTime': 30341.5}",936721820186,5180224687,POINT (0.4218594384149391 0.0735267535265582),,,,,,,,,,,,,,,,,,,,,,,,,,,,,,,,,,,,,,,,,,,,,,,,,,,,,,,,,,,,,,,,,,,,,,,,,,,,,,,,,,,,,,,,,,,,,,,,,,,,,
0,15,28,"{'x': 809.9701217566829, 'y': 79.4088938086828, 'elapsedTime': 30341.5}",936721836853,5180241353,POINT (0.4218594384149391 0.0735267535265582),,,,,,,,,,,,,,,,,,,,,,,,,,,,,,,,,,,,,,,,,,,,,,,,,,,,,,,,,,,,,,,,,,,,,,,,,,,,,,,,,,,,,,,,,,,,,,,,,,,,,
0,15,28,"{'x': 733.9745564866755, 'y': 166.4339068312272, 'elapsedTime': 30392.399999976158}",936721853526,5180258026,POINT (0.3822784148368102 0.1541054692881733),,,,,,,,,,,,,,,,,,,,,,,,,,,,,,,,,,,,,,,,,,,,,,,,,,,,,,,,,,,,,,,,,,,,,,,,,,,,,,,,,,,,,,,,,,,,,,,,,,,1,,
0,15,28,"{'x': 733.9745564866755, 'y': 166.4339068312272, 'elapsedTime': 30392.399999976158}",936721870193,5180274692,POINT (0.3822784148368102 0.1541054692881733),,,,,,,,,,,,,,,,,,,,,,,,,,,,,,,,,,,,,,,,,,,,,,,,,,,,,,,,,,,,,,,,,,,,,,,,,,,,,,,,,,,,,,,,,,,,,,,,,,,1,,
0,15,28,"{'x': 733.9745564866755, 'y': 166.4339068312272, 'elapsedTime': 30392.399999976158}",936721886860,5180291359,POINT (0.3822784148368102 0.1541054692881733),,,,,,,,,,,,,,,,,,,,,,,,,,,,,,,,,,,,,,,,,,,,,,,,,,,,,,,,,,,,,,,,,,,,,,,,,,,,,,,,,,,,,,,,,,,,,,,,,,,1,,
0,15,28,"{'x': 661.4814000639021, 'y': 221.87107494264976, 'elapsedTime': 30438.100000023842}",936721903527,5180308026,POINT (0.3445215625332824 0.2054361805024535),,,,,,,,,,,,,,,,,,,,,,,,,,,,,,,,,,,,,,,,,,,,,,,,,,,,,,,,,,,,,,,,,,,,,,,,,,,,,,,,,,,,,,,,,,,,,,,,,,,,,
0,15,28,"{'x': 661.4814000639021, 'y': 221.87107494264976, 'elapsedTime': 30438.100000023842}",936721920194,5180324692,POINT (0.3445215625332824 0.2054361805024535),,,,,,,,,,,,,,,,,,,,,,,,,,,,,,,,,,,,,,,,,,,,,,,,,,,,,,,,,,,,,,,,,,,,,,,,,,,,,,,,,,,,,,,,,,,,,,,,,,,,,
0,15,28,"{'x': 661.4814000639021, 'y': 221.87107494264976, 'elapsedTime': 30438.100000023842}",936721936861,5180341359,POINT (0.3445215625332824 0.2054361805024535),,,,,,,,,,,,,,,,,,,,,,,,,,,,,,,,,,,,,,,,,,,,,,,,,,,,,,,,,,,,,,,,,,,,,,,,,,,,,,,,,,,,,,,,,,,,,,,,,,,,,
0,15,28,"{'x': 657.6824626493902, 'y': 218.41822144281625, 'elapsedTime': 30484.600000023842}",936721953528,5180358025,POINT (0.3425429492965574 0.2022390939285336),,,,,,,,,,,,,,,,,,,,,,,,,,,,,,,,,,,,,,,,,,,,,,,,,,,,,,,,,,,,,,,,,,,,,,,,,,,,,,,,,,,,,,,,,,,,,,,,,,,,,
0,15,28,"{'x': 657.6824626493902, 'y': 218.41822144281625, 'elapsedTime': 30484.600000023842}",936721970196,5180374693,POINT (0.3425429492965574 0.2022390939285336),,,,,,,,,,,,,,,,,,,,,,,,,,,,,,,,,,,,,,,,,,,,,,,,,,,,,,,,,,,,,,,,,,,,,,,,,,,,,,,,,,,,,,,,,,,,,,,,,,,,,
0,15,28,"{'x': 603.6862454355938, 'y': 249.07678394640837, 'elapsedTime': 30530.600000023842}",936721986866,5180391363,POINT (0.3144199194977052 0.23062665180223),,,,,,,,,,,,,,,,,,,,,,,,,,,,,,,,,,,,,,,,,,,,,,,,,,,,,,,1,,,,,,,,,,,,,,,,,,,,,,,,,,,,,,,,,,,,,,,,,,,,,1,
0,15,28,"{'x': 603.6862454355938, 'y': 249.07678394640837, 'elapsedTime': 30530.600000023842}",936722003533,5180408029,POINT (0.3144199194977052 0.23062665180223),,,,,,,,,,,,,,,,,,,,,,,,,,,,,,,,,,,,,,,,,,,,,,,,,,,,,,,1,,,,,,,,,,,,,,,,,,,,,,,,,,,,,,,,,,,,,,,,,,,,,1,
0,15,28,"{'x': 603.6862454355938, 'y': 249.07678394640837, 'elapsedTime': 30530.600000023842}",936722020201,5180424697,POINT (0.3144199194977052 0.23062665180223),,,,,,,,,,,,,,,,,,,,,,,,,,,,,,,,,,,,,,,,,,,,,,,,,,,,,,,1,,,,,,,,,,,,,,,,,,,,,,,,,,,,,,,,,,,,,,,,,,,,,1,
0,15,28,"{'x': 578.739608199027, 'y': 241.1878747601315, 'elapsedTime': 30576.800000071526}",936722036868,5180441363,POINT (0.3014268792703266 0.223322106259381),,,,,,,,,,,,,,,,,,,,,,,,,,,,,,,,,,,,,,,,,,,,,,,,,,,,,,,,,,,,,,,,,,,,,,,,,,,,,,,,,,,,,,,,,,,,,,,,,,,,1,
0,15,28,"{'x': 578.739608199027, 'y': 241.1878747601315, 'elapsedTime': 30576.800000071526}",936722053535,5180458030,POINT (0.3014268792703266 0.223322106259381),,,,,,,,,,,,,,,,,,,,,,,,,,,,,,,,,,,,,,,,,,,,,,,,,,,,,,,,,,,,,,,,,,,,,,,,,,,,,,,,,,,,,,,,,,,,,,,,,,,,1,
0,15,28,"{'x': 578.739608199027, 'y': 241.1878747601315, 'elapsedTime': 30576.800000071526}",936722070203,5180474697,POINT (0.3014268792703266 0.223322106259381),,,,,,,,,,,,,,,,,,,,,,,,,,,,,,,,,,,,,,,,,,,,,,,,,,,,,,,,,,,,,,,,,,,,,,,,,,,,,,,,,,,,,,,,,,,,,,,,,,,,1,
0,15,28,"{'x': 639.5802623466202, 'y': 262.9736093954814, 'elapsedTime': 30631.100000023842}",936722086869,5180491363,POINT (0.333114719972198 0.2434940827735939),,,,,,,,,,,,,,,,,,,,,,,,,,,,,,,,,,,,,,,,,,,,,,,,,,,,,,,,1,,,,,,,,,,,,,,,,,,,,,,,,,,,,,,,,,,,,,,,,,,,,1,
0,15,28,"{'x': 639.5802623466202, 'y': 262.9736093954814, 'elapsedTime': 30631.100000023842}",936722103537,5180508030,POINT (0.333114719972198 0.2434940827735939),,,,,,,,,,,,,,,,,,,,,,,,,,,,,,,,,,,,,,,,,,,,,,,,,,,,,,,,1,,,,,,,,,,,,,,,,,,,,,,,,,,,,,,,,,,,,,,,,,,,,1,
0,15,28,"{'x': 639.5802623466202, 'y': 262.9736093954814, 'elapsedTime': 30631.100000023842}",936722120207,5180524700,POINT (0.333114719972198 0.2434940827735939),,,,,,,,,,,,,,,,,,,,,,,,,,,,,,,,,,,,,,,,,,,,,,,,,,,,,,,,1,,,,,,,,,,,,,,,,,,,,,,,,,,,,,,,,,,,,,,,,,,,,1,
0,15,28,"{'x': 650.9046192741947, 'y': 217.67093481239772, 'elapsedTime': 30675.899999976158}",936722136875,5180541367,POINT (0.3390128225386431 0.2015471618633312),,,,,,,,,,,,,,,,,,,,,,,,,,,,,,,,,,,,,,,,,,,,,,,,,,,,,,,,,,,,,,,,,,,,,,,,,,,,,,,,,,,,,,,,,,,,,,,,,,,,,
0,15,28,"{'x': 650.9046192741947, 'y': 217.67093481239772, 'elapsedTime': 30675.899999976158}",936722153542,5180558034,POINT (0.3390128225386431 0.2015471618633312),,,,,,,,,,,,,,,,,,,,,,,,,,,,,,,,,,,,,,,,,,,,,,,,,,,,,,,,,,,,,,,,,,,,,,,,,,,,,,,,,,,,,,,,,,,,,,,,,,,,,
0,15,28,"{'x': 650.9046192741947, 'y': 217.67093481239772, 'elapsedTime': 30675.899999976158}",936722170209,5180574700,POINT (0.3390128225386431 0.2015471618633312),,,,,,,,,,,,,,,,,,,,,,,,,,,,,,,,,,,,,,,,,,,,,,,,,,,,,,,,,,,,,,,,,,,,,,,,,,,,,,,,,,,,,,,,,,,,,,,,,,,,,
0,15,28,"{'x': 726.2933022388997, 'y': 221.9065677131201, 'elapsedTime': 30721.899999976158}",936722186876,5180591367,POINT (0.3782777615827603 0.2054690441788149),,,,,,,,,,,,,,,,,,,,,,,,,,,,,,,,,,,,,,,,,,,,,,,,,,,,,,,,,,,,,,,,,,,,,,,,,,,,,,,,,,,,,,,,,,,,,,,,,,,,,
0,15,28,"{'x': 726.2933022388997, 'y': 221.9065677131201, 'elapsedTime': 30721.899999976158}",936722203544,5180608034,POINT (0.3782777615827603 0.2054690441788149),,,,,,,,,,,,,,,,,,,,,,,,,,,,,,,,,,,,,,,,,,,,,,,,,,,,,,,,,,,,,,,,,,,,,,,,,,,,,,,,,,,,,,,,,,,,,,,,,,,,,
0,15,28,"{'x': 726.2933022388997, 'y': 221.9065677131201, 'elapsedTime': 30721.899999976158}",936722220210,5180624700,POINT (0.3782777615827603 0.2054690441788149),,,,,,,,,,,,,,,,,,,,,,,,,,,,,,,,,,,,,,,,,,,,,,,,,,,,,,,,,,,,,,,,,,,,,,,,,,,,,,,,,,,,,,,,,,,,,,,,,,,,,
0,15,28,"{'x': 755.8009913175606, 'y': 217.90715198371893, 'elapsedTime': 30768.300000071526}",936722236878,5180641367,POINT (0.3936463496445628 0.2017658814664064),,,,,,,,,,,,,,,,,,,,,,,,,,,,,,,,,,,,1,,,,,,,,,,,,,,,,,,,,,,,,,,,,,,,,,,,,,,,,,,,,,,,,,,,,,,,,,,,,,,,,,
0,15,28,"{'x': 755.8009913175606, 'y': 217.90715198371893, 'elapsedTime': 30768.300000071526}",936722253548,5180658037,POINT (0.3936463496445628 0.2017658814664064),,,,,,,,,,,,,,,,,,,,,,,,,,,,,,,,,,,,1,,,,,,,,,,,,,,,,,,,,,,,,,,,,,,,,,,,,,,,,,,,,,,,,,,,,,,,,,,,,,,,,,
0,15,28,"{'x': 735.7555555356732, 'y': 229.12354514221607, 'elapsedTime': 30814.5}",936722270216,5180674704,POINT (0.3832060185081632 0.2121514306872371),,,,,,,,,,,,,,,,,,,,,,,,,,,,,,,,,,,,,,,,,,,,,,,,,,,,,,,,,,,,,,,,,,,,,,,,,,,,,,,,,,,,,,,,,,,,,,,,,,,,,
0,15,28,"{'x': 735.7555555356732, 'y': 229.12354514221607, 'elapsedTime': 30814.5}",936722286883,5180691371,POINT (0.3832060185081632 0.2121514306872371),,,,,,,,,,,,,,,,,,,,,,,,,,,,,,,,,,,,,,,,,,,,,,,,,,,,,,,,,,,,,,,,,,,,,,,,,,,,,,,,,,,,,,,,,,,,,,,,,,,,,
0,15,28,"{'x': 735.7555555356732, 'y': 229.12354514221607, 'elapsedTime': 30814.5}",936722303550,5180708037,POINT (0.3832060185081632 0.2121514306872371),,,,,,,,,,,,,,,,,,,,,,,,,,,,,,,,,,,,,,,,,,,,,,,,,,,,,,,,,,,,,,,,,,,,,,,,,,,,,,,,,,,,,,,,,,,,,,,,,,,,,
0,15,28,"{'x': 726.8370946186296, 'y': 269.3532345143571, 'elapsedTime': 30861.300000071526}",936722320217,5180724704,POINT (0.3785609867805363 0.2494011430688492),,,,,,,,,,,,,,,,,,,,,,,,,,,,,,,,,,,,,,,,,,,,,,,,,,,,,,,,,,,,,,,,,,,,,,,,,,,,,,,,,,,,,,,,,,,,,,,,,,,1,1,
0,15,28,"{'x': 726.8370946186296, 'y': 269.3532345143571, 'elapsedTime': 30861.300000071526}",936722336884,5180741371,POINT (0.3785609867805363 0.2494011430688492),,,,,,,,,,,,,,,,,,,,,,,,,,,,,,,,,,,,,,,,,,,,,,,,,,,,,,,,,,,,,,,,,,,,,,,,,,,,,,,,,,,,,,,,,,,,,,,,,,,1,1,
0,15,28,"{'x': 726.8370946186296, 'y': 269.3532345143571, 'elapsedTime': 30861.300000071526}",936722353552,5180758038,POINT (0.3785609867805363 0.2494011430688492),,,,,,,,,,,,,,,,,,,,,,,,,,,,,,,,,,,,,,,,,,,,,,,,,,,,,,,,,,,,,,,,,,,,,,,,,,,,,,,,,,,,,,,,,,,,,,,,,,,1,1,
0,15,28,"{'x': 620.0427169254367, 'y': 253.4732152350357, 'elapsedTime': 30907.700000047684}",936722370218,5180774704,POINT (0.3229389150653316 0.234697421513922),,,,,,,,,,,,,,,,,,,,,,,,,,,,,,,,,,,,,,,,,,,,,,,,,,,,,,,1,,,,,,,,,,,,,,,,,,,,,,,,,,,,,,,,,,,,,,,,,,,,,1,
0,15,28,"{'x': 620.0427169254367, 'y': 253.4732152350357, 'elapsedTime': 30907.700000047684}",936722386892,5180791377,POINT (0.3229389150653316 0.234697421513922),,,,,,,,,,,,,,,,,,,,,,,,,,,,,,,,,,,,,,,,,,,,,,,,,,,,,,,1,,,,,,,,,,,,,,,,,,,,,,,,,,,,,,,,,,,,,,,,,,,,,1,
0,15,28,"{'x': 620.0427169254367, 'y': 253.4732152350357, 'elapsedTime': 30907.700000047684}",936722403559,5180808044,POINT (0.3229389150653316 0.234697421513922),,,,,,,,,,,,,,,,,,,,,,,,,,,,,,,,,,,,,,,,,,,,,,,,,,,,,,,1,,,,,,,,,,,,,,,,,,,,,,,,,,,,,,,,,,,,,,,,,,,,,1,
0,15,28,"{'x': 609.8243593835897, 'y': 272.23522734200344, 'elapsedTime': 30953.5}",936722420226,5180824710,POINT (0.3176168538456196 0.2520696549462995),,,,,,,,,,,,,,,,,,,,,,,,,,,,,,,,,,,,,,,,,,,,,,,,,,,,,,,,,,,,,,,,,,,,,,,,,,,,,,,,,,,,,,,,,,,,,,,,,,,,1,
0,15,28,"{'x': 609.8243593835897, 'y': 272.23522734200344, 'elapsedTime': 30953.5}",936722436893,5180841377,POINT (0.3176168538456196 0.2520696549462995),,,,,,,,,,,,,,,,,,,,,,,,,,,,,,,,,,,,,,,,,,,,,,,,,,,,,,,,,,,,,,,,,,,,,,,,,,,,,,,,,,,,,,,,,,,,,,,,,,,,1,
0,15,28,"{'x': 621.5280148376527, 'y': 236.84816632706998, 'elapsedTime': 31001}",936722453560,5180858044,POINT (0.3237125077279441 0.21930385771025),,,,,,,,,,,,,,,,,,,,,,,,,,,,,,,,,1,,,,,,,,,,,,,,,,,,,,,,,,,,,,,,,,,,,,,,,,,,,,,,,,,,,,,,,,,,,,,,,,,,,1,
0,15,28,"{'x': 621.5280148376527, 'y': 236.84816632706998, 'elapsedTime': 31001}",936722470227,5180874710,POINT (0.3237125077279441 0.21930385771025),,,,,,,,,,,,,,,,,,,,,,,,,,,,,,,,,1,,,,,,,,,,,,,,,,,,,,,,,,,,,,,,,,,,,,,,,,,,,,,,,,,,,,,,,,,,,,,,,,,,,1,
0,15,28,"{'x': 621.5280148376527, 'y': 236.84816632706998, 'elapsedTime': 31001}",936722486894,5180891377,POINT (0.3237125077279441 0.21930385771025),,,,,,,,,,,,,,,,,,,,,,,,,,,,,,,,,1,,,,,,,,,,,,,,,,,,,,,,,,,,,,,,,,,,,,,,,,,,,,,,,,,,,,,,,,,,,,,,,,,,,1,
0,15,28,"{'x': 588.4680507421153, 'y': 228.4813377224728, 'elapsedTime': 31048.399999976158}",936722503567,5180908049,POINT (0.3064937764281851 0.2115567941874748),,,,,,,,,,,,,,,,,,,,,,,,,,,,,,,,,,,,,,,,,,,,,,,,,,,,,,,,,,,,,,,,,,,,,,,,,,,,,,,,,,,,,,,,,,,,,,,,,,,,,
0,15,28,"{'x': 588.4680507421153, 'y': 228.4813377224728, 'elapsedTime': 31048.399999976158}",936722520233,5180924715,POINT (0.3064937764281851 0.2115567941874748),,,,,,,,,,,,,,,,,,,,,,,,,,,,,,,,,,,,,,,,,,,,,,,,,,,,,,,,,,,,,,,,,,,,,,,,,,,,,,,,,,,,,,,,,,,,,,,,,,,,,
0,15,28,"{'x': 588.4680507421153, 'y': 228.4813377224728, 'elapsedTime': 31048.399999976158}",936722536901,5180941382,POINT (0.3064937764281851 0.2115567941874748),,,,,,,,,,,,,,,,,,,,,,,,,,,,,,,,,,,,,,,,,,,,,,,,,,,,,,,,,,,,,,,,,,,,,,,,,,,,,,,,,,,,,,,,,,,,,,,,,,,,,
0,15,28,"{'x': 648.581318255292, 'y': 169.2108566539766, 'elapsedTime': 31093.800000071526}",936722553567,5180958048,POINT (0.3378027699246313 0.1566767191240524),,,,,,,,,,,,,,,,,,,,,,,,,,,,,,,,,,,,,,,,,,,,,,,,,,,,,,,,,,,,,,,,,,,,,,,,,,,,,,,,,,,,,,,,,,,,,,,,,,,1,,
0,15,28,"{'x': 648.581318255292, 'y': 169.2108566539766, 'elapsedTime': 31093.800000071526}",936722570235,5180974715,POINT (0.3378027699246313 0.1566767191240524),,,,,,,,,,,,,,,,,,,,,,,,,,,,,,,,,,,,,,,,,,,,,,,,,,,,,,,,,,,,,,,,,,,,,,,,,,,,,,,,,,,,,,,,,,,,,,,,,,,1,,
0,15,28,"{'x': 648.581318255292, 'y': 169.2108566539766, 'elapsedTime': 31093.800000071526}",936722586902,5180991382,POINT (0.3378027699246313 0.1566767191240524),,,,,,,,,,,,,,,,,,,,,,,,,,,,,,,,,,,,,,,,,,,,,,,,,,,,,,,,,,,,,,,,,,,,,,,,,,,,,,,,,,,,,,,,,,,,,,,,,,,1,,
0,15,28,"{'x': 699.5720385601924, 'y': 139.05812176267636, 'elapsedTime': 31139.399999976158}",936722603570,5181008049,POINT (0.3643604367501002 0.1287575201506263),,,,,,,,,,,,,,,,,,,,,,,,,,,,,,,,,,,,,,,,,,,,,,,,,,,,,,,,,,,,,,,,,,,,,,,,,,,,,,,,,,,,,,,,,,,,,,,,,,,,,
0,15,28,"{'x': 699.5720385601924, 'y': 139.05812176267636, 'elapsedTime': 31139.399999976158}",936722620236,5181024715,POINT (0.3643604367501002 0.1287575201506263),,,,,,,,,,,,,,,,,,,,,,,,,,,,,,,,,,,,,,,,,,,,,,,,,,,,,,,,,,,,,,,,,,,,,,,,,,,,,,,,,,,,,,,,,,,,,,,,,,,,,
0,15,28,"{'x': 699.5720385601924, 'y': 139.05812176267636, 'elapsedTime': 31139.399999976158}",936722636907,5181041385,POINT (0.3643604367501002 0.1287575201506263),,,,,,,,,,,,,,,,,,,,,,,,,,,,,,,,,,,,,,,,,,,,,,,,,,,,,,,,,,,,,,,,,,,,,,,,,,,,,,,,,,,,,,,,,,,,,,,,,,,,,
0,15,28,"{'x': 697.8607779579576, 'y': 135.9576923364264, 'elapsedTime': 31186}",936722653573,5181058051,POINT (0.3634691551864362 0.1258867521633578),,,,,,,,,,,,,,,,,,,,,,,,,,,,,,,,,,,,,,,,,,,,,,,,,,,,,,,,,,,,,,,,,,,,,,,,,,,,,,,,,,,,,,,,,,,,,,,,,,,,,
0,15,28,"{'x': 697.8607779579576, 'y': 135.9576923364264, 'elapsedTime': 31186}",936722670241,5181074718,POINT (0.3634691551864362 0.1258867521633578),,,,,,,,,,,,,,,,,,,,,,,,,,,,,,,,,,,,,,,,,,,,,,,,,,,,,,,,,,,,,,,,,,,,,,,,,,,,,,,,,,,,,,,,,,,,,,,,,,,,,
0,15,28,"{'x': 697.8607779579576, 'y': 135.9576923364264, 'elapsedTime': 31186}",936722686908,5181091385,POINT (0.3634691551864362 0.1258867521633578),,,,,,,,,,,,,,,,,,,,,,,,,,,,,,,,,,,,,,,,,,,,,,,,,,,,,,,,,,,,,,,,,,,,,,,,,,,,,,,,,,,,,,,,,,,,,,,,,,,,,
0,15,28,"{'x': 758.283608511045, 'y': 96.26671306531266, 'elapsedTime': 31233.800000071526}",936722703575,5181108051,POINT (0.394939379432836 0.0891358454308451),,,,,,,,,,,,,,,,,,,,,,,,,,,,,,,,,,,,,,,,,,,,,,,,,,,,,,,,,,,,,,,,,,,,,,,,,,,,,,,,,,,,,,,,,,,,,,,,,,,,,
0,15,28,"{'x': 758.283608511045, 'y': 96.26671306531266, 'elapsedTime': 31233.800000071526}",936722720242,5181124718,POINT (0.394939379432836 0.0891358454308451),,,,,,,,,,,,,,,,,,,,,,,,,,,,,,,,,,,,,,,,,,,,,,,,,,,,,,,,,,,,,,,,,,,,,,,,,,,,,,,,,,,,,,,,,,,,,,,,,,,,,
0,15,28,"{'x': 828.9945768608682, 'y': 149.62895934209976, 'elapsedTime': 31279.5}",936722736909,5181141385,POINT (0.4317680087817022 0.1385453327241664),,,,,,,,,,,,,,,,,,,,,,,,,,,,,,,,,,,,,,,,,,,,,,,,,,,,,,,,,,,,,,,,,,,,,,,,,,,,,,,,,,,,,,,,,,,,,,,,,,,,,
0,15,28,"{'x': 828.9945768608682, 'y': 149.62895934209976, 'elapsedTime': 31279.5}",936722753576,5181158051,POINT (0.4317680087817022 0.1385453327241664),,,,,,,,,,,,,,,,,,,,,,,,,,,,,,,,,,,,,,,,,,,,,,,,,,,,,,,,,,,,,,,,,,,,,,,,,,,,,,,,,,,,,,,,,,,,,,,,,,,,,
0,15,28,"{'x': 828.9945768608682, 'y': 149.62895934209976, 'elapsedTime': 31279.5}",936722770250,5181174725,POINT (0.4317680087817022 0.1385453327241664),,,,,,,,,,,,,,,,,,,,,,,,,,,,,,,,,,,,,,,,,,,,,,,,,,,,,,,,,,,,,,,,,,,,,,,,,,,,,,,,,,,,,,,,,,,,,,,,,,,,,
0,15,28,"{'x': 855.9505150768881, 'y': 150.9263211644654, 'elapsedTime': 31325.600000023842}",936722786918,5181191392,POINT (0.4458075599358792 0.1397465936708013),,,,,,,,,,,,,,,,,,,,,,,,,,,,,,,,,,,,,,,,,,,,,,,,,,,,,,,,,,,,,,,,,,,,,,,,,,,,,,,,,,,,,,,,,,,,,,,,,,,1,,
0,15,28,"{'x': 855.9505150768881, 'y': 150.9263211644654, 'elapsedTime': 31325.600000023842}",936722803584,5181208058,POINT (0.4458075599358792 0.1397465936708013),,,,,,,,,,,,,,,,,,,,,,,,,,,,,,,,,,,,,,,,,,,,,,,,,,,,,,,,,,,,,,,,,,,,,,,,,,,,,,,,,,,,,,,,,,,,,,,,,,,1,,
0,15,28,"{'x': 855.9505150768881, 'y': 150.9263211644654, 'elapsedTime': 31325.600000023842}",936722820252,5181224725,POINT (0.4458075599358792 0.1397465936708013),,,,,,,,,,,,,,,,,,,,,,,,,,,,,,,,,,,,,,,,,,,,,,,,,,,,,,,,,,,,,,,,,,,,,,,,,,,,,,,,,,,,,,,,,,,,,,,,,,,1,,
0,15,28,"{'x': 888.1858884132173, 'y': 170.92129961747574, 'elapsedTime': 31375.800000071526}",936722836919,5181241392,POINT (0.462596816881884 0.1582604626087738),,,,,,,,,,,,,,,,,,,,,,,,,,,,,,,,,,,,,,,,,,,,,,,,,,,,,,,,,,,,,,,,,,,,,,,,,,,,,,,,,,,,,,,,,,,,,,,,,,,1,,
0,15,28,"{'x': 888.1858884132173, 'y': 170.92129961747574, 'elapsedTime': 31375.800000071526}",936722853586,5181258058,POINT (0.462596816881884 0.1582604626087738),,,,,,,,,,,,,,,,,,,,,,,,,,,,,,,,,,,,,,,,,,,,,,,,,,,,,,,,,,,,,,,,,,,,,,,,,,,,,,,,,,,,,,,,,,,,,,,,,,,1,,
0,15,28,"{'x': 888.1858884132173, 'y': 170.92129961747574, 'elapsedTime': 31375.800000071526}",936722870253,5181274725,POINT (0.462596816881884 0.1582604626087738),,,,,,,,,,,,,,,,,,,,,,,,,,,,,,,,,,,,,,,,,,,,,,,,,,,,,,,,,,,,,,,,,,,,,,,,,,,,,,,,,,,,,,,,,,,,,,,,,,,1,,
0,15,28,"{'x': 855.729048603641, 'y': 211.67489811968494, 'elapsedTime': 31421.200000047684}",936722886921,5181291392,POINT (0.4456922128143964 0.1959952760367453),,,,,,,,,,,,,,,,,,,,,,,,,,,,,,,,,,,,,,,,,,,,,,,,,,,,,,,,,,,,,,,,,,,,,,,,,,,,,,,,,,,,,,,,,,,,,,,,,,,1,,
0,15,28,"{'x': 855.729048603641, 'y': 211.67489811968494, 'elapsedTime': 31421.200000047684}",936722903590,5181308061,POINT (0.4456922128143964 0.1959952760367453),,,,,,,,,,,,,,,,,,,,,,,,,,,,,,,,,,,,,,,,,,,,,,,,,,,,,,,,,,,,,,,,,,,,,,,,,,,,,,,,,,,,,,,,,,,,,,,,,,,1,,
0,15,28,"{'x': 855.729048603641, 'y': 211.67489811968494, 'elapsedTime': 31421.200000047684}",936722920257,5181324728,POINT (0.4456922128143964 0.1959952760367453),,,,,,,,,,,,,,,,,,,,,,,,,,,,,,,,,,,,,,,,,,,,,,,,,,,,,,,,,,,,,,,,,,,,,,,,,,,,,,,,,,,,,,,,,,,,,,,,,,,1,,
0,15,28,"{'x': 943.2133452902018, 'y': 241.92319426626312, 'elapsedTime': 31470}",936722936925,5181341395,POINT (0.4912569506719801 0.2240029576539473),,,,,,,,,,,,,,,,,,,,,,,,,,,,,,,,,,,,,,,,,,,,,,,,,,,,,,,,,,,,,,,,,,,,,,,,,,,,,,,,,,,,,,,,,,,,,,,,,,,,1,
0,15,28,"{'x': 943.2133452902018, 'y': 241.92319426626312, 'elapsedTime': 31470}",936722953591,5181358061,POINT (0.4912569506719801 0.2240029576539473),,,,,,,,,,,,,,,,,,,,,,,,,,,,,,,,,,,,,,,,,,,,,,,,,,,,,,,,,,,,,,,,,,,,,,,,,,,,,,,,,,,,,,,,,,,,,,,,,,,,1,
0,15,28,"{'x': 932.3470428815199, 'y': 264.11345863606266, 'elapsedTime': 31515.399999976158}",936722970259,5181374728,POINT (0.4855974181674583 0.2445494987370951),,,,,,,,,,,,,,,,,,,,,,,,,,,,,,,,,,,,,,,,,,,,,,,,,,,,,,,,,,,,,,,,,,,,,,,,,,,,,,,,,,,,,,,,,,,,,,,,,,,1,1,
0,15,28,"{'x': 932.3470428815199, 'y': 264.11345863606266, 'elapsedTime': 31515.399999976158}",936722986926,5181391395,POINT (0.4855974181674583 0.2445494987370951),,,,,,,,,,,,,,,,,,,,,,,,,,,,,,,,,,,,,,,,,,,,,,,,,,,,,,,,,,,,,,,,,,,,,,,,,,,,,,,,,,,,,,,,,,,,,,,,,,,1,1,
0,15,28,"{'x': 932.3470428815199, 'y': 264.11345863606266, 'elapsedTime': 31515.399999976158}",936723003593,5181408061,POINT (0.4855974181674583 0.2445494987370951),,,,,,,,,,,,,,,,,,,,,,,,,,,,,,,,,,,,,,,,,,,,,,,,,,,,,,,,,,,,,,,,,,,,,,,,,,,,,,,,,,,,,,,,,,,,,,,,,,,1,1,
0,15,28,"{'x': 932.3470428815199, 'y': 264.11345863606266, 'elapsedTime': 31515.399999976158}",936723020260,5181424728,POINT (0.4855974181674583 0.2445494987370951),,,,,,,,,,,,,,,,,,,,,,,,,,,,,,,,,,,,,,,,,,,,,,,,,,,,,,,,,,,,,,,,,,,,,,,,,,,,,,,,,,,,,,,,,,,,,,,,,,,1,1,
0,15,28,"{'x': 856.8116911312313, 'y': 396.55443144142316, 'elapsedTime': 31559.800000071526}",936723036931,5181441398,POINT (0.4462560891308496 0.3671800291124289),,,,,,,,,,,,,,,,,,,,,,,,,,,,,,,,,,,,,,,,,,,,,,,,,,,,,,,,,,,,,,,,,,,,,,,,,,,,,,,,,,,,,,,,,,,,,,,,,,,,,
0,15,28,"{'x': 856.8116911312313, 'y': 396.55443144142316, 'elapsedTime': 31559.800000071526}",936723053598,5181458065,POINT (0.4462560891308496 0.3671800291124289),,,,,,,,,,,,,,,,,,,,,,,,,,,,,,,,,,,,,,,,,,,,,,,,,,,,,,,,,,,,,,,,,,,,,,,,,,,,,,,,,,,,,,,,,,,,,,,,,,,,,
0,15,28,"{'x': 822.988964452969, 'y': 451.5935088719747, 'elapsedTime': 31614}",936723070266,5181474732,POINT (0.428640085652588 0.418142137844421),,,,,,,,,,,,,,,,,,,,,,,,,,,,,,,,,,,,,,,,,,,,,,,,,,,,,,,,,,,,,,,,,,,,,,,,,,,,,,,,,,,,,,,,,,,,,,,,,,,,,
0,15,28,"{'x': 822.988964452969, 'y': 451.5935088719747, 'elapsedTime': 31614}",936723086933,5181491399,POINT (0.428640085652588 0.418142137844421),,,,,,,,,,,,,,,,,,,,,,,,,,,,,,,,,,,,,,,,,,,,,,,,,,,,,,,,,,,,,,,,,,,,,,,,,,,,,,,,,,,,,,,,,,,,,,,,,,,,,
0,15,28,"{'x': 822.988964452969, 'y': 451.5935088719747, 'elapsedTime': 31614}",936723103600,5181508065,POINT (0.428640085652588 0.418142137844421),,,,,,,,,,,,,,,,,,,,,,,,,,,,,,,,,,,,,,,,,,,,,,,,,,,,,,,,,,,,,,,,,,,,,,,,,,,,,,,,,,,,,,,,,,,,,,,,,,,,,
0,15,28,"{'x': 784.3799939398361, 'y': 475.95144402808677, 'elapsedTime': 31660.899999976158}",936723120266,5181524731,POINT (0.4085312468436646 0.4406957815074877),,,,,,,,,,,,,,,,,,,,,,,,,,,,,,,,,,,,,,,,,,,,,,,,,,,,,,,,,,,,,,,,,,,,,,,,,,,,,,,,,,,,,,,,,,,,,,,,,,,,,
0,15,28,"{'x': 784.3799939398361, 'y': 475.95144402808677, 'elapsedTime': 31660.899999976158}",936723136934,5181541398,POINT (0.4085312468436646 0.4406957815074877),,,,,,,,,,,,,,,,,,,,,,,,,,,,,,,,,,,,,,,,,,,,,,,,,,,,,,,,,,,,,,,,,,,,,,,,,,,,,,,,,,,,,,,,,,,,,,,,,,,,,
0,15,28,"{'x': 784.3799939398361, 'y': 475.95144402808677, 'elapsedTime': 31660.899999976158}",936723153601,5181558065,POINT (0.4085312468436646 0.4406957815074877),,,,,,,,,,,,,,,,,,,,,,,,,,,,,,,,,,,,,,,,,,,,,,,,,,,,,,,,,,,,,,,,,,,,,,,,,,,,,,,,,,,,,,,,,,,,,,,,,,,,,
0,15,28,"{'x': 877.4313522293132, 'y': 392.1410378453419, 'elapsedTime': 31708.200000047684}",936723170271,5181574735,POINT (0.4569954959527673 0.3630935535605018),,,,,,,,,,,,,,,,,,,,,,,,,,,,,,,,,,,,,,,,,,,,,,,,,,,,,,,,,,,,,,,,,,,,,,,,,,,,,,,,,,,,,,,,,,,,,,,,,,,,,
0,15,28,"{'x': 877.4313522293132, 'y': 392.1410378453419, 'elapsedTime': 31708.200000047684}",936723186938,5181591401,POINT (0.4569954959527673 0.3630935535605018),,,,,,,,,,,,,,,,,,,,,,,,,,,,,,,,,,,,,,,,,,,,,,,,,,,,,,,,,,,,,,,,,,,,,,,,,,,,,,,,,,,,,,,,,,,,,,,,,,,,,
0,15,28,"{'x': 877.4313522293132, 'y': 392.1410378453419, 'elapsedTime': 31708.200000047684}",936723203605,5181608068,POINT (0.4569954959527673 0.3630935535605018),,,,,,,,,,,,,,,,,,,,,,,,,,,,,,,,,,,,,,,,,,,,,,,,,,,,,,,,,,,,,,,,,,,,,,,,,,,,,,,,,,,,,,,,,,,,,,,,,,,,,
0,15,28,"{'x': 903.7770933825186, 'y': 361.7938658495192, 'elapsedTime': 31754.399999976158}",936723220273,5181624735,POINT (0.4707172361367284 0.3349943202310363),,,,,,,,,,,,,,,,,,,,,,,,,,,,,,,,,,,,,,,,,,,,,,,,,,,,,,,,,,,,,,,,,,,,,,,,,,,,,,,,,,,,,,,,,,,,,,,,,,,,1,
0,15,28,"{'x': 903.7770933825186, 'y': 361.7938658495192, 'elapsedTime': 31754.399999976158}",936723236940,5181641402,POINT (0.4707172361367284 0.3349943202310363),,,,,,,,,,,,,,,,,,,,,,,,,,,,,,,,,,,,,,,,,,,,,,,,,,,,,,,,,,,,,,,,,,,,,,,,,,,,,,,,,,,,,,,,,,,,,,,,,,,,1,
0,15,28,"{'x': 981.6716020517406, 'y': 353.20840293873994, 'elapsedTime': 31798.5}",936723253607,5181658068,POINT (0.5112872927352815 0.3270448175358703),,,,,,,,,,,,,,,,,,,,,,,,,,,,,,,,,,,,,,,,,,,,,,,,,,,,,,,,,,,,,,,,,,,,,,,,,,,,,,,,,,,,,,,,,,,,,,,,,,,,1,
0,15,28,"{'x': 981.6716020517406, 'y': 353.20840293873994, 'elapsedTime': 31798.5}",936723270274,5181674735,POINT (0.5112872927352815 0.3270448175358703),,,,,,,,,,,,,,,,,,,,,,,,,,,,,,,,,,,,,,,,,,,,,,,,,,,,,,,,,,,,,,,,,,,,,,,,,,,,,,,,,,,,,,,,,,,,,,,,,,,,1,
0,15,28,"{'x': 981.6716020517406, 'y': 353.20840293873994, 'elapsedTime': 31798.5}",936723286941,5181691401,POINT (0.5112872927352815 0.3270448175358703),,,,,,,,,,,,,,,,,,,,,,,,,,,,,,,,,,,,,,,,,,,,,,,,,,,,,,,,,,,,,,,,,,,,,,,,,,,,,,,,,,,,,,,,,,,,,,,,,,,,1,
0,15,28,"{'x': 1012.5394185750876, 'y': 350.01139610041474, 'elapsedTime': 31846.100000023842}",936723303616,5181708076,POINT (0.5273642805078581 0.3240846260189025),,,,,,,,,,,,,,,,,,,,,,,,,,,,,,,,,,,,,,,,,,,,,,,,,,,,,,,,,,,,,,,,,,,,,,,,,,,,,,,,,,,,,,,,,,,,,,,,,,,,1,
0,15,28,"{'x': 1012.5394185750876, 'y': 350.01139610041474, 'elapsedTime': 31846.100000023842}",936723320284,5181724743,POINT (0.5273642805078581 0.3240846260189025),,,,,,,,,,,,,,,,,,,,,,,,,,,,,,,,,,,,,,,,,,,,,,,,,,,,,,,,,,,,,,,,,,,,,,,,,,,,,,,,,,,,,,,,,,,,,,,,,,,,1,
0,15,28,"{'x': 1012.5394185750876, 'y': 350.01139610041474, 'elapsedTime': 31846.100000023842}",936723336950,5181741409,POINT (0.5273642805078581 0.3240846260189025),,,,,,,,,,,,,,,,,,,,,,,,,,,,,,,,,,,,,,,,,,,,,,,,,,,,,,,,,,,,,,,,,,,,,,,,,,,,,,,,,,,,,,,,,,,,,,,,,,,,1,
0,15,28,"{'x': 984.7772849545167, 'y': 316.3392120055838, 'elapsedTime': 31895.399999976158}",936723353616,5181758075,POINT (0.5129048359138108 0.292906677782948),,,,,,,,,,,,,,,,,,,,,,,,,,,,,,,,,,,,,,,,,,,,,,,,,,,,,,,,,,,,,,,,,,,,,,,,,,,,,,,,,,,,,,,,,,,,,,,,,,,1,1,
0,15,28,"{'x': 984.7772849545167, 'y': 316.3392120055838, 'elapsedTime': 31895.399999976158}",936723370284,5181774742,POINT (0.5129048359138108 0.292906677782948),,,,,,,,,,,,,,,,,,,,,,,,,,,,,,,,,,,,,,,,,,,,,,,,,,,,,,,,,,,,,,,,,,,,,,,,,,,,,,,,,,,,,,,,,,,,,,,,,,,1,1,
0,15,28,"{'x': 984.7772849545167, 'y': 316.3392120055838, 'elapsedTime': 31895.399999976158}",936723386951,5181791409,POINT (0.5129048359138108 0.292906677782948),,,,,,,,,,,,,,,,,,,,,,,,,,,,,,,,,,,,,,,,,,,,,,,,,,,,,,,,,,,,,,,,,,,,,,,,,,,,,,,,,,,,,,,,,,,,,,,,,,,1,1,
0,15,28,"{'x': 960.4149597628883, 'y': 211.36468840650997, 'elapsedTime': 31940.700000047684}",936723403619,5181808076,POINT (0.5002161248765044 0.1957080448208426),,,,,,,,,,,,,,,,,,,,,,,,,,,,,,,,,,,,,,,,,,,,,,,,,,,,,,,,,,,,,,,,,,,,,,,,,,,,,,,,,,,,,,,,,,,,,,,,,,,1,,
0,15,28,"{'x': 960.4149597628883, 'y': 211.36468840650997, 'elapsedTime': 31940.700000047684}",936723420289,5181824746,POINT (0.5002161248765044 0.1957080448208426),,,,,,,,,,,,,,,,,,,,,,,,,,,,,,,,,,,,,,,,,,,,,,,,,,,,,,,,,,,,,,,,,,,,,,,,,,,,,,,,,,,,,,,,,,,,,,,,,,,1,,
0,15,28,"{'x': 960.4149597628883, 'y': 211.36468840650997, 'elapsedTime': 31940.700000047684}",936723436956,5181841412,POINT (0.5002161248765044 0.1957080448208426),,,,,,,,,,,,,,,,,,,,,,,,,,,,,,,,,,,,,,,,,,,,,,,,,,,,,,,,,,,,,,,,,,,,,,,,,,,,,,,,,,,,,,,,,,,,,,,,,,,1,,
0,15,28,"{'x': 950.536398828345, 'y': 244.0198457573022, 'elapsedTime': 31986.5}",936723453623,5181858079,POINT (0.4950710410564297 0.2259443016271317),,,,,,,,,,,,,,,,,,,,,,,,,,,,,,,,,,,,,,,,,,,,,,,,,,,,,,,,,,,,,,,,,,,,,,,,,,,,,,,,,,,,,,,,,,,,,,,,,,,,1,
0,15,28,"{'x': 950.536398828345, 'y': 244.0198457573022, 'elapsedTime': 31986.5}",936723470290,5181874745,POINT (0.4950710410564297 0.2259443016271317),,,,,,,,,,,,,,,,,,,,,,,,,,,,,,,,,,,,,,,,,,,,,,,,,,,,,,,,,,,,,,,,,,,,,,,,,,,,,,,,,,,,,,,,,,,,,,,,,,,,1,
0,15,28,"{'x': 950.536398828345, 'y': 244.0198457573022, 'elapsedTime': 31986.5}",936723486957,5181891412,POINT (0.4950710410564297 0.2259443016271317),,,,,,,,,,,,,,,,,,,,,,,,,,,,,,,,,,,,,,,,,,,,,,,,,,,,,,,,,,,,,,,,,,,,,,,,,,,,,,,,,,,,,,,,,,,,,,,,,,,,1,
0,15,28,"{'x': 893.9711018179073, 'y': 233.9333655635866, 'elapsedTime': 32035.200000047684}",936723503625,5181908079,POINT (0.4656099488634934 0.216604968114432),,,,,,,,,,,,,,,,,,,,,,,,,,,,,,,,,,,,,,,,,,,,,,,,,,,,,,,,,,,,,,,,,,,,,,,,,,,,,,,,,,,,,,,,,,,,,,,,,,,,1,
0,15,28,"{'x': 893.9711018179073, 'y': 233.9333655635866, 'elapsedTime': 32035.200000047684}",936723520291,5181924745,POINT (0.4656099488634934 0.216604968114432),,,,,,,,,,,,,,,,,,,,,,,,,,,,,,,,,,,,,,,,,,,,,,,,,,,,,,,,,,,,,,,,,,,,,,,,,,,,,,,,,,,,,,,,,,,,,,,,,,,,1,
0,15,28,"{'x': 893.9711018179073, 'y': 233.9333655635866, 'elapsedTime': 32035.200000047684}",936723536959,5181941412,POINT (0.4656099488634934 0.216604968114432),,,,,,,,,,,,,,,,,,,,,,,,,,,,,,,,,,,,,,,,,,,,,,,,,,,,,,,,,,,,,,,,,,,,,,,,,,,,,,,,,,,,,,,,,,,,,,,,,,,,1,
0,15,28,"{'x': 864.5246233559296, 'y': 228.02015048995585, 'elapsedTime': 32085.300000071526}",936723553630,5181958083,POINT (0.4502732413312133 0.2111297689721814),,,,,,,,,,,,,,,,,,,,,,,,,,,,,,,,,,,,,,1,,,,,,,,,,,,,,,,,,,,,,,,,,,,,,,,,,,,,,,,,,,,,,,,,,,,,,,,,,,,,,,
0,15,28,"{'x': 864.5246233559296, 'y': 228.02015048995585, 'elapsedTime': 32085.300000071526}",936723570296,5181974749,POINT (0.4502732413312133 0.2111297689721814),,,,,,,,,,,,,,,,,,,,,,,,,,,,,,,,,,,,,,1,,,,,,,,,,,,,,,,,,,,,,,,,,,,,,,,,,,,,,,,,,,,,,,,,,,,,,,,,,,,,,,
0,15,28,"{'x': 864.5246233559296, 'y': 228.02015048995585, 'elapsedTime': 32085.300000071526}",936723586964,5181991416,POINT (0.4502732413312133 0.2111297689721814),,,,,,,,,,,,,,,,,,,,,,,,,,,,,,,,,,,,,,1,,,,,,,,,,,,,,,,,,,,,,,,,,,,,,,,,,,,,,,,,,,,,,,,,,,,,,,,,,,,,,,
0,15,28,"{'x': 766.5480066387685, 'y': 249.21548706999573, 'elapsedTime': 32133.800000071526}",936723603631,5182008083,POINT (0.3992437534576919 0.2307550806203664),,,,,,,,,,,,,,,,,,,,,,,,,,,,,,,,,,,,,,,,,,,,,,,,,,,,,,,,,,,,,,,,,,,,,,,,,,,,,,,,,,,,,,,,,,,,,,,,,,,,1,
0,15,28,"{'x': 766.5480066387685, 'y': 249.21548706999573, 'elapsedTime': 32133.800000071526}",936723620299,5182024750,POINT (0.3992437534576919 0.2307550806203664),,,,,,,,,,,,,,,,,,,,,,,,,,,,,,,,,,,,,,,,,,,,,,,,,,,,,,,,,,,,,,,,,,,,,,,,,,,,,,,,,,,,,,,,,,,,,,,,,,,,1,
0,15,28,"{'x': 687.7108006926547, 'y': 260.4115690365716, 'elapsedTime': 32179.899999976158}",936723636965,5182041416,POINT (0.358182708694091 0.2411218231820108),,,,,,,,,,,,,,,,,,,,,,,,,,,,,,,,,,,,,,,,,,,,,,,,,,,,,,,,,,,,,,,,,,,,,,,,,,,,,,,,,,,,,,,,,,,,,,,,,,,,1,
0,15,28,"{'x': 687.7108006926547, 'y': 260.4115690365716, 'elapsedTime': 32179.899999976158}",936723653633,5182058083,POINT (0.358182708694091 0.2411218231820108),,,,,,,,,,,,,,,,,,,,,,,,,,,,,,,,,,,,,,,,,,,,,,,,,,,,,,,,,,,,,,,,,,,,,,,,,,,,,,,,,,,,,,,,,,,,,,,,,,,,1,
0,15,28,"{'x': 687.7108006926547, 'y': 260.4115690365716, 'elapsedTime': 32179.899999976158}",936723670300,5182074750,POINT (0.358182708694091 0.2411218231820108),,,,,,,,,,,,,,,,,,,,,,,,,,,,,,,,,,,,,,,,,,,,,,,,,,,,,,,,,,,,,,,,,,,,,,,,,,,,,,,,,,,,,,,,,,,,,,,,,,,,1,
0,15,28,"{'x': 609.1474834136056, 'y': 199.5166554484026, 'elapsedTime': 32226.300000071526}",936723686971,5182091421,POINT (0.3172643142779196 0.1847376439337061),,,,,,,,,,,,,,,,,,,,,,,,,,,,,,,,,,,,,,,,,,,,,,,,,,,,,,,,,,,,,,,,,,,,,,,,,,,,,,,,,,,,,,,,,,,,,,,,,,,,,
0,15,28,"{'x': 609.1474834136056, 'y': 199.5166554484026, 'elapsedTime': 32226.300000071526}",936723703639,5182108088,POINT (0.3172643142779196 0.1847376439337061),,,,,,,,,,,,,,,,,,,,,,,,,,,,,,,,,,,,,,,,,,,,,,,,,,,,,,,,,,,,,,,,,,,,,,,,,,,,,,,,,,,,,,,,,,,,,,,,,,,,,
0,15,28,"{'x': 609.1474834136056, 'y': 199.5166554484026, 'elapsedTime': 32226.300000071526}",936723720306,5182124755,POINT (0.3172643142779196 0.1847376439337061),,,,,,,,,,,,,,,,,,,,,,,,,,,,,,,,,,,,,,,,,,,,,,,,,,,,,,,,,,,,,,,,,,,,,,,,,,,,,,,,,,,,,,,,,,,,,,,,,,,,,
0,15,28,"{'x': 588.3324425966147, 'y': 180.97712149441105, 'elapsedTime': 32273.300000071526}",936723736973,5182141421,POINT (0.3064231471857368 0.1675714087911213),,,,,,,,,,,,,,,,,,,,,,,,,,,,,,,,,,,,,,,,,,,,,,,,,,,,,,,,,,,,,,,,,,,,,,,,,,,,,,,,,,,,,,,,,,,,,,,,,,,1,,
0,15,28,"{'x': 588.3324425966147, 'y': 180.97712149441105, 'elapsedTime': 32273.300000071526}",936723753640,5182158088,POINT (0.3064231471857368 0.1675714087911213),,,,,,,,,,,,,,,,,,,,,,,,,,,,,,,,,,,,,,,,,,,,,,,,,,,,,,,,,,,,,,,,,,,,,,,,,,,,,,,,,,,,,,,,,,,,,,,,,,,1,,
0,15,28,"{'x': 588.3324425966147, 'y': 180.97712149441105, 'elapsedTime': 32273.300000071526}",936723770307,5182174754,POINT (0.3064231471857368 0.1675714087911213),,,,,,,,,,,,,,,,,,,,,,,,,,,,,,,,,,,,,,,,,,,,,,,,,,,,,,,,,,,,,,,,,,,,,,,,,,,,,,,,,,,,,,,,,,,,,,,,,,,1,,
0,15,28,"{'x': 656.6955829030098, 'y': 119.34772057264401, 'elapsedTime': 32320.899999976158}",936723786974,5182191421,POINT (0.342028949428651 0.1105071486783741),,,,,,,,,,,,,,,,,,,,,,,,,,,,,,,,,,,,,,,,,,,,,,,,,,,,,,,,,,,,,,,,,,,,,,,,,,,,,,,,,,,,,,,,,,,,,,,,,,,,,
0,15,28,"{'x': 656.6955829030098, 'y': 119.34772057264401, 'elapsedTime': 32320.899999976158}",936723803642,5182208088,POINT (0.342028949428651 0.1105071486783741),,,,,,,,,,,,,,,,,,,,,,,,,,,,,,,,,,,,,,,,,,,,,,,,,,,,,,,,,,,,,,,,,,,,,,,,,,,,,,,,,,,,,,,,,,,,,,,,,,,,,
0,15,28,"{'x': 656.6955829030098, 'y': 119.34772057264401, 'elapsedTime': 32320.899999976158}",936723820315,5182224761,POINT (0.342028949428651 0.1105071486783741),,,,,,,,,,,,,,,,,,,,,,,,,,,,,,,,,,,,,,,,,,,,,,,,,,,,,,,,,,,,,,,,,,,,,,,,,,,,,,,,,,,,,,,,,,,,,,,,,,,,,
0,15,28,"{'x': 605.8678872875525, 'y': 111.24869936751251, 'elapsedTime': 32368.300000071526}",936723836983,5182241428,POINT (0.3155561912956003 0.103008054969919),,,,,,,,,,,,,,,,,,,,,,,,,,,,,,,,,,,,,,,,,,,,,,,,,,,,,,,,,,,,,,,,,,,,,,,,,,,,,,,,,,,,,,,,,,,,,,,,,,,,,
0,15,28,"{'x': 605.8678872875525, 'y': 111.24869936751251, 'elapsedTime': 32368.300000071526}",936723853650,5182258095,POINT (0.3155561912956003 0.103008054969919),,,,,,,,,,,,,,,,,,,,,,,,,,,,,,,,,,,,,,,,,,,,,,,,,,,,,,,,,,,,,,,,,,,,,,,,,,,,,,,,,,,,,,,,,,,,,,,,,,,,,
0,15,28,"{'x': 605.8678872875525, 'y': 111.24869936751251, 'elapsedTime': 32368.300000071526}",936723870317,5182274761,POINT (0.3155561912956003 0.103008054969919),,,,,,,,,,,,,,,,,,,,,,,,,,,,,,,,,,,,,,,,,,,,,,,,,,,,,,,,,,,,,,,,,,,,,,,,,,,,,,,,,,,,,,,,,,,,,,,,,,,,,
0,15,28,"{'x': 577.6059838018656, 'y': 149.7523119384868, 'elapsedTime': 32421.399999976158}",936723886984,5182291428,POINT (0.300836449896805 0.1386595480911915),,,,,,1,,,,,,,,,,,,,,,,,,,,,,,,,,,,,,,,,,,,,,,,,,,,,,,,,,,,,,,,,,,,,,,,,,,,,,,,,,,,,,,,,,,,,,,,,,,,,,,
0,15,28,"{'x': 577.6059838018656, 'y': 149.7523119384868, 'elapsedTime': 32421.399999976158}",936723903651,5182308094,POINT (0.300836449896805 0.1386595480911915),,,,,,1,,,,,,,,,,,,,,,,,,,,,,,,,,,,,,,,,,,,,,,,,,,,,,,,,,,,,,,,,,,,,,,,,,,,,,,,,,,,,,,,,,,,,,,,,,,,,,,
0,15,28,"{'x': 577.6059838018656, 'y': 149.7523119384868, 'elapsedTime': 32421.399999976158}",936723920318,5182324761,POINT (0.300836449896805 0.1386595480911915),,,,,,1,,,,,,,,,,,,,,,,,,,,,,,,,,,,,,,,,,,,,,,,,,,,,,,,,,,,,,,,,,,,,,,,,,,,,,,,,,,,,,,,,,,,,,,,,,,,,,,
0,15,28,"{'x': 558.0734371602509, 'y': 147.8483107699488, 'elapsedTime': 32468.899999976158}",936723936986,5182341428,POINT (0.290663248520964 0.1368965840462489),,,,,,1,,,,,,,,,,,,,,,,,,,,,,,,,,,,,,,,,,,,,,,,,,,,,,,,,,,,,,,,,,,,,,,,,,,,,,,,,,,,,,,,,,,,,,,,,,,,,,,
0,15,28,"{'x': 558.0734371602509, 'y': 147.8483107699488, 'elapsedTime': 32468.899999976158}",936723953655,5182358097,POINT (0.290663248520964 0.1368965840462489),,,,,,1,,,,,,,,,,,,,,,,,,,,,,,,,,,,,,,,,,,,,,,,,,,,,,,,,,,,,,,,,,,,,,,,,,,,,,,,,,,,,,,,,,,,,,,,,,,,,,,
0,15,28,"{'x': 558.0734371602509, 'y': 147.8483107699488, 'elapsedTime': 32468.899999976158}",936723970323,5182374764,POINT (0.290663248520964 0.1368965840462489),,,,,,1,,,,,,,,,,,,,,,,,,,,,,,,,,,,,,,,,,,,,,,,,,,,,,,,,,,,,,,,,,,,,,,,,,,,,,,,,,,,,,,,,,,,,,,,,,,,,,,
0,15,28,"{'x': 601.2613968847596, 'y': 152.77720289133407, 'elapsedTime': 32514.300000071526}",936723986989,5182391431,POINT (0.3131569775441456 0.1414603730475315),,,,,,,,,,,,,,,,,,,,,,,,,,,,,,,,,,,,,,,,,,,,,,,,,,,,,,,,,,,,,,,,,,,,,,,,,,,,,,,,,,,,,,,,,,,,,,,,,,,1,,
0,15,28,"{'x': 601.2613968847596, 'y': 152.77720289133407, 'elapsedTime': 32514.300000071526}",936724003656,5182408097,POINT (0.3131569775441456 0.1414603730475315),,,,,,,,,,,,,,,,,,,,,,,,,,,,,,,,,,,,,,,,,,,,,,,,,,,,,,,,,,,,,,,,,,,,,,,,,,,,,,,,,,,,,,,,,,,,,,,,,,,1,,
0,15,28,"{'x': 601.2613968847596, 'y': 152.77720289133407, 'elapsedTime': 32514.300000071526}",936724020323,5182424764,POINT (0.3131569775441456 0.1414603730475315),,,,,,,,,,,,,,,,,,,,,,,,,,,,,,,,,,,,,,,,,,,,,,,,,,,,,,,,,,,,,,,,,,,,,,,,,,,,,,,,,,,,,,,,,,,,,,,,,,,1,,
0,15,28,"{'x': 549.2837171172126, 'y': 150.30126690764155, 'elapsedTime': 32562.899999976158}",936724036990,5182441430,POINT (0.2860852693318816 0.1391678397292977),,,,,,,,,,,,,,,,,,,,,,,,,,,,,,,,,,,,,,,,,,,,,,,,,,,,,,,,,,,,,,,,,,,,,,,,,,,,,,,,,,,,,,,,,,,,,,,,,,,1,,
0,15,28,"{'x': 549.2837171172126, 'y': 150.30126690764155, 'elapsedTime': 32562.899999976158}",936724053657,5182458097,POINT (0.2860852693318816 0.1391678397292977),,,,,,,,,,,,,,,,,,,,,,,,,,,,,,,,,,,,,,,,,,,,,,,,,,,,,,,,,,,,,,,,,,,,,,,,,,,,,,,,,,,,,,,,,,,,,,,,,,,1,,
0,15,28,"{'x': 549.2837171172126, 'y': 150.30126690764155, 'elapsedTime': 32562.899999976158}",936724070325,5182474764,POINT (0.2860852693318816 0.1391678397292977),,,,,,,,,,,,,,,,,,,,,,,,,,,,,,,,,,,,,,,,,,,,,,,,,,,,,,,,,,,,,,,,,,,,,,,,,,,,,,,,,,,,,,,,,,,,,,,,,,,1,,
0,15,28,"{'x': 516.5639404996111, 'y': 151.25291256631454, 'elapsedTime': 32623.200000047684}",936724086995,5182491434,POINT (0.2690437190102141 0.1400489931169579),,,,,,,,,,,,,,,,,,,,,,,,,,,,,,,,,,,,,,,,,,,,,,,,,,,,,,,,,,,,,,,,,,,,,,,,,,,,,,,,,,,,,,,,,,,,,,,,,,,1,,
0,15,28,"{'x': 516.5639404996111, 'y': 151.25291256631454, 'elapsedTime': 32623.200000047684}",936724103663,5182508101,POINT (0.2690437190102141 0.1400489931169579),,,,,,,,,,,,,,,,,,,,,,,,,,,,,,,,,,,,,,,,,,,,,,,,,,,,,,,,,,,,,,,,,,,,,,,,,,,,,,,,,,,,,,,,,,,,,,,,,,,1,,
0,15,28,"{'x': 516.5639404996111, 'y': 151.25291256631454, 'elapsedTime': 32623.200000047684}",936724120330,5182524768,POINT (0.2690437190102141 0.1400489931169579),,,,,,,,,,,,,,,,,,,,,,,,,,,,,,,,,,,,,,,,,,,,,,,,,,,,,,,,,,,,,,,,,,,,,,,,,,,,,,,,,,,,,,,,,,,,,,,,,,,1,,
0,15,28,"{'x': 494.5831842197102, 'y': 215.25111818465092, 'elapsedTime': 32669.399999976158}",936724136997,5182541434,POINT (0.2575954084477657 0.1993065909117138),,,,,,,,,,,,,,,,,,,,,,,,,,,,,,,1,,,,,,,,,,,,,,,,,,,,,,,,,,,,,,,,,,,,,,,,,,,,,,,,,,,,,,,,,,,,,,,,,,,,,,
0,15,28,"{'x': 494.5831842197102, 'y': 215.25111818465092, 'elapsedTime': 32669.399999976158}",936724153664,5182558101,POINT (0.2575954084477657 0.1993065909117138),,,,,,,,,,,,,,,,,,,,,,,,,,,,,,,1,,,,,,,,,,,,,,,,,,,,,,,,,,,,,,,,,,,,,,,,,,,,,,,,,,,,,,,,,,,,,,,,,,,,,,
0,15,28,"{'x': 519.1219535919257, 'y': 148.9988502053201, 'elapsedTime': 32714.700000047684}",936724170332,5182574768,POINT (0.2703760174957946 0.1379618983382594),,,,,,,,,,,,,,,,,,,,,,,,,,,,,,,,,,,,,,,,,,,,,,,,,,,,,,,,,,,,,,,,,,,,,,,,,,,,,,,,,,,,,,,,,,,,,,,,,,,,,
0,15,28,"{'x': 519.1219535919257, 'y': 148.9988502053201, 'elapsedTime': 32714.700000047684}",936724186998,5182591434,POINT (0.2703760174957946 0.1379618983382594),,,,,,,,,,,,,,,,,,,,,,,,,,,,,,,,,,,,,,,,,,,,,,,,,,,,,,,,,,,,,,,,,,,,,,,,,,,,,,,,,,,,,,,,,,,,,,,,,,,,,
0,15,28,"{'x': 519.1219535919257, 'y': 148.9988502053201, 'elapsedTime': 32714.700000047684}",936724203666,5182608101,POINT (0.2703760174957946 0.1379618983382594),,,,,,,,,,,,,,,,,,,,,,,,,,,,,,,,,,,,,,,,,,,,,,,,,,,,,,,,,,,,,,,,,,,,,,,,,,,,,,,,,,,,,,,,,,,,,,,,,,,,,
0,15,28,"{'x': 671.678636127862, 'y': 65.86840308685274, 'elapsedTime': 32761.800000071526}",936724220338,5182624773,POINT (0.3498326229832614 0.0609892621174562),,,,,,,,,,,,,,,,,,,,,,,,,,,,,,,,,,,,,,,,,,,,,,,,,,,,,,,,,,,,,,,,,,,,,,,,,,,,,,,,,,,,,,,,,,,,,,,,,,,,,
0,15,28,"{'x': 671.678636127862, 'y': 65.86840308685274, 'elapsedTime': 32761.800000071526}",936724237005,5182641439,POINT (0.3498326229832614 0.0609892621174562),,,,,,,,,,,,,,,,,,,,,,,,,,,,,,,,,,,,,,,,,,,,,,,,,,,,,,,,,,,,,,,,,,,,,,,,,,,,,,,,,,,,,,,,,,,,,,,,,,,,,
0,15,28,"{'x': 671.678636127862, 'y': 65.86840308685274, 'elapsedTime': 32761.800000071526}",936724253672,5182658106,POINT (0.3498326229832614 0.0609892621174562),,,,,,,,,,,,,,,,,,,,,,,,,,,,,,,,,,,,,,,,,,,,,,,,,,,,,,,,,,,,,,,,,,,,,,,,,,,,,,,,,,,,,,,,,,,,,,,,,,,,,
0,15,28,"{'x': 683.1164816438512, 'y': 15.149050721477238, 'elapsedTime': 32807.10000002384}",936724270340,5182674773,POINT (0.3557898341895058 0.0140268988161826),,,,,,,,,,,,,,,,,,,,,,,,,,,,,,,,,,,,,,,,,,,,,,,,,,,,,,,,,,,,,,,,,,,,,,,,,,,,,,,,,,,,,,,,,,,,,,,,,,,,,
0,15,28,"{'x': 683.1164816438512, 'y': 15.149050721477238, 'elapsedTime': 32807.10000002384}",936724287006,5182691439,POINT (0.3557898341895058 0.0140268988161826),,,,,,,,,,,,,,,,,,,,,,,,,,,,,,,,,,,,,,,,,,,,,,,,,,,,,,,,,,,,,,,,,,,,,,,,,,,,,,,,,,,,,,,,,,,,,,,,,,,,,
0,15,28,"{'x': 683.1164816438512, 'y': 15.149050721477238, 'elapsedTime': 32807.10000002384}",936724303674,5182708106,POINT (0.3557898341895058 0.0140268988161826),,,,,,,,,,,,,,,,,,,,,,,,,,,,,,,,,,,,,,,,,,,,,,,,,,,,,,,,,,,,,,,,,,,,,,,,,,,,,,,,,,,,,,,,,,,,,,,,,,,,,
0,15,28,"{'x': 752.6176543681507, 'y': -57.99739929700043, 'elapsedTime': 32855.10000002384}",936724320341,5182724773,POINT (0.3919883616500785 -0.0537012956453708),,,,,,,,,,,,,,,,,,,,,,,,,,,,,,,,,,,,,,,,,,,,,,,,,,,,,,,,,,,,,,,,,,,,,,,,,,,,,,,,,,,,,,,,,,,,,,,,,,,,,
0,15,28,"{'x': 752.6176543681507, 'y': -57.99739929700043, 'elapsedTime': 32855.10000002384}",936724337008,5182741439,POINT (0.3919883616500785 -0.0537012956453708),,,,,,,,,,,,,,,,,,,,,,,,,,,,,,,,,,,,,,,,,,,,,,,,,,,,,,,,,,,,,,,,,,,,,,,,,,,,,,,,,,,,,,,,,,,,,,,,,,,,,
0,15,28,"{'x': 752.6176543681507, 'y': -57.99739929700043, 'elapsedTime': 32855.10000002384}",936724353681,5182758112,POINT (0.3919883616500785 -0.0537012956453708),,,,,,,,,,,,,,,,,,,,,,,,,,,,,,,,,,,,,,,,,,,,,,,,,,,,,,,,,,,,,,,,,,,,,,,,,,,,,,,,,,,,,,,,,,,,,,,,,,,,,
0,15,28,"{'x': 868.3247185026423, 'y': -111.42534490632293, 'elapsedTime': 32902.200000047684}",936724370349,5182774779,POINT (0.4522524575534596 -0.1031716156540027),,,,,,,,,,,,,,,,,,,,,,,,,,,,,,,,,,,,,,,,,,,,,,,,,,,,,,,,,,,,,,,,,,,,,,,,,,,,,,,,,,,,,,,,,,,,,,,,,,,,,
0,15,28,"{'x': 868.3247185026423, 'y': -111.42534490632293, 'elapsedTime': 32902.200000047684}",936724387015,5182791445,POINT (0.4522524575534596 -0.1031716156540027),,,,,,,,,,,,,,,,,,,,,,,,,,,,,,,,,,,,,,,,,,,,,,,,,,,,,,,,,,,,,,,,,,,,,,,,,,,,,,,,,,,,,,,,,,,,,,,,,,,,,
0,15,28,"{'x': 885.4345355526409, 'y': -126.55052903021326, 'elapsedTime': 32948.5}",936724403682,5182808112,POINT (0.4611638206003338 -0.117176415768716),,,,,,,,,,,,,,,,,,,,,,,,,,,,,,,,,,,,,,,,,,,,,,,,,,,,,,,,,,,,,,,,,,,,,,,,,,,,,,,,,,,,,,,,,,,,,,,,,,,,,
0,15,28,"{'x': 885.4345355526409, 'y': -126.55052903021326, 'elapsedTime': 32948.5}",936724420348,5182824778,POINT (0.4611638206003338 -0.117176415768716),,,,,,,,,,,,,,,,,,,,,,,,,,,,,,,,,,,,,,,,,,,,,,,,,,,,,,,,,,,,,,,,,,,,,,,,,,,,,,,,,,,,,,,,,,,,,,,,,,,,,
0,15,28,"{'x': 885.4345355526409, 'y': -126.55052903021326, 'elapsedTime': 32948.5}",936724437016,5182841445,POINT (0.4611638206003338 -0.117176415768716),,,,,,,,,,,,,,,,,,,,,,,,,,,,,,,,,,,,,,,,,,,,,,,,,,,,,,,,,,,,,,,,,,,,,,,,,,,,,,,,,,,,,,,,,,,,,,,,,,,,,
0,15,28,"{'x': 905.3070685430117, 'y': -120.49380276354205, 'elapsedTime': 32995.700000047684}",936724453683,5182858112,POINT (0.4715140981994852 -0.1115683358921686),,,,,,,,,,,,,,,,,,,,,,,,,,,,,,,,,,,,,,,,,,,,,,,,,,,,,,,,,,,,,,,,,,,,,,,,,,,,,,,,,,,,,,,,,,,,,,,,,,,,,
0,15,28,"{'x': 905.3070685430117, 'y': -120.49380276354205, 'elapsedTime': 32995.700000047684}",936724470355,5182874783,POINT (0.4715140981994852 -0.1115683358921686),,,,,,,,,,,,,,,,,,,,,,,,,,,,,,,,,,,,,,,,,,,,,,,,,,,,,,,,,,,,,,,,,,,,,,,,,,,,,,,,,,,,,,,,,,,,,,,,,,,,,
0,15,28,"{'x': 905.3070685430117, 'y': -120.49380276354205, 'elapsedTime': 32995.700000047684}",936724487021,5182891449,POINT (0.4715140981994852 -0.1115683358921686),,,,,,,,,,,,,,,,,,,,,,,,,,,,,,,,,,,,,,,,,,,,,,,,,,,,,,,,,,,,,,,,,,,,,,,,,,,,,,,,,,,,,,,,,,,,,,,,,,,,,
0,15,28,"{'x': 993.7738590099141, 'y': -94.38481339621308, 'elapsedTime': 33043.200000047684}",936724503689,5182908116,POINT (0.5175905515676635 -0.0873933457372343),,,,,,,,,,,,,,,,,,,,,,,,,,,,,,,,,,,,,,,,,,,,,,,,,,,,,,,,,,,,,,,,,,,,,,,,,,,,,,,,,,,,,,,,,,,,,,,,,,,,,
0,15,28,"{'x': 993.7738590099141, 'y': -94.38481339621308, 'elapsedTime': 33043.200000047684}",936724520356,5182924783,POINT (0.5175905515676635 -0.0873933457372343),,,,,,,,,,,,,,,,,,,,,,,,,,,,,,,,,,,,,,,,,,,,,,,,,,,,,,,,,,,,,,,,,,,,,,,,,,,,,,,,,,,,,,,,,,,,,,,,,,,,,
0,15,28,"{'x': 993.7738590099141, 'y': -94.38481339621308, 'elapsedTime': 33043.200000047684}",936724537023,5182941449,POINT (0.5175905515676635 -0.0873933457372343),,,,,,,,,,,,,,,,,,,,,,,,,,,,,,,,,,,,,,,,,,,,,,,,,,,,,,,,,,,,,,,,,,,,,,,,,,,,,,,,,,,,,,,,,,,,,,,,,,,,,
0,15,28,"{'x': 954.924709091992, 'y': -98.43843386076797, 'elapsedTime': 33089.700000047684}",936724553690,5182958116,POINT (0.4973566193187458 -0.0911466980192296),,,,,,,,,,,,,,,,,,,,,,,,,,,,,,,,,,,,,,,,,,,,,,,,,,,,,,,,,,,,,,,,,,,,,,,,,,,,,,,,,,,,,,,,,,,,,,,,,,,,,
0,15,28,"{'x': 954.924709091992, 'y': -98.43843386076797, 'elapsedTime': 33089.700000047684}",936724570358,5182974783,POINT (0.4973566193187458 -0.0911466980192296),,,,,,,,,,,,,,,,,,,,,,,,,,,,,,,,,,,,,,,,,,,,,,,,,,,,,,,,,,,,,,,,,,,,,,,,,,,,,,,,,,,,,,,,,,,,,,,,,,,,,
0,15,28,"{'x': 997.9167326601075, 'y': -10.698586530704475, 'elapsedTime': 33135.700000047684}",936724587024,5182991449,POINT (0.5197482982604726 -0.0099060986395412),,,,,,,,,,,,,,,,,,,,,,,,,,,,,,,,,,,,,,,,,,,,,,,,,,,,,,,,,,,,,,,,,,,,,,,,,,,,,,,,,,,,,,,,,,,,,,,,,,,,,
0,15,28,"{'x': 997.9167326601075, 'y': -10.698586530704475, 'elapsedTime': 33135.700000047684}",936724603694,5183008118,POINT (0.5197482982604726 -0.0099060986395412),,,,,,,,,,,,,,,,,,,,,,,,,,,,,,,,,,,,,,,,,,,,,,,,,,,,,,,,,,,,,,,,,,,,,,,,,,,,,,,,,,,,,,,,,,,,,,,,,,,,,
0,15,28,"{'x': 997.9167326601075, 'y': -10.698586530704475, 'elapsedTime': 33135.700000047684}",936724620360,5183024784,POINT (0.5197482982604726 -0.0099060986395412),,,,,,,,,,,,,,,,,,,,,,,,,,,,,,,,,,,,,,,,,,,,,,,,,,,,,,,,,,,,,,,,,,,,,,,,,,,,,,,,,,,,,,,,,,,,,,,,,,,,,
0,15,28,"{'x': 997.9167326601075, 'y': -10.698586530704475, 'elapsedTime': 33135.700000047684}",936724637028,5183041451,POINT (0.5197482982604726 -0.0099060986395412),,,,,,,,,,,,,,,,,,,,,,,,,,,,,,,,,,,,,,,,,,,,,,,,,,,,,,,,,,,,,,,,,,,,,,,,,,,,,,,,,,,,,,,,,,,,,,,,,,,,,
0,15,28,"{'x': 1089.54667587007, 'y': 32.359492566329294, 'elapsedTime': 33183.89999997616}",936724653695,5183058118,POINT (0.5674722270156615 0.0299624931169716),,,,,,,,,,,,,,,,,,,,,,,,,,,,,,,,,,,,,,,,,,,,,,,,,,,,,,,,,,,,,,,,,,,,,,,,,,,,,,,,,,,,,,,,,,,,,,,,,,,,,
0,15,28,"{'x': 1089.54667587007, 'y': 32.359492566329294, 'elapsedTime': 33183.89999997616}",936724670362,5183074784,POINT (0.5674722270156615 0.0299624931169716),,,,,,,,,,,,,,,,,,,,,,,,,,,,,,,,,,,,,,,,,,,,,,,,,,,,,,,,,,,,,,,,,,,,,,,,,,,,,,,,,,,,,,,,,,,,,,,,,,,,,
0,15,28,"{'x': 1109.4475958453684, 'y': -11.94396551738673, 'elapsedTime': 33229.10000002384}",936724687029,5183091451,POINT (0.577837289502796 -0.0110592273309136),,,,,,,,,,,,,,,,,,,,,,,,,,,,,,,,,,,,,,,,,,,,,,,,,,,,,,,,,,,,,,,,,,,,,,,,,,,,,,,,,,,,,,,,,,,,,,,,,,,,,
0,15,28,"{'x': 1109.4475958453684, 'y': -11.94396551738673, 'elapsedTime': 33229.10000002384}",936724703697,5183108118,POINT (0.577837289502796 -0.0110592273309136),,,,,,,,,,,,,,,,,,,,,,,,,,,,,,,,,,,,,,,,,,,,,,,,,,,,,,,,,,,,,,,,,,,,,,,,,,,,,,,,,,,,,,,,,,,,,,,,,,,,,
0,15,28,"{'x': 1109.4475958453684, 'y': -11.94396551738673, 'elapsedTime': 33229.10000002384}",936724720363,5183124784,POINT (0.577837289502796 -0.0110592273309136),,,,,,,,,,,,,,,,,,,,,,,,,,,,,,,,,,,,,,,,,,,,,,,,,,,,,,,,,,,,,,,,,,,,,,,,,,,,,,,,,,,,,,,,,,,,,,,,,,,,,
0,15,28,"{'x': 1116.2636344648336, 'y': -30.470235317916178, 'elapsedTime': 33275.10000002384}",936724737039,5183141459,POINT (0.5813873096171008 -0.0282131808499224),,,,,,,,,,,,,,,,,,,,,,,,,,,,,,,,,,,,,,,,,,,,,,,,,,,,,,,,,,,,,,,,,,,,,,,,,,,,,,,,,,,,,,,,,,,,,,,,,,,,,
0,15,28,"{'x': 1116.2636344648336, 'y': -30.470235317916178, 'elapsedTime': 33275.10000002384}",936724753706,5183158126,POINT (0.5813873096171008 -0.0282131808499224),,,,,,,,,,,,,,,,,,,,,,,,,,,,,,,,,,,,,,,,,,,,,,,,,,,,,,,,,,,,,,,,,,,,,,,,,,,,,,,,,,,,,,,,,,,,,,,,,,,,,
0,15,28,"{'x': 1116.2636344648336, 'y': -30.470235317916178, 'elapsedTime': 33275.10000002384}",936724770373,5183174792,POINT (0.5813873096171008 -0.0282131808499224),,,,,,,,,,,,,,,,,,,,,,,,,,,,,,,,,,,,,,,,,,,,,,,,,,,,,,,,,,,,,,,,,,,,,,,,,,,,,,,,,,,,,,,,,,,,,,,,,,,,,
0,15,28,"{'x': 1037.6853383125913, 'y': -14.4418148642512, 'elapsedTime': 33325.800000071526}",936724787041,5183191460,POINT (0.5404611137044746 -0.0133720508002326),,,,,,,,,,,,,,,,,,,,,,,,,,,,,,,,,,,,,,,,,,,,,,,,,,,,,,,,,,,,,,,,,,,,,,,,,,,,,,,,,,,,,,,,,,,,,,,,,,,,,
0,15,28,"{'x': 1037.6853383125913, 'y': -14.4418148642512, 'elapsedTime': 33325.800000071526}",936724803708,5183208126,POINT (0.5404611137044746 -0.0133720508002326),,,,,,,,,,,,,,,,,,,,,,,,,,,,,,,,,,,,,,,,,,,,,,,,,,,,,,,,,,,,,,,,,,,,,,,,,,,,,,,,,,,,,,,,,,,,,,,,,,,,,
0,15,28,"{'x': 1037.6853383125913, 'y': -14.4418148642512, 'elapsedTime': 33325.800000071526}",936724820373,5183224792,POINT (0.5404611137044746 -0.0133720508002326),,,,,,,,,,,,,,,,,,,,,,,,,,,,,,,,,,,,,,,,,,,,,,,,,,,,,,,,,,,,,,,,,,,,,,,,,,,,,,,,,,,,,,,,,,,,,,,,,,,,,
0,15,28,"{'x': 951.9177294593045, 'y': 32.30469029483234, 'elapsedTime': 33372.5}",936724837042,5183241460,POINT (0.4957904840933878 0.0299117502729929),,,,,,,,,,,,,,,,,,,,,,,,,,,,,,,,,,,,,,,,,,,,,,,,,,,,,,,,,,,,,,,,,,,,,,,,,,,,,,,,,,,,,,,,,,,,,,,,,,,,,
0,15,28,"{'x': 951.9177294593045, 'y': 32.30469029483234, 'elapsedTime': 33372.5}",936724853708,5183258126,POINT (0.4957904840933878 0.0299117502729929),,,,,,,,,,,,,,,,,,,,,,,,,,,,,,,,,,,,,,,,,,,,,,,,,,,,,,,,,,,,,,,,,,,,,,,,,,,,,,,,,,,,,,,,,,,,,,,,,,,,,
0,15,28,"{'x': 951.9177294593045, 'y': 32.30469029483234, 'elapsedTime': 33372.5}",936724870380,5183274797,POINT (0.4957904840933878 0.0299117502729929),,,,,,,,,,,,,,,,,,,,,,,,,,,,,,,,,,,,,,,,,,,,,,,,,,,,,,,,,,,,,,,,,,,,,,,,,,,,,,,,,,,,,,,,,,,,,,,,,,,,,
0,15,28,"{'x': 795.4248090953508, 'y': 63.73993190820832, 'elapsedTime': 33422.10000002384}",936724887046,5183291463,POINT (0.4142837547371619 0.0590184554705633),,,,,,,,,,,,,,,,,,,,,,,,,,,,,,,,,,,,,,,,,,,,,,,,,,,,,,,,,,,,,,,,,,,,,,,,,,,,,,,,,,,,,,,,,,,,,,,,,,,,,
0,15,28,"{'x': 795.4248090953508, 'y': 63.73993190820832, 'elapsedTime': 33422.10000002384}",936724903714,5183308130,POINT (0.4142837547371619 0.0590184554705633),,,,,,,,,,,,,,,,,,,,,,,,,,,,,,,,,,,,,,,,,,,,,,,,,,,,,,,,,,,,,,,,,,,,,,,,,,,,,,,,,,,,,,,,,,,,,,,,,,,,,
0,15,28,"{'x': 795.4248090953508, 'y': 63.73993190820832, 'elapsedTime': 33422.10000002384}",936724920380,5183324796,POINT (0.4142837547371619 0.0590184554705633),,,,,,,,,,,,,,,,,,,,,,,,,,,,,,,,,,,,,,,,,,,,,,,,,,,,,,,,,,,,,,,,,,,,,,,,,,,,,,,,,,,,,,,,,,,,,,,,,,,,,
0,15,28,"{'x': 739.6440621496146, 'y': 96.01380917629017, 'elapsedTime': 33468.5}",936724937048,5183341463,POINT (0.3852312823695909 0.0889016751632316),,,,,,,,,,,,,,,,,,,,,,,,,,,,,,,,,,,,,,,,,,,,,,,,,,,,,,,,,,,,,,,,,,,,,,,,,,,,,,,,,,,,,,,,,,,,,,,,,,,,,
0,15,28,"{'x': 739.6440621496146, 'y': 96.01380917629017, 'elapsedTime': 33468.5}",936724953715,5183358130,POINT (0.3852312823695909 0.0889016751632316),,,,,,,,,,,,,,,,,,,,,,,,,,,,,,,,,,,,,,,,,,,,,,,,,,,,,,,,,,,,,,,,,,,,,,,,,,,,,,,,,,,,,,,,,,,,,,,,,,,,,
0,15,28,"{'x': 698.5738968941571, 'y': 148.7318453200985, 'elapsedTime': 33514.60000002384}",936724970382,5183374796,POINT (0.3638405712990401 0.1377146715926838),,,,,,,,,,,,,,,,,,,,,,,,,,,,,,,,,,,,,,,,,,,,,,,,,,,,,,,,,,,,,,,,,,,,,,,,,,,,,,,,,,,,,,,,,,,,,,,,,,,,,
0,15,28,"{'x': 698.5738968941571, 'y': 148.7318453200985, 'elapsedTime': 33514.60000002384}",936724987049,5183391463,POINT (0.3638405712990401 0.1377146715926838),,,,,,,,,,,,,,,,,,,,,,,,,,,,,,,,,,,,,,,,,,,,,,,,,,,,,,,,,,,,,,,,,,,,,,,,,,,,,,,,,,,,,,,,,,,,,,,,,,,,,
0,15,28,"{'x': 698.5738968941571, 'y': 148.7318453200985, 'elapsedTime': 33514.60000002384}",936725003721,5183408134,POINT (0.3638405712990401 0.1377146715926838),,,,,,,,,,,,,,,,,,,,,,,,,,,,,,,,,,,,,,,,,,,,,,,,,,,,,,,,,,,,,,,,,,,,,,,,,,,,,,,,,,,,,,,,,,,,,,,,,,,,,
0,15,28,"{'x': 698.5738968941571, 'y': 148.7318453200985, 'elapsedTime': 33514.60000002384}",936725020387,5183424800,POINT (0.3638405712990401 0.1377146715926838),,,,,,,,,,,,,,,,,,,,,,,,,,,,,,,,,,,,,,,,,,,,,,,,,,,,,,,,,,,,,,,,,,,,,,,,,,,,,,,,,,,,,,,,,,,,,,,,,,,,,
0,15,28,"{'x': 560.0982107520077, 'y': 213.74575823203125, 'elapsedTime': 33559.700000047684}",936725037055,5183441467,POINT (0.291717818100004 0.1979127391037326),,,,,,,,,,,,,,,,,,,,,,,,,,,,,,,,,,,,,,,,,,,,,,,,,,,,,,,,,,,,,,,,,,,,,,,,,,,,,,,,,,,,,,,,,,,,,,,,,,,,,
0,15,28,"{'x': 560.0982107520077, 'y': 213.74575823203125, 'elapsedTime': 33559.700000047684}",936725053722,5183458134,POINT (0.291717818100004 0.1979127391037326),,,,,,,,,,,,,,,,,,,,,,,,,,,,,,,,,,,,,,,,,,,,,,,,,,,,,,,,,,,,,,,,,,,,,,,,,,,,,,,,,,,,,,,,,,,,,,,,,,,,,
0,15,28,"{'x': 560.0982107520077, 'y': 213.74575823203125, 'elapsedTime': 33559.700000047684}",936725070390,5183474801,POINT (0.291717818100004 0.1979127391037326),,,,,,,,,,,,,,,,,,,,,,,,,,,,,,,,,,,,,,,,,,,,,,,,,,,,,,,,,,,,,,,,,,,,,,,,,,,,,,,,,,,,,,,,,,,,,,,,,,,,,
0,15,28,"{'x': 584.0044418142801, 'y': 204.27432032303722, 'elapsedTime': 33620.800000071526}",936725087056,5183491467,POINT (0.3041689801116042 0.1891428891879974),,,,,,,,,,,,,,,,,,1,,,,,,,,,,,,,,,,,,,,,,,,,,,,,,,,,,,,,,,,,,,,,,,,,,,,,,,,,,,,,,,,,,,,,,,,,,,,,,,,,,,
0,15,28,"{'x': 584.0044418142801, 'y': 204.27432032303722, 'elapsedTime': 33620.800000071526}",936725103723,5183508133,POINT (0.3041689801116042 0.1891428891879974),,,,,,,,,,,,,,,,,,1,,,,,,,,,,,,,,,,,,,,,,,,,,,,,,,,,,,,,,,,,,,,,,,,,,,,,,,,,,,,,,,,,,,,,,,,,,,,,,,,,,,
0,15,28,"{'x': 584.0044418142801, 'y': 204.27432032303722, 'elapsedTime': 33620.800000071526}",936725120391,5183524801,POINT (0.3041689801116042 0.1891428891879974),,,,,,,,,,,,,,,,,,1,,,,,,,,,,,,,,,,,,,,,,,,,,,,,,,,,,,,,,,,,,,,,,,,,,,,,,,,,,,,,,,,,,,,,,,,,,,,,,,,,,,
0,15,28,"{'x': 565.8719364299669, 'y': 288.53640708712425, 'elapsedTime': 33665.200000047684}",936725137063,5183541472,POINT (0.2947249668906078 0.2671633398954854),,,,,,,,,,,,,,,,,,,,,,,,,,,,,,,,,,,,,,,,,,,,,,,,,,,,,,,,,,,,,,,,,,,,,,,,,,,,,,,,,,,,,,,,,,,,,,,,,,,1,1,
0,15,28,"{'x': 565.8719364299669, 'y': 288.53640708712425, 'elapsedTime': 33665.200000047684}",936725153729,5183558138,POINT (0.2947249668906078 0.2671633398954854),,,,,,,,,,,,,,,,,,,,,,,,,,,,,,,,,,,,,,,,,,,,,,,,,,,,,,,,,,,,,,,,,,,,,,,,,,,,,,,,,,,,,,,,,,,,,,,,,,,1,1,
0,15,28,"{'x': 478.0874340495134, 'y': 335.3094942713272, 'elapsedTime': 33713}",936725170397,5183574805,POINT (0.2490038719007882 0.3104717539549326),,,,,,,,,,,,,,,,,,,,,,,,,,,,,,,,,,,,,,,,,,,,,,,,,,,,,,,,,,,,,,,,,,,,,,,,,,,,,,,,,,,,,,,,,,,,,,,,,,,,,
0,15,28,"{'x': 478.0874340495134, 'y': 335.3094942713272, 'elapsedTime': 33713}",936725187064,5183591472,POINT (0.2490038719007882 0.3104717539549326),,,,,,,,,,,,,,,,,,,,,,,,,,,,,,,,,,,,,,,,,,,,,,,,,,,,,,,,,,,,,,,,,,,,,,,,,,,,,,,,,,,,,,,,,,,,,,,,,,,,,
0,15,28,"{'x': 478.0874340495134, 'y': 335.3094942713272, 'elapsedTime': 33713}",936725203732,5183608139,POINT (0.2490038719007882 0.3104717539549326),,,,,,,,,,,,,,,,,,,,,,,,,,,,,,,,,,,,,,,,,,,,,,,,,,,,,,,,,,,,,,,,,,,,,,,,,,,,,,,,,,,,,,,,,,,,,,,,,,,,,
0,15,28,"{'x': 493.3191088932102, 'y': 335.53343976591566, 'elapsedTime': 33760.300000071526}",936725220399,5183624806,POINT (0.2569370358818803 0.3106791108943663),,,,,,,,,,,,,,,,,,,,,,,,,,,,,,,,,,,,,,,,,,,,,,,,,,,,,,,,,,,,,,,,,,,,,,,,,,,,,,,,,,,,,,,,,,,,,,,,,,,,,
0,15,28,"{'x': 493.3191088932102, 'y': 335.53343976591566, 'elapsedTime': 33760.300000071526}",936725237065,5183641472,POINT (0.2569370358818803 0.3106791108943663),,,,,,,,,,,,,,,,,,,,,,,,,,,,,,,,,,,,,,,,,,,,,,,,,,,,,,,,,,,,,,,,,,,,,,,,,,,,,,,,,,,,,,,,,,,,,,,,,,,,,
0,15,28,"{'x': 493.3191088932102, 'y': 335.53343976591566, 'elapsedTime': 33760.300000071526}",936725253731,5183658138,POINT (0.2569370358818803 0.3106791108943663),,,,,,,,,,,,,,,,,,,,,,,,,,,,,,,,,,,,,,,,,,,,,,,,,,,,,,,,,,,,,,,,,,,,,,,,,,,,,,,,,,,,,,,,,,,,,,,,,,,,,
0,15,28,"{'x': 502.5573113949168, 'y': 346.6880530101783, 'elapsedTime': 33805.39999997616}",936725270404,5183674810,POINT (0.2617485996848525 0.3210074564909058),,,,,,,,,,,,,,,,,,,,,,,,,,,,,,,,,,,,,,,,,,,,,,,,,,,,,,,,,,,,,,,,,,,,,,,,,,,,,,,,,,,,,,,,,,,,,,,,,,,,,
0,15,28,"{'x': 502.5573113949168, 'y': 346.6880530101783, 'elapsedTime': 33805.39999997616}",936725287071,5183691477,POINT (0.2617485996848525 0.3210074564909058),,,,,,,,,,,,,,,,,,,,,,,,,,,,,,,,,,,,,,,,,,,,,,,,,,,,,,,,,,,,,,,,,,,,,,,,,,,,,,,,,,,,,,,,,,,,,,,,,,,,,
0,15,28,"{'x': 547.6125204880449, 'y': 322.41118095227074, 'elapsedTime': 33850.5}",936725303739,5183708144,POINT (0.2852148544208567 0.2985288712521025),,,,,,,,,,,,,,,,,,,,,,,,,,,,,,,,,,,,,,,,,,,,,,,,,,,,,,,,,,,,,,,,,,,,,,,,,,,,,,,,,,,,,,,,,,,,,,,,,,,,,
0,15,28,"{'x': 547.6125204880449, 'y': 322.41118095227074, 'elapsedTime': 33850.5}",936725320405,5183724810,POINT (0.2852148544208567 0.2985288712521025),,,,,,,,,,,,,,,,,,,,,,,,,,,,,,,,,,,,,,,,,,,,,,,,,,,,,,,,,,,,,,,,,,,,,,,,,,,,,,,,,,,,,,,,,,,,,,,,,,,,,
0,15,28,"{'x': 547.6125204880449, 'y': 322.41118095227074, 'elapsedTime': 33850.5}",936725337073,5183741477,POINT (0.2852148544208567 0.2985288712521025),,,,,,,,,,,,,,,,,,,,,,,,,,,,,,,,,,,,,,,,,,,,,,,,,,,,,,,,,,,,,,,,,,,,,,,,,,,,,,,,,,,,,,,,,,,,,,,,,,,,,
0,15,28,"{'x': 571.3611912091905, 'y': 290.8097365340853, 'elapsedTime': 33897.60000002384}",936725353739,5183758143,POINT (0.2975839537547867 0.2692682745685975),,,,,,,,,,,,,,,,,,,,,,,,,,,,,,,,,,,,,,,,,,,,,,,,,,,,,,,,,,,,,,,,,,,,,,,,,,,,,,,,,,,,,,,,,,,,,,,,,,,1,1,
0,15,28,"{'x': 571.3611912091905, 'y': 290.8097365340853, 'elapsedTime': 33897.60000002384}",936725370407,5183774810,POINT (0.2975839537547867 0.2692682745685975),,,,,,,,,,,,,,,,,,,,,,,,,,,,,,,,,,,,,,,,,,,,,,,,,,,,,,,,,,,,,,,,,,,,,,,,,,,,,,,,,,,,,,,,,,,,,,,,,,,1,1,
0,15,28,"{'x': 571.3611912091905, 'y': 290.8097365340853, 'elapsedTime': 33897.60000002384}",936725387077,5183791480,POINT (0.2975839537547867 0.2692682745685975),,,,,,,,,,,,,,,,,,,,,,,,,,,,,,,,,,,,,,,,,,,,,,,,,,,,,,,,,,,,,,,,,,,,,,,,,,,,,,,,,,,,,,,,,,,,,,,,,,,1,1,
0,15,28,"{'x': 659.7973352942893, 'y': 264.81710242129117, 'elapsedTime': 33943.89999997616}",936725403744,5183808146,POINT (0.3436444454657757 0.2452010207604548),,,,,,,,,,,,,,,,,,,,,,,,,,,,,,,,,,,,,,,,,,,,,,,,,,,,,,,,,,,,,,,,,,,,,,,,,,,,,,,,,,,,,,,,,,,,,,,,,,,,1,
0,15,28,"{'x': 659.7973352942893, 'y': 264.81710242129117, 'elapsedTime': 33943.89999997616}",936725420411,5183824813,POINT (0.3436444454657757 0.2452010207604548),,,,,,,,,,,,,,,,,,,,,,,,,,,,,,,,,,,,,,,,,,,,,,,,,,,,,,,,,,,,,,,,,,,,,,,,,,,,,,,,,,,,,,,,,,,,,,,,,,,,1,
0,15,28,"{'x': 659.7973352942893, 'y': 264.81710242129117, 'elapsedTime': 33943.89999997616}",936725437079,5183841480,POINT (0.3436444454657757 0.2452010207604548),,,,,,,,,,,,,,,,,,,,,,,,,,,,,,,,,,,,,,,,,,,,,,,,,,,,,,,,,,,,,,,,,,,,,,,,,,,,,,,,,,,,,,,,,,,,,,,,,,,,1,
0,15,28,"{'x': 706.2370284898021, 'y': 277.4089763444046, 'elapsedTime': 33988.5}",936725453745,5183858146,POINT (0.3678317856717719 0.2568601632818561),,,,,,,,,,,,,,,,,,,,,,,,,,,,,,,,,,,,,,,,,,,,,,,,,,,,,,,,,,,,,,,,,,,,,,,,,,,,,,,,,,,,,,,,,,,,,,,,,,,1,1,
0,15,28,"{'x': 706.2370284898021, 'y': 277.4089763444046, 'elapsedTime': 33988.5}",936725470413,5183874813,POINT (0.3678317856717719 0.2568601632818561),,,,,,,,,,,,,,,,,,,,,,,,,,,,,,,,,,,,,,,,,,,,,,,,,,,,,,,,,,,,,,,,,,,,,,,,,,,,,,,,,,,,,,,,,,,,,,,,,,,1,1,
0,15,28,"{'x': 706.2370284898021, 'y': 277.4089763444046, 'elapsedTime': 33988.5}",936725487080,5183891480,POINT (0.3678317856717719 0.2568601632818561),,,,,,,,,,,,,,,,,,,,,,,,,,,,,,,,,,,,,,,,,,,,,,,,,,,,,,,,,,,,,,,,,,,,,,,,,,,,,,,,,,,,,,,,,,,,,,,,,,,1,1,
0,15,28,"{'x': 771.0608408971913, 'y': 228.93422034373427, 'elapsedTime': 34034.700000047684}",936725503746,5183908146,POINT (0.4015941879672871 0.2119761299479021),,,,,,,,,,,,,,,,,,,,,,,,,,,,,,,,,,,,,,,,,,,,,,,,,,,,,,,,,,,,,,,,,,,,,,,,,,,,,,,,,,,,,,,,,,,,,,,,,,,,,
0,15,28,"{'x': 771.0608408971913, 'y': 228.93422034373427, 'elapsedTime': 34034.700000047684}",936725520418,5183924817,POINT (0.4015941879672871 0.2119761299479021),,,,,,,,,,,,,,,,,,,,,,,,,,,,,,,,,,,,,,,,,,,,,,,,,,,,,,,,,,,,,,,,,,,,,,,,,,,,,,,,,,,,,,,,,,,,,,,,,,,,,
0,15,28,"{'x': 749.5235375989528, 'y': 254.83282825808618, 'elapsedTime': 34081.39999997616}",936725537085,5183941484,POINT (0.3903768424994546 0.2359563224611909),,,,,,,,,,,,,,,,,,,,,,,,,,,,,,,,,,,,,,,,,,,,,,,,,,,,,,,,,,,,,,,,,,,,,,,,,,,,,,,,,,,,,,,,,,,,,,,,,,,,1,
0,15,28,"{'x': 749.5235375989528, 'y': 254.83282825808618, 'elapsedTime': 34081.39999997616}",936725553753,5183958151,POINT (0.3903768424994546 0.2359563224611909),,,,,,,,,,,,,,,,,,,,,,,,,,,,,,,,,,,,,,,,,,,,,,,,,,,,,,,,,,,,,,,,,,,,,,,,,,,,,,,,,,,,,,,,,,,,,,,,,,,,1,
0,15,28,"{'x': 749.5235375989528, 'y': 254.83282825808618, 'elapsedTime': 34081.39999997616}",936725570419,5183974817,POINT (0.3903768424994546 0.2359563224611909),,,,,,,,,,,,,,,,,,,,,,,,,,,,,,,,,,,,,,,,,,,,,,,,,,,,,,,,,,,,,,,,,,,,,,,,,,,,,,,,,,,,,,,,,,,,,,,,,,,,1,
0,15,28,"{'x': 826.4067839486347, 'y': 210.0887654430498, 'elapsedTime': 34128.800000071526}",936725587087,5183991484,POINT (0.4304201999732473 0.1945266346694906),,,,,,,,,,,,,,,,,,,,,,,,,,,,,,,,,,,,,,,,,,,,,,,,,,,,,,,,,,,,,,,,,,,,,,,,,,,,,,,,,,,,,,,,,,,,,,,,,,,1,,
0,15,28,"{'x': 826.4067839486347, 'y': 210.0887654430498, 'elapsedTime': 34128.800000071526}",936725603754,5184008151,POINT (0.4304201999732473 0.1945266346694906),,,,,,,,,,,,,,,,,,,,,,,,,,,,,,,,,,,,,,,,,,,,,,,,,,,,,,,,,,,,,,,,,,,,,,,,,,,,,,,,,,,,,,,,,,,,,,,,,,,1,,
0,15,28,"{'x': 826.4067839486347, 'y': 210.0887654430498, 'elapsedTime': 34128.800000071526}",936725620421,5184024817,POINT (0.4304201999732473 0.1945266346694906),,,,,,,,,,,,,,,,,,,,,,,,,,,,,,,,,,,,,,,,,,,,,,,,,,,,,,,,,,,,,,,,,,,,,,,,,,,,,,,,,,,,,,,,,,,,,,,,,,,1,,
0,15,28,"{'x': 839.5105819655302, 'y': 235.68155506664, 'elapsedTime': 34176}",936725637087,5184041483,POINT (0.4372450947737136 0.2182236620987407),,,,,,,,,,,,,,,,,,,,,,,,,,,,,,,,,,,,,,,,,,,,,,,,,,,,,,,,,,,,,,,,,,,,,,,,,,,,,,,,,,,,,,,,,,,,,,,,,,,,1,
0,15,28,"{'x': 839.5105819655302, 'y': 235.68155506664, 'elapsedTime': 34176}",936725653761,5184058157,POINT (0.4372450947737136 0.2182236620987407),,,,,,,,,,,,,,,,,,,,,,,,,,,,,,,,,,,,,,,,,,,,,,,,,,,,,,,,,,,,,,,,,,,,,,,,,,,,,,,,,,,,,,,,,,,,,,,,,,,,1,
0,15,28,"{'x': 839.5105819655302, 'y': 235.68155506664, 'elapsedTime': 34176}",936725670429,5184074824,POINT (0.4372450947737136 0.2182236620987407),,,,,,,,,,,,,,,,,,,,,,,,,,,,,,,,,,,,,,,,,,,,,,,,,,,,,,,,,,,,,,,,,,,,,,,,,,,,,,,,,,,,,,,,,,,,,,,,,,,,1,
0,15,28,"{'x': 814.0699963683559, 'y': 183.92852863650785, 'elapsedTime': 34223.89999997616}",936725687096,5184091491,POINT (0.4239947897751853 0.1703041931819517),,,,,,,,,,,,,,,,,,,,,,,,,,,,,,,,,,,,,,,,,,,,,,,,,,,,,,,,,,,,,,,,,,,,,,,,,,,,,,,,,,,,,,,,,,,,,,,,,,,1,,
0,15,28,"{'x': 814.0699963683559, 'y': 183.92852863650785, 'elapsedTime': 34223.89999997616}",936725703762,5184108157,POINT (0.4239947897751853 0.1703041931819517),,,,,,,,,,,,,,,,,,,,,,,,,,,,,,,,,,,,,,,,,,,,,,,,,,,,,,,,,,,,,,,,,,,,,,,,,,,,,,,,,,,,,,,,,,,,,,,,,,,1,,
0,15,28,"{'x': 814.0699963683559, 'y': 183.92852863650785, 'elapsedTime': 34223.89999997616}",936725720430,5184124824,POINT (0.4239947897751853 0.1703041931819517),,,,,,,,,,,,,,,,,,,,,,,,,,,,,,,,,,,,,,,,,,,,,,,,,,,,,,,,,,,,,,,,,,,,,,,,,,,,,,,,,,,,,,,,,,,,,,,,,,,1,,
0,15,28,"{'x': 699.2344415429591, 'y': 221.8970296492058, 'elapsedTime': 34268.39999997616}",936725737096,5184141490,POINT (0.3641846049702912 0.2054602126381535),,,,,,,,,,,,,,,,,,,,,,,,,,,,,,,,,,,,,,,,,,,,,,,,,,,,,,,,,,,,,,,,,,,,,,,,,,,,,,,,,,,,,,,,,,,,,,,,,,,,,
0,15,28,"{'x': 699.2344415429591, 'y': 221.8970296492058, 'elapsedTime': 34268.39999997616}",936725753764,5184158157,POINT (0.3641846049702912 0.2054602126381535),,,,,,,,,,,,,,,,,,,,,,,,,,,,,,,,,,,,,,,,,,,,,,,,,,,,,,,,,,,,,,,,,,,,,,,,,,,,,,,,,,,,,,,,,,,,,,,,,,,,,
0,15,28,"{'x': 682.7241532297912, 'y': 218.70459624563057, 'elapsedTime': 34315.300000071526}",936725770431,5184174824,POINT (0.3555854964738496 0.2025042557829913),,,,,,,,,,,,,,,,,,,,,,,,,,,,,,,,,,,1,,,,,,,,,,,,,,,,,,,,,,,,,,,,,,,,,,,,,,,,,,,,,,,,,,,,,,,,,,,,,,,,,,
0,15,28,"{'x': 682.7241532297912, 'y': 218.70459624563057, 'elapsedTime': 34315.300000071526}",936725787102,5184191494,POINT (0.3555854964738496 0.2025042557829913),,,,,,,,,,,,,,,,,,,,,,,,,,,,,,,,,,,1,,,,,,,,,,,,,,,,,,,,,,,,,,,,,,,,,,,,,,,,,,,,,,,,,,,,,,,,,,,,,,,,,,
0,15,28,"{'x': 682.7241532297912, 'y': 218.70459624563057, 'elapsedTime': 34315.300000071526}",936725803769,5184208161,POINT (0.3555854964738496 0.2025042557829913),,,,,,,,,,,,,,,,,,,,,,,,,,,,,,,,,,,1,,,,,,,,,,,,,,,,,,,,,,,,,,,,,,,,,,,,,,,,,,,,,,,,,,,,,,,,,,,,,,,,,,
0,15,28,"{'x': 682.7241532297912, 'y': 218.70459624563057, 'elapsedTime': 34315.300000071526}",936725820437,5184224828,POINT (0.3555854964738496 0.2025042557829913),,,,,,,,,,,,,,,,,,,,,,,,,,,,,,,,,,,1,,,,,,,,,,,,,,,,,,,,,,,,,,,,,,,,,,,,,,,,,,,,,,,,,,,,,,,,,,,,,,,,,,
0,15,28,"{'x': 721.3612772812767, 'y': 209.05500112671655, 'elapsedTime': 34367.60000002384}",936725837103,5184241494,POINT (0.3757089985839982 0.1935694454877005),,,,,,,,,,,,,,,,,,,,,,,,,,,,,,,,,,,,,,,,,,,,,,,,,,,,,,,,,,,,,,,,,,,,,,,,,,,,,,,,,,,,,,,,,,,,,,,,,,,,,
0,15,28,"{'x': 721.3612772812767, 'y': 209.05500112671655, 'elapsedTime': 34367.60000002384}",936725853772,5184258162,POINT (0.3757089985839982 0.1935694454877005),,,,,,,,,,,,,,,,,,,,,,,,,,,,,,,,,,,,,,,,,,,,,,,,,,,,,,,,,,,,,,,,,,,,,,,,,,,,,,,,,,,,,,,,,,,,,,,,,,,,,
0,15,28,"{'x': 721.3612772812767, 'y': 209.05500112671655, 'elapsedTime': 34367.60000002384}",936725870438,5184274828,POINT (0.3757089985839982 0.1935694454877005),,,,,,,,,,,,,,,,,,,,,,,,,,,,,,,,,,,,,,,,,,,,,,,,,,,,,,,,,,,,,,,,,,,,,,,,,,,,,,,,,,,,,,,,,,,,,,,,,,,,,
0,15,28,"{'x': 720.9599757760703, 'y': 271.945084923979, 'elapsedTime': 34414.89999997616}",936725887105,5184291494,POINT (0.37549998738337 0.2518010045592398),,,,,,,,,,,,,,,,,,,,,,,,,,,,,,,,,,,,,,,,,,,,,,,,,,,,,,,,,,,,,,,,,,,,,,,,,,,,,,,,,,,,,,,,,,,,,,,,,,,1,1,
0,15,28,"{'x': 720.9599757760703, 'y': 271.945084923979, 'elapsedTime': 34414.89999997616}",936725903772,5184308161,POINT (0.37549998738337 0.2518010045592398),,,,,,,,,,,,,,,,,,,,,,,,,,,,,,,,,,,,,,,,,,,,,,,,,,,,,,,,,,,,,,,,,,,,,,,,,,,,,,,,,,,,,,,,,,,,,,,,,,,1,1,
0,15,28,"{'x': 711.4652326041348, 'y': 242.48048570270322, 'elapsedTime': 34462.89999997616}",936725920445,5184324833,POINT (0.3705548086479869 0.2245189682432437),,,,,,,,,,,,,,,,,,,,,,,,,,,,,,,,,,,,,,,,,,,,,,,,,,,,,,,,,,,,,,,,,,,,,,,,,,,,,,,,,,,,,,,,,,,,,,,,,,,,1,
0,15,28,"{'x': 711.4652326041348, 'y': 242.48048570270322, 'elapsedTime': 34462.89999997616}",936725937112,5184341500,POINT (0.3705548086479869 0.2245189682432437),,,,,,,,,,,,,,,,,,,,,,,,,,,,,,,,,,,,,,,,,,,,,,,,,,,,,,,,,,,,,,,,,,,,,,,,,,,,,,,,,,,,,,,,,,,,,,,,,,,,1,
0,15,28,"{'x': 711.4652326041348, 'y': 242.48048570270322, 'elapsedTime': 34462.89999997616}",936725953781,5184358168,POINT (0.3705548086479869 0.2245189682432437),,,,,,,,,,,,,,,,,,,,,,,,,,,,,,,,,,,,,,,,,,,,,,,,,,,,,,,,,,,,,,,,,,,,,,,,,,,,,,,,,,,,,,,,,,,,,,,,,,,,1,
0,15,28,"{'x': 619.6541460433093, 'y': 433.59751443649384, 'elapsedTime': 34509.10000002384}",936725970446,5184374833,POINT (0.322736534397557 0.4014791800337906),,,,,,,,,,,,,,,,,,,,,,,,,,,,,,,,,,,,,,,,,,,,,,,,,,,,,,,,,,,,,,,,,,,,,,,,,,,,,,,,,,,,,,,,,,,,,,,,,,,,,
0,15,28,"{'x': 619.6541460433093, 'y': 433.59751443649384, 'elapsedTime': 34509.10000002384}",936725987113,5184391499,POINT (0.322736534397557 0.4014791800337906),,,,,,,,,,,,,,,,,,,,,,,,,,,,,,,,,,,,,,,,,,,,,,,,,,,,,,,,,,,,,,,,,,,,,,,,,,,,,,,,,,,,,,,,,,,,,,,,,,,,,
0,15,28,"{'x': 619.6541460433093, 'y': 433.59751443649384, 'elapsedTime': 34509.10000002384}",936726003780,5184408166,POINT (0.322736534397557 0.4014791800337906),,,,,,,,,,,,,,,,,,,,,,,,,,,,,,,,,,,,,,,,,,,,,,,,,,,,,,,,,,,,,,,,,,,,,,,,,,,,,,,,,,,,,,,,,,,,,,,,,,,,,
0,15,28,"{'x': 619.6541460433093, 'y': 433.59751443649384, 'elapsedTime': 34509.10000002384}",936726020450,5184424835,POINT (0.322736534397557 0.4014791800337906),,,,,,,,,,,,,,,,,,,,,,,,,,,,,,,,,,,,,,,,,,,,,,,,,,,,,,,,,,,,,,,,,,,,,,,,,,,,,,,,,,,,,,,,,,,,,,,,,,,,,
0,15,28,"{'x': 549.8931974940839, 'y': 519.9735979541665, 'elapsedTime': 34553.300000071526}",936726037116,5184441501,POINT (0.2864027070281687 0.4814570351427468),,,,,,,,,,,,,,,,,,,,,,,,,,,,,,,,,,,,,,,,,,,,,,,,,,,,,,,,,,,,,,,,,,,,,,,,,,,,,,,,,,,,,,,,,,,,,,,,,,,,,
0,15,28,"{'x': 549.8931974940839, 'y': 519.9735979541665, 'elapsedTime': 34553.300000071526}",936726053789,5184458173,POINT (0.2864027070281687 0.4814570351427468),,,,,,,,,,,,,,,,,,,,,,,,,,,,,,,,,,,,,,,,,,,,,,,,,,,,,,,,,,,,,,,,,,,,,,,,,,,,,,,,,,,,,,,,,,,,,,,,,,,,,
0,15,28,"{'x': 549.8931974940839, 'y': 519.9735979541665, 'elapsedTime': 34553.300000071526}",936726070454,5184474838,POINT (0.2864027070281687 0.4814570351427468),,,,,,,,,,,,,,,,,,,,,,,,,,,,,,,,,,,,,,,,,,,,,,,,,,,,,,,,,,,,,,,,,,,,,,,,,,,,,,,,,,,,,,,,,,,,,,,,,,,,,
0,15,28,"{'x': 559.8166719893909, 'y': 503.37441918405113, 'elapsedTime': 34618.89999997616}",936726087122,5184491505,POINT (0.2915711833278077 0.4660874251704177),,,,,,,,,,,,,,,,,,,,,,,,,,,,,,,,,,,,,,,,,,,,,,,,,,,,,,,,,,,,,,,,,,,,,,,,,,,,,,,,,,,,,,,,,,,,,,,,,,,,,
0,15,28,"{'x': 559.8166719893909, 'y': 503.37441918405113, 'elapsedTime': 34618.89999997616}",936726103790,5184508173,POINT (0.2915711833278077 0.4660874251704177),,,,,,,,,,,,,,,,,,,,,,,,,,,,,,,,,,,,,,,,,,,,,,,,,,,,,,,,,,,,,,,,,,,,,,,,,,,,,,,,,,,,,,,,,,,,,,,,,,,,,
0,15,28,"{'x': 560.4066441923967, 'y': 432.83849310639516, 'elapsedTime': 34666.700000047684}",936726120458,5184524840,POINT (0.2918784605168733 0.4007763825059215),,,,,,,,,,,,,,,,,,,,,,,,,,,,,,,,,,,,,,,,,,,,,,,,,,,,,,,,,,,,,,,,,,,,,,,,,,,,,,,,,,,,,,,,,,,,,,,,,,,,,
0,15,28,"{'x': 560.4066441923967, 'y': 432.83849310639516, 'elapsedTime': 34666.700000047684}",936726137124,5184541506,POINT (0.2918784605168733 0.4007763825059215),,,,,,,,,,,,,,,,,,,,,,,,,,,,,,,,,,,,,,,,,,,,,,,,,,,,,,,,,,,,,,,,,,,,,,,,,,,,,,,,,,,,,,,,,,,,,,,,,,,,,
0,15,28,"{'x': 560.4066441923967, 'y': 432.83849310639516, 'elapsedTime': 34666.700000047684}",936726153792,5184558173,POINT (0.2918784605168733 0.4007763825059215),,,,,,,,,,,,,,,,,,,,,,,,,,,,,,,,,,,,,,,,,,,,,,,,,,,,,,,,,,,,,,,,,,,,,,,,,,,,,,,,,,,,,,,,,,,,,,,,,,,,,
0,15,28,"{'x': 575.2674274979946, 'y': 426.00752300066847, 'elapsedTime': 34711.800000071526}",936726170459,5184574840,POINT (0.2996184518218722 0.3944514101858042),,,,,,,,,,,,,,,,,,,,,,,,,,,,,,,,,,,,,,,,,,,,,,,,,,,,,,,,,,,,,,,,,,,,,,,,,,,,,,,,,,,,,,,,,,,,,,,,,,,,,
0,15,28,"{'x': 575.2674274979946, 'y': 426.00752300066847, 'elapsedTime': 34711.800000071526}",936726187132,5184591512,POINT (0.2996184518218722 0.3944514101858042),,,,,,,,,,,,,,,,,,,,,,,,,,,,,,,,,,,,,,,,,,,,,,,,,,,,,,,,,,,,,,,,,,,,,,,,,,,,,,,,,,,,,,,,,,,,,,,,,,,,,
0,15,28,"{'x': 575.2674274979946, 'y': 426.00752300066847, 'elapsedTime': 34711.800000071526}",936726203798,5184608178,POINT (0.2996184518218722 0.3944514101858042),,,,,,,,,,,,,,,,,,,,,,,,,,,,,,,,,,,,,,,,,,,,,,,,,,,,,,,,,,,,,,,,,,,,,,,,,,,,,,,,,,,,,,,,,,,,,,,,,,,,,
0,15,28,"{'x': 525.5136299763703, 'y': 333.445740747342, 'elapsedTime': 34758.60000002384}",936726220466,5184624845,POINT (0.2737050156126929 0.3087460562475389),,,,,,,,,,,,,,,,,,,,,,,,,,,,,,,,,,,,,,,,,,,,,,,,,,,,,,,,,,,,,,,,,,,,,,,,,,,,,,,,,,,,,,,,,,,,,,,,,,,,,
0,15,28,"{'x': 525.5136299763703, 'y': 333.445740747342, 'elapsedTime': 34758.60000002384}",936726237132,5184641511,POINT (0.2737050156126929 0.3087460562475389),,,,,,,,,,,,,,,,,,,,,,,,,,,,,,,,,,,,,,,,,,,,,,,,,,,,,,,,,,,,,,,,,,,,,,,,,,,,,,,,,,,,,,,,,,,,,,,,,,,,,
0,15,28,"{'x': 580.7566714793227, 'y': 271.7608348147943, 'elapsedTime': 34802.39999997616}",936726253800,5184658178,POINT (0.3024774330621472 0.251630402606291),,,,,,,,,,,,,,,,,,,,,,,,,,,,,,,,,,,,,,,,,,,,,,,,,,,,,,,,,,,,,,,,,,,,,,,,,,,,,,,,,,,,,,,,,,,,,,,,,,,,1,
0,15,28,"{'x': 580.7566714793227, 'y': 271.7608348147943, 'elapsedTime': 34802.39999997616}",936726270467,5184674845,POINT (0.3024774330621472 0.251630402606291),,,,,,,,,,,,,,,,,,,,,,,,,,,,,,,,,,,,,,,,,,,,,,,,,,,,,,,,,,,,,,,,,,,,,,,,,,,,,,,,,,,,,,,,,,,,,,,,,,,,1,
0,15,28,"{'x': 580.7566714793227, 'y': 271.7608348147943, 'elapsedTime': 34802.39999997616}",936726287135,5184691512,POINT (0.3024774330621472 0.251630402606291),,,,,,,,,,,,,,,,,,,,,,,,,,,,,,,,,,,,,,,,,,,,,,,,,,,,,,,,,,,,,,,,,,,,,,,,,,,,,,,,,,,,,,,,,,,,,,,,,,,,1,
0,15,28,"{'x': 556.3129345225237, 'y': 239.39924334639826, 'elapsedTime': 34847.300000071526}",936726303804,5184708181,POINT (0.2897463200638145 0.2216659660614799),,,,,,,,,,,,,,,,,,,,,,,,,,,,,,,,,,,,,,,,,,,,,,,,,,,,,,,,,,,,,,,,,,,,,,,,,,,,,,,,,,,,,,,,,,,,,,,,,,,,1,
0,15,28,"{'x': 556.3129345225237, 'y': 239.39924334639826, 'elapsedTime': 34847.300000071526}",936726320471,5184724847,POINT (0.2897463200638145 0.2216659660614799),,,,,,,,,,,,,,,,,,,,,,,,,,,,,,,,,,,,,,,,,,,,,,,,,,,,,,,,,,,,,,,,,,,,,,,,,,,,,,,,,,,,,,,,,,,,,,,,,,,,1,
0,15,28,"{'x': 556.3129345225237, 'y': 239.39924334639826, 'elapsedTime': 34847.300000071526}",936726337138,5184741514,POINT (0.2897463200638145 0.2216659660614799),,,,,,,,,,,,,,,,,,,,,,,,,,,,,,,,,,,,,,,,,,,,,,,,,,,,,,,,,,,,,,,,,,,,,,,,,,,,,,,,,,,,,,,,,,,,,,,,,,,,1,
0,15,28,"{'x': 537.5020706693297, 'y': 224.04266889294001, 'elapsedTime': 34893.39999997616}",936726353806,5184758181,POINT (0.2799489951402759 0.2074469156416111),,,,,,,,,,,,,,,,,,,,,,,,,,,,,,,,,,,,,,,,,,,,,,,,,,,,,,,,,,,,,,,,,,,,,,,,,,,,,,,,,,,,,,,,,,,,,,,,,,,,,
0,15,28,"{'x': 537.5020706693297, 'y': 224.04266889294001, 'elapsedTime': 34893.39999997616}",936726370473,5184774848,POINT (0.2799489951402759 0.2074469156416111),,,,,,,,,,,,,,,,,,,,,,,,,,,,,,,,,,,,,,,,,,,,,,,,,,,,,,,,,,,,,,,,,,,,,,,,,,,,,,,,,,,,,,,,,,,,,,,,,,,,,
0,15,28,"{'x': 537.5020706693297, 'y': 224.04266889294001, 'elapsedTime': 34893.39999997616}",936726387141,5184791515,POINT (0.2799489951402759 0.2074469156416111),,,,,,,,,,,,,,,,,,,,,,,,,,,,,,,,,,,,,,,,,,,,,,,,,,,,,,,,,,,,,,,,,,,,,,,,,,,,,,,,,,,,,,,,,,,,,,,,,,,,,
0,15,28,"{'x': 474.8506629334473, 'y': 296.4957239674785, 'elapsedTime': 34937.5}",936726403807,5184808181,POINT (0.2473180536111705 0.2745330777476653),,,,,,,,,,,,,,,,,,,,,,,,,,,,,,,,,,,,,,,,,,,,,,,,,,,,,,,,,,,,,,,,,,,,,,,,,,,,,,,,,,,,,,,,,,,,,,,,,,,1,,
0,15,28,"{'x': 474.8506629334473, 'y': 296.4957239674785, 'elapsedTime': 34937.5}",936726420475,5184824848,POINT (0.2473180536111705 0.2745330777476653),,,,,,,,,,,,,,,,,,,,,,,,,,,,,,,,,,,,,,,,,,,,,,,,,,,,,,,,,,,,,,,,,,,,,,,,,,,,,,,,,,,,,,,,,,,,,,,,,,,1,,
0,15,28,"{'x': 420.3814451558953, 'y': 232.63587361978261, 'elapsedTime': 34982.300000071526}",936726437145,5184841518,POINT (0.2189486693520288 0.2154035866849839),,,,,,,,,,,,,,,,,,,,,,,,,,,,,,,,,,,,,,,,,,,,,,,,,,,,,,,,,,,,,,,,,,,,,,,,,,,,,,,,,,,,,,,,,,,,,,,,,,,,1,
0,15,28,"{'x': 420.3814451558953, 'y': 232.63587361978261, 'elapsedTime': 34982.300000071526}",936726453813,5184858185,POINT (0.2189486693520288 0.2154035866849839),,,,,,,,,,,,,,,,,,,,,,,,,,,,,,,,,,,,,,,,,,,,,,,,,,,,,,,,,,,,,,,,,,,,,,,,,,,,,,,,,,,,,,,,,,,,,,,,,,,,1,
0,15,28,"{'x': 420.3814451558953, 'y': 232.63587361978261, 'elapsedTime': 34982.300000071526}",936726470480,5184874852,POINT (0.2189486693520288 0.2154035866849839),,,,,,,,,,,,,,,,,,,,,,,,,,,,,,,,,,,,,,,,,,,,,,,,,,,,,,,,,,,,,,,,,,,,,,,,,,,,,,,,,,,,,,,,,,,,,,,,,,,,1,
0,15,28,"{'x': 423.48304123976015, 'y': 186.98332749526702, 'elapsedTime': 35031.5}",936726487147,5184891518,POINT (0.2205640839790418 0.1731327106437658),,,,,,,,,,,,,,,,,,,,,,,,,,,,,,,,,,,,,,,,,,,,,,,,,,,,,,,,,,,,,,,,,,,,,,,,,,,,,,,,,,,,,,,,,,,,,,,,,,,,,
0,15,28,"{'x': 423.48304123976015, 'y': 186.98332749526702, 'elapsedTime': 35031.5}",936726503814,5184908185,POINT (0.2205640839790418 0.1731327106437658),,,,,,,,,,,,,,,,,,,,,,,,,,,,,,,,,,,,,,,,,,,,,,,,,,,,,,,,,,,,,,,,,,,,,,,,,,,,,,,,,,,,,,,,,,,,,,,,,,,,,
0,15,28,"{'x': 423.48304123976015, 'y': 186.98332749526702, 'elapsedTime': 35031.5}",936726520482,5184924852,POINT (0.2205640839790418 0.1731327106437658),,,,,,,,,,,,,,,,,,,,,,,,,,,,,,,,,,,,,,,,,,,,,,,,,,,,,,,,,,,,,,,,,,,,,,,,,,,,,,,,,,,,,,,,,,,,,,,,,,,,,
0,15,28,"{'x': 393.4327789193562, 'y': 154.18620507482356, 'elapsedTime': 35077.39999997616}",936726537148,5184941518,POINT (0.2049129056871647 0.1427650046989107),,,,,,,,,,,,,,,,,,,,,,,,,,,,,,,,,,,,,,,,,,,,,,,,,,,,,,,,,,,,,,,,,,,,,,,,,,,,,,,,,,,,,,,,,,,,,,,,,,,1,,
0,15,28,"{'x': 393.4327789193562, 'y': 154.18620507482356, 'elapsedTime': 35077.39999997616}",936726553816,5184958185,POINT (0.2049129056871647 0.1427650046989107),,,,,,,,,,,,,,,,,,,,,,,,,,,,,,,,,,,,,,,,,,,,,,,,,,,,,,,,,,,,,,,,,,,,,,,,,,,,,,,,,,,,,,,,,,,,,,,,,,,1,,
0,15,28,"{'x': 393.4327789193562, 'y': 154.18620507482356, 'elapsedTime': 35077.39999997616}",936726570486,5184974855,POINT (0.2049129056871647 0.1427650046989107),,,,,,,,,,,,,,,,,,,,,,,,,,,,,,,,,,,,,,,,,,,,,,,,,,,,,,,,,,,,,,,,,,,,,,,,,,,,,,,,,,,,,,,,,,,,,,,,,,,1,,
0,15,28,"{'x': 292.34819131589654, 'y': 173.984210541028, 'elapsedTime': 35126}",936726587154,5184991522,POINT (0.1522646829770294 0.1610964912416926),,,,,,,,,,,,,,,,,,,,,,,,,,,,,,,,,,,,,,,,,,,,,,,,,,,,,,,,,,,,,,,,,,,,,,,,,,,,,,,,,,,,,,,,,,,,,,,,,,,,,
0,15,28,"{'x': 292.34819131589654, 'y': 173.984210541028, 'elapsedTime': 35126}",936726603821,5185008189,POINT (0.1522646829770294 0.1610964912416926),,,,,,,,,,,,,,,,,,,,,,,,,,,,,,,,,,,,,,,,,,,,,,,,,,,,,,,,,,,,,,,,,,,,,,,,,,,,,,,,,,,,,,,,,,,,,,,,,,,,,
0,15,28,"{'x': 292.34819131589654, 'y': 173.984210541028, 'elapsedTime': 35126}",936726620489,5185024856,POINT (0.1522646829770294 0.1610964912416926),,,,,,,,,,,,,,,,,,,,,,,,,,,,,,,,,,,,,,,,,,,,,,,,,,,,,,,,,,,,,,,,,,,,,,,,,,,,,,,,,,,,,,,,,,,,,,,,,,,,,
0,15,28,"{'x': 361.89880865928006, 'y': 128.83785641804144, 'elapsedTime': 35175.5}",936726637155,5185041522,POINT (0.188488962843375 0.1192943114981865),,,,1,,,,,,,,,,,,,,,,,,,,,,,,,,,,,,,,,,,,,,,,,,,,,,,,,,,,,,,,,,,,,,,,,,,,,,,,,,,,,,,,,,,,,,,,,,,,,,,,,
0,15,28,"{'x': 361.89880865928006, 'y': 128.83785641804144, 'elapsedTime': 35175.5}",936726653823,5185058189,POINT (0.188488962843375 0.1192943114981865),,,,1,,,,,,,,,,,,,,,,,,,,,,,,,,,,,,,,,,,,,,,,,,,,,,,,,,,,,,,,,,,,,,,,,,,,,,,,,,,,,,,,,,,,,,,,,,,,,,,,,
0,15,28,"{'x': 361.89880865928006, 'y': 128.83785641804144, 'elapsedTime': 35175.5}",936726670489,5185074855,POINT (0.188488962843375 0.1192943114981865),,,,1,,,,,,,,,,,,,,,,,,,,,,,,,,,,,,,,,,,,,,,,,,,,,,,,,,,,,,,,,,,,,,,,,,,,,,,,,,,,,,,,,,,,,,,,,,,,,,,,,
0,15,28,"{'x': 513.4691117523548, 'y': 103.72462145773645, 'elapsedTime': 35227.60000002384}",936726687157,5185091522,POINT (0.2674318290376848 0.0960413161645708),,,,,,,,,,,,,,,,,,,,,,,,,,,,,,,,,,,,,,,,,,,,,,,,,,,,,,,,,,,,,,,,,,,,,,,,,,,,,,,,,,,,,,,,,,,,,,,,,,,,,
0,15,28,"{'x': 513.4691117523548, 'y': 103.72462145773645, 'elapsedTime': 35227.60000002384}",936726703830,5185108195,POINT (0.2674318290376848 0.0960413161645708),,,,,,,,,,,,,,,,,,,,,,,,,,,,,,,,,,,,,,,,,,,,,,,,,,,,,,,,,,,,,,,,,,,,,,,,,,,,,,,,,,,,,,,,,,,,,,,,,,,,,
0,15,28,"{'x': 513.4691117523548, 'y': 103.72462145773645, 'elapsedTime': 35227.60000002384}",936726720497,5185124861,POINT (0.2674318290376848 0.0960413161645708),,,,,,,,,,,,,,,,,,,,,,,,,,,,,,,,,,,,,,,,,,,,,,,,,,,,,,,,,,,,,,,,,,,,,,,,,,,,,,,,,,,,,,,,,,,,,,,,,,,,,
0,15,28,"{'x': 671.2533843100675, 'y': 82.83207480569492, 'elapsedTime': 35273.700000047684}",936726737164,5185141528,POINT (0.3496111376614935 0.0766963655608286),,,,,,,,,,,,,,,,,,,,,,,,,,,,,,,,,,,,,,,,,,,,,,,,,,,,,,,,,,,,,,,,,,,,,,,,,,,,,,,,,,,,,,,,,,,,,,,,,,,,,
0,15,28,"{'x': 671.2533843100675, 'y': 82.83207480569492, 'elapsedTime': 35273.700000047684}",936726753831,5185158194,POINT (0.3496111376614935 0.0766963655608286),,,,,,,,,,,,,,,,,,,,,,,,,,,,,,,,,,,,,,,,,,,,,,,,,,,,,,,,,,,,,,,,,,,,,,,,,,,,,,,,,,,,,,,,,,,,,,,,,,,,,
0,15,28,"{'x': 671.2533843100675, 'y': 82.83207480569492, 'elapsedTime': 35273.700000047684}",936726770499,5185174862,POINT (0.3496111376614935 0.0766963655608286),,,,,,,,,,,,,,,,,,,,,,,,,,,,,,,,,,,,,,,,,,,,,,,,,,,,,,,,,,,,,,,,,,,,,,,,,,,,,,,,,,,,,,,,,,,,,,,,,,,,,
0,15,28,"{'x': 721.0054231793177, 'y': 29.52753996354179, 'elapsedTime': 35319.700000047684}",936726787166,5185191528,POINT (0.3755236579058946 0.0273403147810572),,,,,,,,,,,,,,,,,,,,,,,,,,,,,,,,,,,,,,,,,,,,,,,,,,,,,,,,,,,,,,,,,,,,,,,,,,,,,,,,,,,,,,,,,,,,,,,,,,,,,
0,15,28,"{'x': 721.0054231793177, 'y': 29.52753996354179, 'elapsedTime': 35319.700000047684}",936726803833,5185208195,POINT (0.3755236579058946 0.0273403147810572),,,,,,,,,,,,,,,,,,,,,,,,,,,,,,,,,,,,,,,,,,,,,,,,,,,,,,,,,,,,,,,,,,,,,,,,,,,,,,,,,,,,,,,,,,,,,,,,,,,,,
0,15,28,"{'x': 721.0054231793177, 'y': 29.52753996354179, 'elapsedTime': 35319.700000047684}",936726820501,5185224862,POINT (0.3755236579058946 0.0273403147810572),,,,,,,,,,,,,,,,,,,,,,,,,,,,,,,,,,,,,,,,,,,,,,,,,,,,,,,,,,,,,,,,,,,,,,,,,,,,,,,,,,,,,,,,,,,,,,,,,,,,,
0,15,28,"{'x': 866.9221381159358, 'y': 2.3534586123136956, 'elapsedTime': 35364.89999997616}",936726837171,5185241532,POINT (0.4515219469353832 0.0021791283447349),,,,,,,,,,,,,,,,,,,,,,,,,,,,,,,,,,,,,,,,,,,,,,,,,,,,,,,,,,,,,,,,,,,,,,,,,,,,,,,,,,,,,,,,,,,,,,,,,,,,,
0,15,28,"{'x': 866.9221381159358, 'y': 2.3534586123136956, 'elapsedTime': 35364.89999997616}",936726853838,5185258198,POINT (0.4515219469353832 0.0021791283447349),,,,,,,,,,,,,,,,,,,,,,,,,,,,,,,,,,,,,,,,,,,,,,,,,,,,,,,,,,,,,,,,,,,,,,,,,,,,,,,,,,,,,,,,,,,,,,,,,,,,,
0,15,28,"{'x': 808.9796999530987, 'y': -13.550538514124309, 'elapsedTime': 35415.200000047684}",936726870506,5185274866,POINT (0.4213435937255722 -0.0125467949204855),,,,,,,,,,,,,,,,,,,,,,,,,,,,,,,,,,,,,,,,,,,,,,,,,,,,,,,,,,,,,,,,,,,,,,,,,,,,,,,,,,,,,,,,,,,,,,,,,,,,,
0,15,28,"{'x': 808.9796999530987, 'y': -13.550538514124309, 'elapsedTime': 35415.200000047684}",936726887173,5185291532,POINT (0.4213435937255722 -0.0125467949204855),,,,,,,,,,,,,,,,,,,,,,,,,,,,,,,,,,,,,,,,,,,,,,,,,,,,,,,,,,,,,,,,,,,,,,,,,,,,,,,,,,,,,,,,,,,,,,,,,,,,,
0,15,28,"{'x': 808.9796999530987, 'y': -13.550538514124309, 'elapsedTime': 35415.200000047684}",936726903840,5185308199,POINT (0.4213435937255722 -0.0125467949204855),,,,,,,,,,,,,,,,,,,,,,,,,,,,,,,,,,,,,,,,,,,,,,,,,,,,,,,,,,,,,,,,,,,,,,,,,,,,,,,,,,,,,,,,,,,,,,,,,,,,,
0,15,28,"{'x': 1001.930312586982, 'y': 17.596844909839888, 'elapsedTime': 35460.39999997616}",936726920508,5185324866,POINT (0.5218387044723864 0.0162933749165184),,,,,,,,,,,,,,,,,,,,,,,,,,,,,,,,,,,,,,,,,,,,,,,,,,,,,,,,,,,,,,,,,,,,,,,,,,,,,,,,,,,,,,,,,,,,,,,,,,,,,
0,15,28,"{'x': 1001.930312586982, 'y': 17.596844909839888, 'elapsedTime': 35460.39999997616}",936726937174,5185341532,POINT (0.5218387044723864 0.0162933749165184),,,,,,,,,,,,,,,,,,,,,,,,,,,,,,,,,,,,,,,,,,,,,,,,,,,,,,,,,,,,,,,,,,,,,,,,,,,,,,,,,,,,,,,,,,,,,,,,,,,,,
0,15,28,"{'x': 1001.930312586982, 'y': 17.596844909839888, 'elapsedTime': 35460.39999997616}",936726953842,5185358199,POINT (0.5218387044723864 0.0162933749165184),,,,,,,,,,,,,,,,,,,,,,,,,,,,,,,,,,,,,,,,,,,,,,,,,,,,,,,,,,,,,,,,,,,,,,,,,,,,,,,,,,,,,,,,,,,,,,,,,,,,,
0,15,28,"{'x': 1074.4607424496019, 'y': -17.149621548672698, 'elapsedTime': 35506.300000071526}",936726970514,5185374871,POINT (0.5596149700258343 -0.015879279211734),,,,,,,,,,,,,,,,,,,,,,,,,,,,,,,,,,,,,,,,,,,,,,,,,,,,,,,,,,,,,,,,,,,,,,,,,,,,,,,,,,,,,,,,,,,,,,,,,,,,,
0,15,28,"{'x': 1074.4607424496019, 'y': -17.149621548672698, 'elapsedTime': 35506.300000071526}",936726987181,5185391537,POINT (0.5596149700258343 -0.015879279211734),,,,,,,,,,,,,,,,,,,,,,,,,,,,,,,,,,,,,,,,,,,,,,,,,,,,,,,,,,,,,,,,,,,,,,,,,,,,,,,,,,,,,,,,,,,,,,,,,,,,,
0,15,28,"{'x': 1074.4607424496019, 'y': -17.149621548672698, 'elapsedTime': 35506.300000071526}",936727003848,5185408204,POINT (0.5596149700258343 -0.015879279211734),,,,,,,,,,,,,,,,,,,,,,,,,,,,,,,,,,,,,,,,,,,,,,,,,,,,,,,,,,,,,,,,,,,,,,,,,,,,,,,,,,,,,,,,,,,,,,,,,,,,,
0,15,28,"{'x': 1074.4607424496019, 'y': -17.149621548672698, 'elapsedTime': 35506.300000071526}",936727020515,5185424870,POINT (0.5596149700258343 -0.015879279211734),,,,,,,,,,,,,,,,,,,,,,,,,,,,,,,,,,,,,,,,,,,,,,,,,,,,,,,,,,,,,,,,,,,,,,,,,,,,,,,,,,,,,,,,,,,,,,,,,,,,,
0,15,28,"{'x': 1239.278127326223, 'y': -28.748877259755027, 'elapsedTime': 35553.700000047684}",936727037182,5185441537,POINT (0.6454573579824079 -0.0266193307960695),,,,,,,,,,,,,,,,,,,,,,,,,,,,,,,,,,,,,,,,,,,,,,,,,,,,,,,,,,,,,,,,,,,,,,,,,,,,,,,,,,,,,,,,,,,,,,,,,,,,,
0,15,28,"{'x': 1239.278127326223, 'y': -28.748877259755027, 'elapsedTime': 35553.700000047684}",936727053850,5185458204,POINT (0.6454573579824079 -0.0266193307960695),,,,,,,,,,,,,,,,,,,,,,,,,,,,,,,,,,,,,,,,,,,,,,,,,,,,,,,,,,,,,,,,,,,,,,,,,,,,,,,,,,,,,,,,,,,,,,,,,,,,,
0,15,28,"{'x': 1149.9100158332467, 'y': -45.46792135842181, 'elapsedTime': 35613.5}",936727070516,5185474870,POINT (0.598911466579816 -0.0420999271837239),,,,,,,,,,,,,,,,,,,,,,,,,,,,,,,,,,,,,,,,,,,,,,,,,,,,,,,,,,,,,,,,,,,,,,,,,,,,,,,,,,,,,,,,,,,,,,,,,,,,,
0,15,28,"{'x': 1149.9100158332467, 'y': -45.46792135842181, 'elapsedTime': 35613.5}",936727087184,5185491537,POINT (0.598911466579816 -0.0420999271837239),,,,,,,,,,,,,,,,,,,,,,,,,,,,,,,,,,,,,,,,,,,,,,,,,,,,,,,,,,,,,,,,,,,,,,,,,,,,,,,,,,,,,,,,,,,,,,,,,,,,,
0,15,28,"{'x': 1149.9100158332467, 'y': -45.46792135842181, 'elapsedTime': 35613.5}",936727103854,5185508207,POINT (0.598911466579816 -0.0420999271837239),,,,,,,,,,,,,,,,,,,,,,,,,,,,,,,,,,,,,,,,,,,,,,,,,,,,,,,,,,,,,,,,,,,,,,,,,,,,,,,,,,,,,,,,,,,,,,,,,,,,,
0,15,28,"{'x': 1161.7420757944133, 'y': -53.827073990999324, 'elapsedTime': 35660.5}",936727120521,5185524873,POINT (0.6050739978095903 -0.0498398833249994),,,,,,,,,,,,,,,,,,,,,,,,,,,,,,,,,,,,,,,,,,,,,,,,,,,,,,,,,,,,,,,,,,,,,,,,,,,,,,,,,,,,,,,,,,,,,,,,,,,,,
0,15,28,"{'x': 1161.7420757944133, 'y': -53.827073990999324, 'elapsedTime': 35660.5}",936727137188,5185541540,POINT (0.6050739978095903 -0.0498398833249994),,,,,,,,,,,,,,,,,,,,,,,,,,,,,,,,,,,,,,,,,,,,,,,,,,,,,,,,,,,,,,,,,,,,,,,,,,,,,,,,,,,,,,,,,,,,,,,,,,,,,
0,15,28,"{'x': 1161.7420757944133, 'y': -53.827073990999324, 'elapsedTime': 35660.5}",936727153855,5185558206,POINT (0.6050739978095903 -0.0498398833249994),,,,,,,,,,,,,,,,,,,,,,,,,,,,,,,,,,,,,,,,,,,,,,,,,,,,,,,,,,,,,,,,,,,,,,,,,,,,,,,,,,,,,,,,,,,,,,,,,,,,,
0,15,28,"{'x': 1060.350816086032, 'y': -10.85676980940542, 'elapsedTime': 35706.5}",936727170522,5185574873,POINT (0.5522660500448083 -0.0100525646383384),,,,,,,,,,,,,,,,,,,,,,,,,,,,,,,,,,,,,,,,,,,,,,,,,,,,,,,,,,,,,,,,,,,,,,,,,,,,,,,,,,,,,,,,,,,,,,,,,,,,,
0,15,28,"{'x': 1060.350816086032, 'y': -10.85676980940542, 'elapsedTime': 35706.5}",936727187190,5185591540,POINT (0.5522660500448083 -0.0100525646383384),,,,,,,,,,,,,,,,,,,,,,,,,,,,,,,,,,,,,,,,,,,,,,,,,,,,,,,,,,,,,,,,,,,,,,,,,,,,,,,,,,,,,,,,,,,,,,,,,,,,,
0,15,28,"{'x': 1060.350816086032, 'y': -10.85676980940542, 'elapsedTime': 35706.5}",936727203856,5185608206,POINT (0.5522660500448083 -0.0100525646383384),,,,,,,,,,,,,,,,,,,,,,,,,,,,,,,,,,,,,,,,,,,,,,,,,,,,,,,,,,,,,,,,,,,,,,,,,,,,,,,,,,,,,,,,,,,,,,,,,,,,,
0,15,28,"{'x': 940.5857101089969, 'y': 63.297036709680725, 'elapsedTime': 35752.200000047684}",936727220524,5185624873,POINT (0.4898883906817692 0.0586083673237784),,,,,,,,,,,,,,,,,,,,,,,,,,,,,,,,,,,,,,,,,,,,,,,,,,,,,,,,,,,,,,,,,,,,,,,,,,,,,,,,,,,,,,,,,,,,,,,,,,,,,
0,15,28,"{'x': 940.5857101089969, 'y': 63.297036709680725, 'elapsedTime': 35752.200000047684}",936727237199,5185641548,POINT (0.4898883906817692 0.0586083673237784),,,,,,,,,,,,,,,,,,,,,,,,,,,,,,,,,,,,,,,,,,,,,,,,,,,,,,,,,,,,,,,,,,,,,,,,,,,,,,,,,,,,,,,,,,,,,,,,,,,,,
0,15,28,"{'x': 829.1439049919011, 'y': 99.62579505668359, 'elapsedTime': 35800.39999997616}",936727253866,5185658214,POINT (0.4318457838499485 0.0922461065339663),,,,,,,,,,,,,,,,,,,,,,,,,,,,,,,,,,,,,,,,,,,,,,,,,,,,,,,,,,,,,,,,,,,,,,,,,,,,,,,,,,,,,,,,,,,,,,,,,,,,,
0,15,28,"{'x': 829.1439049919011, 'y': 99.62579505668359, 'elapsedTime': 35800.39999997616}",936727270533,5185674881,POINT (0.4318457838499485 0.0922461065339663),,,,,,,,,,,,,,,,,,,,,,,,,,,,,,,,,,,,,,,,,,,,,,,,,,,,,,,,,,,,,,,,,,,,,,,,,,,,,,,,,,,,,,,,,,,,,,,,,,,,,
0,15,28,"{'x': 829.1439049919011, 'y': 99.62579505668359, 'elapsedTime': 35800.39999997616}",936727287201,5185691548,POINT (0.4318457838499485 0.0922461065339663),,,,,,,,,,,,,,,,,,,,,,,,,,,,,,,,,,,,,,,,,,,,,,,,,,,,,,,,,,,,,,,,,,,,,,,,,,,,,,,,,,,,,,,,,,,,,,,,,,,,,
0,15,28,"{'x': 808.5906036632856, 'y': 84.10715065582275, 'elapsedTime': 35845.89999997616}",936727303867,5185708214,POINT (0.4211409394079613 0.077876991347984),,,,,,,,,,,,,,,,,,,,,,,,,,,,,,,,,,,,,,,,,,,,,,,,,,,,,,,,,,,,,,,,,,,,,,,,,,,,,,,,,,,,,,,,,,,,,,,,,,,,,
0,15,28,"{'x': 808.5906036632856, 'y': 84.10715065582275, 'elapsedTime': 35845.89999997616}",936727320535,5185724881,POINT (0.4211409394079613 0.077876991347984),,,,,,,,,,,,,,,,,,,,,,,,,,,,,,,,,,,,,,,,,,,,,,,,,,,,,,,,,,,,,,,,,,,,,,,,,,,,,,,,,,,,,,,,,,,,,,,,,,,,,
0,15,28,"{'x': 808.5906036632856, 'y': 84.10715065582275, 'elapsedTime': 35845.89999997616}",936727337201,5185741547,POINT (0.4211409394079613 0.077876991347984),,,,,,,,,,,,,,,,,,,,,,,,,,,,,,,,,,,,,,,,,,,,,,,,,,,,,,,,,,,,,,,,,,,,,,,,,,,,,,,,,,,,,,,,,,,,,,,,,,,,,
0,15,28,"{'x': 774.557153342461, 'y': 158.5175732984044, 'elapsedTime': 35894.200000047684}",936727353874,5185758220,POINT (0.4034151840325318 0.1467755308318559),,,,,,,,,,,,,,,,,,,,,,,,,,,,,,,,,,,,,,,,,,,,,,,,,,,,,,,,,,,,,,,,,,,,,,,,,,,,,,,,,,,,,,,,,,,,,,,,,,,1,,
0,15,28,"{'x': 774.557153342461, 'y': 158.5175732984044, 'elapsedTime': 35894.200000047684}",936727370541,5185774886,POINT (0.4034151840325318 0.1467755308318559),,,,,,,,,,,,,,,,,,,,,,,,,,,,,,,,,,,,,,,,,,,,,,,,,,,,,,,,,,,,,,,,,,,,,,,,,,,,,,,,,,,,,,,,,,,,,,,,,,,1,,
0,15,28,"{'x': 774.557153342461, 'y': 158.5175732984044, 'elapsedTime': 35894.200000047684}",936727387207,5185791552,POINT (0.4034151840325318 0.1467755308318559),,,,,,,,,,,,,,,,,,,,,,,,,,,,,,,,,,,,,,,,,,,,,,,,,,,,,,,,,,,,,,,,,,,,,,,,,,,,,,,,,,,,,,,,,,,,,,,,,,,1,,
0,15,28,"{'x': 751.1312164767426, 'y': 183.65464154622734, 'elapsedTime': 35940.200000047684}",936727403876,5185808220,POINT (0.3912141752483034 0.1700505940242846),,,,,,,,,,,,,,,,,,,,,,,,,,,,,,,,,,,,,,,,,,,,,,,,,,,,,,,,,,,,,,,,,,,,,,,,,,,,,,,,,,,,,,,,,,,,,,,,,,,1,,
0,15,28,"{'x': 751.1312164767426, 'y': 183.65464154622734, 'elapsedTime': 35940.200000047684}",936727420542,5185824886,POINT (0.3912141752483034 0.1700505940242846),,,,,,,,,,,,,,,,,,,,,,,,,,,,,,,,,,,,,,,,,,,,,,,,,,,,,,,,,,,,,,,,,,,,,,,,,,,,,,,,,,,,,,,,,,,,,,,,,,,1,,
0,15,28,"{'x': 751.1312164767426, 'y': 183.65464154622734, 'elapsedTime': 35940.200000047684}",936727437209,5185841552,POINT (0.3912141752483034 0.1700505940242846),,,,,,,,,,,,,,,,,,,,,,,,,,,,,,,,,,,,,,,,,,,,,,,,,,,,,,,,,,,,,,,,,,,,,,,,,,,,,,,,,,,,,,,,,,,,,,,,,,,1,,
0,15,28,"{'x': 558.2606690712457, 'y': 201.60720106468077, 'elapsedTime': 35984}",936727453876,5185858219,POINT (0.2907607651412738 0.1866733343191489),,,,,,,,,,,,,,,,,,,,,,,,,,,,,,,,,,,,,,,,,,,,,,,,,,,,,,,,,,,,,,,,,,,,,,,,,,,,,,,,,,,,,,,,,,,,,,,,,,,,,
0,15,28,"{'x': 558.2606690712457, 'y': 201.60720106468077, 'elapsedTime': 35984}",936727470544,5185874886,POINT (0.2907607651412738 0.1866733343191489),,,,,,,,,,,,,,,,,,,,,,,,,,,,,,,,,,,,,,,,,,,,,,,,,,,,,,,,,,,,,,,,,,,,,,,,,,,,,,,,,,,,,,,,,,,,,,,,,,,,,
0,15,28,"{'x': 539.9441847953541, 'y': 219.32601845697084, 'elapsedTime': 36032}",936727487214,5185891556,POINT (0.2812209295809136 0.2030796467194174),,,,,,,,,,,,,,,,,,,,,,,,,,,,,,,,1,,,,,,,,,,,,,,,,,,,,,,,,,,,,,,,,,,,,,,,,,,,,,,,,,,,,,,,,,,,,,,,,,,,,,
0,15,28,"{'x': 539.9441847953541, 'y': 219.32601845697084, 'elapsedTime': 36032}",936727503882,5185908223,POINT (0.2812209295809136 0.2030796467194174),,,,,,,,,,,,,,,,,,,,,,,,,,,,,,,,1,,,,,,,,,,,,,,,,,,,,,,,,,,,,,,,,,,,,,,,,,,,,,,,,,,,,,,,,,,,,,,,,,,,,,
0,15,28,"{'x': 539.9441847953541, 'y': 219.32601845697084, 'elapsedTime': 36032}",936727520548,5185924889,POINT (0.2812209295809136 0.2030796467194174),,,,,,,,,,,,,,,,,,,,,,,,,,,,,,,,1,,,,,,,,,,,,,,,,,,,,,,,,,,,,,,,,,,,,,,,,,,,,,,,,,,,,,,,,,,,,,,,,,,,,,
0,15,28,"{'x': 533.9645646558158, 'y': 182.9281314260548, 'elapsedTime': 36078.60000002384}",936727537215,5185941555,POINT (0.2781065440915708 0.1693778994685692),,,,,,,,,,,,,,,,,,,,,,,,,,,,,,,,,,,,,,,,,,,,,,,,,,,,,,,,,,,,,,,,,,,,,,,,,,,,,,,,,,,,,,,,,,,,,,,,,,,1,,
0,15,28,"{'x': 533.9645646558158, 'y': 182.9281314260548, 'elapsedTime': 36078.60000002384}",936727553882,5185958222,POINT (0.2781065440915708 0.1693778994685692),,,,,,,,,,,,,,,,,,,,,,,,,,,,,,,,,,,,,,,,,,,,,,,,,,,,,,,,,,,,,,,,,,,,,,,,,,,,,,,,,,,,,,,,,,,,,,,,,,,1,,
0,15,28,"{'x': 533.9645646558158, 'y': 182.9281314260548, 'elapsedTime': 36078.60000002384}",936727570550,5185974889,POINT (0.2781065440915708 0.1693778994685692),,,,,,,,,,,,,,,,,,,,,,,,,,,,,,,,,,,,,,,,,,,,,,,,,,,,,,,,,,,,,,,,,,,,,,,,,,,,,,,,,,,,,,,,,,,,,,,,,,,1,,
0,15,28,"{'x': 530.6753413062216, 'y': 194.2272658376007, 'elapsedTime': 36124.300000071526}",936727587217,5185991556,POINT (0.2763934069303238 0.1798400609607414),,,,,,,,,,,,,,,,,,,,,,,,,,,,,,,,,,,,,,,,,,,,,,,,,,,,,,,,,,,,,,,,,,,,,,,,,,,,,,,,,,,,,,,,,,,,,,,,,,,,,
0,15,28,"{'x': 530.6753413062216, 'y': 194.2272658376007, 'elapsedTime': 36124.300000071526}",936727603884,5186008222,POINT (0.2763934069303238 0.1798400609607414),,,,,,,,,,,,,,,,,,,,,,,,,,,,,,,,,,,,,,,,,,,,,,,,,,,,,,,,,,,,,,,,,,,,,,,,,,,,,,,,,,,,,,,,,,,,,,,,,,,,,
0,15,28,"{'x': 530.6753413062216, 'y': 194.2272658376007, 'elapsedTime': 36124.300000071526}",936727620555,5186024893,POINT (0.2763934069303238 0.1798400609607414),,,,,,,,,,,,,,,,,,,,,,,,,,,,,,,,,,,,,,,,,,,,,,,,,,,,,,,,,,,,,,,,,,,,,,,,,,,,,,,,,,,,,,,,,,,,,,,,,,,,,
0,15,28,"{'x': 467.29932019499034, 'y': 221.07912868568, 'elapsedTime': 36170.800000071526}",936727637224,5186041561,POINT (0.2433850626015575 0.2047028969311852),,,,,,,,,,,,,,,,,,,,,,,,,,,,,,,,,,,,,,,,,,,,,,,,,,,,,,,,,,,,,,,,,,,,,,,,,,,,,,,,,,,,,,,,,,,,,,,,,,,,,
0,15,28,"{'x': 467.29932019499034, 'y': 221.07912868568, 'elapsedTime': 36170.800000071526}",936727653890,5186058227,POINT (0.2433850626015575 0.2047028969311852),,,,,,,,,,,,,,,,,,,,,,,,,,,,,,,,,,,,,,,,,,,,,,,,,,,,,,,,,,,,,,,,,,,,,,,,,,,,,,,,,,,,,,,,,,,,,,,,,,,,,
0,15,28,"{'x': 500.4223637126825, 'y': 273.1626774743696, 'elapsedTime': 36216.700000047684}",936727670558,5186074894,POINT (0.2606366477670222 0.2529284050688608),,,,,,,,,,,,,,,,,,,,,,,,,,,,,,,,,,,,,,,,,,,,,,,,,,,,,,,,,,,,,,,,,,,,,,,,,,,,,,,,,,,,,,,,,,,,,,,,,,,,1,
0,15,28,"{'x': 500.4223637126825, 'y': 273.1626774743696, 'elapsedTime': 36216.700000047684}",936727687225,5186091561,POINT (0.2606366477670222 0.2529284050688608),,,,,,,,,,,,,,,,,,,,,,,,,,,,,,,,,,,,,,,,,,,,,,,,,,,,,,,,,,,,,,,,,,,,,,,,,,,,,,,,,,,,,,,,,,,,,,,,,,,,1,
0,15,28,"{'x': 500.4223637126825, 'y': 273.1626774743696, 'elapsedTime': 36216.700000047684}",936727703892,5186108227,POINT (0.2606366477670222 0.2529284050688608),,,,,,,,,,,,,,,,,,,,,,,,,,,,,,,,,,,,,,,,,,,,,,,,,,,,,,,,,,,,,,,,,,,,,,,,,,,,,,,,,,,,,,,,,,,,,,,,,,,,1,
0,15,28,"{'x': 532.1041555851217, 'y': 338.2938092941831, 'elapsedTime': 36262.89999997616}",936727720559,5186124894,POINT (0.2771375810339176 0.3132350086057251),,,,,,,,,,,,,,,,,,,,,,,,,,,,,,,,,,,,,,,,,,,,,,,,,,,,,,,,,,,,,,,,,,,,,,,,,,,,,,,,,,,,,,,,,,,,,,,,,,,,,
0,15,28,"{'x': 532.1041555851217, 'y': 338.2938092941831, 'elapsedTime': 36262.89999997616}",936727737227,5186141561,POINT (0.2771375810339176 0.3132350086057251),,,,,,,,,,,,,,,,,,,,,,,,,,,,,,,,,,,,,,,,,,,,,,,,,,,,,,,,,,,,,,,,,,,,,,,,,,,,,,,,,,,,,,,,,,,,,,,,,,,,,
0,15,28,"{'x': 532.1041555851217, 'y': 338.2938092941831, 'elapsedTime': 36262.89999997616}",936727753898,5186158232,POINT (0.2771375810339176 0.3132350086057251),,,,,,,,,,,,,,,,,,,,,,,,,,,,,,,,,,,,,,,,,,,,,,,,,,,,,,,,,,,,,,,,,,,,,,,,,,,,,,,,,,,,,,,,,,,,,,,,,,,,,
0,15,28,"{'x': 627.0803306999599, 'y': 342.65549862919295, 'elapsedTime': 36309.89999997616}",936727770566,5186174899,POINT (0.3266043389062291 0.3172736098418453),,,,,,,,,,,,,,,,,,,,,,,,,,,,,,,,,,,,,,,,,,,,,,,,,,,,,,,,,,,,,,,,,,,,,,,,,,,,,,,,,,,,,,,,,,,,,,,,,,,,,
0,15,28,"{'x': 627.0803306999599, 'y': 342.65549862919295, 'elapsedTime': 36309.89999997616}",936727787232,5186191565,POINT (0.3266043389062291 0.3172736098418453),,,,,,,,,,,,,,,,,,,,,,,,,,,,,,,,,,,,,,,,,,,,,,,,,,,,,,,,,,,,,,,,,,,,,,,,,,,,,,,,,,,,,,,,,,,,,,,,,,,,,
0,15,28,"{'x': 627.0803306999599, 'y': 342.65549862919295, 'elapsedTime': 36309.89999997616}",936727803900,5186208232,POINT (0.3266043389062291 0.3172736098418453),,,,,,,,,,,,,,,,,,,,,,,,,,,,,,,,,,,,,,,,,,,,,,,,,,,,,,,,,,,,,,,,,,,,,,,,,,,,,,,,,,,,,,,,,,,,,,,,,,,,,
0,15,28,"{'x': 697.6802355809441, 'y': 373.8715457579936, 'elapsedTime': 36355.39999997616}",936727820567,5186224899,POINT (0.3633751226984084 0.3461773571833274),,,,,,,,,,,,,,,,,,,,,,,,,,,,,,,,,,,,,,,,,,,,,,,,,,,,,,,,,,,,,,,,,,,,,,,,,,,,,,,,,,,,,,,,,,,,,,,,,,,,,
0,15,28,"{'x': 697.6802355809441, 'y': 373.8715457579936, 'elapsedTime': 36355.39999997616}",936727837234,5186241565,POINT (0.3633751226984084 0.3461773571833274),,,,,,,,,,,,,,,,,,,,,,,,,,,,,,,,,,,,,,,,,,,,,,,,,,,,,,,,,,,,,,,,,,,,,,,,,,,,,,,,,,,,,,,,,,,,,,,,,,,,,
0,15,28,"{'x': 697.6802355809441, 'y': 373.8715457579936, 'elapsedTime': 36355.39999997616}",936727853901,5186258232,POINT (0.3633751226984084 0.3461773571833274),,,,,,,,,,,,,,,,,,,,,,,,,,,,,,,,,,,,,,,,,,,,,,,,,,,,,,,,,,,,,,,,,,,,,,,,,,,,,,,,,,,,,,,,,,,,,,,,,,,,,
0,15,28,"{'x': 674.7346821466966, 'y': 334.3139213717041, 'elapsedTime': 36401.10000002384}",936727870568,5186274898,POINT (0.3514243136180711 0.3095499271960223),,,,,,,,,,,,,,,,,,,,,,,,,,,,,,,,,,,,,,,,,,,,,,,,,,,,,,,,,,,,,,,,,,,,,,,,,,,,,,,,,,,,,,,,,,,,,,,,,,,,1,
0,15,28,"{'x': 674.7346821466966, 'y': 334.3139213717041, 'elapsedTime': 36401.10000002384}",936727887239,5186291569,POINT (0.3514243136180711 0.3095499271960223),,,,,,,,,,,,,,,,,,,,,,,,,,,,,,,,,,,,,,,,,,,,,,,,,,,,,,,,,,,,,,,,,,,,,,,,,,,,,,,,,,,,,,,,,,,,,,,,,,,,1,
0,15,28,"{'x': 674.7346821466966, 'y': 334.3139213717041, 'elapsedTime': 36401.10000002384}",936727903906,5186308235,POINT (0.3514243136180711 0.3095499271960223),,,,,,,,,,,,,,,,,,,,,,,,,,,,,,,,,,,,,,,,,,,,,,,,,,,,,,,,,,,,,,,,,,,,,,,,,,,,,,,,,,,,,,,,,,,,,,,,,,,,1,
0,15,28,"{'x': 617.9216926193926, 'y': 332.3285785495882, 'elapsedTime': 36448.700000047684}",936727920572,5186324901,POINT (0.3218342149059337 0.3077116468051743),,,,,,,,,,,,,,,,,,,,,,,,,,,,,,,,,,,,,,,,,,,,,,,,,,,,,,,,,,,,,,,,,,,,,,,,,,,,,,,,,,,,,,,,,,,,,,,,,,,,,
0,15,28,"{'x': 617.9216926193926, 'y': 332.3285785495882, 'elapsedTime': 36448.700000047684}",936727937241,5186341569,POINT (0.3218342149059337 0.3077116468051743),,,,,,,,,,,,,,,,,,,,,,,,,,,,,,,,,,,,,,,,,,,,,,,,,,,,,,,,,,,,,,,,,,,,,,,,,,,,,,,,,,,,,,,,,,,,,,,,,,,,,
0,15,28,"{'x': 617.9216926193926, 'y': 332.3285785495882, 'elapsedTime': 36448.700000047684}",936727953907,5186358235,POINT (0.3218342149059337 0.3077116468051743),,,,,,,,,,,,,,,,,,,,,,,,,,,,,,,,,,,,,,,,,,,,,,,,,,,,,,,,,,,,,,,,,,,,,,,,,,,,,,,,,,,,,,,,,,,,,,,,,,,,,
0,15,28,"{'x': 542.5714444597886, 'y': 318.33554877171593, 'elapsedTime': 36500.200000047684}",936727970575,5186374902,POINT (0.2825892939894732 0.2947551377515888),,,,,,,,,,,,,,,,,,,,,,,,,,,,,,,,,,,,,,,,,,,,,,,,,,,,,,,,,,,,,,,,,,,,,,,,,,,,,,,,,,,,,,,,,,,,,,,,,,,1,,
0,15,28,"{'x': 542.5714444597886, 'y': 318.33554877171593, 'elapsedTime': 36500.200000047684}",936727987242,5186391569,POINT (0.2825892939894732 0.2947551377515888),,,,,,,,,,,,,,,,,,,,,,,,,,,,,,,,,,,,,,,,,,,,,,,,,,,,,,,,,,,,,,,,,,,,,,,,,,,,,,,,,,,,,,,,,,,,,,,,,,,1,,
0,15,28,"{'x': 542.5714444597886, 'y': 318.33554877171593, 'elapsedTime': 36500.200000047684}",936728003909,5186408235,POINT (0.2825892939894732 0.2947551377515888),,,,,,,,,,,,,,,,,,,,,,,,,,,,,,,,,,,,,,,,,,,,,,,,,,,,,,,,,,,,,,,,,,,,,,,,,,,,,,,,,,,,,,,,,,,,,,,,,,,1,,
0,15,28,"{'x': 468.484359292666, 'y': 288.91093172813873, 'elapsedTime': 36547}",936728020582,5186424908,POINT (0.2440022704649302 0.2675101219704988),,,,,,,,,,,,,,,,,,,,,,,,,,,,,,,,,,,,,,,,,,,,,,,,,,,,,,,,,,,,,,,,,,,,,,,,,,,,,,,,,,,,,,,,,,,,,,,,,,,,1,
0,15,28,"{'x': 468.484359292666, 'y': 288.91093172813873, 'elapsedTime': 36547}",936728037249,5186441574,POINT (0.2440022704649302 0.2675101219704988),,,,,,,,,,,,,,,,,,,,,,,,,,,,,,,,,,,,,,,,,,,,,,,,,,,,,,,,,,,,,,,,,,,,,,,,,,,,,,,,,,,,,,,,,,,,,,,,,,,,1,
0,15,28,"{'x': 468.484359292666, 'y': 288.91093172813873, 'elapsedTime': 36547}",936728053916,5186458241,POINT (0.2440022704649302 0.2675101219704988),,,,,,,,,,,,,,,,,,,,,,,,,,,,,,,,,,,,,,,,,,,,,,,,,,,,,,,,,,,,,,,,,,,,,,,,,,,,,,,,,,,,,,,,,,,,,,,,,,,,1,
0,15,28,"{'x': 548.4821599116744, 'y': 263.55300675835144, 'elapsedTime': 36608.10000002384}",936728070584,5186474908,POINT (0.2856677916206638 0.2440305618132884),,,,,,,,,,,,,,,,,,,,,,,,,,,,,,,,,,,,,,,,,,,,,,,,,,,,,,1,,,,,,,,,,,,,,,,,,,,,,,,,,,,,,,,,,,,,,,,,,,,,,1,
0,15,28,"{'x': 548.4821599116744, 'y': 263.55300675835144, 'elapsedTime': 36608.10000002384}",936728087250,5186491574,POINT (0.2856677916206638 0.2440305618132884),,,,,,,,,,,,,,,,,,,,,,,,,,,,,,,,,,,,,,,,,,,,,,,,,,,,,,1,,,,,,,,,,,,,,,,,,,,,,,,,,,,,,,,,,,,,,,,,,,,,,1,
0,15,28,"{'x': 548.4821599116744, 'y': 263.55300675835144, 'elapsedTime': 36608.10000002384}",936728103918,5186508241,POINT (0.2856677916206638 0.2440305618132884),,,,,,,,,,,,,,,,,,,,,,,,,,,,,,,,,,,,,,,,,,,,,,,,,,,,,,1,,,,,,,,,,,,,,,,,,,,,,,,,,,,,,,,,,,,,,,,,,,,,,1,
0,15,28,"{'x': 498.4799577157911, 'y': 292.0097229795696, 'elapsedTime': 36653.200000047684}",936728120584,5186524907,POINT (0.2596249779769745 0.2703793731292311),,,,,,,,,,,,,,,,,,,,,,,,,,,,,,,,,,,,,,,,,,,,,,,,,,,,,,,,,,,,,,,,,,,,,,,,,,,,,,,,,,,,,,,,,,,,,,,,,,,1,1,
0,15,28,"{'x': 498.4799577157911, 'y': 292.0097229795696, 'elapsedTime': 36653.200000047684}",936728137254,5186541576,POINT (0.2596249779769745 0.2703793731292311),,,,,,,,,,,,,,,,,,,,,,,,,,,,,,,,,,,,,,,,,,,,,,,,,,,,,,,,,,,,,,,,,,,,,,,,,,,,,,,,,,,,,,,,,,,,,,,,,,,1,1,
0,15,28,"{'x': 527.7967777479195, 'y': 262.7727149167607, 'elapsedTime': 36697.200000047684}",936728153921,5186558243,POINT (0.2748941550770414 0.243308069367371),,,,,,,,,,,,,,,,,,,,,,,,,,,,,,,,,,,,,,,,,,,,,,,,,,,,,,,,,,,,,,,,,,,,,,,,,,,,,,,,,,,,,,,,,,,,,,,,,,,,1,
0,15,28,"{'x': 527.7967777479195, 'y': 262.7727149167607, 'elapsedTime': 36697.200000047684}",936728170588,5186574909,POINT (0.2748941550770414 0.243308069367371),,,,,,,,,,,,,,,,,,,,,,,,,,,,,,,,,,,,,,,,,,,,,,,,,,,,,,,,,,,,,,,,,,,,,,,,,,,,,,,,,,,,,,,,,,,,,,,,,,,,1,
0,15,28,"{'x': 527.7967777479195, 'y': 262.7727149167607, 'elapsedTime': 36697.200000047684}",936728187255,5186591576,POINT (0.2748941550770414 0.243308069367371),,,,,,,,,,,,,,,,,,,,,,,,,,,,,,,,,,,,,,,,,,,,,,,,,,,,,,,,,,,,,,,,,,,,,,,,,,,,,,,,,,,,,,,,,,,,,,,,,,,,1,
0,15,28,"{'x': 532.6002591695534, 'y': 251.2395962258562, 'elapsedTime': 36744.700000047684}",936728203923,5186608243,POINT (0.2773959683174757 0.2326292557646817),,,,,,,,,,,,,,,,,,,,,,,,,,,,,,,,,,,,,,,,,,,,,,,,,,,,,,1,,,,,,,,,,,,,,,,,,,,,,,,,,,,,,,,,,,,,,,,,,,,,,1,
0,15,28,"{'x': 532.6002591695534, 'y': 251.2395962258562, 'elapsedTime': 36744.700000047684}",936728220590,5186624910,POINT (0.2773959683174757 0.2326292557646817),,,,,,,,,,,,,,,,,,,,,,,,,,,,,,,,,,,,,,,,,,,,,,,,,,,,,,1,,,,,,,,,,,,,,,,,,,,,,,,,,,,,,,,,,,,,,,,,,,,,,1,
0,15,28,"{'x': 532.6002591695534, 'y': 251.2395962258562, 'elapsedTime': 36744.700000047684}",936728237257,5186641576,POINT (0.2773959683174757 0.2326292557646817),,,,,,,,,,,,,,,,,,,,,,,,,,,,,,,,,,,,,,,,,,,,,,,,,,,,,,1,,,,,,,,,,,,,,,,,,,,,,,,,,,,,,,,,,,,,,,,,,,,,,1,
0,15,28,"{'x': 481.0166350536434, 'y': 239.85295405300565, 'elapsedTime': 36789.5}",936728253923,5186658242,POINT (0.2505294974237726 0.2220860685675978),,,,,,,,,,,,,,,,,,,,,,,,,,,,,,,,,,,,,,,,,,,,,,,,,,,,,,,,,,,,,,,,,,,,,,,,,,,,,,,,,,,,,,,,,,,,,,,,,,,,1,
0,15,28,"{'x': 481.0166350536434, 'y': 239.85295405300565, 'elapsedTime': 36789.5}",936728270600,5186674918,POINT (0.2505294974237726 0.2220860685675978),,,,,,,,,,,,,,,,,,,,,,,,,,,,,,,,,,,,,,,,,,,,,,,,,,,,,,,,,,,,,,,,,,,,,,,,,,,,,,,,,,,,,,,,,,,,,,,,,,,,1,
0,15,28,"{'x': 456.4030393221178, 'y': 235.8149228034154, 'elapsedTime': 36833.5}",936728287266,5186691584,POINT (0.237709916313603 0.2183471507439032),,,,,,,,,,,,,,,,,,,,,,,,,,,,,,,,,,,,,,,,,,,,,,,,,,,,,,,,,,,,,,,,,,,,,,,,,,,,,,,,,,,,,,,,,,,,,,,,,,,,1,
0,15,28,"{'x': 456.4030393221178, 'y': 235.8149228034154, 'elapsedTime': 36833.5}",936728303934,5186708251,POINT (0.237709916313603 0.2183471507439032),,,,,,,,,,,,,,,,,,,,,,,,,,,,,,,,,,,,,,,,,,,,,,,,,,,,,,,,,,,,,,,,,,,,,,,,,,,,,,,,,,,,,,,,,,,,,,,,,,,,1,
0,15,28,"{'x': 456.4030393221178, 'y': 235.8149228034154, 'elapsedTime': 36833.5}",936728320601,5186724918,POINT (0.237709916313603 0.2183471507439032),,,,,,,,,,,,,,,,,,,,,,,,,,,,,,,,,,,,,,,,,,,,,,,,,,,,,,,,,,,,,,,,,,,,,,,,,,,,,,,,,,,,,,,,,,,,,,,,,,,,1,
0,15,28,"{'x': 439.0014132626788, 'y': 187.90340262175556, 'elapsedTime': 36880.800000071526}",936728337268,5186741584,POINT (0.2286465694076452 0.1739846320571811),,,,,,,,,,,,,,,,1,,,,,,,,,,,,,,,,,,,,,,,,,,,,,,,,,,,,,,,,,,,,,,,,,,,,,,,,,,,,,,,,,,,,,,,,,,,,,,,,,,,,,
0,15,28,"{'x': 439.0014132626788, 'y': 187.90340262175556, 'elapsedTime': 36880.800000071526}",936728353935,5186758251,POINT (0.2286465694076452 0.1739846320571811),,,,,,,,,,,,,,,,1,,,,,,,,,,,,,,,,,,,,,,,,,,,,,,,,,,,,,,,,,,,,,,,,,,,,,,,,,,,,,,,,,,,,,,,,,,,,,,,,,,,,,
0,15,28,"{'x': 439.0014132626788, 'y': 187.90340262175556, 'elapsedTime': 36880.800000071526}",936728370603,5186774918,POINT (0.2286465694076452 0.1739846320571811),,,,,,,,,,,,,,,,1,,,,,,,,,,,,,,,,,,,,,,,,,,,,,,,,,,,,,,,,,,,,,,,,,,,,,,,,,,,,,,,,,,,,,,,,,,,,,,,,,,,,,
0,15,28,"{'x': 450.4394178297914, 'y': 224.12429117084287, 'elapsedTime': 36926.800000071526}",936728387269,5186791584,POINT (0.2346038634530164 0.2075224918248545),,,,,,,,,,,,,,,,,,,,,,,,,,,,,,,,,,,,,,,,,,,,,,,,,,,,,,,,,,,,,,,,,,,,,,,,,,,,,,,,,,,,,,,,,,,,,,,,,,,,,
0,15,28,"{'x': 450.4394178297914, 'y': 224.12429117084287, 'elapsedTime': 36926.800000071526}",936728403942,5186808256,POINT (0.2346038634530164 0.2075224918248545),,,,,,,,,,,,,,,,,,,,,,,,,,,,,,,,,,,,,,,,,,,,,,,,,,,,,,,,,,,,,,,,,,,,,,,,,,,,,,,,,,,,,,,,,,,,,,,,,,,,,
0,15,28,"{'x': 450.4394178297914, 'y': 224.12429117084287, 'elapsedTime': 36926.800000071526}",936728420608,5186824922,POINT (0.2346038634530164 0.2075224918248545),,,,,,,,,,,,,,,,,,,,,,,,,,,,,,,,,,,,,,,,,,,,,,,,,,,,,,,,,,,,,,,,,,,,,,,,,,,,,,,,,,,,,,,,,,,,,,,,,,,,,
0,15,28,"{'x': 546.3765174123441, 'y': 204.87275968548875, 'elapsedTime': 36974}",936728437276,5186841589,POINT (0.2845711028189292 0.1896969997087859),,,,,,,,,,,,,,,,,,,,,,,,,,,,,,,,,,,,,,,,,,,,,,,,,,,,,,,,,,,,,,,,,,,,,,,,,,,,,,,,,,,,,,,,,,,,,,,,,,,,,
0,15,28,"{'x': 546.3765174123441, 'y': 204.87275968548875, 'elapsedTime': 36974}",936728453943,5186858256,POINT (0.2845711028189292 0.1896969997087859),,,,,,,,,,,,,,,,,,,,,,,,,,,,,,,,,,,,,,,,,,,,,,,,,,,,,,,,,,,,,,,,,,,,,,,,,,,,,,,,,,,,,,,,,,,,,,,,,,,,,
0,15,28,"{'x': 546.3765174123441, 'y': 204.87275968548875, 'elapsedTime': 36974}",936728470610,5186874922,POINT (0.2845711028189292 0.1896969997087859),,,,,,,,,,,,,,,,,,,,,,,,,,,,,,,,,,,,,,,,,,,,,,,,,,,,,,,,,,,,,,,,,,,,,,,,,,,,,,,,,,,,,,,,,,,,,,,,,,,,,
0,15,28,"{'x': 578.9071805905023, 'y': 201.2618197225034, 'elapsedTime': 37024.60000002384}",936728487277,5186891589,POINT (0.3015141565575533 0.1863535367800957),,,,,,,,,,,,,,,,,,1,,,,,,,,,,,,,,,,,,,,,,,,,,,,,,,,,,,,,,,,,,,,,,,,,,,,,,,,,,,,,,,,,,,,,,,,,,,,,,,,,,,
0,15,28,"{'x': 578.9071805905023, 'y': 201.2618197225034, 'elapsedTime': 37024.60000002384}",936728503945,5186908256,POINT (0.3015141565575533 0.1863535367800957),,,,,,,,,,,,,,,,,,1,,,,,,,,,,,,,,,,,,,,,,,,,,,,,,,,,,,,,,,,,,,,,,,,,,,,,,,,,,,,,,,,,,,,,,,,,,,,,,,,,,,
0,15,28,"{'x': 578.9071805905023, 'y': 201.2618197225034, 'elapsedTime': 37024.60000002384}",936728520611,5186924922,POINT (0.3015141565575533 0.1863535367800957),,,,,,,,,,,,,,,,,,1,,,,,,,,,,,,,,,,,,,,,,,,,,,,,,,,,,,,,,,,,,,,,,,,,,,,,,,,,,,,,,,,,,,,,,,,,,,,,,,,,,,
0,15,28,"{'x': 643.1443044711741, 'y': 201.25818562978233, 'elapsedTime': 37073.60000002384}",936728537281,5186941591,POINT (0.3349709919120699 0.1863501718794281),,,,,,,,,,,,,,,,,,,1,,,,,,,,,,,,,,,,,,,,,,,,,,,,,,,,,,,,,,,,,,,,,,,,,,,,,,,,,,,,,,,,,,,,,,,,,,,,,,,,,,
0,15,28,"{'x': 643.1443044711741, 'y': 201.25818562978233, 'elapsedTime': 37073.60000002384}",936728553947,5186958257,POINT (0.3349709919120699 0.1863501718794281),,,,,,,,,,,,,,,,,,,1,,,,,,,,,,,,,,,,,,,,,,,,,,,,,,,,,,,,,,,,,,,,,,,,,,,,,,,,,,,,,,,,,,,,,,,,,,,,,,,,,,
0,15,28,"{'x': 643.1443044711741, 'y': 201.25818562978233, 'elapsedTime': 37073.60000002384}",936728570616,5186974925,POINT (0.3349709919120699 0.1863501718794281),,,,,,,,,,,,,,,,,,,1,,,,,,,,,,,,,,,,,,,,,,,,,,,,,,,,,,,,,,,,,,,,,,,,,,,,,,,,,,,,,,,,,,,,,,,,,,,,,,,,,,
0,15,28,"{'x': 542.2877002351146, 'y': 377.27576007489046, 'elapsedTime': 37120}",936728587282,5186991591,POINT (0.2824415105391222 0.3493294074767504),,,,,,,,,,,,,,,,,,,,,,,,,,,,,,,,,,,,,,,,,,,,,,,,,,,,,,,,,,,,,,,,,,,,,,,,,,,,,,,,,,,,,,,,,,,,,,,,,,,,,
0,15,28,"{'x': 542.2877002351146, 'y': 377.27576007489046, 'elapsedTime': 37120}",936728603949,5187008257,POINT (0.2824415105391222 0.3493294074767504),,,,,,,,,,,,,,,,,,,,,,,,,,,,,,,,,,,,,,,,,,,,,,,,,,,,,,,,,,,,,,,,,,,,,,,,,,,,,,,,,,,,,,,,,,,,,,,,,,,,,
0,15,28,"{'x': 431.8088267649846, 'y': 435.0771033739356, 'elapsedTime': 37167.700000047684}",936728620616,5187024924,POINT (0.2249004306067628 0.4028491697906811),,,,,,,,,,,,,,,,,,,,,,,,,,,,,,,,,,,,,,,,,,,,,,,,,,,,,,,,,,,,,,,,,,,,,,,,,,,,,,,,,,,,,,,,,,,,,,,,,,,,,
0,15,28,"{'x': 431.8088267649846, 'y': 435.0771033739356, 'elapsedTime': 37167.700000047684}",936728637284,5187041591,POINT (0.2249004306067628 0.4028491697906811),,,,,,,,,,,,,,,,,,,,,,,,,,,,,,,,,,,,,,,,,,,,,,,,,,,,,,,,,,,,,,,,,,,,,,,,,,,,,,,,,,,,,,,,,,,,,,,,,,,,,
0,15,28,"{'x': 431.8088267649846, 'y': 435.0771033739356, 'elapsedTime': 37167.700000047684}",936728653951,5187058258,POINT (0.2249004306067628 0.4028491697906811),,,,,,,,,,,,,,,,,,,,,,,,,,,,,,,,,,,,,,,,,,,,,,,,,,,,,,,,,,,,,,,,,,,,,,,,,,,,,,,,,,,,,,,,,,,,,,,,,,,,,
0,15,28,"{'x': 386.0844999145099, 'y': 507.35976807021837, 'elapsedTime': 37211.700000047684}",936728670624,5187074930,POINT (0.2010856770388072 0.46977756302798),,,,,,,,,,,,,,,,,,,,,,,,,,,,,,,,,,,,,,,,,,,,,,,,,,,,,,,,,,,,,,,,,,,,,,,,,,,,,,,,,,,,,,,,,,,,,,,,,,,,,
0,15,28,"{'x': 386.0844999145099, 'y': 507.35976807021837, 'elapsedTime': 37211.700000047684}",936728687291,5187091597,POINT (0.2010856770388072 0.46977756302798),,,,,,,,,,,,,,,,,,,,,,,,,,,,,,,,,,,,,,,,,,,,,,,,,,,,,,,,,,,,,,,,,,,,,,,,,,,,,,,,,,,,,,,,,,,,,,,,,,,,,
0,15,28,"{'x': 386.0844999145099, 'y': 507.35976807021837, 'elapsedTime': 37211.700000047684}",936728703959,5187108264,POINT (0.2010856770388072 0.46977756302798),,,,,,,,,,,,,,,,,,,,,,,,,,,,,,,,,,,,,,,,,,,,,,,,,,,,,,,,,,,,,,,,,,,,,,,,,,,,,,,,,,,,,,,,,,,,,,,,,,,,,
0,15,28,"{'x': 385.4937737432414, 'y': 455.7785672456105, 'elapsedTime': 37258}",936728720625,5187124930,POINT (0.2007780071579382 0.4220171918940838),,,,,,,,,,,,,,,,,,,,,,,,,,,,,,,,,,,,,,,,,,,,,,,,,,,,,,,,,,,,,,,,,,,,,,,,,,,,,,,,,,,,,,,,,,,,,,,,,,,,,
0,15,28,"{'x': 385.4937737432414, 'y': 455.7785672456105, 'elapsedTime': 37258}",936728737293,5187141597,POINT (0.2007780071579382 0.4220171918940838),,,,,,,,,,,,,,,,,,,,,,,,,,,,,,,,,,,,,,,,,,,,,,,,,,,,,,,,,,,,,,,,,,,,,,,,,,,,,,,,,,,,,,,,,,,,,,,,,,,,,
0,15,28,"{'x': 385.4937737432414, 'y': 455.7785672456105, 'elapsedTime': 37258}",936728753959,5187158263,POINT (0.2007780071579382 0.4220171918940838),,,,,,,,,,,,,,,,,,,,,,,,,,,,,,,,,,,,,,,,,,,,,,,,,,,,,,,,,,,,,,,,,,,,,,,,,,,,,,,,,,,,,,,,,,,,,,,,,,,,,
0,15,28,"{'x': 381.88019277621623, 'y': 478.7415696162738, 'elapsedTime': 37303.60000002384}",936728770627,5187174930,POINT (0.1988959337376126 0.4432792311261794),,,,,,,,,,,,,,,,,,,,,,,,,,,,,,,,,,,,,,,,,,,,,,,,,,,,,,,,,,,,,,,,,,,,,,,,,,,,,,,,,,,,,,,,,,,,,,,,,,,,,
0,15,28,"{'x': 381.88019277621623, 'y': 478.7415696162738, 'elapsedTime': 37303.60000002384}",936728787294,5187191597,POINT (0.1988959337376126 0.4432792311261794),,,,,,,,,,,,,,,,,,,,,,,,,,,,,,,,,,,,,,,,,,,,,,,,,,,,,,,,,,,,,,,,,,,,,,,,,,,,,,,,,,,,,,,,,,,,,,,,,,,,,
0,15,28,"{'x': 390.52597211949893, 'y': 491.1522460422236, 'elapsedTime': 37348.700000047684}",936728803967,5187208269,POINT (0.203398943812239 0.4547705981872441),,,,,,,,,,,,,,,,,,,,,,,,,,,,,,,,,,,,,,,,,,,,,,,,,,,,,,,,,,,,,,,,,,,,,,,,,,,,,,,,,,,,,,,,,,,,,,,,,,,,,
0,15,28,"{'x': 390.52597211949893, 'y': 491.1522460422236, 'elapsedTime': 37348.700000047684}",936728820634,5187224936,POINT (0.203398943812239 0.4547705981872441),,,,,,,,,,,,,,,,,,,,,,,,,,,,,,,,,,,,,,,,,,,,,,,,,,,,,,,,,,,,,,,,,,,,,,,,,,,,,,,,,,,,,,,,,,,,,,,,,,,,,
0,15,28,"{'x': 390.52597211949893, 'y': 491.1522460422236, 'elapsedTime': 37348.700000047684}",936728837301,5187241602,POINT (0.203398943812239 0.4547705981872441),,,,,,,,,,,,,,,,,,,,,,,,,,,,,,,,,,,,,,,,,,,,,,,,,,,,,,,,,,,,,,,,,,,,,,,,,,,,,,,,,,,,,,,,,,,,,,,,,,,,,
0,15,28,"{'x': 273.5102527437864, 'y': 443.5304866205695, 'elapsedTime': 37393.200000047684}",936728853969,5187258270,POINT (0.1424532566373888 0.4106763765005273),,,,,,,,,,,,,,,,,,,,,,,,,,,,,,,,,,,,,,,,,,,,,,,,,,,,,,,,,,,,,,,,,,,,,,,,,,,,,,,,,,,,,,,,,,,,,,,,,,,,,
0,15,28,"{'x': 273.5102527437864, 'y': 443.5304866205695, 'elapsedTime': 37393.200000047684}",936728870636,5187274936,POINT (0.1424532566373888 0.4106763765005273),,,,,,,,,,,,,,,,,,,,,,,,,,,,,,,,,,,,,,,,,,,,,,,,,,,,,,,,,,,,,,,,,,,,,,,,,,,,,,,,,,,,,,,,,,,,,,,,,,,,,
0,15,28,"{'x': 273.5102527437864, 'y': 443.5304866205695, 'elapsedTime': 37393.200000047684}",936728887303,5187291603,POINT (0.1424532566373888 0.4106763765005273),,,,,,,,,,,,,,,,,,,,,,,,,,,,,,,,,,,,,,,,,,,,,,,,,,,,,,,,,,,,,,,,,,,,,,,,,,,,,,,,,,,,,,,,,,,,,,,,,,,,,
0,15,28,"{'x': 316.47916926774343, 'y': 426.16909128953654, 'elapsedTime': 37439.60000002384}",936728903970,5187308269,POINT (0.164832900660283 0.3946010104532746),,,,,,,,,,,,,,,,,,,,,,,,,,,,,,,,,,,,,,,,,,,,,,,,,,,,,,,,,,,,,,,,,,,,,,,,,,,,,,,,,,,,,,,,,,,,,,,,,,,,,
0,15,28,"{'x': 316.47916926774343, 'y': 426.16909128953654, 'elapsedTime': 37439.60000002384}",936728920637,5187324936,POINT (0.164832900660283 0.3946010104532746),,,,,,,,,,,,,,,,,,,,,,,,,,,,,,,,,,,,,,,,,,,,,,,,,,,,,,,,,,,,,,,,,,,,,,,,,,,,,,,,,,,,,,,,,,,,,,,,,,,,,
0,15,28,"{'x': 316.47916926774343, 'y': 426.16909128953654, 'elapsedTime': 37439.60000002384}",936728937308,5187341606,POINT (0.164832900660283 0.3946010104532746),,,,,,,,,,,,,,,,,,,,,,,,,,,,,,,,,,,,,,,,,,,,,,,,,,,,,,,,,,,,,,,,,,,,,,,,,,,,,,,,,,,,,,,,,,,,,,,,,,,,,
0,15,28,"{'x': 363.2158907806494, 'y': 363.4441348213809, 'elapsedTime': 37486.800000071526}",936728953974,5187358272,POINT (0.1891749431149216 0.3365223470568342),,,,,,,,,,,,,,,,,,,,,,,,,,,,,,,,,,,,,,,,,,,,,,,,,,,,,,,,,,,,,,,,,,,,,,,,,,,,,,,,,,,,,,,,,,,,,,,,,,,,,
0,15,28,"{'x': 363.2158907806494, 'y': 363.4441348213809, 'elapsedTime': 37486.800000071526}",936728970642,5187374939,POINT (0.1891749431149216 0.3365223470568342),,,,,,,,,,,,,,,,,,,,,,,,,,,,,,,,,,,,,,,,,,,,,,,,,,,,,,,,,,,,,,,,,,,,,,,,,,,,,,,,,,,,,,,,,,,,,,,,,,,,,
0,15,28,"{'x': 363.2158907806494, 'y': 363.4441348213809, 'elapsedTime': 37486.800000071526}",936728987308,5187391605,POINT (0.1891749431149216 0.3365223470568342),,,,,,,,,,,,,,,,,,,,,,,,,,,,,,,,,,,,,,,,,,,,,,,,,,,,,,,,,,,,,,,,,,,,,,,,,,,,,,,,,,,,,,,,,,,,,,,,,,,,,
0,15,28,"{'x': 363.2158907806494, 'y': 363.4441348213809, 'elapsedTime': 37486.800000071526}",936729003976,5187408272,POINT (0.1891749431149216 0.3365223470568342),,,,,,,,,,,,,,,,,,,,,,,,,,,,,,,,,,,,,,,,,,,,,,,,,,,,,,,,,,,,,,,,,,,,,,,,,,,,,,,,,,,,,,,,,,,,,,,,,,,,,
0,15,28,"{'x': 369.2906403946932, 'y': 360.50579714817616, 'elapsedTime': 37536.5}",936729020643,5187424939,POINT (0.1923388752055694 0.333801664026089),,,,,,,,,,,,,,,,,,,,,,,,,,,,,,,,,,,,,,,,,,,,,,,,,,,,,,,,,,,,,,,,,,,,,,,,,,,,,,,,,,,,,,,,,,,,,,,,,,,,,
0,15,28,"{'x': 369.2906403946932, 'y': 360.50579714817616, 'elapsedTime': 37536.5}",936729037310,5187441605,POINT (0.1923388752055694 0.333801664026089),,,,,,,,,,,,,,,,,,,,,,,,,,,,,,,,,,,,,,,,,,,,,,,,,,,,,,,,,,,,,,,,,,,,,,,,,,,,,,,,,,,,,,,,,,,,,,,,,,,,,
0,15,28,"{'x': 359.86778434334855, 'y': 273.4535221939066, 'elapsedTime': 37595.200000047684}",936729053978,5187458273,POINT (0.1874311376788274 0.2531977057350987),,,,,,,,,,,,,,,,,,,,,,,,,,,,,,,,,,,,,,,,,,,,,,,,,,,,,,,,,,,,,,,,,,,,,,,,,,,,,,,,,,,,,,,,,,,,,,,,,,,,,
0,15,28,"{'x': 359.86778434334855, 'y': 273.4535221939066, 'elapsedTime': 37595.200000047684}",936729070650,5187474944,POINT (0.1874311376788274 0.2531977057350987),,,,,,,,,,,,,,,,,,,,,,,,,,,,,,,,,,,,,,,,,,,,,,,,,,,,,,,,,,,,,,,,,,,,,,,,,,,,,,,,,,,,,,,,,,,,,,,,,,,,,
0,15,28,"{'x': 359.86778434334855, 'y': 273.4535221939066, 'elapsedTime': 37595.200000047684}",936729087317,5187491611,POINT (0.1874311376788274 0.2531977057350987),,,,,,,,,,,,,,,,,,,,,,,,,,,,,,,,,,,,,,,,,,,,,,,,,,,,,,,,,,,,,,,,,,,,,,,,,,,,,,,,,,,,,,,,,,,,,,,,,,,,,
0,15,28,"{'x': 504.28175723192726, 'y': 246.78164339242065, 'elapsedTime': 37640.89999997616}",936729103984,5187508277,POINT (0.2626467485582954 0.2285015216596487),,,,,,,,,,,,,,,,,,,,,,,,,,,,,,,,,,,,,,,,,,,,,,,,,,,,,,,,,,,,,,,,,,,,,,,,,,,,,,,,,,,,,,,,,,,,,,,,,,,,1,
0,15,28,"{'x': 504.28175723192726, 'y': 246.78164339242065, 'elapsedTime': 37640.89999997616}",936729120651,5187524944,POINT (0.2626467485582954 0.2285015216596487),,,,,,,,,,,,,,,,,,,,,,,,,,,,,,,,,,,,,,,,,,,,,,,,,,,,,,,,,,,,,,,,,,,,,,,,,,,,,,,,,,,,,,,,,,,,,,,,,,,,1,
0,15,28,"{'x': 504.28175723192726, 'y': 246.78164339242065, 'elapsedTime': 37640.89999997616}",936729137319,5187541611,POINT (0.2626467485582954 0.2285015216596487),,,,,,,,,,,,,,,,,,,,,,,,,,,,,,,,,,,,,,,,,,,,,,,,,,,,,,,,,,,,,,,,,,,,,,,,,,,,,,,,,,,,,,,,,,,,,,,,,,,,1,
0,15,28,"{'x': 521.2090715248247, 'y': 273.8853652229451, 'elapsedTime': 37686.300000071526}",936729153985,5187558277,POINT (0.2714630580858462 0.2535975603916158),,,,,,,,,,,,,,,,,,,,,,,,,,,,,,,,,,,,,,,,,,,,,,,,,,,,,,,,,,,,,,,,,,,,,,,,,,,,,,,,,,,,,,,,,,,,,,,,,,,,1,
0,15,28,"{'x': 521.2090715248247, 'y': 273.8853652229451, 'elapsedTime': 37686.300000071526}",936729170652,5187574944,POINT (0.2714630580858462 0.2535975603916158),,,,,,,,,,,,,,,,,,,,,,,,,,,,,,,,,,,,,,,,,,,,,,,,,,,,,,,,,,,,,,,,,,,,,,,,,,,,,,,,,,,,,,,,,,,,,,,,,,,,1,
0,15,28,"{'x': 503.37713814823456, 'y': 256.5732401046251, 'elapsedTime': 37732.39999997616}",936729187323,5187591614,POINT (0.2621755927855388 0.2375678149116899),,,,,,,,,,,,,,,,,,,,,,,,,,,,,,,,,,,,,,,,,,,,,,,,,,,,,,,,,,,,,,,,,,,,,,,,,,,,,,,,,,,,,,,,,,,,,,,,,,,,1,
0,15,28,"{'x': 503.37713814823456, 'y': 256.5732401046251, 'elapsedTime': 37732.39999997616}",936729203990,5187608281,POINT (0.2621755927855388 0.2375678149116899),,,,,,,,,,,,,,,,,,,,,,,,,,,,,,,,,,,,,,,,,,,,,,,,,,,,,,,,,,,,,,,,,,,,,,,,,,,,,,,,,,,,,,,,,,,,,,,,,,,,1,
0,15,28,"{'x': 503.37713814823456, 'y': 256.5732401046251, 'elapsedTime': 37732.39999997616}",936729220658,5187624948,POINT (0.2621755927855388 0.2375678149116899),,,,,,,,,,,,,,,,,,,,,,,,,,,,,,,,,,,,,,,,,,,,,,,,,,,,,,,,,,,,,,,,,,,,,,,,,,,,,,,,,,,,,,,,,,,,,,,,,,,,1,
0,15,28,"{'x': 704.6327841285372, 'y': 247.32292797588485, 'elapsedTime': 37777.89999997616}",936729237325,5187641615,POINT (0.3669962417336131 0.2290027110887823),,,,,,,,,,,,,,,,,,,,,,,,,,,,,,,,,,,,,,,,,,,,,,,,,,,,,,,,,,,,,,,,,,,,,,,,,,,,,,,,,,,,,,,,,,,,,,,,,,,,1,
0,15,28,"{'x': 704.6327841285372, 'y': 247.32292797588485, 'elapsedTime': 37777.89999997616}",936729253992,5187658281,POINT (0.3669962417336131 0.2290027110887823),,,,,,,,,,,,,,,,,,,,,,,,,,,,,,,,,,,,,,,,,,,,,,,,,,,,,,,,,,,,,,,,,,,,,,,,,,,,,,,,,,,,,,,,,,,,,,,,,,,,1,
0,15,28,"{'x': 704.6327841285372, 'y': 247.32292797588485, 'elapsedTime': 37777.89999997616}",936729270659,5187674948,POINT (0.3669962417336131 0.2290027110887823),,,,,,,,,,,,,,,,,,,,,,,,,,,,,,,,,,,,,,,,,,,,,,,,,,,,,,,,,,,,,,,,,,,,,,,,,,,,,,,,,,,,,,,,,,,,,,,,,,,,1,
0,15,28,"{'x': 632.8593299491085, 'y': 255.23252286560796, 'elapsedTime': 37821.89999997616}",936729287327,5187691615,POINT (0.329614234348494 0.2363264100607481),,,,,,,,,,,,,,,,,,,,,,,,,,,,,,,,,,,,,,,,,,,,,,,,,,,,,,,,,,,,,,,,,,,,,,,,,,,,,,,,,,,,,,,,,,,,,,,,,,,,1,
0,15,28,"{'x': 632.8593299491085, 'y': 255.23252286560796, 'elapsedTime': 37821.89999997616}",936729303993,5187708281,POINT (0.329614234348494 0.2363264100607481),,,,,,,,,,,,,,,,,,,,,,,,,,,,,,,,,,,,,,,,,,,,,,,,,,,,,,,,,,,,,,,,,,,,,,,,,,,,,,,,,,,,,,,,,,,,,,,,,,,,1,
0,15,28,"{'x': 623.1000895318147, 'y': 261.4501288937175, 'elapsedTime': 37867.60000002384}",936729320667,5187724954,POINT (0.3245312966311535 0.242083452679368),,,,,,,,,,,,,,,,,,,,,,,,,,,,,,,,,,,,,,,,,,,,,,,,,,,,,,,1,,,,,,,,,,,,,,,,,,,,,,,,,,,,,,,,,,,,,,,,,,,,,1,
0,15,28,"{'x': 623.1000895318147, 'y': 261.4501288937175, 'elapsedTime': 37867.60000002384}",936729337333,5187741620,POINT (0.3245312966311535 0.242083452679368),,,,,,,,,,,,,,,,,,,,,,,,,,,,,,,,,,,,,,,,,,,,,,,,,,,,,,,1,,,,,,,,,,,,,,,,,,,,,,,,,,,,,,,,,,,,,,,,,,,,,1,
0,15,28,"{'x': 623.1000895318147, 'y': 261.4501288937175, 'elapsedTime': 37867.60000002384}",936729354001,5187758287,POINT (0.3245312966311535 0.242083452679368),,,,,,,,,,,,,,,,,,,,,,,,,,,,,,,,,,,,,,,,,,,,,,,,,,,,,,,1,,,,,,,,,,,,,,,,,,,,,,,,,,,,,,,,,,,,,,,,,,,,,1,
0,15,28,"{'x': 679.2072135418431, 'y': 243.90970536024886, 'elapsedTime': 37913.10000002384}",936729370668,5187774954,POINT (0.3537537570530433 0.2258423197780082),,,,,,,,,,,,,,,,,,,,,,,,,,,,,,,,,,,,,,,,,,,,,,,,,,,,,,,,,,,,,,,,,,,,,,,,,,,,,,,,,,,,,,,,,,,,,,,,,,,,1,
0,15,28,"{'x': 679.2072135418431, 'y': 243.90970536024886, 'elapsedTime': 37913.10000002384}",936729387336,5187791621,POINT (0.3537537570530433 0.2258423197780082),,,,,,,,,,,,,,,,,,,,,,,,,,,,,,,,,,,,,,,,,,,,,,,,,,,,,,,,,,,,,,,,,,,,,,,,,,,,,,,,,,,,,,,,,,,,,,,,,,,,1,
0,15,28,"{'x': 679.2072135418431, 'y': 243.90970536024886, 'elapsedTime': 37913.10000002384}",936729404002,5187808287,POINT (0.3537537570530433 0.2258423197780082),,,,,,,,,,,,,,,,,,,,,,,,,,,,,,,,,,,,,,,,,,,,,,,,,,,,,,,,,,,,,,,,,,,,,,,,,,,,,,,,,,,,,,,,,,,,,,,,,,,,1,
0,15,28,"{'x': 647.9145866951297, 'y': 281.8185870495908, 'elapsedTime': 37959}",936729420669,5187824953,POINT (0.3374555139037134 0.2609431361570285),,,,,,,,,,,,,,,,,,,,,,,,,,,,,,,,,,,,,,,,,,,,,,,,,,,,,,,,,,,,,,,,,,,,,,,,,,,,,,,,,,,,,,,,,,,,,,,,,,,1,1,
0,15,28,"{'x': 647.9145866951297, 'y': 281.8185870495908, 'elapsedTime': 37959}",936729437336,5187841620,POINT (0.3374555139037134 0.2609431361570285),,,,,,,,,,,,,,,,,,,,,,,,,,,,,,,,,,,,,,,,,,,,,,,,,,,,,,,,,,,,,,,,,,,,,,,,,,,,,,,,,,,,,,,,,,,,,,,,,,,1,1,
0,15,28,"{'x': 647.9145866951297, 'y': 281.8185870495908, 'elapsedTime': 37959}",936729454007,5187858290,POINT (0.3374555139037134 0.2609431361570285),,,,,,,,,,,,,,,,,,,,,,,,,,,,,,,,,,,,,,,,,,,,,,,,,,,,,,,,,,,,,,,,,,,,,,,,,,,,,,,,,,,,,,,,,,,,,,,,,,,1,1,
0,15,28,"{'x': 705.5258488623169, 'y': 290.62466414072645, 'elapsedTime': 38007}",936729470674,5187874957,POINT (0.3674613796157901 0.2690969112414134),,,,,,,,,,,,,,,,,,,,,,,,,,,,,,,,,,,,,,,,,,,,,,,,,,,,,,,,,,,,,,,,,,,,,,,,,,,,,,,,,,,,,,,,,,,,,,,,,,,1,1,
0,15,28,"{'x': 705.5258488623169, 'y': 290.62466414072645, 'elapsedTime': 38007}",936729487341,5187891623,POINT (0.3674613796157901 0.2690969112414134),,,,,,,,,,,,,,,,,,,,,,,,,,,,,,,,,,,,,,,,,,,,,,,,,,,,,,,,,,,,,,,,,,,,,,,,,,,,,,,,,,,,,,,,,,,,,,,,,,,1,1,
0,15,28,"{'x': 705.5258488623169, 'y': 290.62466414072645, 'elapsedTime': 38007}",936729504008,5187908290,POINT (0.3674613796157901 0.2690969112414134),,,,,,,,,,,,,,,,,,,,,,,,,,,,,,,,,,,,,,,,,,,,,,,,,,,,,,,,,,,,,,,,,,,,,,,,,,,,,,,,,,,,,,,,,,,,,,,,,,,1,1,
0,15,28,"{'x': 705.3817473230308, 'y': 257.68296424971936, 'elapsedTime': 38051.39999997616}",936729520675,5187924956,POINT (0.3673863267307452 0.2385953372682587),,,,,,,,,,,,,,,,,,,,,,,,,,,,,,,,,,,,,,,,,,,,,,,,,,,,,,,,,,,,,,,,,,,,,,,,,,,,,,,,,,,,,,,,,,,,,,,,,,,,1,
0,15,28,"{'x': 705.3817473230308, 'y': 257.68296424971936, 'elapsedTime': 38051.39999997616}",936729537343,5187941624,POINT (0.3673863267307452 0.2385953372682587),,,,,,,,,,,,,,,,,,,,,,,,,,,,,,,,,,,,,,,,,,,,,,,,,,,,,,,,,,,,,,,,,,,,,,,,,,,,,,,,,,,,,,,,,,,,,,,,,,,,1,
0,15,28,"{'x': 705.3817473230308, 'y': 257.68296424971936, 'elapsedTime': 38051.39999997616}",936729554010,5187958290,POINT (0.3673863267307452 0.2385953372682587),,,,,,,,,,,,,,,,,,,,,,,,,,,,,,,,,,,,,,,,,,,,,,,,,,,,,,,,,,,,,,,,,,,,,,,,,,,,,,,,,,,,,,,,,,,,,,,,,,,,1,
0,15,28,"{'x': 684.2203910656658, 'y': 192.48486142318453, 'elapsedTime': 38098.5}",936729570677,5187974957,POINT (0.3563647870133676 0.1782267235399857),,,,,,,,,,,,,,,,,,,,,,,,,,,,,,,,,,,,,,,,,,,,,,,,,,,,,,,,,,,,,,,,,,,,,,,,,,,,,,,,,,,,,,,,,,,,,,,,,,,1,,
0,15,28,"{'x': 684.2203910656658, 'y': 192.48486142318453, 'elapsedTime': 38098.5}",936729587349,5187991628,POINT (0.3563647870133676 0.1782267235399857),,,,,,,,,,,,,,,,,,,,,,,,,,,,,,,,,,,,,,,,,,,,,,,,,,,,,,,,,,,,,,,,,,,,,,,,,,,,,,,,,,,,,,,,,,,,,,,,,,,1,,
0,15,28,"{'x': 684.2203910656658, 'y': 192.48486142318453, 'elapsedTime': 38098.5}",936729604015,5188008294,POINT (0.3563647870133676 0.1782267235399857),,,,,,,,,,,,,,,,,,,,,,,,,,,,,,,,,,,,,,,,,,,,,,,,,,,,,,,,,,,,,,,,,,,,,,,,,,,,,,,,,,,,,,,,,,,,,,,,,,,1,,
0,15,28,"{'x': 806.0056009580077, 'y': 147.27783603672086, 'elapsedTime': 38148.89999997616}",936729620682,5188024960,POINT (0.4197945838322957 0.1363683667006675),,,,,,,,,,,,,,,,,,,,,,,,,,,,,,,,,,,,,,,,,,,,,,,,,,,,,,,,,,,,,,,,,,,,,,,,,,,,,,,,,,,,,,,,,,,,,,,,,,,,,
0,15,28,"{'x': 806.0056009580077, 'y': 147.27783603672086, 'elapsedTime': 38148.89999997616}",936729637350,5188041628,POINT (0.4197945838322957 0.1363683667006675),,,,,,,,,,,,,,,,,,,,,,,,,,,,,,,,,,,,,,,,,,,,,,,,,,,,,,,,,,,,,,,,,,,,,,,,,,,,,,,,,,,,,,,,,,,,,,,,,,,,,
0,15,28,"{'x': 810.4992519642776, 'y': 164.58132347543537, 'elapsedTime': 38197.89999997616}",936729654017,5188058294,POINT (0.4221350270647279 0.1523901143291068),,,,,,,,,,,,,,,,,,,,,,,,,,,,,,,,,,,,,,,,,,,,,,,,,,,,,,,,,,,,,,,,,,,,,,,,,,,,,,,,,,,,,,,,,,,,,,,,,,,1,,
0,15,28,"{'x': 810.4992519642776, 'y': 164.58132347543537, 'elapsedTime': 38197.89999997616}",936729670684,5188074961,POINT (0.4221350270647279 0.1523901143291068),,,,,,,,,,,,,,,,,,,,,,,,,,,,,,,,,,,,,,,,,,,,,,,,,,,,,,,,,,,,,,,,,,,,,,,,,,,,,,,,,,,,,,,,,,,,,,,,,,,1,,
0,15,28,"{'x': 810.4992519642776, 'y': 164.58132347543537, 'elapsedTime': 38197.89999997616}",936729687351,5188091627,POINT (0.4221350270647279 0.1523901143291068),,,,,,,,,,,,,,,,,,,,,,,,,,,,,,,,,,,,,,,,,,,,,,,,,,,,,,,,,,,,,,,,,,,,,,,,,,,,,,,,,,,,,,,,,,,,,,,,,,,1,,
0,15,28,"{'x': 796.1439062240797, 'y': 150.7535873653269, 'elapsedTime': 38247.10000002384}",936729704018,5188108294,POINT (0.4146582844917082 0.1395866549678953),,,,,,,,,,,,,,,,,,,,,,,,,,,,,,,,,,,,,,,,,,,,,,,,,,,,,,,,,,,,,,,,,,,,,,,,,,,,,,,,,,,,,,,,,,,,,,,,,,,1,,
0,15,28,"{'x': 796.1439062240797, 'y': 150.7535873653269, 'elapsedTime': 38247.10000002384}",936729720690,5188124965,POINT (0.4146582844917082 0.1395866549678953),,,,,,,,,,,,,,,,,,,,,,,,,,,,,,,,,,,,,,,,,,,,,,,,,,,,,,,,,,,,,,,,,,,,,,,,,,,,,,,,,,,,,,,,,,,,,,,,,,,1,,
0,15,28,"{'x': 796.1439062240797, 'y': 150.7535873653269, 'elapsedTime': 38247.10000002384}",936729737356,5188141631,POINT (0.4146582844917082 0.1395866549678953),,,,,,,,,,,,,,,,,,,,,,,,,,,,,,,,,,,,,,,,,,,,,,,,,,,,,,,,,,,,,,,,,,,,,,,,,,,,,,,,,,,,,,,,,,,,,,,,,,,1,,
0,15,28,"{'x': 836.0636619224841, 'y': 111.94725164367665, 'elapsedTime': 38293.800000071526}",936729754024,5188158298,POINT (0.4354498239179605 0.1036548626330339),,,,,,,,,,,,,,,,,,,,,,,,,,,,,,,,,,,,,,,,,,,,,,,,,,,,,,,,,,,,,,,,,,,,,,,,,,,,,,,,,,,,,,,,,,,,,,,,,,,,,
0,15,28,"{'x': 836.0636619224841, 'y': 111.94725164367665, 'elapsedTime': 38293.800000071526}",936729770691,5188174965,POINT (0.4354498239179605 0.1036548626330339),,,,,,,,,,,,,,,,,,,,,,,,,,,,,,,,,,,,,,,,,,,,,,,,,,,,,,,,,,,,,,,,,,,,,,,,,,,,,,,,,,,,,,,,,,,,,,,,,,,,,
0,15,28,"{'x': 836.0636619224841, 'y': 111.94725164367665, 'elapsedTime': 38293.800000071526}",936729787358,5188191631,POINT (0.4354498239179605 0.1036548626330339),,,,,,,,,,,,,,,,,,,,,,,,,,,,,,,,,,,,,,,,,,,,,,,,,,,,,,,,,,,,,,,,,,,,,,,,,,,,,,,,,,,,,,,,,,,,,,,,,,,,,
0,15,28,"{'x': 800.8295945764678, 'y': 67.09800774011761, 'elapsedTime': 38339.10000002384}",936729804025,5188208298,POINT (0.4170987471752436 0.0621277849445533),,,,,,,,,,,,,,,,,,,,,,,,,,,,,,,,,,,,,,,,,,,,,,,,,,,,,,,,,,,,,,,,,,,,,,,,,,,,,,,,,,,,,,,,,,,,,,,,,,,,,
0,15,28,"{'x': 800.8295945764678, 'y': 67.09800774011761, 'elapsedTime': 38339.10000002384}",936729820692,5188224964,POINT (0.4170987471752436 0.0621277849445533),,,,,,,,,,,,,,,,,,,,,,,,,,,,,,,,,,,,,,,,,,,,,,,,,,,,,,,,,,,,,,,,,,,,,,,,,,,,,,,,,,,,,,,,,,,,,,,,,,,,,
0,15,28,"{'x': 851.8544873193624, 'y': 46.33358016208103, 'elapsedTime': 38384.10000002384}",936729837359,5188241631,POINT (0.4436742121455012 0.042901463113038),,,,,,,,,,,,,,,,,,,,,,,,,,,,,,,,,,,,,,,,,,,,,,,,,,,,,,,,,,,,,,,,,,,,,,,,,,,,,,,,,,,,,,,,,,,,,,,,,,,,,
0,15,28,"{'x': 851.8544873193624, 'y': 46.33358016208103, 'elapsedTime': 38384.10000002384}",936729854033,5188258304,POINT (0.4436742121455012 0.042901463113038),,,,,,,,,,,,,,,,,,,,,,,,,,,,,,,,,,,,,,,,,,,,,,,,,,,,,,,,,,,,,,,,,,,,,,,,,,,,,,,,,,,,,,,,,,,,,,,,,,,,,
0,15,28,"{'x': 851.8544873193624, 'y': 46.33358016208103, 'elapsedTime': 38384.10000002384}",936729870700,5188274971,POINT (0.4436742121455012 0.042901463113038),,,,,,,,,,,,,,,,,,,,,,,,,,,,,,,,,,,,,,,,,,,,,,,,,,,,,,,,,,,,,,,,,,,,,,,,,,,,,,,,,,,,,,,,,,,,,,,,,,,,,
0,15,28,"{'x': 958.0767824415581, 'y': 47.29683845116824, 'elapsedTime': 38429.39999997616}",936729887367,5188291637,POINT (0.4989983241883115 0.0437933689362669),,,,,,,,,,,,,,,,,,,,,,,,,,,,,,,,,,,,,,,,,,,,,,,,,,,,,,,,,,,,,,,,,,,,,,,,,,,,,,,,,,,,,,,,,,,,,,,,,,,,,
0,15,28,"{'x': 958.0767824415581, 'y': 47.29683845116824, 'elapsedTime': 38429.39999997616}",936729904034,5188308304,POINT (0.4989983241883115 0.0437933689362669),,,,,,,,,,,,,,,,,,,,,,,,,,,,,,,,,,,,,,,,,,,,,,,,,,,,,,,,,,,,,,,,,,,,,,,,,,,,,,,,,,,,,,,,,,,,,,,,,,,,,
0,15,28,"{'x': 958.0767824415581, 'y': 47.29683845116824, 'elapsedTime': 38429.39999997616}",936729920701,5188324970,POINT (0.4989983241883115 0.0437933689362669),,,,,,,,,,,,,,,,,,,,,,,,,,,,,,,,,,,,,,,,,,,,,,,,,,,,,,,,,,,,,,,,,,,,,,,,,,,,,,,,,,,,,,,,,,,,,,,,,,,,,
0,15,28,"{'x': 890.7394825224466, 'y': 30.34017982247537, 'elapsedTime': 38473.700000047684}",936729937366,5188341635,POINT (0.4639268138137743 0.0280927590948846),,,,,,,,,,,,,,,,,,,,,,,,,,,,,,,,,,,,,,,,,,,,,,,,,,,,,,,,,,,,,,,,,,,,,,,,,,,,,,,,,,,,,,,,,,,,,,,,,,,,,
0,15,28,"{'x': 890.7394825224466, 'y': 30.34017982247537, 'elapsedTime': 38473.700000047684}",936729954035,5188358303,POINT (0.4639268138137743 0.0280927590948846),,,,,,,,,,,,,,,,,,,,,,,,,,,,,,,,,,,,,,,,,,,,,,,,,,,,,,,,,,,,,,,,,,,,,,,,,,,,,,,,,,,,,,,,,,,,,,,,,,,,,
0,15,28,"{'x': 885.8693444519145, 'y': 19.235576946741563, 'elapsedTime': 38517.39999997616}",936729970703,5188374971,POINT (0.4613902835687054 0.0178107193951311),,,,,,,,,,,,,,,,,,,,,,,,,,,,,,,,,,,,,,,,,,,,,,,,,,,,,,,,,,,,,,,,,,,,,,,,,,,,,,,,,,,,,,,,,,,,,,,,,,,,,
0,15,28,"{'x': 885.8693444519145, 'y': 19.235576946741563, 'elapsedTime': 38517.39999997616}",936729987375,5188391642,POINT (0.4613902835687054 0.0178107193951311),,,,,,,,,,,,,,,,,,,,,,,,,,,,,,,,,,,,,,,,,,,,,,,,,,,,,,,,,,,,,,,,,,,,,,,,,,,,,,,,,,,,,,,,,,,,,,,,,,,,,
0,15,28,"{'x': 885.8693444519145, 'y': 19.235576946741563, 'elapsedTime': 38517.39999997616}",936730004041,5188408308,POINT (0.4613902835687054 0.0178107193951311),,,,,,,,,,,,,,,,,,,,,,,,,,,,,,,,,,,,,,,,,,,,,,,,,,,,,,,,,,,,,,,,,,,,,,,,,,,,,,,,,,,,,,,,,,,,,,,,,,,,,
0,15,28,"{'x': 885.8693444519145, 'y': 19.235576946741563, 'elapsedTime': 38517.39999997616}",936730020709,5188424975,POINT (0.4613902835687054 0.0178107193951311),,,,,,,,,,,,,,,,,,,,,,,,,,,,,,,,,,,,,,,,,,,,,,,,,,,,,,,,,,,,,,,,,,,,,,,,,,,,,,,,,,,,,,,,,,,,,,,,,,,,,
0,15,28,"{'x': 970.6012135663556, 'y': 6.2847819953343045, 'elapsedTime': 38562.700000047684}",936730037376,5188441642,POINT (0.5055214653991436 0.0058192425882725),,,,,,,,,,,,,,,,,,,,,,,,,,,,,,,,,,,,,,,,,,,,,,,,,,,,,,,,,,,,,,,,,,,,,,,,,,,,,,,,,,,,,,,,,,,,,,,,,,,,,
0,15,28,"{'x': 970.6012135663556, 'y': 6.2847819953343045, 'elapsedTime': 38562.700000047684}",936730054043,5188458308,POINT (0.5055214653991436 0.0058192425882725),,,,,,,,,,,,,,,,,,,,,,,,,,,,,,,,,,,,,,,,,,,,,,,,,,,,,,,,,,,,,,,,,,,,,,,,,,,,,,,,,,,,,,,,,,,,,,,,,,,,,
0,15,28,"{'x': 970.6012135663556, 'y': 6.2847819953343045, 'elapsedTime': 38562.700000047684}",936730070711,5188474976,POINT (0.5055214653991436 0.0058192425882725),,,,,,,,,,,,,,,,,,,,,,,,,,,,,,,,,,,,,,,,,,,,,,,,,,,,,,,,,,,,,,,,,,,,,,,,,,,,,,,,,,,,,,,,,,,,,,,,,,,,,
0,15,28,"{'x': 978.5067108519861, 'y': 51.58733427935893, 'elapsedTime': 38618}",936730087378,5188491642,POINT (0.5096389119020761 0.0477660502586657),,,,,,,,,,,,,,,,,,,,,,,,,,,,,,,,,,,,,,,,,,,,,,,,,,,,,,,,,,,,,,,,,,,,,,,,,,,,,,,,,,,,,,,,,,,,,,,,,,,,,
0,15,28,"{'x': 978.5067108519861, 'y': 51.58733427935893, 'elapsedTime': 38618}",936730104043,5188508307,POINT (0.5096389119020761 0.0477660502586657),,,,,,,,,,,,,,,,,,,,,,,,,,,,,,,,,,,,,,,,,,,,,,,,,,,,,,,,,,,,,,,,,,,,,,,,,,,,,,,,,,,,,,,,,,,,,,,,,,,,,
0,15,28,"{'x': 947.1272134273794, 'y': 90.59728600505673, 'elapsedTime': 38665.89999997616}",936730120716,5188524979,POINT (0.4932954236600934 0.0838863759306081),,,,,,,,,,,,,,,,,,,,,,,,,,,,,,,,,,,,,,,,,,,,,,,,,,,,,,,,,,,,,,,,,,,,,,,,,,,,,,,,,,,,,,,,,,,,,,,,,,,,,
0,15,28,"{'x': 947.1272134273794, 'y': 90.59728600505673, 'elapsedTime': 38665.89999997616}",936730137382,5188541645,POINT (0.4932954236600934 0.0838863759306081),,,,,,,,,,,,,,,,,,,,,,,,,,,,,,,,,,,,,,,,,,,,,,,,,,,,,,,,,,,,,,,,,,,,,,,,,,,,,,,,,,,,,,,,,,,,,,,,,,,,,
0,15,28,"{'x': 947.1272134273794, 'y': 90.59728600505673, 'elapsedTime': 38665.89999997616}",936730154049,5188558311,POINT (0.4932954236600934 0.0838863759306081),,,,,,,,,,,,,,,,,,,,,,,,,,,,,,,,,,,,,,,,,,,,,,,,,,,,,,,,,,,,,,,,,,,,,,,,,,,,,,,,,,,,,,,,,,,,,,,,,,,,,
0,15,28,"{'x': 861.6997096559843, 'y': 33.44514558560448, 'elapsedTime': 38711.5}",936730170717,5188574979,POINT (0.4488019321124918 0.0309677273940782),,,,,,,,,,,,,,,,,,,,,,,,,,,,,,,,,,,,,,,,,,,,,,,,,,,,,,,,,,,,,,,,,,,,,,,,,,,,,,,,,,,,,,,,,,,,,,,,,,,,,
0,15,28,"{'x': 861.6997096559843, 'y': 33.44514558560448, 'elapsedTime': 38711.5}",936730187386,5188591647,POINT (0.4488019321124918 0.0309677273940782),,,,,,,,,,,,,,,,,,,,,,,,,,,,,,,,,,,,,,,,,,,,,,,,,,,,,,,,,,,,,,,,,,,,,,,,,,,,,,,,,,,,,,,,,,,,,,,,,,,,,
0,15,28,"{'x': 861.6997096559843, 'y': 33.44514558560448, 'elapsedTime': 38711.5}",936730204050,5188608311,POINT (0.4488019321124918 0.0309677273940782),,,,,,,,,,,,,,,,,,,,,,,,,,,,,,,,,,,,,,,,,,,,,,,,,,,,,,,,,,,,,,,,,,,,,,,,,,,,,,,,,,,,,,,,,,,,,,,,,,,,,
0,15,28,"{'x': 842.7300828736742, 'y': 23.849877693574268, 'elapsedTime': 38757.700000047684}",936730220720,5188624980,POINT (0.438921918163372 0.0220832200866428),,,,,,,,,,,,,,,,,,,,,,,,,,,,,,,,,,,,,,,,,,,,,,,,,,,,,,,,,,,,,,,,,,,,,,,,,,,,,,,,,,,,,,,,,,,,,,,,,,,,,
0,15,28,"{'x': 842.7300828736742, 'y': 23.849877693574268, 'elapsedTime': 38757.700000047684}",936730237389,5188641649,POINT (0.438921918163372 0.0220832200866428),,,,,,,,,,,,,,,,,,,,,,,,,,,,,,,,,,,,,,,,,,,,,,,,,,,,,,,,,,,,,,,,,,,,,,,,,,,,,,,,,,,,,,,,,,,,,,,,,,,,,
0,15,28,"{'x': 769.920070302723, 'y': 19.79371278614473, 'elapsedTime': 38803.800000071526}",936730254056,5188658315,POINT (0.4010000366160016 0.0183275118390229),,,,,,,,,,,,,,,,,,,,,,,,,,,,,,,,,,,,,,,,,,,,,,,,,,,,,,,,,,,,,,,,,,,,,,,,,,,,,,,,,,,,,,,,,,,,,,,,,,,,,
0,15,28,"{'x': 769.920070302723, 'y': 19.79371278614473, 'elapsedTime': 38803.800000071526}",936730270723,5188674982,POINT (0.4010000366160016 0.0183275118390229),,,,,,,,,,,,,,,,,,,,,,,,,,,,,,,,,,,,,,,,,,,,,,,,,,,,,,,,,,,,,,,,,,,,,,,,,,,,,,,,,,,,,,,,,,,,,,,,,,,,,
0,15,28,"{'x': 769.920070302723, 'y': 19.79371278614473, 'elapsedTime': 38803.800000071526}",936730287391,5188691649,POINT (0.4010000366160016 0.0183275118390229),,,,,,,,,,,,,,,,,,,,,,,,,,,,,,,,,,,,,,,,,,,,,,,,,,,,,,,,,,,,,,,,,,,,,,,,,,,,,,,,,,,,,,,,,,,,,,,,,,,,,
0,15,28,"{'x': 668.3969000551274, 'y': 104.73919762760586, 'elapsedTime': 38849.200000047684}",936730304058,5188708316,POINT (0.3481233854453788 0.0969807385440795),,,,,,,,,,,,,,,,,,,,,,,,,,,,,,,,,,,,,,,,,,,,,,,,,,,,,,,,,,,,,,,,,,,,,,,,,,,,,,,,,,,,,,,,,,,,,,,,,,,,,
0,15,28,"{'x': 668.3969000551274, 'y': 104.73919762760586, 'elapsedTime': 38849.200000047684}",936730320725,5188724982,POINT (0.3481233854453788 0.0969807385440795),,,,,,,,,,,,,,,,,,,,,,,,,,,,,,,,,,,,,,,,,,,,,,,,,,,,,,,,,,,,,,,,,,,,,,,,,,,,,,,,,,,,,,,,,,,,,,,,,,,,,
0,15,28,"{'x': 668.3969000551274, 'y': 104.73919762760586, 'elapsedTime': 38849.200000047684}",936730337392,5188741649,POINT (0.3481233854453788 0.0969807385440795),,,,,,,,,,,,,,,,,,,,,,,,,,,,,,,,,,,,,,,,,,,,,,,,,,,,,,,,,,,,,,,,,,,,,,,,,,,,,,,,,,,,,,,,,,,,,,,,,,,,,
0,15,28,"{'x': 594.672029580255, 'y': 118.17281896613846, 'elapsedTime': 38894.39999997616}",936730354059,5188758315,POINT (0.3097250154063828 0.1094192768204986),,,,,,,,,,,,,,,,,,,,,,,,,,,,,,,,,,,,,,,,,,,,,,,,,,,,,,,,,,,,,,,,,,,,,,,,,,,,,,,,,,,,,,,,,,,,,,,,,,,,,
0,15,28,"{'x': 594.672029580255, 'y': 118.17281896613846, 'elapsedTime': 38894.39999997616}",936730370730,5188774986,POINT (0.3097250154063828 0.1094192768204986),,,,,,,,,,,,,,,,,,,,,,,,,,,,,,,,,,,,,,,,,,,,,,,,,,,,,,,,,,,,,,,,,,,,,,,,,,,,,,,,,,,,,,,,,,,,,,,,,,,,,
0,15,28,"{'x': 594.672029580255, 'y': 118.17281896613846, 'elapsedTime': 38894.39999997616}",936730387398,5188791653,POINT (0.3097250154063828 0.1094192768204986),,,,,,,,,,,,,,,,,,,,,,,,,,,,,,,,,,,,,,,,,,,,,,,,,,,,,,,,,,,,,,,,,,,,,,,,,,,,,,,,,,,,,,,,,,,,,,,,,,,,,
0,15,28,"{'x': 557.8341520165425, 'y': 152.20960965038296, 'elapsedTime': 38942}",936730404064,5188808319,POINT (0.2905386208419492 0.1409348237503546),,,,,,,,,,,,,,,,,,,,,,,,,,,,,,,,,,,,,,,,,,,,,,,,,,,,,,,,,,,,,,,,,,,,,,,,,,,,,,,,,,,,,,,,,,,,,,,,,,,1,,
0,15,28,"{'x': 557.8341520165425, 'y': 152.20960965038296, 'elapsedTime': 38942}",936730420732,5188824986,POINT (0.2905386208419492 0.1409348237503546),,,,,,,,,,,,,,,,,,,,,,,,,,,,,,,,,,,,,,,,,,,,,,,,,,,,,,,,,,,,,,,,,,,,,,,,,,,,,,,,,,,,,,,,,,,,,,,,,,,1,,
0,15,28,"{'x': 557.8341520165425, 'y': 152.20960965038296, 'elapsedTime': 38942}",936730437399,5188841653,POINT (0.2905386208419492 0.1409348237503546),,,,,,,,,,,,,,,,,,,,,,,,,,,,,,,,,,,,,,,,,,,,,,,,,,,,,,,,,,,,,,,,,,,,,,,,,,,,,,,,,,,,,,,,,,,,,,,,,,,1,,
0,15,28,"{'x': 519.1126243137237, 'y': 213.05769838881136, 'elapsedTime': 38988}",936730454066,5188858319,POINT (0.2703711584967311 0.1972756466563068),,,,,,,,,,,,,,,,,,,,,,,,,,,,,,,,,,,,,,,,,,,,,,,,,,,,,,,,,,,,,,,,,,,,,,,,,,,,,,,,,,,,,,,,,,,,,,,,,,,,,
0,15,28,"{'x': 519.1126243137237, 'y': 213.05769838881136, 'elapsedTime': 38988}",936730470733,5188874986,POINT (0.2703711584967311 0.1972756466563068),,,,,,,,,,,,,,,,,,,,,,,,,,,,,,,,,,,,,,,,,,,,,,,,,,,,,,,,,,,,,,,,,,,,,,,,,,,,,,,,,,,,,,,,,,,,,,,,,,,,,
0,15,28,"{'x': 437.4780978834935, 'y': 234.21323831784224, 'elapsedTime': 39031.89999997616}",936730487400,5188891652,POINT (0.2278531759809862 0.2168641095535576),,,,,,,,,,,,,,,,,,,,,,,,,,,,,,1,,,,,,,,,,,,,,,,,,,,,,,,,,,,,,,,,,,,,,,,,,,,,,,,,,,,,,,,,,,,,,,,,,,,,,1,
0,15,28,"{'x': 437.4780978834935, 'y': 234.21323831784224, 'elapsedTime': 39031.89999997616}",936730504074,5188908326,POINT (0.2278531759809862 0.2168641095535576),,,,,,,,,,,,,,,,,,,,,,,,,,,,,,1,,,,,,,,,,,,,,,,,,,,,,,,,,,,,,,,,,,,,,,,,,,,,,,,,,,,,,,,,,,,,,,,,,,,,,1,
0,15,28,"{'x': 437.4780978834935, 'y': 234.21323831784224, 'elapsedTime': 39031.89999997616}",936730520741,5188924992,POINT (0.2278531759809862 0.2168641095535576),,,,,,,,,,,,,,,,,,,,,,,,,,,,,,1,,,,,,,,,,,,,,,,,,,,,,,,,,,,,,,,,,,,,,,,,,,,,,,,,,,,,,,,,,,,,,,,,,,,,,1,
0,15,28,"{'x': 437.9932817912889, 'y': 236.4910195656927, 'elapsedTime': 39077.200000047684}",936730537408,5188941659,POINT (0.228121500932963 0.2189731662645303),,,,,,,,,,,,,,,,,,,,,,,,,,,,,,1,,,,,,,,,,,,,,,,,,,,,,,,,,,,,,,,,,,,,,,,,,,,,,,,,,,,,,,,,,,,,,,,,,,,,,1,
0,15,28,"{'x': 437.9932817912889, 'y': 236.4910195656927, 'elapsedTime': 39077.200000047684}",936730554075,5188958325,POINT (0.228121500932963 0.2189731662645303),,,,,,,,,,,,,,,,,,,,,,,,,,,,,,1,,,,,,,,,,,,,,,,,,,,,,,,,,,,,,,,,,,,,,,,,,,,,,,,,,,,,,,,,,,,,,,,,,,,,,1,
0,15,28,"{'x': 437.9932817912889, 'y': 236.4910195656927, 'elapsedTime': 39077.200000047684}",936730570742,5188974992,POINT (0.228121500932963 0.2189731662645303),,,,,,,,,,,,,,,,,,,,,,,,,,,,,,1,,,,,,,,,,,,,,,,,,,,,,,,,,,,,,,,,,,,,,,,,,,,,,,,,,,,,,,,,,,,,,,,,,,,,,1,
0,15,28,"{'x': 395.2735771105626, 'y': 224.25100466023645, 'elapsedTime': 39123.700000047684}",936730587409,5188991658,POINT (0.2058716547450847 0.2076398191298486),,,,,,,,,,,,,,,,,,,,,,,,,,,,,,,,,,,,,,,,,,,,,,,,,,,,,,,,,,,,,,,,,,,,,,,,,,,,,,,,,,,,,,,,,,,,,,,,,,,,,
0,15,28,"{'x': 395.2735771105626, 'y': 224.25100466023645, 'elapsedTime': 39123.700000047684}",936730604076,5189008325,POINT (0.2058716547450847 0.2076398191298486),,,,,,,,,,,,,,,,,,,,,,,,,,,,,,,,,,,,,,,,,,,,,,,,,,,,,,,,,,,,,,,,,,,,,,,,,,,,,,,,,,,,,,,,,,,,,,,,,,,,,
0,15,28,"{'x': 353.81044880338027, 'y': 245.4952700421818, 'elapsedTime': 39168.300000071526}",936730620744,5189024992,POINT (0.1842762754184272 0.2273104352242424),,,,,,,,,,,,,,,,,,,,,,,,,,,,,,,,,,,,,,,,,,,,,,,,,,1,,,,,,,,,,,,,,,,,,,,,,,,,,,,,,,,,,,,,,,,,,,,,,,,,,1,
0,15,28,"{'x': 353.81044880338027, 'y': 245.4952700421818, 'elapsedTime': 39168.300000071526}",936730637414,5189041662,POINT (0.1842762754184272 0.2273104352242424),,,,,,,,,,,,,,,,,,,,,,,,,,,,,,,,,,,,,,,,,,,,,,,,,,1,,,,,,,,,,,,,,,,,,,,,,,,,,,,,,,,,,,,,,,,,,,,,,,,,,1,
0,15,28,"{'x': 353.81044880338027, 'y': 245.4952700421818, 'elapsedTime': 39168.300000071526}",936730654082,5189058329,POINT (0.1842762754184272 0.2273104352242424),,,,,,,,,,,,,,,,,,,,,,,,,,,,,,,,,,,,,,,,,,,,,,,,,,1,,,,,,,,,,,,,,,,,,,,,,,,,,,,,,,,,,,,,,,,,,,,,,,,,,1,
0,15,28,"{'x': 316.93361630675696, 'y': 230.2595570771706, 'elapsedTime': 39213.200000047684}",936730670749,5189074996,POINT (0.1650695918264359 0.2132032935899728),,,,,,,,,,,,,,,,,,,,,,,,,,,,,,,,,,,,,,,,,,,,,,,,,,,,,,,,,,,,,,,,,,,,,,,,,,,,,,,,,,,,,,,,,,,,,,,,,,,,1,
0,15,28,"{'x': 316.93361630675696, 'y': 230.2595570771706, 'elapsedTime': 39213.200000047684}",936730687416,5189091662,POINT (0.1650695918264359 0.2132032935899728),,,,,,,,,,,,,,,,,,,,,,,,,,,,,,,,,,,,,,,,,,,,,,,,,,,,,,,,,,,,,,,,,,,,,,,,,,,,,,,,,,,,,,,,,,,,,,,,,,,,1,
0,15,28,"{'x': 316.93361630675696, 'y': 230.2595570771706, 'elapsedTime': 39213.200000047684}",936730704081,5189108327,POINT (0.1650695918264359 0.2132032935899728),,,,,,,,,,,,,,,,,,,,,,,,,,,,,,,,,,,,,,,,,,,,,,,,,,,,,,,,,,,,,,,,,,,,,,,,,,,,,,,,,,,,,,,,,,,,,,,,,,,,1,
0,15,28,"{'x': 367.2613546287392, 'y': 227.83026956542793, 'elapsedTime': 39257.89999997616}",936730720749,5189124994,POINT (0.1912819555358017 0.2109539533013222),,,,,,,,,,,,,,,,,,,,,,,,,,,,1,,,,,,,,,,,,,,,,,,,,,,,,,,,,,,,,,,,,,,,,,,,,,,,,,,,,,,,,,,,,,,,,,,,,,,,,,
0,15,28,"{'x': 367.2613546287392, 'y': 227.83026956542793, 'elapsedTime': 39257.89999997616}",936730737415,5189141660,POINT (0.1912819555358017 0.2109539533013222),,,,,,,,,,,,,,,,,,,,,,,,,,,,1,,,,,,,,,,,,,,,,,,,,,,,,,,,,,,,,,,,,,,,,,,,,,,,,,,,,,,,,,,,,,,,,,,,,,,,,,
0,15,28,"{'x': 367.2613546287392, 'y': 227.83026956542793, 'elapsedTime': 39257.89999997616}",936730754083,5189158327,POINT (0.1912819555358017 0.2109539533013222),,,,,,,,,,,,,,,,,,,,,,,,,,,,1,,,,,,,,,,,,,,,,,,,,,,,,,,,,,,,,,,,,,,,,,,,,,,,,,,,,,,,,,,,,,,,,,,,,,,,,,
0,15,28,"{'x': 404.02834918344104, 'y': 293.8314045800132, 'elapsedTime': 39302.89999997616}",936730770755,5189174999,POINT (0.2104314318663755 0.2720661153518641),,,,,,,,,,,,,,,,,,,,,,,,,,,,,,,,,,,,,,,,,,,,,,,,,,,,,,,,,,,,,,,,,,,,,,,,,,,,,,,,,,,,,,,,,,,,,,,,,,,,,
0,15,28,"{'x': 404.02834918344104, 'y': 293.8314045800132, 'elapsedTime': 39302.89999997616}",936730787423,5189191666,POINT (0.2104314318663755 0.2720661153518641),,,,,,,,,,,,,,,,,,,,,,,,,,,,,,,,,,,,,,,,,,,,,,,,,,,,,,,,,,,,,,,,,,,,,,,,,,,,,,,,,,,,,,,,,,,,,,,,,,,,,
0,15,28,"{'x': 398.7292763663696, 'y': 280.53213410136675, 'elapsedTime': 39346.700000047684}",936730804089,5189208332,POINT (0.2076714981074842 0.259751976019784),,,,,,,,,,,,,,,,,,,,,,,,,,,,,,,,,,,,,,,,,,,,,,,,,,,,,,,,,,,,,,,,,,,,,,,,,,,,,,,,,,,,,,,,,,,,,,,,,,,,,
0,15,28,"{'x': 398.7292763663696, 'y': 280.53213410136675, 'elapsedTime': 39346.700000047684}",936730820756,5189224998,POINT (0.2076714981074842 0.259751976019784),,,,,,,,,,,,,,,,,,,,,,,,,,,,,,,,,,,,,,,,,,,,,,,,,,,,,,,,,,,,,,,,,,,,,,,,,,,,,,,,,,,,,,,,,,,,,,,,,,,,,
0,15,28,"{'x': 398.7292763663696, 'y': 280.53213410136675, 'elapsedTime': 39346.700000047684}",936730837424,5189241666,POINT (0.2076714981074842 0.259751976019784),,,,,,,,,,,,,,,,,,,,,,,,,,,,,,,,,,,,,,,,,,,,,,,,,,,,,,,,,,,,,,,,,,,,,,,,,,,,,,,,,,,,,,,,,,,,,,,,,,,,,
0,15,28,"{'x': 435.68035974804906, 'y': 275.25477794819403, 'elapsedTime': 39392.39999997616}",936730854091,5189258332,POINT (0.2269168540354422 0.2548655351372167),,,,,,,,,,,,,,,,,,,,,,,,,,,,,,,,,,,,,,,,,,,,,,,,,,,,,,,,,,,,,,,,,,,,,,,,,,,,,1,,,,,,,,,,,,,,,,,,,,,,,1,
0,15,28,"{'x': 435.68035974804906, 'y': 275.25477794819403, 'elapsedTime': 39392.39999997616}",936730870758,5189274999,POINT (0.2269168540354422 0.2548655351372167),,,,,,,,,,,,,,,,,,,,,,,,,,,,,,,,,,,,,,,,,,,,,,,,,,,,,,,,,,,,,,,,,,,,,,,,,,,,,1,,,,,,,,,,,,,,,,,,,,,,,1,
0,15,28,"{'x': 435.68035974804906, 'y': 275.25477794819403, 'elapsedTime': 39392.39999997616}",936730887426,5189291666,POINT (0.2269168540354422 0.2548655351372167),,,,,,,,,,,,,,,,,,,,,,,,,,,,,,,,,,,,,,,,,,,,,,,,,,,,,,,,,,,,,,,,,,,,,,,,,,,,,1,,,,,,,,,,,,,,,,,,,,,,,1,
0,15,28,"{'x': 447.1393881305121, 'y': 309.7520257343743, 'elapsedTime': 39437}",936730904094,5189308334,POINT (0.2328850979846417 0.2868074312355318),,,,,,,,,,,,,,,,,,,,,,,,,,,,,,,,,,,,,,,,,,,,,,,,,,,,,,,,,,,,,,,,,,,,,,,,,,,,,,,,,,,,,,,,,,,,,,,,,,,1,,
0,15,28,"{'x': 447.1393881305121, 'y': 309.7520257343743, 'elapsedTime': 39437}",936730920762,5189325001,POINT (0.2328850979846417 0.2868074312355318),,,,,,,,,,,,,,,,,,,,,,,,,,,,,,,,,,,,,,,,,,,,,,,,,,,,,,,,,,,,,,,,,,,,,,,,,,,,,,,,,,,,,,,,,,,,,,,,,,,1,,
0,15,28,"{'x': 463.5554991137962, 'y': 259.26455722599087, 'elapsedTime': 39481.39999997616}",936730937429,5189341668,POINT (0.2414351557884355 0.2400597752092508),,,,,,,,,,,,,,,,,,,,,,,,,,,,,,,,,,,,,,,,,,,,,,,,,,,,,,,,,,,,,,,,,,,,,,,,,,,,,,,,,,,,,,,,,,,,,,,,,,,,1,
0,15,28,"{'x': 463.5554991137962, 'y': 259.26455722599087, 'elapsedTime': 39481.39999997616}",936730954096,5189358334,POINT (0.2414351557884355 0.2400597752092508),,,,,,,,,,,,,,,,,,,,,,,,,,,,,,,,,,,,,,,,,,,,,,,,,,,,,,,,,,,,,,,,,,,,,,,,,,,,,,,,,,,,,,,,,,,,,,,,,,,,1,
0,15,28,"{'x': 463.5554991137962, 'y': 259.26455722599087, 'elapsedTime': 39481.39999997616}",936730970763,5189375001,POINT (0.2414351557884355 0.2400597752092508),,,,,,,,,,,,,,,,,,,,,,,,,,,,,,,,,,,,,,,,,,,,,,,,,,,,,,,,,,,,,,,,,,,,,,,,,,,,,,,,,,,,,,,,,,,,,,,,,,,,1,
0,15,28,"{'x': 513.7290498499516, 'y': 342.3469408137746, 'elapsedTime': 39527.300000071526}",936730987430,5189391667,POINT (0.2675672134635165 0.3169879081609024),,,,,,,,,,,,,,,,,,,,,,,,,,,,,,,,,,,,,,,,,,,,,,,,,,,,,,,,,,,,,,,,,,,,,,,,,,,,,,,,,,,,,,,,,,,,,,,,,,,,,
0,15,28,"{'x': 513.7290498499516, 'y': 342.3469408137746, 'elapsedTime': 39527.300000071526}",936731004097,5189408334,POINT (0.2675672134635165 0.3169879081609024),,,,,,,,,,,,,,,,,,,,,,,,,,,,,,,,,,,,,,,,,,,,,,,,,,,,,,,,,,,,,,,,,,,,,,,,,,,,,,,,,,,,,,,,,,,,,,,,,,,,,
0,15,28,"{'x': 513.7290498499516, 'y': 342.3469408137746, 'elapsedTime': 39527.300000071526}",936731020770,5189425007,POINT (0.2675672134635165 0.3169879081609024),,,,,,,,,,,,,,,,,,,,,,,,,,,,,,,,,,,,,,,,,,,,,,,,,,,,,,,,,,,,,,,,,,,,,,,,,,,,,,,,,,,,,,,,,,,,,,,,,,,,,
0,15,28,"{'x': 487.05200507415265, 'y': 368.356427411803, 'elapsedTime': 39572.39999997616}",936731037437,5189441673,POINT (0.2536729193094545 0.3410707661220398),,,,,,,,,,,,,,,,,,,,,,,,,,,,,,,,,,,,,,,,,,,,,,,,,,,,,,,,,,,,,,,,,,,,,,,,,,,,,,,,,,,,,,,,,,,,,,,,,,,,,
0,15,28,"{'x': 487.05200507415265, 'y': 368.356427411803, 'elapsedTime': 39572.39999997616}",936731054104,5189458340,POINT (0.2536729193094545 0.3410707661220398),,,,,,,,,,,,,,,,,,,,,,,,,,,,,,,,,,,,,,,,,,,,,,,,,,,,,,,,,,,,,,,,,,,,,,,,,,,,,,,,,,,,,,,,,,,,,,,,,,,,,
0,15,28,"{'x': 487.05200507415265, 'y': 368.356427411803, 'elapsedTime': 39572.39999997616}",936731070771,5189475006,POINT (0.2536729193094545 0.3410707661220398),,,,,,,,,,,,,,,,,,,,,,,,,,,,,,,,,,,,,,,,,,,,,,,,,,,,,,,,,,,,,,,,,,,,,,,,,,,,,,,,,,,,,,,,,,,,,,,,,,,,,
0,15,28,"{'x': 520.0831094708055, 'y': 387.9482351467795, 'elapsedTime': 39622.700000047684}",936731087438,5189491673,POINT (0.2708766195160445 0.3592113288396107),,,,,,,,,,,,,,,,,,,,,,,,,,,,,,,,,,,,,,,,,,,,,,,,,,,,,,,,,,,,,,,,,,,,,,,,,,,,,,,,,,,,,,,,,,,,,,,,,,,,,
0,15,28,"{'x': 520.0831094708055, 'y': 387.9482351467795, 'elapsedTime': 39622.700000047684}",936731104106,5189508340,POINT (0.2708766195160445 0.3592113288396107),,,,,,,,,,,,,,,,,,,,,,,,,,,,,,,,,,,,,,,,,,,,,,,,,,,,,,,,,,,,,,,,,,,,,,,,,,,,,,,,,,,,,,,,,,,,,,,,,,,,,
0,15,28,"{'x': 520.0831094708055, 'y': 387.9482351467795, 'elapsedTime': 39622.700000047684}",936731120772,5189525006,POINT (0.2708766195160445 0.3592113288396107),,,,,,,,,,,,,,,,,,,,,,,,,,,,,,,,,,,,,,,,,,,,,,,,,,,,,,,,,,,,,,,,,,,,,,,,,,,,,,,,,,,,,,,,,,,,,,,,,,,,,
0,15,28,"{'x': 530.3782266761106, 'y': 397.45730378102746, 'elapsedTime': 39668.800000071526}",936731137439,5189541673,POINT (0.2762386597271409 0.3680160220194699),,,,,,,,,,,,,,,,,,,,,,,,,,,,,,,,,,,,,,,,,,,,,,,,,,,,,,,,,,,,,,,,,,,,,,,,,,,,,,,,,,,,,,,,,,,,,,,,,,,,,
0,15,28,"{'x': 530.3782266761106, 'y': 397.45730378102746, 'elapsedTime': 39668.800000071526}",936731154111,5189558345,POINT (0.2762386597271409 0.3680160220194699),,,,,,,,,,,,,,,,,,,,,,,,,,,,,,,,,,,,,,,,,,,,,,,,,,,,,,,,,,,,,,,,,,,,,,,,,,,,,,,,,,,,,,,,,,,,,,,,,,,,,
0,15,28,"{'x': 577.6191497773663, 'y': 386.5753220068445, 'elapsedTime': 39714}",936731170778,5189575011,POINT (0.3008433071757116 0.3579401129693004),,,,,,,,,,,,,,,,,,,,,,,,,,,,,,,,,,,,,,,,,,,,,,,,,,,,,,,,,,,,,,,,,,,,,,,,,,,,,,,,,,,,,,,,,,,,,,,,,,,,,
0,15,28,"{'x': 577.6191497773663, 'y': 386.5753220068445, 'elapsedTime': 39714}",936731187445,5189591678,POINT (0.3008433071757116 0.3579401129693004),,,,,,,,,,,,,,,,,,,,,,,,,,,,,,,,,,,,,,,,,,,,,,,,,,,,,,,,,,,,,,,,,,,,,,,,,,,,,,,,,,,,,,,,,,,,,,,,,,,,,
0,15,28,"{'x': 577.6191497773663, 'y': 386.5753220068445, 'elapsedTime': 39714}",936731204113,5189608345,POINT (0.3008433071757116 0.3579401129693004),,,,,,,,,,,,,,,,,,,,,,,,,,,,,,,,,,,,,,,,,,,,,,,,,,,,,,,,,,,,,,,,,,,,,,,,,,,,,,,,,,,,,,,,,,,,,,,,,,,,,
0,15,28,"{'x': 491.58292033314615, 'y': 394.0890919052748, 'elapsedTime': 39759.89999997616}",936731220779,5189625011,POINT (0.256032771006847 0.3648973073196989),,,,,,,,,,,,,,,,,,,,,,,,,,,,,,,,,,,,,,,,,,,,,,,,,,,,,,,,,,,,,,,,,,,,,,,,,,,,,,,,,,,,,,,,,,,,,,,,,,,,,
0,15,28,"{'x': 491.58292033314615, 'y': 394.0890919052748, 'elapsedTime': 39759.89999997616}",936731237447,5189641678,POINT (0.256032771006847 0.3648973073196989),,,,,,,,,,,,,,,,,,,,,,,,,,,,,,,,,,,,,,,,,,,,,,,,,,,,,,,,,,,,,,,,,,,,,,,,,,,,,,,,,,,,,,,,,,,,,,,,,,,,,
0,15,28,"{'x': 491.58292033314615, 'y': 394.0890919052748, 'elapsedTime': 39759.89999997616}",936731254114,5189658345,POINT (0.256032771006847 0.3648973073196989),,,,,,,,,,,,,,,,,,,,,,,,,,,,,,,,,,,,,,,,,,,,,,,,,,,,,,,,,,,,,,,,,,,,,,,,,,,,,,,,,,,,,,,,,,,,,,,,,,,,,
0,15,28,"{'x': 538.1235828829522, 'y': 380.5349678455627, 'elapsedTime': 39805.60000002384}",936731270781,5189675011,POINT (0.2802726994182043 0.3523471924495951),,,,,,,,,,,,,,,,,,,,,,,,,,,,,,,,,,,,,,,,,,,,,,,,,,,,,,,,,,,,,,,,,,,,,,,,,,,,,,,,,,,,,,,,,,,,,,,,,,,,,
0,15,28,"{'x': 538.1235828829522, 'y': 380.5349678455627, 'elapsedTime': 39805.60000002384}",936731287455,5189691685,POINT (0.2802726994182043 0.3523471924495951),,,,,,,,,,,,,,,,,,,,,,,,,,,,,,,,,,,,,,,,,,,,,,,,,,,,,,,,,,,,,,,,,,,,,,,,,,,,,,,,,,,,,,,,,,,,,,,,,,,,,
0,15,28,"{'x': 538.1235828829522, 'y': 380.5349678455627, 'elapsedTime': 39805.60000002384}",936731304123,5189708352,POINT (0.2802726994182043 0.3523471924495951),,,,,,,,,,,,,,,,,,,,,,,,,,,,,,,,,,,,,,,,,,,,,,,,,,,,,,,,,,,,,,,,,,,,,,,,,,,,,,,,,,,,,,,,,,,,,,,,,,,,,
0,15,28,"{'x': 600.3770224123708, 'y': 343.91567896856975, 'elapsedTime': 39851.39999997616}",936731320789,5189725018,POINT (0.3126963658397764 0.3184404434894164),,,,,,,,,,,,,,,,,,,,,,,,,,,,,,,,,,,,,,,,,,,,,,,,,,,,,,,,,,,,,,,,,,,,,,,,,,,,,,,,,,,,,,,,,,,,,,,,,,,,,
0,15,28,"{'x': 600.3770224123708, 'y': 343.91567896856975, 'elapsedTime': 39851.39999997616}",936731337457,5189741685,POINT (0.3126963658397764 0.3184404434894164),,,,,,,,,,,,,,,,,,,,,,,,,,,,,,,,,,,,,,,,,,,,,,,,,,,,,,,,,,,,,,,,,,,,,,,,,,,,,,,,,,,,,,,,,,,,,,,,,,,,,
0,15,28,"{'x': 565.7702847775665, 'y': 312.97671781192673, 'elapsedTime': 39897.10000002384}",936731354124,5189758352,POINT (0.2946720233216492 0.2897932572332655),,,,,,,,,,,,,,,,,,,,,,,,,,,,,,,,,,,,,,,,,,,,,,,,,,,,,,,,,,,,,,,,,,,,,,,,,,,,,,,,,,,,,,,,,,,,,,,,,,,1,1,
0,15,28,"{'x': 565.7702847775665, 'y': 312.97671781192673, 'elapsedTime': 39897.10000002384}",936731370791,5189775019,POINT (0.2946720233216492 0.2897932572332655),,,,,,,,,,,,,,,,,,,,,,,,,,,,,,,,,,,,,,,,,,,,,,,,,,,,,,,,,,,,,,,,,,,,,,,,,,,,,,,,,,,,,,,,,,,,,,,,,,,1,1,
0,15,28,"{'x': 565.7702847775665, 'y': 312.97671781192673, 'elapsedTime': 39897.10000002384}",936731387457,5189791685,POINT (0.2946720233216492 0.2897932572332655),,,,,,,,,,,,,,,,,,,,,,,,,,,,,,,,,,,,,,,,,,,,,,,,,,,,,,,,,,,,,,,,,,,,,,,,,,,,,,,,,,,,,,,,,,,,,,,,,,,1,1,
0,15,28,"{'x': 403.63580735301025, 'y': 508.7749914873168, 'elapsedTime': 39942.200000047684}",936731404125,5189808352,POINT (0.2102269829963595 0.4710879550808489),,,,,,,,,,,,,,,,,,,,,,,,,,,,,,,,,,,,,,,,,,,,,,,,,,,,,,,,,,,,,,,,,,,,,,,,,,,,,,,,,,,,,,,,,,,,,,,,,,,,,
0,15,28,"{'x': 403.63580735301025, 'y': 508.7749914873168, 'elapsedTime': 39942.200000047684}",936731420794,5189825021,POINT (0.2102269829963595 0.4710879550808489),,,,,,,,,,,,,,,,,,,,,,,,,,,,,,,,,,,,,,,,,,,,,,,,,,,,,,,,,,,,,,,,,,,,,,,,,,,,,,,,,,,,,,,,,,,,,,,,,,,,,
0,15,28,"{'x': 403.63580735301025, 'y': 508.7749914873168, 'elapsedTime': 39942.200000047684}",936731437462,5189841688,POINT (0.2102269829963595 0.4710879550808489),,,,,,,,,,,,,,,,,,,,,,,,,,,,,,,,,,,,,,,,,,,,,,,,,,,,,,,,,,,,,,,,,,,,,,,,,,,,,,,,,,,,,,,,,,,,,,,,,,,,,
0,15,28,"{'x': 414.49138997702295, 'y': 526.466037268648, 'elapsedTime': 39988.5}",936731454129,5189858355,POINT (0.2158809322796995 0.487468553026526),,,,,,,,,,,,,,,,,,,,,,,,,,,,,,,,,,,,,,,,,,,,,,,,,,,,,,,,,,,,,,,,,,,,,,,,,,,,,,,,,,,,,,,,,,,,,,,,,,,,,
0,15,28,"{'x': 414.49138997702295, 'y': 526.466037268648, 'elapsedTime': 39988.5}",936731470797,5189875022,POINT (0.2158809322796995 0.487468553026526),,,,,,,,,,,,,,,,,,,,,,,,,,,,,,,,,,,,,,,,,,,,,,,,,,,,,,,,,,,,,,,,,,,,,,,,,,,,,,,,,,,,,,,,,,,,,,,,,,,,,
0,15,28,"{'x': 461.67202167855163, 'y': 546.4089933467291, 'elapsedTime': 40035.300000071526}",936731487463,5189891688,POINT (0.240454177957579 0.5059342530988232),,,,,,,,,,,,,,,,,,,,,,,,,,,,,,,,,,,,,,,,,,,,,,,,,,,,,,,,,,,,,,,,,,,,,,,,,,,,,,,,,,,,,,,,,,,,,,,,,,,,,
0,15,28,"{'x': 461.67202167855163, 'y': 546.4089933467291, 'elapsedTime': 40035.300000071526}",936731504130,5189908354,POINT (0.240454177957579 0.5059342530988232),,,,,,,,,,,,,,,,,,,,,,,,,,,,,,,,,,,,,,,,,,,,,,,,,,,,,,,,,,,,,,,,,,,,,,,,,,,,,,,,,,,,,,,,,,,,,,,,,,,,,
0,15,28,"{'x': 461.67202167855163, 'y': 546.4089933467291, 'elapsedTime': 40035.300000071526}",936731520797,5189925021,POINT (0.240454177957579 0.5059342530988232),,,,,,,,,,,,,,,,,,,,,,,,,,,,,,,,,,,,,,,,,,,,,,,,,,,,,,,,,,,,,,,,,,,,,,,,,,,,,,,,,,,,,,,,,,,,,,,,,,,,,
0,15,28,"{'x': 619.8420580517178, 'y': 510.30979559039986, 'elapsedTime': 40083.60000002384}",936731537465,5189941688,POINT (0.3228344052352697 0.472509069991111),,,,,,,,,,,,,,,,,,,,,,,,,,,,,,,,,,,,,,,,,,,,,,,,,,,,,,,,,,,,,,,,,,,,,,,,,,,,,,,,,,,,,,,,,,,,,,,,,,,,,
0,15,28,"{'x': 619.8420580517178, 'y': 510.30979559039986, 'elapsedTime': 40083.60000002384}",936731554137,5189958360,POINT (0.3228344052352697 0.472509069991111),,,,,,,,,,,,,,,,,,,,,,,,,,,,,,,,,,,,,,,,,,,,,,,,,,,,,,,,,,,,,,,,,,,,,,,,,,,,,,,,,,,,,,,,,,,,,,,,,,,,,
0,15,28,"{'x': 619.8420580517178, 'y': 510.30979559039986, 'elapsedTime': 40083.60000002384}",936731570805,5189975027,POINT (0.3228344052352697 0.472509069991111),,,,,,,,,,,,,,,,,,,,,,,,,,,,,,,,,,,,,,,,,,,,,,,,,,,,,,,,,,,,,,,,,,,,,,,,,,,,,,,,,,,,,,,,,,,,,,,,,,,,,
0,15,28,"{'x': 728.9414488076976, 'y': 476.12360223652274, 'elapsedTime': 40128.10000002384}",936731587471,5189991693,POINT (0.3796570045873425 0.4408551872560396),,,,,,,,,,,,,,,,,,,,,,,,,,,,,,,,,,,,,,,,,,,,,,,,,,,,,,,,,,,,,,,,,,,,,,,,,,,,,,,,,,,,,,,,,,,,,,,,,,,,,
0,15,28,"{'x': 728.9414488076976, 'y': 476.12360223652274, 'elapsedTime': 40128.10000002384}",936731604138,5190008360,POINT (0.3796570045873425 0.4408551872560396),,,,,,,,,,,,,,,,,,,,,,,,,,,,,,,,,,,,,,,,,,,,,,,,,,,,,,,,,,,,,,,,,,,,,,,,,,,,,,,,,,,,,,,,,,,,,,,,,,,,,
0,15,28,"{'x': 689.3984950994981, 'y': 427.57352015604795, 'elapsedTime': 40172.5}",936731620805,5190025027,POINT (0.3590617161976553 0.3959014075518962),,,,,,,,,,,,,,,,,,,,,,,,,,,,,,,,,,,,,,,,,,,,,,,,,,,,,,,,,,,,,,,,,,,,,,,,,,,,,,,,,,,,,,,,,,,,,,,,,,,,,
0,15,28,"{'x': 689.3984950994981, 'y': 427.57352015604795, 'elapsedTime': 40172.5}",936731637472,5190041693,POINT (0.3590617161976553 0.3959014075518962),,,,,,,,,,,,,,,,,,,,,,,,,,,,,,,,,,,,,,,,,,,,,,,,,,,,,,,,,,,,,,,,,,,,,,,,,,,,,,,,,,,,,,,,,,,,,,,,,,,,,
0,15,28,"{'x': 689.3984950994981, 'y': 427.57352015604795, 'elapsedTime': 40172.5}",936731654139,5190058360,POINT (0.3590617161976553 0.3959014075518962),,,,,,,,,,,,,,,,,,,,,,,,,,,,,,,,,,,,,,,,,,,,,,,,,,,,,,,,,,,,,,,,,,,,,,,,,,,,,,,,,,,,,,,,,,,,,,,,,,,,,
0,15,28,"{'x': 689.3984950994981, 'y': 427.57352015604795, 'elapsedTime': 40172.5}",936731670807,5190075027,POINT (0.3590617161976553 0.3959014075518962),,,,,,,,,,,,,,,,,,,,,,,,,,,,,,,,,,,,,,,,,,,,,,,,,,,,,,,,,,,,,,,,,,,,,,,,,,,,,,,,,,,,,,,,,,,,,,,,,,,,,
0,15,28,"{'x': 666.4593228990716, 'y': 397.7466378202444, 'elapsedTime': 40220.800000071526}",936731687478,5190091698,POINT (0.3471142306765998 0.3682839239076337),,,,,,,,,,,,,,,,,,,,,,,,,,,,,,,,,,,,,,,,,,,,,,,,,,,,,,,,,,,,,,,,,,,,,,,,,,,,,,,,,,,,,,,,,,,,,,,,,,,,,
0,15,28,"{'x': 666.4593228990716, 'y': 397.7466378202444, 'elapsedTime': 40220.800000071526}",936731704146,5190108365,POINT (0.3471142306765998 0.3682839239076337),,,,,,,,,,,,,,,,,,,,,,,,,,,,,,,,,,,,,,,,,,,,,,,,,,,,,,,,,,,,,,,,,,,,,,,,,,,,,,,,,,,,,,,,,,,,,,,,,,,,,
0,15,28,"{'x': 666.4593228990716, 'y': 397.7466378202444, 'elapsedTime': 40220.800000071526}",936731720813,5190125032,POINT (0.3471142306765998 0.3682839239076337),,,,,,,,,,,,,,,,,,,,,,,,,,,,,,,,,,,,,,,,,,,,,,,,,,,,,,,,,,,,,,,,,,,,,,,,,,,,,,,,,,,,,,,,,,,,,,,,,,,,,
0,15,28,"{'x': 720.3729832137911, 'y': 349.9778793207645, 'elapsedTime': 40268.700000047684}",936731737480,5190141698,POINT (0.3751942620905162 0.3240535919636708),,,,,,,,,,,,,,,,,,,,,,,,,,,,,,,,,,,,,,,,,,,,,,,,,,,,,,,,,,,,,,,,,,,,,,,,,,,,,,,,,,,,,,,,,,,,,,,,,,,,1,
0,15,28,"{'x': 720.3729832137911, 'y': 349.9778793207645, 'elapsedTime': 40268.700000047684}",936731754147,5190158365,POINT (0.3751942620905162 0.3240535919636708),,,,,,,,,,,,,,,,,,,,,,,,,,,,,,,,,,,,,,,,,,,,,,,,,,,,,,,,,,,,,,,,,,,,,,,,,,,,,,,,,,,,,,,,,,,,,,,,,,,,1,
0,15,28,"{'x': 720.3729832137911, 'y': 349.9778793207645, 'elapsedTime': 40268.700000047684}",936731770814,5190175031,POINT (0.3751942620905162 0.3240535919636708),,,,,,,,,,,,,,,,,,,,,,,,,,,,,,,,,,,,,,,,,,,,,,,,,,,,,,,,,,,,,,,,,,,,,,,,,,,,,,,,,,,,,,,,,,,,,,,,,,,,1,
0,15,28,"{'x': 711.3507840662725, 'y': 310.74153431050394, 'elapsedTime': 40321.39999997616}",936731787481,5190191698,POINT (0.3704952000345169 0.2877236428800962),,,,,,,,,,,,,,,,,,,,,,,,,,,,,,,,,,,,,,,,,,,,,,,,,,,,,,,,,,,,,,,,,,,,,,,,,,,,,,,,,,,,,,,,,,,,,,,,,,,1,1,
0,15,28,"{'x': 711.3507840662725, 'y': 310.74153431050394, 'elapsedTime': 40321.39999997616}",936731804148,5190208365,POINT (0.3704952000345169 0.2877236428800962),,,,,,,,,,,,,,,,,,,,,,,,,,,,,,,,,,,,,,,,,,,,,,,,,,,,,,,,,,,,,,,,,,,,,,,,,,,,,,,,,,,,,,,,,,,,,,,,,,,1,1,
0,15,28,"{'x': 711.3507840662725, 'y': 310.74153431050394, 'elapsedTime': 40321.39999997616}",936731820817,5190225034,POINT (0.3704952000345169 0.2877236428800962),,,,,,,,,,,,,,,,,,,,,,,,,,,,,,,,,,,,,,,,,,,,,,,,,,,,,,,,,,,,,,,,,,,,,,,,,,,,,,,,,,,,,,,,,,,,,,,,,,,1,1,
0,15,28,"{'x': 685.8653430200739, 'y': 283.6660314994222, 'elapsedTime': 40369.700000047684}",936731837485,5190241701,POINT (0.3572215328229552 0.2626537328698354),,,,,,,,,,,,,,,,,,,,,,,,,,,,,,,,,,,,,,,,,,,,,,,,,,,,,,,,,,,,,,,,,,,,,,,,,,,,,,,,,,,,,,,,,,,,,,,,,,,1,1,
0,15,28,"{'x': 685.8653430200739, 'y': 283.6660314994222, 'elapsedTime': 40369.700000047684}",936731854152,5190258368,POINT (0.3572215328229552 0.2626537328698354),,,,,,,,,,,,,,,,,,,,,,,,,,,,,,,,,,,,,,,,,,,,,,,,,,,,,,,,,,,,,,,,,,,,,,,,,,,,,,,,,,,,,,,,,,,,,,,,,,,1,1,
0,15,28,"{'x': 633.0257328930647, 'y': 307.9622793685909, 'elapsedTime': 40415.5}",936731870819,5190275034,POINT (0.3297009025484712 0.2851502586746212),,,,,,,,,,,,,,,,,,,,,,,,,,,,,,,,,,,,,,,,,,,,,,,,,,,,,,,,,,,,,,,,,,,,,,,,,,,,,,,,,,,,,,,,,,,,,,,,,,,1,1,
0,15,28,"{'x': 633.0257328930647, 'y': 307.9622793685909, 'elapsedTime': 40415.5}",936731887486,5190291701,POINT (0.3297009025484712 0.2851502586746212),,,,,,,,,,,,,,,,,,,,,,,,,,,,,,,,,,,,,,,,,,,,,,,,,,,,,,,,,,,,,,,,,,,,,,,,,,,,,,,,,,,,,,,,,,,,,,,,,,,1,1,
0,15,28,"{'x': 633.0257328930647, 'y': 307.9622793685909, 'elapsedTime': 40415.5}",936731904154,5190308368,POINT (0.3297009025484712 0.2851502586746212),,,,,,,,,,,,,,,,,,,,,,,,,,,,,,,,,,,,,,,,,,,,,,,,,,,,,,,,,,,,,,,,,,,,,,,,,,,,,,,,,,,,,,,,,,,,,,,,,,,1,1,
0,15,28,"{'x': 578.3229346054692, 'y': 319.58526420026124, 'elapsedTime': 40462.300000071526}",936731920820,5190325034,POINT (0.3012098617736819 0.2959122816669085),,,,,,,,,,,,,,,,,,,,,,,,,,,,,,,,,,,,,,,,,,,,,,,,,,,,,,,,,,,,,,,,,,,,,,,,,,,,,,,,,,,,,,,,,,,,,,,,,,,1,,
0,15,28,"{'x': 578.3229346054692, 'y': 319.58526420026124, 'elapsedTime': 40462.300000071526}",936731937488,5190341701,POINT (0.3012098617736819 0.2959122816669085),,,,,,,,,,,,,,,,,,,,,,,,,,,,,,,,,,,,,,,,,,,,,,,,,,,,,,,,,,,,,,,,,,,,,,,,,,,,,,,,,,,,,,,,,,,,,,,,,,,1,,
0,15,28,"{'x': 578.3229346054692, 'y': 319.58526420026124, 'elapsedTime': 40462.300000071526}",936731954159,5190358372,POINT (0.3012098617736819 0.2959122816669085),,,,,,,,,,,,,,,,,,,,,,,,,,,,,,,,,,,,,,,,,,,,,,,,,,,,,,,,,,,,,,,,,,,,,,,,,,,,,,,,,,,,,,,,,,,,,,,,,,,1,,
0,15,28,"{'x': 581.7314722065898, 'y': 341.1882301624299, 'elapsedTime': 40511.200000047684}",936731970827,5190375039,POINT (0.3029851417742656 0.3159150279281758),,,,,,,,,,,,,,,,,,,,,,,,,,,,,,,,,,,,,,,,,,,,,,,,,,,,,,,,,,,,,,,,,,,,,,,,,,,,,,,,,,,,,,,,,,,,,,,,,,,,,
0,15,28,"{'x': 581.7314722065898, 'y': 341.1882301624299, 'elapsedTime': 40511.200000047684}",936731987494,5190391706,POINT (0.3029851417742656 0.3159150279281758),,,,,,,,,,,,,,,,,,,,,,,,,,,,,,,,,,,,,,,,,,,,,,,,,,,,,,,,,,,,,,,,,,,,,,,,,,,,,,,,,,,,,,,,,,,,,,,,,,,,,
0,15,28,"{'x': 581.7314722065898, 'y': 341.1882301624299, 'elapsedTime': 40511.200000047684}",936732004162,5190408373,POINT (0.3029851417742656 0.3159150279281758),,,,,,,,,,,,,,,,,,,,,,,,,,,,,,,,,,,,,,,,,,,,,,,,,,,,,,,,,,,,,,,,,,,,,,,,,,,,,,,,,,,,,,,,,,,,,,,,,,,,,
0,15,28,"{'x': 581.7314722065898, 'y': 341.1882301624299, 'elapsedTime': 40511.200000047684}",936732020828,5190425039,POINT (0.3029851417742656 0.3159150279281758),,,,,,,,,,,,,,,,,,,,,,,,,,,,,,,,,,,,,,,,,,,,,,,,,,,,,,,,,,,,,,,,,,,,,,,,,,,,,,,,,,,,,,,,,,,,,,,,,,,,,
0,15,28,"{'x': 548.3220222255258, 'y': 384.2363356886967, 'elapsedTime': 40557.39999997616}",936732037495,5190441706,POINT (0.2855843865757947 0.3557743848969414),,,,,,,,,,,,,,,,,,,,,,,,,,,,,,,,,,,,,,,,,,,,,,,,,,,,,,,,,,,,,,,,,,,,,,,,,,,,,,,,,,,,,,,,,,,,,,,,,,,,,
0,15,28,"{'x': 548.3220222255258, 'y': 384.2363356886967, 'elapsedTime': 40557.39999997616}",936732054162,5190458373,POINT (0.2855843865757947 0.3557743848969414),,,,,,,,,,,,,,,,,,,,,,,,,,,,,,,,,,,,,,,,,,,,,,,,,,,,,,,,,,,,,,,,,,,,,,,,,,,,,,,,,,,,,,,,,,,,,,,,,,,,,
0,15,28,"{'x': 587.8558847751368, 'y': 406.5435211301607, 'elapsedTime': 40613.39999997616}",936732070829,5190475039,POINT (0.3061749399870504 0.3764291862316302),,,,,,,,,,,,,,,,,,,,,,,,,,,,,,,,,,,,,,,,,,,,,,,,,,,,,,,,,,,,,,,,,,,,,,,,,,,,,,,,,,,,,,,,,,,,,,,,,,,,,
0,15,28,"{'x': 587.8558847751368, 'y': 406.5435211301607, 'elapsedTime': 40613.39999997616}",936732087502,5190491712,POINT (0.3061749399870504 0.3764291862316302),,,,,,,,,,,,,,,,,,,,,,,,,,,,,,,,,,,,,,,,,,,,,,,,,,,,,,,,,,,,,,,,,,,,,,,,,,,,,,,,,,,,,,,,,,,,,,,,,,,,,
0,15,28,"{'x': 587.8558847751368, 'y': 406.5435211301607, 'elapsedTime': 40613.39999997616}",936732104169,5190508378,POINT (0.3061749399870504 0.3764291862316302),,,,,,,,,,,,,,,,,,,,,,,,,,,,,,,,,,,,,,,,,,,,,,,,,,,,,,,,,,,,,,,,,,,,,,,,,,,,,,,,,,,,,,,,,,,,,,,,,,,,,
0,15,28,"{'x': 634.8982002459849, 'y': 384.78547286137507, 'elapsedTime': 40660}",936732120836,5190525045,POINT (0.3306761459614504 0.356282845242014),,,,,,,,,,,,,,,,,,,,,,,,,,,,,,,,,,,,,,,,,,,,,,,,,,,,,,,,,,,,,,,,,,,,,,,,,,,,,,,,,,,,,,,,,,,,,,,,,,,,,
0,15,28,"{'x': 634.8982002459849, 'y': 384.78547286137507, 'elapsedTime': 40660}",936732137504,5190541712,POINT (0.3306761459614504 0.356282845242014),,,,,,,,,,,,,,,,,,,,,,,,,,,,,,,,,,,,,,,,,,,,,,,,,,,,,,,,,,,,,,,,,,,,,,,,,,,,,,,,,,,,,,,,,,,,,,,,,,,,,
0,15,28,"{'x': 634.8982002459849, 'y': 384.78547286137507, 'elapsedTime': 40660}",936732154171,5190558379,POINT (0.3306761459614504 0.356282845242014),,,,,,,,,,,,,,,,,,,,,,,,,,,,,,,,,,,,,,,,,,,,,,,,,,,,,,,,,,,,,,,,,,,,,,,,,,,,,,,,,,,,,,,,,,,,,,,,,,,,,
0,15,28,"{'x': 640.8948217887785, 'y': 403.771985993022, 'elapsedTime': 40705}",936732170838,5190575045,POINT (0.3337993863483221 0.3738629499935389),,,,,,,,,,,,,,,,,,,,,,,,,,,,,,,,,,,,,,,,,,,,,,,,,,,,,,,,,,,,,,,,,,,,,,,,,,,,,,,,,,,,,,,,,,,,,,,,,,,,,
0,15,28,"{'x': 640.8948217887785, 'y': 403.771985993022, 'elapsedTime': 40705}",936732187504,5190591711,POINT (0.3337993863483221 0.3738629499935389),,,,,,,,,,,,,,,,,,,,,,,,,,,,,,,,,,,,,,,,,,,,,,,,,,,,,,,,,,,,,,,,,,,,,,,,,,,,,,,,,,,,,,,,,,,,,,,,,,,,,
0,15,28,"{'x': 640.8948217887785, 'y': 403.771985993022, 'elapsedTime': 40705}",936732204175,5190608381,POINT (0.3337993863483221 0.3738629499935389),,,,,,,,,,,,,,,,,,,,,,,,,,,,,,,,,,,,,,,,,,,,,,,,,,,,,,,,,,,,,,,,,,,,,,,,,,,,,,,,,,,,,,,,,,,,,,,,,,,,,
0,15,28,"{'x': 562.4777509237774, 'y': 392.44147488162355, 'elapsedTime': 40750.89999997616}",936732220842,5190625048,POINT (0.2929571619394674 0.3633717360015033),,,,,,,,,,,,,,,,,,,,,,,,,,,,,,,,,,,,,,,,,,,,,,,,,,,,,,,,,,,,,,,,,,,,,,,,,,,,,,,,,,,,,,,,,,,,,,,,,,,,,
0,15,28,"{'x': 562.4777509237774, 'y': 392.44147488162355, 'elapsedTime': 40750.89999997616}",936732237509,5190641715,POINT (0.2929571619394674 0.3633717360015033),,,,,,,,,,,,,,,,,,,,,,,,,,,,,,,,,,,,,,,,,,,,,,,,,,,,,,,,,,,,,,,,,,,,,,,,,,,,,,,,,,,,,,,,,,,,,,,,,,,,,
0,15,28,"{'x': 600.2040610898293, 'y': 387.2482674309839, 'elapsedTime': 40799.10000002384}",936732254176,5190658381,POINT (0.3126062818176195 0.3585632105842443),,,,,,,,,,,,,,,,,,,,,,,,,,,,,,,,,,,,,,,,,,,,,,,,,,,,,,,,,,,,,,,,,,,,,,,,,,,,,,,,,,,,,,,,,,,,,,,,,,,,,
0,15,28,"{'x': 600.2040610898293, 'y': 387.2482674309839, 'elapsedTime': 40799.10000002384}",936732270843,5190675048,POINT (0.3126062818176195 0.3585632105842443),,,,,,,,,,,,,,,,,,,,,,,,,,,,,,,,,,,,,,,,,,,,,,,,,,,,,,,,,,,,,,,,,,,,,,,,,,,,,,,,,,,,,,,,,,,,,,,,,,,,,
0,15,28,"{'x': 600.2040610898293, 'y': 387.2482674309839, 'elapsedTime': 40799.10000002384}",936732287509,5190691714,POINT (0.3126062818176195 0.3585632105842443),,,,,,,,,,,,,,,,,,,,,,,,,,,,,,,,,,,,,,,,,,,,,,,,,,,,,,,,,,,,,,,,,,,,,,,,,,,,,,,,,,,,,,,,,,,,,,,,,,,,,
0,15,28,"{'x': 646.9928687832804, 'y': 394.6115387169657, 'elapsedTime': 40846.39999997616}",936732304177,5190708381,POINT (0.3369754524912919 0.3653810543675608),,,,,,,,,,,,,,,,,,,,,,,,,,,,,,,,,,,,,,,,,,,,,,,,,,,,,,,,,,,,,,,,,,,,,,,,,,,,,,,,,,,,,,,,,,,,,,,,,,,,,
0,15,28,"{'x': 646.9928687832804, 'y': 394.6115387169657, 'elapsedTime': 40846.39999997616}",936732320844,5190725048,POINT (0.3369754524912919 0.3653810543675608),,,,,,,,,,,,,,,,,,,,,,,,,,,,,,,,,,,,,,,,,,,,,,,,,,,,,,,,,,,,,,,,,,,,,,,,,,,,,,,,,,,,,,,,,,,,,,,,,,,,,
0,15,28,"{'x': 646.9928687832804, 'y': 394.6115387169657, 'elapsedTime': 40846.39999997616}",936732337518,5190741721,POINT (0.3369754524912919 0.3653810543675608),,,,,,,,,,,,,,,,,,,,,,,,,,,,,,,,,,,,,,,,,,,,,,,,,,,,,,,,,,,,,,,,,,,,,,,,,,,,,,,,,,,,,,,,,,,,,,,,,,,,,
0,15,28,"{'x': 624.8177764713956, 'y': 365.14201052939364, 'elapsedTime': 40890.700000047684}",936732354184,5190758387,POINT (0.3254259252455186 0.338094454193883),,,,,,,,,,,,,,,,,,,,,,,,,,,,,,,,,,,,,,,,,,,,,,,,,,,,,,,,,,,,,,,,,,,,,,,,,,,,,,,,,,,,,,,,,,,,,,,,,,,,,
0,15,28,"{'x': 624.8177764713956, 'y': 365.14201052939364, 'elapsedTime': 40890.700000047684}",936732370852,5190775054,POINT (0.3254259252455186 0.338094454193883),,,,,,,,,,,,,,,,,,,,,,,,,,,,,,,,,,,,,,,,,,,,,,,,,,,,,,,,,,,,,,,,,,,,,,,,,,,,,,,,,,,,,,,,,,,,,,,,,,,,,
0,15,28,"{'x': 624.8177764713956, 'y': 365.14201052939364, 'elapsedTime': 40890.700000047684}",936732387518,5190791720,POINT (0.3254259252455186 0.338094454193883),,,,,,,,,,,,,,,,,,,,,,,,,,,,,,,,,,,,,,,,,,,,,,,,,,,,,,,,,,,,,,,,,,,,,,,,,,,,,,,,,,,,,,,,,,,,,,,,,,,,,
0,15,28,"{'x': 613.6186676020736, 'y': 308.9687279040945, 'elapsedTime': 40939}",936732404186,5190808387,POINT (0.3195930560427467 0.2860821554667542),,,,,,,,,,,,,,,,,,,,,,,,,,,,,,,,,,,,,,,,,,,,,,,,,,,,,,,,,,,,,,,,,,,,,,,,,,,,,,,,,,,,,,,,,,,,,,,,,,,1,1,
0,15,28,"{'x': 613.6186676020736, 'y': 308.9687279040945, 'elapsedTime': 40939}",936732420853,5190825054,POINT (0.3195930560427467 0.2860821554667542),,,,,,,,,,,,,,,,,,,,,,,,,,,,,,,,,,,,,,,,,,,,,,,,,,,,,,,,,,,,,,,,,,,,,,,,,,,,,,,,,,,,,,,,,,,,,,,,,,,1,1,
0,15,28,"{'x': 774.7670867030441, 'y': 158.1321478406252, 'elapsedTime': 40984.200000047684}",936732437521,5190841721,POINT (0.4035245243245021 0.1464186554079863),,,,,,,,,,,,,,,,,,,,,,,,,,,,,,,,,,,,,,,,,,,,,,,,,,,,,,,,,,,,,,,,,,,,,,,,,,,,,,,,,,,,,,,,,,,,,,,,,,,1,,
0,15,28,"{'x': 774.7670867030441, 'y': 158.1321478406252, 'elapsedTime': 40984.200000047684}",936732454187,5190858387,POINT (0.4035245243245021 0.1464186554079863),,,,,,,,,,,,,,,,,,,,,,,,,,,,,,,,,,,,,,,,,,,,,,,,,,,,,,,,,,,,,,,,,,,,,,,,,,,,,,,,,,,,,,,,,,,,,,,,,,,1,,
0,15,28,"{'x': 774.7670867030441, 'y': 158.1321478406252, 'elapsedTime': 40984.200000047684}",936732470859,5190875059,POINT (0.4035245243245021 0.1464186554079863),,,,,,,,,,,,,,,,,,,,,,,,,,,,,,,,,,,,,,,,,,,,,,,,,,,,,,,,,,,,,,,,,,,,,,,,,,,,,,,,,,,,,,,,,,,,,,,,,,,1,,
0,15,28,"{'x': 718.0638528379554, 'y': 206.993296344629, 'elapsedTime': 41029.10000002384}",936732487526,5190891725,POINT (0.3739915900197684 0.1916604595783602),,,,,,,,,,,,,,,,,,,,1,,,,,,,,,,,,,,,,,,,,,,,,,,,,,,,,,,,,,,,,,,,,,,,,,,,,,,,,,,,,,,,,,,,,,,,,,,,,,,,,,
0,15,28,"{'x': 718.0638528379554, 'y': 206.993296344629, 'elapsedTime': 41029.10000002384}",936732504193,5190908392,POINT (0.3739915900197684 0.1916604595783602),,,,,,,,,,,,,,,,,,,,1,,,,,,,,,,,,,,,,,,,,,,,,,,,,,,,,,,,,,,,,,,,,,,,,,,,,,,,,,,,,,,,,,,,,,,,,,,,,,,,,,
0,15,28,"{'x': 718.0638528379554, 'y': 206.993296344629, 'elapsedTime': 41029.10000002384}",936732520860,5190925059,POINT (0.3739915900197684 0.1916604595783602),,,,,,,,,,,,,,,,,,,,1,,,,,,,,,,,,,,,,,,,,,,,,,,,,,,,,,,,,,,,,,,,,,,,,,,,,,,,,,,,,,,,,,,,,,,,,,,,,,,,,,
0,15,28,"{'x': 790.1342434631769, 'y': 63.13633664625627, 'elapsedTime': 41074.5}",936732537527,5190941725,POINT (0.4115282518037379 0.0584595709687558),,,,,,,,,,,,,,,,,,,,,,,,,,,,,,,,,,,,,,,,,,,,,,,,,,,,,,,,,,,,,,,,,,,,,,,,,,,,,,,,,,,,,,,,,,,,,,,,,,,,,
0,15,28,"{'x': 790.1342434631769, 'y': 63.13633664625627, 'elapsedTime': 41074.5}",936732554194,5190958392,POINT (0.4115282518037379 0.0584595709687558),,,,,,,,,,,,,,,,,,,,,,,,,,,,,,,,,,,,,,,,,,,,,,,,,,,,,,,,,,,,,,,,,,,,,,,,,,,,,,,,,,,,,,,,,,,,,,,,,,,,,
0,15,28,"{'x': 790.1342434631769, 'y': 63.13633664625627, 'elapsedTime': 41074.5}",936732570862,5190975059,POINT (0.4115282518037379 0.0584595709687558),,,,,,,,,,,,,,,,,,,,,,,,,,,,,,,,,,,,,,,,,,,,,,,,,,,,,,,,,,,,,,,,,,,,,,,,,,,,,,,,,,,,,,,,,,,,,,,,,,,,,
0,15,28,"{'x': 842.182811915758, 'y': -8.003646050962502, 'elapsedTime': 41124.60000002384}",936732587528,5190991725,POINT (0.4386368812061239 -0.0074107833805208),,,,,,,,,,,,,,,,,,,,,,,,,,,,,,,,,,,,,,,,,,,,,,,,,,,,,,,,,,,,,,,,,,,,,,,,,,,,,,,,,,,,,,,,,,,,,,,,,,,,,
0,15,28,"{'x': 842.182811915758, 'y': -8.003646050962502, 'elapsedTime': 41124.60000002384}",936732604199,5191008395,POINT (0.4386368812061239 -0.0074107833805208),,,,,,,,,,,,,,,,,,,,,,,,,,,,,,,,,,,,,,,,,,,,,,,,,,,,,,,,,,,,,,,,,,,,,,,,,,,,,,,,,,,,,,,,,,,,,,,,,,,,,
0,15,28,"{'x': 842.182811915758, 'y': -8.003646050962502, 'elapsedTime': 41124.60000002384}",936732620866,5191025062,POINT (0.4386368812061239 -0.0074107833805208),,,,,,,,,,,,,,,,,,,,,,,,,,,,,,,,,,,,,,,,,,,,,,,,,,,,,,,,,,,,,,,,,,,,,,,,,,,,,,,,,,,,,,,,,,,,,,,,,,,,,
0,15,28,"{'x': 925.4025205625048, 'y': -34.07198575898733, 'elapsedTime': 41171.39999997616}",936732637533,5191041728,POINT (0.481980479459638 -0.0315481349620253),,,,,,,,,,,,,,,,,,,,,,,,,,,,,,,,,,,,,,,,,,,,,,,,,,,,,,,,,,,,,,,,,,,,,,,,,,,,,,,,,,,,,,,,,,,,,,,,,,,,,
0,15,28,"{'x': 925.4025205625048, 'y': -34.07198575898733, 'elapsedTime': 41171.39999997616}",936732654200,5191058395,POINT (0.481980479459638 -0.0315481349620253),,,,,,,,,,,,,,,,,,,,,,,,,,,,,,,,,,,,,,,,,,,,,,,,,,,,,,,,,,,,,,,,,,,,,,,,,,,,,,,,,,,,,,,,,,,,,,,,,,,,,
0,15,28,"{'x': 866.8321859872216, 'y': -40.11843131734959, 'elapsedTime': 41222.300000071526}",936732670867,5191075062,POINT (0.4514750968683446 -0.0371466956642126),,,,,,,,,,,,,,,,,,,,,,,,,,,,,,,,,,,,,,,,,,,,,,,,,,,,,,,,,,,,,,,,,,,,,,,,,,,,,,,,,,,,,,,,,,,,,,,,,,,,,
0,15,28,"{'x': 866.8321859872216, 'y': -40.11843131734959, 'elapsedTime': 41222.300000071526}",936732687533,5191091728,POINT (0.4514750968683446 -0.0371466956642126),,,,,,,,,,,,,,,,,,,,,,,,,,,,,,,,,,,,,,,,,,,,,,,,,,,,,,,,,,,,,,,,,,,,,,,,,,,,,,,,,,,,,,,,,,,,,,,,,,,,,
0,15,28,"{'x': 866.8321859872216, 'y': -40.11843131734959, 'elapsedTime': 41222.300000071526}",936732704201,5191108395,POINT (0.4514750968683446 -0.0371466956642126),,,,,,,,,,,,,,,,,,,,,,,,,,,,,,,,,,,,,,,,,,,,,,,,,,,,,,,,,,,,,,,,,,,,,,,,,,,,,,,,,,,,,,,,,,,,,,,,,,,,,
0,15,28,"{'x': 866.8321859872216, 'y': -40.11843131734959, 'elapsedTime': 41222.300000071526}",936732720867,5191125061,POINT (0.4514750968683446 -0.0371466956642126),,,,,,,,,,,,,,,,,,,,,,,,,,,,,,,,,,,,,,,,,,,,,,,,,,,,,,,,,,,,,,,,,,,,,,,,,,,,,,,,,,,,,,,,,,,,,,,,,,,,,
0,15,28,"{'x': 886.981223113093, 'y': -5.622264495386759, 'elapsedTime': 41270.5}",936732737541,5191141734,POINT (0.4619693870380693 -0.0052058004586914),,,,,,,,,,,,,,,,,,,,,,,,,,,,,,,,,,,,,,,,,,,,,,,,,,,,,,,,,,,,,,,,,,,,,,,,,,,,,,,,,,,,,,,,,,,,,,,,,,,,,
0,15,28,"{'x': 886.981223113093, 'y': -5.622264495386759, 'elapsedTime': 41270.5}",936732754208,5191158401,POINT (0.4619693870380693 -0.0052058004586914),,,,,,,,,,,,,,,,,,,,,,,,,,,,,,,,,,,,,,,,,,,,,,,,,,,,,,,,,,,,,,,,,,,,,,,,,,,,,,,,,,,,,,,,,,,,,,,,,,,,,
0,15,28,"{'x': 862.0354139617026, 'y': 22.18150061020854, 'elapsedTime': 41316.300000071526}",936732770875,5191175067,POINT (0.4489767781050534 0.0205384264909338),,,,,,,,,,,,,,,,,,,,,,,,,,,,,,,,,,,,,,,,,,,,,,,,,,,,,,,,,,,,,,,,,,,,,,,,,,,,,,,,,,,,,,,,,,,,,,,,,,,,,
0,15,28,"{'x': 862.0354139617026, 'y': 22.18150061020854, 'elapsedTime': 41316.300000071526}",936732787543,5191191735,POINT (0.4489767781050534 0.0205384264909338),,,,,,,,,,,,,,,,,,,,,,,,,,,,,,,,,,,,,,,,,,,,,,,,,,,,,,,,,,,,,,,,,,,,,,,,,,,,,,,,,,,,,,,,,,,,,,,,,,,,,
0,15,28,"{'x': 862.0354139617026, 'y': 22.18150061020854, 'elapsedTime': 41316.300000071526}",936732804210,5191208401,POINT (0.4489767781050534 0.0205384264909338),,,,,,,,,,,,,,,,,,,,,,,,,,,,,,,,,,,,,,,,,,,,,,,,,,,,,,,,,,,,,,,,,,,,,,,,,,,,,,,,,,,,,,,,,,,,,,,,,,,,,
0,15,28,"{'x': 920.4645034022058, 'y': 52.27061650943919, 'elapsedTime': 41362.700000047684}",936732820876,5191225067,POINT (0.4794085955219822 0.0483987189902215),,,,,,,,,,,,,,,,,,,,,,,,,,,,,,,,,,,,,,,,,,,,,,,,,,,,,,,,,,,,,,,,,,,,,,,,,,,,,,,,,,,,,,,,,,,,,,,,,,,,,
0,15,28,"{'x': 920.4645034022058, 'y': 52.27061650943919, 'elapsedTime': 41362.700000047684}",936732837543,5191241734,POINT (0.4794085955219822 0.0483987189902215),,,,,,,,,,,,,,,,,,,,,,,,,,,,,,,,,,,,,,,,,,,,,,,,,,,,,,,,,,,,,,,,,,,,,,,,,,,,,,,,,,,,,,,,,,,,,,,,,,,,,
0,15,28,"{'x': 920.4645034022058, 'y': 52.27061650943919, 'elapsedTime': 41362.700000047684}",936732854211,5191258401,POINT (0.4794085955219822 0.0483987189902215),,,,,,,,,,,,,,,,,,,,,,,,,,,,,,,,,,,,,,,,,,,,,,,,,,,,,,,,,,,,,,,,,,,,,,,,,,,,,,,,,,,,,,,,,,,,,,,,,,,,,
0,15,28,"{'x': 886.4340609401149, 'y': 46.76757873759231, 'elapsedTime': 41409.5}",936732870882,5191275072,POINT (0.4616844067396432 0.0433033136459188),,,,,,,,,,,,,,,,,,,,,,,,,,,,,,,,,,,,,,,,,,,,,,,,,,,,,,,,,,,,,,,,,,,,,,,,,,,,,,,,,,,,,,,,,,,,,,,,,,,,,
0,15,28,"{'x': 886.4340609401149, 'y': 46.76757873759231, 'elapsedTime': 41409.5}",936732887548,5191291738,POINT (0.4616844067396432 0.0433033136459188),,,,,,,,,,,,,,,,,,,,,,,,,,,,,,,,,,,,,,,,,,,,,,,,,,,,,,,,,,,,,,,,,,,,,,,,,,,,,,,,,,,,,,,,,,,,,,,,,,,,,
0,15,28,"{'x': 886.4340609401149, 'y': 46.76757873759231, 'elapsedTime': 41409.5}",936732904216,5191308405,POINT (0.4616844067396432 0.0433033136459188),,,,,,,,,,,,,,,,,,,,,,,,,,,,,,,,,,,,,,,,,,,,,,,,,,,,,,,,,,,,,,,,,,,,,,,,,,,,,,,,,,,,,,,,,,,,,,,,,,,,,
0,15,28,"{'x': 831.4120871220592, 'y': 124.06311676999897, 'elapsedTime': 41458.700000047684}",936732920883,5191325072,POINT (0.4330271287094058 0.1148732562685176),,,,,,,,,,,,,,,,,,,,,,,,,,,,,,,,,,,,,,,,,,,,,,,,,,,,,,,,,,,,,,,,,,,,,,,,,,,,,,,,,,,,,,,,,,,,,,,,,,,,,
0,15,28,"{'x': 831.4120871220592, 'y': 124.06311676999897, 'elapsedTime': 41458.700000047684}",936732937550,5191341738,POINT (0.4330271287094058 0.1148732562685176),,,,,,,,,,,,,,,,,,,,,,,,,,,,,,,,,,,,,,,,,,,,,,,,,,,,,,,,,,,,,,,,,,,,,,,,,,,,,,,,,,,,,,,,,,,,,,,,,,,,,
0,15,28,"{'x': 831.4120871220592, 'y': 124.06311676999897, 'elapsedTime': 41458.700000047684}",936732954217,5191358405,POINT (0.4330271287094058 0.1148732562685176),,,,,,,,,,,,,,,,,,,,,,,,,,,,,,,,,,,,,,,,,,,,,,,,,,,,,,,,,,,,,,,,,,,,,,,,,,,,,,,,,,,,,,,,,,,,,,,,,,,,,
0,15,28,"{'x': 873.3177027156421, 'y': 137.14245669172124, 'elapsedTime': 41507.60000002384}",936732970884,5191375072,POINT (0.4548529701643969 0.1269837561960382),,,,,,,,,,,,,,,,,,,,,,,,,,,,,,,,,,,,,,,,,,,,,,,,,,,,,,,,,,,,,,,,,,,,,,,,,,,,,,,,,,,,,,,,,,,,,,,,,,,,,
0,15,28,"{'x': 873.3177027156421, 'y': 137.14245669172124, 'elapsedTime': 41507.60000002384}",936732987551,5191391738,POINT (0.4548529701643969 0.1269837561960382),,,,,,,,,,,,,,,,,,,,,,,,,,,,,,,,,,,,,,,,,,,,,,,,,,,,,,,,,,,,,,,,,,,,,,,,,,,,,,,,,,,,,,,,,,,,,,,,,,,,,
0,15,28,"{'x': 873.3177027156421, 'y': 137.14245669172124, 'elapsedTime': 41507.60000002384}",936733004223,5191408410,POINT (0.4548529701643969 0.1269837561960382),,,,,,,,,,,,,,,,,,,,,,,,,,,,,,,,,,,,,,,,,,,,,,,,,,,,,,,,,,,,,,,,,,,,,,,,,,,,,,,,,,,,,,,,,,,,,,,,,,,,,
0,15,28,"{'x': 992.7356681853851, 'y': 82.91524507733257, 'elapsedTime': 41552.700000047684}",936733020891,5191425077,POINT (0.517049827179888 0.0767733750716042),,,,,,,,,,,,,,,,,,,,,,,,,,,,,,,,,,,,,,,,,,,,,,,,,,,,,,,,,,,,,,,,,,,,,,,,,,,,,,,,,,,,,,,,,,,,,,,,,,,,,
0,15,28,"{'x': 992.7356681853851, 'y': 82.91524507733257, 'elapsedTime': 41552.700000047684}",936733037557,5191441743,POINT (0.517049827179888 0.0767733750716042),,,,,,,,,,,,,,,,,,,,,,,,,,,,,,,,,,,,,,,,,,,,,,,,,,,,,,,,,,,,,,,,,,,,,,,,,,,,,,,,,,,,,,,,,,,,,,,,,,,,,
0,15,28,"{'x': 992.7356681853851, 'y': 82.91524507733257, 'elapsedTime': 41552.700000047684}",936733054225,5191458410,POINT (0.517049827179888 0.0767733750716042),,,,,,,,,,,,,,,,,,,,,,,,,,,,,,,,,,,,,,,,,,,,,,,,,,,,,,,,,,,,,,,,,,,,,,,,,,,,,,,,,,,,,,,,,,,,,,,,,,,,,
0,15,28,"{'x': 935.7947849068557, 'y': 66.58597063646093, 'elapsedTime': 41610}",936733070892,5191475077,POINT (0.4873931171389874 0.0616536765152416),,,,,,,,,,,,,,,,,,,,,,,,,,,,,,,,,,,,,,,,,,,,,,,,,,,,,,,,,,,,,,,,,,,,,,,,,,,,,,,,,,,,,,,,,,,,,,,,,,,,,
0,15,28,"{'x': 935.7947849068557, 'y': 66.58597063646093, 'elapsedTime': 41610}",936733087559,5191491743,POINT (0.4873931171389874 0.0616536765152416),,,,,,,,,,,,,,,,,,,,,,,,,,,,,,,,,,,,,,,,,,,,,,,,,,,,,,,,,,,,,,,,,,,,,,,,,,,,,,,,,,,,,,,,,,,,,,,,,,,,,
0,15,28,"{'x': 935.7947849068557, 'y': 66.58597063646093, 'elapsedTime': 41610}",936733104225,5191508409,POINT (0.4873931171389874 0.0616536765152416),,,,,,,,,,,,,,,,,,,,,,,,,,,,,,,,,,,,,,,,,,,,,,,,,,,,,,,,,,,,,,,,,,,,,,,,,,,,,,,,,,,,,,,,,,,,,,,,,,,,,
0,15,28,"{'x': 826.7681424055154, 'y': 152.314437947289, 'elapsedTime': 41658.39999997616}",936733120898,5191525082,POINT (0.4306084075028726 0.1410318869882306),,,,,,,,,,,,,,,,,,,,,,,,,,,,,,,,,,,,,,,,,,,,,,,,,,,,,,,,,,,,,,,,,,,,,,,,,,,,,,,,,,,,,,,,,,,,,,,,,,,1,,
0,15,28,"{'x': 826.7681424055154, 'y': 152.314437947289, 'elapsedTime': 41658.39999997616}",936733137565,5191541748,POINT (0.4306084075028726 0.1410318869882306),,,,,,,,,,,,,,,,,,,,,,,,,,,,,,,,,,,,,,,,,,,,,,,,,,,,,,,,,,,,,,,,,,,,,,,,,,,,,,,,,,,,,,,,,,,,,,,,,,,1,,
0,15,28,"{'x': 826.7681424055154, 'y': 152.314437947289, 'elapsedTime': 41658.39999997616}",936733154231,5191558414,POINT (0.4306084075028726 0.1410318869882306),,,,,,,,,,,,,,,,,,,,,,,,,,,,,,,,,,,,,,,,,,,,,,,,,,,,,,,,,,,,,,,,,,,,,,,,,,,,,,,,,,,,,,,,,,,,,,,,,,,1,,
0,15,28,"{'x': 718.8201377774504, 'y': 217.44316804368896, 'elapsedTime': 41704}",936733170899,5191575081,POINT (0.3743854884257554 0.2013362667071194),,,,,,,,,,,,,,,,,,,,,,,,,,,,,,,,,,,,,,,,,,,,,,,,,,,,,,,,,,,,,,,,,,,,,,,,,,,,,,,,,,,,,,,,,,,,,,,,,,,,,
0,15,28,"{'x': 718.8201377774504, 'y': 217.44316804368896, 'elapsedTime': 41704}",936733187566,5191591748,POINT (0.3743854884257554 0.2013362667071194),,,,,,,,,,,,,,,,,,,,,,,,,,,,,,,,,,,,,,,,,,,,,,,,,,,,,,,,,,,,,,,,,,,,,,,,,,,,,,,,,,,,,,,,,,,,,,,,,,,,,
0,15,28,"{'x': 659.9100872224653, 'y': 273.1980083795434, 'elapsedTime': 41748.200000047684}",936733204233,5191608415,POINT (0.3437031704283673 0.2529611188699476),,,,,,,,,,,,,,,,,,,,,,,,,,,,,,,,,,,,,,,,,,,,,,,,,,,,,,,,,,,,,,,,,,,,,,,,,,,,,,,,,,,,,,,,,,,,,,,,,,,,1,
0,15,28,"{'x': 659.9100872224653, 'y': 273.1980083795434, 'elapsedTime': 41748.200000047684}",936733220900,5191625081,POINT (0.3437031704283673 0.2529611188699476),,,,,,,,,,,,,,,,,,,,,,,,,,,,,,,,,,,,,,,,,,,,,,,,,,,,,,,,,,,,,,,,,,,,,,,,,,,,,,,,,,,,,,,,,,,,,,,,,,,,1,
0,15,28,"{'x': 659.9100872224653, 'y': 273.1980083795434, 'elapsedTime': 41748.200000047684}",936733237567,5191641748,POINT (0.3437031704283673 0.2529611188699476),,,,,,,,,,,,,,,,,,,,,,,,,,,,,,,,,,,,,,,,,,,,,,,,,,,,,,,,,,,,,,,,,,,,,,,,,,,,,,,,,,,,,,,,,,,,,,,,,,,,1,
0,15,28,"{'x': 558.8285972212385, 'y': 319.49732153186835, 'elapsedTime': 41795}",936733254238,5191658418,POINT (0.2910565610527284 0.2958308532702485),,,,,,,,,,,,,,,,,,,,,,,,,,,,,,,,,,,,,,,,,,,,,,,,,,,,,,,,,,,,,,,,,,,,,,,,,,,,,,,,,,,,,,,,,,,,,,,,,,,1,,
0,15,28,"{'x': 558.8285972212385, 'y': 319.49732153186835, 'elapsedTime': 41795}",936733270906,5191675086,POINT (0.2910565610527284 0.2958308532702485),,,,,,,,,,,,,,,,,,,,,,,,,,,,,,,,,,,,,,,,,,,,,,,,,,,,,,,,,,,,,,,,,,,,,,,,,,,,,,,,,,,,,,,,,,,,,,,,,,,1,,
0,15,28,"{'x': 558.8285972212385, 'y': 319.49732153186835, 'elapsedTime': 41795}",936733287573,5191691752,POINT (0.2910565610527284 0.2958308532702485),,,,,,,,,,,,,,,,,,,,,,,,,,,,,,,,,,,,,,,,,,,,,,,,,,,,,,,,,,,,,,,,,,,,,,,,,,,,,,,,,,,,,,,,,,,,,,,,,,,1,,
0,15,28,"{'x': 596.8438727405983, 'y': 374.8971753969346, 'elapsedTime': 41840.5}",936733304239,5191708418,POINT (0.3108561837190616 0.3471270142564209),,,,,,,,,,,,,,,,,,,,,,,,,,,,,,,,,,,,,,,,,,,,,,,,,,,,,,,,,,,,,,,,,,,,,,,,,,,,,,,,,,,,,,,,,,,,,,,,,,,,,
0,15,28,"{'x': 596.8438727405983, 'y': 374.8971753969346, 'elapsedTime': 41840.5}",936733320907,5191725086,POINT (0.3108561837190616 0.3471270142564209),,,,,,,,,,,,,,,,,,,,,,,,,,,,,,,,,,,,,,,,,,,,,,,,,,,,,,,,,,,,,,,,,,,,,,,,,,,,,,,,,,,,,,,,,,,,,,,,,,,,,
0,15,28,"{'x': 596.8438727405983, 'y': 374.8971753969346, 'elapsedTime': 41840.5}",936733337573,5191741752,POINT (0.3108561837190616 0.3471270142564209),,,,,,,,,,,,,,,,,,,,,,,,,,,,,,,,,,,,,,,,,,,,,,,,,,,,,,,,,,,,,,,,,,,,,,,,,,,,,,,,,,,,,,,,,,,,,,,,,,,,,
0,15,28,"{'x': 573.7632505477414, 'y': 459.61902447810826, 'elapsedTime': 41885.800000071526}",936733354240,5191758418,POINT (0.2988350263269487 0.4255731708130632),,,,,,,,,,,,,,,,,,,,,,,,,,,,,,,,,,,,,,,,,,,,,,,,,,,,,,,,,,,,,,,,,,,,,,,,,,,,,,,,,,,,,,,,,,,,,,,,,,,,,
0,15,28,"{'x': 573.7632505477414, 'y': 459.61902447810826, 'elapsedTime': 41885.800000071526}",936733370907,5191775085,POINT (0.2988350263269487 0.4255731708130632),,,,,,,,,,,,,,,,,,,,,,,,,,,,,,,,,,,,,,,,,,,,,,,,,,,,,,,,,,,,,,,,,,,,,,,,,,,,,,,,,,,,,,,,,,,,,,,,,,,,,
0,15,28,"{'x': 539.3317545273319, 'y': 538.937062813927, 'elapsedTime': 41931.800000071526}",936733387579,5191791756,POINT (0.2809019554829854 0.4990157989017843),,,,,,,,,,,,,,,,,,,,,,,,,,,,,,,,,,,,,,,,,,,,,,,,,,,,,,,,,,,,,,,,,,,,,,,,,,,,,,,,,,,,,,,,,,,,,,,,,,,,,
0,15,28,"{'x': 539.3317545273319, 'y': 538.937062813927, 'elapsedTime': 41931.800000071526}",936733404246,5191808423,POINT (0.2809019554829854 0.4990157989017843),,,,,,,,,,,,,,,,,,,,,,,,,,,,,,,,,,,,,,,,,,,,,,,,,,,,,,,,,,,,,,,,,,,,,,,,,,,,,,,,,,,,,,,,,,,,,,,,,,,,,
0,15,28,"{'x': 539.3317545273319, 'y': 538.937062813927, 'elapsedTime': 41931.800000071526}",936733420913,5191825089,POINT (0.2809019554829854 0.4990157989017843),,,,,,,,,,,,,,,,,,,,,,,,,,,,,,,,,,,,,,,,,,,,,,,,,,,,,,,,,,,,,,,,,,,,,,,,,,,,,,,,,,,,,,,,,,,,,,,,,,,,,
0,15,28,"{'x': 445.46175317812117, 'y': 511.45880403788055, 'elapsedTime': 41976.60000002384}",936733437580,5191841756,POINT (0.2320113297802714 0.4735729667017413),,,,,,,,,,,,,,,,,,,,,,,,,,,,,,,,,,,,,,,,,,,,,,,,,,,,,,,,,,,,,,,,,,,,,,,,,,,,,,,,,,,,,,,,,,,,,,,,,,,,,
0,15,28,"{'x': 445.46175317812117, 'y': 511.45880403788055, 'elapsedTime': 41976.60000002384}",936733454248,5191858423,POINT (0.2320113297802714 0.4735729667017413),,,,,,,,,,,,,,,,,,,,,,,,,,,,,,,,,,,,,,,,,,,,,,,,,,,,,,,,,,,,,,,,,,,,,,,,,,,,,,,,,,,,,,,,,,,,,,,,,,,,,
0,15,28,"{'x': 445.46175317812117, 'y': 511.45880403788055, 'elapsedTime': 41976.60000002384}",936733470914,5191875089,POINT (0.2320113297802714 0.4735729667017413),,,,,,,,,,,,,,,,,,,,,,,,,,,,,,,,,,,,,,,,,,,,,,,,,,,,,,,,,,,,,,,,,,,,,,,,,,,,,,,,,,,,,,,,,,,,,,,,,,,,,
0,15,28,"{'x': 422.907671517701, 'y': 548.2388522123596, 'elapsedTime': 42024.200000047684}",936733487582,5191891756,POINT (0.2202644122488026 0.5076285668632959),,,,,,,,,,,,,,,,,,,,,,,,,,,,,,,,,,,,,,,,,,,,,,,,,,,,,,,,,,,,,,,,,,,,,,,,,,,,,,,,,,,,,,,,,,,,,,,,,,,,,
0,15,28,"{'x': 422.907671517701, 'y': 548.2388522123596, 'elapsedTime': 42024.200000047684}",936733504249,5191908423,POINT (0.2202644122488026 0.5076285668632959),,,,,,,,,,,,,,,,,,,,,,,,,,,,,,,,,,,,,,,,,,,,,,,,,,,,,,,,,,,,,,,,,,,,,,,,,,,,,,,,,,,,,,,,,,,,,,,,,,,,,
0,15,28,"{'x': 422.907671517701, 'y': 548.2388522123596, 'elapsedTime': 42024.200000047684}",936733520923,5191925096,POINT (0.2202644122488026 0.5076285668632959),,,,,,,,,,,,,,,,,,,,,,,,,,,,,,,,,,,,,,,,,,,,,,,,,,,,,,,,,,,,,,,,,,,,,,,,,,,,,,,,,,,,,,,,,,,,,,,,,,,,,
0,15,28,"{'x': 445.3517286773842, 'y': 527.542520587759, 'elapsedTime': 42071.300000071526}",936733537589,5191941763,POINT (0.2319540253528043 0.4884652968405176),,,,,,,,,,,,,,,,,,,,,,,,,,,,,,,,,,,,,,,,,,,,,,,,,,,,,,,,,,,,,,,,,,,,,,,,,,,,,,,,,,,,,,,,,,,,,,,,,,,,,
0,15,28,"{'x': 445.3517286773842, 'y': 527.542520587759, 'elapsedTime': 42071.300000071526}",936733554256,5191958429,POINT (0.2319540253528043 0.4884652968405176),,,,,,,,,,,,,,,,,,,,,,,,,,,,,,,,,,,,,,,,,,,,,,,,,,,,,,,,,,,,,,,,,,,,,,,,,,,,,,,,,,,,,,,,,,,,,,,,,,,,,
0,15,28,"{'x': 445.3517286773842, 'y': 527.542520587759, 'elapsedTime': 42071.300000071526}",936733570923,5191975096,POINT (0.2319540253528043 0.4884652968405176),,,,,,,,,,,,,,,,,,,,,,,,,,,,,,,,,,,,,,,,,,,,,,,,,,,,,,,,,,,,,,,,,,,,,,,,,,,,,,,,,,,,,,,,,,,,,,,,,,,,,
0,15,28,"{'x': 416.5460243937706, 'y': 536.9820320201471, 'elapsedTime': 42116.10000002384}",936733587591,5191991763,POINT (0.2169510543717555 0.49720558520384),,,,,,,,,,,,,,,,,,,,,,,,,,,,,,,,,,,,,,,,,,,,,,,,,,,,,,,,,,,,,,,,,,,,,,,,,,,,,,,,,,,,,,,,,,,,,,,,,,,,,
0,15,28,"{'x': 416.5460243937706, 'y': 536.9820320201471, 'elapsedTime': 42116.10000002384}",936733604257,5192008429,POINT (0.2169510543717555 0.49720558520384),,,,,,,,,,,,,,,,,,,,,,,,,,,,,,,,,,,,,,,,,,,,,,,,,,,,,,,,,,,,,,,,,,,,,,,,,,,,,,,,,,,,,,,,,,,,,,,,,,,,,
0,15,28,"{'x': 402.8718883804598, 'y': 551.2493487313162, 'elapsedTime': 42162.10000002384}",936733620925,5192025096,POINT (0.2098291085314895 0.5104160636401076),,,,,,,,,,,,,,,,,,,,,,,,,,,,,,,,,,,,,,,,,,,,,,,,,,,,,,,,,,,,,,,,,,,,,,,,,,,,,,,,,,,,,,,,,,,,,,,,,,,,,
0,15,28,"{'x': 402.8718883804598, 'y': 551.2493487313162, 'elapsedTime': 42162.10000002384}",936733637591,5192041762,POINT (0.2098291085314895 0.5104160636401076),,,,,,,,,,,,,,,,,,,,,,,,,,,,,,,,,,,,,,,,,,,,,,,,,,,,,,,,,,,,,,,,,,,,,,,,,,,,,,,,,,,,,,,,,,,,,,,,,,,,,
0,15,28,"{'x': 402.8718883804598, 'y': 551.2493487313162, 'elapsedTime': 42162.10000002384}",936733654261,5192058431,POINT (0.2098291085314895 0.5104160636401076),,,,,,,,,,,,,,,,,,,,,,,,,,,,,,,,,,,,,,,,,,,,,,,,,,,,,,,,,,,,,,,,,,,,,,,,,,,,,,,,,,,,,,,,,,,,,,,,,,,,,
0,15,28,"{'x': 438.7416407118918, 'y': 543.4682380995652, 'elapsedTime': 42211.89999997616}",936733670927,5192075097,POINT (0.2285112712041103 0.5032113315736715),,,,,,,,,,,,,,,,,,,,,,,,,,,,,,,,,,,,,,,,,,,,,,,,,,,,,,,,,,,,,,,,,,,,,,,,,,,,,,,,,,,,,,,,,,,,,,,,,,,,,
0,15,28,"{'x': 438.7416407118918, 'y': 543.4682380995652, 'elapsedTime': 42211.89999997616}",936733687595,5192091764,POINT (0.2285112712041103 0.5032113315736715),,,,,,,,,,,,,,,,,,,,,,,,,,,,,,,,,,,,,,,,,,,,,,,,,,,,,,,,,,,,,,,,,,,,,,,,,,,,,,,,,,,,,,,,,,,,,,,,,,,,,
0,15,28,"{'x': 438.7416407118918, 'y': 543.4682380995652, 'elapsedTime': 42211.89999997616}",936733704262,5192108431,POINT (0.2285112712041103 0.5032113315736715),,,,,,,,,,,,,,,,,,,,,,,,,,,,,,,,,,,,,,,,,,,,,,,,,,,,,,,,,,,,,,,,,,,,,,,,,,,,,,,,,,,,,,,,,,,,,,,,,,,,,
0,15,28,"{'x': 445.0530310174393, 'y': 442.50991318915356, 'elapsedTime': 42259.700000047684}",936733720929,5192125097,POINT (0.2317984536549163 0.4097314011010681),,,,,,,,,,,,,,,,,,,,,,,,,,,,,,,,,,,,,,,,,,,,,,,,,,,,,,,,,,,,,,,,,,,,,,,,,,,,,,,,,,,,,,,,,,,,,,,,,,,,,
0,15,28,"{'x': 445.0530310174393, 'y': 442.50991318915356, 'elapsedTime': 42259.700000047684}",936733737596,5192141764,POINT (0.2317984536549163 0.4097314011010681),,,,,,,,,,,,,,,,,,,,,,,,,,,,,,,,,,,,,,,,,,,,,,,,,,,,,,,,,,,,,,,,,,,,,,,,,,,,,,,,,,,,,,,,,,,,,,,,,,,,,
0,15,28,"{'x': 445.0530310174393, 'y': 442.50991318915356, 'elapsedTime': 42259.700000047684}",936733754263,5192158431,POINT (0.2317984536549163 0.4097314011010681),,,,,,,,,,,,,,,,,,,,,,,,,,,,,,,,,,,,,,,,,,,,,,,,,,,,,,,,,,,,,,,,,,,,,,,,,,,,,,,,,,,,,,,,,,,,,,,,,,,,,
0,15,28,"{'x': 502.41920278638656, 'y': 418.57859160796556, 'elapsedTime': 42306.60000002384}",936733770929,5192175097,POINT (0.2616766681179097 0.3875727700073755),,,,,,,,,,,,,,,,,,,,,,,,,,,,,,,,,,,,,,,,,,,,,,,,,,,,,,,,,,,,,,,,,,,,,,,,,,,,,,,,,,,,,,,,,,,,,,,,,,,,,
0,15,28,"{'x': 502.41920278638656, 'y': 418.57859160796556, 'elapsedTime': 42306.60000002384}",936733787603,5192191770,POINT (0.2616766681179097 0.3875727700073755),,,,,,,,,,,,,,,,,,,,,,,,,,,,,,,,,,,,,,,,,,,,,,,,,,,,,,,,,,,,,,,,,,,,,,,,,,,,,,,,,,,,,,,,,,,,,,,,,,,,,
0,15,28,"{'x': 502.41920278638656, 'y': 418.57859160796556, 'elapsedTime': 42306.60000002384}",936733804270,5192208437,POINT (0.2616766681179097 0.3875727700073755),,,,,,,,,,,,,,,,,,,,,,,,,,,,,,,,,,,,,,,,,,,,,,,,,,,,,,,,,,,,,,,,,,,,,,,,,,,,,,,,,,,,,,,,,,,,,,,,,,,,,
0,15,28,"{'x': 594.1767726764873, 'y': 348.2822508946236, 'elapsedTime': 42352.39999997616}",936733820937,5192225103,POINT (0.3094670691023371 0.32248356564317),,,,,,,,,,,,,,,,,,,,,,,,,,,,,,,,,,,,,,,,,,,,,,,,,,,,,,,,,,,,,,,,,,,,,,,,,,,,,,,,,,,,,,,,,,,,,,,,,,,,,
0,15,28,"{'x': 594.1767726764873, 'y': 348.2822508946236, 'elapsedTime': 42352.39999997616}",936733837604,5192241770,POINT (0.3094670691023371 0.32248356564317),,,,,,,,,,,,,,,,,,,,,,,,,,,,,,,,,,,,,,,,,,,,,,,,,,,,,,,,,,,,,,,,,,,,,,,,,,,,,,,,,,,,,,,,,,,,,,,,,,,,,
0,15,28,"{'x': 594.1767726764873, 'y': 348.2822508946236, 'elapsedTime': 42352.39999997616}",936733854272,5192258437,POINT (0.3094670691023371 0.32248356564317),,,,,,,,,,,,,,,,,,,,,,,,,,,,,,,,,,,,,,,,,,,,,,,,,,,,,,,,,,,,,,,,,,,,,,,,,,,,,,,,,,,,,,,,,,,,,,,,,,,,,
0,15,28,"{'x': 584.4350430405322, 'y': 243.68304061323033, 'elapsedTime': 42399.800000071526}",936733870938,5192275103,POINT (0.3043932515836105 0.2256324450122503),,,,,,,,,,,,,,,,,,,,,,,,,,,,,,,,,,,,,,,,,,,,,,,,,,,,,,,,,,,,,,,,,,,,,,,,,,,,,,,,,,,,,,,,,,,,,,,,,,,,1,
0,15,28,"{'x': 584.4350430405322, 'y': 243.68304061323033, 'elapsedTime': 42399.800000071526}",936733887606,5192291770,POINT (0.3043932515836105 0.2256324450122503),,,,,,,,,,,,,,,,,,,,,,,,,,,,,,,,,,,,,,,,,,,,,,,,,,,,,,,,,,,,,,,,,,,,,,,,,,,,,,,,,,,,,,,,,,,,,,,,,,,,1,
0,15,28,"{'x': 614.2891725843571, 'y': 250.54818387545563, 'elapsedTime': 42448.39999997616}",936733904273,5192308437,POINT (0.319942277387686 0.2319890591439404),,,,,,,,,,,,,,,,,,,,,,,,,,,,,,,,,,,,,,,,,,,,,,,,,,,,,,,1,,,,,,,,,,,,,,,,,,,,,,,,,,,,,,,,,,,,,,,,,,,,,1,
0,15,28,"{'x': 614.2891725843571, 'y': 250.54818387545563, 'elapsedTime': 42448.39999997616}",936733920946,5192325109,POINT (0.319942277387686 0.2319890591439404),,,,,,,,,,,,,,,,,,,,,,,,,,,,,,,,,,,,,,,,,,,,,,,,,,,,,,,1,,,,,,,,,,,,,,,,,,,,,,,,,,,,,,,,,,,,,,,,,,,,,1,
0,15,28,"{'x': 614.2891725843571, 'y': 250.54818387545563, 'elapsedTime': 42448.39999997616}",936733937613,5192341776,POINT (0.319942277387686 0.2319890591439404),,,,,,,,,,,,,,,,,,,,,,,,,,,,,,,,,,,,,,,,,,,,,,,,,,,,,,,1,,,,,,,,,,,,,,,,,,,,,,,,,,,,,,,,,,,,,,,,,,,,,1,
0,15,28,"{'x': 614.2891725843571, 'y': 250.54818387545563, 'elapsedTime': 42448.39999997616}",936733954280,5192358442,POINT (0.319942277387686 0.2319890591439404),,,,,,,,,,,,,,,,,,,,,,,,,,,,,,,,,,,,,,,,,,,,,,,,,,,,,,,1,,,,,,,,,,,,,,,,,,,,,,,,,,,,,,,,,,,,,,,,,,,,,1,
0,15,28,"{'x': 623.2147268949574, 'y': 223.09889281310407, 'elapsedTime': 42495.700000047684}",936733970946,5192375109,POINT (0.3245910035911236 0.2065730489010223),,,,,,,,,,,,,,,,,,,,,,,,,,,,,,,,,,,,,,,,,,,,,,,,,,,,,,,,,,,,,,,,,,,,,,,,,,,,,,,,,,,,,,,,,,,,,,,,,,,,,
0,15,28,"{'x': 623.2147268949574, 'y': 223.09889281310407, 'elapsedTime': 42495.700000047684}",936733987614,5192391776,POINT (0.3245910035911236 0.2065730489010223),,,,,,,,,,,,,,,,,,,,,,,,,,,,,,,,,,,,,,,,,,,,,,,,,,,,,,,,,,,,,,,,,,,,,,,,,,,,,,,,,,,,,,,,,,,,,,,,,,,,,
0,15,28,"{'x': 623.2147268949574, 'y': 223.09889281310407, 'elapsedTime': 42495.700000047684}",936734004280,5192408442,POINT (0.3245910035911236 0.2065730489010223),,,,,,,,,,,,,,,,,,,,,,,,,,,,,,,,,,,,,,,,,,,,,,,,,,,,,,,,,,,,,,,,,,,,,,,,,,,,,,,,,,,,,,,,,,,,,,,,,,,,,
0,15,28,"{'x': 691.7299141931791, 'y': 201.75156949012316, 'elapsedTime': 42547}",936734020948,5192425109,POINT (0.3602759969756141 0.1868070087871511),,,,,,,,,,,,,,,,,,,,,,,,,,,,,,,,,,,,,,,,,,,,,,,,,,,,,,,,,,,,,,,,,,,,,,,,,,,,,,,,,,,,,,,,,,,,,,,,,,,,,
0,15,28,"{'x': 691.7299141931791, 'y': 201.75156949012316, 'elapsedTime': 42547}",936734037618,5192441779,POINT (0.3602759969756141 0.1868070087871511),,,,,,,,,,,,,,,,,,,,,,,,,,,,,,,,,,,,,,,,,,,,,,,,,,,,,,,,,,,,,,,,,,,,,,,,,,,,,,,,,,,,,,,,,,,,,,,,,,,,,
0,15,28,"{'x': 691.7299141931791, 'y': 201.75156949012316, 'elapsedTime': 42547}",936734054285,5192458445,POINT (0.3602759969756141 0.1868070087871511),,,,,,,,,,,,,,,,,,,,,,,,,,,,,,,,,,,,,,,,,,,,,,,,,,,,,,,,,,,,,,,,,,,,,,,,,,,,,,,,,,,,,,,,,,,,,,,,,,,,,
0,15,28,"{'x': 731.3909433070484, 'y': 258.959372280821, 'elapsedTime': 42603.60000002384}",936734070952,5192475112,POINT (0.380932782972421 0.2397771965563157),,,,,,,,,,,,,,,,,,,,,,,,,,,,,,,,,,,,,,,,,,,,,,,,,,,,,,,,,,,,,,,,,,,,,,,,,,,,,,,,,,,,,,,,,,,,,,,,,,,,1,
0,15,28,"{'x': 731.3909433070484, 'y': 258.959372280821, 'elapsedTime': 42603.60000002384}",936734087618,5192491778,POINT (0.380932782972421 0.2397771965563157),,,,,,,,,,,,,,,,,,,,,,,,,,,,,,,,,,,,,,,,,,,,,,,,,,,,,,,,,,,,,,,,,,,,,,,,,,,,,,,,,,,,,,,,,,,,,,,,,,,,1,
0,15,28,"{'x': 731.3909433070484, 'y': 258.959372280821, 'elapsedTime': 42603.60000002384}",936734104286,5192508445,POINT (0.380932782972421 0.2397771965563157),,,,,,,,,,,,,,,,,,,,,,,,,,,,,,,,,,,,,,,,,,,,,,,,,,,,,,,,,,,,,,,,,,,,,,,,,,,,,,,,,,,,,,,,,,,,,,,,,,,,1,
0,15,28,"{'x': 750.7965495250556, 'y': 220.64265753353635, 'elapsedTime': 42653.39999997616}",936734120953,5192525112,POINT (0.3910398695442998 0.2042987569754966),,,,,,,,,,,,,,,,,,,,,,,,,,,,,,,,,,,,1,,,,,,,,,,,,,,,,,,,,,,,,,,,,,,,,,,,,,,,,,,,,,,,,,,,,,,,,,,,,,,,,,
0,15,28,"{'x': 750.7965495250556, 'y': 220.64265753353635, 'elapsedTime': 42653.39999997616}",936734137620,5192541778,POINT (0.3910398695442998 0.2042987569754966),,,,,,,,,,,,,,,,,,,,,,,,,,,,,,,,,,,,1,,,,,,,,,,,,,,,,,,,,,,,,,,,,,,,,,,,,,,,,,,,,,,,,,,,,,,,,,,,,,,,,,
0,15,28,"{'x': 697.431593911194, 'y': 404.15462910881763, 'elapsedTime': 42698.39999997616}",936734154287,5192558445,POINT (0.3632456218287469 0.3742172491748311),,,,,,,,,,,,,,,,,,,,,,,,,,,,,,,,,,,,,,,,,,,,,,,,,,,,,,,,,,,,,,,,,,,,,,,,,,,,,,,,,,,,,,,,,,,,,,,,,,,,,
0,15,28,"{'x': 697.431593911194, 'y': 404.15462910881763, 'elapsedTime': 42698.39999997616}",936734170961,5192575118,POINT (0.3632456218287469 0.3742172491748311),,,,,,,,,,,,,,,,,,,,,,,,,,,,,,,,,,,,,,,,,,,,,,,,,,,,,,,,,,,,,,,,,,,,,,,,,,,,,,,,,,,,,,,,,,,,,,,,,,,,,
0,15,28,"{'x': 697.431593911194, 'y': 404.15462910881763, 'elapsedTime': 42698.39999997616}",936734187627,5192591784,POINT (0.3632456218287469 0.3742172491748311),,,,,,,,,,,,,,,,,,,,,,,,,,,,,,,,,,,,,,,,,,,,,,,,,,,,,,,,,,,,,,,,,,,,,,,,,,,,,,,,,,,,,,,,,,,,,,,,,,,,,
0,15,28,"{'x': 606.8736250872158, 'y': 555.0202685511538, 'elapsedTime': 42743.60000002384}",936734204294,5192608451,POINT (0.3160800130662583 0.5139076560658832),,,,,,,,,,,,,,,,,,,,,,,,,,,,,,,,,,,,,,,,,,,,,,,,,,,,,,,,,,,,,,,,,,,,,,,,,,,,,,,,,,,,,,,,,,,,,,,,,,,,,
0,15,28,"{'x': 606.8736250872158, 'y': 555.0202685511538, 'elapsedTime': 42743.60000002384}",936734220961,5192625117,POINT (0.3160800130662583 0.5139076560658832),,,,,,,,,,,,,,,,,,,,,,,,,,,,,,,,,,,,,,,,,,,,,,,,,,,,,,,,,,,,,,,,,,,,,,,,,,,,,,,,,,,,,,,,,,,,,,,,,,,,,
0,15,28,"{'x': 606.8736250872158, 'y': 555.0202685511538, 'elapsedTime': 42743.60000002384}",936734237629,5192641785,POINT (0.3160800130662583 0.5139076560658832),,,,,,,,,,,,,,,,,,,,,,,,,,,,,,,,,,,,,,,,,,,,,,,,,,,,,,,,,,,,,,,,,,,,,,,,,,,,,,,,,,,,,,,,,,,,,,,,,,,,,
0,15,28,"{'x': 570.5235701246638, 'y': 606.2018927266574, 'elapsedTime': 42789.5}",936734254296,5192658451,POINT (0.2971476927732624 0.5612980488209791),,,,,,,,,,,,,,,,,,,,,,,,,,,,,,,,,,,,,,,,,,,,,,,,,,,,,,,,,,,,,,,,,,,,,,,,,,,,,,,,,,,,,,,,,,,,,,,,,,,,1,
0,15,28,"{'x': 570.5235701246638, 'y': 606.2018927266574, 'elapsedTime': 42789.5}",936734270962,5192675117,POINT (0.2971476927732624 0.5612980488209791),,,,,,,,,,,,,,,,,,,,,,,,,,,,,,,,,,,,,,,,,,,,,,,,,,,,,,,,,,,,,,,,,,,,,,,,,,,,,,,,,,,,,,,,,,,,,,,,,,,,1,
0,15,28,"{'x': 504.24301825957673, 'y': 566.944130387028, 'elapsedTime': 42834.89999997616}",936734287629,5192691784,POINT (0.2626265720101962 0.5249482688768778),,,,,,,,,,,,,,,,,,,,,,,,,,,,,,,,,,,,,,,,,,,,,,,,,,,,,,,,,,,,,,,,,,,,,,,,,,,,,,,,,,,,,,,,,,,,,,,,,,,,,
0,15,28,"{'x': 504.24301825957673, 'y': 566.944130387028, 'elapsedTime': 42834.89999997616}",936734304299,5192708453,POINT (0.2626265720101962 0.5249482688768778),,,,,,,,,,,,,,,,,,,,,,,,,,,,,,,,,,,,,,,,,,,,,,,,,,,,,,,,,,,,,,,,,,,,,,,,,,,,,,,,,,,,,,,,,,,,,,,,,,,,,
0,15,28,"{'x': 504.24301825957673, 'y': 566.944130387028, 'elapsedTime': 42834.89999997616}",936734320966,5192725120,POINT (0.2626265720101962 0.5249482688768778),,,,,,,,,,,,,,,,,,,,,,,,,,,,,,,,,,,,,,,,,,,,,,,,,,,,,,,,,,,,,,,,,,,,,,,,,,,,,,,,,,,,,,,,,,,,,,,,,,,,,
0,15,28,"{'x': 607.7872130275397, 'y': 486.66191590378696, 'elapsedTime': 42880.300000071526}",936734337633,5192741786,POINT (0.3165558401185102 0.450612885096099),,,,,,,,,,,,,,,,,,,,,,,,,,,,,,,,,,,,,,,,,,,,,,,,,,,,,,,,,,,,,,,,,,,,,,,,,,,,,,,,,,,,,,,,,,,,,,,,,,,,,
0,15,28,"{'x': 607.7872130275397, 'y': 486.66191590378696, 'elapsedTime': 42880.300000071526}",936734354300,5192758453,POINT (0.3165558401185102 0.450612885096099),,,,,,,,,,,,,,,,,,,,,,,,,,,,,,,,,,,,,,,,,,,,,,,,,,,,,,,,,,,,,,,,,,,,,,,,,,,,,,,,,,,,,,,,,,,,,,,,,,,,,
0,15,28,"{'x': 607.7872130275397, 'y': 486.66191590378696, 'elapsedTime': 42880.300000071526}",936734370967,5192775119,POINT (0.3165558401185102 0.450612885096099),,,,,,,,,,,,,,,,,,,,,,,,,,,,,,,,,,,,,,,,,,,,,,,,,,,,,,,,,,,,,,,,,,,,,,,,,,,,,,,,,,,,,,,,,,,,,,,,,,,,,
0,15,28,"{'x': 618.2293165661453, 'y': 408.40885662324075, 'elapsedTime': 42927.60000002384}",936734387635,5192791787,POINT (0.321994435711534 0.3781563487252229),,,,,,,,,,,,,,,,,,,,,,,,,,,,,,,,,,,,,,,,,,,,,,,,,,,,,,,,,,,,,,,,,,,,,,,,,,,,,,,,,,,,,,,,,,,,,,,,,,,,,
0,15,28,"{'x': 618.2293165661453, 'y': 408.40885662324075, 'elapsedTime': 42927.60000002384}",936734404303,5192808455,POINT (0.321994435711534 0.3781563487252229),,,,,,,,,,,,,,,,,,,,,,,,,,,,,,,,,,,,,,,,,,,,,,,,,,,,,,,,,,,,,,,,,,,,,,,,,,,,,,,,,,,,,,,,,,,,,,,,,,,,,
0,15,28,"{'x': 618.2293165661453, 'y': 408.40885662324075, 'elapsedTime': 42927.60000002384}",936734420971,5192825122,POINT (0.321994435711534 0.3781563487252229),,,,,,,,,,,,,,,,,,,,,,,,,,,,,,,,,,,,,,,,,,,,,,,,,,,,,,,,,,,,,,,,,,,,,,,,,,,,,,,,,,,,,,,,,,,,,,,,,,,,,
0,15,28,"{'x': 652.6882804841551, 'y': 363.52201030088645, 'elapsedTime': 42972.300000071526}",936734437645,5192841796,POINT (0.3399418127521641 0.3365944539823023),,,,,,,,,,,,,,,,,,,,,,,,,,,,,,,,,,,,,,,,,,,,,,,,,,,,,,,,,,,,,,,,,,,,,,,,,,,,,,,,,,,,,,,,,,,,,,,,,,,,,
0,15,28,"{'x': 652.6882804841551, 'y': 363.52201030088645, 'elapsedTime': 42972.300000071526}",936734454311,5192858461,POINT (0.3399418127521641 0.3365944539823023),,,,,,,,,,,,,,,,,,,,,,,,,,,,,,,,,,,,,,,,,,,,,,,,,,,,,,,,,,,,,,,,,,,,,,,,,,,,,,,,,,,,,,,,,,,,,,,,,,,,,
0,15,28,"{'x': 652.6882804841551, 'y': 363.52201030088645, 'elapsedTime': 42972.300000071526}",936734470980,5192875130,POINT (0.3399418127521641 0.3365944539823023),,,,,,,,,,,,,,,,,,,,,,,,,,,,,,,,,,,,,,,,,,,,,,,,,,,,,,,,,,,,,,,,,,,,,,,,,,,,,,,,,,,,,,,,,,,,,,,,,,,,,
0,15,28,"{'x': 645.8908781233685, 'y': 311.0687780462767, 'elapsedTime': 43016.10000002384}",936734487646,5192891796,POINT (0.3364014990225878 0.2880266463391451),,,,,,,,,,,,,,,,,,,,,,,,,,,,,,,,,,,,,,,,,,,,,,,,,,,,,,,,,,,,,,,,,,,,,,,,,,,,,,,,,,,,,,,,,,,,,,,,,,,1,1,
0,15,28,"{'x': 645.8908781233685, 'y': 311.0687780462767, 'elapsedTime': 43016.10000002384}",936734504312,5192908461,POINT (0.3364014990225878 0.2880266463391451),,,,,,,,,,,,,,,,,,,,,,,,,,,,,,,,,,,,,,,,,,,,,,,,,,,,,,,,,,,,,,,,,,,,,,,,,,,,,,,,,,,,,,,,,,,,,,,,,,,1,1,
0,15,28,"{'x': 645.8908781233685, 'y': 311.0687780462767, 'elapsedTime': 43016.10000002384}",936734520980,5192925129,POINT (0.3364014990225878 0.2880266463391451),,,,,,,,,,,,,,,,,,,,,,,,,,,,,,,,,,,,,,,,,,,,,,,,,,,,,,,,,,,,,,,,,,,,,,,,,,,,,,,,,,,,,,,,,,,,,,,,,,,1,1,
0,15,28,"{'x': 645.350872221304, 'y': 262.04933920534796, 'elapsedTime': 43063.700000047684}",936734537648,5192941796,POINT (0.3361202459485958 0.2426382770419888),,,,,,,,,,,,,,,,,,,,,,,,,,,,,,,,,,,,,,,,,,,,,,,,,,,,,,,,,,,,,,,,,,,,,,,,,,,,,,,,,,,,,,,,,,,,,,,,,,,,1,
0,15,28,"{'x': 645.350872221304, 'y': 262.04933920534796, 'elapsedTime': 43063.700000047684}",936734554315,5192958463,POINT (0.3361202459485958 0.2426382770419888),,,,,,,,,,,,,,,,,,,,,,,,,,,,,,,,,,,,,,,,,,,,,,,,,,,,,,,,,,,,,,,,,,,,,,,,,,,,,,,,,,,,,,,,,,,,,,,,,,,,1,
0,15,28,"{'x': 639.3709924963056, 'y': 242.32467330789956, 'elapsedTime': 43114.10000002384}",936734570983,5192975130,POINT (0.3330057252584925 0.2243746975073144),,,,,,,,,,,,,,,,,,,,,,,,,,,,,,,,,,,,,,,,,,,,,,,,,,,,,,,,,,,,,,,,,,,,,,,,,,,,,,,,,,,,,,,,,,,,,,,,,,,,1,
0,15,28,"{'x': 639.3709924963056, 'y': 242.32467330789956, 'elapsedTime': 43114.10000002384}",936734587651,5192991798,POINT (0.3330057252584925 0.2243746975073144),,,,,,,,,,,,,,,,,,,,,,,,,,,,,,,,,,,,,,,,,,,,,,,,,,,,,,,,,,,,,,,,,,,,,,,,,,,,,,,,,,,,,,,,,,,,,,,,,,,,1,
0,15,28,"{'x': 639.3709924963056, 'y': 242.32467330789956, 'elapsedTime': 43114.10000002384}",936734604319,5193008465,POINT (0.3330057252584925 0.2243746975073144),,,,,,,,,,,,,,,,,,,,,,,,,,,,,,,,,,,,,,,,,,,,,,,,,,,,,,,,,,,,,,,,,,,,,,,,,,,,,,,,,,,,,,,,,,,,,,,,,,,,1,
0,15,28,"{'x': 635.1404030323092, 'y': 230.78713045002962, 'elapsedTime': 43161.60000002384}",936734620985,5193025131,POINT (0.3308022932459944 0.2136917874537311),,,,,,,,,,,,,,,,,,,,,,,,,,,,,,,,,,,,,,,,,,,,,,,,,,,,,,,,,,,,,,,,,,,,,,,,,,,,,,,,,,,,,,,,,,,,,,,,,,,,1,
0,15,28,"{'x': 635.1404030323092, 'y': 230.78713045002962, 'elapsedTime': 43161.60000002384}",936734637652,5193041798,POINT (0.3308022932459944 0.2136917874537311),,,,,,,,,,,,,,,,,,,,,,,,,,,,,,,,,,,,,,,,,,,,,,,,,,,,,,,,,,,,,,,,,,,,,,,,,,,,,,,,,,,,,,,,,,,,,,,,,,,,1,
0,15,28,"{'x': 635.1404030323092, 'y': 230.78713045002962, 'elapsedTime': 43161.60000002384}",936734654320,5193058465,POINT (0.3308022932459944 0.2136917874537311),,,,,,,,,,,,,,,,,,,,,,,,,,,,,,,,,,,,,,,,,,,,,,,,,,,,,,,,,,,,,,,,,,,,,,,,,,,,,,,,,,,,,,,,,,,,,,,,,,,,1,
0,15,28,"{'x': 651.1496848847045, 'y': 213.36256379637365, 'elapsedTime': 43208.89999997616}",936734670987,5193075132,POINT (0.3391404608774503 0.1975579294410867),,,,,,,,,,,,,,,,,,,,,,,,,,,,,,,,,,,,,,,,,,,,,,,,,,,,,,,,,,,,,,,,,,,,,,,,,,,,,,,,,,,,,,,,,,,,,,,,,,,,,
0,15,28,"{'x': 651.1496848847045, 'y': 213.36256379637365, 'elapsedTime': 43208.89999997616}",936734687653,5193091798,POINT (0.3391404608774503 0.1975579294410867),,,,,,,,,,,,,,,,,,,,,,,,,,,,,,,,,,,,,,,,,,,,,,,,,,,,,,,,,,,,,,,,,,,,,,,,,,,,,,,,,,,,,,,,,,,,,,,,,,,,,
0,15,28,"{'x': 658.5682365783161, 'y': 197.5811796804102, 'elapsedTime': 43252.39999997616}",936734704326,5193108470,POINT (0.3430042898845397 0.1829455367411206),,,,,,,,,,,,,,,,,,,,,,,,,,,,,,,,,,,,,,,,,,,,,,,,,,,,,,,,,,,,,,,,,,,,,,,,,,,,,,,,,,,,,,,,,,,,,,,,,,,,,
0,15,28,"{'x': 658.5682365783161, 'y': 197.5811796804102, 'elapsedTime': 43252.39999997616}",936734720992,5193125136,POINT (0.3430042898845397 0.1829455367411206),,,,,,,,,,,,,,,,,,,,,,,,,,,,,,,,,,,,,,,,,,,,,,,,,,,,,,,,,,,,,,,,,,,,,,,,,,,,,,,,,,,,,,,,,,,,,,,,,,,,,
0,15,28,"{'x': 658.5682365783161, 'y': 197.5811796804102, 'elapsedTime': 43252.39999997616}",936734737660,5193141803,POINT (0.3430042898845397 0.1829455367411206),,,,,,,,,,,,,,,,,,,,,,,,,,,,,,,,,,,,,,,,,,,,,,,,,,,,,,,,,,,,,,,,,,,,,,,,,,,,,,,,,,,,,,,,,,,,,,,,,,,,,
0,15,28,"{'x': 654.7747229256953, 'y': 202.53053998419955, 'elapsedTime': 43297.300000071526}",936734754327,5193158470,POINT (0.3410285015237996 0.1875282777631477),,,,,,,,,,,,,,,,,,,1,,,,,,,,,,,,,,,,,,,,,,,,,,,,,,,,,,,,,,,,,,,,,,,,,,,,,,,,,,,,,,,,,,,,,,,,,,,,,,,,,,
0,15,28,"{'x': 654.7747229256953, 'y': 202.53053998419955, 'elapsedTime': 43297.300000071526}",936734770995,5193175137,POINT (0.3410285015237996 0.1875282777631477),,,,,,,,,,,,,,,,,,,1,,,,,,,,,,,,,,,,,,,,,,,,,,,,,,,,,,,,,,,,,,,,,,,,,,,,,,,,,,,,,,,,,,,,,,,,,,,,,,,,,,
0,15,28,"{'x': 654.7747229256953, 'y': 202.53053998419955, 'elapsedTime': 43297.300000071526}",936734787661,5193191803,POINT (0.3410285015237996 0.1875282777631477),,,,,,,,,,,,,,,,,,,1,,,,,,,,,,,,,,,,,,,,,,,,,,,,,,,,,,,,,,,,,,,,,,,,,,,,,,,,,,,,,,,,,,,,,,,,,,,,,,,,,,
0,15,28,"{'x': 636.9382072197317, 'y': 203.06094070555287, 'elapsedTime': 43344}",936734804328,5193208469,POINT (0.3317386495936103 0.1880193895421786),,,,,,,,,,,,,,,,,,,1,,,,,,,,,,,,,,,,,,,,,,,,,,,,,,,,,,,,,,,,,,,,,,,,,,,,,,,,,,,,,,,,,,,,,,,,,,,,,,,,,,
0,15,28,"{'x': 636.9382072197317, 'y': 203.06094070555287, 'elapsedTime': 43344}",936734820995,5193225136,POINT (0.3317386495936103 0.1880193895421786),,,,,,,,,,,,,,,,,,,1,,,,,,,,,,,,,,,,,,,,,,,,,,,,,,,,,,,,,,,,,,,,,,,,,,,,,,,,,,,,,,,,,,,,,,,,,,,,,,,,,,
0,15,28,"{'x': 636.9382072197317, 'y': 203.06094070555287, 'elapsedTime': 43344}",936734837667,5193241808,POINT (0.3317386495936103 0.1880193895421786),,,,,,,,,,,,,,,,,,,1,,,,,,,,,,,,,,,,,,,,,,,,,,,,,,,,,,,,,,,,,,,,,,,,,,,,,,,,,,,,,,,,,,,,,,,,,,,,,,,,,,
0,15,28,"{'x': 554.9555470739358, 'y': 183.47067363618243, 'elapsedTime': 43389.800000071526}",936734854334,5193258475,POINT (0.2890393474343416 0.1698802533668356),,,,,,,,,,,,,,,,,,,,,,,,,,,,,,,,,,,,,,,,,,,,,,,,,,,,,,,,,,,,,,,,,,,,,,,,,,,,,,,,,,,,,,,,,,,,,,,,,,,1,,
0,15,28,"{'x': 554.9555470739358, 'y': 183.47067363618243, 'elapsedTime': 43389.800000071526}",936734871002,5193275142,POINT (0.2890393474343416 0.1698802533668356),,,,,,,,,,,,,,,,,,,,,,,,,,,,,,,,,,,,,,,,,,,,,,,,,,,,,,,,,,,,,,,,,,,,,,,,,,,,,,,,,,,,,,,,,,,,,,,,,,,1,,
0,15,28,"{'x': 554.9555470739358, 'y': 183.47067363618243, 'elapsedTime': 43389.800000071526}",936734887668,5193291808,POINT (0.2890393474343416 0.1698802533668356),,,,,,,,,,,,,,,,,,,,,,,,,,,,,,,,,,,,,,,,,,,,,,,,,,,,,,,,,,,,,,,,,,,,,,,,,,,,,,,,,,,,,,,,,,,,,,,,,,,1,,
0,15,28,"{'x': 553.8487294122916, 'y': 166.92737930141814, 'elapsedTime': 43437.300000071526}",936734904335,5193308475,POINT (0.2884628799022352 0.1545623882420538),,,,,,,,,,,,,,,,,,,,,,,,,,,,,,,,,,,,,,,,,,,,,,,,,,,,,,,,,,,,,,,,,,,,,,,,,,,,,,,,,,,,,,,,,,,,,,,,,,,1,,
0,15,28,"{'x': 553.8487294122916, 'y': 166.92737930141814, 'elapsedTime': 43437.300000071526}",936734921003,5193325142,POINT (0.2884628799022352 0.1545623882420538),,,,,,,,,,,,,,,,,,,,,,,,,,,,,,,,,,,,,,,,,,,,,,,,,,,,,,,,,,,,,,,,,,,,,,,,,,,,,,,,,,,,,,,,,,,,,,,,,,,1,,
0,15,28,"{'x': 559.8627762731192, 'y': 192.81192164622814, 'elapsedTime': 43530.5}",936734937669,5193341808,POINT (0.2915951959755829 0.1785295570798409),,,,,,,,,,,,,,,,,,,,,,,,,,,,,,,,,,,,,,,,,,,,,,,,,,,,,,,,,,,,,,,,,,,,,,,,,,,,,,,,,,,,,,,,,,,,,,,,,,,,,
0,15,28,"{'x': 559.8627762731192, 'y': 192.81192164622814, 'elapsedTime': 43530.5}",936734954336,5193358474,POINT (0.2915951959755829 0.1785295570798409),,,,,,,,,,,,,,,,,,,,,,,,,,,,,,,,,,,,,,,,,,,,,,,,,,,,,,,,,,,,,,,,,,,,,,,,,,,,,,,,,,,,,,,,,,,,,,,,,,,,,
0,15,28,"{'x': 559.8627762731192, 'y': 192.81192164622814, 'elapsedTime': 43530.5}",936734971009,5193375147,POINT (0.2915951959755829 0.1785295570798409),,,,,,,,,,,,,,,,,,,,,,,,,,,,,,,,,,,,,,,,,,,,,,,,,,,,,,,,,,,,,,,,,,,,,,,,,,,,,,,,,,,,,,,,,,,,,,,,,,,,,
0,15,28,"{'x': 559.8627762731192, 'y': 192.81192164622814, 'elapsedTime': 43530.5}",936734987677,5193391814,POINT (0.2915951959755829 0.1785295570798409),,,,,,,,,,,,,,,,,,,,,,,,,,,,,,,,,,,,,,,,,,,,,,,,,,,,,,,,,,,,,,,,,,,,,,,,,,,,,,,,,,,,,,,,,,,,,,,,,,,,,
0,15,28,"{'x': 559.8627762731192, 'y': 192.81192164622814, 'elapsedTime': 43530.5}",936735004344,5193408481,POINT (0.2915951959755829 0.1785295570798409),,,,,,,,,,,,,,,,,,,,,,,,,,,,,,,,,,,,,,,,,,,,,,,,,,,,,,,,,,,,,,,,,,,,,,,,,,,,,,,,,,,,,,,,,,,,,,,,,,,,,
0,15,28,"{'x': 559.8627762731192, 'y': 192.81192164622814, 'elapsedTime': 43530.5}",936735021011,5193425147,POINT (0.2915951959755829 0.1785295570798409),,,,,,,,,,,,,,,,,,,,,,,,,,,,,,,,,,,,,,,,,,,,,,,,,,,,,,,,,,,,,,,,,,,,,,,,,,,,,,,,,,,,,,,,,,,,,,,,,,,,,
0,15,28,"{'x': 559.8627762731192, 'y': 192.81192164622814, 'elapsedTime': 43530.5}",936735037678,5193441814,POINT (0.2915951959755829 0.1785295570798409),,,,,,,,,,,,,,,,,,,,,,,,,,,,,,,,,,,,,,,,,,,,,,,,,,,,,,,,,,,,,,,,,,,,,,,,,,,,,,,,,,,,,,,,,,,,,,,,,,,,,
0,15,28,"{'x': 483.044202432459, 'y': 177.86071648911349, 'elapsedTime': 43577.300000071526}",936735054344,5193458480,POINT (0.251585522100239 0.164685848601031),,,,,,,,,,,,,,,,,,,,,,,,,,,,,,,,,,,,,,,,,,,,,,,,,,,,,,,,,,,,,,,,,,,,,,,,,,,,,,,,,,,,,,,,,,,,,,,,,,,1,,
0,15,28,"{'x': 483.044202432459, 'y': 177.86071648911349, 'elapsedTime': 43577.300000071526}",936735071012,5193475147,POINT (0.251585522100239 0.164685848601031),,,,,,,,,,,,,,,,,,,,,,,,,,,,,,,,,,,,,,,,,,,,,,,,,,,,,,,,,,,,,,,,,,,,,,,,,,,,,,,,,,,,,,,,,,,,,,,,,,,1,,
0,15,28,"{'x': 402.73872498390074, 'y': 225.55059116436274, 'elapsedTime': 43632.300000071526}",936735087683,5193491818,POINT (0.2097597525957816 0.2088431399670025),,,,,,,,,,,,,,,,,,,,,,,,,,,,,,,,,,,,,,,,,,,,,,,,,,,,,,,,,,,,,,,,,,,,,,,,,,,,,,,,,,,,,,,,,,,,,,,,,,,,,
0,15,28,"{'x': 402.73872498390074, 'y': 225.55059116436274, 'elapsedTime': 43632.300000071526}",936735104349,5193508484,POINT (0.2097597525957816 0.2088431399670025),,,,,,,,,,,,,,,,,,,,,,,,,,,,,,,,,,,,,,,,,,,,,,,,,,,,,,,,,,,,,,,,,,,,,,,,,,,,,,,,,,,,,,,,,,,,,,,,,,,,,
0,15,28,"{'x': 402.73872498390074, 'y': 225.55059116436274, 'elapsedTime': 43632.300000071526}",936735121017,5193525151,POINT (0.2097597525957816 0.2088431399670025),,,,,,,,,,,,,,,,,,,,,,,,,,,,,,,,,,,,,,,,,,,,,,,,,,,,,,,,,,,,,,,,,,,,,,,,,,,,,,,,,,,,,,,,,,,,,,,,,,,,,
0,15,28,"{'x': 431.37402143218304, 'y': 221.4189599065671, 'elapsedTime': 43678}",936735137683,5193541817,POINT (0.2246739694959287 0.2050175554690436),,,,,,,,,,,,,,,,,,,,,,,,,,,,,,,,,,,,,,,,,,,,,,,,,,,,,,,,,,,,,,,,,,,,,,,,,,,,,,,,,,,,,,,,,,,,,,,,,,,,,
0,15,28,"{'x': 431.37402143218304, 'y': 221.4189599065671, 'elapsedTime': 43678}",936735154352,5193558485,POINT (0.2246739694959287 0.2050175554690436),,,,,,,,,,,,,,,,,,,,,,,,,,,,,,,,,,,,,,,,,,,,,,,,,,,,,,,,,,,,,,,,,,,,,,,,,,,,,,,,,,,,,,,,,,,,,,,,,,,,,
0,15,28,"{'x': 431.37402143218304, 'y': 221.4189599065671, 'elapsedTime': 43678}",936735171018,5193575151,POINT (0.2246739694959287 0.2050175554690436),,,,,,,,,,,,,,,,,,,,,,,,,,,,,,,,,,,,,,,,,,,,,,,,,,,,,,,,,,,,,,,,,,,,,,,,,,,,,,,,,,,,,,,,,,,,,,,,,,,,,
0,15,28,"{'x': 387.7547978053685, 'y': 198.7308175998935, 'elapsedTime': 43731.300000071526}",936735187686,5193591818,POINT (0.2019556238569628 0.1840100162961977),,,,,,,,,,,,,,,1,,,,,,,,,,,,,,,,,,,,,,,,,,,,,,,,,,,,,,,,,,,,,,,,,,,,,,,,,,,,,,,,,,,,,,,,,,,,,,,,,,,,,,
0,15,28,"{'x': 387.7547978053685, 'y': 198.7308175998935, 'elapsedTime': 43731.300000071526}",936735204352,5193608484,POINT (0.2019556238569628 0.1840100162961977),,,,,,,,,,,,,,,1,,,,,,,,,,,,,,,,,,,,,,,,,,,,,,,,,,,,,,,,,,,,,,,,,,,,,,,,,,,,,,,,,,,,,,,,,,,,,,,,,,,,,,
0,15,28,"{'x': 387.7547978053685, 'y': 198.7308175998935, 'elapsedTime': 43731.300000071526}",936735221025,5193625156,POINT (0.2019556238569628 0.1840100162961977),,,,,,,,,,,,,,,1,,,,,,,,,,,,,,,,,,,,,,,,,,,,,,,,,,,,,,,,,,,,,,,,,,,,,,,,,,,,,,,,,,,,,,,,,,,,,,,,,,,,,,
0,15,28,"{'x': 345.64138857717444, 'y': 245.40996935604198, 'elapsedTime': 43778.700000047684}",936735237692,5193641823,POINT (0.1800215565506117 0.2272314531074463),,,,,,,,,,,,,,,,,,,,,,,,,,,,,,,,,,,,,,,,,,,,,,,,,,1,,,,,,,,,,,,,,,,,,,,,,,,,,,,,,,,,,,,,,,,,,,,,,,,,,1,
0,15,28,"{'x': 345.64138857717444, 'y': 245.40996935604198, 'elapsedTime': 43778.700000047684}",936735254359,5193658489,POINT (0.1800215565506117 0.2272314531074463),,,,,,,,,,,,,,,,,,,,,,,,,,,,,,,,,,,,,,,,,,,,,,,,,,1,,,,,,,,,,,,,,,,,,,,,,,,,,,,,,,,,,,,,,,,,,,,,,,,,,1,
0,15,28,"{'x': 345.64138857717444, 'y': 245.40996935604198, 'elapsedTime': 43778.700000047684}",936735271026,5193675156,POINT (0.1800215565506117 0.2272314531074463),,,,,,,,,,,,,,,,,,,,,,,,,,,,,,,,,,,,,,,,,,,,,,,,,,1,,,,,,,,,,,,,,,,,,,,,,,,,,,,,,,,,,,,,,,,,,,,,,,,,,1,
0,15,28,"{'x': 346.06800283606697, 'y': 261.14306545651664, 'elapsedTime': 43825.39999997616}",936735287692,5193691822,POINT (0.1802437514771182 0.2417991346819598),,,,,,,,,,,,,,,,,,,,,,,,,,,,,,,,,,,,,,,,,,,,,,,,,,,,,,,,,,,,,,,,,,,,,,,,,,,,,,,,,,,,,,,,,,,,,,,,,,,,1,
0,15,28,"{'x': 346.06800283606697, 'y': 261.14306545651664, 'elapsedTime': 43825.39999997616}",936735304359,5193708489,POINT (0.1802437514771182 0.2417991346819598),,,,,,,,,,,,,,,,,,,,,,,,,,,,,,,,,,,,,,,,,,,,,,,,,,,,,,,,,,,,,,,,,,,,,,,,,,,,,,,,,,,,,,,,,,,,,,,,,,,,1,
0,15,28,"{'x': 346.06800283606697, 'y': 261.14306545651664, 'elapsedTime': 43825.39999997616}",936735321027,5193725156,POINT (0.1802437514771182 0.2417991346819598),,,,,,,,,,,,,,,,,,,,,,,,,,,,,,,,,,,,,,,,,,,,,,,,,,,,,,,,,,,,,,,,,,,,,,,,,,,,,,,,,,,,,,,,,,,,,,,,,,,,1,
0,15,28,"{'x': 317.5649588789341, 'y': 312.79613663746306, 'elapsedTime': 43873.10000002384}",936735337693,5193741822,POINT (0.1653984160827782 0.2896260524420954),,,,,,,,,,,,,,,,,,,,,,,,,,,,,,,,,,,,,,,,,,,,,,,,,,,,,,,,,,,,,,,,,,,,,,,,,,,,,,,,,,,,,,,,,,,,,,,,,,,1,,
0,15,28,"{'x': 317.5649588789341, 'y': 312.79613663746306, 'elapsedTime': 43873.10000002384}",936735354365,5193758493,POINT (0.1653984160827782 0.2896260524420954),,,,,,,,,,,,,,,,,,,,,,,,,,,,,,,,,,,,,,,,,,,,,,,,,,,,,,,,,,,,,,,,,,,,,,,,,,,,,,,,,,,,,,,,,,,,,,,,,,,1,,
0,15,28,"{'x': 305.39073817943387, 'y': 331.186988847688, 'elapsedTime': 43922.10000002384}",936735371032,5193775160,POINT (0.1590576761351218 0.3066546193034148),,,,,,,,,,,,,,,,,,,,,,,,,,,,,,,,,,,,,,,,,,,,,,,,,,,,,,,,,,,,,,,,,,,,,,,,,,,,,,,,,,,,,,,,,,,,,,,,,,,,,
0,15,28,"{'x': 305.39073817943387, 'y': 331.186988847688, 'elapsedTime': 43922.10000002384}",936735387699,5193791826,POINT (0.1590576761351218 0.3066546193034148),,,,,,,,,,,,,,,,,,,,,,,,,,,,,,,,,,,,,,,,,,,,,,,,,,,,,,,,,,,,,,,,,,,,,,,,,,,,,,,,,,,,,,,,,,,,,,,,,,,,,
0,15,28,"{'x': 305.39073817943387, 'y': 331.186988847688, 'elapsedTime': 43922.10000002384}",936735404366,5193808493,POINT (0.1590576761351218 0.3066546193034148),,,,,,,,,,,,,,,,,,,,,,,,,,,,,,,,,,,,,,,,,,,,,,,,,,,,,,,,,,,,,,,,,,,,,,,,,,,,,,,,,,,,,,,,,,,,,,,,,,,,,
0,15,28,"{'x': 305.39073817943387, 'y': 331.186988847688, 'elapsedTime': 43922.10000002384}",936735421034,5193825160,POINT (0.1590576761351218 0.3066546193034148),,,,,,,,,,,,,,,,,,,,,,,,,,,,,,,,,,,,,,,,,,,,,,,,,,,,,,,,,,,,,,,,,,,,,,,,,,,,,,,,,,,,,,,,,,,,,,,,,,,,,
0,15,28,"{'x': 378.410185814342, 'y': 276.2954054721195, 'elapsedTime': 43975.89999997616}",936735437700,5193841826,POINT (0.1970886384449698 0.2558290791408514),,,,,,,,,,,,,,,,,,,,,,,,,,,,,,,,,,,,,,,,,,,,,,,,,,,,,,,,,,,,,,,,,,,,,,,,,,,1,,,,,,,,,,,,,,,,,,,,,,,,,,
0,15,28,"{'x': 378.410185814342, 'y': 276.2954054721195, 'elapsedTime': 43975.89999997616}",936735454368,5193858493,POINT (0.1970886384449698 0.2558290791408514),,,,,,,,,,,,,,,,,,,,,,,,,,,,,,,,,,,,,,,,,,,,,,,,,,,,,,,,,,,,,,,,,,,,,,,,,,,1,,,,,,,,,,,,,,,,,,,,,,,,,,
0,15,28,"{'x': 378.410185814342, 'y': 276.2954054721195, 'elapsedTime': 43975.89999997616}",936735471035,5193875160,POINT (0.1970886384449698 0.2558290791408514),,,,,,,,,,,,,,,,,,,,,,,,,,,,,,,,,,,,,,,,,,,,,,,,,,,,,,,,,,,,,,,,,,,,,,,,,,,1,,,,,,,,,,,,,,,,,,,,,,,,,,
0,15,28,"{'x': 504.57251080636024, 'y': 291.7090043879567, 'elapsedTime': 44021.39999997616}",936735487705,5193891830,POINT (0.262798182711646 0.2701009299888488),,,,,,,,,,,,,,,,,,,,,,,,,,,,,,,,,,,,,,,,,,,,,,,,,,,,,,,,,,,,,,,,,,,,,,,,,,,,,,,,,,,,,,,,,,,,,,,,,,,1,1,
0,15,28,"{'x': 504.57251080636024, 'y': 291.7090043879567, 'elapsedTime': 44021.39999997616}",936735504373,5193908497,POINT (0.262798182711646 0.2701009299888488),,,,,,,,,,,,,,,,,,,,,,,,,,,,,,,,,,,,,,,,,,,,,,,,,,,,,,,,,,,,,,,,,,,,,,,,,,,,,,,,,,,,,,,,,,,,,,,,,,,1,1,
0,15,28,"{'x': 472.26921743210687, 'y': 327.4794484574953, 'elapsedTime': 44068.10000002384}",936735521040,5193925164,POINT (0.245973550745889 0.3032217115347179),,,,,,,,,,,,,,,,,,,,,,,,,,,,,,,,,,,,,,,,,,,,,,,,,,,,,,,,,,,,,,,,,,,,,,,,,,,,,,,,,,,,,,,,,,,,,,,,,,,,,
0,15,28,"{'x': 472.26921743210687, 'y': 327.4794484574953, 'elapsedTime': 44068.10000002384}",936735537706,5193941830,POINT (0.245973550745889 0.3032217115347179),,,,,,,,,,,,,,,,,,,,,,,,,,,,,,,,,,,,,,,,,,,,,,,,,,,,,,,,,,,,,,,,,,,,,,,,,,,,,,,,,,,,,,,,,,,,,,,,,,,,,
0,15,28,"{'x': 472.26921743210687, 'y': 327.4794484574953, 'elapsedTime': 44068.10000002384}",936735554374,5193958497,POINT (0.245973550745889 0.3032217115347179),,,,,,,,,,,,,,,,,,,,,,,,,,,,,,,,,,,,,,,,,,,,,,,,,,,,,,,,,,,,,,,,,,,,,,,,,,,,,,,,,,,,,,,,,,,,,,,,,,,,,
0,15,28,"{'x': 476.7981770983416, 'y': 295.2877421262391, 'elapsedTime': 44114.5}",936735571041,5193975164,POINT (0.2483323839053863 0.273414576042814),,,,,,,,,,,,,,,,,,,,,,,,,,,,,,,,,,,,,,,,,,,,,,,,,,,,,,,,,,,,,,,,,,,,,,,,,,,,,,,,,,,,,,,,,,,,,,,,,,,1,,
0,15,28,"{'x': 476.7981770983416, 'y': 295.2877421262391, 'elapsedTime': 44114.5}",936735587708,5193991830,POINT (0.2483323839053863 0.273414576042814),,,,,,,,,,,,,,,,,,,,,,,,,,,,,,,,,,,,,,,,,,,,,,,,,,,,,,,,,,,,,,,,,,,,,,,,,,,,,,,,,,,,,,,,,,,,,,,,,,,1,,
0,15,28,"{'x': 476.7981770983416, 'y': 295.2877421262391, 'elapsedTime': 44114.5}",936735604375,5194008497,POINT (0.2483323839053863 0.273414576042814),,,,,,,,,,,,,,,,,,,,,,,,,,,,,,,,,,,,,,,,,,,,,,,,,,,,,,,,,,,,,,,,,,,,,,,,,,,,,,,,,,,,,,,,,,,,,,,,,,,1,,
0,15,28,"{'x': 498.4945658867963, 'y': 327.8155929195601, 'elapsedTime': 44160}",936735621048,5194025169,POINT (0.2596325863993731 0.3035329564070001),,,,,,,,,,,,,,,,,,,,,,,,,,,,,,,,,,,,,,,,,,,,,,,,,,,,,,,,,,,,,,,,,,,,,,,,,,,,,,,,,,,,,,,,,,,,,,,,,,,,,
0,15,28,"{'x': 498.4945658867963, 'y': 327.8155929195601, 'elapsedTime': 44160}",936735637714,5194041835,POINT (0.2596325863993731 0.3035329564070001),,,,,,,,,,,,,,,,,,,,,,,,,,,,,,,,,,,,,,,,,,,,,,,,,,,,,,,,,,,,,,,,,,,,,,,,,,,,,,,,,,,,,,,,,,,,,,,,,,,,,
0,15,28,"{'x': 498.4945658867963, 'y': 327.8155929195601, 'elapsedTime': 44160}",936735654381,5194058502,POINT (0.2596325863993731 0.3035329564070001),,,,,,,,,,,,,,,,,,,,,,,,,,,,,,,,,,,,,,,,,,,,,,,,,,,,,,,,,,,,,,,,,,,,,,,,,,,,,,,,,,,,,,,,,,,,,,,,,,,,,
0,15,28,"{'x': 440.8594786168892, 'y': 317.66039700974983, 'elapsedTime': 44206.300000071526}",936735671049,5194075169,POINT (0.2296143117796298 0.2941299972312498),,,,,,,,,,,,,,,,,,,,,,,,,,,,,,,,,,,,,,,,,,,,,,,,,,,,,,,,,,,,,,,,,,,,,,,,,,,,,,,,,,,,,,,,,,,,,,,,,,,1,,
0,15,28,"{'x': 440.8594786168892, 'y': 317.66039700974983, 'elapsedTime': 44206.300000071526}",936735687716,5194091836,POINT (0.2296143117796298 0.2941299972312498),,,,,,,,,,,,,,,,,,,,,,,,,,,,,,,,,,,,,,,,,,,,,,,,,,,,,,,,,,,,,,,,,,,,,,,,,,,,,,,,,,,,,,,,,,,,,,,,,,,1,,
0,15,28,"{'x': 440.8594786168892, 'y': 317.66039700974983, 'elapsedTime': 44206.300000071526}",936735704383,5194108502,POINT (0.2296143117796298 0.2941299972312498),,,,,,,,,,,,,,,,,,,,,,,,,,,,,,,,,,,,,,,,,,,,,,,,,,,,,,,,,,,,,,,,,,,,,,,,,,,,,,,,,,,,,,,,,,,,,,,,,,,1,,
0,15,28,"{'x': 514.699782549328, 'y': 297.42446351820587, 'elapsedTime': 44251.5}",936735721047,5194125167,POINT (0.2680728034111083 0.2753930217761165),,,,,,,,,,,,,,,,,,,,,,,,,,,,,,,,,,,,,,,,,,,,,,,,,,,,,,,,,,,,,,,,,,,,,,,,,,,,,,,1,,,,,,,,,,,,,,,,,,,,1,1,
0,15,28,"{'x': 514.699782549328, 'y': 297.42446351820587, 'elapsedTime': 44251.5}",936735737717,5194141836,POINT (0.2680728034111083 0.2753930217761165),,,,,,,,,,,,,,,,,,,,,,,,,,,,,,,,,,,,,,,,,,,,,,,,,,,,,,,,,,,,,,,,,,,,,,,,,,,,,,,1,,,,,,,,,,,,,,,,,,,,1,1,
0,15,28,"{'x': 584.4331616483547, 'y': 272.32568456025945, 'elapsedTime': 44296.700000047684}",936735754385,5194158504,POINT (0.3043922716918514 0.2521534116298699),,,,,,,,,,,,,,,,,,,,,,,,,,,,,,,,,,,,,,,,,,,,,,,,,,,,,,,,,,,,,,,,,,,,,,,,,,,,,,,,,,,,,,,,,,,,,,,,,,,,1,
0,15,28,"{'x': 584.4331616483547, 'y': 272.32568456025945, 'elapsedTime': 44296.700000047684}",936735771053,5194175171,POINT (0.3043922716918514 0.2521534116298699),,,,,,,,,,,,,,,,,,,,,,,,,,,,,,,,,,,,,,,,,,,,,,,,,,,,,,,,,,,,,,,,,,,,,,,,,,,,,,,,,,,,,,,,,,,,,,,,,,,,1,
0,15,28,"{'x': 584.4331616483547, 'y': 272.32568456025945, 'elapsedTime': 44296.700000047684}",936735787722,5194191840,POINT (0.3043922716918514 0.2521534116298699),,,,,,,,,,,,,,,,,,,,,,,,,,,,,,,,,,,,,,,,,,,,,,,,,,,,,,,,,,,,,,,,,,,,,,,,,,,,,,,,,,,,,,,,,,,,,,,,,,,,1,
0,15,28,"{'x': 680.0232059258376, 'y': 277.2845233028572, 'elapsedTime': 44343.89999997616}",936735804387,5194208504,POINT (0.3541787530863738 0.256744928984127),,,,,,,,,,,,,,,,,,,,,,,,,,,,,,,,,,,,,,,,,,,,,,,,,,,,,,,,,,,,,,,,,,,,,,,,,,,,,,,,,,1,,,,,,,,,,,,,,,,,1,1,
0,15,28,"{'x': 680.0232059258376, 'y': 277.2845233028572, 'elapsedTime': 44343.89999997616}",936735821054,5194225171,POINT (0.3541787530863738 0.256744928984127),,,,,,,,,,,,,,,,,,,,,,,,,,,,,,,,,,,,,,,,,,,,,,,,,,,,,,,,,,,,,,,,,,,,,,,,,,,,,,,,,,1,,,,,,,,,,,,,,,,,1,1,
0,15,28,"{'x': 680.0232059258376, 'y': 277.2845233028572, 'elapsedTime': 44343.89999997616}",936735837722,5194241838,POINT (0.3541787530863738 0.256744928984127),,,,,,,,,,,,,,,,,,,,,,,,,,,,,,,,,,,,,,,,,,,,,,,,,,,,,,,,,,,,,,,,,,,,,,,,,,,,,,,,,,1,,,,,,,,,,,,,,,,,1,1,
0,15,28,"{'x': 718.5870692769314, 'y': 196.22160697742726, 'elapsedTime': 44389.60000002384}",936735854388,5194258504,POINT (0.3742640985817351 0.1816866731272475),,,,,,,,,,,,,,,,,,,,,,,,,,,,,,,,,,,,,,,,,,,,,,,,,,,,,,,,,,,,,,,,,,,,,,,,,,,,,,,,,,,,,,,,,,,,,,,,,,,1,,
0,15,28,"{'x': 718.5870692769314, 'y': 196.22160697742726, 'elapsedTime': 44389.60000002384}",936735871058,5194275173,POINT (0.3742640985817351 0.1816866731272475),,,,,,,,,,,,,,,,,,,,,,,,,,,,,,,,,,,,,,,,,,,,,,,,,,,,,,,,,,,,,,,,,,,,,,,,,,,,,,,,,,,,,,,,,,,,,,,,,,,1,,
0,15,28,"{'x': 718.5870692769314, 'y': 196.22160697742726, 'elapsedTime': 44389.60000002384}",936735887730,5194291845,POINT (0.3742640985817351 0.1816866731272475),,,,,,,,,,,,,,,,,,,,,,,,,,,,,,,,,,,,,,,,,,,,,,,,,,,,,,,,,,,,,,,,,,,,,,,,,,,,,,,,,,,,,,,,,,,,,,,,,,,1,,
0,15,28,"{'x': 613.9421018033722, 'y': 178.52502731813, 'elapsedTime': 44434}",936735904398,5194308512,POINT (0.319761511355923 0.1653009512204907),,,,,,,,,,,,,,,,,,,,,,,,,,,,,,,,,,,,,,,,,,,,,,,,,,,,,,,,,,,,,,,,,,,,,,,,,,,,,,,,,,,,,,,,,,,,,,,,,,,1,,
0,15,28,"{'x': 613.9421018033722, 'y': 178.52502731813, 'elapsedTime': 44434}",936735921065,5194325179,POINT (0.319761511355923 0.1653009512204907),,,,,,,,,,,,,,,,,,,,,,,,,,,,,,,,,,,,,,,,,,,,,,,,,,,,,,,,,,,,,,,,,,,,,,,,,,,,,,,,,,,,,,,,,,,,,,,,,,,1,,
0,15,28,"{'x': 613.9421018033722, 'y': 178.52502731813, 'elapsedTime': 44434}",936735937729,5194341843,POINT (0.319761511355923 0.1653009512204907),,,,,,,,,,,,,,,,,,,,,,,,,,,,,,,,,,,,,,,,,,,,,,,,,,,,,,,,,,,,,,,,,,,,,,,,,,,,,,,,,,,,,,,,,,,,,,,,,,,1,,
0,15,28,"{'x': 642.8700579287085, 'y': 145.1121258122286, 'elapsedTime': 44482.800000071526}",936735954396,5194358510,POINT (0.3348281551712024 0.1343630794557672),,,,,,,1,,,,,,,,,,,,,,,,,,,,,,,,,,,,,,,,,,,,,,,,,,,,,,,,,,,,,,,,,,,,,,,,,,,,,,,,,,,,,,,,,,,,,,,,,,,,,,
0,15,28,"{'x': 642.8700579287085, 'y': 145.1121258122286, 'elapsedTime': 44482.800000071526}",936735971063,5194375176,POINT (0.3348281551712024 0.1343630794557672),,,,,,,1,,,,,,,,,,,,,,,,,,,,,,,,,,,,,,,,,,,,,,,,,,,,,,,,,,,,,,,,,,,,,,,,,,,,,,,,,,,,,,,,,,,,,,,,,,,,,,
0,15,28,"{'x': 715.6799153347522, 'y': 84.53691228145402, 'elapsedTime': 44530.89999997616}",936735987733,5194391846,POINT (0.3727499559035168 0.0782749187791241),,,,,,,,,,,,,,,,,,,,,,,,,,,,,,,,,,,,,,,,,,,,,,,,,,,,,,,,,,,,,,,,,,,,,,,,,,,,,,,,,,,,,,,,,,,,,,,,,,,,,
0,15,28,"{'x': 715.6799153347522, 'y': 84.53691228145402, 'elapsedTime': 44530.89999997616}",936736004400,5194408512,POINT (0.3727499559035168 0.0782749187791241),,,,,,,,,,,,,,,,,,,,,,,,,,,,,,,,,,,,,,,,,,,,,,,,,,,,,,,,,,,,,,,,,,,,,,,,,,,,,,,,,,,,,,,,,,,,,,,,,,,,,
0,15,28,"{'x': 715.6799153347522, 'y': 84.53691228145402, 'elapsedTime': 44530.89999997616}",936736021066,5194425178,POINT (0.3727499559035168 0.0782749187791241),,,,,,,,,,,,,,,,,,,,,,,,,,,,,,,,,,,,,,,,,,,,,,,,,,,,,,,,,,,,,,,,,,,,,,,,,,,,,,,,,,,,,,,,,,,,,,,,,,,,,
0,15,28,"{'x': 715.6799153347522, 'y': 84.53691228145402, 'elapsedTime': 44530.89999997616}",936736037734,5194441845,POINT (0.3727499559035168 0.0782749187791241),,,,,,,,,,,,,,,,,,,,,,,,,,,,,,,,,,,,,,,,,,,,,,,,,,,,,,,,,,,,,,,,,,,,,,,,,,,,,,,,,,,,,,,,,,,,,,,,,,,,,
0,15,28,"{'x': 715.6799153347522, 'y': 84.53691228145402, 'elapsedTime': 44530.89999997616}",936736054401,5194458512,POINT (0.3727499559035168 0.0782749187791241),,,,,,,,,,,,,,,,,,,,,,,,,,,,,,,,,,,,,,,,,,,,,,,,,,,,,,,,,,,,,,,,,,,,,,,,,,,,,,,,,,,,,,,,,,,,,,,,,,,,,
0,15,28,"{'x': 715.6799153347522, 'y': 84.53691228145402, 'elapsedTime': 44530.89999997616}",936736071069,5194475179,POINT (0.3727499559035168 0.0782749187791241),,,,,,,,,,,,,,,,,,,,,,,,,,,,,,,,,,,,,,,,,,,,,,,,,,,,,,,,,,,,,,,,,,,,,,,,,,,,,,,,,,,,,,,,,,,,,,,,,,,,,
0,15,28,"{'x': 642.8065473613796, 'y': 59.56158491610272, 'elapsedTime': 44576.89999997616}",936736087735,5194491845,POINT (0.3347950767507185 0.0551496156630581),,,,,,,,,,,,,,,,,,,,,,,,,,,,,,,,,,,,,,,,,,,,,,,,,,,,,,,,,,,,,,,,,,,,,,,,,,,,,,,,,,,,,,,,,,,,,,,,,,,,,
0,15,28,"{'x': 642.8065473613796, 'y': 59.56158491610272, 'elapsedTime': 44576.89999997616}",936736104403,5194508512,POINT (0.3347950767507185 0.0551496156630581),,,,,,,,,,,,,,,,,,,,,,,,,,,,,,,,,,,,,,,,,,,,,,,,,,,,,,,,,,,,,,,,,,,,,,,,,,,,,,,,,,,,,,,,,,,,,,,,,,,,,
0,15,28,"{'x': 736.1338087283827, 'y': 53.282947629626115, 'elapsedTime': 44666}",936736121070,5194525179,POINT (0.383403025379366 0.0493360626200242),,,,,,,,,,,,,,,,,,,,,,,,,,,,,,,,,,,,,,,,,,,,,,,,,,,,,,,,,,,,,,,,,,,,,,,,,,,,,,,,,,,,,,,,,,,,,,,,,,,,,
0,15,28,"{'x': 736.1338087283827, 'y': 53.282947629626115, 'elapsedTime': 44666}",936736137744,5194541852,POINT (0.383403025379366 0.0493360626200242),,,,,,,,,,,,,,,,,,,,,,,,,,,,,,,,,,,,,,,,,,,,,,,,,,,,,,,,,,,,,,,,,,,,,,,,,,,,,,,,,,,,,,,,,,,,,,,,,,,,,
0,15,28,"{'x': 736.1338087283827, 'y': 53.282947629626115, 'elapsedTime': 44666}",936736154411,5194558519,POINT (0.383403025379366 0.0493360626200242),,,,,,,,,,,,,,,,,,,,,,,,,,,,,,,,,,,,,,,,,,,,,,,,,,,,,,,,,,,,,,,,,,,,,,,,,,,,,,,,,,,,,,,,,,,,,,,,,,,,,
0,15,28,"{'x': 760.8876111033418, 'y': 42.24279779911315, 'elapsedTime': 44710.5}",936736171079,5194575186,POINT (0.3962956307829905 0.0391137016658455),,,,,,,,,,,,,,,,,,,,,,,,,,,,,,,,,,,,,,,,,,,,,,,,,,,,,,,,,,,,,,,,,,,,,,,,,,,,,,,,,,,,,,,,,,,,,,,,,,,,,
0,15,28,"{'x': 760.8876111033418, 'y': 42.24279779911315, 'elapsedTime': 44710.5}",936736187745,5194591852,POINT (0.3962956307829905 0.0391137016658455),,,,,,,,,,,,,,,,,,,,,,,,,,,,,,,,,,,,,,,,,,,,,,,,,,,,,,,,,,,,,,,,,,,,,,,,,,,,,,,,,,,,,,,,,,,,,,,,,,,,,
0,15,28,"{'x': 760.8876111033418, 'y': 42.24279779911315, 'elapsedTime': 44710.5}",936736204413,5194608519,POINT (0.3962956307829905 0.0391137016658455),,,,,,,,,,,,,,,,,,,,,,,,,,,,,,,,,,,,,,,,,,,,,,,,,,,,,,,,,,,,,,,,,,,,,,,,,,,,,,,,,,,,,,,,,,,,,,,,,,,,,
0,15,28,"{'x': 920.8957610898199, 'y': 83.12782998751307, 'elapsedTime': 44754.700000047684}",936736221080,5194625186,POINT (0.4796332089009478 0.076970212951401),,,,,,,,,,,,,,,,,,,,,,,,,,,,,,,,,,,,,,,,,,,,,,,,,,,,,,,,,,,,,,,,,,,,,,,,,,,,,,,,,,,,,,,,,,,,,,,,,,,,,
0,15,28,"{'x': 920.8957610898199, 'y': 83.12782998751307, 'elapsedTime': 44754.700000047684}",936736237747,5194641852,POINT (0.4796332089009478 0.076970212951401),,,,,,,,,,,,,,,,,,,,,,,,,,,,,,,,,,,,,,,,,,,,,,,,,,,,,,,,,,,,,,,,,,,,,,,,,,,,,,,,,,,,,,,,,,,,,,,,,,,,,
0,15,28,"{'x': 918.9123417025168, 'y': 55.176226824733675, 'elapsedTime': 44801.200000047684}",936736254414,5194658519,POINT (0.4786001779700608 0.0510890989117904),,,,,,,,,,,,,,,,,,,,,,,,,,,,,,,,,,,,,,,,,,,,,,,,,,,,,,,,,,,,,,,,,,,,,,,,,,,,,,,,,,,,,,,,,,,,,,,,,,,,,
0,15,28,"{'x': 918.9123417025168, 'y': 55.176226824733675, 'elapsedTime': 44801.200000047684}",936736271084,5194675188,POINT (0.4786001779700608 0.0510890989117904),,,,,,,,,,,,,,,,,,,,,,,,,,,,,,,,,,,,,,,,,,,,,,,,,,,,,,,,,,,,,,,,,,,,,,,,,,,,,,,,,,,,,,,,,,,,,,,,,,,,,
0,15,28,"{'x': 918.9123417025168, 'y': 55.176226824733675, 'elapsedTime': 44801.200000047684}",936736287750,5194691854,POINT (0.4786001779700608 0.0510890989117904),,,,,,,,,,,,,,,,,,,,,,,,,,,,,,,,,,,,,,,,,,,,,,,,,,,,,,,,,,,,,,,,,,,,,,,,,,,,,,,,,,,,,,,,,,,,,,,,,,,,,
0,15,28,"{'x': 873.4604781026433, 'y': 100.37843564489157, 'elapsedTime': 44847.200000047684}",936736304418,5194708521,POINT (0.4549273323451267 0.0929429959674922),,,,,,,,,,,,,,,,,,,,,,,,,,,,,,,,,,,,,,,,,,,,,,,,,,,,,,,,,,,,,,,,,,,,,,,,,,,,,,,,,,,,,,,,,,,,,,,,,,,,,
0,15,28,"{'x': 873.4604781026433, 'y': 100.37843564489157, 'elapsedTime': 44847.200000047684}",936736321085,5194725188,POINT (0.4549273323451267 0.0929429959674922),,,,,,,,,,,,,,,,,,,,,,,,,,,,,,,,,,,,,,,,,,,,,,,,,,,,,,,,,,,,,,,,,,,,,,,,,,,,,,,,,,,,,,,,,,,,,,,,,,,,,
0,15,28,"{'x': 873.4604781026433, 'y': 100.37843564489157, 'elapsedTime': 44847.200000047684}",936736337752,5194741854,POINT (0.4549273323451267 0.0929429959674922),,,,,,,,,,,,,,,,,,,,,,,,,,,,,,,,,,,,,,,,,,,,,,,,,,,,,,,,,,,,,,,,,,,,,,,,,,,,,,,,,,,,,,,,,,,,,,,,,,,,,
0,15,28,"{'x': 919.2738461347534, 'y': 154.66947379556495, 'elapsedTime': 44894.60000002384}",936736354419,5194758521,POINT (0.4787884615285174 0.1432124757366342),,,,,,,,,,,,,,,,,,,,,,,,,,,,,,,,,,,,,,,,,,,,,,,,,,,,,,,,,,,,,,,,,,,,,,,,,,,,,,,,,,,,,,,,,,,,,,,,,,,1,,
0,15,28,"{'x': 919.2738461347534, 'y': 154.66947379556495, 'elapsedTime': 44894.60000002384}",936736371087,5194775188,POINT (0.4787884615285174 0.1432124757366342),,,,,,,,,,,,,,,,,,,,,,,,,,,,,,,,,,,,,,,,,,,,,,,,,,,,,,,,,,,,,,,,,,,,,,,,,,,,,,,,,,,,,,,,,,,,,,,,,,,1,,
0,15,28,"{'x': 919.2738461347534, 'y': 154.66947379556495, 'elapsedTime': 44894.60000002384}",936736387753,5194791854,POINT (0.4787884615285174 0.1432124757366342),,,,,,,,,,,,,,,,,,,,,,,,,,,,,,,,,,,,,,,,,,,,,,,,,,,,,,,,,,,,,,,,,,,,,,,,,,,,,,,,,,,,,,,,,,,,,,,,,,,1,,
0,15,28,"{'x': 931.7655779119186, 'y': 154.71638865357534, 'elapsedTime': 44941.60000002384}",936736404429,5194808529,POINT (0.4852945718291243 0.1432559154199772),,,,,,,,,,,,,,,,,,,,,,,,,,,,,,,,,,,,,,,,,,,,,,,,,,,,,,,,,,,,,,,,,,,,,,,,,,,,,,,,,,,,,,,,,,,,,,,,,,,1,,
0,15,28,"{'x': 931.7655779119186, 'y': 154.71638865357534, 'elapsedTime': 44941.60000002384}",936736421096,5194825196,POINT (0.4852945718291243 0.1432559154199772),,,,,,,,,,,,,,,,,,,,,,,,,,,,,,,,,,,,,,,,,,,,,,,,,,,,,,,,,,,,,,,,,,,,,,,,,,,,,,,,,,,,,,,,,,,,,,,,,,,1,,
0,15,28,"{'x': 931.7655779119186, 'y': 154.71638865357534, 'elapsedTime': 44941.60000002384}",936736437762,5194841862,POINT (0.4852945718291243 0.1432559154199772),,,,,,,,,,,,,,,,,,,,,,,,,,,,,,,,,,,,,,,,,,,,,,,,,,,,,,,,,,,,,,,,,,,,,,,,,,,,,,,,,,,,,,,,,,,,,,,,,,,1,,
0,15,28,"{'x': 941.9894850841156, 'y': 140.37553068475927, 'elapsedTime': 44987.10000002384}",936736454430,5194858529,POINT (0.4906195234813102 0.129977343226629),,,,,,,,,,,,,,,,,,,,,,,,,,,,,,,,,,,,,,,,,,,,,,,,,,,,,,,,,,,,,,,,,,,,,,,,,,,,,,,,,,,,,,,,,,,,,,,,,,,,,
0,15,28,"{'x': 941.9894850841156, 'y': 140.37553068475927, 'elapsedTime': 44987.10000002384}",936736471096,5194875195,POINT (0.4906195234813102 0.129977343226629),,,,,,,,,,,,,,,,,,,,,,,,,,,,,,,,,,,,,,,,,,,,,,,,,,,,,,,,,,,,,,,,,,,,,,,,,,,,,,,,,,,,,,,,,,,,,,,,,,,,,
0,15,28,"{'x': 941.9894850841156, 'y': 140.37553068475927, 'elapsedTime': 44987.10000002384}",936736487764,5194891862,POINT (0.4906195234813102 0.129977343226629),,,,,,,,,,,,,,,,,,,,,,,,,,,,,,,,,,,,,,,,,,,,,,,,,,,,,,,,,,,,,,,,,,,,,,,,,,,,,,,,,,,,,,,,,,,,,,,,,,,,,
0,15,28,"{'x': 864.6839659467734, 'y': 134.81848949019735, 'elapsedTime': 45034}",936736504431,5194908529,POINT (0.4503562322639444 0.1248319347131457),,,,,,,,,,,,,,,,,,,,,,,,,,,,,,,,,,,,,,,,,,,,,,,,,,,,,,,,,,,,,,,,,,,,,,,,,,,,,,,,,,,,,,,,,,,,,,,,,,,,,
0,15,28,"{'x': 864.6839659467734, 'y': 134.81848949019735, 'elapsedTime': 45034}",936736521099,5194925196,POINT (0.4503562322639444 0.1248319347131457),,,,,,,,,,,,,,,,,,,,,,,,,,,,,,,,,,,,,,,,,,,,,,,,,,,,,,,,,,,,,,,,,,,,,,,,,,,,,,,,,,,,,,,,,,,,,,,,,,,,,
0,15,28,"{'x': 864.6839659467734, 'y': 134.81848949019735, 'elapsedTime': 45034}",936736537768,5194941865,POINT (0.4503562322639444 0.1248319347131457),,,,,,,,,,,,,,,,,,,,,,,,,,,,,,,,,,,,,,,,,,,,,,,,,,,,,,,,,,,,,,,,,,,,,,,,,,,,,,,,,,,,,,,,,,,,,,,,,,,,,
0,15,28,"{'x': 796.1855678209133, 'y': 193.0461106717231, 'elapsedTime': 45084.200000047684}",936736554436,5194958532,POINT (0.414679983240059 0.178746398770114),,,,,,,,,,,,,,,,,,,,,,,,,,,,,,,,,,,,,,,,,,,,,,,,,,,,,,,,,,,,,,,,,,,,,,,,,,,,,,,,,,,,,,,,,,,,,,,,,,,1,,
0,15,28,"{'x': 796.1855678209133, 'y': 193.0461106717231, 'elapsedTime': 45084.200000047684}",936736571103,5194975199,POINT (0.414679983240059 0.178746398770114),,,,,,,,,,,,,,,,,,,,,,,,,,,,,,,,,,,,,,,,,,,,,,,,,,,,,,,,,,,,,,,,,,,,,,,,,,,,,,,,,,,,,,,,,,,,,,,,,,,1,,
0,15,28,"{'x': 853.0709612695151, 'y': 278.91202626563665, 'elapsedTime': 45130.89999997616}",936736587770,5194991865,POINT (0.4443077923278725 0.2582518761718858),,,,,,,,,,,,,,,,,,,,,,,,,,,,,,,,,,,,,,,,,,,,,,,,,,,,,,,,,,,,,,,,,,,,,,,,,,,,,,,,,,,,,,,,,,,,,,,,,,,1,1,
0,15,28,"{'x': 853.0709612695151, 'y': 278.91202626563665, 'elapsedTime': 45130.89999997616}",936736604437,5195008532,POINT (0.4443077923278725 0.2582518761718858),,,,,,,,,,,,,,,,,,,,,,,,,,,,,,,,,,,,,,,,,,,,,,,,,,,,,,,,,,,,,,,,,,,,,,,,,,,,,,,,,,,,,,,,,,,,,,,,,,,1,1,
0,15,28,"{'x': 853.0709612695151, 'y': 278.91202626563665, 'elapsedTime': 45130.89999997616}",936736621104,5195025198,POINT (0.4443077923278725 0.2582518761718858),,,,,,,,,,,,,,,,,,,,,,,,,,,,,,,,,,,,,,,,,,,,,,,,,,,,,,,,,,,,,,,,,,,,,,,,,,,,,,,,,,,,,,,,,,,,,,,,,,,1,1,
0,15,28,"{'x': 885.6550093057299, 'y': 261.9214681573051, 'elapsedTime': 45178.700000047684}",936736637771,5195041865,POINT (0.4612786506800676 0.2425198779234307),,,,,,,,,,,,,,,,,,,,,,,,,,,,,,,,,,,,,,,,,,,,,,,,,,,,,,,,,,,,,,,,,,,,,,,,,,,,,,,,,,,,,,,,,,,,,,,,,,,1,1,
0,15,28,"{'x': 885.6550093057299, 'y': 261.9214681573051, 'elapsedTime': 45178.700000047684}",936736654439,5195058532,POINT (0.4612786506800676 0.2425198779234307),,,,,,,,,,,,,,,,,,,,,,,,,,,,,,,,,,,,,,,,,,,,,,,,,,,,,,,,,,,,,,,,,,,,,,,,,,,,,,,,,,,,,,,,,,,,,,,,,,,1,1,
0,15,28,"{'x': 885.6550093057299, 'y': 261.9214681573051, 'elapsedTime': 45178.700000047684}",936736671110,5195075203,POINT (0.4612786506800676 0.2425198779234307),,,,,,,,,,,,,,,,,,,,,,,,,,,,,,,,,,,,,,,,,,,,,,,,,,,,,,,,,,,,,,,,,,,,,,,,,,,,,,,,,,,,,,,,,,,,,,,,,,,1,1,
0,15,28,"{'x': 766.2095687963202, 'y': 226.0737449878672, 'elapsedTime': 45224}",936736687778,5195091870,POINT (0.3990674837480835 0.2093275416554326),,,,,,,,,,,,,,,,,,,,,,,,,,,,,,,,,,,,,,,,,,,,,,,,,,,,,,,,,,,,,,,,,,,,,,,,,,,,,,,,,,,,,,,,,,,,,,,,,,,,,
0,15,28,"{'x': 766.2095687963202, 'y': 226.0737449878672, 'elapsedTime': 45224}",936736704445,5195108537,POINT (0.3990674837480835 0.2093275416554326),,,,,,,,,,,,,,,,,,,,,,,,,,,,,,,,,,,,,,,,,,,,,,,,,,,,,,,,,,,,,,,,,,,,,,,,,,,,,,,,,,,,,,,,,,,,,,,,,,,,,
0,15,28,"{'x': 766.2095687963202, 'y': 226.0737449878672, 'elapsedTime': 45224}",936736721112,5195125203,POINT (0.3990674837480835 0.2093275416554326),,,,,,,,,,,,,,,,,,,,,,,,,,,,,,,,,,,,,,,,,,,,,,,,,,,,,,,,,,,,,,,,,,,,,,,,,,,,,,,,,,,,,,,,,,,,,,,,,,,,,
0,15,28,"{'x': 941.8462047387563, 'y': 231.62645084460206, 'elapsedTime': 45270}",936736737779,5195141870,POINT (0.4905448983014356 0.2144689359672241),,,,,,,,,,,,,,,,,,,,,,,,,,,,,,,,,,,,,,,1,,,,,,,,,,,,,,,,,,,,,,,,,,,,,,,,,,,,,,,,,,,,,,,,,,,,,,,,,,,,,1,
0,15,28,"{'x': 941.8462047387563, 'y': 231.62645084460206, 'elapsedTime': 45270}",936736754447,5195158537,POINT (0.4905448983014356 0.2144689359672241),,,,,,,,,,,,,,,,,,,,,,,,,,,,,,,,,,,,,,,1,,,,,,,,,,,,,,,,,,,,,,,,,,,,,,,,,,,,,,,,,,,,,,,,,,,,,,,,,,,,,1,
0,15,28,"{'x': 811.1937941576512, 'y': 207.5377747017357, 'elapsedTime': 45315}",936736771113,5195175203,POINT (0.4224967677904433 0.1921646062053108),,,,,,,,,,,,,,,,,,,,,,1,,,,,,,,,,,,,,,,,,,,,,,,,,,,,,,,,,,,,,,,,,,,,,,,,,,,,,,,,,,,,,,,,,,,,,,,,,,,,1,,
0,15,28,"{'x': 811.1937941576512, 'y': 207.5377747017357, 'elapsedTime': 45315}",936736787781,5195191870,POINT (0.4224967677904433 0.1921646062053108),,,,,,,,,,,,,,,,,,,,,,1,,,,,,,,,,,,,,,,,,,,,,,,,,,,,,,,,,,,,,,,,,,,,,,,,,,,,,,,,,,,,,,,,,,,,,,,,,,,,1,,
0,15,28,"{'x': 811.1937941576512, 'y': 207.5377747017357, 'elapsedTime': 45315}",936736804453,5195208542,POINT (0.4224967677904433 0.1921646062053108),,,,,,,,,,,,,,,,,,,,,,1,,,,,,,,,,,,,,,,,,,,,,,,,,,,,,,,,,,,,,,,,,,,,,,,,,,,,,,,,,,,,,,,,,,,,,,,,,,,,1,,
0,15,28,"{'x': 992.8265502478321, 'y': 201.72619640506392, 'elapsedTime': 45360.89999997616}",936736821120,5195225208,POINT (0.5170971615874126 0.186783515189874),,,,,,,,,,,,,,,,,,,,,,,,,,,,,,,,,,,,,,,,,,,,,,,,,,,,,,,,,,,,,,,,,,,,,,,,,,,,,,,,,,,,,,,,,,,,,,,,,,,1,,
0,15,28,"{'x': 992.8265502478321, 'y': 201.72619640506392, 'elapsedTime': 45360.89999997616}",936736837787,5195241875,POINT (0.5170971615874126 0.186783515189874),,,,,,,,,,,,,,,,,,,,,,,,,,,,,,,,,,,,,,,,,,,,,,,,,,,,,,,,,,,,,,,,,,,,,,,,,,,,,,,,,,,,,,,,,,,,,,,,,,,1,,
0,15,28,"{'x': 992.8265502478321, 'y': 201.72619640506392, 'elapsedTime': 45360.89999997616}",936736854455,5195258542,POINT (0.5170971615874126 0.186783515189874),,,,,,,,,,,,,,,,,,,,,,,,,,,,,,,,,,,,,,,,,,,,,,,,,,,,,,,,,,,,,,,,,,,,,,,,,,,,,,,,,,,,,,,,,,,,,,,,,,,1,,
0,15,28,"{'x': 1038.0721567729547, 'y': 158.32288636714514, 'elapsedTime': 45406}",936736871121,5195275208,POINT (0.5406625816525806 0.146595265154764),,,,,,,,,,,,,,,,,,,,,,,,,,,,,,,,,,,,,,,,,,,,,,,,,,,,,,,,,,,,,,,,,,,,,,,,,,,,,,,,,,,,,,,,,,,,,,,,,,,1,,
0,15,28,"{'x': 1038.0721567729547, 'y': 158.32288636714514, 'elapsedTime': 45406}",936736887789,5195291875,POINT (0.5406625816525806 0.146595265154764),,,,,,,,,,,,,,,,,,,,,,,,,,,,,,,,,,,,,,,,,,,,,,,,,,,,,,,,,,,,,,,,,,,,,,,,,,,,,,,,,,,,,,,,,,,,,,,,,,,1,,
0,15,28,"{'x': 1038.0721567729547, 'y': 158.32288636714514, 'elapsedTime': 45406}",936736904456,5195308542,POINT (0.5406625816525806 0.146595265154764),,,,,,,,,,,,,,,,,,,,,,,,,,,,,,,,,,,,,,,,,,,,,,,,,,,,,,,,,,,,,,,,,,,,,,,,,,,,,,,,,,,,,,,,,,,,,,,,,,,1,,
0,15,28,"{'x': 1185.1243031114097, 'y': 76.2954668302104, 'elapsedTime': 45451.700000047684}",936736921123,5195325208,POINT (0.6172522412038592 0.0706439507687133),,,,,,,,,,,,,,,,,,,,,,,,,,,,,,,,,,,,,,,,,,,,,,,,,,,,,,,,,,,,,,,,,,,,,,,,,,,,,,,,,,,,,,,,,,,,,,,,,,,,,
0,15,28,"{'x': 1185.1243031114097, 'y': 76.2954668302104, 'elapsedTime': 45451.700000047684}",936736937795,5195341880,POINT (0.6172522412038592 0.0706439507687133),,,,,,,,,,,,,,,,,,,,,,,,,,,,,,,,,,,,,,,,,,,,,,,,,,,,,,,,,,,,,,,,,,,,,,,,,,,,,,,,,,,,,,,,,,,,,,,,,,,,,
0,15,28,"{'x': 1227.2931901011339, 'y': 39.39628718264504, 'elapsedTime': 45499.700000047684}",936736954463,5195358547,POINT (0.6392152031776739 0.0364780436876343),,,,,,,,,,,,,,,,,,,,,,,,,,,,,,,,,,,,,,,,,,,,,,,,,,,,,,,,,,,,,,,,,,,,,,,,,,,,,,,,,,,,,,,,,,,,,,,,,,,,,
0,15,28,"{'x': 1227.2931901011339, 'y': 39.39628718264504, 'elapsedTime': 45499.700000047684}",936736971129,5195375213,POINT (0.6392152031776739 0.0364780436876343),,,,,,,,,,,,,,,,,,,,,,,,,,,,,,,,,,,,,,,,,,,,,,,,,,,,,,,,,,,,,,,,,,,,,,,,,,,,,,,,,,,,,,,,,,,,,,,,,,,,,
0,15,28,"{'x': 1227.2931901011339, 'y': 39.39628718264504, 'elapsedTime': 45499.700000047684}",936736987797,5195391880,POINT (0.6392152031776739 0.0364780436876343),,,,,,,,,,,,,,,,,,,,,,,,,,,,,,,,,,,,,,,,,,,,,,,,,,,,,,,,,,,,,,,,,,,,,,,,,,,,,,,,,,,,,,,,,,,,,,,,,,,,,
0,15,28,"{'x': 1227.2931901011339, 'y': 39.39628718264504, 'elapsedTime': 45499.700000047684}",936737004464,5195408547,POINT (0.6392152031776739 0.0364780436876343),,,,,,,,,,,,,,,,,,,,,,,,,,,,,,,,,,,,,,,,,,,,,,,,,,,,,,,,,,,,,,,,,,,,,,,,,,,,,,,,,,,,,,,,,,,,,,,,,,,,,
0,15,28,"{'x': 1315.4147713219897, 'y': 39.01070042833843, 'elapsedTime': 45545.10000002384}",936737021131,5195425213,POINT (0.6851118600635363 0.0361210189151282),,,,,,,,,,,,,,,,,,,,,,,,,,,,,,,,,,,,,,,,,,,,,,,,,,,,,,,,,,,,,,,,,,,,,,,,,,,,,,,,,,,,,,,,,,,,,,,,,,,,,
0,15,28,"{'x': 1315.4147713219897, 'y': 39.01070042833843, 'elapsedTime': 45545.10000002384}",936737037798,5195441880,POINT (0.6851118600635363 0.0361210189151282),,,,,,,,,,,,,,,,,,,,,,,,,,,,,,,,,,,,,,,,,,,,,,,,,,,,,,,,,,,,,,,,,,,,,,,,,,,,,,,,,,,,,,,,,,,,,,,,,,,,,
0,15,28,"{'x': 1391.8742162917536, 'y': 66.85598906880479, 'elapsedTime': 45590}",936737054470,5195458551,POINT (0.724934487651955 0.0619036935822267),,,,,,,,,,,,,,,,,,,,,,,,,,,,,,,,,,,,,,,,,,,,,,,,,,,,,,,,,,,,,,,,,,,,,,,,,,,,,,,,,,,,,,,,,,,,,,,,,,,,,
0,15,28,"{'x': 1391.8742162917536, 'y': 66.85598906880479, 'elapsedTime': 45590}",936737071136,5195475217,POINT (0.724934487651955 0.0619036935822267),,,,,,,,,,,,,,,,,,,,,,,,,,,,,,,,,,,,,,,,,,,,,,,,,,,,,,,,,,,,,,,,,,,,,,,,,,,,,,,,,,,,,,,,,,,,,,,,,,,,,
0,15,28,"{'x': 1391.8742162917536, 'y': 66.85598906880479, 'elapsedTime': 45590}",936737087804,5195491884,POINT (0.724934487651955 0.0619036935822267),,,,,,,,,,,,,,,,,,,,,,,,,,,,,,,,,,,,,,,,,,,,,,,,,,,,,,,,,,,,,,,,,,,,,,,,,,,,,,,,,,,,,,,,,,,,,,,,,,,,,
0,15,28,"{'x': 1394.3465072633755, 'y': 59.99847941603158, 'elapsedTime': 45643.800000071526}",936737104470,5195508550,POINT (0.7262221391996747 0.0555541476074366),,,,,,,,,,,,,,,,,,,,,,,,,,,,,,,,,,,,,,,,,,,,,,,,,,,,,,,,,,,,,,,,,,,,,,,,,,,,,,,,,,,,,,,,,,,,,,,,,,,,,
0,15,28,"{'x': 1394.3465072633755, 'y': 59.99847941603158, 'elapsedTime': 45643.800000071526}",936737121138,5195525217,POINT (0.7262221391996747 0.0555541476074366),,,,,,,,,,,,,,,,,,,,,,,,,,,,,,,,,,,,,,,,,,,,,,,,,,,,,,,,,,,,,,,,,,,,,,,,,,,,,,,,,,,,,,,,,,,,,,,,,,,,,
0,15,28,"{'x': 1394.3465072633755, 'y': 59.99847941603158, 'elapsedTime': 45643.800000071526}",936737137805,5195541884,POINT (0.7262221391996747 0.0555541476074366),,,,,,,,,,,,,,,,,,,,,,,,,,,,,,,,,,,,,,,,,,,,,,,,,,,,,,,,,,,,,,,,,,,,,,,,,,,,,,,,,,,,,,,,,,,,,,,,,,,,,
0,15,28,"{'x': 1454.9387139438652, 'y': 91.97385794987085, 'elapsedTime': 45690.39999997616}",936737154472,5195558550,POINT (0.7577805801790964 0.0851609795832138),,,,,,,,,,,,,,,,,,,,,,,,,,,,,,,,,,,,,,,,,,,,,,,,,,,,,,,,,,,,,,,,,,,,,,,,,,,,,,,,,,,,,,,,,,,,,,,,,,,,,
0,15,28,"{'x': 1454.9387139438652, 'y': 91.97385794987085, 'elapsedTime': 45690.39999997616}",936737171139,5195575217,POINT (0.7577805801790964 0.0851609795832138),,,,,,,,,,,,,,,,,,,,,,,,,,,,,,,,,,,,,,,,,,,,,,,,,,,,,,,,,,,,,,,,,,,,,,,,,,,,,,,,,,,,,,,,,,,,,,,,,,,,,
0,15,28,"{'x': 1414.8110996278417, 'y': 51.68586281050374, 'elapsedTime': 45733.60000002384}",936737187810,5195591888,POINT (0.7368807810561676 0.0478572803800961),,,,,,,,,,,,,,,,,,,,,,,,,,,,,,,,,,,,,,,,,,,,,,,,,,,,,,,,,,,,,,,,,,,,,,,,,,,,,,,,,,,,,,,,,,,,,,,,,,,,,
0,15,28,"{'x': 1414.8110996278417, 'y': 51.68586281050374, 'elapsedTime': 45733.60000002384}",936737204477,5195608554,POINT (0.7368807810561676 0.0478572803800961),,,,,,,,,,,,,,,,,,,,,,,,,,,,,,,,,,,,,,,,,,,,,,,,,,,,,,,,,,,,,,,,,,,,,,,,,,,,,,,,,,,,,,,,,,,,,,,,,,,,,
0,15,28,"{'x': 1414.8110996278417, 'y': 51.68586281050374, 'elapsedTime': 45733.60000002384}",936737221143,5195625220,POINT (0.7368807810561676 0.0478572803800961),,,,,,,,,,,,,,,,,,,,,,,,,,,,,,,,,,,,,,,,,,,,,,,,,,,,,,,,,,,,,,,,,,,,,,,,,,,,,,,,,,,,,,,,,,,,,,,,,,,,,
0,15,28,"{'x': 1466.548383211011, 'y': 81.95587520678728, 'elapsedTime': 45779.10000002384}",936737237811,5195641887,POINT (0.7638272829224015 0.0758850696359142),,,,,,,,,,,,,,,,,,,,,,,,,,,,,,,,,,,,,,,,,,,,,,,,,,,,,,,,,,,,,,,,,,,,,,,,,,,,,,,,,,,,,,,,,,,,,,,,,,,,,
0,15,28,"{'x': 1466.548383211011, 'y': 81.95587520678728, 'elapsedTime': 45779.10000002384}",936737254478,5195658554,POINT (0.7638272829224015 0.0758850696359142),,,,,,,,,,,,,,,,,,,,,,,,,,,,,,,,,,,,,,,,,,,,,,,,,,,,,,,,,,,,,,,,,,,,,,,,,,,,,,,,,,,,,,,,,,,,,,,,,,,,,
0,15,28,"{'x': 1466.548383211011, 'y': 81.95587520678728, 'elapsedTime': 45779.10000002384}",936737271146,5195675221,POINT (0.7638272829224015 0.0758850696359142),,,,,,,,,,,,,,,,,,,,,,,,,,,,,,,,,,,,,,,,,,,,,,,,,,,,,,,,,,,,,,,,,,,,,,,,,,,,,,,,,,,,,,,,,,,,,,,,,,,,,
0,15,28,"{'x': 1283.0316538769537, 'y': 131.99811899760292, 'elapsedTime': 45824.60000002384}",936737287813,5195691888,POINT (0.6682456530609133 0.122220480553336),,,,,,,,,,,,,,,,,,,,,,,,,,,,,,,,,,,,,,,,,,,,,,,,,,,,,,,,,,,,,,,,,,,,,,,,,,,,,,,,,,,,,,,,,,,,,,,,,,,,,
0,15,28,"{'x': 1283.0316538769537, 'y': 131.99811899760292, 'elapsedTime': 45824.60000002384}",936737304480,5195708554,POINT (0.6682456530609133 0.122220480553336),,,,,,,,,,,,,,,,,,,,,,,,,,,,,,,,,,,,,,,,,,,,,,,,,,,,,,,,,,,,,,,,,,,,,,,,,,,,,,,,,,,,,,,,,,,,,,,,,,,,,
0,15,28,"{'x': 1283.0316538769537, 'y': 131.99811899760292, 'elapsedTime': 45824.60000002384}",936737321152,5195725226,POINT (0.6682456530609133 0.122220480553336),,,,,,,,,,,,,,,,,,,,,,,,,,,,,,,,,,,,,,,,,,,,,,,,,,,,,,,,,,,,,,,,,,,,,,,,,,,,,,,,,,,,,,,,,,,,,,,,,,,,,
0,15,28,"{'x': 1030.122904546578, 'y': 260.4725970599656, 'elapsedTime': 45871.39999997616}",936737337819,5195741892,POINT (0.5365223461180093 0.2411783306110793),,,,,,,,,,,,,,,,,,,,,,,,,,,,,,,,,,,,,,,,,,,,,,,,,,,,,,,,,,,,,,,,,,,,,,,,,,,,,,,,,,,,,,,,,,,,,,,,,,,1,1,
0,15,28,"{'x': 1030.122904546578, 'y': 260.4725970599656, 'elapsedTime': 45871.39999997616}",936737354486,5195758559,POINT (0.5365223461180093 0.2411783306110793),,,,,,,,,,,,,,,,,,,,,,,,,,,,,,,,,,,,,,,,,,,,,,,,,,,,,,,,,,,,,,,,,,,,,,,,,,,,,,,,,,,,,,,,,,,,,,,,,,,1,1,
0,15,28,"{'x': 793.95206257614, 'y': 352.38468719200614, 'elapsedTime': 45916.800000071526}",936737371154,5195775226,POINT (0.4135166992584062 0.3262821177703761),,,,,,,,,,,,,,,,,,,,,,,,,,,,,,,,,,,,,,,,,,,,,,,,,,,,,,,,,,,,,,,,,,,,,,,,,,,,,,,,,,,,,,,,,,,,,,,,,,,,1,
0,15,28,"{'x': 793.95206257614, 'y': 352.38468719200614, 'elapsedTime': 45916.800000071526}",936737396154,5195800225,POINT (0.4135166992584062 0.3262821177703761),,,,,,,,,,,,,,,,,,,,,,,,,,,,,,,,,,,,,,,,,,,,,,,,,,,,,,,,,,,,,,,,,,,,,,,,,,,,,,,,,,,,,,,,,,,,,,,,,,,,1,
0,15,28,"{'x': 793.95206257614, 'y': 352.38468719200614, 'elapsedTime': 45916.800000071526}",936737412821,5195816892,POINT (0.4135166992584062 0.3262821177703761),,,,,,,,,,,,,,,,,,,,,,,,,,,,,,,,,,,,,,,,,,,,,,,,,,,,,,,,,,,,,,,,,,,,,,,,,,,,,,,,,,,,,,,,,,,,,,,,,,,,1,
0,15,28,"{'x': 691.7889332593313, 'y': 394.63566352946344, 'elapsedTime': 45963.300000071526}",936737429491,5195833561,POINT (0.3603067360725684 0.3654033921569106),,,,,,,,,,,,,,,,,,,,,,,,,,,,,,,,,,,,,,,,,,,,,,,,,,,,,,,,,,,,,,,,,,,,,,,,,,,,,,,,,,,,,,,,,,,,,,,,,,,,,
0,15,28,"{'x': 655.6580627840086, 'y': 430.41861664908816, 'elapsedTime': 46009}",936737446162,5195850232,POINT (0.3414885743666712 0.3985357561565631),,,,,,,,,,,,,,,,,,,,,,,,,,,,,,,,,,,,,,,,,,,,,,,,,,,,,,,,,,,,,,,,,,,,,,,,,,,,,,,,,,,,,,,,,,,,,,,,,,,,,
0,15,28,"{'x': 655.6580627840086, 'y': 430.41861664908816, 'elapsedTime': 46009}",936737462829,5195866898,POINT (0.3414885743666712 0.3985357561565631),,,,,,,,,,,,,,,,,,,,,,,,,,,,,,,,,,,,,,,,,,,,,,,,,,,,,,,,,,,,,,,,,,,,,,,,,,,,,,,,,,,,,,,,,,,,,,,,,,,,,
0,15,28,"{'x': 655.6580627840086, 'y': 430.41861664908816, 'elapsedTime': 46009}",936737479496,5195883565,POINT (0.3414885743666712 0.3985357561565631),,,,,,,,,,,,,,,,,,,,,,,,,,,,,,,,,,,,,,,,,,,,,,,,,,,,,,,,,,,,,,,,,,,,,,,,,,,,,,,,,,,,,,,,,,,,,,,,,,,,,
0,15,28,"{'x': 655.6580627840086, 'y': 430.41861664908816, 'elapsedTime': 46009}",936737496164,5195900232,POINT (0.3414885743666712 0.3985357561565631),,,,,,,,,,,,,,,,,,,,,,,,,,,,,,,,,,,,,,,,,,,,,,,,,,,,,,,,,,,,,,,,,,,,,,,,,,,,,,,,,,,,,,,,,,,,,,,,,,,,,
0,15,28,"{'x': 571.5975841568501, 'y': 434.12869808541944, 'elapsedTime': 46054.800000071526}",936737512831,5195916899,POINT (0.2977070750816928 0.4019710167457588),,,,,,,,,,,,,,,,,,,,,,,,,,,,,,,,,,,,,,,,,,,,,,,,,,,,,,,,,,,,,,,,,,,,,,,,,,,,,,,,,,,,,,,,,,,,,,,,,,,,,
0,15,28,"{'x': 571.5975841568501, 'y': 434.12869808541944, 'elapsedTime': 46054.800000071526}",936737529498,5195933565,POINT (0.2977070750816928 0.4019710167457588),,,,,,,,,,,,,,,,,,,,,,,,,,,,,,,,,,,,,,,,,,,,,,,,,,,,,,,,,,,,,,,,,,,,,,,,,,,,,,,,,,,,,,,,,,,,,,,,,,,,,
0,15,28,"{'x': 571.5975841568501, 'y': 434.12869808541944, 'elapsedTime': 46054.800000071526}",936737546165,5195950232,POINT (0.2977070750816928 0.4019710167457588),,,,,,,,,,,,,,,,,,,,,,,,,,,,,,,,,,,,,,,,,,,,,,,,,,,,,,,,,,,,,,,,,,,,,,,,,,,,,,,,,,,,,,,,,,,,,,,,,,,,,
0,15,28,"{'x': 571.5975841568501, 'y': 434.12869808541944, 'elapsedTime': 46054.800000071526}",936737562833,5195966899,POINT (0.2977070750816928 0.4019710167457588),,,,,,,,,,,,,,,,,,,,,,,,,,,,,,,,,,,,,,,,,,,,,,,,,,,,,,,,,,,,,,,,,,,,,,,,,,,,,,,,,,,,,,,,,,,,,,,,,,,,,
0,15,28,"{'x': 439.6661913849554, 'y': 441.7105393405012, 'elapsedTime': 46102.700000047684}",936737579504,5195983570,POINT (0.2289928080129976 0.4089912401300937),,,,,,,,,,,,,,,,,,,,,,,,,,,,,,,,,,,,,,,,,,,,,,,,,,,,,,,,,,,,,,,,,,,,,,,,,,,,,,,,,,,,,,,,,,,,,,,,,,,,,
0,15,28,"{'x': 439.6661913849554, 'y': 441.7105393405012, 'elapsedTime': 46102.700000047684}",936737596171,5196000237,POINT (0.2289928080129976 0.4089912401300937),,,,,,,,,,,,,,,,,,,,,,,,,,,,,,,,,,,,,,,,,,,,,,,,,,,,,,,,,,,,,,,,,,,,,,,,,,,,,,,,,,,,,,,,,,,,,,,,,,,,,
0,15,28,"{'x': 417.84953841754464, 'y': 399.98809915775126, 'elapsedTime': 46159.5}",936737612838,5196016903,POINT (0.2176299679258045 0.3703593510719919),,,,,,,,,,,,,,,,,,,,,,,,,,,,,,,,,,,,,,,,,,,,,,,,,,,,,,,,,,,,,,,,,,,,,,,,,,,,,,,,,,,,,,,,,,,,,,,,,,,,,
0,15,28,"{'x': 417.84953841754464, 'y': 399.98809915775126, 'elapsedTime': 46159.5}",936737629505,5196033570,POINT (0.2176299679258045 0.3703593510719919),,,,,,,,,,,,,,,,,,,,,,,,,,,,,,,,,,,,,,,,,,,,,,,,,,,,,,,,,,,,,,,,,,,,,,,,,,,,,,,,,,,,,,,,,,,,,,,,,,,,,
0,15,28,"{'x': 417.84953841754464, 'y': 399.98809915775126, 'elapsedTime': 46159.5}",936737646173,5196050237,POINT (0.2176299679258045 0.3703593510719919),,,,,,,,,,,,,,,,,,,,,,,,,,,,,,,,,,,,,,,,,,,,,,,,,,,,,,,,,,,,,,,,,,,,,,,,,,,,,,,,,,,,,,,,,,,,,,,,,,,,,
0,15,28,"{'x': 422.40585303614534, 'y': 384.00562096937165, 'elapsedTime': 46205.200000047684}",936737662839,5196066903,POINT (0.2200030484563257 0.3555607601568256),,,,,,,,,,,,,,,,,,,,,,,,,,,,,,,,,,,,,,,,,,,,,,,,,,,,,,,,,,,,,,,,,,,,,,,,,,,,,,,,,,,,,,,,,,,,,,,,,,,,,
0,15,28,"{'x': 422.40585303614534, 'y': 384.00562096937165, 'elapsedTime': 46205.200000047684}",936737679507,5196083570,POINT (0.2200030484563257 0.3555607601568256),,,,,,,,,,,,,,,,,,,,,,,,,,,,,,,,,,,,,,,,,,,,,,,,,,,,,,,,,,,,,,,,,,,,,,,,,,,,,,,,,,,,,,,,,,,,,,,,,,,,,
0,15,28,"{'x': 422.40585303614534, 'y': 384.00562096937165, 'elapsedTime': 46205.200000047684}",936737696174,5196100237,POINT (0.2200030484563257 0.3555607601568256),,,,,,,,,,,,,,,,,,,,,,,,,,,,,,,,,,,,,,,,,,,,,,,,,,,,,,,,,,,,,,,,,,,,,,,,,,,,,,,,,,,,,,,,,,,,,,,,,,,,,
0,15,28,"{'x': 456.8071258526231, 'y': 370.39178323163884, 'elapsedTime': 46251.700000047684}",936737712845,5196116907,POINT (0.2379203780482412 0.34295535484411),,,,,,,,,,,,,,,,,,,,,,,,,,,,,,,,,,,,,,,,,,,,,,,,,,,,,,,,,,,,,,,,,,,,,,,,,,,,,,,,,,,,,,,,,,,,,,,,,,,,,
0,15,28,"{'x': 456.8071258526231, 'y': 370.39178323163884, 'elapsedTime': 46251.700000047684}",936737729512,5196133574,POINT (0.2379203780482412 0.34295535484411),,,,,,,,,,,,,,,,,,,,,,,,,,,,,,,,,,,,,,,,,,,,,,,,,,,,,,,,,,,,,,,,,,,,,,,,,,,,,,,,,,,,,,,,,,,,,,,,,,,,,
0,15,28,"{'x': 456.8071258526231, 'y': 370.39178323163884, 'elapsedTime': 46251.700000047684}",936737746180,5196150241,POINT (0.2379203780482412 0.34295535484411),,,,,,,,,,,,,,,,,,,,,,,,,,,,,,,,,,,,,,,,,,,,,,,,,,,,,,,,,,,,,,,,,,,,,,,,,,,,,,,,,,,,,,,,,,,,,,,,,,,,,
0,15,28,"{'x': 465.33704754452543, 'y': 296.7910207941908, 'elapsedTime': 46295.89999997616}",936737762846,5196166907,POINT (0.242363045596107 0.2748065007353618),,,,,,,,,,,,,,,,,,,,,,,,,,,,,,,,,,,,,,,,,,,,,,,,,,,,,,,,,,,,,,,,,,,,,,,,,,,,,,,,,,,,,,,,,,,,,,,,,,,1,,
0,15,28,"{'x': 465.33704754452543, 'y': 296.7910207941908, 'elapsedTime': 46295.89999997616}",936737779514,5196183574,POINT (0.242363045596107 0.2748065007353618),,,,,,,,,,,,,,,,,,,,,,,,,,,,,,,,,,,,,,,,,,,,,,,,,,,,,,,,,,,,,,,,,,,,,,,,,,,,,,,,,,,,,,,,,,,,,,,,,,,1,,
0,15,28,"{'x': 409.2158547932936, 'y': 269.20268356205986, 'elapsedTime': 46341.300000071526}",936737796180,5196200240,POINT (0.2131332577048404 0.2492617440389443),,,,,,,,,,,,,,,,,,,,,,,,,,,,,,,,,,,,,,,,,,,,,,,,,,,,,,,,,,,,,,,,,,,,,,,,,,,,,,,,,,,,,,,,,,,,,,,,,,,,1,
0,15,28,"{'x': 409.2158547932936, 'y': 269.20268356205986, 'elapsedTime': 46341.300000071526}",936737812848,5196216907,POINT (0.2131332577048404 0.2492617440389443),,,,,,,,,,,,,,,,,,,,,,,,,,,,,,,,,,,,,,,,,,,,,,,,,,,,,,,,,,,,,,,,,,,,,,,,,,,,,,,,,,,,,,,,,,,,,,,,,,,,1,
0,15,28,"{'x': 409.2158547932936, 'y': 269.20268356205986, 'elapsedTime': 46341.300000071526}",936737829515,5196233574,POINT (0.2131332577048404 0.2492617440389443),,,,,,,,,,,,,,,,,,,,,,,,,,,,,,,,,,,,,,,,,,,,,,,,,,,,,,,,,,,,,,,,,,,,,,,,,,,,,,,,,,,,,,,,,,,,,,,,,,,,1,
0,15,28,"{'x': 424.7052244726869, 'y': 257.766713569397, 'elapsedTime': 46385.800000071526}",936737846188,5196250246,POINT (0.2212006377461911 0.2386728829346268),,,,,,,,,,,,,,,,,,,,,,,,,,,,,,,,,,,,,,,,,,,,,,,,,,,1,,,,,,,,,,,,,,,,,,,,,,,,,,,,,,,,,,,,,,,,,,,,,,,,,1,
0,15,28,"{'x': 424.7052244726869, 'y': 257.766713569397, 'elapsedTime': 46385.800000071526}",936737862854,5196266912,POINT (0.2212006377461911 0.2386728829346268),,,,,,,,,,,,,,,,,,,,,,,,,,,,,,,,,,,,,,,,,,,,,,,,,,,1,,,,,,,,,,,,,,,,,,,,,,,,,,,,,,,,,,,,,,,,,,,,,,,,,1,
0,15,28,"{'x': 424.7052244726869, 'y': 257.766713569397, 'elapsedTime': 46385.800000071526}",936737879522,5196283579,POINT (0.2212006377461911 0.2386728829346268),,,,,,,,,,,,,,,,,,,,,,,,,,,,,,,,,,,,,,,,,,,,,,,,,,,1,,,,,,,,,,,,,,,,,,,,,,,,,,,,,,,,,,,,,,,,,,,,,,,,,1,
0,15,28,"{'x': 432.5719414423123, 'y': 321.69670730890823, 'elapsedTime': 46430.5}",936737896190,5196300247,POINT (0.225297886167871 0.2978673215823224),,,,,,,,,,,,,,,,,,,,,,,,,,,,,,,,,,,,,,,,,,,,,,,,,,,,,,,,,,,,,,,,,,,,,,,,,,,,,,,,,,,,,,,,,,,,,,,,,,,,,
0,15,28,"{'x': 432.5719414423123, 'y': 321.69670730890823, 'elapsedTime': 46430.5}",936737912856,5196316912,POINT (0.225297886167871 0.2978673215823224),,,,,,,,,,,,,,,,,,,,,,,,,,,,,,,,,,,,,,,,,,,,,,,,,,,,,,,,,,,,,,,,,,,,,,,,,,,,,,,,,,,,,,,,,,,,,,,,,,,,,
0,15,28,"{'x': 491.6595675221927, 'y': 296.90343937476166, 'elapsedTime': 46476.60000002384}",936737929523,5196333579,POINT (0.2560726914178087 0.2749105920136682),,,,,,,,,,,,,,,,,,,,,,,,,,,,,,,,,,,,,,,,,,,,,,,,,,,,,,,,,,,,,,,,,,,,,,,,,,,,,,1,,,,,,,,,,,,,,,,,,,,,1,1,
0,15,28,"{'x': 491.6595675221927, 'y': 296.90343937476166, 'elapsedTime': 46476.60000002384}",936737946191,5196350246,POINT (0.2560726914178087 0.2749105920136682),,,,,,,,,,,,,,,,,,,,,,,,,,,,,,,,,,,,,,,,,,,,,,,,,,,,,,,,,,,,,,,,,,,,,,,,,,,,,,1,,,,,,,,,,,,,,,,,,,,,1,1,
0,15,28,"{'x': 491.6595675221927, 'y': 296.90343937476166, 'elapsedTime': 46476.60000002384}",936737962857,5196366912,POINT (0.2560726914178087 0.2749105920136682),,,,,,,,,,,,,,,,,,,,,,,,,,,,,,,,,,,,,,,,,,,,,,,,,,,,,,,,,,,,,,,,,,,,,,,,,,,,,,1,,,,,,,,,,,,,,,,,,,,,1,1,
0,15,28,"{'x': 577.9282319838286, 'y': 330.7755740605128, 'elapsedTime': 46521.800000071526}",936737979527,5196383581,POINT (0.3010042874915774 0.30627367968566),,,,,,,,,,,,,,,,,,,,,,,,,,,,,,,,,,,,,,,,,,,,,,,,,,,,,,,,,,,,,,,,,,,,,,,,,,,,,,,,,,,,,,,,,,,,,,,,,,,,,
0,15,28,"{'x': 577.9282319838286, 'y': 330.7755740605128, 'elapsedTime': 46521.800000071526}",936737996195,5196400249,POINT (0.3010042874915774 0.30627367968566),,,,,,,,,,,,,,,,,,,,,,,,,,,,,,,,,,,,,,,,,,,,,,,,,,,,,,,,,,,,,,,,,,,,,,,,,,,,,,,,,,,,,,,,,,,,,,,,,,,,,
0,15,28,"{'x': 577.9282319838286, 'y': 330.7755740605128, 'elapsedTime': 46521.800000071526}",936738012862,5196416915,POINT (0.3010042874915774 0.30627367968566),,,,,,,,,,,,,,,,,,,,,,,,,,,,,,,,,,,,,,,,,,,,,,,,,,,,,,,,,,,,,,,,,,,,,,,,,,,,,,,,,,,,,,,,,,,,,,,,,,,,,
0,15,28,"{'x': 577.9282319838286, 'y': 330.7755740605128, 'elapsedTime': 46521.800000071526}",936738029529,5196433582,POINT (0.3010042874915774 0.30627367968566),,,,,,,,,,,,,,,,,,,,,,,,,,,,,,,,,,,,,,,,,,,,,,,,,,,,,,,,,,,,,,,,,,,,,,,,,,,,,,,,,,,,,,,,,,,,,,,,,,,,,
0,15,28,"{'x': 584.5901152804918, 'y': 295.1082607080608, 'elapsedTime': 46565.800000071526}",936738046197,5196450249,POINT (0.3044740183752561 0.2732483895445008),,,,,,,,,,,,,,,,,,,,,,,,,,,,,,,,,,,,,,,,,,,,,,,,,,,,,,,,,,,,,,,,,,,,,,,,,,,,,,,,,,,,,,,,,,,,,,,,,,,1,1,
0,15,28,"{'x': 584.5901152804918, 'y': 295.1082607080608, 'elapsedTime': 46565.800000071526}",936738062863,5196466915,POINT (0.3044740183752561 0.2732483895445008),,,,,,,,,,,,,,,,,,,,,,,,,,,,,,,,,,,,,,,,,,,,,,,,,,,,,,,,,,,,,,,,,,,,,,,,,,,,,,,,,,,,,,,,,,,,,,,,,,,1,1,
0,15,28,"{'x': 584.5901152804918, 'y': 295.1082607080608, 'elapsedTime': 46565.800000071526}",936738079530,5196483581,POINT (0.3044740183752561 0.2732483895445008),,,,,,,,,,,,,,,,,,,,,,,,,,,,,,,,,,,,,,,,,,,,,,,,,,,,,,,,,,,,,,,,,,,,,,,,,,,,,,,,,,,,,,,,,,,,,,,,,,,1,1,
0,15,28,"{'x': 554.1040940006009, 'y': 306.248677778574, 'elapsedTime': 46632.800000071526}",936738096198,5196500249,POINT (0.2885958822919796 0.2835635905357167),,,,,,,,,,,,,,,,,,,,,,,,,,,,,,,,,,,,,,,,,,,,,,,,,,,,,,,,,,,,,,,,,,,,,,,,,,,,,,,,,,,,,,,,,,,,,,,,,,,1,1,
0,15,28,"{'x': 554.1040940006009, 'y': 306.248677778574, 'elapsedTime': 46632.800000071526}",936738112867,5196516917,POINT (0.2885958822919796 0.2835635905357167),,,,,,,,,,,,,,,,,,,,,,,,,,,,,,,,,,,,,,,,,,,,,,,,,,,,,,,,,,,,,,,,,,,,,,,,,,,,,,,,,,,,,,,,,,,,,,,,,,,1,1,
0,15,28,"{'x': 554.1040940006009, 'y': 306.248677778574, 'elapsedTime': 46632.800000071526}",936738129533,5196533583,POINT (0.2885958822919796 0.2835635905357167),,,,,,,,,,,,,,,,,,,,,,,,,,,,,,,,,,,,,,,,,,,,,,,,,,,,,,,,,,,,,,,,,,,,,,,,,,,,,,,,,,,,,,,,,,,,,,,,,,,1,1,
0,15,28,"{'x': 515.788369409041, 'y': 284.0389331969243, 'elapsedTime': 46678.800000071526}",936738146203,5196550252,POINT (0.2686397757338755 0.2629990122193743),,,,,,,,,,,,,,,,,,,,,,,,,,,,,,,,,,,,,,,,,,,,,,,,,,,,,,,,,,,,,,,,,,,,,,,,,,,,,,,,,,,,,,,,,,,,,,,,,,,,1,
0,15,28,"{'x': 515.788369409041, 'y': 284.0389331969243, 'elapsedTime': 46678.800000071526}",936738162868,5196566917,POINT (0.2686397757338755 0.2629990122193743),,,,,,,,,,,,,,,,,,,,,,,,,,,,,,,,,,,,,,,,,,,,,,,,,,,,,,,,,,,,,,,,,,,,,,,,,,,,,,,,,,,,,,,,,,,,,,,,,,,,1,
0,15,28,"{'x': 550.9524714724139, 'y': 254.71420337036062, 'elapsedTime': 46724.39999997616}",936738179536,5196583584,POINT (0.2869544122252156 0.2358464846021858),,,,,,,,,,,,,,,,,,,,,,,,,,,,,,,,,,,,,,,,,,,,,,,,,,,,,,1,,,,,,,,,,,,,,,,,,,,,,,,,,,,,,,,,,,,,,,,,,,,,,1,
0,15,28,"{'x': 550.9524714724139, 'y': 254.71420337036062, 'elapsedTime': 46724.39999997616}",936738196204,5196600252,POINT (0.2869544122252156 0.2358464846021858),,,,,,,,,,,,,,,,,,,,,,,,,,,,,,,,,,,,,,,,,,,,,,,,,,,,,,1,,,,,,,,,,,,,,,,,,,,,,,,,,,,,,,,,,,,,,,,,,,,,,1,
0,15,28,"{'x': 550.9524714724139, 'y': 254.71420337036062, 'elapsedTime': 46724.39999997616}",936738212870,5196616917,POINT (0.2869544122252156 0.2358464846021858),,,,,,,,,,,,,,,,,,,,,,,,,,,,,,,,,,,,,,,,,,,,,,,,,,,,,,1,,,,,,,,,,,,,,,,,,,,,,,,,,,,,,,,,,,,,,,,,,,,,,1,
0,15,28,"{'x': 499.48896502155566, 'y': 270.75023119465556, 'elapsedTime': 46768.10000002384}",936738229539,5196633586,POINT (0.2601505026153936 0.25069465851357),,,,,,,,,,,,,,,,,,,,,,,,,,,,,,,,,,,,,,,,,,,,,,,,,,,,,,,,,,,,,,,,,,,,,,,,,,,,,,,,,,,,,,,,,,,,,,,,,,,,1,
0,15,28,"{'x': 499.48896502155566, 'y': 270.75023119465556, 'elapsedTime': 46768.10000002384}",936738246213,5196650259,POINT (0.2601505026153936 0.25069465851357),,,,,,,,,,,,,,,,,,,,,,,,,,,,,,,,,,,,,,,,,,,,,,,,,,,,,,,,,,,,,,,,,,,,,,,,,,,,,,,,,,,,,,,,,,,,,,,,,,,,1,
0,15,28,"{'x': 499.48896502155566, 'y': 270.75023119465556, 'elapsedTime': 46768.10000002384}",936738262880,5196666926,POINT (0.2601505026153936 0.25069465851357),,,,,,,,,,,,,,,,,,,,,,,,,,,,,,,,,,,,,,,,,,,,,,,,,,,,,,,,,,,,,,,,,,,,,,,,,,,,,,,,,,,,,,,,,,,,,,,,,,,,1,
0,15,28,"{'x': 495.36821311402105, 'y': 277.88655944175235, 'elapsedTime': 46813.5}",936738279547,5196683592,POINT (0.2580042776635526 0.2573023698534744),,,,,,,,,,,,,,,,,,,,,,,,,,,,,,,,,,,,,,,,,,,,,,,,,,,,,,,,,,,,,,,,,,,,,,,,,,,,,,1,,,,,,,,,,,,,,,,,,,,,,1,
0,15,28,"{'x': 495.36821311402105, 'y': 277.88655944175235, 'elapsedTime': 46813.5}",936738296214,5196700259,POINT (0.2580042776635526 0.2573023698534744),,,,,,,,,,,,,,,,,,,,,,,,,,,,,,,,,,,,,,,,,,,,,,,,,,,,,,,,,,,,,,,,,,,,,,,,,,,,,,1,,,,,,,,,,,,,,,,,,,,,,1,
0,15,28,"{'x': 509.3153764687749, 'y': 185.45564869209778, 'elapsedTime': 46857.60000002384}",936738312882,5196716926,POINT (0.2652684252441536 0.1717181932334239),,,,,,,,,,,,,,,,,1,,,,,,,,,,,,,,,,,,,,,,,,,,,,,,,,,,,,,,,,,,,,,,,,,,,,,,,,,,,,,,,,,,,,,,,,,,,,,,,,,,,,
0,15,28,"{'x': 509.3153764687749, 'y': 185.45564869209778, 'elapsedTime': 46857.60000002384}",936738329548,5196733592,POINT (0.2652684252441536 0.1717181932334239),,,,,,,,,,,,,,,,,1,,,,,,,,,,,,,,,,,,,,,,,,,,,,,,,,,,,,,,,,,,,,,,,,,,,,,,,,,,,,,,,,,,,,,,,,,,,,,,,,,,,,
0,15,28,"{'x': 509.3153764687749, 'y': 185.45564869209778, 'elapsedTime': 46857.60000002384}",936738346216,5196750259,POINT (0.2652684252441536 0.1717181932334239),,,,,,,,,,,,,,,,,1,,,,,,,,,,,,,,,,,,,,,,,,,,,,,,,,,,,,,,,,,,,,,,,,,,,,,,,,,,,,,,,,,,,,,,,,,,,,,,,,,,,,
0,15,28,"{'x': 500.5953912110765, 'y': 204.75541503627036, 'elapsedTime': 46903.300000071526}",936738362882,5196766925,POINT (0.260726766255769 0.1895883472558059),,,,,,,,,,,,,,,,,1,,,,,,,,,,,,,,,,,,,,,,,,,,,,,,,,,,,,,,,,,,,,,,,,,,,,,,,,,,,,,,,,,,,,,,,,,,,,,,,,,,,,
0,15,28,"{'x': 500.5953912110765, 'y': 204.75541503627036, 'elapsedTime': 46903.300000071526}",936738379553,5196783596,POINT (0.260726766255769 0.1895883472558059),,,,,,,,,,,,,,,,,1,,,,,,,,,,,,,,,,,,,,,,,,,,,,,,,,,,,,,,,,,,,,,,,,,,,,,,,,,,,,,,,,,,,,,,,,,,,,,,,,,,,,
0,15,28,"{'x': 500.5953912110765, 'y': 204.75541503627036, 'elapsedTime': 46903.300000071526}",936738396221,5196800263,POINT (0.260726766255769 0.1895883472558059),,,,,,,,,,,,,,,,,1,,,,,,,,,,,,,,,,,,,,,,,,,,,,,,,,,,,,,,,,,,,,,,,,,,,,,,,,,,,,,,,,,,,,,,,,,,,,,,,,,,,,
0,15,28,"{'x': 488.4635646045242, 'y': 211.94479663131426, 'elapsedTime': 46947.10000002384}",936738412888,5196816930,POINT (0.2544081065648564 0.1962451820660317),,,,,,,,,,,,,,,,,,,,,,,,,,,,,,,,,,,,,,,,,,,,,,,,,,,,,,,,,,,,,,,,,,,,,,,,,,,,,,,,,,,,,,,,,,,,,,,,,,,,,
0,15,28,"{'x': 488.4635646045242, 'y': 211.94479663131426, 'elapsedTime': 46947.10000002384}",936738429556,5196833597,POINT (0.2544081065648564 0.1962451820660317),,,,,,,,,,,,,,,,,,,,,,,,,,,,,,,,,,,,,,,,,,,,,,,,,,,,,,,,,,,,,,,,,,,,,,,,,,,,,,,,,,,,,,,,,,,,,,,,,,,,,
0,15,28,"{'x': 488.4635646045242, 'y': 211.94479663131426, 'elapsedTime': 46947.10000002384}",936738446222,5196850263,POINT (0.2544081065648564 0.1962451820660317),,,,,,,,,,,,,,,,,,,,,,,,,,,,,,,,,,,,,,,,,,,,,,,,,,,,,,,,,,,,,,,,,,,,,,,,,,,,,,,,,,,,,,,,,,,,,,,,,,,,,
0,15,28,"{'x': 467.48131601596367, 'y': 249.33491974940938, 'elapsedTime': 46992.5}",936738462889,5196866929,POINT (0.2434798520916477 0.2308656664346383),,,,,,,,,,,,,,,,,,,,,,,,,,,,,,,,,,,,,,,,,,,,,,,,,,,,,,,,,,,,,,,,,,,,,,,,,,,,,,,,,,,,,,,,,,,,,,,,,,,,1,
0,15,28,"{'x': 467.48131601596367, 'y': 249.33491974940938, 'elapsedTime': 46992.5}",936738479557,5196883597,POINT (0.2434798520916477 0.2308656664346383),,,,,,,,,,,,,,,,,,,,,,,,,,,,,,,,,,,,,,,,,,,,,,,,,,,,,,,,,,,,,,,,,,,,,,,,,,,,,,,,,,,,,,,,,,,,,,,,,,,,1,
0,15,28,"{'x': 467.48131601596367, 'y': 249.33491974940938, 'elapsedTime': 46992.5}",936738496229,5196900268,POINT (0.2434798520916477 0.2308656664346383),,,,,,,,,,,,,,,,,,,,,,,,,,,,,,,,,,,,,,,,,,,,,,,,,,,,,,,,,,,,,,,,,,,,,,,,,,,,,,,,,,,,,,,,,,,,,,,,,,,,1,
0,15,28,"{'x': 497.45739935194734, 'y': 230.17700288800467, 'elapsedTime': 47044.200000047684}",936738512896,5196916935,POINT (0.2590923954958059 0.2131268545259302),,,,,,,,,,,,,,,,,,,,,,,,,,,,,,,,,,,,,,,,,,,,,,,,,,,,,,,,,,,,,,,,,,,,,,,,,,,,,,,,,,,,,,,,,,,,,,,,,,,,1,
0,15,28,"{'x': 497.45739935194734, 'y': 230.17700288800467, 'elapsedTime': 47044.200000047684}",936738529563,5196933601,POINT (0.2590923954958059 0.2131268545259302),,,,,,,,,,,,,,,,,,,,,,,,,,,,,,,,,,,,,,,,,,,,,,,,,,,,,,,,,,,,,,,,,,,,,,,,,,,,,,,,,,,,,,,,,,,,,,,,,,,,1,
0,15,28,"{'x': 497.45739935194734, 'y': 230.17700288800467, 'elapsedTime': 47044.200000047684}",936738546230,5196950268,POINT (0.2590923954958059 0.2131268545259302),,,,,,,,,,,,,,,,,,,,,,,,,,,,,,,,,,,,,,,,,,,,,,,,,,,,,,,,,,,,,,,,,,,,,,,,,,,,,,,,,,,,,,,,,,,,,,,,,,,,1,
0,15,28,"{'x': 529.3861006152807, 'y': 266.0884731050051, 'elapsedTime': 47096.800000071526}",936738562898,5196966935,POINT (0.275721927403792 0.2463782158379677),,,,,,,,,,,,,,,,,,,,,,,,,,,,,,,,,,,,,,,,,,,,,,,,,,,,,,1,,,,,,,,,,,,,,,,,,,,,,,,,,,,,,,,,,,,,,,,,,,,,,1,
0,15,28,"{'x': 529.3861006152807, 'y': 266.0884731050051, 'elapsedTime': 47096.800000071526}",936738579564,5196983601,POINT (0.275721927403792 0.2463782158379677),,,,,,,,,,,,,,,,,,,,,,,,,,,,,,,,,,,,,,,,,,,,,,,,,,,,,,1,,,,,,,,,,,,,,,,,,,,,,,,,,,,,,,,,,,,,,,,,,,,,,1,
0,15,28,"{'x': 531.9629592750235, 'y': 323.20902493223036, 'elapsedTime': 47141.800000071526}",936738596232,5197000268,POINT (0.2770640412890748 0.2992676156779911),,,,,,,,,,,,,,,,,,,,,,,,,,,,,,,,,,,,,,,,,,,,,,,,,,,,,,,,,,,,,,,,,,,,,,,,,,,,,,,,,,,,,,,,,,,,,,,,,,,,,
0,15,28,"{'x': 531.9629592750235, 'y': 323.20902493223036, 'elapsedTime': 47141.800000071526}",936738612898,5197016934,POINT (0.2770640412890748 0.2992676156779911),,,,,,,,,,,,,,,,,,,,,,,,,,,,,,,,,,,,,,,,,,,,,,,,,,,,,,,,,,,,,,,,,,,,,,,,,,,,,,,,,,,,,,,,,,,,,,,,,,,,,
0,15,28,"{'x': 531.9629592750235, 'y': 323.20902493223036, 'elapsedTime': 47141.800000071526}",936738629568,5197033603,POINT (0.2770640412890748 0.2992676156779911),,,,,,,,,,,,,,,,,,,,,,,,,,,,,,,,,,,,,,,,,,,,,,,,,,,,,,,,,,,,,,,,,,,,,,,,,,,,,,,,,,,,,,,,,,,,,,,,,,,,,
0,15,28,"{'x': 619.1896782165244, 'y': 264.99181999434103, 'elapsedTime': 47189.60000002384}",936738646235,5197050270,POINT (0.3224946240711065 0.2453627962910565),,,,,,,,,,,,,,,,,,,,,,,,,,,,,,,,,,,,,,,,,,,,,,,,,,,,,,,1,,,,,,,,,,,,,,,,,,,,,,,,,,,,,,,,,,,,,,,,,,,,,1,
0,15,28,"{'x': 619.1896782165244, 'y': 264.99181999434103, 'elapsedTime': 47189.60000002384}",936738662902,5197066936,POINT (0.3224946240711065 0.2453627962910565),,,,,,,,,,,,,,,,,,,,,,,,,,,,,,,,,,,,,,,,,,,,,,,,,,,,,,,1,,,,,,,,,,,,,,,,,,,,,,,,,,,,,,,,,,,,,,,,,,,,,1,
0,15,28,"{'x': 619.1896782165244, 'y': 264.99181999434103, 'elapsedTime': 47189.60000002384}",936738679569,5197083603,POINT (0.3224946240711065 0.2453627962910565),,,,,,,,,,,,,,,,,,,,,,,,,,,,,,,,,,,,,,,,,,,,,,,,,,,,,,,1,,,,,,,,,,,,,,,,,,,,,,,,,,,,,,,,,,,,,,,,,,,,,1,
0,15,28,"{'x': 618.459647568012, 'y': 298.59898925908436, 'elapsedTime': 47234.39999997616}",936738696237,5197100270,POINT (0.3221143997750062 0.2764805456102633),,,,,,,,,,,,,,,,,,,,,,,,,,,,,,,,,,,,,,,,,,,,,,,,,,,,,,,,,,,,,,,,,,,,,,,,,,,,,,,,,,,,,,,,,,,,,,,,,,,1,1,
0,15,28,"{'x': 618.459647568012, 'y': 298.59898925908436, 'elapsedTime': 47234.39999997616}",936738712903,5197116936,POINT (0.3221143997750062 0.2764805456102633),,,,,,,,,,,,,,,,,,,,,,,,,,,,,,,,,,,,,,,,,,,,,,,,,,,,,,,,,,,,,,,,,,,,,,,,,,,,,,,,,,,,,,,,,,,,,,,,,,,1,1,
0,15,28,"{'x': 618.459647568012, 'y': 298.59898925908436, 'elapsedTime': 47234.39999997616}",936738729572,5197133604,POINT (0.3221143997750062 0.2764805456102633),,,,,,,,,,,,,,,,,,,,,,,,,,,,,,,,,,,,,,,,,,,,,,,,,,,,,,,,,,,,,,,,,,,,,,,,,,,,,,,,,,,,,,,,,,,,,,,,,,,1,1,
0,15,28,"{'x': 633.6546440034961, 'y': 290.5099887371009, 'elapsedTime': 47280.700000047684}",936738746238,5197150270,POINT (0.3300284604184876 0.2689907303121305),,,,,,,,,,,,,,,,,,,,,,,,,,,,,,,,,,,,,,,,,,,,,,,,,,,,,,,,,,,,,,,,,,,,,,,,,,,,,,,,,,,,,,,,,,,,,,,,,,,1,1,
0,15,28,"{'x': 633.6546440034961, 'y': 290.5099887371009, 'elapsedTime': 47280.700000047684}",936738762913,5197166944,POINT (0.3300284604184876 0.2689907303121305),,,,,,,,,,,,,,,,,,,,,,,,,,,,,,,,,,,,,,,,,,,,,,,,,,,,,,,,,,,,,,,,,,,,,,,,,,,,,,,,,,,,,,,,,,,,,,,,,,,1,1,
0,15,28,"{'x': 633.6546440034961, 'y': 290.5099887371009, 'elapsedTime': 47280.700000047684}",936738779582,5197183613,POINT (0.3300284604184876 0.2689907303121305),,,,,,,,,,,,,,,,,,,,,,,,,,,,,,,,,,,,,,,,,,,,,,,,,,,,,,,,,,,,,,,,,,,,,,,,,,,,,,,,,,,,,,,,,,,,,,,,,,,1,1,
0,15,28,"{'x': 600.8924241014885, 'y': 269.7034015532355, 'elapsedTime': 47334.10000002384}",936738796250,5197200280,POINT (0.3129648042195253 0.2497253718085514),,,,,,,,,,,,,,,,,,,,,,,,,,,,,,,,,,,,,,,,,,,,,,,,,,,,,,,,,,,,,,,,,,,,,,,,,,,,,,,,,,,,,,,,,,,,,,,,,,,,1,
0,15,28,"{'x': 600.8924241014885, 'y': 269.7034015532355, 'elapsedTime': 47334.10000002384}",936738812916,5197216946,POINT (0.3129648042195253 0.2497253718085514),,,,,,,,,,,,,,,,,,,,,,,,,,,,,,,,,,,,,,,,,,,,,,,,,,,,,,,,,,,,,,,,,,,,,,,,,,,,,,,,,,,,,,,,,,,,,,,,,,,,1,
0,15,28,"{'x': 600.8924241014885, 'y': 269.7034015532355, 'elapsedTime': 47334.10000002384}",936738829584,5197233613,POINT (0.3129648042195253 0.2497253718085514),,,,,,,,,,,,,,,,,,,,,,,,,,,,,,,,,,,,,,,,,,,,,,,,,,,,,,,,,,,,,,,,,,,,,,,,,,,,,,,,,,,,,,,,,,,,,,,,,,,,1,
0,15,28,"{'x': 546.1694183777037, 'y': 350.33001612440984, 'elapsedTime': 47384.5}",936738846251,5197250280,POINT (0.2844632387383873 0.3243796445596388),,,,,,,,,,,,,,,,,,,,,,,,,,,,,,,,,,,,,,,,,,,,,,,,,,,,,,,,,,,,,,,,,,,,,,,,,,,,,,,,,,,,,,,,,,,,,,,,,,,,,
0,15,28,"{'x': 546.1694183777037, 'y': 350.33001612440984, 'elapsedTime': 47384.5}",936738862919,5197266947,POINT (0.2844632387383873 0.3243796445596388),,,,,,,,,,,,,,,,,,,,,,,,,,,,,,,,,,,,,,,,,,,,,,,,,,,,,,,,,,,,,,,,,,,,,,,,,,,,,,,,,,,,,,,,,,,,,,,,,,,,,
0,15,28,"{'x': 546.1694183777037, 'y': 350.33001612440984, 'elapsedTime': 47384.5}",936738879583,5197283611,POINT (0.2844632387383873 0.3243796445596388),,,,,,,,,,,,,,,,,,,,,,,,,,,,,,,,,,,,,,,,,,,,,,,,,,,,,,,,,,,,,,,,,,,,,,,,,,,,,,,,,,,,,,,,,,,,,,,,,,,,,
0,15,28,"{'x': 605.4679039290095, 'y': 494.8181200488595, 'elapsedTime': 47430}",936738896254,5197300281,POINT (0.3153478666296924 0.4581649259711662),,,,,,,,,,,,,,,,,,,,,,,,,,,,,,,,,,,,,,,,,,,,,,,,,,,,,,,,,,,,,,,,,,,,,,,,,,,,,,,,,,,,,,,,,,,,,,,,,,,,,
0,15,28,"{'x': 605.4679039290095, 'y': 494.8181200488595, 'elapsedTime': 47430}",936738912921,5197316948,POINT (0.3153478666296924 0.4581649259711662),,,,,,,,,,,,,,,,,,,,,,,,,,,,,,,,,,,,,,,,,,,,,,,,,,,,,,,,,,,,,,,,,,,,,,,,,,,,,,,,,,,,,,,,,,,,,,,,,,,,,
0,15,28,"{'x': 567.21632043018, 'y': 518.4342158638656, 'elapsedTime': 47474.700000047684}",936738929588,5197333614,POINT (0.2954251668907187 0.4800316813554311),,,,,,,,,,,,,,,,,,,,,,,,,,,,,,,,,,,,,,,,,,,,,,,,,,,,,,,,,,,,,,,,,,,,,,,,,,,,,,,,,,,,,,,,,,,,,,,,,,,,,
0,15,28,"{'x': 567.21632043018, 'y': 518.4342158638656, 'elapsedTime': 47474.700000047684}",936738946257,5197350283,POINT (0.2954251668907187 0.4800316813554311),,,,,,,,,,,,,,,,,,,,,,,,,,,,,,,,,,,,,,,,,,,,,,,,,,,,,,,,,,,,,,,,,,,,,,,,,,,,,,,,,,,,,,,,,,,,,,,,,,,,,
0,15,28,"{'x': 567.21632043018, 'y': 518.4342158638656, 'elapsedTime': 47474.700000047684}",936738962923,5197366948,POINT (0.2954251668907187 0.4800316813554311),,,,,,,,,,,,,,,,,,,,,,,,,,,,,,,,,,,,,,,,,,,,,,,,,,,,,,,,,,,,,,,,,,,,,,,,,,,,,,,,,,,,,,,,,,,,,,,,,,,,,
0,15,28,"{'x': 688.1307068396492, 'y': 518.1900873071147, 'elapsedTime': 47520.800000071526}",936738979589,5197383614,POINT (0.3584014098123173 0.4798056363954766),,,,,,,,,,,,,,,,,,,,,,,,,,,,,,,,,,,,,,,,,,,,,,,,,,,,,,,,,,,,,,,,,,,,,,,,,,,,,,,,,,,,,,,,,,,,,,,,,,,,,
0,15,28,"{'x': 688.1307068396492, 'y': 518.1900873071147, 'elapsedTime': 47520.800000071526}",936738996257,5197400281,POINT (0.3584014098123173 0.4798056363954766),,,,,,,,,,,,,,,,,,,,,,,,,,,,,,,,,,,,,,,,,,,,,,,,,,,,,,,,,,,,,,,,,,,,,,,,,,,,,,,,,,,,,,,,,,,,,,,,,,,,,
0,15,28,"{'x': 688.1307068396492, 'y': 518.1900873071147, 'elapsedTime': 47520.800000071526}",936739012923,5197416947,POINT (0.3584014098123173 0.4798056363954766),,,,,,,,,,,,,,,,,,,,,,,,,,,,,,,,,,,,,,,,,,,,,,,,,,,,,,,,,,,,,,,,,,,,,,,,,,,,,,,,,,,,,,,,,,,,,,,,,,,,,
0,15,28,"{'x': 785.713462772691, 'y': 503.2999892625243, 'elapsedTime': 47565.700000047684}",936739029594,5197433617,POINT (0.4092257618607765 0.4660185085764114),,,,,,,,,,,,,,,,,,,,,,,,,,,,,,,,,,,,,,,,,,,,,,,,,,,,,,,,,,,,,,,,,,,,,,,,,,,,,,,,,,,,,,,,,,,,,,,,,,,,,
0,15,28,"{'x': 785.713462772691, 'y': 503.2999892625243, 'elapsedTime': 47565.700000047684}",936739046261,5197450284,POINT (0.4092257618607765 0.4660185085764114),,,,,,,,,,,,,,,,,,,,,,,,,,,,,,,,,,,,,,,,,,,,,,,,,,,,,,,,,,,,,,,,,,,,,,,,,,,,,,,,,,,,,,,,,,,,,,,,,,,,,
0,15,28,"{'x': 785.713462772691, 'y': 503.2999892625243, 'elapsedTime': 47565.700000047684}",936739062929,5197466951,POINT (0.4092257618607765 0.4660185085764114),,,,,,,,,,,,,,,,,,,,,,,,,,,,,,,,,,,,,,,,,,,,,,,,,,,,,,,,,,,,,,,,,,,,,,,,,,,,,,,,,,,,,,,,,,,,,,,,,,,,,
0,15,28,"{'x': 814.0384176497196, 'y': 453.1894180438145, 'elapsedTime': 47622.800000071526}",936739079595,5197483617,POINT (0.4239783425258956 0.4196198315220505),,,,,,,,,,,,,,,,,,,,,,,,,,,,,,,,,,,,,,,,,,,,,,,,,,,,,,,,,,,,,,,,,,,,,,,,,,,,,,,,,,,,,,,,,,,,,,,,,,,,,
0,15,28,"{'x': 814.0384176497196, 'y': 453.1894180438145, 'elapsedTime': 47622.800000071526}",936739096263,5197500284,POINT (0.4239783425258956 0.4196198315220505),,,,,,,,,,,,,,,,,,,,,,,,,,,,,,,,,,,,,,,,,,,,,,,,,,,,,,,,,,,,,,,,,,,,,,,,,,,,,,,,,,,,,,,,,,,,,,,,,,,,,
0,15,28,"{'x': 814.0384176497196, 'y': 453.1894180438145, 'elapsedTime': 47622.800000071526}",936739112930,5197516951,POINT (0.4239783425258956 0.4196198315220505),,,,,,,,,,,,,,,,,,,,,,,,,,,,,,,,,,,,,,,,,,,,,,,,,,,,,,,,,,,,,,,,,,,,,,,,,,,,,,,,,,,,,,,,,,,,,,,,,,,,,
0,15,28,"{'x': 724.5634560749705, 'y': 460.7241418028792, 'elapsedTime': 47668.5}",936739129596,5197533617,POINT (0.3773768000390472 0.4265964275952585),,,,,,,,,,,,,,,,,,,,,,,,,,,,,,,,,,,,,,,,,,,,,,,,,,,,,,,,,,,,,,,,,,,,,,,,,,,,,,,,,,,,,,,,,,,,,,,,,,,,,
0,15,28,"{'x': 724.5634560749705, 'y': 460.7241418028792, 'elapsedTime': 47668.5}",936739146264,5197550284,POINT (0.3773768000390472 0.4265964275952585),,,,,,,,,,,,,,,,,,,,,,,,,,,,,,,,,,,,,,,,,,,,,,,,,,,,,,,,,,,,,,,,,,,,,,,,,,,,,,,,,,,,,,,,,,,,,,,,,,,,,
0,15,28,"{'x': 724.5634560749705, 'y': 460.7241418028792, 'elapsedTime': 47668.5}",936739162935,5197566955,POINT (0.3773768000390472 0.4265964275952585),,,,,,,,,,,,,,,,,,,,,,,,,,,,,,,,,,,,,,,,,,,,,,,,,,,,,,,,,,,,,,,,,,,,,,,,,,,,,,,,,,,,,,,,,,,,,,,,,,,,,
0,15,28,"{'x': 680.5004256754828, 'y': 404.07042608685157, 'elapsedTime': 47715.800000071526}",936739179602,5197583621,POINT (0.354427305039314 0.3741392834137515),,,,,,,,,,,,,,,,,,,,,,,,,,,,,,,,,,,,,,,,,,,,,,,,,,,,,,,,,,,,,,,,,,,,,,,,,,,,,,,,,,,,,,,,,,,,,,,,,,,,,
0,15,28,"{'x': 680.5004256754828, 'y': 404.07042608685157, 'elapsedTime': 47715.800000071526}",936739196269,5197600288,POINT (0.354427305039314 0.3741392834137515),,,,,,,,,,,,,,,,,,,,,,,,,,,,,,,,,,,,,,,,,,,,,,,,,,,,,,,,,,,,,,,,,,,,,,,,,,,,,,,,,,,,,,,,,,,,,,,,,,,,,
0,15,28,"{'x': 637.016525543576, 'y': 302.3025259998275, 'elapsedTime': 47761.10000002384}",936739212936,5197616954,POINT (0.3317794403872792 0.2799097462961366),,,,,,,,,,,,,,,,,,,,,,,,,,,,,,,,,,,,,,,,,,,,,,,,,,,,,,,,,,,,,,,,,,,,,,,,,,,,,,,,,,,,,,,,,,,,,,,,,,,1,1,
0,15,28,"{'x': 637.016525543576, 'y': 302.3025259998275, 'elapsedTime': 47761.10000002384}",936739229603,5197633621,POINT (0.3317794403872792 0.2799097462961366),,,,,,,,,,,,,,,,,,,,,,,,,,,,,,,,,,,,,,,,,,,,,,,,,,,,,,,,,,,,,,,,,,,,,,,,,,,,,,,,,,,,,,,,,,,,,,,,,,,1,1,
0,15,28,"{'x': 637.016525543576, 'y': 302.3025259998275, 'elapsedTime': 47761.10000002384}",936739246271,5197650288,POINT (0.3317794403872792 0.2799097462961366),,,,,,,,,,,,,,,,,,,,,,,,,,,,,,,,,,,,,,,,,,,,,,,,,,,,,,,,,,,,,,,,,,,,,,,,,,,,,,,,,,,,,,,,,,,,,,,,,,,1,1,
0,15,28,"{'x': 655.4290029368202, 'y': 334.7259541261663, 'elapsedTime': 47805.89999997616}",936739262937,5197666954,POINT (0.3413692723629272 0.3099314390057095),,,,,,,,,,,,,,,,,,,,,,,,,,,,,,,,,,,,,,,,,,,,,,,,,,,,,,,,,,,,,,,,,,,,,,,,,,,,,,,,,,,,,,,,,,,,,,,,,,,,1,
0,15,28,"{'x': 655.4290029368202, 'y': 334.7259541261663, 'elapsedTime': 47805.89999997616}",936739279605,5197683621,POINT (0.3413692723629272 0.3099314390057095),,,,,,,,,,,,,,,,,,,,,,,,,,,,,,,,,,,,,,,,,,,,,,,,,,,,,,,,,,,,,,,,,,,,,,,,,,,,,,,,,,,,,,,,,,,,,,,,,,,,1,
0,15,28,"{'x': 655.4290029368202, 'y': 334.7259541261663, 'elapsedTime': 47805.89999997616}",936739296279,5197700295,POINT (0.3413692723629272 0.3099314390057095),,,,,,,,,,,,,,,,,,,,,,,,,,,,,,,,,,,,,,,,,,,,,,,,,,,,,,,,,,,,,,,,,,,,,,,,,,,,,,,,,,,,,,,,,,,,,,,,,,,,1,
0,15,28,"{'x': 615.492878715159, 'y': 385.04204679661393, 'elapsedTime': 47852.800000071526}",936739312946,5197716961,POINT (0.3205692076641453 0.3565204137005685),,,,,,,,,,,,,,,,,,,,,,,,,,,,,,,,,,,,,,,,,,,,,,,,,,,,,,,,,,,,,,,,,,,,,,,,,,,,,,,,,,,,,,,,,,,,,,,,,,,,,
0,15,28,"{'x': 615.492878715159, 'y': 385.04204679661393, 'elapsedTime': 47852.800000071526}",936739329613,5197733628,POINT (0.3205692076641453 0.3565204137005685),,,,,,,,,,,,,,,,,,,,,,,,,,,,,,,,,,,,,,,,,,,,,,,,,,,,,,,,,,,,,,,,,,,,,,,,,,,,,,,,,,,,,,,,,,,,,,,,,,,,,
0,15,28,"{'x': 615.492878715159, 'y': 385.04204679661393, 'elapsedTime': 47852.800000071526}",936739346280,5197750294,POINT (0.3205692076641453 0.3565204137005685),,,,,,,,,,,,,,,,,,,,,,,,,,,,,,,,,,,,,,,,,,,,,,,,,,,,,,,,,,,,,,,,,,,,,,,,,,,,,,,,,,,,,,,,,,,,,,,,,,,,,
0,15,28,"{'x': 518.2524670924552, 'y': 417.29020975589316, 'elapsedTime': 47899.200000047684}",936739362947,5197766961,POINT (0.2699231599439871 0.3863798238480492),,,,,,,,,,,,,,,,,,,,,,,,,,,,,,,,,,,,,,,,,,,,,,,,,,,,,,,,,,,,,,,,,,,,,,,,,,,,,,,,,,,,,,,,,,,,,,,,,,,,,
0,15,28,"{'x': 518.2524670924552, 'y': 417.29020975589316, 'elapsedTime': 47899.200000047684}",936739379615,5197783628,POINT (0.2699231599439871 0.3863798238480492),,,,,,,,,,,,,,,,,,,,,,,,,,,,,,,,,,,,,,,,,,,,,,,,,,,,,,,,,,,,,,,,,,,,,,,,,,,,,,,,,,,,,,,,,,,,,,,,,,,,,
0,15,28,"{'x': 518.2524670924552, 'y': 417.29020975589316, 'elapsedTime': 47899.200000047684}",936739396282,5197800295,POINT (0.2699231599439871 0.3863798238480492),,,,,,,,,,,,,,,,,,,,,,,,,,,,,,,,,,,,,,,,,,,,,,,,,,,,,,,,,,,,,,,,,,,,,,,,,,,,,,,,,,,,,,,,,,,,,,,,,,,,,
0,15,28,"{'x': 554.3449559056677, 'y': 425.84899469143784, 'elapsedTime': 47944.10000002384}",936739412954,5197816966,POINT (0.2887213312008686 0.3943046247142943),,,,,,,,,,,,,,,,,,,,,,,,,,,,,,,,,,,,,,,,,,,,,,,,,,,,,,,,,,,,,,,,,,,,,,,,,,,,,,,,,,,,,,,,,,,,,,,,,,,,,
0,15,28,"{'x': 554.3449559056677, 'y': 425.84899469143784, 'elapsedTime': 47944.10000002384}",936739429621,5197833633,POINT (0.2887213312008686 0.3943046247142943),,,,,,,,,,,,,,,,,,,,,,,,,,,,,,,,,,,,,,,,,,,,,,,,,,,,,,,,,,,,,,,,,,,,,,,,,,,,,,,,,,,,,,,,,,,,,,,,,,,,,
0,15,28,"{'x': 535.4572630563413, 'y': 491.9819418303781, 'elapsedTime': 47987.89999997616}",936739446289,5197850300,POINT (0.2788839911751778 0.4555388350281279),,,,,,,,,,,,,,,,,,,,,,,,,,,,,,,,,,,,,,,,,,,,,,,,,,,,,,,,,,,,,,,,,,,,,,,,,,,,,,,,,,,,,,,,,,,,,,,,,,,,,
0,15,28,"{'x': 535.4572630563413, 'y': 491.9819418303781, 'elapsedTime': 47987.89999997616}",936739462955,5197866966,POINT (0.2788839911751778 0.4555388350281279),,,,,,,,,,,,,,,,,,,,,,,,,,,,,,,,,,,,,,,,,,,,,,,,,,,,,,,,,,,,,,,,,,,,,,,,,,,,,,,,,,,,,,,,,,,,,,,,,,,,,
0,15,28,"{'x': 535.4572630563413, 'y': 491.9819418303781, 'elapsedTime': 47987.89999997616}",936739479623,5197883633,POINT (0.2788839911751778 0.4555388350281279),,,,,,,,,,,,,,,,,,,,,,,,,,,,,,,,,,,,,,,,,,,,,,,,,,,,,,,,,,,,,,,,,,,,,,,,,,,,,,,,,,,,,,,,,,,,,,,,,,,,,
0,15,28,"{'x': 551.8476393490707, 'y': 529.5250238042413, 'elapsedTime': 48035.800000071526}",936739496290,5197900300,POINT (0.2874206454943077 0.4903009479668901),,,,,,,,,,,,,,,,,,,,,,,,,,,,,,,,,,,,,,,,,,,,,,,,,,,,,,,,,,,,,,,,,,,,,,,,,,,,,,,,,,,,,,,,,,,,,,,,,,,,,
0,15,28,"{'x': 551.8476393490707, 'y': 529.5250238042413, 'elapsedTime': 48035.800000071526}",936739512957,5197916966,POINT (0.2874206454943077 0.4903009479668901),,,,,,,,,,,,,,,,,,,,,,,,,,,,,,,,,,,,,,,,,,,,,,,,,,,,,,,,,,,,,,,,,,,,,,,,,,,,,,,,,,,,,,,,,,,,,,,,,,,,,
0,15,28,"{'x': 551.8476393490707, 'y': 529.5250238042413, 'elapsedTime': 48035.800000071526}",936739529623,5197933632,POINT (0.2874206454943077 0.4903009479668901),,,,,,,,,,,,,,,,,,,,,,,,,,,,,,,,,,,,,,,,,,,,,,,,,,,,,,,,,,,,,,,,,,,,,,,,,,,,,,,,,,,,,,,,,,,,,,,,,,,,,
0,15,28,"{'x': 552.8092308646765, 'y': 524.20264321984, 'elapsedTime': 48083.800000071526}",936739546293,5197950301,POINT (0.2879214744086856 0.4853728177961481),,,,,,,,,,,,,,,,,,,,,,,,,,,,,,,,,,,,,,,,,,,,,,,,,,,,,,,,,,,,,,,,,,,,,,,,,,,,,,,,,,,,,,,,,,,,,,,,,,,,,
0,15,28,"{'x': 552.8092308646765, 'y': 524.20264321984, 'elapsedTime': 48083.800000071526}",936739562960,5197966968,POINT (0.2879214744086856 0.4853728177961481),,,,,,,,,,,,,,,,,,,,,,,,,,,,,,,,,,,,,,,,,,,,,,,,,,,,,,,,,,,,,,,,,,,,,,,,,,,,,,,,,,,,,,,,,,,,,,,,,,,,,
0,15,28,"{'x': 552.8092308646765, 'y': 524.20264321984, 'elapsedTime': 48083.800000071526}",936739579627,5197983634,POINT (0.2879214744086856 0.4853728177961481),,,,,,,,,,,,,,,,,,,,,,,,,,,,,,,,,,,,,,,,,,,,,,,,,,,,,,,,,,,,,,,,,,,,,,,,,,,,,,,,,,,,,,,,,,,,,,,,,,,,,
0,15,28,"{'x': 684.3734954958811, 'y': 440.44014008666124, 'elapsedTime': 48130.300000071526}",936739596295,5198000302,POINT (0.3564445289041048 0.4078149445246864),,,,,,,,,,,,,,,,,,,,,,,,,,,,,,,,,,,,,,,,,,,,,,,,,,,,,,,,,,,,,,,,,,,,,,,,,,,,,,,,,,,,,,,,,,,,,,,,,,,,,
0,15,28,"{'x': 684.3734954958811, 'y': 440.44014008666124, 'elapsedTime': 48130.300000071526}",936739612962,5198016968,POINT (0.3564445289041048 0.4078149445246864),,,,,,,,,,,,,,,,,,,,,,,,,,,,,,,,,,,,,,,,,,,,,,,,,,,,,,,,,,,,,,,,,,,,,,,,,,,,,,,,,,,,,,,,,,,,,,,,,,,,,
0,15,28,"{'x': 684.3734954958811, 'y': 440.44014008666124, 'elapsedTime': 48130.300000071526}",936739629629,5198033635,POINT (0.3564445289041048 0.4078149445246864),,,,,,,,,,,,,,,,,,,,,,,,,,,,,,,,,,,,,,,,,,,,,,,,,,,,,,,,,,,,,,,,,,,,,,,,,,,,,,,,,,,,,,,,,,,,,,,,,,,,,
0,15,28,"{'x': 664.2903981221073, 'y': 503.1789482496992, 'elapsedTime': 48181.800000071526}",936739646296,5198050301,POINT (0.3459845823552642 0.4659064335645363),,,,,,,,,,,,,,,,,,,,,,,,,,,,,,,,,,,,,,,,,,,,,,,,,,,,,,,,,,,,,,,,,,,,,,,,,,,,,,,,,,,,,,,,,,,,,,,,,,,,,
0,15,28,"{'x': 664.2903981221073, 'y': 503.1789482496992, 'elapsedTime': 48181.800000071526}",936739662963,5198066968,POINT (0.3459845823552642 0.4659064335645363),,,,,,,,,,,,,,,,,,,,,,,,,,,,,,,,,,,,,,,,,,,,,,,,,,,,,,,,,,,,,,,,,,,,,,,,,,,,,,,,,,,,,,,,,,,,,,,,,,,,,
0,15,28,"{'x': 664.2903981221073, 'y': 503.1789482496992, 'elapsedTime': 48181.800000071526}",936739679637,5198083641,POINT (0.3459845823552642 0.4659064335645363),,,,,,,,,,,,,,,,,,,,,,,,,,,,,,,,,,,,,,,,,,,,,,,,,,,,,,,,,,,,,,,,,,,,,,,,,,,,,,,,,,,,,,,,,,,,,,,,,,,,,
0,15,28,"{'x': 674.1754604694476, 'y': 419.40031496804386, 'elapsedTime': 48229.200000047684}",936739696305,5198100309,POINT (0.3511330523278373 0.388333624970411),,,,,,,,,,,,,,,,,,,,,,,,,,,,,,,,,,,,,,,,,,,,,,,,,,,,,,,,,,,,,,,,,,,,,,,,,,,,,,,,,,,,,,,,,,,,,,,,,,,,,
0,15,28,"{'x': 674.1754604694476, 'y': 419.40031496804386, 'elapsedTime': 48229.200000047684}",936739712972,5198116975,POINT (0.3511330523278373 0.388333624970411),,,,,,,,,,,,,,,,,,,,,,,,,,,,,,,,,,,,,,,,,,,,,,,,,,,,,,,,,,,,,,,,,,,,,,,,,,,,,,,,,,,,,,,,,,,,,,,,,,,,,
0,15,28,"{'x': 683.6790978222361, 'y': 415.19786648798566, 'elapsedTime': 48275}",936739729639,5198133642,POINT (0.3560828634490813 0.3844424689703571),,,,,,,,,,,,,,,,,,,,,,,,,,,,,,,,,,,,,,,,,,,,,,,,,,,,,,,,,,,,,,,,,,,,,,,,,,,,,,,,,,,,,,,,,,,,,,,,,,,,,
0,15,28,"{'x': 683.6790978222361, 'y': 415.19786648798566, 'elapsedTime': 48275}",936739746307,5198150309,POINT (0.3560828634490813 0.3844424689703571),,,,,,,,,,,,,,,,,,,,,,,,,,,,,,,,,,,,,,,,,,,,,,,,,,,,,,,,,,,,,,,,,,,,,,,,,,,,,,,,,,,,,,,,,,,,,,,,,,,,,
0,15,28,"{'x': 683.6790978222361, 'y': 415.19786648798566, 'elapsedTime': 48275}",936739762973,5198166975,POINT (0.3560828634490813 0.3844424689703571),,,,,,,,,,,,,,,,,,,,,,,,,,,,,,,,,,,,,,,,,,,,,,,,,,,,,,,,,,,,,,,,,,,,,,,,,,,,,,,,,,,,,,,,,,,,,,,,,,,,,
0,15,28,"{'x': 659.6022853710523, 'y': 398.0335057967487, 'elapsedTime': 48319.300000071526}",936739779641,5198183642,POINT (0.3435428569640898 0.368549542404397),,,,,,,,,,,,,,,,,,,,,,,,,,,,,,,,,,,,,,,,,,,,,,,,,,,,,,,,,,,,,,,,,,,,,,,,,,,,,,,,,,,,,,,,,,,,,,,,,,,,,
0,15,28,"{'x': 659.6022853710523, 'y': 398.0335057967487, 'elapsedTime': 48319.300000071526}",936739796307,5198200308,POINT (0.3435428569640898 0.368549542404397),,,,,,,,,,,,,,,,,,,,,,,,,,,,,,,,,,,,,,,,,,,,,,,,,,,,,,,,,,,,,,,,,,,,,,,,,,,,,,,,,,,,,,,,,,,,,,,,,,,,,
0,15,28,"{'x': 659.6022853710523, 'y': 398.0335057967487, 'elapsedTime': 48319.300000071526}",936739812979,5198216979,POINT (0.3435428569640898 0.368549542404397),,,,,,,,,,,,,,,,,,,,,,,,,,,,,,,,,,,,,,,,,,,,,,,,,,,,,,,,,,,,,,,,,,,,,,,,,,,,,,,,,,,,,,,,,,,,,,,,,,,,,
0,15,28,"{'x': 633.9296253133352, 'y': 412.23947770401753, 'elapsedTime': 48366.800000071526}",936739829645,5198233645,POINT (0.3301716798506954 0.3817032200963125),,,,,,,,,,,,,,,,,,,,,,,,,,,,,,,,,,,,,,,,,,,,,,,,,,,,,,,,,,,,,,,,,,,,,,,,,,,,,,,,,,,,,,,,,,,,,,,,,,,,,
0,15,28,"{'x': 633.9296253133352, 'y': 412.23947770401753, 'elapsedTime': 48366.800000071526}",936739846313,5198250312,POINT (0.3301716798506954 0.3817032200963125),,,,,,,,,,,,,,,,,,,,,,,,,,,,,,,,,,,,,,,,,,,,,,,,,,,,,,,,,,,,,,,,,,,,,,,,,,,,,,,,,,,,,,,,,,,,,,,,,,,,,
0,15,28,"{'x': 633.9296253133352, 'y': 412.23947770401753, 'elapsedTime': 48366.800000071526}",936739862980,5198266979,POINT (0.3301716798506954 0.3817032200963125),,,,,,,,,,,,,,,,,,,,,,,,,,,,,,,,,,,,,,,,,,,,,,,,,,,,,,,,,,,,,,,,,,,,,,,,,,,,,,,,,,,,,,,,,,,,,,,,,,,,,
0,15,28,"{'x': 638.6076003142134, 'y': 353.604919409865, 'elapsedTime': 48421.5}",936739879648,5198283646,POINT (0.3326081251636528 0.3274119624165416),,,,,,,,,,,,,,,,,,,,,,,,,,,,,,,,,,,,,,,,,,,,,,,,,,,,,,,,,,,,,,,,,,,,,,,,,,,,,,,,,,,,,,,,,,,,,,,,,,,,,
0,15,28,"{'x': 638.6076003142134, 'y': 353.604919409865, 'elapsedTime': 48421.5}",936739896314,5198300312,POINT (0.3326081251636528 0.3274119624165416),,,,,,,,,,,,,,,,,,,,,,,,,,,,,,,,,,,,,,,,,,,,,,,,,,,,,,,,,,,,,,,,,,,,,,,,,,,,,,,,,,,,,,,,,,,,,,,,,,,,,
0,15,28,"{'x': 638.6076003142134, 'y': 353.604919409865, 'elapsedTime': 48421.5}",936739912980,5198316978,POINT (0.3326081251636528 0.3274119624165416),,,,,,,,,,,,,,,,,,,,,,,,,,,,,,,,,,,,,,,,,,,,,,,,,,,,,,,,,,,,,,,,,,,,,,,,,,,,,,,,,,,,,,,,,,,,,,,,,,,,,
0,15,28,"{'x': 622.2169796383217, 'y': 330.32209248892445, 'elapsedTime': 48469.39999997616}",936739929648,5198333645,POINT (0.3240713435616259 0.3058537893415967),,,,,,,,,,,,,,,,,,,,,,,,,,,,,,,,,,,,,,,,,,,,,,,,,,,,,,,,,,,,,,,,,,,,,,,,,,,,,,,,,,,,,,,,,,,,,,,,,,,,,
0,15,28,"{'x': 622.2169796383217, 'y': 330.32209248892445, 'elapsedTime': 48469.39999997616}",936739946320,5198350317,POINT (0.3240713435616259 0.3058537893415967),,,,,,,,,,,,,,,,,,,,,,,,,,,,,,,,,,,,,,,,,,,,,,,,,,,,,,,,,,,,,,,,,,,,,,,,,,,,,,,,,,,,,,,,,,,,,,,,,,,,,
0,15,28,"{'x': 622.2169796383217, 'y': 330.32209248892445, 'elapsedTime': 48469.39999997616}",936739962988,5198366984,POINT (0.3240713435616259 0.3058537893415967),,,,,,,,,,,,,,,,,,,,,,,,,,,,,,,,,,,,,,,,,,,,,,,,,,,,,,,,,,,,,,,,,,,,,,,,,,,,,,,,,,,,,,,,,,,,,,,,,,,,,
0,15,28,"{'x': 614.5262904061136, 'y': 374.6663168290429, 'elapsedTime': 48517}",936739979655,5198383651,POINT (0.3200657762531842 0.3469132563231879),,,,,,,,,,,,,,,,,,,,,,,,,,,,,,,,,,,,,,,,,,,,,,,,,,,,,,,,,,,,,,,,,,,,,,,,,,,,,,,,,,,,,,,,,,,,,,,,,,,,,
0,15,28,"{'x': 614.5262904061136, 'y': 374.6663168290429, 'elapsedTime': 48517}",936739996322,5198400317,POINT (0.3200657762531842 0.3469132563231879),,,,,,,,,,,,,,,,,,,,,,,,,,,,,,,,,,,,,,,,,,,,,,,,,,,,,,,,,,,,,,,,,,,,,,,,,,,,,,,,,,,,,,,,,,,,,,,,,,,,,
0,15,28,"{'x': 614.5262904061136, 'y': 374.6663168290429, 'elapsedTime': 48517}",936740012989,5198416984,POINT (0.3200657762531842 0.3469132563231879),,,,,,,,,,,,,,,,,,,,,,,,,,,,,,,,,,,,,,,,,,,,,,,,,,,,,,,,,,,,,,,,,,,,,,,,,,,,,,,,,,,,,,,,,,,,,,,,,,,,,
0,15,28,"{'x': 614.5262904061136, 'y': 374.6663168290429, 'elapsedTime': 48517}",936740029657,5198433651,POINT (0.3200657762531842 0.3469132563231879),,,,,,,,,,,,,,,,,,,,,,,,,,,,,,,,,,,,,,,,,,,,,,,,,,,,,,,,,,,,,,,,,,,,,,,,,,,,,,,,,,,,,,,,,,,,,,,,,,,,,
0,15,28,"{'x': 614.5262904061136, 'y': 374.6663168290429, 'elapsedTime': 48517}",936740046323,5198450317,POINT (0.3200657762531842 0.3469132563231879),,,,,,,,,,,,,,,,,,,,,,,,,,,,,,,,,,,,,,,,,,,,,,,,,,,,,,,,,,,,,,,,,,,,,,,,,,,,,,,,,,,,,,,,,,,,,,,,,,,,,
0,15,28,"{'x': 542.0163074938812, 'y': 392.9398133941454, 'elapsedTime': 48566.10000002384}",936740062991,5198466984,POINT (0.2823001601530631 0.3638331605501346),,,,,,,,,,,,,,,,,,,,,,,,,,,,,,,,,,,,,,,,,,,,,,,,,,,,,,,,,,,,,,,,,,,,,,,,,,,,,,,,,,,,,,,,,,,,,,,,,,,,,
0,15,28,"{'x': 542.0163074938812, 'y': 392.9398133941454, 'elapsedTime': 48566.10000002384}",936740079661,5198483654,POINT (0.2823001601530631 0.3638331605501346),,,,,,,,,,,,,,,,,,,,,,,,,,,,,,,,,,,,,,,,,,,,,,,,,,,,,,,,,,,,,,,,,,,,,,,,,,,,,,,,,,,,,,,,,,,,,,,,,,,,,
0,15,28,"{'x': 542.0163074938812, 'y': 392.9398133941454, 'elapsedTime': 48566.10000002384}",936740096329,5198500321,POINT (0.2823001601530631 0.3638331605501346),,,,,,,,,,,,,,,,,,,,,,,,,,,,,,,,,,,,,,,,,,,,,,,,,,,,,,,,,,,,,,,,,,,,,,,,,,,,,,,,,,,,,,,,,,,,,,,,,,,,,
0,15,28,"{'x': 532.5371794530994, 'y': 341.2220475102352, 'elapsedTime': 48646.39999997616}",936740112996,5198516988,POINT (0.2773631142984893 0.3159463402872548),,,,,,,,,,,,,,,,,,,,,,,,,,,,,,,,,,,,,,,,,,,,,,,,,,,,,,,,,,,,,,,,,,,,,,,,,,,,,,,,,,,,,,,,,,,,,,,,,,,,,
0,15,28,"{'x': 532.5371794530994, 'y': 341.2220475102352, 'elapsedTime': 48646.39999997616}",936740129664,5198533655,POINT (0.2773631142984893 0.3159463402872548),,,,,,,,,,,,,,,,,,,,,,,,,,,,,,,,,,,,,,,,,,,,,,,,,,,,,,,,,,,,,,,,,,,,,,,,,,,,,,,,,,,,,,,,,,,,,,,,,,,,,
0,15,28,"{'x': 532.5371794530994, 'y': 341.2220475102352, 'elapsedTime': 48646.39999997616}",936740146330,5198550321,POINT (0.2773631142984893 0.3159463402872548),,,,,,,,,,,,,,,,,,,,,,,,,,,,,,,,,,,,,,,,,,,,,,,,,,,,,,,,,,,,,,,,,,,,,,,,,,,,,,,,,,,,,,,,,,,,,,,,,,,,,
0,15,28,"{'x': 564.4670877424238, 'y': 358.6474571613434, 'elapsedTime': 48697.200000047684}",936740162998,5198566988,POINT (0.2939932748658458 0.3320809788530958),,,,,,,,,,,,,,,,,,,,,,,,,,,,,,,,,,,,,,,,,,,,,,,,,,,,,,,,,,,,,,,,,,,,,,,,,,,,,,,,,,,,,,,,,,,,,,,,,,,,,
0,15,28,"{'x': 564.4670877424238, 'y': 358.6474571613434, 'elapsedTime': 48697.200000047684}",936740179665,5198583655,POINT (0.2939932748658458 0.3320809788530958),,,,,,,,,,,,,,,,,,,,,,,,,,,,,,,,,,,,,,,,,,,,,,,,,,,,,,,,,,,,,,,,,,,,,,,,,,,,,,,,,,,,,,,,,,,,,,,,,,,,,
0,15,28,"{'x': 564.4670877424238, 'y': 358.6474571613434, 'elapsedTime': 48697.200000047684}",936740196332,5198600321,POINT (0.2939932748658458 0.3320809788530958),,,,,,,,,,,,,,,,,,,,,,,,,,,,,,,,,,,,,,,,,,,,,,,,,,,,,,,,,,,,,,,,,,,,,,,,,,,,,,,,,,,,,,,,,,,,,,,,,,,,,
0,15,28,"{'x': 650.8965518529872, 'y': 302.74596062988064, 'elapsedTime': 48745.300000071526}",936740213005,5198616994,POINT (0.3390086207567641 0.2803203339165561),,,,,,,,,,,,,,,,,,,,,,,,,,,,,,,,,,,,,,,,,,,,,,,,,,,,,,,,,,,,,,,,,,,,,,,,,,,,,,,,,,,,,,,,,,,,,,,,,,,1,1,
0,15,28,"{'x': 650.8965518529872, 'y': 302.74596062988064, 'elapsedTime': 48745.300000071526}",936740229673,5198633661,POINT (0.3390086207567641 0.2803203339165561),,,,,,,,,,,,,,,,,,,,,,,,,,,,,,,,,,,,,,,,,,,,,,,,,,,,,,,,,,,,,,,,,,,,,,,,,,,,,,,,,,,,,,,,,,,,,,,,,,,1,1,
0,15,28,"{'x': 668.5206035735694, 'y': 227.51178739073828, 'elapsedTime': 48791.10000002384}",936740246339,5198650327,POINT (0.348187814361234 0.2106590623988317),,,,,,,,,,,,,,,,,,,,,,,,,,,,,,,,,,,,,,,,,,,,,,,,,,,,,,,,,,,,,,,,,,,,,,,,,,,,,,,,,,,,,,,,,,,,,,,,,,,,,
0,15,28,"{'x': 668.5206035735694, 'y': 227.51178739073828, 'elapsedTime': 48791.10000002384}",936740263006,5198666993,POINT (0.348187814361234 0.2106590623988317),,,,,,,,,,,,,,,,,,,,,,,,,,,,,,,,,,,,,,,,,,,,,,,,,,,,,,,,,,,,,,,,,,,,,,,,,,,,,,,,,,,,,,,,,,,,,,,,,,,,,
0,15,28,"{'x': 668.5206035735694, 'y': 227.51178739073828, 'elapsedTime': 48791.10000002384}",936740279674,5198683661,POINT (0.348187814361234 0.2106590623988317),,,,,,,,,,,,,,,,,,,,,,,,,,,,,,,,,,,,,,,,,,,,,,,,,,,,,,,,,,,,,,,,,,,,,,,,,,,,,,,,,,,,,,,,,,,,,,,,,,,,,
0,15,28,"{'x': 645.1941895372682, 'y': 159.21466919528223, 'elapsedTime': 48838.700000047684}",936740296341,5198700327,POINT (0.3360386403839939 0.1474209899956317),,,,,,,,,,,,,,,,,,,,,,,,,,,,,,,,,,,,,,,,,,,,,,,,,,,,,,,,,,,,,,,,,,,,,,,,,,,,,,,,,,,,,,,,,,,,,,,,,,,1,,
0,15,28,"{'x': 645.1941895372682, 'y': 159.21466919528223, 'elapsedTime': 48838.700000047684}",936740313008,5198716994,POINT (0.3360386403839939 0.1474209899956317),,,,,,,,,,,,,,,,,,,,,,,,,,,,,,,,,,,,,,,,,,,,,,,,,,,,,,,,,,,,,,,,,,,,,,,,,,,,,,,,,,,,,,,,,,,,,,,,,,,1,,
0,15,28,"{'x': 645.1941895372682, 'y': 159.21466919528223, 'elapsedTime': 48838.700000047684}",936740329679,5198733664,POINT (0.3360386403839939 0.1474209899956317),,,,,,,,,,,,,,,,,,,,,,,,,,,,,,,,,,,,,,,,,,,,,,,,,,,,,,,,,,,,,,,,,,,,,,,,,,,,,,,,,,,,,,,,,,,,,,,,,,,1,,
0,15,28,"{'x': 674.5704388296767, 'y': 186.33744241596924, 'elapsedTime': 48885.89999997616}",936740346346,5198750331,POINT (0.35133877022379 0.1725346689036752),,,,,,,,,,,,,,,,,,,,,,,,,,,,,,,,,,,,,,,,,,,,,,,,,,,,,,,,,,,,,,,,,,,,,,,,,,,,,,,,,,,,,,,,,,,,,,,,,,,1,,
0,15,28,"{'x': 674.5704388296767, 'y': 186.33744241596924, 'elapsedTime': 48885.89999997616}",936740363014,5198766998,POINT (0.35133877022379 0.1725346689036752),,,,,,,,,,,,,,,,,,,,,,,,,,,,,,,,,,,,,,,,,,,,,,,,,,,,,,,,,,,,,,,,,,,,,,,,,,,,,,,,,,,,,,,,,,,,,,,,,,,1,,
0,15,28,"{'x': 674.5704388296767, 'y': 186.33744241596924, 'elapsedTime': 48885.89999997616}",936740379680,5198783664,POINT (0.35133877022379 0.1725346689036752),,,,,,,,,,,,,,,,,,,,,,,,,,,,,,,,,,,,,,,,,,,,,,,,,,,,,,,,,,,,,,,,,,,,,,,,,,,,,,,,,,,,,,,,,,,,,,,,,,,1,,
0,15,28,"{'x': 691.7211584416061, 'y': 201.39554414215866, 'elapsedTime': 48935.300000071526}",936740396348,5198800331,POINT (0.3602714366883365 0.1864773556871839),,,,,,,,,,,,,,,,,,,,,,,,,,,,,,,,,,,,,,,,,,,,,,,,,,,,,,,,,,,,,,,,,,,,,,,,,,,,,,,,,,,,,,,,,,,,,,,,,,,,,
0,15,28,"{'x': 691.7211584416061, 'y': 201.39554414215866, 'elapsedTime': 48935.300000071526}",936740413015,5198816998,POINT (0.3602714366883365 0.1864773556871839),,,,,,,,,,,,,,,,,,,,,,,,,,,,,,,,,,,,,,,,,,,,,,,,,,,,,,,,,,,,,,,,,,,,,,,,,,,,,,,,,,,,,,,,,,,,,,,,,,,,,
0,15,28,"{'x': 691.7211584416061, 'y': 201.39554414215866, 'elapsedTime': 48935.300000071526}",936740429682,5198833664,POINT (0.3602714366883365 0.1864773556871839),,,,,,,,,,,,,,,,,,,,,,,,,,,,,,,,,,,,,,,,,,,,,,,,,,,,,,,,,,,,,,,,,,,,,,,,,,,,,,,,,,,,,,,,,,,,,,,,,,,,,
0,15,28,"{'x': 576.8772743541613, 'y': 211.26529507988545, 'elapsedTime': 48983.300000071526}",936740446349,5198850331,POINT (0.3004569137261256 0.1956160139628569),,,,,,,,,,,,,,,,,,,,,,,,,,,,,,,,,,,,,,,,,,,,,,,,,,,,,,,,,,,,,,,,,,,,,,,,,,,,,,,,,,,,,,,,,,,,,,,,,,,,,
0,15,28,"{'x': 576.8772743541613, 'y': 211.26529507988545, 'elapsedTime': 48983.300000071526}",936740463020,5198867001,POINT (0.3004569137261256 0.1956160139628569),,,,,,,,,,,,,,,,,,,,,,,,,,,,,,,,,,,,,,,,,,,,,,,,,,,,,,,,,,,,,,,,,,,,,,,,,,,,,,,,,,,,,,,,,,,,,,,,,,,,,
0,15,28,"{'x': 576.8772743541613, 'y': 211.26529507988545, 'elapsedTime': 48983.300000071526}",936740479687,5198883668,POINT (0.3004569137261256 0.1956160139628569),,,,,,,,,,,,,,,,,,,,,,,,,,,,,,,,,,,,,,,,,,,,,,,,,,,,,,,,,,,,,,,,,,,,,,,,,,,,,,,,,,,,,,,,,,,,,,,,,,,,,
0,15,28,"{'x': 585.4925115262529, 'y': 210.10108001538427, 'elapsedTime': 49029.5}",936740496355,5198900335,POINT (0.3049440164199234 0.1945380370512817),,,,,,,,,,,,,,,,,,,,,,,,,,,,,,,,,,,,,,,,,,,,,,,,,,,,,,,,,,,,,,,,,,,,,,,,,,,,,,,,,,,,,,,,,,,,,,,,,,,,,
0,15,28,"{'x': 585.4925115262529, 'y': 210.10108001538427, 'elapsedTime': 49029.5}",936740513022,5198917002,POINT (0.3049440164199234 0.1945380370512817),,,,,,,,,,,,,,,,,,,,,,,,,,,,,,,,,,,,,,,,,,,,,,,,,,,,,,,,,,,,,,,,,,,,,,,,,,,,,,,,,,,,,,,,,,,,,,,,,,,,,
0,15,28,"{'x': 585.4925115262529, 'y': 210.10108001538427, 'elapsedTime': 49029.5}",936740529689,5198933668,POINT (0.3049440164199234 0.1945380370512817),,,,,,,,,,,,,,,,,,,,,,,,,,,,,,,,,,,,,,,,,,,,,,,,,,,,,,,,,,,,,,,,,,,,,,,,,,,,,,,,,,,,,,,,,,,,,,,,,,,,,
0,15,28,"{'x': 587.8349808406431, 'y': 189.71053910945, 'elapsedTime': 49076.5}",936740546356,5198950335,POINT (0.3061640525211683 0.1756579065828241),,,,,,,,,,,,,,,,,,1,,,,,,,,,,,,,,,,,,,,,,,,,,,,,,,,,,,,,,,,,,,,,,,,,,,,,,,,,,,,,,,,,,,,,,,,,,,,,,,,,,,
0,15,28,"{'x': 587.8349808406431, 'y': 189.71053910945, 'elapsedTime': 49076.5}",936740563024,5198967002,POINT (0.3061640525211683 0.1756579065828241),,,,,,,,,,,,,,,,,,1,,,,,,,,,,,,,,,,,,,,,,,,,,,,,,,,,,,,,,,,,,,,,,,,,,,,,,,,,,,,,,,,,,,,,,,,,,,,,,,,,,,
0,15,28,"{'x': 667.5093133075103, 'y': 139.45477771818733, 'elapsedTime': 49124.200000047684}",936740579690,5198983668,POINT (0.3476611006809949 0.1291247941835068),,,,,,,,,,,,,,,,,,,,,,,,,,,,,,,,,,,,,,,,,,,,,,,,,,,,,,,,,,,,,,,,,,,,,,,,,,,,,,,,,,,,,,,,,,,,,,,,,,,,,
0,15,28,"{'x': 667.5093133075103, 'y': 139.45477771818733, 'elapsedTime': 49124.200000047684}",936740596362,5199000339,POINT (0.3476611006809949 0.1291247941835068),,,,,,,,,,,,,,,,,,,,,,,,,,,,,,,,,,,,,,,,,,,,,,,,,,,,,,,,,,,,,,,,,,,,,,,,,,,,,,,,,,,,,,,,,,,,,,,,,,,,,
0,15,28,"{'x': 667.5093133075103, 'y': 139.45477771818733, 'elapsedTime': 49124.200000047684}",936740613030,5199017007,POINT (0.3476611006809949 0.1291247941835068),,,,,,,,,,,,,,,,,,,,,,,,,,,,,,,,,,,,,,,,,,,,,,,,,,,,,,,,,,,,,,,,,,,,,,,,,,,,,,,,,,,,,,,,,,,,,,,,,,,,,
0,15,28,"{'x': 667.5093133075103, 'y': 139.45477771818733, 'elapsedTime': 49124.200000047684}",936740629697,5199033673,POINT (0.3476611006809949 0.1291247941835068),,,,,,,,,,,,,,,,,,,,,,,,,,,,,,,,,,,,,,,,,,,,,,,,,,,,,,,,,,,,,,,,,,,,,,,,,,,,,,,,,,,,,,,,,,,,,,,,,,,,,
0,15,28,"{'x': 605.2210592348033, 'y': 159.78167302642527, 'elapsedTime': 49170.800000071526}",936740646364,5199050340,POINT (0.3152193016847934 0.1479459935429864),,,,,,,,,,,,,,,,,,,,,,,,,,,,,,,,,,,,,,,,,,,,,,,,,,,,,,,,,,,,,,,,,,,,,,,,,,,,,,,,,,,,,,,,,,,,,,,,,,,1,,
0,15,28,"{'x': 605.2210592348033, 'y': 159.78167302642527, 'elapsedTime': 49170.800000071526}",936740663031,5199067006,POINT (0.3152193016847934 0.1479459935429864),,,,,,,,,,,,,,,,,,,,,,,,,,,,,,,,,,,,,,,,,,,,,,,,,,,,,,,,,,,,,,,,,,,,,,,,,,,,,,,,,,,,,,,,,,,,,,,,,,,1,,
0,15,28,"{'x': 618.4207493377799, 'y': 223.4917573003699, 'elapsedTime': 49218.89999997616}",936740679698,5199083673,POINT (0.3220941402800937 0.2069368123151573),,,,,,,,,,,,,,,,,,,,,,,,,,,,,,,,,1,,,,,,,,,,,,,,,,,,,,,,,,,,,,,,,,,,,,,,,,,,,,,,,,,,,,,,,,,,,,,,,,,,,,
0,15,28,"{'x': 618.4207493377799, 'y': 223.4917573003699, 'elapsedTime': 49218.89999997616}",936740696365,5199100340,POINT (0.3220941402800937 0.2069368123151573),,,,,,,,,,,,,,,,,,,,,,,,,,,,,,,,,1,,,,,,,,,,,,,,,,,,,,,,,,,,,,,,,,,,,,,,,,,,,,,,,,,,,,,,,,,,,,,,,,,,,,
0,15,28,"{'x': 618.4207493377799, 'y': 223.4917573003699, 'elapsedTime': 49218.89999997616}",936740713032,5199117006,POINT (0.3220941402800937 0.2069368123151573),,,,,,,,,,,,,,,,,,,,,,,,,,,,,,,,,1,,,,,,,,,,,,,,,,,,,,,,,,,,,,,,,,,,,,,,,,,,,,,,,,,,,,,,,,,,,,,,,,,,,,
0,15,28,"{'x': 593.5922080952048, 'y': 261.152221170658, 'elapsedTime': 49268.200000047684}",936740729704,5199133678,POINT (0.3091626083829192 0.2418076121950537),,,,,,,,,,,,,,,,,,,,,,,,,,,,,,,,,,,,,,,,,,,,,,,,,,,,,,,,,,,,,,,,,,,,,,,,,,,,,,,,,,,,,,,,,,,,,,,,,,,,1,
0,15,28,"{'x': 593.5922080952048, 'y': 261.152221170658, 'elapsedTime': 49268.200000047684}",936740746372,5199150345,POINT (0.3091626083829192 0.2418076121950537),,,,,,,,,,,,,,,,,,,,,,,,,,,,,,,,,,,,,,,,,,,,,,,,,,,,,,,,,,,,,,,,,,,,,,,,,,,,,,,,,,,,,,,,,,,,,,,,,,,,1,
0,15,28,"{'x': 595.0518956951424, 'y': 263.8773074791627, 'elapsedTime': 49313.10000002384}",936740763038,5199167011,POINT (0.30992286234122 0.244330840258484),,,,,,,,,,,,,,,,,,,,,,,,,,,,,,,,,,,,,,,,,,,,,,,,,,,,,,,,,,,,,,,,,,,,,,,,,,,,,,,,,,,,,,,,,,,,,,,,,,,,1,
0,15,28,"{'x': 595.0518956951424, 'y': 263.8773074791627, 'elapsedTime': 49313.10000002384}",936740779706,5199183678,POINT (0.30992286234122 0.244330840258484),,,,,,,,,,,,,,,,,,,,,,,,,,,,,,,,,,,,,,,,,,,,,,,,,,,,,,,,,,,,,,,,,,,,,,,,,,,,,,,,,,,,,,,,,,,,,,,,,,,,1,
0,15,28,"{'x': 595.0518956951424, 'y': 263.8773074791627, 'elapsedTime': 49313.10000002384}",936740796372,5199200344,POINT (0.30992286234122 0.244330840258484),,,,,,,,,,,,,,,,,,,,,,,,,,,,,,,,,,,,,,,,,,,,,,,,,,,,,,,,,,,,,,,,,,,,,,,,,,,,,,,,,,,,,,,,,,,,,,,,,,,,1,
0,15,28,"{'x': 731.8124704567128, 'y': 208.25886964727175, 'elapsedTime': 49358.300000071526}",936740813040,5199217011,POINT (0.3811523283628713 0.1928322867104368),,,,,,,,,,,,,,,,,,,,1,,,,,,,,,,,,,,,,,,,,,,,,,,,,,,,,,,,,,,,,,,,,,,,,,,,,,,,,,,,,,,,,,,,,,,,,,,,,,,,,,
0,15,28,"{'x': 731.8124704567128, 'y': 208.25886964727175, 'elapsedTime': 49358.300000071526}",936740829707,5199233678,POINT (0.3811523283628713 0.1928322867104368),,,,,,,,,,,,,,,,,,,,1,,,,,,,,,,,,,,,,,,,,,,,,,,,,,,,,,,,,,,,,,,,,,,,,,,,,,,,,,,,,,,,,,,,,,,,,,,,,,,,,,
0,15,28,"{'x': 731.8124704567128, 'y': 208.25886964727175, 'elapsedTime': 49358.300000071526}",936740846374,5199250344,POINT (0.3811523283628713 0.1928322867104368),,,,,,,,,,,,,,,,,,,,1,,,,,,,,,,,,,,,,,,,,,,,,,,,,,,,,,,,,,,,,,,,,,,,,,,,,,,,,,,,,,,,,,,,,,,,,,,,,,,,,,
0,15,28,"{'x': 735.375923767742, 'y': 146.79992654046208, 'elapsedTime': 49405.800000071526}",936740863046,5199267016,POINT (0.3830082936290323 0.1359258579078353),,,,,,,,,,,,,,,,,,,,,,,,,,,,,,,,,,,,,,,,,,,,,,,,,,,,,,,,,,,,,,,,,,,,,,,,,,,,,,,,,,,,,,,,,,,,,,,,,,,,,
0,15,28,"{'x': 735.375923767742, 'y': 146.79992654046208, 'elapsedTime': 49405.800000071526}",936740879714,5199283683,POINT (0.3830082936290323 0.1359258579078353),,,,,,,,,,,,,,,,,,,,,,,,,,,,,,,,,,,,,,,,,,,,,,,,,,,,,,,,,,,,,,,,,,,,,,,,,,,,,,,,,,,,,,,,,,,,,,,,,,,,,
0,15,28,"{'x': 735.375923767742, 'y': 146.79992654046208, 'elapsedTime': 49405.800000071526}",936740896380,5199300349,POINT (0.3830082936290323 0.1359258579078353),,,,,,,,,,,,,,,,,,,,,,,,,,,,,,,,,,,,,,,,,,,,,,,,,,,,,,,,,,,,,,,,,,,,,,,,,,,,,,,,,,,,,,,,,,,,,,,,,,,,,
0,15,28,"{'x': 748.9693676958974, 'y': 88.20886941793935, 'elapsedTime': 49449.300000071526}",936740913048,5199317016,POINT (0.3900882123416132 0.0816748790906846),,,,,,,,,,,,,,,,,,,,,,,,,,,,,,,,,,,,,,,,,,,,,,,,,,,,,,,,,,,,,,,,,,,,,,,,,,,,,,,,,,,,,,,,,,,,,,,,,,,,,
0,15,28,"{'x': 748.9693676958974, 'y': 88.20886941793935, 'elapsedTime': 49449.300000071526}",936740929715,5199333683,POINT (0.3900882123416132 0.0816748790906846),,,,,,,,,,,,,,,,,,,,,,,,,,,,,,,,,,,,,,,,,,,,,,,,,,,,,,,,,,,,,,,,,,,,,,,,,,,,,,,,,,,,,,,,,,,,,,,,,,,,,
0,15,28,"{'x': 748.9693676958974, 'y': 88.20886941793935, 'elapsedTime': 49449.300000071526}",936740946383,5199350350,POINT (0.3900882123416132 0.0816748790906846),,,,,,,,,,,,,,,,,,,,,,,,,,,,,,,,,,,,,,,,,,,,,,,,,,,,,,,,,,,,,,,,,,,,,,,,,,,,,,,,,,,,,,,,,,,,,,,,,,,,,
0,15,28,"{'x': 747.252498252739, 'y': -4.138370331378638, 'elapsedTime': 49494.200000047684}",936740963049,5199367016,POINT (0.3891940095066349 -0.0038318243809061),,,,,,,,,,,,,,,,,,,,,,,,,,,,,,,,,,,,,,,,,,,,,,,,,,,,,,,,,,,,,,,,,,,,,,,,,,,,,,,,,,,,,,,,,,,,,,,,,,,,,
0,15,28,"{'x': 747.252498252739, 'y': -4.138370331378638, 'elapsedTime': 49494.200000047684}",936740979717,5199383683,POINT (0.3891940095066349 -0.0038318243809061),,,,,,,,,,,,,,,,,,,,,,,,,,,,,,,,,,,,,,,,,,,,,,,,,,,,,,,,,,,,,,,,,,,,,,,,,,,,,,,,,,,,,,,,,,,,,,,,,,,,,
0,15,28,"{'x': 747.252498252739, 'y': -4.138370331378638, 'elapsedTime': 49494.200000047684}",936740996385,5199400351,POINT (0.3891940095066349 -0.0038318243809061),,,,,,,,,,,,,,,,,,,,,,,,,,,,,,,,,,,,,,,,,,,,,,,,,,,,,,,,,,,,,,,,,,,,,,,,,,,,,,,,,,,,,,,,,,,,,,,,,,,,,
0,15,28,"{'x': 786.7339876308158, 'y': -56.61811987782036, 'elapsedTime': 49540.800000071526}",936741013053,5199417018,POINT (0.4097572852243833 -0.0524241850720559),,,,,,,,,,,,,,,,,,,,,,,,,,,,,,,,,,,,,,,,,,,,,,,,,,,,,,,,,,,,,,,,,,,,,,,,,,,,,,,,,,,,,,,,,,,,,,,,,,,,,
0,15,28,"{'x': 786.7339876308158, 'y': -56.61811987782036, 'elapsedTime': 49540.800000071526}",936741029720,5199433685,POINT (0.4097572852243833 -0.0524241850720559),,,,,,,,,,,,,,,,,,,,,,,,,,,,,,,,,,,,,,,,,,,,,,,,,,,,,,,,,,,,,,,,,,,,,,,,,,,,,,,,,,,,,,,,,,,,,,,,,,,,,
0,15,28,"{'x': 786.7339876308158, 'y': -56.61811987782036, 'elapsedTime': 49540.800000071526}",936741046387,5199450351,POINT (0.4097572852243833 -0.0524241850720559),,,,,,,,,,,,,,,,,,,,,,,,,,,,,,,,,,,,,,,,,,,,,,,,,,,,,,,,,,,,,,,,,,,,,,,,,,,,,,,,,,,,,,,,,,,,,,,,,,,,,
0,15,28,"{'x': 878.0153425218692, 'y': -71.88437518645084, 'elapsedTime': 49586.5}",936741063054,5199467018,POINT (0.4572996575634736 -0.0665596066541212),,,,,,,,,,,,,,,,,,,,,,,,,,,,,,,,,,,,,,,,,,,,,,,,,,,,,,,,,,,,,,,,,,,,,,,,,,,,,,,,,,,,,,,,,,,,,,,,,,,,,
0,15,28,"{'x': 878.0153425218692, 'y': -71.88437518645084, 'elapsedTime': 49586.5}",936741079722,5199483685,POINT (0.4572996575634736 -0.0665596066541212),,,,,,,,,,,,,,,,,,,,,,,,,,,,,,,,,,,,,,,,,,,,,,,,,,,,,,,,,,,,,,,,,,,,,,,,,,,,,,,,,,,,,,,,,,,,,,,,,,,,,
0,15,28,"{'x': 878.0153425218692, 'y': -71.88437518645084, 'elapsedTime': 49586.5}",936741096388,5199500351,POINT (0.4572996575634736 -0.0665596066541212),,,,,,,,,,,,,,,,,,,,,,,,,,,,,,,,,,,,,,,,,,,,,,,,,,,,,,,,,,,,,,,,,,,,,,,,,,,,,,,,,,,,,,,,,,,,,,,,,,,,,
0,15,28,"{'x': 812.396041454615, 'y': -74.2541799396542, 'elapsedTime': 49643.89999997616}",936741113056,5199517018,POINT (0.423122938257612 -0.0687538703144946),,,,,,,,,,,,,,,,,,,,,,,,,,,,,,,,,,,,,,,,,,,,,,,,,,,,,,,,,,,,,,,,,,,,,,,,,,,,,,,,,,,,,,,,,,,,,,,,,,,,,
0,15,28,"{'x': 812.396041454615, 'y': -74.2541799396542, 'elapsedTime': 49643.89999997616}",936741129729,5199533691,POINT (0.423122938257612 -0.0687538703144946),,,,,,,,,,,,,,,,,,,,,,,,,,,,,,,,,,,,,,,,,,,,,,,,,,,,,,,,,,,,,,,,,,,,,,,,,,,,,,,,,,,,,,,,,,,,,,,,,,,,,
0,15,28,"{'x': 812.396041454615, 'y': -74.2541799396542, 'elapsedTime': 49643.89999997616}",936741146397,5199550358,POINT (0.423122938257612 -0.0687538703144946),,,,,,,,,,,,,,,,,,,,,,,,,,,,,,,,,,,,,,,,,,,,,,,,,,,,,,,,,,,,,,,,,,,,,,,,,,,,,,,,,,,,,,,,,,,,,,,,,,,,,
0,15,28,"{'x': 869.6787181242644, 'y': -97.90911626768712, 'elapsedTime': 49700.39999997616}",936741163064,5199567025,POINT (0.452957665689721 -0.0906565891367473),,,,,,,,,,,,,,,,,,,,,,,,,,,,,,,,,,,,,,,,,,,,,,,,,,,,,,,,,,,,,,,,,,,,,,,,,,,,,,,,,,,,,,,,,,,,,,,,,,,,,
0,15,28,"{'x': 869.6787181242644, 'y': -97.90911626768712, 'elapsedTime': 49700.39999997616}",936741179730,5199583691,POINT (0.452957665689721 -0.0906565891367473),,,,,,,,,,,,,,,,,,,,,,,,,,,,,,,,,,,,,,,,,,,,,,,,,,,,,,,,,,,,,,,,,,,,,,,,,,,,,,,,,,,,,,,,,,,,,,,,,,,,,
0,15,28,"{'x': 869.6787181242644, 'y': -97.90911626768712, 'elapsedTime': 49700.39999997616}",936741196398,5199600359,POINT (0.452957665689721 -0.0906565891367473),,,,,,,,,,,,,,,,,,,,,,,,,,,,,,,,,,,,,,,,,,,,,,,,,,,,,,,,,,,,,,,,,,,,,,,,,,,,,,,,,,,,,,,,,,,,,,,,,,,,,
0,15,28,"{'x': 870.4914107322148, 'y': -59.01037134235844, 'elapsedTime': 49750.39999997616}",936741213065,5199617025,POINT (0.4533809430896952 -0.054639232724406),,,,,,,,,,,,,,,,,,,,,,,,,,,,,,,,,,,,,,,,,,,,,,,,,,,,,,,,,,,,,,,,,,,,,,,,,,,,,,,,,,,,,,,,,,,,,,,,,,,,,
0,15,28,"{'x': 870.4914107322148, 'y': -59.01037134235844, 'elapsedTime': 49750.39999997616}",936741229731,5199633691,POINT (0.4533809430896952 -0.054639232724406),,,,,,,,,,,,,,,,,,,,,,,,,,,,,,,,,,,,,,,,,,,,,,,,,,,,,,,,,,,,,,,,,,,,,,,,,,,,,,,,,,,,,,,,,,,,,,,,,,,,,
0,15,28,"{'x': 870.4914107322148, 'y': -59.01037134235844, 'elapsedTime': 49750.39999997616}",936741246400,5199650359,POINT (0.4533809430896952 -0.054639232724406),,,,,,,,,,,,,,,,,,,,,,,,,,,,,,,,,,,,,,,,,,,,,,,,,,,,,,,,,,,,,,,,,,,,,,,,,,,,,,,,,,,,,,,,,,,,,,,,,,,,,
0,15,28,"{'x': 918.8818479394386, 'y': -20.38226279998809, 'elapsedTime': 49796.5}",936741263070,5199667029,POINT (0.4785842958017909 -0.0188724655555445),,,,,,,,,,,,,,,,,,,,,,,,,,,,,,,,,,,,,,,,,,,,,,,,,,,,,,,,,,,,,,,,,,,,,,,,,,,,,,,,,,,,,,,,,,,,,,,,,,,,,
0,15,28,"{'x': 918.8818479394386, 'y': -20.38226279998809, 'elapsedTime': 49796.5}",936741279737,5199683695,POINT (0.4785842958017909 -0.0188724655555445),,,,,,,,,,,,,,,,,,,,,,,,,,,,,,,,,,,,,,,,,,,,,,,,,,,,,,,,,,,,,,,,,,,,,,,,,,,,,,,,,,,,,,,,,,,,,,,,,,,,,
0,15,28,"{'x': 936.86016050788, 'y': -17.113022166005297, 'elapsedTime': 49843.5}",936741296405,5199700363,POINT (0.4879480002645208 -0.0158453908944494),,,,,,,,,,,,,,,,,,,,,,,,,,,,,,,,,,,,,,,,,,,,,,,,,,,,,,,,,,,,,,,,,,,,,,,,,,,,,,,,,,,,,,,,,,,,,,,,,,,,,
0,15,28,"{'x': 936.86016050788, 'y': -17.113022166005297, 'elapsedTime': 49843.5}",936741313072,5199717029,POINT (0.4879480002645208 -0.0158453908944494),,,,,,,,,,,,,,,,,,,,,,,,,,,,,,,,,,,,,,,,,,,,,,,,,,,,,,,,,,,,,,,,,,,,,,,,,,,,,,,,,,,,,,,,,,,,,,,,,,,,,
0,15,28,"{'x': 936.86016050788, 'y': -17.113022166005297, 'elapsedTime': 49843.5}",936741329739,5199733696,POINT (0.4879480002645208 -0.0158453908944494),,,,,,,,,,,,,,,,,,,,,,,,,,,,,,,,,,,,,,,,,,,,,,,,,,,,,,,,,,,,,,,,,,,,,,,,,,,,,,,,,,,,,,,,,,,,,,,,,,,,,
0,15,28,"{'x': 1004.8872983125441, 'y': -32.79444241556473, 'elapsedTime': 49888.200000047684}",936741346406,5199750362,POINT (0.52337880120445 -0.0303652244588562),,,,,,,,,,,,,,,,,,,,,,,,,,,,,,,,,,,,,,,,,,,,,,,,,,,,,,,,,,,,,,,,,,,,,,,,,,,,,,,,,,,,,,,,,,,,,,,,,,,,,
0,15,28,"{'x': 1004.8872983125441, 'y': -32.79444241556473, 'elapsedTime': 49888.200000047684}",936741363073,5199767029,POINT (0.52337880120445 -0.0303652244588562),,,,,,,,,,,,,,,,,,,,,,,,,,,,,,,,,,,,,,,,,,,,,,,,,,,,,,,,,,,,,,,,,,,,,,,,,,,,,,,,,,,,,,,,,,,,,,,,,,,,,
0,15,28,"{'x': 1004.8872983125441, 'y': -32.79444241556473, 'elapsedTime': 49888.200000047684}",936741379748,5199783703,POINT (0.52337880120445 -0.0303652244588562),,,,,,,,,,,,,,,,,,,,,,,,,,,,,,,,,,,,,,,,,,,,,,,,,,,,,,,,,,,,,,,,,,,,,,,,,,,,,,,,,,,,,,,,,,,,,,,,,,,,,
0,15,28,"{'x': 922.3765156629353, 'y': 25.517637656974514, 'elapsedTime': 49933.60000002384}",936741396415,5199800370,POINT (0.4804044352411122 0.0236274422749764),,,,,,,,,,,,,,,,,,,,,,,,,,,,,,,,,,,,,,,,,,,,,,,,,,,,,,,,,,,,,,,,,,,,,,,,,,,,,,,,,,,,,,,,,,,,,,,,,,,,,
0,15,28,"{'x': 922.3765156629353, 'y': 25.517637656974514, 'elapsedTime': 49933.60000002384}",936741413083,5199817037,POINT (0.4804044352411122 0.0236274422749764),,,,,,,,,,,,,,,,,,,,,,,,,,,,,,,,,,,,,,,,,,,,,,,,,,,,,,,,,,,,,,,,,,,,,,,,,,,,,,,,,,,,,,,,,,,,,,,,,,,,,
0,15,28,"{'x': 922.3765156629353, 'y': 25.517637656974514, 'elapsedTime': 49933.60000002384}",936741429750,5199833704,POINT (0.4804044352411122 0.0236274422749764),,,,,,,,,,,,,,,,,,,,,,,,,,,,,,,,,,,,,,,,,,,,,,,,,,,,,,,,,,,,,,,,,,,,,,,,,,,,,,,,,,,,,,,,,,,,,,,,,,,,,
0,15,28,"{'x': 890.9170895863205, 'y': 64.9662953468783, 'elapsedTime': 49979.60000002384}",936741446417,5199850370,POINT (0.4640193174928752 0.0601539771730355),,,,,,,,,,,,,,,,,,,,,,,,,,,,,,,,,,,,,,,,,,,,,,,,,,,,,,,,,,,,,,,,,,,,,,,,,,,,,,,,,,,,,,,,,,,,,,,,,,,,,
0,15,28,"{'x': 890.9170895863205, 'y': 64.9662953468783, 'elapsedTime': 49979.60000002384}",936741463084,5199867037,POINT (0.4640193174928752 0.0601539771730355),,,,,,,,,,,,,,,,,,,,,,,,,,,,,,,,,,,,,,,,,,,,,,,,,,,,,,,,,,,,,,,,,,,,,,,,,,,,,,,,,,,,,,,,,,,,,,,,,,,,,
0,15,28,"{'x': 871.2347032231651, 'y': 113.69488398362657, 'elapsedTime': 50024.700000047684}",936741479751,5199883704,POINT (0.4537680745953985 0.1052730407255802),,,,,,,,,,,,,,,,,,,,,,,,,,,,,,,,,,,,,,,,,,,,,,,,,,,,,,,,,,,,,,,,,,,,,,,,,,,,,,,,,,,,,,,,,,,,,,,,,,,,,
0,15,28,"{'x': 871.2347032231651, 'y': 113.69488398362657, 'elapsedTime': 50024.700000047684}",936741496418,5199900370,POINT (0.4537680745953985 0.1052730407255802),,,,,,,,,,,,,,,,,,,,,,,,,,,,,,,,,,,,,,,,,,,,,,,,,,,,,,,,,,,,,,,,,,,,,,,,,,,,,,,,,,,,,,,,,,,,,,,,,,,,,
0,15,28,"{'x': 871.2347032231651, 'y': 113.69488398362657, 'elapsedTime': 50024.700000047684}",936741513084,5199917036,POINT (0.4537680745953985 0.1052730407255802),,,,,,,,,,,,,,,,,,,,,,,,,,,,,,,,,,,,,,,,,,,,,,,,,,,,,,,,,,,,,,,,,,,,,,,,,,,,,,,,,,,,,,,,,,,,,,,,,,,,,
0,15,28,"{'x': 736.9283629060924, 'y': 251.60206999241566, 'elapsedTime': 50069.700000047684}",936741529753,5199933704,POINT (0.3838168556802565 0.2329648796226071),,,,,,,,,,,,,,,,,,,,,,,,,,,,,,,,,,,,,,,,,,,,,,,,,,,,,,,,,,1,,,,,,,,,,,,,,,,,,,,,,,,,,,,,,,,,,,,,,,,,,1,
0,15,28,"{'x': 736.9283629060924, 'y': 251.60206999241566, 'elapsedTime': 50069.700000047684}",936741546419,5199950370,POINT (0.3838168556802565 0.2329648796226071),,,,,,,,,,,,,,,,,,,,,,,,,,,,,,,,,,,,,,,,,,,,,,,,,,,,,,,,,,1,,,,,,,,,,,,,,,,,,,,,,,,,,,,,,,,,,,,,,,,,,1,
0,15,28,"{'x': 736.9283629060924, 'y': 251.60206999241566, 'elapsedTime': 50069.700000047684}",936741563087,5199967037,POINT (0.3838168556802565 0.2329648796226071),,,,,,,,,,,,,,,,,,,,,,,,,,,,,,,,,,,,,,,,,,,,,,,,,,,,,,,,,,1,,,,,,,,,,,,,,,,,,,,,,,,,,,,,,,,,,,,,,,,,,1,
0,15,28,"{'x': 633.0659062696816, 'y': 302.61663942021687, 'elapsedTime': 50117.10000002384}",936741579754,5199983704,POINT (0.3297218261821258 0.2802005920557564),,,,,,,,,,,,,,,,,,,,,,,,,,,,,,,,,,,,,,,,,,,,,,,,,,,,,,,,,,,,,,,,,,,,,,,,,,,,,,,,,,,,,,,,,,,,,,,,,,,1,1,
0,15,28,"{'x': 633.0659062696816, 'y': 302.61663942021687, 'elapsedTime': 50117.10000002384}",936741596421,5200000370,POINT (0.3297218261821258 0.2802005920557564),,,,,,,,,,,,,,,,,,,,,,,,,,,,,,,,,,,,,,,,,,,,,,,,,,,,,,,,,,,,,,,,,,,,,,,,,,,,,,,,,,,,,,,,,,,,,,,,,,,1,1,
0,15,28,"{'x': 633.0659062696816, 'y': 302.61663942021687, 'elapsedTime': 50117.10000002384}",936741613088,5200017037,POINT (0.3297218261821258 0.2802005920557564),,,,,,,,,,,,,,,,,,,,,,,,,,,,,,,,,,,,,,,,,,,,,,,,,,,,,,,,,,,,,,,,,,,,,,,,,,,,,,,,,,,,,,,,,,,,,,,,,,,1,1,
0,15,28,"{'x': 549.2675806602962, 'y': 363.25395258881287, 'elapsedTime': 50161.60000002384}",936741629755,5200033703,POINT (0.2860768649272376 0.336346252397049),,,,,,,,,,,,,,,,,,,,,,,,,,,,,,,,,,,,,,,,,,,,,,,,,,,,,,,,,,,,,,,,,,,,,,,,,,,,,,,,,,,,,,,,,,,,,,,,,,,,,
0,15,28,"{'x': 549.2675806602962, 'y': 363.25395258881287, 'elapsedTime': 50161.60000002384}",936741646428,5200050376,POINT (0.2860768649272376 0.336346252397049),,,,,,,,,,,,,,,,,,,,,,,,,,,,,,,,,,,,,,,,,,,,,,,,,,,,,,,,,,,,,,,,,,,,,,,,,,,,,,,,,,,,,,,,,,,,,,,,,,,,,
0,15,28,"{'x': 503.58945587061373, 'y': 400.61744102486404, 'elapsedTime': 50208.39999997616}",936741663096,5200067043,POINT (0.2622861749326113 0.3709420750230222),,,,,,,,,,,,,,,,,,,,,,,,,,,,,,,,,,,,,,,,,,,,,,,,,,,,,,,,,,,,,,,,,,,,,,,,,,,,,,,,,,,,,,,,,,,,,,,,,,,,,
0,15,28,"{'x': 503.58945587061373, 'y': 400.61744102486404, 'elapsedTime': 50208.39999997616}",936741679762,5200083709,POINT (0.2622861749326113 0.3709420750230222),,,,,,,,,,,,,,,,,,,,,,,,,,,,,,,,,,,,,,,,,,,,,,,,,,,,,,,,,,,,,,,,,,,,,,,,,,,,,,,,,,,,,,,,,,,,,,,,,,,,,
0,15,28,"{'x': 503.58945587061373, 'y': 400.61744102486404, 'elapsedTime': 50208.39999997616}",936741696430,5200100376,POINT (0.2622861749326113 0.3709420750230222),,,,,,,,,,,,,,,,,,,,,,,,,,,,,,,,,,,,,,,,,,,,,,,,,,,,,,,,,,,,,,,,,,,,,,,,,,,,,,,,,,,,,,,,,,,,,,,,,,,,,
0,15,28,"{'x': 550.8676645928028, 'y': 459.90990612962077, 'elapsedTime': 50253.800000071526}",936741713096,5200117042,POINT (0.2869102419754182 0.4258425056755748),,,,,,,,,,,,,,,,,,,,,,,,,,,,,,,,,,,,,,,,,,,,,,,,,,,,,,,,,,,,,,,,,,,,,,,,,,,,,,,,,,,,,,,,,,,,,,,,,,,,,
0,15,28,"{'x': 550.8676645928028, 'y': 459.90990612962077, 'elapsedTime': 50253.800000071526}",936741729763,5200133709,POINT (0.2869102419754182 0.4258425056755748),,,,,,,,,,,,,,,,,,,,,,,,,,,,,,,,,,,,,,,,,,,,,,,,,,,,,,,,,,,,,,,,,,,,,,,,,,,,,,,,,,,,,,,,,,,,,,,,,,,,,
0,15,28,"{'x': 550.8676645928028, 'y': 459.90990612962077, 'elapsedTime': 50253.800000071526}",936741746431,5200150376,POINT (0.2869102419754182 0.4258425056755748),,,,,,,,,,,,,,,,,,,,,,,,,,,,,,,,,,,,,,,,,,,,,,,,,,,,,,,,,,,,,,,,,,,,,,,,,,,,,,,,,,,,,,,,,,,,,,,,,,,,,
0,15,28,"{'x': 627.7985610408209, 'y': 463.2852185347501, 'elapsedTime': 50299}",936741763098,5200167043,POINT (0.3269784172087609 0.4289677949395834),,,,,,,,,,,,,,,,,,,,,,,,,,,,,,,,,,,,,,,,,,,,,,,,,,,,,,,,,,,,,,,,,,,,,,,,,,,,,,,,,,,,,,,,,,,,,,,,,,,,,
0,15,28,"{'x': 627.7985610408209, 'y': 463.2852185347501, 'elapsedTime': 50299}",936741779771,5200183715,POINT (0.3269784172087609 0.4289677949395834),,,,,,,,,,,,,,,,,,,,,,,,,,,,,,,,,,,,,,,,,,,,,,,,,,,,,,,,,,,,,,,,,,,,,,,,,,,,,,,,,,,,,,,,,,,,,,,,,,,,,
0,15,28,"{'x': 627.7985610408209, 'y': 463.2852185347501, 'elapsedTime': 50299}",936741796437,5200200381,POINT (0.3269784172087609 0.4289677949395834),,,,,,,,,,,,,,,,,,,,,,,,,,,,,,,,,,,,,,,,,,,,,,,,,,,,,,,,,,,,,,,,,,,,,,,,,,,,,,,,,,,,,,,,,,,,,,,,,,,,,
0,15,28,"{'x': 603.6036018125336, 'y': 443.1249417807153, 'elapsedTime': 50347.60000002384}",936741813104,5200217048,POINT (0.3143768759440279 0.4103008720191808),,,,,,,,,,,,,,,,,,,,,,,,,,,,,,,,,,,,,,,,,,,,,,,,,,,,,,,,,,,,,,,,,,,,,,,,,,,,,,,,,,,,,,,,,,,,,,,,,,,,,
0,15,28,"{'x': 603.6036018125336, 'y': 443.1249417807153, 'elapsedTime': 50347.60000002384}",936741829772,5200233715,POINT (0.3143768759440279 0.4103008720191808),,,,,,,,,,,,,,,,,,,,,,,,,,,,,,,,,,,,,,,,,,,,,,,,,,,,,,,,,,,,,,,,,,,,,,,,,,,,,,,,,,,,,,,,,,,,,,,,,,,,,
0,15,28,"{'x': 565.7474386151679, 'y': 480.2995031072786, 'elapsedTime': 50395}",936741846438,5200250381,POINT (0.2946601242787333 0.4447217621363691),,,,,,,,,,,,,,,,,,,,,,,,,,,,,,,,,,,,,,,,,,,,,,,,,,,,,,,,,,,,,,,,,,,,,,,,,,,,,,,,,,,,,,,,,,,,,,,,,,,,,
0,15,28,"{'x': 565.7474386151679, 'y': 480.2995031072786, 'elapsedTime': 50395}",936741863106,5200267048,POINT (0.2946601242787333 0.4447217621363691),,,,,,,,,,,,,,,,,,,,,,,,,,,,,,,,,,,,,,,,,,,,,,,,,,,,,,,,,,,,,,,,,,,,,,,,,,,,,,,,,,,,,,,,,,,,,,,,,,,,,
0,15,28,"{'x': 565.7474386151679, 'y': 480.2995031072786, 'elapsedTime': 50395}",936741879772,5200283714,POINT (0.2946601242787333 0.4447217621363691),,,,,,,,,,,,,,,,,,,,,,,,,,,,,,,,,,,,,,,,,,,,,,,,,,,,,,,,,,,,,,,,,,,,,,,,,,,,,,,,,,,,,,,,,,,,,,,,,,,,,
0,15,28,"{'x': 528.0079358693722, 'y': 474.25483378701443, 'elapsedTime': 50440.39999997616}",936741896440,5200300381,POINT (0.275004133265298 0.4391248460990874),,,,,,,,,,,,,,,,,,,,,,,,,,,,,,,,,,,,,,,,,,,,,,,,,,,,,,,,,,,,,,,,,,,,,,,,,,,,,,,,,,,,,,,,,,,,,,,,,,,,,
0,15,28,"{'x': 528.0079358693722, 'y': 474.25483378701443, 'elapsedTime': 50440.39999997616}",936741913112,5200317053,POINT (0.275004133265298 0.4391248460990874),,,,,,,,,,,,,,,,,,,,,,,,,,,,,,,,,,,,,,,,,,,,,,,,,,,,,,,,,,,,,,,,,,,,,,,,,,,,,,,,,,,,,,,,,,,,,,,,,,,,,
0,15,28,"{'x': 528.0079358693722, 'y': 474.25483378701443, 'elapsedTime': 50440.39999997616}",936741929779,5200333719,POINT (0.275004133265298 0.4391248460990874),,,,,,,,,,,,,,,,,,,,,,,,,,,,,,,,,,,,,,,,,,,,,,,,,,,,,,,,,,,,,,,,,,,,,,,,,,,,,,,,,,,,,,,,,,,,,,,,,,,,,
0,15,28,"{'x': 476.1235204044937, 'y': 472.1398572779472, 'elapsedTime': 50484.39999997616}",936741946446,5200350386,POINT (0.2479810002106738 0.4371665345166178),,,,,,,,,,,,,,,,,,,,,,,,,,,,,,,,,,,,,,,,,,,,,,,,,,,,,,,,,,,,,,,,,,,,,,,,,,,,,,,,,,,,,,,,,,,,,,,,,,,,,
0,15,28,"{'x': 476.1235204044937, 'y': 472.1398572779472, 'elapsedTime': 50484.39999997616}",936741963113,5200367052,POINT (0.2479810002106738 0.4371665345166178),,,,,,,,,,,,,,,,,,,,,,,,,,,,,,,,,,,,,,,,,,,,,,,,,,,,,,,,,,,,,,,,,,,,,,,,,,,,,,,,,,,,,,,,,,,,,,,,,,,,,
0,15,28,"{'x': 476.1235204044937, 'y': 472.1398572779472, 'elapsedTime': 50484.39999997616}",936741979780,5200383719,POINT (0.2479810002106738 0.4371665345166178),,,,,,,,,,,,,,,,,,,,,,,,,,,,,,,,,,,,,,,,,,,,,,,,,,,,,,,,,,,,,,,,,,,,,,,,,,,,,,,,,,,,,,,,,,,,,,,,,,,,,
0,15,28,"{'x': 476.6860597020674, 'y': 501.7040947200534, 'elapsedTime': 50530.300000071526}",936741996448,5200400386,POINT (0.2482739894281601 0.4645408284444938),,,,,,,,,,,,,,,,,,,,,,,,,,,,,,,,,,,,,,,,,,,,,,,,,,,,,,,,,,,,,,,,,,,,,,,,,,,,,,,,,,,,,,,,,,,,,,,,,,,,,
0,15,28,"{'x': 476.6860597020674, 'y': 501.7040947200534, 'elapsedTime': 50530.300000071526}",936742013114,5200417052,POINT (0.2482739894281601 0.4645408284444938),,,,,,,,,,,,,,,,,,,,,,,,,,,,,,,,,,,,,,,,,,,,,,,,,,,,,,,,,,,,,,,,,,,,,,,,,,,,,,,,,,,,,,,,,,,,,,,,,,,,,
0,15,28,"{'x': 476.6860597020674, 'y': 501.7040947200534, 'elapsedTime': 50530.300000071526}",936742029782,5200433719,POINT (0.2482739894281601 0.4645408284444938),,,,,,,,,,,,,,,,,,,,,,,,,,,,,,,,,,,,,,,,,,,,,,,,,,,,,,,,,,,,,,,,,,,,,,,,,,,,,,,,,,,,,,,,,,,,,,,,,,,,,
0,15,28,"{'x': 504.5696910720549, 'y': 507.8619215160268, 'elapsedTime': 50576.60000002384}",936742046450,5200450387,POINT (0.2627967141000286 0.4702425199222471),,,,,,,,,,,,,,,,,,,,,,,,,,,,,,,,,,,,,,,,,,,,,,,,,,,,,,,,,,,,,,,,,,,,,,,,,,,,,,,,,,,,,,,,,,,,,,,,,,,,,
0,15,28,"{'x': 504.5696910720549, 'y': 507.8619215160268, 'elapsedTime': 50576.60000002384}",936742063118,5200467054,POINT (0.2627967141000286 0.4702425199222471),,,,,,,,,,,,,,,,,,,,,,,,,,,,,,,,,,,,,,,,,,,,,,,,,,,,,,,,,,,,,,,,,,,,,,,,,,,,,,,,,,,,,,,,,,,,,,,,,,,,,
0,15,28,"{'x': 504.5696910720549, 'y': 507.8619215160268, 'elapsedTime': 50576.60000002384}",936742079784,5200483720,POINT (0.2627967141000286 0.4702425199222471),,,,,,,,,,,,,,,,,,,,,,,,,,,,,,,,,,,,,,,,,,,,,,,,,,,,,,,,,,,,,,,,,,,,,,,,,,,,,,,,,,,,,,,,,,,,,,,,,,,,,
0,15,28,"{'x': 641.6138988727987, 'y': 504.95134272759253, 'elapsedTime': 50637.39999997616}",936742096452,5200500387,POINT (0.334173905662916 0.4675475395625857),,,,,,,,,,,,,,,,,,,,,,,,,,,,,,,,,,,,,,,,,,,,,,,,,,,,,,,,,,,,,,,,,,,,,,,,,,,,,,,,,,,,,,,,,,,,,,,,,,,,,
0,15,28,"{'x': 641.6138988727987, 'y': 504.95134272759253, 'elapsedTime': 50637.39999997616}",936742113118,5200517053,POINT (0.334173905662916 0.4675475395625857),,,,,,,,,,,,,,,,,,,,,,,,,,,,,,,,,,,,,,,,,,,,,,,,,,,,,,,,,,,,,,,,,,,,,,,,,,,,,,,,,,,,,,,,,,,,,,,,,,,,,
0,15,28,"{'x': 641.6138988727987, 'y': 504.95134272759253, 'elapsedTime': 50637.39999997616}",936742129786,5200533720,POINT (0.334173905662916 0.4675475395625857),,,,,,,,,,,,,,,,,,,,,,,,,,,,,,,,,,,,,,,,,,,,,,,,,,,,,,,,,,,,,,,,,,,,,,,,,,,,,,,,,,,,,,,,,,,,,,,,,,,,,
0,15,28,"{'x': 698.4054566771501, 'y': 487.2608833929601, 'elapsedTime': 50683.300000071526}",936742146452,5200550386,POINT (0.363752842019349 0.4511674846231112),,,,,,,,,,,,,,,,,,,,,,,,,,,,,,,,,,,,,,,,,,,,,,,,,,,,,,,,,,,,,,,,,,,,,,,,,,,,,,,,,,,,,,,,,,,,,,,,,,,,,
0,15,28,"{'x': 698.4054566771501, 'y': 487.2608833929601, 'elapsedTime': 50683.300000071526}",936742163121,5200567054,POINT (0.363752842019349 0.4511674846231112),,,,,,,,,,,,,,,,,,,,,,,,,,,,,,,,,,,,,,,,,,,,,,,,,,,,,,,,,,,,,,,,,,,,,,,,,,,,,,,,,,,,,,,,,,,,,,,,,,,,,
0,15,28,"{'x': 698.4054566771501, 'y': 487.2608833929601, 'elapsedTime': 50683.300000071526}",936742179795,5200583728,POINT (0.363752842019349 0.4511674846231112),,,,,,,,,,,,,,,,,,,,,,,,,,,,,,,,,,,,,,,,,,,,,,,,,,,,,,,,,,,,,,,,,,,,,,,,,,,,,,,,,,,,,,,,,,,,,,,,,,,,,
0,15,28,"{'x': 627.6289498396164, 'y': 537.7283187141531, 'elapsedTime': 50727.800000071526}",936742196463,5200600395,POINT (0.3268900780414669 0.4978965914019937),,,,,,,,,,,,,,,,,,,,,,,,,,,,,,,,,,,,,,,,,,,,,,,,,,,,,,,,,,,,,,,,,,,,,,,,,,,,,,,,,,,,,,,,,,,,,,,,,,,,,
0,15,28,"{'x': 627.6289498396164, 'y': 537.7283187141531, 'elapsedTime': 50727.800000071526}",936742213130,5200617062,POINT (0.3268900780414669 0.4978965914019937),,,,,,,,,,,,,,,,,,,,,,,,,,,,,,,,,,,,,,,,,,,,,,,,,,,,,,,,,,,,,,,,,,,,,,,,,,,,,,,,,,,,,,,,,,,,,,,,,,,,,
0,15,28,"{'x': 627.6289498396164, 'y': 537.7283187141531, 'elapsedTime': 50727.800000071526}",936742229796,5200633728,POINT (0.3268900780414669 0.4978965914019937),,,,,,,,,,,,,,,,,,,,,,,,,,,,,,,,,,,,,,,,,,,,,,,,,,,,,,,,,,,,,,,,,,,,,,,,,,,,,,,,,,,,,,,,,,,,,,,,,,,,,
0,15,28,"{'x': 609.8732237047536, 'y': 532.0642947447051, 'elapsedTime': 50773}",936742246464,5200650395,POINT (0.3176423040128925 0.4926521247636158),,,,,,,,,,,,,,,,,,,,,,,,,,,,,,,,,,,,,,,,,,,,,,,,,,,,,,,,,,,,,,,,,,,,,,,,,,,,,,,,,,,,,,,,,,,,,,,,,,,,,
0,15,28,"{'x': 609.8732237047536, 'y': 532.0642947447051, 'elapsedTime': 50773}",936742263130,5200667061,POINT (0.3176423040128925 0.4926521247636158),,,,,,,,,,,,,,,,,,,,,,,,,,,,,,,,,,,,,,,,,,,,,,,,,,,,,,,,,,,,,,,,,,,,,,,,,,,,,,,,,,,,,,,,,,,,,,,,,,,,,
0,15,28,"{'x': 566.4265727503013, 'y': 529.3091493387567, 'elapsedTime': 50823.5}",936742279798,5200683728,POINT (0.2950138399741152 0.4901010642025525),,,,,,,,,,,,,,,,,,,,,,,,,,,,,,,,,,,,,,,,,,,,,,,,,,,,,,,,,,,,,,,,,,,,,,,,,,,,,,,,,,,,,,,,,,,,,,,,,,,,,
0,15,28,"{'x': 566.4265727503013, 'y': 529.3091493387567, 'elapsedTime': 50823.5}",936742296470,5200700400,POINT (0.2950138399741152 0.4901010642025525),,,,,,,,,,,,,,,,,,,,,,,,,,,,,,,,,,,,,,,,,,,,,,,,,,,,,,,,,,,,,,,,,,,,,,,,,,,,,,,,,,,,,,,,,,,,,,,,,,,,,
0,15,28,"{'x': 566.4265727503013, 'y': 529.3091493387567, 'elapsedTime': 50823.5}",936742313137,5200717067,POINT (0.2950138399741152 0.4901010642025525),,,,,,,,,,,,,,,,,,,,,,,,,,,,,,,,,,,,,,,,,,,,,,,,,,,,,,,,,,,,,,,,,,,,,,,,,,,,,,,,,,,,,,,,,,,,,,,,,,,,,
0,15,28,"{'x': 610.8958238419561, 'y': 497.212892238382, 'elapsedTime': 50869.89999997616}",936742329804,5200733733,POINT (0.3181749082510188 0.4603823076281315),,,,,,,,,,,,,,,,,,,,,,,,,,,,,,,,,,,,,,,,,,,,,,,,,,,,,,,,,,,,,,,,,,,,,,,,,,,,,,,,,,,,,,,,,,,,,,,,,,,,,
0,15,28,"{'x': 610.8958238419561, 'y': 497.212892238382, 'elapsedTime': 50869.89999997616}",936742346470,5200750399,POINT (0.3181749082510188 0.4603823076281315),,,,,,,,,,,,,,,,,,,,,,,,,,,,,,,,,,,,,,,,,,,,,,,,,,,,,,,,,,,,,,,,,,,,,,,,,,,,,,,,,,,,,,,,,,,,,,,,,,,,,
0,15,28,"{'x': 610.8958238419561, 'y': 497.212892238382, 'elapsedTime': 50869.89999997616}",936742363138,5200767066,POINT (0.3181749082510188 0.4603823076281315),,,,,,,,,,,,,,,,,,,,,,,,,,,,,,,,,,,,,,,,,,,,,,,,,,,,,,,,,,,,,,,,,,,,,,,,,,,,,,,,,,,,,,,,,,,,,,,,,,,,,
0,15,28,"{'x': 693.4076572574002, 'y': 453.27115260766834, 'elapsedTime': 50915.89999997616}",936742379805,5200783733,POINT (0.3611498214882293 0.419695511673767),,,,,,,,,,,,,,,,,,,,,,,,,,,,,,,,,,,,,,,,,,,,,,,,,,,,,,,,,,,,,,,,,,,,,,,,,,,,,,,,,,,,,,,,,,,,,,,,,,,,,
0,15,28,"{'x': 693.4076572574002, 'y': 453.27115260766834, 'elapsedTime': 50915.89999997616}",936742396473,5200800400,POINT (0.3611498214882293 0.419695511673767),,,,,,,,,,,,,,,,,,,,,,,,,,,,,,,,,,,,,,,,,,,,,,,,,,,,,,,,,,,,,,,,,,,,,,,,,,,,,,,,,,,,,,,,,,,,,,,,,,,,,
0,15,28,"{'x': 693.4076572574002, 'y': 453.27115260766834, 'elapsedTime': 50915.89999997616}",936742413140,5200817067,POINT (0.3611498214882293 0.419695511673767),,,,,,,,,,,,,,,,,,,,,,,,,,,,,,,,,,,,,,,,,,,,,,,,,,,,,,,,,,,,,,,,,,,,,,,,,,,,,,,,,,,,,,,,,,,,,,,,,,,,,
0,15,28,"{'x': 714.4806054445716, 'y': 411.50336276592765, 'elapsedTime': 50961.300000071526}",936742429808,5200833735,POINT (0.3721253153357144 0.3810216321906738),,,,,,,,,,,,,,,,,,,,,,,,,,,,,,,,,,,,,,,,,,,,,,,,,,,,,,,,,,,,,,,,,,,,,,,,,,,,,,,,,,,,,,,,,,,,,,,,,,,,,
0,15,28,"{'x': 714.4806054445716, 'y': 411.50336276592765, 'elapsedTime': 50961.300000071526}",936742446476,5200850402,POINT (0.3721253153357144 0.3810216321906738),,,,,,,,,,,,,,,,,,,,,,,,,,,,,,,,,,,,,,,,,,,,,,,,,,,,,,,,,,,,,,,,,,,,,,,,,,,,,,,,,,,,,,,,,,,,,,,,,,,,,
0,15,28,"{'x': 695.8197442592768, 'y': 383.65567470349697, 'elapsedTime': 51010.10000002384}",936742463142,5200867068,POINT (0.3624061168017067 0.3552367358365713),,,,,,,,,,,,,,,,,,,,,,,,,,,,,,,,,,,,,,,,,,,,,,,,,,,,,,,,,,,,,,,,,,,,,,,,,,,,,,,,,,,,,,,,,,,,,,,,,,,,,
0,15,28,"{'x': 695.8197442592768, 'y': 383.65567470349697, 'elapsedTime': 51010.10000002384}",936742479810,5200883735,POINT (0.3624061168017067 0.3552367358365713),,,,,,,,,,,,,,,,,,,,,,,,,,,,,,,,,,,,,,,,,,,,,,,,,,,,,,,,,,,,,,,,,,,,,,,,,,,,,,,,,,,,,,,,,,,,,,,,,,,,,
0,15,28,"{'x': 695.8197442592768, 'y': 383.65567470349697, 'elapsedTime': 51010.10000002384}",936742496476,5200900401,POINT (0.3624061168017067 0.3552367358365713),,,,,,,,,,,,,,,,,,,,,,,,,,,,,,,,,,,,,,,,,,,,,,,,,,,,,,,,,,,,,,,,,,,,,,,,,,,,,,,,,,,,,,,,,,,,,,,,,,,,,
0,15,28,"{'x': 633.3075921642554, 'y': 314.6443318345422, 'elapsedTime': 51054.89999997616}",936742513144,5200917068,POINT (0.3298477042522164 0.2913373442912428),,,,,,,,,,,,,,,,,,,,,,,,,,,,,,,,,,,,,,,,,,,,,,,,,,,,,,,,,,,,,,,,,,,,,,,,,,,,,,,,,,,,,,,,,,,,,,,,,,,1,1,
0,15,28,"{'x': 633.3075921642554, 'y': 314.6443318345422, 'elapsedTime': 51054.89999997616}",936742529811,5200933735,POINT (0.3298477042522164 0.2913373442912428),,,,,,,,,,,,,,,,,,,,,,,,,,,,,,,,,,,,,,,,,,,,,,,,,,,,,,,,,,,,,,,,,,,,,,,,,,,,,,,,,,,,,,,,,,,,,,,,,,,1,1,
0,15,28,"{'x': 633.3075921642554, 'y': 314.6443318345422, 'elapsedTime': 51054.89999997616}",936742546479,5200950402,POINT (0.3298477042522164 0.2913373442912428),,,,,,,,,,,,,,,,,,,,,,,,,,,,,,,,,,,,,,,,,,,,,,,,,,,,,,,,,,,,,,,,,,,,,,,,,,,,,,,,,,,,,,,,,,,,,,,,,,,1,1,
0,15,28,"{'x': 574.1259800625684, 'y': 313.5597801376038, 'elapsedTime': 51101.39999997616}",936742563151,5200967074,POINT (0.2990239479492544 0.2903331297570406),,,,,,,,,,,,,,,,,,,,,,,,,,,,,,,,,,,,,,,,,,,,,,,,,,,,,,,,,,,,,,,,,,,,,,,,,,,,,,,,,,,,,,,,,,,,,,,,,,,1,1,
0,15,28,"{'x': 574.1259800625684, 'y': 313.5597801376038, 'elapsedTime': 51101.39999997616}",936742579819,5200983741,POINT (0.2990239479492544 0.2903331297570406),,,,,,,,,,,,,,,,,,,,,,,,,,,,,,,,,,,,,,,,,,,,,,,,,,,,,,,,,,,,,,,,,,,,,,,,,,,,,,,,,,,,,,,,,,,,,,,,,,,1,1,
0,15,28,"{'x': 574.1259800625684, 'y': 313.5597801376038, 'elapsedTime': 51101.39999997616}",936742596485,5201000407,POINT (0.2990239479492544 0.2903331297570406),,,,,,,,,,,,,,,,,,,,,,,,,,,,,,,,,,,,,,,,,,,,,,,,,,,,,,,,,,,,,,,,,,,,,,,,,,,,,,,,,,,,,,,,,,,,,,,,,,,1,1,
0,15,28,"{'x': 592.5408793896536, 'y': 281.9391940157303, 'elapsedTime': 51147.800000071526}",936742613153,5201017074,POINT (0.3086150413487779 0.2610548092738244),,,,,,,,,,,,,,,,,,,,,,,,,,,,,,,,,,,,,,,,,,,,,,,,,,,,,,,,,,,,,,,,,,,,,,,,,,,,,,,,,,,,,,,,,,,,,,,,,,,1,1,
0,15,28,"{'x': 592.5408793896536, 'y': 281.9391940157303, 'elapsedTime': 51147.800000071526}",936742629820,5201033741,POINT (0.3086150413487779 0.2610548092738244),,,,,,,,,,,,,,,,,,,,,,,,,,,,,,,,,,,,,,,,,,,,,,,,,,,,,,,,,,,,,,,,,,,,,,,,,,,,,,,,,,,,,,,,,,,,,,,,,,,1,1,
0,15,28,"{'x': 592.5408793896536, 'y': 281.9391940157303, 'elapsedTime': 51147.800000071526}",936742646488,5201050408,POINT (0.3086150413487779 0.2610548092738244),,,,,,,,,,,,,,,,,,,,,,,,,,,,,,,,,,,,,,,,,,,,,,,,,,,,,,,,,,,,,,,,,,,,,,,,,,,,,,,,,,,,,,,,,,,,,,,,,,,1,1,
0,15,28,"{'x': 648.8456638144328, 'y': 229.26862737918003, 'elapsedTime': 51194.39999997616}",936742663154,5201067074,POINT (0.3379404499033504 0.2122857660918334),,,,,,,,,,,,,,,,,,,,,,,,,,,,,,,,,,,,,,,,,,,,,,,,,,,,,,,,,,,,,,,,,,,,,,,,,,,,,,,,,,,,,,,,,,,,,,,,,,,,,
0,15,28,"{'x': 648.8456638144328, 'y': 229.26862737918003, 'elapsedTime': 51194.39999997616}",936742679822,5201083741,POINT (0.3379404499033504 0.2122857660918334),,,,,,,,,,,,,,,,,,,,,,,,,,,,,,,,,,,,,,,,,,,,,,,,,,,,,,,,,,,,,,,,,,,,,,,,,,,,,,,,,,,,,,,,,,,,,,,,,,,,,
0,15,28,"{'x': 637.9440275301682, 'y': 179.09673509040883, 'elapsedTime': 51241.60000002384}",936742696493,5201100412,POINT (0.3322625143386293 0.165830310268897),,,,,,,,,,,,,,,,,,,,,,,,,,,,,,,,,,,,,,,,,,,,,,,,,,,,,,,,,,,,,,,,,,,,,,,,,,,,,,,,,,,,,,,,,,,,,,,,,,,1,,
0,15,28,"{'x': 637.9440275301682, 'y': 179.09673509040883, 'elapsedTime': 51241.60000002384}",936742713161,5201117079,POINT (0.3322625143386293 0.165830310268897),,,,,,,,,,,,,,,,,,,,,,,,,,,,,,,,,,,,,,,,,,,,,,,,,,,,,,,,,,,,,,,,,,,,,,,,,,,,,,,,,,,,,,,,,,,,,,,,,,,1,,
0,15,28,"{'x': 637.9440275301682, 'y': 179.09673509040883, 'elapsedTime': 51241.60000002384}",936742729828,5201133746,POINT (0.3322625143386293 0.165830310268897),,,,,,,,,,,,,,,,,,,,,,,,,,,,,,,,,,,,,,,,,,,,,,,,,,,,,,,,,,,,,,,,,,,,,,,,,,,,,,,,,,,,,,,,,,,,,,,,,,,1,,
0,15,28,"{'x': 631.4136103043862, 'y': 160.39856898910435, 'elapsedTime': 51287}",936742746496,5201150413,POINT (0.3288612553668678 0.14851719350843),,,,,,,,,,,,,,,,,,,,,,,,,,,,,,,,,,,,,,,,,,,,,,,,,,,,,,,,,,,,,,,,,,,,,,,,,,,,,,,,,,,,,,,,,,,,,,,,,,,1,,
0,15,28,"{'x': 631.4136103043862, 'y': 160.39856898910435, 'elapsedTime': 51287}",936742763162,5201167079,POINT (0.3288612553668678 0.14851719350843),,,,,,,,,,,,,,,,,,,,,,,,,,,,,,,,,,,,,,,,,,,,,,,,,,,,,,,,,,,,,,,,,,,,,,,,,,,,,,,,,,,,,,,,,,,,,,,,,,,1,,
0,15,28,"{'x': 631.4136103043862, 'y': 160.39856898910435, 'elapsedTime': 51287}",936742779829,5201183745,POINT (0.3288612553668678 0.14851719350843),,,,,,,,,,,,,,,,,,,,,,,,,,,,,,,,,,,,,,,,,,,,,,,,,,,,,,,,,,,,,,,,,,,,,,,,,,,,,,,,,,,,,,,,,,,,,,,,,,,1,,
0,15,28,"{'x': 685.9011363737499, 'y': 129.89074318812962, 'elapsedTime': 51333}",936742796496,5201200412,POINT (0.3572401751946614 0.1202692066556756),,,,,,,,,,,,,,,,,,,,,,,,,,,,,,,,,,,,,,,,,,,,,,,,,,,,,,,,,,,,,,,,,,,,,,,,,,,,,,,,,,,,,,,,,,,,,,,,,,,,,
0,15,28,"{'x': 685.9011363737499, 'y': 129.89074318812962, 'elapsedTime': 51333}",936742813164,5201217079,POINT (0.3572401751946614 0.1202692066556756),,,,,,,,,,,,,,,,,,,,,,,,,,,,,,,,,,,,,,,,,,,,,,,,,,,,,,,,,,,,,,,,,,,,,,,,,,,,,,,,,,,,,,,,,,,,,,,,,,,,,
0,15,28,"{'x': 685.9011363737499, 'y': 129.89074318812962, 'elapsedTime': 51333}",936742829836,5201233751,POINT (0.3572401751946614 0.1202692066556756),,,,,,,,,,,,,,,,,,,,,,,,,,,,,,,,,,,,,,,,,,,,,,,,,,,,,,,,,,,,,,,,,,,,,,,,,,,,,,,,,,,,,,,,,,,,,,,,,,,,,
0,15,28,"{'x': 673.0454626429147, 'y': 102.00281750713452, 'elapsedTime': 51379.700000047684}",936742846503,5201250418,POINT (0.3505445117931847 0.0944470532473468),,,,,,,,,,,,,,,,,,,,,,,,,,,,,,,,,,,,,,,,,,,,,,,,,,,,,,,,,,,,,,,,,,,,,,,,,,,,,,,,,,,,,,,,,,,,,,,,,,,,,
0,15,28,"{'x': 673.0454626429147, 'y': 102.00281750713452, 'elapsedTime': 51379.700000047684}",936742863169,5201267084,POINT (0.3505445117931847 0.0944470532473468),,,,,,,,,,,,,,,,,,,,,,,,,,,,,,,,,,,,,,,,,,,,,,,,,,,,,,,,,,,,,,,,,,,,,,,,,,,,,,,,,,,,,,,,,,,,,,,,,,,,,
0,15,28,"{'x': 673.0454626429147, 'y': 102.00281750713452, 'elapsedTime': 51379.700000047684}",936742879837,5201283751,POINT (0.3505445117931847 0.0944470532473468),,,,,,,,,,,,,,,,,,,,,,,,,,,,,,,,,,,,,,,,,,,,,,,,,,,,,,,,,,,,,,,,,,,,,,,,,,,,,,,,,,,,,,,,,,,,,,,,,,,,,
0,15,28,"{'x': 655.1549533219643, 'y': 136.07498391874856, 'elapsedTime': 51425.89999997616}",936742896504,5201300418,POINT (0.341226538188523 0.1259953554803227),,,,,,,1,,,,,,,,,,,,,,,,,,,,,,,,,,,,,,,,,,,,,,,,,,,,,,,,,,,,,,,,,,,,,,,,,,,,,,,,,,,,,,,,,,,,,,,,,,,,,,
0,15,28,"{'x': 655.1549533219643, 'y': 136.07498391874856, 'elapsedTime': 51425.89999997616}",936742913171,5201317084,POINT (0.341226538188523 0.1259953554803227),,,,,,,1,,,,,,,,,,,,,,,,,,,,,,,,,,,,,,,,,,,,,,,,,,,,,,,,,,,,,,,,,,,,,,,,,,,,,,,,,,,,,,,,,,,,,,,,,,,,,,
0,15,28,"{'x': 731.2305465000177, 'y': 123.36755344147329, 'elapsedTime': 51471.700000047684}",936742929837,5201333750,POINT (0.3808492429687592 0.1142292161495123),,,,,,,,,,,,,,,,,,,,,,,,,,,,,,,,,,,,,,,,,,,,,,,,,,,,,,,,,,,,,,,,,,,,,,,,,,,,,,,,,,,,,,,,,,,,,,,,,,,,,
0,15,28,"{'x': 731.2305465000177, 'y': 123.36755344147329, 'elapsedTime': 51471.700000047684}",936742946505,5201350417,POINT (0.3808492429687592 0.1142292161495123),,,,,,,,,,,,,,,,,,,,,,,,,,,,,,,,,,,,,,,,,,,,,,,,,,,,,,,,,,,,,,,,,,,,,,,,,,,,,,,,,,,,,,,,,,,,,,,,,,,,,
0,15,28,"{'x': 731.2305465000177, 'y': 123.36755344147329, 'elapsedTime': 51471.700000047684}",936742963176,5201367088,POINT (0.3808492429687592 0.1142292161495123),,,,,,,,,,,,,,,,,,,,,,,,,,,,,,,,,,,,,,,,,,,,,,,,,,,,,,,,,,,,,,,,,,,,,,,,,,,,,,,,,,,,,,,,,,,,,,,,,,,,,
0,15,28,"{'x': 640.2434760259538, 'y': 116.17591714059031, 'elapsedTime': 51519}",936742979844,5201383755,POINT (0.3334601437635176 0.1075702936486947),,,,,,,,,,,,,,,,,,,,,,,,,,,,,,,,,,,,,,,,,,,,,,,,,,,,,,,,,,,,,,,,,,,,,,,,,,,,,,,,,,,,,,,,,,,,,,,,,,,,,
0,15,28,"{'x': 640.2434760259538, 'y': 116.17591714059031, 'elapsedTime': 51519}",936742996510,5201400421,POINT (0.3334601437635176 0.1075702936486947),,,,,,,,,,,,,,,,,,,,,,,,,,,,,,,,,,,,,,,,,,,,,,,,,,,,,,,,,,,,,,,,,,,,,,,,,,,,,,,,,,,,,,,,,,,,,,,,,,,,,
0,15,28,"{'x': 640.2434760259538, 'y': 116.17591714059031, 'elapsedTime': 51519}",936743013178,5201417088,POINT (0.3334601437635176 0.1075702936486947),,,,,,,,,,,,,,,,,,,,,,,,,,,,,,,,,,,,,,,,,,,,,,,,,,,,,,,,,,,,,,,,,,,,,,,,,,,,,,,,,,,,,,,,,,,,,,,,,,,,,
0,15,28,"{'x': 640.2434760259538, 'y': 116.17591714059031, 'elapsedTime': 51519}",936743029844,5201433754,POINT (0.3334601437635176 0.1075702936486947),,,,,,,,,,,,,,,,,,,,,,,,,,,,,,,,,,,,,,,,,,,,,,,,,,,,,,,,,,,,,,,,,,,,,,,,,,,,,,,,,,,,,,,,,,,,,,,,,,,,,
0,15,28,"{'x': 733.1404904142057, 'y': 129.02113406758406, 'elapsedTime': 51572.300000071526}",936743046511,5201450421,POINT (0.3818440054240655 0.1194640130255408),,,,,,,,,,,,,,,,,,,,,,,,,,,,,,,,,,,,,,,,,,,,,,,,,,,,,,,,,,,,,,,,,,,,,,,,,,,,,,,,,,,,,,,,,,,,,,,,,,,,,
0,15,28,"{'x': 733.1404904142057, 'y': 129.02113406758406, 'elapsedTime': 51572.300000071526}",936743063178,5201467087,POINT (0.3818440054240655 0.1194640130255408),,,,,,,,,,,,,,,,,,,,,,,,,,,,,,,,,,,,,,,,,,,,,,,,,,,,,,,,,,,,,,,,,,,,,,,,,,,,,,,,,,,,,,,,,,,,,,,,,,,,,
0,15,28,"{'x': 733.1404904142057, 'y': 129.02113406758406, 'elapsedTime': 51572.300000071526}",936743079846,5201483755,POINT (0.3818440054240655 0.1194640130255408),,,,,,,,,,,,,,,,,,,,,,,,,,,,,,,,,,,,,,,,,,,,,,,,,,,,,,,,,,,,,,,,,,,,,,,,,,,,,,,,,,,,,,,,,,,,,,,,,,,,,
0,15,28,"{'x': 770.8048025410673, 'y': 170.24205741158468, 'elapsedTime': 51636.800000071526}",936743096519,5201500427,POINT (0.4014608346568059 0.1576315346403562),,,,,,,,,,,,,,,,,,,,,,,,,,,,,,,,,,,,,,,,,,,,,,,,,,,,,,,,,,,,,,,,,,,,,,,,,,,,,,,,,,,,,,,,,,,,,,,,,,,1,,
0,15,28,"{'x': 770.8048025410673, 'y': 170.24205741158468, 'elapsedTime': 51636.800000071526}",936743113186,5201517094,POINT (0.4014608346568059 0.1576315346403562),,,,,,,,,,,,,,,,,,,,,,,,,,,,,,,,,,,,,,,,,,,,,,,,,,,,,,,,,,,,,,,,,,,,,,,,,,,,,,,,,,,,,,,,,,,,,,,,,,,1,,
0,15,28,"{'x': 770.8048025410673, 'y': 170.24205741158468, 'elapsedTime': 51636.800000071526}",936743129853,5201533760,POINT (0.4014608346568059 0.1576315346403562),,,,,,,,,,,,,,,,,,,,,,,,,,,,,,,,,,,,,,,,,,,,,,,,,,,,,,,,,,,,,,,,,,,,,,,,,,,,,,,,,,,,,,,,,,,,,,,,,,,1,,
0,15,28,"{'x': 830.0405151776347, 'y': 217.30092050880705, 'elapsedTime': 51681.89999997616}",936743146520,5201550427,POINT (0.4323127683216848 0.2012045560266732),,,,,,,,,,,,,,,,,,,,,,,,,,,,,,,,,,,,,,,,,,,,,,,,,,,,,,,,,,,,,,,,,,,,,,,,,,,,,,,,,,,,,,,,,,,,,,,,,,,,,
0,15,28,"{'x': 830.0405151776347, 'y': 217.30092050880705, 'elapsedTime': 51681.89999997616}",936743163188,5201567094,POINT (0.4323127683216848 0.2012045560266732),,,,,,,,,,,,,,,,,,,,,,,,,,,,,,,,,,,,,,,,,,,,,,,,,,,,,,,,,,,,,,,,,,,,,,,,,,,,,,,,,,,,,,,,,,,,,,,,,,,,,
0,15,28,"{'x': 830.0405151776347, 'y': 217.30092050880705, 'elapsedTime': 51681.89999997616}",936743179854,5201583760,POINT (0.4323127683216848 0.2012045560266732),,,,,,,,,,,,,,,,,,,,,,,,,,,,,,,,,,,,,,,,,,,,,,,,,,,,,,,,,,,,,,,,,,,,,,,,,,,,,,,,,,,,,,,,,,,,,,,,,,,,,
0,15,28,"{'x': 885.1891205349357, 'y': 235.71384075586744, 'elapsedTime': 51728.89999997616}",936743196522,5201600427,POINT (0.4610360002786124 0.2182535562554328),,,,,,,,,,,,,,,,,,,,,,,,,,,,,,,,,,,,,,,,,,,,,,,,,,,,,,,,,,,,,,,,,,,,,,,,,,,,,,,,,,,,,,,,,,,,,,,,,,,,1,
0,15,28,"{'x': 885.1891205349357, 'y': 235.71384075586744, 'elapsedTime': 51728.89999997616}",936743213192,5201617097,POINT (0.4610360002786124 0.2182535562554328),,,,,,,,,,,,,,,,,,,,,,,,,,,,,,,,,,,,,,,,,,,,,,,,,,,,,,,,,,,,,,,,,,,,,,,,,,,,,,,,,,,,,,,,,,,,,,,,,,,,1,
0,15,28,"{'x': 885.1891205349357, 'y': 235.71384075586744, 'elapsedTime': 51728.89999997616}",936743229859,5201633763,POINT (0.4610360002786124 0.2182535562554328),,,,,,,,,,,,,,,,,,,,,,,,,,,,,,,,,,,,,,,,,,,,,,,,,,,,,,,,,,,,,,,,,,,,,,,,,,,,,,,,,,,,,,,,,,,,,,,,,,,,1,
0,15,28,"{'x': 974.3374978210538, 'y': 253.25982231442353, 'elapsedTime': 51780.89999997616}",936743246526,5201650430,POINT (0.5074674467817989 0.2344998354763181),,,,,,,,,,,,,,,,,,,,,,,,,,,,,,,,,,,,,,,,,,,,,,,,,,,,,,,,,,,,,,1,,,,,,,,,,,,,,,,,,,,,,,,,,,,,,,,,,,,,1,1,
0,15,28,"{'x': 974.3374978210538, 'y': 253.25982231442353, 'elapsedTime': 51780.89999997616}",936743263194,5201667097,POINT (0.5074674467817989 0.2344998354763181),,,,,,,,,,,,,,,,,,,,,,,,,,,,,,,,,,,,,,,,,,,,,,,,,,,,,,,,,,,,,,1,,,,,,,,,,,,,,,,,,,,,,,,,,,,,,,,,,,,,1,1,
0,15,28,"{'x': 974.3374978210538, 'y': 253.25982231442353, 'elapsedTime': 51780.89999997616}",936743279861,5201683764,POINT (0.5074674467817989 0.2344998354763181),,,,,,,,,,,,,,,,,,,,,,,,,,,,,,,,,,,,,,,,,,,,,,,,,,,,,,,,,,,,,,1,,,,,,,,,,,,,,,,,,,,,,,,,,,,,,,,,,,,,1,1,
0,15,28,"{'x': 1057.5448877645447, 'y': 246.00995351924857, 'elapsedTime': 51826.60000002384}",936743296528,5201700430,POINT (0.5508046290440337 0.2277869939993042),,,,,,,,,,,,,,,,,,,,,,,,,,,,,,,,,,,,,,,,,,,,,,,,,,,,,,,,,,,,,,,1,,,,,,,,,,,,,,,,,,,,,,,,,,,,,,,,,,,,1,1,
0,15,28,"{'x': 1057.5448877645447, 'y': 246.00995351924857, 'elapsedTime': 51826.60000002384}",936743313194,5201717096,POINT (0.5508046290440337 0.2277869939993042),,,,,,,,,,,,,,,,,,,,,,,,,,,,,,,,,,,,,,,,,,,,,,,,,,,,,,,,,,,,,,,1,,,,,,,,,,,,,,,,,,,,,,,,,,,,,,,,,,,,1,1,
0,15,28,"{'x': 1109.5280148095005, 'y': 287.6340634192803, 'elapsedTime': 51872.700000047684}",936743329863,5201733764,POINT (0.5778791743799482 0.2663278364993336),,,,,,,,,,,,,,,,,,,,,,,,,,,,,,,,,,,,,,,,,,,,,,,,,,,,,,,,,,,,,,,,,,,,,,,,,,,,,,,,,,,,,,,,,1,,,,,,,,,,1,1,
0,15,28,"{'x': 1109.5280148095005, 'y': 287.6340634192803, 'elapsedTime': 51872.700000047684}",936743346534,5201750435,POINT (0.5778791743799482 0.2663278364993336),,,,,,,,,,,,,,,,,,,,,,,,,,,,,,,,,,,,,,,,,,,,,,,,,,,,,,,,,,,,,,,,,,,,,,,,,,,,,,,,,,,,,,,,,1,,,,,,,,,,1,1,
0,15,28,"{'x': 1109.5280148095005, 'y': 287.6340634192803, 'elapsedTime': 51872.700000047684}",936743363202,5201767102,POINT (0.5778791743799482 0.2663278364993336),,,,,,,,,,,,,,,,,,,,,,,,,,,,,,,,,,,,,,,,,,,,,,,,,,,,,,,,,,,,,,,,,,,,,,,,,,,,,,,,,,,,,,,,,1,,,,,,,,,,1,1,
0,15,28,"{'x': 1131.0386544944386, 'y': 223.97235737904847, 'elapsedTime': 51919.5}",936743379868,5201783768,POINT (0.5890826325491868 0.2073818123880078),,,,,,,,,,,,,,,,,,,,,,,,,,,,,,,,,,,,,,,,,,1,,,,,,,,,,,,,,,,,,,,,,,,,,,,,,,,,,,,,,,,,,,,,,,,,,,,,,,,,1,,
0,15,28,"{'x': 1131.0386544944386, 'y': 223.97235737904847, 'elapsedTime': 51919.5}",936743396535,5201800435,POINT (0.5890826325491868 0.2073818123880078),,,,,,,,,,,,,,,,,,,,,,,,,,,,,,,,,,,,,,,,,,1,,,,,,,,,,,,,,,,,,,,,,,,,,,,,,,,,,,,,,,,,,,,,,,,,,,,,,,,,1,,
0,15,28,"{'x': 1131.0386544944386, 'y': 223.97235737904847, 'elapsedTime': 51919.5}",936743413202,5201817102,POINT (0.5890826325491868 0.2073818123880078),,,,,,,,,,,,,,,,,,,,,,,,,,,,,,,,,,,,,,,,,,1,,,,,,,,,,,,,,,,,,,,,,,,,,,,,,,,,,,,,,,,,,,,,,,,,,,,,,,,,1,,
0,15,28,"{'x': 1208.6867719033726, 'y': 236.6599613646896, 'elapsedTime': 51966.800000071526}",936743429869,5201833768,POINT (0.6295243603663399 0.2191295938561941),,,,,,,,,,,,,,,,,,,,,,,,,,,,,,,,,,,,,,,,,,,1,,,,,,,,,,,,,,,,,,,,,,,,,,,,,,,,,,,,,,,,,,,,,,,,,,,,,,,,,1,
0,15,28,"{'x': 1208.6867719033726, 'y': 236.6599613646896, 'elapsedTime': 51966.800000071526}",936743446536,5201850435,POINT (0.6295243603663399 0.2191295938561941),,,,,,,,,,,,,,,,,,,,,,,,,,,,,,,,,,,,,,,,,,,1,,,,,,,,,,,,,,,,,,,,,,,,,,,,,,,,,,,,,,,,,,,,,,,,,,,,,,,,,1,
0,15,28,"{'x': 1208.6867719033726, 'y': 236.6599613646896, 'elapsedTime': 51966.800000071526}",936743463204,5201867102,POINT (0.6295243603663399 0.2191295938561941),,,,,,,,,,,,,,,,,,,,,,,,,,,,,,,,,,,,,,,,,,,1,,,,,,,,,,,,,,,,,,,,,,,,,,,,,,,,,,,,,,,,,,,,,,,,,,,,,,,,,1,
0,15,28,"{'x': 1227.667643200707, 'y': 242.75608150826497, 'elapsedTime': 52013.700000047684}",936743479874,5201883772,POINT (0.6394102308337016 0.2247741495446898),,,,,,,,,,,,,,,,,,,,,,,,,,,,,,,,,,,,,,,,,,,,,,,,,,,,,,,,,,,,,,,,,,,,,,,,,,,,,,,,,,,,,,,,,,,,,,,,,,,,1,
0,15,28,"{'x': 1227.667643200707, 'y': 242.75608150826497, 'elapsedTime': 52013.700000047684}",936743496541,5201900438,POINT (0.6394102308337016 0.2247741495446898),,,,,,,,,,,,,,,,,,,,,,,,,,,,,,,,,,,,,,,,,,,,,,,,,,,,,,,,,,,,,,,,,,,,,,,,,,,,,,,,,,,,,,,,,,,,,,,,,,,,1,
0,15,28,"{'x': 1254.5281774552584, 'y': 201.6780959878325, 'elapsedTime': 52059.5}",936743513207,5201917104,POINT (0.6534000924246137 0.1867389777665116),,,,,,,,,,,,,,,,,,,,,,,,,,,,,,,,,,,,,,,,,,,,,,,,,,,,,,,,,,,,,,,,,,,,,,,,,,,,,,,,,,,,,,,,,,,,,,,,,,,1,,
0,15,28,"{'x': 1254.5281774552584, 'y': 201.6780959878325, 'elapsedTime': 52059.5}",936743529875,5201933771,POINT (0.6534000924246137 0.1867389777665116),,,,,,,,,,,,,,,,,,,,,,,,,,,,,,,,,,,,,,,,,,,,,,,,,,,,,,,,,,,,,,,,,,,,,,,,,,,,,,,,,,,,,,,,,,,,,,,,,,,1,,
0,15,28,"{'x': 1254.5281774552584, 'y': 201.6780959878325, 'elapsedTime': 52059.5}",936743546542,5201950438,POINT (0.6534000924246137 0.1867389777665116),,,,,,,,,,,,,,,,,,,,,,,,,,,,,,,,,,,,,,,,,,,,,,,,,,,,,,,,,,,,,,,,,,,,,,,,,,,,,,,,,,,,,,,,,,,,,,,,,,,1,,
0,15,28,"{'x': 1203.7597451030663, 'y': 234.01459930898613, 'elapsedTime': 52105}",936743563209,5201967104,POINT (0.6269582005745137 0.2166801845453575),,,,,,,,,,,,,,,,,,,,,,,,,,,,,,,,,,,,,,,,,,,1,,,,,,,,,,,,,,,,,,,,,,,,,,,,,,,,,,,,,,,,,,,,,,,,,,,,,,,,,1,
0,15,28,"{'x': 1203.7597451030663, 'y': 234.01459930898613, 'elapsedTime': 52105}",936743579876,5201983771,POINT (0.6269582005745137 0.2166801845453575),,,,,,,,,,,,,,,,,,,,,,,,,,,,,,,,,,,,,,,,,,,1,,,,,,,,,,,,,,,,,,,,,,,,,,,,,,,,,,,,,,,,,,,,,,,,,,,,,,,,,1,
0,15,28,"{'x': 1203.7597451030663, 'y': 234.01459930898613, 'elapsedTime': 52105}",936743596544,5202000438,POINT (0.6269582005745137 0.2166801845453575),,,,,,,,,,,,,,,,,,,,,,,,,,,,,,,,,,,,,,,,,,,1,,,,,,,,,,,,,,,,,,,,,,,,,,,,,,,,,,,,,,,,,,,,,,,,,,,,,,,,,1,
0,15,28,"{'x': 1178.0875527461283, 'y': 239.72268206181792, 'elapsedTime': 52149}",936743613217,5202017111,POINT (0.6135872670552751 0.2219654463535351),,,,,,,,,,,,,,,,,,,,,,,,,,,,,,,,,,,,,,,,,,,,,,,,,,,,,,,,,,,,,,,,,,,,,,,,,,,,,,,,,,,,,,,,,,,,,,,,,,,,1,
0,15,28,"{'x': 1178.0875527461283, 'y': 239.72268206181792, 'elapsedTime': 52149}",936743629885,5202033778,POINT (0.6135872670552751 0.2219654463535351),,,,,,,,,,,,,,,,,,,,,,,,,,,,,,,,,,,,,,,,,,,,,,,,,,,,,,,,,,,,,,,,,,,,,,,,,,,,,,,,,,,,,,,,,,,,,,,,,,,,1,
0,15,28,"{'x': 1178.0875527461283, 'y': 239.72268206181792, 'elapsedTime': 52149}",936743646552,5202050445,POINT (0.6135872670552751 0.2219654463535351),,,,,,,,,,,,,,,,,,,,,,,,,,,,,,,,,,,,,,,,,,,,,,,,,,,,,,,,,,,,,,,,,,,,,,,,,,,,,,,,,,,,,,,,,,,,,,,,,,,,1,
0,15,28,"{'x': 1205.911911481462, 'y': 258.5566271724807, 'elapsedTime': 52194.39999997616}",936743663220,5202067112,POINT (0.6280791205632615 0.2394042844189636),,,,,,,,,,,,,,,,,,,,,,,,,,,,,,,,,,,,,,,,,,,,,,,,,,,,,,,,,,,,,,,,,,,,,,,,,,,,,,,,,,,,,,,,,,,,,,,,,,,1,1,
0,15,28,"{'x': 1205.911911481462, 'y': 258.5566271724807, 'elapsedTime': 52194.39999997616}",936743679886,5202083778,POINT (0.6280791205632615 0.2394042844189636),,,,,,,,,,,,,,,,,,,,,,,,,,,,,,,,,,,,,,,,,,,,,,,,,,,,,,,,,,,,,,,,,,,,,,,,,,,,,,,,,,,,,,,,,,,,,,,,,,,1,1,
0,15,28,"{'x': 1202.8855684998557, 'y': 228.2777097404492, 'elapsedTime': 52241.89999997616}",936743696554,5202100445,POINT (0.6265029002603415 0.2113682497596752),,,,,,,,,,,,,,,,,,,,,,,,,,,,,,,,,,,,,,,,,,,1,,,,,,,,,,,,,,,,,,,,,,,,,,,,,,,,,,,,,,,,,,,,,,,,,,,,,,,,,,
0,15,28,"{'x': 1202.8855684998557, 'y': 228.2777097404492, 'elapsedTime': 52241.89999997616}",936743713221,5202117112,POINT (0.6265029002603415 0.2113682497596752),,,,,,,,,,,,,,,,,,,,,,,,,,,,,,,,,,,,,,,,,,,1,,,,,,,,,,,,,,,,,,,,,,,,,,,,,,,,,,,,,,,,,,,,,,,,,,,,,,,,,,
0,15,28,"{'x': 1202.8855684998557, 'y': 228.2777097404492, 'elapsedTime': 52241.89999997616}",936743729888,5202133778,POINT (0.6265029002603415 0.2113682497596752),,,,,,,,,,,,,,,,,,,,,,,,,,,,,,,,,,,,,,,,,,,1,,,,,,,,,,,,,,,,,,,,,,,,,,,,,,,,,,,,,,,,,,,,,,,,,,,,,,,,,,
0,15,28,"{'x': 1248.5928791673307, 'y': 155.44121166830175, 'elapsedTime': 52286.700000047684}",936743746557,5202150447,POINT (0.6503087912329847 0.1439270478410201),,,,,,,,,,,,,,,,,,,,,,,,,,,,,,,,,,,,,,,,,,,,,,,,,,,,,,,,,,,,,,,,,,,,,,,,,,,,,,,,,,,,,,,,,,,,,,,,,,,1,,
0,15,28,"{'x': 1248.5928791673307, 'y': 155.44121166830175, 'elapsedTime': 52286.700000047684}",936743763226,5202167115,POINT (0.6503087912329847 0.1439270478410201),,,,,,,,,,,,,,,,,,,,,,,,,,,,,,,,,,,,,,,,,,,,,,,,,,,,,,,,,,,,,,,,,,,,,,,,,,,,,,,,,,,,,,,,,,,,,,,,,,,1,,
0,15,28,"{'x': 1248.5928791673307, 'y': 155.44121166830175, 'elapsedTime': 52286.700000047684}",936743779892,5202183781,POINT (0.6503087912329847 0.1439270478410201),,,,,,,,,,,,,,,,,,,,,,,,,,,,,,,,,,,,,,,,,,,,,,,,,,,,,,,,,,,,,,,,,,,,,,,,,,,,,,,,,,,,,,,,,,,,,,,,,,,1,,
0,15,28,"{'x': 1272.7788434579227, 'y': 181.5450037996011, 'elapsedTime': 52334.700000047684}",936743796559,5202200448,POINT (0.6629056476343347 0.1680972257403714),,,,,,,,,,,,,,,,,,,,,,,,,,,,,,,,,,,,,,,,,,,,,,,,,,,,,,,,,,,,,,,,,,,,,,,,,,,,,,,,,,,,,,,,,,,,,,,,,,,1,,
0,15,28,"{'x': 1272.7788434579227, 'y': 181.5450037996011, 'elapsedTime': 52334.700000047684}",936743813226,5202217114,POINT (0.6629056476343347 0.1680972257403714),,,,,,,,,,,,,,,,,,,,,,,,,,,,,,,,,,,,,,,,,,,,,,,,,,,,,,,,,,,,,,,,,,,,,,,,,,,,,,,,,,,,,,,,,,,,,,,,,,,1,,
0,15,28,"{'x': 1272.7788434579227, 'y': 181.5450037996011, 'elapsedTime': 52334.700000047684}",936743829893,5202233781,POINT (0.6629056476343347 0.1680972257403714),,,,,,,,,,,,,,,,,,,,,,,,,,,,,,,,,,,,,,,,,,,,,,,,,,,,,,,,,,,,,,,,,,,,,,,,,,,,,,,,,,,,,,,,,,,,,,,,,,,1,,
0,15,28,"{'x': 1283.9335512047228, 'y': 141.4363722404156, 'elapsedTime': 52380.200000047684}",936743846561,5202250448,POINT (0.6687153912524598 0.1309596039263108),,,,,,,,,,,,,,,,,,,,,,,,,,,,,,,,,,,,,,,,,,,,,,,,,,,,,,,,,,,,,,,,,,,,,,,,,,,,,,,,,,,,,,,,,,,,,,,,,,,,,
0,15,28,"{'x': 1283.9335512047228, 'y': 141.4363722404156, 'elapsedTime': 52380.200000047684}",936743863227,5202267114,POINT (0.6687153912524598 0.1309596039263108),,,,,,,,,,,,,,,,,,,,,,,,,,,,,,,,,,,,,,,,,,,,,,,,,,,,,,,,,,,,,,,,,,,,,,,,,,,,,,,,,,,,,,,,,,,,,,,,,,,,,
0,15,28,"{'x': 1283.9335512047228, 'y': 141.4363722404156, 'elapsedTime': 52380.200000047684}",936743879900,5202283786,POINT (0.6687153912524598 0.1309596039263108),,,,,,,,,,,,,,,,,,,,,,,,,,,,,,,,,,,,,,,,,,,,,,,,,,,,,,,,,,,,,,,,,,,,,,,,,,,,,,,,,,,,,,,,,,,,,,,,,,,,,
0,15,28,"{'x': 1366.3992651000501, 'y': 105.9093318131373, 'elapsedTime': 52427}",936743896567,5202300453,POINT (0.7116662839062761 0.0980641961232753),,,,,,,,,,,,,,,,,,,,,,,,,,,,,,,,,,,,,,,,,,,,,,,,,,,,,,,,,,,,,,,,,,,,,,,,,,,,,,,,,,,,,,,,,,,,,,,,,,,,,
0,15,28,"{'x': 1366.3992651000501, 'y': 105.9093318131373, 'elapsedTime': 52427}",936743913234,5202317119,POINT (0.7116662839062761 0.0980641961232753),,,,,,,,,,,,,,,,,,,,,,,,,,,,,,,,,,,,,,,,,,,,,,,,,,,,,,,,,,,,,,,,,,,,,,,,,,,,,,,,,,,,,,,,,,,,,,,,,,,,,
0,15,28,"{'x': 1366.3992651000501, 'y': 105.9093318131373, 'elapsedTime': 52427}",936743929901,5202333786,POINT (0.7116662839062761 0.0980641961232753),,,,,,,,,,,,,,,,,,,,,,,,,,,,,,,,,,,,,,,,,,,,,,,,,,,,,,,,,,,,,,,,,,,,,,,,,,,,,,,,,,,,,,,,,,,,,,,,,,,,,
0,15,28,"{'x': 1338.488899203725, 'y': 121.18132761104606, 'elapsedTime': 52474.10000002384}",936743946568,5202350452,POINT (0.69712963500194 0.1122049329731908),,,,,,,,,,,,,,,,,,,,,,,,,,,,,,,,,,,,,,,,,,,,,,,,,,,,,,,,,,,,,,,,,,,,,,,,,,,,,,,,,,,,,,,,,,,,,,,,,,,,,
0,15,28,"{'x': 1338.488899203725, 'y': 121.18132761104606, 'elapsedTime': 52474.10000002384}",936743963235,5202367120,POINT (0.69712963500194 0.1122049329731908),,,,,,,,,,,,,,,,,,,,,,,,,,,,,,,,,,,,,,,,,,,,,,,,,,,,,,,,,,,,,,,,,,,,,,,,,,,,,,,,,,,,,,,,,,,,,,,,,,,,,
0,15,28,"{'x': 1353.8827696682733, 'y': 171.936128811511, 'elapsedTime': 52523}",936743979902,5202383786,POINT (0.7051472758688924 0.1592001192699176),,,,,,,,,,,,,,,,,,,,,,,,,,,,,,,,,,,,,,,,,,,,,,,,,,,,,,,,,,,,,,,,,,,,,,,,,,,,,,,,,,,,,,,,,,,,,,,,,,,1,,
0,15,28,"{'x': 1353.8827696682733, 'y': 171.936128811511, 'elapsedTime': 52523}",936743996569,5202400453,POINT (0.7051472758688924 0.1592001192699176),,,,,,,,,,,,,,,,,,,,,,,,,,,,,,,,,,,,,,,,,,,,,,,,,,,,,,,,,,,,,,,,,,,,,,,,,,,,,,,,,,,,,,,,,,,,,,,,,,,1,,
0,15,28,"{'x': 1353.8827696682733, 'y': 171.936128811511, 'elapsedTime': 52523}",936744013243,5202417126,POINT (0.7051472758688924 0.1592001192699176),,,,,,,,,,,,,,,,,,,,,,,,,,,,,,,,,,,,,,,,,,,,,,,,,,,,,,,,,,,,,,,,,,,,,,,,,,,,,,,,,,,,,,,,,,,,,,,,,,,1,,
0,15,28,"{'x': 1353.8827696682733, 'y': 171.936128811511, 'elapsedTime': 52523}",936744029909,5202433792,POINT (0.7051472758688924 0.1592001192699176),,,,,,,,,,,,,,,,,,,,,,,,,,,,,,,,,,,,,,,,,,,,,,,,,,,,,,,,,,,,,,,,,,,,,,,,,,,,,,,,,,,,,,,,,,,,,,,,,,,1,,
0,15,28,"{'x': 1353.4035668424692, 'y': 133.25922060790208, 'elapsedTime': 52567.200000047684}",936744046577,5202450459,POINT (0.7048976910637861 0.123388167229539),,,,,,,,,,,,,,,,,,,,,,,,,,,,,,,,,,,,,,,,,,,,,,,,,,,,,,,,,,,,,,,,,,,,,,,,,,,,,,,,,,,,,,,,,,,,,,,,,,,,,
0,15,28,"{'x': 1353.4035668424692, 'y': 133.25922060790208, 'elapsedTime': 52567.200000047684}",936744063243,5202467125,POINT (0.7048976910637861 0.123388167229539),,,,,,,,,,,,,,,,,,,,,,,,,,,,,,,,,,,,,,,,,,,,,,,,,,,,,,,,,,,,,,,,,,,,,,,,,,,,,,,,,,,,,,,,,,,,,,,,,,,,,
0,15,28,"{'x': 1312.5626315363845, 'y': 176.6560822543669, 'elapsedTime': 52623.10000002384}",936744079911,5202483792,POINT (0.6836263705918669 0.1635704465318212),,,,,,,,,,,,,,,,,,,,,,,,,,,,,,,,,,,,,,,,,,,,,,,,,,,,,,,,,,,,,,,,,,,,,,,,,,,,,,,,,,,,,,,,,,,,,,,,,,,1,,
0,15,28,"{'x': 1312.5626315363845, 'y': 176.6560822543669, 'elapsedTime': 52623.10000002384}",936744096578,5202500459,POINT (0.6836263705918669 0.1635704465318212),,,,,,,,,,,,,,,,,,,,,,,,,,,,,,,,,,,,,,,,,,,,,,,,,,,,,,,,,,,,,,,,,,,,,,,,,,,,,,,,,,,,,,,,,,,,,,,,,,,1,,
0,15,28,"{'x': 1312.5626315363845, 'y': 176.6560822543669, 'elapsedTime': 52623.10000002384}",936744113245,5202517125,POINT (0.6836263705918669 0.1635704465318212),,,,,,,,,,,,,,,,,,,,,,,,,,,,,,,,,,,,,,,,,,,,,,,,,,,,,,,,,,,,,,,,,,,,,,,,,,,,,,,,,,,,,,,,,,,,,,,,,,,1,,
0,15,28,"{'x': 1317.844196267916, 'y': 143.36888716072085, 'elapsedTime': 52670.5}",936744129912,5202533792,POINT (0.6863771855562063 0.13274896959326),,,,,,,,,,,,,,,,,,,,,,,,,,,,,,,,,,,,,,,,,,,,,,,,,,,,,,,,,,,,,,,,,,,,,,,,,,,,,,,,,,,,,,,,,,,,,,,,,,,,,
0,15,28,"{'x': 1317.844196267916, 'y': 143.36888716072085, 'elapsedTime': 52670.5}",936744146583,5202550462,POINT (0.6863771855562063 0.13274896959326),,,,,,,,,,,,,,,,,,,,,,,,,,,,,,,,,,,,,,,,,,,,,,,,,,,,,,,,,,,,,,,,,,,,,,,,,,,,,,,,,,,,,,,,,,,,,,,,,,,,,
0,15,28,"{'x': 1317.844196267916, 'y': 143.36888716072085, 'elapsedTime': 52670.5}",936744163250,5202567129,POINT (0.6863771855562063 0.13274896959326),,,,,,,,,,,,,,,,,,,,,,,,,,,,,,,,,,,,,,,,,,,,,,,,,,,,,,,,,,,,,,,,,,,,,,,,,,,,,,,,,,,,,,,,,,,,,,,,,,,,,
0,15,28,"{'x': 1389.7431495134413, 'y': 113.14233392330556, 'elapsedTime': 52715.60000002384}",936744179918,5202583796,POINT (0.7238245570382507 0.104761420299357),,,,,,,,,,,,,,,,,,,,,,,,,,,,,,,,,,,,,,,,,,,,,,,,,,,,,,,,,,,,,,,,,,,,,,,,,,,,,,,,,,,,,,,,,,,,,,,,,,,,,
0,15,28,"{'x': 1389.7431495134413, 'y': 113.14233392330556, 'elapsedTime': 52715.60000002384}",936744196584,5202600462,POINT (0.7238245570382507 0.104761420299357),,,,,,,,,,,,,,,,,,,,,,,,,,,,,,,,,,,,,,,,,,,,,,,,,,,,,,,,,,,,,,,,,,,,,,,,,,,,,,,,,,,,,,,,,,,,,,,,,,,,,
0,15,28,"{'x': 1389.7431495134413, 'y': 113.14233392330556, 'elapsedTime': 52715.60000002384}",936744213252,5202617129,POINT (0.7238245570382507 0.104761420299357),,,,,,,,,,,,,,,,,,,,,,,,,,,,,,,,,,,,,,,,,,,,,,,,,,,,,,,,,,,,,,,,,,,,,,,,,,,,,,,,,,,,,,,,,,,,,,,,,,,,,
0,15,28,"{'x': 1429.8551062671706, 'y': 35.58270966104493, 'elapsedTime': 52763.60000002384}",936744229919,5202633796,POINT (0.744716201180818 0.0329469533898564),,,,,,,,,,,,,,,,,,,,,,,,,,,,,,,,,,,,,,,,,,,,,,,,,,,,,,,,,,,,,,,,,,,,,,,,,,,,,,,,,,,,,,,,,,,,,,,,,,,,,
0,15,28,"{'x': 1429.8551062671706, 'y': 35.58270966104493, 'elapsedTime': 52763.60000002384}",936744246587,5202650463,POINT (0.744716201180818 0.0329469533898564),,,,,,,,,,,,,,,,,,,,,,,,,,,,,,,,,,,,,,,,,,,,,,,,,,,,,,,,,,,,,,,,,,,,,,,,,,,,,,,,,,,,,,,,,,,,,,,,,,,,,
0,15,28,"{'x': 1457.299897417465, 'y': 5.9039832294952586, 'elapsedTime': 52808.5}",936744263257,5202667133,POINT (0.759010363238263 0.0054666511384215),,,,,,,,,,,,,,,,,,,,,,,,,,,,,,,,,,,,,,,,,,,,,,,,,,,,,,,,,,,,,,,,,,,,,,,,,,,,,,,,,,,,,,,,,,,,,,,,,,,,,
0,15,28,"{'x': 1457.299897417465, 'y': 5.9039832294952586, 'elapsedTime': 52808.5}",936744279925,5202683800,POINT (0.759010363238263 0.0054666511384215),,,,,,,,,,,,,,,,,,,,,,,,,,,,,,,,,,,,,,,,,,,,,,,,,,,,,,,,,,,,,,,,,,,,,,,,,,,,,,,,,,,,,,,,,,,,,,,,,,,,,
0,15,28,"{'x': 1457.299897417465, 'y': 5.9039832294952586, 'elapsedTime': 52808.5}",936744296592,5202700467,POINT (0.759010363238263 0.0054666511384215),,,,,,,,,,,,,,,,,,,,,,,,,,,,,,,,,,,,,,,,,,,,,,,,,,,,,,,,,,,,,,,,,,,,,,,,,,,,,,,,,,,,,,,,,,,,,,,,,,,,,
0,15,28,"{'x': 1477.7793536673817, 'y': 54.481187916781046, 'elapsedTime': 52853.10000002384}",936744313259,5202717133,POINT (0.7696767467017612 0.0504455443673899),,,,,,,,,,,,,,,,,,,,,,,,,,,,,,,,,,,,,,,,,,,,,,,,,,,,,,,,,,,,,,,,,,,,,,,,,,,,,,,,,,,,,,,,,,,,,,,,,,,,,
0,15,28,"{'x': 1477.7793536673817, 'y': 54.481187916781046, 'elapsedTime': 52853.10000002384}",936744329926,5202733800,POINT (0.7696767467017612 0.0504455443673899),,,,,,,,,,,,,,,,,,,,,,,,,,,,,,,,,,,,,,,,,,,,,,,,,,,,,,,,,,,,,,,,,,,,,,,,,,,,,,,,,,,,,,,,,,,,,,,,,,,,,
0,15,28,"{'x': 1477.7793536673817, 'y': 54.481187916781046, 'elapsedTime': 52853.10000002384}",936744346594,5202750467,POINT (0.7696767467017612 0.0504455443673899),,,,,,,,,,,,,,,,,,,,,,,,,,,,,,,,,,,,,,,,,,,,,,,,,,,,,,,,,,,,,,,,,,,,,,,,,,,,,,,,,,,,,,,,,,,,,,,,,,,,,
0,15,28,"{'x': 1422.344589965532, 'y': 17.4421182734556, 'elapsedTime': 52900.5}",936744363260,5202767133,POINT (0.7408044739403812 0.0161501095124589),,,,,,,,,,,,,,,,,,,,,,,,,,,,,,,,,,,,,,,,,,,,,,,,,,,,,,,,,,,,,,,,,,,,,,,,,,,,,,,,,,,,,,,,,,,,,,,,,,,,,
0,15,28,"{'x': 1422.344589965532, 'y': 17.4421182734556, 'elapsedTime': 52900.5}",936744379928,5202783800,POINT (0.7408044739403812 0.0161501095124589),,,,,,,,,,,,,,,,,,,,,,,,,,,,,,,,,,,,,,,,,,,,,,,,,,,,,,,,,,,,,,,,,,,,,,,,,,,,,,,,,,,,,,,,,,,,,,,,,,,,,
0,15,28,"{'x': 1422.344589965532, 'y': 17.4421182734556, 'elapsedTime': 52900.5}",936744396599,5202800471,POINT (0.7408044739403812 0.0161501095124589),,,,,,,,,,,,,,,,,,,,,,,,,,,,,,,,,,,,,,,,,,,,,,,,,,,,,,,,,,,,,,,,,,,,,,,,,,,,,,,,,,,,,,,,,,,,,,,,,,,,,
0,15,28,"{'x': 1451.8458866357785, 'y': 20.306762958478895, 'elapsedTime': 52946.200000047684}",936744413266,5202817138,POINT (0.7561697326228013 0.0188025582948879),,,,,,,,,,,,,,,,,,,,,,,,,,,,,,,,,,,,,,,,,,,,,,,,,,,,,,,,,,,,,,,,,,,,,,,,,,,,,,,,,,,,,,,,,,,,,,,,,,,,,
0,15,28,"{'x': 1451.8458866357785, 'y': 20.306762958478895, 'elapsedTime': 52946.200000047684}",936744429934,5202833805,POINT (0.7561697326228013 0.0188025582948879),,,,,,,,,,,,,,,,,,,,,,,,,,,,,,,,,,,,,,,,,,,,,,,,,,,,,,,,,,,,,,,,,,,,,,,,,,,,,,,,,,,,,,,,,,,,,,,,,,,,,
0,15,28,"{'x': 1451.8458866357785, 'y': 20.306762958478895, 'elapsedTime': 52946.200000047684}",936744446600,5202850471,POINT (0.7561697326228013 0.0188025582948879),,,,,,,,,,,,,,,,,,,,,,,,,,,,,,,,,,,,,,,,,,,,,,,,,,,,,,,,,,,,,,,,,,,,,,,,,,,,,,,,,,,,,,,,,,,,,,,,,,,,,
0,15,28,"{'x': 1456.9675457060825, 'y': -12.853264109887888, 'elapsedTime': 52994.10000002384}",936744463268,5202867138,POINT (0.7588372633885847 -0.0119011704721184),,,,,,,,,,,,,,,,,,,,,,,,,,,,,,,,,,,,,,,,,,,,,,,,,,,,,,,,,,,,,,,,,,,,,,,,,,,,,,,,,,,,,,,,,,,,,,,,,,,,,
0,15,28,"{'x': 1456.9675457060825, 'y': -12.853264109887888, 'elapsedTime': 52994.10000002384}",936744479934,5202883804,POINT (0.7588372633885847 -0.0119011704721184),,,,,,,,,,,,,,,,,,,,,,,,,,,,,,,,,,,,,,,,,,,,,,,,,,,,,,,,,,,,,,,,,,,,,,,,,,,,,,,,,,,,,,,,,,,,,,,,,,,,,
0,15,28,"{'x': 1408.3179741698534, 'y': 85.60909300287008, 'elapsedTime': 53040.89999997616}",936744496603,5202900472,POINT (0.733498944880132 0.0792676787063612),,,,,,,,,,,,,,,,,,,,,,,,,,,,,,,,,,,,,,,,,,,,,,,,,,,,,,,,,,,,,,,,,,,,,,,,,,,,,,,,,,,,,,,,,,,,,,,,,,,,,
0,15,28,"{'x': 1408.3179741698534, 'y': 85.60909300287008, 'elapsedTime': 53040.89999997616}",936744513269,5202917138,POINT (0.733498944880132 0.0792676787063612),,,,,,,,,,,,,,,,,,,,,,,,,,,,,,,,,,,,,,,,,,,,,,,,,,,,,,,,,,,,,,,,,,,,,,,,,,,,,,,,,,,,,,,,,,,,,,,,,,,,,
0,15,28,"{'x': 1408.3179741698534, 'y': 85.60909300287008, 'elapsedTime': 53040.89999997616}",936744529940,5202933809,POINT (0.733498944880132 0.0792676787063612),,,,,,,,,,,,,,,,,,,,,,,,,,,,,,,,,,,,,,,,,,,,,,,,,,,,,,,,,,,,,,,,,,,,,,,,,,,,,,,,,,,,,,,,,,,,,,,,,,,,,
0,15,28,"{'x': 1362.7720360905528, 'y': 85.11346996868835, 'elapsedTime': 53087.60000002384}",936744546609,5202950477,POINT (0.7097771021304963 0.0788087684895262),,,,,,,,,,,,,,,,,,,,,,,,,,,,,,,,,,,,,,,,,,,,,,,,,,,,,,,,,,,,,,,,,,,,,,,,,,,,,,,,,,,,,,,,,,,,,,,,,,,,,
0,15,28,"{'x': 1362.7720360905528, 'y': 85.11346996868835, 'elapsedTime': 53087.60000002384}",936744563275,5202967143,POINT (0.7097771021304963 0.0788087684895262),,,,,,,,,,,,,,,,,,,,,,,,,,,,,,,,,,,,,,,,,,,,,,,,,,,,,,,,,,,,,,,,,,,,,,,,,,,,,,,,,,,,,,,,,,,,,,,,,,,,,
0,15,28,"{'x': 1362.7720360905528, 'y': 85.11346996868835, 'elapsedTime': 53087.60000002384}",936744579942,5202983810,POINT (0.7097771021304963 0.0788087684895262),,,,,,,,,,,,,,,,,,,,,,,,,,,,,,,,,,,,,,,,,,,,,,,,,,,,,,,,,,,,,,,,,,,,,,,,,,,,,,,,,,,,,,,,,,,,,,,,,,,,,
0,15,28,"{'x': 1370.0911699383353, 'y': 165.037749512733, 'elapsedTime': 53133.89999997616}",936744596609,5203000476,POINT (0.7135891510095497 0.1528127310303084),,,,,,,,,,,,,,,,,,,,,,,,,,,,,,,,,,,,,,,,,,,,,,,,,,,,,,,,,,,,,,,,,,,,,,,,,,,,,,,,,,,,,,,,,,,,,,,,,,,1,,
0,15,28,"{'x': 1213.2595757312668, 'y': 333.52623548468557, 'elapsedTime': 53180.5}",936744613276,5203017143,POINT (0.6319060290267015 0.3088205884117459),,,,,,,,,,,,,,,,,,,,,,,,,,,,,,,,,,,,,,,,,,,,,,,,,,,,,,,,,,,,,,,,,,,,,,,,,,,,,,,,,,,,,,,,,,,,,,,,,,,,1,
0,15,28,"{'x': 1213.2595757312668, 'y': 333.52623548468557, 'elapsedTime': 53180.5}",936744629944,5203033810,POINT (0.6319060290267015 0.3088205884117459),,,,,,,,,,,,,,,,,,,,,,,,,,,,,,,,,,,,,,,,,,,,,,,,,,,,,,,,,,,,,,,,,,,,,,,,,,,,,,,,,,,,,,,,,,,,,,,,,,,,1,
0,15,28,"{'x': 1213.2595757312668, 'y': 333.52623548468557, 'elapsedTime': 53180.5}",936744646610,5203050476,POINT (0.6319060290267015 0.3088205884117459),,,,,,,,,,,,,,,,,,,,,,,,,,,,,,,,,,,,,,,,,,,,,,,,,,,,,,,,,,,,,,,,,,,,,,,,,,,,,,,,,,,,,,,,,,,,,,,,,,,,1,
0,15,28,"{'x': 1213.2595757312668, 'y': 333.52623548468557, 'elapsedTime': 53180.5}",936744663282,5203067147,POINT (0.6319060290267015 0.3088205884117459),,,,,,,,,,,,,,,,,,,,,,,,,,,,,,,,,,,,,,,,,,,,,,,,,,,,,,,,,,,,,,,,,,,,,,,,,,,,,,,,,,,,,,,,,,,,,,,,,,,,1,
0,15,28,"{'x': 1213.2595757312668, 'y': 333.52623548468557, 'elapsedTime': 53180.5}",936744679948,5203083813,POINT (0.6319060290267015 0.3088205884117459),,,,,,,,,,,,,,,,,,,,,,,,,,,,,,,,,,,,,,,,,,,,,,,,,,,,,,,,,,,,,,,,,,,,,,,,,,,,,,,,,,,,,,,,,,,,,,,,,,,,1,
0,15,28,"{'x': 979.4991537254297, 'y': 454.01585978836425, 'elapsedTime': 53226}",936744696616,5203100480,POINT (0.5101558092319947 0.4203850553595965),,,,,,,,,,,,,,,,,,,,,,,,,,,,,,,,,,,,,,,,,,,,,,,,,,,,,,,,,,,,,,,,,,,,,,,,,,,,,,,,,,,,,,,,,,,,,,,,,,,,,
0,15,28,"{'x': 979.4991537254297, 'y': 454.01585978836425, 'elapsedTime': 53226}",936744713283,5203117147,POINT (0.5101558092319947 0.4203850553595965),,,,,,,,,,,,,,,,,,,,,,,,,,,,,,,,,,,,,,,,,,,,,,,,,,,,,,,,,,,,,,,,,,,,,,,,,,,,,,,,,,,,,,,,,,,,,,,,,,,,,
0,15,28,"{'x': 743.6706343359475, 'y': 537.8883928182512, 'elapsedTime': 53272.700000047684}",936744729951,5203133814,POINT (0.387328455383306 0.4980448081650474),,,,,,,,,,,,,,,,,,,,,,,,,,,,,,,,,,,,,,,,,,,,,,,,,,,,,,,,,,,,,,,,,,,,,,,,,,,,,,,,,,,,,,,,,,,,,,,,,,,,1,
0,15,28,"{'x': 743.6706343359475, 'y': 537.8883928182512, 'elapsedTime': 53272.700000047684}",936744746617,5203150480,POINT (0.387328455383306 0.4980448081650474),,,,,,,,,,,,,,,,,,,,,,,,,,,,,,,,,,,,,,,,,,,,,,,,,,,,,,,,,,,,,,,,,,,,,,,,,,,,,,,,,,,,,,,,,,,,,,,,,,,,1,
0,15,28,"{'x': 743.6706343359475, 'y': 537.8883928182512, 'elapsedTime': 53272.700000047684}",936744763285,5203167147,POINT (0.387328455383306 0.4980448081650474),,,,,,,,,,,,,,,,,,,,,,,,,,,,,,,,,,,,,,,,,,,,,,,,,,,,,,,,,,,,,,,,,,,,,,,,,,,,,,,,,,,,,,,,,,,,,,,,,,,,1,
0,15,28,"{'x': 616.6441771405032, 'y': 497.0958136215429, 'elapsedTime': 53318.200000047684}",936744779952,5203183814,POINT (0.3211688422606788 0.4602739015014286),,,,,,,,,,,,,,,,,,,,,,,,,,,,,,,,,,,,,,,,,,,,,,,,,,,,,,,,,,,,,,,,,,,,,,,,,,,,,,,,,,,,,,,,,,,,,,,,,,,,,
0,15,28,"{'x': 616.6441771405032, 'y': 497.0958136215429, 'elapsedTime': 53318.200000047684}",936744796624,5203200485,POINT (0.3211688422606788 0.4602739015014286),,,,,,,,,,,,,,,,,,,,,,,,,,,,,,,,,,,,,,,,,,,,,,,,,,,,,,,,,,,,,,,,,,,,,,,,,,,,,,,,,,,,,,,,,,,,,,,,,,,,,
0,15,28,"{'x': 616.6441771405032, 'y': 497.0958136215429, 'elapsedTime': 53318.200000047684}",936744813291,5203217152,POINT (0.3211688422606788 0.4602739015014286),,,,,,,,,,,,,,,,,,,,,,,,,,,,,,,,,,,,,,,,,,,,,,,,,,,,,,,,,,,,,,,,,,,,,,,,,,,,,,,,,,,,,,,,,,,,,,,,,,,,,
0,15,28,"{'x': 597.9485850459758, 'y': 470.4081843061962, 'elapsedTime': 53364.700000047684}",936744829958,5203233818,POINT (0.3114315547114457 0.4355631336168483),,,,,,,,,,,,,,,,,,,,,,,,,,,,,,,,,,,,,,,,,,,,,,,,,,,,,,,,,,,,,,,,,,,,,,,,,,,,,,,,,,,,,,,,,,,,,,,,,,,,,
0,15,28,"{'x': 597.9485850459758, 'y': 470.4081843061962, 'elapsedTime': 53364.700000047684}",936744846627,5203250487,POINT (0.3114315547114457 0.4355631336168483),,,,,,,,,,,,,,,,,,,,,,,,,,,,,,,,,,,,,,,,,,,,,,,,,,,,,,,,,,,,,,,,,,,,,,,,,,,,,,,,,,,,,,,,,,,,,,,,,,,,,
0,15,28,"{'x': 597.9485850459758, 'y': 470.4081843061962, 'elapsedTime': 53364.700000047684}",936744863293,5203267152,POINT (0.3114315547114457 0.4355631336168483),,,,,,,,,,,,,,,,,,,,,,,,,,,,,,,,,,,,,,,,,,,,,,,,,,,,,,,,,,,,,,,,,,,,,,,,,,,,,,,,,,,,,,,,,,,,,,,,,,,,,
0,15,28,"{'x': 516.8561264029402, 'y': 482.980972189578, 'elapsedTime': 53412.5}",936744879960,5203283819,POINT (0.269195899168198 0.4472046038792389),,,,,,,,,,,,,,,,,,,,,,,,,,,,,,,,,,,,,,,,,,,,,,,,,,,,,,,,,,,,,,,,,,,,,,,,,,,,,,,,,,,,,,,,,,,,,,,,,,,,,
0,15,28,"{'x': 516.8561264029402, 'y': 482.980972189578, 'elapsedTime': 53412.5}",936744896627,5203300485,POINT (0.269195899168198 0.4472046038792389),,,,,,,,,,,,,,,,,,,,,,,,,,,,,,,,,,,,,,,,,,,,,,,,,,,,,,,,,,,,,,,,,,,,,,,,,,,,,,,,,,,,,,,,,,,,,,,,,,,,,
0,15,28,"{'x': 516.8561264029402, 'y': 482.980972189578, 'elapsedTime': 53412.5}",936744913294,5203317152,POINT (0.269195899168198 0.4472046038792389),,,,,,,,,,,,,,,,,,,,,,,,,,,,,,,,,,,,,,,,,,,,,,,,,,,,,,,,,,,,,,,,,,,,,,,,,,,,,,,,,,,,,,,,,,,,,,,,,,,,,
0,15,28,"{'x': 494.56312141885354, 'y': 447.35908171960455, 'elapsedTime': 53458}",936744929961,5203333819,POINT (0.2575849590723195 0.4142213719625968),,,,,,,,,,,,,,,,,,,,,,,,,,,,,,,,,,,,,,,,,,,,,,,,,,,,,,,,,,,,,,,,,,,,,,,,,,,,,,,,,,,,,,,,,,,,,,,,,,,,,
0,15,28,"{'x': 494.56312141885354, 'y': 447.35908171960455, 'elapsedTime': 53458}",936744946628,5203350485,POINT (0.2575849590723195 0.4142213719625968),,,,,,,,,,,,,,,,,,,,,,,,,,,,,,,,,,,,,,,,,,,,,,,,,,,,,,,,,,,,,,,,,,,,,,,,,,,,,,,,,,,,,,,,,,,,,,,,,,,,,
0,15,28,"{'x': 512.0635985983696, 'y': 360.5992348626923, 'elapsedTime': 53510.200000047684}",936744963295,5203367152,POINT (0.2666997909366508 0.3338881804284188),,,,,,,,,,,,,,,,,,,,,,,,,,,,,,,,,,,,,,,,,,,,,,,,,,,,,,,,,,,,,,,,,,,,,,,,,,,,,,,,,,,,,,,,,,,,,,,,,,,,,
0,15,28,"{'x': 512.0635985983696, 'y': 360.5992348626923, 'elapsedTime': 53510.200000047684}",936744979963,5203383819,POINT (0.2666997909366508 0.3338881804284188),,,,,,,,,,,,,,,,,,,,,,,,,,,,,,,,,,,,,,,,,,,,,,,,,,,,,,,,,,,,,,,,,,,,,,,,,,,,,,,,,,,,,,,,,,,,,,,,,,,,,
0,15,28,"{'x': 512.0635985983696, 'y': 360.5992348626923, 'elapsedTime': 53510.200000047684}",936744996629,5203400485,POINT (0.2666997909366508 0.3338881804284188),,,,,,,,,,,,,,,,,,,,,,,,,,,,,,,,,,,,,,,,,,,,,,,,,,,,,,,,,,,,,,,,,,,,,,,,,,,,,,,,,,,,,,,,,,,,,,,,,,,,,
0,15,28,"{'x': 512.0635985983696, 'y': 360.5992348626923, 'elapsedTime': 53510.200000047684}",936745013297,5203417152,POINT (0.2666997909366508 0.3338881804284188),,,,,,,,,,,,,,,,,,,,,,,,,,,,,,,,,,,,,,,,,,,,,,,,,,,,,,,,,,,,,,,,,,,,,,,,,,,,,,,,,,,,,,,,,,,,,,,,,,,,,
0,15,28,"{'x': 433.3792993873025, 'y': 368.583641360497, 'elapsedTime': 53556.60000002384}",936745029964,5203433819,POINT (0.2257183850975534 0.3412811494078676),,,,,,,,,,,,,,,,,,,,,,,,,,,,,,,,,,,,,,,,,,,,,,,,,,,,,,,,,,,,,,,,,,,,,,,,,,,,,,,,,,,,,,,,,,,,,,,,,,,,,
0,15,28,"{'x': 433.3792993873025, 'y': 368.583641360497, 'elapsedTime': 53556.60000002384}",936745046631,5203450485,POINT (0.2257183850975534 0.3412811494078676),,,,,,,,,,,,,,,,,,,,,,,,,,,,,,,,,,,,,,,,,,,,,,,,,,,,,,,,,,,,,,,,,,,,,,,,,,,,,,,,,,,,,,,,,,,,,,,,,,,,,
0,15,28,"{'x': 433.3792993873025, 'y': 368.583641360497, 'elapsedTime': 53556.60000002384}",936745063307,5203467161,POINT (0.2257183850975534 0.3412811494078676),,,,,,,,,,,,,,,,,,,,,,,,,,,,,,,,,,,,,,,,,,,,,,,,,,,,,,,,,,,,,,,,,,,,,,,,,,,,,,,,,,,,,,,,,,,,,,,,,,,,,
0,15,28,"{'x': 417.20677219265804, 'y': 376.43758342764585, 'elapsedTime': 53616.39999997616}",936745079974,5203483828,POINT (0.2172951938503427 0.348553317988561),,,,,,,,,,,,,,,,,,,,,,,,,,,,,,,,,,,,,,,,,,,,,,,,,,,,,,,,,,,,,,,,,,,,,,,,,,,,,,,,,,,,,,,,,,,,,,,,,,,,,
0,15,28,"{'x': 417.20677219265804, 'y': 376.43758342764585, 'elapsedTime': 53616.39999997616}",936745096642,5203500495,POINT (0.2172951938503427 0.348553317988561),,,,,,,,,,,,,,,,,,,,,,,,,,,,,,,,,,,,,,,,,,,,,,,,,,,,,,,,,,,,,,,,,,,,,,,,,,,,,,,,,,,,,,,,,,,,,,,,,,,,,
0,15,28,"{'x': 417.20677219265804, 'y': 376.43758342764585, 'elapsedTime': 53616.39999997616}",936745113309,5203517162,POINT (0.2172951938503427 0.348553317988561),,,,,,,,,,,,,,,,,,,,,,,,,,,,,,,,,,,,,,,,,,,,,,,,,,,,,,,,,,,,,,,,,,,,,,,,,,,,,,,,,,,,,,,,,,,,,,,,,,,,,
0,15,28,"{'x': 451.1215783130464, 'y': 387.7462664174198, 'elapsedTime': 53663.89999997616}",936745129976,5203533828,POINT (0.2349591553713784 0.3590243207568702),,,,,,,,,,,,,,,,,,,,,,,,,,,,,,,,,,,,,,,,,,,,,,,,,,,,,,,,,,,,,,,,,,,,,,,,,,,,,,,,,,,,,,,,,,,,,,,,,,,,,
0,15,28,"{'x': 451.1215783130464, 'y': 387.7462664174198, 'elapsedTime': 53663.89999997616}",936745146643,5203550495,POINT (0.2349591553713784 0.3590243207568702),,,,,,,,,,,,,,,,,,,,,,,,,,,,,,,,,,,,,,,,,,,,,,,,,,,,,,,,,,,,,,,,,,,,,,,,,,,,,,,,,,,,,,,,,,,,,,,,,,,,,
0,15,28,"{'x': 451.1215783130464, 'y': 387.7462664174198, 'elapsedTime': 53663.89999997616}",936745163310,5203567161,POINT (0.2349591553713784 0.3590243207568702),,,,,,,,,,,,,,,,,,,,,,,,,,,,,,,,,,,,,,,,,,,,,,,,,,,,,,,,,,,,,,,,,,,,,,,,,,,,,,,,,,,,,,,,,,,,,,,,,,,,,
0,15,28,"{'x': 454.61666941811814, 'y': 418.39909181444045, 'elapsedTime': 53709.300000071526}",936745179982,5203583833,POINT (0.2367795153219365 0.3874065664948523),,,,,,,,,,,,,,,,,,,,,,,,,,,,,,,,,,,,,,,,,,,,,,,,,,,,,,,,,,,,,,,,,,,,,,,,,,,,,,,,,,,,,,,,,,,,,,,,,,,,,
0,15,28,"{'x': 454.61666941811814, 'y': 418.39909181444045, 'elapsedTime': 53709.300000071526}",936745196649,5203600500,POINT (0.2367795153219365 0.3874065664948523),,,,,,,,,,,,,,,,,,,,,,,,,,,,,,,,,,,,,,,,,,,,,,,,,,,,,,,,,,,,,,,,,,,,,,,,,,,,,,,,,,,,,,,,,,,,,,,,,,,,,
0,15,28,"{'x': 454.61666941811814, 'y': 418.39909181444045, 'elapsedTime': 53709.300000071526}",936745213316,5203617166,POINT (0.2367795153219365 0.3874065664948523),,,,,,,,,,,,,,,,,,,,,,,,,,,,,,,,,,,,,,,,,,,,,,,,,,,,,,,,,,,,,,,,,,,,,,,,,,,,,,,,,,,,,,,,,,,,,,,,,,,,,
0,15,28,"{'x': 442.5368679115515, 'y': 389.72929590002803, 'elapsedTime': 53764.200000047684}",936745229983,5203633833,POINT (0.2304879520372664 0.3608604591666926),,,,,,,,,,,,,,,,,,,,,,,,,,,,,,,,,,,,,,,,,,,,,,,,,,,,,,,,,,,,,,,,,,,,,,,,,,,,,,,,,,,,,,,,,,,,,,,,,,,,,
0,15,28,"{'x': 442.5368679115515, 'y': 389.72929590002803, 'elapsedTime': 53764.200000047684}",936745246651,5203650500,POINT (0.2304879520372664 0.3608604591666926),,,,,,,,,,,,,,,,,,,,,,,,,,,,,,,,,,,,,,,,,,,,,,,,,,,,,,,,,,,,,,,,,,,,,,,,,,,,,,,,,,,,,,,,,,,,,,,,,,,,,
0,15,28,"{'x': 442.5368679115515, 'y': 389.72929590002803, 'elapsedTime': 53764.200000047684}",936745263317,5203667166,POINT (0.2304879520372664 0.3608604591666926),,,,,,,,,,,,,,,,,,,,,,,,,,,,,,,,,,,,,,,,,,,,,,,,,,,,,,,,,,,,,,,,,,,,,,,,,,,,,,,,,,,,,,,,,,,,,,,,,,,,,
0,15,28,"{'x': 455.2003183860832, 'y': 402.06135757185274, 'elapsedTime': 53813}",936745279985,5203683833,POINT (0.2370834991594183 0.3722790347887525),,,,,,,,,,,,,,,,,,,,,,,,,,,,,,,,,,,,,,,,,,,,,,,,,,,,,,,,,,,,,,,,,,,,,,,,,,,,,,,,,,,,,,,,,,,,,,,,,,,,,
0,15,28,"{'x': 455.2003183860832, 'y': 402.06135757185274, 'elapsedTime': 53813}",936745296652,5203700500,POINT (0.2370834991594183 0.3722790347887525),,,,,,,,,,,,,,,,,,,,,,,,,,,,,,,,,,,,,,,,,,,,,,,,,,,,,,,,,,,,,,,,,,,,,,,,,,,,,,,,,,,,,,,,,,,,,,,,,,,,,
0,15,28,"{'x': 455.2003183860832, 'y': 402.06135757185274, 'elapsedTime': 53813}",936745313321,5203717168,POINT (0.2370834991594183 0.3722790347887525),,,,,,,,,,,,,,,,,,,,,,,,,,,,,,,,,,,,,,,,,,,,,,,,,,,,,,,,,,,,,,,,,,,,,,,,,,,,,,,,,,,,,,,,,,,,,,,,,,,,,
0,15,28,"{'x': 512.6012248311581, 'y': 459.8280400526216, 'elapsedTime': 53861.700000047684}",936745329988,5203733835,POINT (0.2669798045995615 0.4257667037524274),,,,,,,,,,,,,,,,,,,,,,,,,,,,,,,,,,,,,,,,,,,,,,,,,,,,,,,,,,,,,,,,,,,,,,,,,,,,,,,,,,,,,,,,,,,,,,,,,,,,,
0,15,28,"{'x': 512.6012248311581, 'y': 459.8280400526216, 'elapsedTime': 53861.700000047684}",936745346656,5203750502,POINT (0.2669798045995615 0.4257667037524274),,,,,,,,,,,,,,,,,,,,,,,,,,,,,,,,,,,,,,,,,,,,,,,,,,,,,,,,,,,,,,,,,,,,,,,,,,,,,,,,,,,,,,,,,,,,,,,,,,,,,
0,15,28,"{'x': 512.6012248311581, 'y': 459.8280400526216, 'elapsedTime': 53861.700000047684}",936745363322,5203767168,POINT (0.2669798045995615 0.4257667037524274),,,,,,,,,,,,,,,,,,,,,,,,,,,,,,,,,,,,,,,,,,,,,,,,,,,,,,,,,,,,,,,,,,,,,,,,,,,,,,,,,,,,,,,,,,,,,,,,,,,,,
0,15,28,"{'x': 575.3644861280087, 'y': 441.687210841064, 'elapsedTime': 53908.300000071526}",936745379990,5203783835,POINT (0.2996690031916712 0.4089696396676518),,,,,,,,,,,,,,,,,,,,,,,,,,,,,,,,,,,,,,,,,,,,,,,,,,,,,,,,,,,,,,,,,,,,,,,,,,,,,,,,,,,,,,,,,,,,,,,,,,,,,
0,15,28,"{'x': 575.3644861280087, 'y': 441.687210841064, 'elapsedTime': 53908.300000071526}",936745396659,5203800504,POINT (0.2996690031916712 0.4089696396676518),,,,,,,,,,,,,,,,,,,,,,,,,,,,,,,,,,,,,,,,,,,,,,,,,,,,,,,,,,,,,,,,,,,,,,,,,,,,,,,,,,,,,,,,,,,,,,,,,,,,,
0,15,28,"{'x': 564.6174985022485, 'y': 419.6240912543192, 'elapsedTime': 53959.89999997616}",936745413325,5203817169,POINT (0.2940716138032544 0.3885408252354807),,,,,,,,,,,,,,,,,,,,,,,,,,,,,,,,,,,,,,,,,,,,,,,,,,,,,,,,,,,,,,,,,,,,,,,,,,,,,,,,,,,,,,,,,,,,,,,,,,,,,
0,15,28,"{'x': 564.6174985022485, 'y': 419.6240912543192, 'elapsedTime': 53959.89999997616}",936745429991,5203833835,POINT (0.2940716138032544 0.3885408252354807),,,,,,,,,,,,,,,,,,,,,,,,,,,,,,,,,,,,,,,,,,,,,,,,,,,,,,,,,,,,,,,,,,,,,,,,,,,,,,,,,,,,,,,,,,,,,,,,,,,,,
0,15,28,"{'x': 564.6174985022485, 'y': 419.6240912543192, 'elapsedTime': 53959.89999997616}",936745446662,5203850505,POINT (0.2940716138032544 0.3885408252354807),,,,,,,,,,,,,,,,,,,,,,,,,,,,,,,,,,,,,,,,,,,,,,,,,,,,,,,,,,,,,,,,,,,,,,,,,,,,,,,,,,,,,,,,,,,,,,,,,,,,,
0,15,28,"{'x': 544.8182926253115, 'y': 370.4064562771112, 'elapsedTime': 54009.200000047684}",936745463329,5203867172,POINT (0.2837595274090164 0.3429689409973252),,,,,,,,,,,,,,,,,,,,,,,,,,,,,,,,,,,,,,,,,,,,,,,,,,,,,,,,,,,,,,,,,,,,,,,,,,,,,,,,,,,,,,,,,,,,,,,,,,,,,
0,15,28,"{'x': 544.8182926253115, 'y': 370.4064562771112, 'elapsedTime': 54009.200000047684}",936745479996,5203883839,POINT (0.2837595274090164 0.3429689409973252),,,,,,,,,,,,,,,,,,,,,,,,,,,,,,,,,,,,,,,,,,,,,,,,,,,,,,,,,,,,,,,,,,,,,,,,,,,,,,,,,,,,,,,,,,,,,,,,,,,,,
0,15,28,"{'x': 470.12332869442895, 'y': 360.90435460442825, 'elapsedTime': 54053.300000071526}",936745496665,5203900507,POINT (0.2448559003616818 0.3341706987078039),,,,,,,,,,,,,,,,,,,,,,,,,,,,,,,,,,,,,,,,,,,,,,,,,,,,,,,,,,,,,,,,,,,,,,,,,,,,,,,,,,,,,,,,,,,,,,,,,,,,,
0,15,28,"{'x': 470.12332869442895, 'y': 360.90435460442825, 'elapsedTime': 54053.300000071526}",936745513332,5203917174,POINT (0.2448559003616818 0.3341706987078039),,,,,,,,,,,,,,,,,,,,,,,,,,,,,,,,,,,,,,,,,,,,,,,,,,,,,,,,,,,,,,,,,,,,,,,,,,,,,,,,,,,,,,,,,,,,,,,,,,,,,
0,15,28,"{'x': 470.12332869442895, 'y': 360.90435460442825, 'elapsedTime': 54053.300000071526}",936745529998,5203933839,POINT (0.2448559003616818 0.3341706987078039),,,,,,,,,,,,,,,,,,,,,,,,,,,,,,,,,,,,,,,,,,,,,,,,,,,,,,,,,,,,,,,,,,,,,,,,,,,,,,,,,,,,,,,,,,,,,,,,,,,,,
0,15,28,"{'x': 470.12332869442895, 'y': 360.90435460442825, 'elapsedTime': 54053.300000071526}",936745546665,5203950506,POINT (0.2448559003616818 0.3341706987078039),,,,,,,,,,,,,,,,,,,,,,,,,,,,,,,,,,,,,,,,,,,,,,,,,,,,,,,,,,,,,,,,,,,,,,,,,,,,,,,,,,,,,,,,,,,,,,,,,,,,,
0,15,28,"{'x': 447.47124810084216, 'y': 358.57265860693553, 'elapsedTime': 54100.60000002384}",936745563332,5203967172,POINT (0.2330579417191886 0.3320117209323477),,,,,,,,,,,,,,,,,,,,,,,,,,,,,,,,,,,,,,,,,,,,,,,,,,,,,,,,,,,,,,,,,,,,,,,,,,,,,,,,,,,,,,,,,,,,,,,,,,,,,
0,15,28,"{'x': 447.47124810084216, 'y': 358.57265860693553, 'elapsedTime': 54100.60000002384}",936745580006,5203983846,POINT (0.2330579417191886 0.3320117209323477),,,,,,,,,,,,,,,,,,,,,,,,,,,,,,,,,,,,,,,,,,,,,,,,,,,,,,,,,,,,,,,,,,,,,,,,,,,,,,,,,,,,,,,,,,,,,,,,,,,,,
0,15,28,"{'x': 447.47124810084216, 'y': 358.57265860693553, 'elapsedTime': 54100.60000002384}",936745596676,5204000515,POINT (0.2330579417191886 0.3320117209323477),,,,,,,,,,,,,,,,,,,,,,,,,,,,,,,,,,,,,,,,,,,,,,,,,,,,,,,,,,,,,,,,,,,,,,,,,,,,,,,,,,,,,,,,,,,,,,,,,,,,,
0,15,28,"{'x': 439.35862647365377, 'y': 319.23489612378336, 'elapsedTime': 54146.300000071526}",936745613340,5204017179,POINT (0.228832617955028 0.2955878667812809),,,,,,,,,,,,,,,,,,,,,,,,,,,,,,,,,,,,,,,,,,,,,,,,,,,,,,,,,,,,,,,,,,,,,,,,,,,,,,,,,,,,,,,,,,,,,,,,,,,1,,
0,15,28,"{'x': 439.35862647365377, 'y': 319.23489612378336, 'elapsedTime': 54146.300000071526}",936745630007,5204033846,POINT (0.228832617955028 0.2955878667812809),,,,,,,,,,,,,,,,,,,,,,,,,,,,,,,,,,,,,,,,,,,,,,,,,,,,,,,,,,,,,,,,,,,,,,,,,,,,,,,,,,,,,,,,,,,,,,,,,,,1,,
0,15,28,"{'x': 419.3878691604828, 'y': 407.51848013211054, 'elapsedTime': 54193.39999997616}",936745646675,5204050513,POINT (0.2184311818544181 0.3773319260482505),,,,,,,,,,,,,,,,,,,,,,,,,,,,,,,,,,,,,,,,,,,,,,,,,,,,,,,,,,,,,,,,,,,,,,,,,,,,,,,,,,,,,,,,,,,,,,,,,,,,,
0,15,28,"{'x': 419.3878691604828, 'y': 407.51848013211054, 'elapsedTime': 54193.39999997616}",936745663341,5204067179,POINT (0.2184311818544181 0.3773319260482505),,,,,,,,,,,,,,,,,,,,,,,,,,,,,,,,,,,,,,,,,,,,,,,,,,,,,,,,,,,,,,,,,,,,,,,,,,,,,,,,,,,,,,,,,,,,,,,,,,,,,
0,15,28,"{'x': 419.3878691604828, 'y': 407.51848013211054, 'elapsedTime': 54193.39999997616}",936745680008,5204083846,POINT (0.2184311818544181 0.3773319260482505),,,,,,,,,,,,,,,,,,,,,,,,,,,,,,,,,,,,,,,,,,,,,,,,,,,,,,,,,,,,,,,,,,,,,,,,,,,,,,,,,,,,,,,,,,,,,,,,,,,,,
0,15,28,"{'x': 408.3010058301778, 'y': 334.7710571861811, 'elapsedTime': 54240}",936745696676,5204100513,POINT (0.2126567738698843 0.3099732010983158),,,,,,,,,,,,,,,,,,,,,,,,,,,,,,,,,,,,,,,,,,,,,,,,,,,,,,,,,,,,,,,,,,,,,,,,,,,,,,,,,,,,,,,,,,,,,,,,,,,,,
0,15,28,"{'x': 408.3010058301778, 'y': 334.7710571861811, 'elapsedTime': 54240}",936745713344,5204117181,POINT (0.2126567738698843 0.3099732010983158),,,,,,,,,,,,,,,,,,,,,,,,,,,,,,,,,,,,,,,,,,,,,,,,,,,,,,,,,,,,,,,,,,,,,,,,,,,,,,,,,,,,,,,,,,,,,,,,,,,,,
0,15,28,"{'x': 408.3010058301778, 'y': 334.7710571861811, 'elapsedTime': 54240}",936745730012,5204133848,POINT (0.2126567738698843 0.3099732010983158),,,,,,,,,,,,,,,,,,,,,,,,,,,,,,,,,,,,,,,,,,,,,,,,,,,,,,,,,,,,,,,,,,,,,,,,,,,,,,,,,,,,,,,,,,,,,,,,,,,,,
0,15,28,"{'x': 454.0510004568466, 'y': 370.802097673071, 'elapsedTime': 54285}",936745746679,5204150515,POINT (0.2364848960712743 0.3433352756232139),,,,,,,,,,,,,,,,,,,,,,,,,,,,,,,,,,,,,,,,,,,,,,,,,,,,,,,,,,,,,,,,,,,,,,,,,,,,,,,,,,,,,,,,,,,,,,,,,,,,,
0,15,28,"{'x': 454.0510004568466, 'y': 370.802097673071, 'elapsedTime': 54285}",936745763346,5204167181,POINT (0.2364848960712743 0.3433352756232139),,,,,,,,,,,,,,,,,,,,,,,,,,,,,,,,,,,,,,,,,,,,,,,,,,,,,,,,,,,,,,,,,,,,,,,,,,,,,,,,,,,,,,,,,,,,,,,,,,,,,
0,15,28,"{'x': 454.0510004568466, 'y': 370.802097673071, 'elapsedTime': 54285}",936745780013,5204183848,POINT (0.2364848960712743 0.3433352756232139),,,,,,,,,,,,,,,,,,,,,,,,,,,,,,,,,,,,,,,,,,,,,,,,,,,,,,,,,,,,,,,,,,,,,,,,,,,,,,,,,,,,,,,,,,,,,,,,,,,,,
0,15,28,"{'x': 510.3454967473746, 'y': 334.94262991491144, 'elapsedTime': 54334.10000002384}",936745796681,5204200515,POINT (0.2658049462225909 0.3101320647360291),,,,,,,,,,,,,,,,,,,,,,,,,,,,,,,,,,,,,,,,,,,,,,,,,,,,,,,,,,,,,,,,,,,,,,,,,,,,,,,,,,,,,,,,,,,,,,,,,,,,,
0,15,28,"{'x': 510.3454967473746, 'y': 334.94262991491144, 'elapsedTime': 54334.10000002384}",936745813347,5204217181,POINT (0.2658049462225909 0.3101320647360291),,,,,,,,,,,,,,,,,,,,,,,,,,,,,,,,,,,,,,,,,,,,,,,,,,,,,,,,,,,,,,,,,,,,,,,,,,,,,,,,,,,,,,,,,,,,,,,,,,,,,
0,15,28,"{'x': 510.3454967473746, 'y': 334.94262991491144, 'elapsedTime': 54334.10000002384}",936745830015,5204233848,POINT (0.2658049462225909 0.3101320647360291),,,,,,,,,,,,,,,,,,,,,,,,,,,,,,,,,,,,,,,,,,,,,,,,,,,,,,,,,,,,,,,,,,,,,,,,,,,,,,,,,,,,,,,,,,,,,,,,,,,,,
0,15,28,"{'x': 502.8585321684585, 'y': 299.796405761801, 'elapsedTime': 54386}",936745846692,5204250525,POINT (0.2619054855044055 0.2775892645942602),,,,,,,,,,,,,,,,,,,,,,,,,,,,,,,,,,,,,,,,,,,,,,,,,,,,,,,,,,,,,,,,,,,,,,,,,,,,,,,,,,,,,,,,,,,,,,,,,,,1,1,
0,15,28,"{'x': 502.8585321684585, 'y': 299.796405761801, 'elapsedTime': 54386}",936745863359,5204267191,POINT (0.2619054855044055 0.2775892645942602),,,,,,,,,,,,,,,,,,,,,,,,,,,,,,,,,,,,,,,,,,,,,,,,,,,,,,,,,,,,,,,,,,,,,,,,,,,,,,,,,,,,,,,,,,,,,,,,,,,1,1,
0,15,28,"{'x': 502.8585321684585, 'y': 299.796405761801, 'elapsedTime': 54386}",936745880024,5204283856,POINT (0.2619054855044055 0.2775892645942602),,,,,,,,,,,,,,,,,,,,,,,,,,,,,,,,,,,,,,,,,,,,,,,,,,,,,,,,,,,,,,,,,,,,,,,,,,,,,,,,,,,,,,,,,,,,,,,,,,,1,1,
0,15,28,"{'x': 512.0733940146351, 'y': 292.02895663723393, 'elapsedTime': 54432}",936745896692,5204300523,POINT (0.2667048927159558 0.2703971820715129),,,,,,,,,,,,,,,,,,,,,,,,,,,,,,,,,,,,,,,,,,,,,,,,,,,,,,,,,,,,,,,,,,,,,,,,,,,,,,,,,,,,,,,,,,,,,,,,,,,1,1,
0,15,28,"{'x': 512.0733940146351, 'y': 292.02895663723393, 'elapsedTime': 54432}",936745913358,5204317189,POINT (0.2667048927159558 0.2703971820715129),,,,,,,,,,,,,,,,,,,,,,,,,,,,,,,,,,,,,,,,,,,,,,,,,,,,,,,,,,,,,,,,,,,,,,,,,,,,,,,,,,,,,,,,,,,,,,,,,,,1,1,
0,15,28,"{'x': 512.0733940146351, 'y': 292.02895663723393, 'elapsedTime': 54432}",936745930026,5204333856,POINT (0.2667048927159558 0.2703971820715129),,,,,,,,,,,,,,,,,,,,,,,,,,,,,,,,,,,,,,,,,,,,,,,,,,,,,,,,,,,,,,,,,,,,,,,,,,,,,,,,,,,,,,,,,,,,,,,,,,,1,1,
0,15,28,"{'x': 545.8785177117545, 'y': 309.60266760148403, 'elapsedTime': 54478}",936745946692,5204350522,POINT (0.2843117279748721 0.2866691366680408),,,,,,,,,,,,,,,,,,,,,,,,,,,,,,,,,,,,,,,,,,,,,,,,,,,,,,,,,,,,,,,,,,,,,,,,,,,,,,,,,,,,,,,,,,,,,,,,,,,1,1,
0,15,28,"{'x': 545.8785177117545, 'y': 309.60266760148403, 'elapsedTime': 54478}",936745963360,5204367189,POINT (0.2843117279748721 0.2866691366680408),,,,,,,,,,,,,,,,,,,,,,,,,,,,,,,,,,,,,,,,,,,,,,,,,,,,,,,,,,,,,,,,,,,,,,,,,,,,,,,,,,,,,,,,,,,,,,,,,,,1,1,
0,15,28,"{'x': 545.8785177117545, 'y': 309.60266760148403, 'elapsedTime': 54478}",936745980031,5204383860,POINT (0.2843117279748721 0.2866691366680408),,,,,,,,,,,,,,,,,,,,,,,,,,,,,,,,,,,,,,,,,,,,,,,,,,,,,,,,,,,,,,,,,,,,,,,,,,,,,,,,,,,,,,,,,,,,,,,,,,,1,1,
0,15,28,"{'x': 553.3507376124003, 'y': 307.06180328077164, 'elapsedTime': 54525.700000047684}",936745996701,5204400529,POINT (0.2882035091731252 0.284316484519233),,,,,,,,,,,,,,,,,,,,,,,,,,,,,,,,,,,,,,,,,,,,,,,,,,,,,,,,,,,,,,,,,,,,,,,,,,,,,,,,,,,,,,,,,,,,,,,,,,,1,1,
0,15,28,"{'x': 553.3507376124003, 'y': 307.06180328077164, 'elapsedTime': 54525.700000047684}",936746013365,5204417193,POINT (0.2882035091731252 0.284316484519233),,,,,,,,,,,,,,,,,,,,,,,,,,,,,,,,,,,,,,,,,,,,,,,,,,,,,,,,,,,,,,,,,,,,,,,,,,,,,,,,,,,,,,,,,,,,,,,,,,,1,1,
0,15,28,"{'x': 553.3507376124003, 'y': 307.06180328077164, 'elapsedTime': 54525.700000047684}",936746030031,5204433859,POINT (0.2882035091731252 0.284316484519233),,,,,,,,,,,,,,,,,,,,,,,,,,,,,,,,,,,,,,,,,,,,,,,,,,,,,,,,,,,,,,,,,,,,,,,,,,,,,,,,,,,,,,,,,,,,,,,,,,,1,1,
0,15,28,"{'x': 568.2755313938555, 'y': 263.40224093725635, 'elapsedTime': 54582.60000002384}",936746046700,5204450527,POINT (0.2959768392676331 0.2438909638307929),,,,,,,,,,,,,,,,,,,,,,,,,,,,,,,,,,,,,,,,,,,,,,,,,,,,,,1,,,,,,,,,,,,,,,,,,,,,,,,,,,,,,,,,,,,,,,,,,,,,,1,
0,15,28,"{'x': 568.2755313938555, 'y': 263.40224093725635, 'elapsedTime': 54582.60000002384}",936746063366,5204467193,POINT (0.2959768392676331 0.2438909638307929),,,,,,,,,,,,,,,,,,,,,,,,,,,,,,,,,,,,,,,,,,,,,,,,,,,,,,1,,,,,,,,,,,,,,,,,,,,,,,,,,,,,,,,,,,,,,,,,,,,,,1,
0,15,28,"{'x': 568.2755313938555, 'y': 263.40224093725635, 'elapsedTime': 54582.60000002384}",936746080035,5204483861,POINT (0.2959768392676331 0.2438909638307929),,,,,,,,,,,,,,,,,,,,,,,,,,,,,,,,,,,,,,,,,,,,,,,,,,,,,,1,,,,,,,,,,,,,,,,,,,,,,,,,,,,,,,,,,,,,,,,,,,,,,1,
0,15,28,"{'x': 515.2073290921924, 'y': 262.468005460477, 'elapsedTime': 54632.300000071526}",936746096703,5204500529,POINT (0.2683371505688502 0.2430259309819232),,,,,,,,,,,,,,,,,,,,,,,,,,,,,,,,,,,,,,,,,,,,,,,,,,,,,,,,,,,,,,,,,,,,,,,,,,,,,,,,,,,,,,,,,,,,,,,,,,,,1,
0,15,28,"{'x': 515.2073290921924, 'y': 262.468005460477, 'elapsedTime': 54632.300000071526}",936746113375,5204517200,POINT (0.2683371505688502 0.2430259309819232),,,,,,,,,,,,,,,,,,,,,,,,,,,,,,,,,,,,,,,,,,,,,,,,,,,,,,,,,,,,,,,,,,,,,,,,,,,,,,,,,,,,,,,,,,,,,,,,,,,,1,
0,15,28,"{'x': 515.2073290921924, 'y': 262.468005460477, 'elapsedTime': 54632.300000071526}",936746130041,5204533866,POINT (0.2683371505688502 0.2430259309819232),,,,,,,,,,,,,,,,,,,,,,,,,,,,,,,,,,,,,,,,,,,,,,,,,,,,,,,,,,,,,,,,,,,,,,,,,,,,,,,,,,,,,,,,,,,,,,,,,,,,1,
0,15,28,"{'x': 454.7291210056718, 'y': 232.54883111711985, 'elapsedTime': 54682.10000002384}",936746146707,5204550531,POINT (0.2368380838571207 0.215322991775111),,,,,,,,,,,,,,,,,,,,,,,,,,,,,,,,,,,,,,,,,,,,,,,,,,,,,,,,,,,,,,,,,,,,,,,,,,,,,,,,,,,,,,,,,,,,,,,,,,,,1,
0,15,28,"{'x': 454.7291210056718, 'y': 232.54883111711985, 'elapsedTime': 54682.10000002384}",936746163374,5204567198,POINT (0.2368380838571207 0.215322991775111),,,,,,,,,,,,,,,,,,,,,,,,,,,,,,,,,,,,,,,,,,,,,,,,,,,,,,,,,,,,,,,,,,,,,,,,,,,,,,,,,,,,,,,,,,,,,,,,,,,,1,
0,15,28,"{'x': 454.7291210056718, 'y': 232.54883111711985, 'elapsedTime': 54682.10000002384}",936746180041,5204583864,POINT (0.2368380838571207 0.215322991775111),,,,,,,,,,,,,,,,,,,,,,,,,,,,,,,,,,,,,,,,,,,,,,,,,,,,,,,,,,,,,,,,,,,,,,,,,,,,,,,,,,,,,,,,,,,,,,,,,,,,1,
0,15,28,"{'x': 426.9477568592656, 'y': 223.09785673562126, 'elapsedTime': 54732}",936746196708,5204600531,POINT (0.2223686233642008 0.2065720895700197),,,,,,,,,,,,,,,,,,,,,,,,,,,,,1,,,,,,,,,,,,,,,,,,,,,,,,,,,,,,,,,,,,,,,,,,,,,,,,,,,,,,,,,,,,,,,,,,,,,,,,
0,15,28,"{'x': 426.9477568592656, 'y': 223.09785673562126, 'elapsedTime': 54732}",936746213376,5204617198,POINT (0.2223686233642008 0.2065720895700197),,,,,,,,,,,,,,,,,,,,,,,,,,,,,1,,,,,,,,,,,,,,,,,,,,,,,,,,,,,,,,,,,,,,,,,,,,,,,,,,,,,,,,,,,,,,,,,,,,,,,,
0,15,28,"{'x': 426.9477568592656, 'y': 223.09785673562126, 'elapsedTime': 54732}",936746230047,5204633869,POINT (0.2223686233642008 0.2065720895700197),,,,,,,,,,,,,,,,,,,,,,,,,,,,,1,,,,,,,,,,,,,,,,,,,,,,,,,,,,,,,,,,,,,,,,,,,,,,,,,,,,,,,,,,,,,,,,,,,,,,,,
0,15,28,"{'x': 426.9477568592656, 'y': 223.09785673562126, 'elapsedTime': 54732}",936746246715,5204650536,POINT (0.2223686233642008 0.2065720895700197),,,,,,,,,,,,,,,,,,,,,,,,,,,,,1,,,,,,,,,,,,,,,,,,,,,,,,,,,,,,,,,,,,,,,,,,,,,,,,,,,,,,,,,,,,,,,,,,,,,,,,
0,15,28,"{'x': 422.2156842440226, 'y': 268.81856426838283, 'elapsedTime': 54789.300000071526}",936746263382,5204667203,POINT (0.2199040022104284 0.2489060780262804),,,,,,,,,,,,,,,,,,,,,,,,,,,,,,,,,,,,,,,,,,,,,,,,,,,,,,,,,,,,,,,,,,,,,,,,,,,,,,,,,,,,,,,,,,,,,,,,,,,,1,
0,15,28,"{'x': 422.2156842440226, 'y': 268.81856426838283, 'elapsedTime': 54789.300000071526}",936746280049,5204683869,POINT (0.2199040022104284 0.2489060780262804),,,,,,,,,,,,,,,,,,,,,,,,,,,,,,,,,,,,,,,,,,,,,,,,,,,,,,,,,,,,,,,,,,,,,,,,,,,,,,,,,,,,,,,,,,,,,,,,,,,,1,
0,15,28,"{'x': 401.2646516782563, 'y': 218.74473733216115, 'elapsedTime': 54839.700000047684}",936746296718,5204700538,POINT (0.2089920060824252 0.2025414234557048),,,,,,,,,,,,,,,,,,,,,,,,,,,,,,,,,,,,,,,,,,,,,,,,,,,,,,,,,,,,,,,,,,,,,,,,,,,,,,,,,,,,,,,,,,,,,,,,,,,,,
0,15,28,"{'x': 401.2646516782563, 'y': 218.74473733216115, 'elapsedTime': 54839.700000047684}",936746313386,5204717205,POINT (0.2089920060824252 0.2025414234557048),,,,,,,,,,,,,,,,,,,,,,,,,,,,,,,,,,,,,,,,,,,,,,,,,,,,,,,,,,,,,,,,,,,,,,,,,,,,,,,,,,,,,,,,,,,,,,,,,,,,,
0,15,28,"{'x': 401.2646516782563, 'y': 218.74473733216115, 'elapsedTime': 54839.700000047684}",936746330052,5204733871,POINT (0.2089920060824252 0.2025414234557048),,,,,,,,,,,,,,,,,,,,,,,,,,,,,,,,,,,,,,,,,,,,,,,,,,,,,,,,,,,,,,,,,,,,,,,,,,,,,,,,,,,,,,,,,,,,,,,,,,,,,
0,15,28,"{'x': 413.76810824580383, 'y': 222.35721266438546, 'elapsedTime': 54887}",936746346720,5204750538,POINT (0.2155042230446895 0.2058863080225791),,,,,,,,,,,,,,,,,,,,,,,,,,,,,,,,,,,,,,,,,,,,,,,,,,,,,,,,,,,,,,,,,,,,,,,,,,,,,,,,,,,,,,,,,,,,,,,,,,,,,
0,15,28,"{'x': 413.76810824580383, 'y': 222.35721266438546, 'elapsedTime': 54887}",936746363389,5204767207,POINT (0.2155042230446895 0.2058863080225791),,,,,,,,,,,,,,,,,,,,,,,,,,,,,,,,,,,,,,,,,,,,,,,,,,,,,,,,,,,,,,,,,,,,,,,,,,,,,,,,,,,,,,,,,,,,,,,,,,,,,
0,15,28,"{'x': 413.76810824580383, 'y': 222.35721266438546, 'elapsedTime': 54887}",936746380054,5204783871,POINT (0.2155042230446895 0.2058863080225791),,,,,,,,,,,,,,,,,,,,,,,,,,,,,,,,,,,,,,,,,,,,,,,,,,,,,,,,,,,,,,,,,,,,,,,,,,,,,,,,,,,,,,,,,,,,,,,,,,,,,
0,15,28,"{'x': 413.76810824580383, 'y': 222.35721266438546, 'elapsedTime': 54887}",936746396721,5204800538,POINT (0.2155042230446895 0.2058863080225791),,,,,,,,,,,,,,,,,,,,,,,,,,,,,,,,,,,,,,,,,,,,,,,,,,,,,,,,,,,,,,,,,,,,,,,,,,,,,,,,,,,,,,,,,,,,,,,,,,,,,
0,15,28,"{'x': 413.5210876851272, 'y': 222.40775699152988, 'elapsedTime': 54934.5}",936746413389,5204817205,POINT (0.2153755665026704 0.2059331083254906),,,,,,,,,,,,,,,,,,,,,,,,,,,,,,,,,,,,,,,,,,,,,,,,,,,,,,,,,,,,,,,,,,,,,,,,,,,,,,,,,,,,,,,,,,,,,,,,,,,,,
0,15,28,"{'x': 413.5210876851272, 'y': 222.40775699152988, 'elapsedTime': 54934.5}",936746430056,5204833872,POINT (0.2153755665026704 0.2059331083254906),,,,,,,,,,,,,,,,,,,,,,,,,,,,,,,,,,,,,,,,,,,,,,,,,,,,,,,,,,,,,,,,,,,,,,,,,,,,,,,,,,,,,,,,,,,,,,,,,,,,,
0,15,28,"{'x': 403.31638676670605, 'y': 234.63434744060305, 'elapsedTime': 54988.300000071526}",936746446725,5204850540,POINT (0.2100606181076594 0.2172540254079658),,,,,,,,,,,,,,,,,,,,,,,,,,,,,,,,,,,,,,,,,,,,,,,,,,,,,,,,,,,,,,,,,,,,,,,,,,,,,,,,,,,,,,,,,,,,,,,,,,,,1,
0,15,28,"{'x': 403.31638676670605, 'y': 234.63434744060305, 'elapsedTime': 54988.300000071526}",936746463391,5204867206,POINT (0.2100606181076594 0.2172540254079658),,,,,,,,,,,,,,,,,,,,,,,,,,,,,,,,,,,,,,,,,,,,,,,,,,,,,,,,,,,,,,,,,,,,,,,,,,,,,,,,,,,,,,,,,,,,,,,,,,,,1,
0,15,28,"{'x': 403.31638676670605, 'y': 234.63434744060305, 'elapsedTime': 54988.300000071526}",936746480060,5204883874,POINT (0.2100606181076594 0.2172540254079658),,,,,,,,,,,,,,,,,,,,,,,,,,,,,,,,,,,,,,,,,,,,,,,,,,,,,,,,,,,,,,,,,,,,,,,,,,,,,,,,,,,,,,,,,,,,,,,,,,,,1,
0,15,28,"{'x': 403.31638676670605, 'y': 234.63434744060305, 'elapsedTime': 54988.300000071526}",936746496732,5204900546,POINT (0.2100606181076594 0.2172540254079658),,,,,,,,,,,,,,,,,,,,,,,,,,,,,,,,,,,,,,,,,,,,,,,,,,,,,,,,,,,,,,,,,,,,,,,,,,,,,,,,,,,,,,,,,,,,,,,,,,,,1,
0,15,28,"{'x': 360.6829353221902, 'y': 281.4104012758732, 'elapsedTime': 55034.5}",936746513400,5204917213,POINT (0.1878556954803074 0.2605651863665492),,,,,,,,,,,,,,,,,,,,,,,,,,,,,,,,,,,,,,,,,,,,,,,,,,,,,,,,,,,,,,,,,,,,,,,,,,,1,,,,,,,,,,,,,,,,,,,,,,,,,,
0,15,28,"{'x': 360.6829353221902, 'y': 281.4104012758732, 'elapsedTime': 55034.5}",936746530066,5204933879,POINT (0.1878556954803074 0.2605651863665492),,,,,,,,,,,,,,,,,,,,,,,,,,,,,,,,,,,,,,,,,,,,,,,,,,,,,,,,,,,,,,,,,,,,,,,,,,,1,,,,,,,,,,,,,,,,,,,,,,,,,,
0,15,28,"{'x': 325.07456700184525, 'y': 332.36563197186945, 'elapsedTime': 55087.200000047684}",936746546732,5204950544,POINT (0.1693096703134611 0.3077459555295087),,,,,,,,,,,,,,,,,,,,,,,,,,,,,,,,,,,,,,,,,,,,,,,,,,,,,,,,,,,,,,,,,,,,,,,,,,,,,,,,,,,,,,,,,,,,,,,,,,,,,
0,15,28,"{'x': 325.07456700184525, 'y': 332.36563197186945, 'elapsedTime': 55087.200000047684}",936746563401,5204967213,POINT (0.1693096703134611 0.3077459555295087),,,,,,,,,,,,,,,,,,,,,,,,,,,,,,,,,,,,,,,,,,,,,,,,,,,,,,,,,,,,,,,,,,,,,,,,,,,,,,,,,,,,,,,,,,,,,,,,,,,,,
0,15,28,"{'x': 325.07456700184525, 'y': 332.36563197186945, 'elapsedTime': 55087.200000047684}",936746580066,5204983878,POINT (0.1693096703134611 0.3077459555295087),,,,,,,,,,,,,,,,,,,,,,,,,,,,,,,,,,,,,,,,,,,,,,,,,,,,,,,,,,,,,,,,,,,,,,,,,,,,,,,,,,,,,,,,,,,,,,,,,,,,,
0,15,28,"{'x': 202.84965596753273, 'y': 332.88120984479576, 'elapsedTime': 55138.10000002384}",936746596735,5205000546,POINT (0.10565086248309 0.3082233424488849),,,,,,,,,,,,,,,,,,,,,,,,,,,,,,,,,,,,,,,,,,,,,,,,,,,,,,,,,,,,,,,,,,,,,,,,,,,,,,,,,,,,,,,,,,,,,,,,,,,,,
0,15,28,"{'x': 202.84965596753273, 'y': 332.88120984479576, 'elapsedTime': 55138.10000002384}",936746613399,5205017210,POINT (0.10565086248309 0.3082233424488849),,,,,,,,,,,,,,,,,,,,,,,,,,,,,,,,,,,,,,,,,,,,,,,,,,,,,,,,,,,,,,,,,,,,,,,,,,,,,,,,,,,,,,,,,,,,,,,,,,,,,
0,15,28,"{'x': 202.84965596753273, 'y': 332.88120984479576, 'elapsedTime': 55138.10000002384}",936746630072,5205033882,POINT (0.10565086248309 0.3082233424488849),,,,,,,,,,,,,,,,,,,,,,,,,,,,,,,,,,,,,,,,,,,,,,,,,,,,,,,,,,,,,,,,,,,,,,,,,,,,,,,,,,,,,,,,,,,,,,,,,,,,,
0,15,28,"{'x': 217.2777591712108, 'y': 367.973715370419, 'elapsedTime': 55186.89999997616}",936746646741,5205050551,POINT (0.113165499568339 0.3407164031207583),,,,,,,,,,,,,,,,,,,,,,,,,,,,,,,,,,,,,,,,,,,,,,,,,,,,,,,,,,,,,,,,,,,,,,,,,,,,,,,,,,,,,,,,,,,,,,,,,,,,,
0,15,28,"{'x': 217.2777591712108, 'y': 367.973715370419, 'elapsedTime': 55186.89999997616}",936746663409,5205067218,POINT (0.113165499568339 0.3407164031207583),,,,,,,,,,,,,,,,,,,,,,,,,,,,,,,,,,,,,,,,,,,,,,,,,,,,,,,,,,,,,,,,,,,,,,,,,,,,,,,,,,,,,,,,,,,,,,,,,,,,,
0,15,28,"{'x': 217.2777591712108, 'y': 367.973715370419, 'elapsedTime': 55186.89999997616}",936746680076,5205083885,POINT (0.113165499568339 0.3407164031207583),,,,,,,,,,,,,,,,,,,,,,,,,,,,,,,,,,,,,,,,,,,,,,,,,,,,,,,,,,,,,,,,,,,,,,,,,,,,,,,,,,,,,,,,,,,,,,,,,,,,,
0,15,28,"{'x': 219.84181107342408, 'y': 373.48219858188804, 'elapsedTime': 55233.39999997616}",936746696743,5205100551,POINT (0.1145009432674084 0.3458168505387852),,,,,,,,,,,,,,,,,,,,,,,,,,,,,,,,,,,,,,,,,,,,,,,,,,,,,,,,,,,,,,,,,,,,,,,,,,,,,,,,,,,,,,,,,,,,,,,,,,,,,
0,15,28,"{'x': 219.84181107342408, 'y': 373.48219858188804, 'elapsedTime': 55233.39999997616}",936746713410,5205117218,POINT (0.1145009432674084 0.3458168505387852),,,,,,,,,,,,,,,,,,,,,,,,,,,,,,,,,,,,,,,,,,,,,,,,,,,,,,,,,,,,,,,,,,,,,,,,,,,,,,,,,,,,,,,,,,,,,,,,,,,,,
0,15,28,"{'x': 219.84181107342408, 'y': 373.48219858188804, 'elapsedTime': 55233.39999997616}",936746730078,5205133885,POINT (0.1145009432674084 0.3458168505387852),,,,,,,,,,,,,,,,,,,,,,,,,,,,,,,,,,,,,,,,,,,,,,,,,,,,,,,,,,,,,,,,,,,,,,,,,,,,,,,,,,,,,,,,,,,,,,,,,,,,,
0,15,28,"{'x': 259.68169783355444, 'y': 365.44331902616887, 'elapsedTime': 55282.300000071526}",936746746742,5205150549,POINT (0.1352508842883096 0.338373443542749),,,,,,,,,,,,,,,,,,,,,,,,,,,,,,,,,,,,,,,,,,,,,,,,,,,,,,,,,,,,,,,,,,,,,,,,,,,,,,,,,,,,,,,,,,,,,,,,,,,,,
0,15,28,"{'x': 259.68169783355444, 'y': 365.44331902616887, 'elapsedTime': 55282.300000071526}",936746763416,5205167222,POINT (0.1352508842883096 0.338373443542749),,,,,,,,,,,,,,,,,,,,,,,,,,,,,,,,,,,,,,,,,,,,,,,,,,,,,,,,,,,,,,,,,,,,,,,,,,,,,,,,,,,,,,,,,,,,,,,,,,,,,
0,15,28,"{'x': 259.68169783355444, 'y': 365.44331902616887, 'elapsedTime': 55282.300000071526}",936746780080,5205183886,POINT (0.1352508842883096 0.338373443542749),,,,,,,,,,,,,,,,,,,,,,,,,,,,,,,,,,,,,,,,,,,,,,,,,,,,,,,,,,,,,,,,,,,,,,,,,,,,,,,,,,,,,,,,,,,,,,,,,,,,,
0,15,28,"{'x': 324.4521507957735, 'y': 357.79484746157163, 'elapsedTime': 55327.300000071526}",936746796750,5205200555,POINT (0.168985495206132 0.3312915254273812),,,,,,,,,,,,,,,,,,,,,,,,,,,,,,,,,,,,,,,,,,,,,,,,,,,,,,,,,,,,,,,,,,,,,,,,,,,,,,,,,,,,,,,,,,,,,,,,,,,,,
0,15,28,"{'x': 324.4521507957735, 'y': 357.79484746157163, 'elapsedTime': 55327.300000071526}",936746813415,5205217220,POINT (0.168985495206132 0.3312915254273812),,,,,,,,,,,,,,,,,,,,,,,,,,,,,,,,,,,,,,,,,,,,,,,,,,,,,,,,,,,,,,,,,,,,,,,,,,,,,,,,,,,,,,,,,,,,,,,,,,,,,
0,15,28,"{'x': 334.26564951852595, 'y': 346.3676543727848, 'elapsedTime': 55374}",936746830082,5205233886,POINT (0.1740966924575656 0.3207107910859118),,,,,,,,,,,,,,,,,,,,,,,,,,,,,,,,,,,,,,,,,,,,,,,,,,,,,,,,,,,,,,,,,,,,,,,,,,,,,,,,,,,,,,,,,,,,,,,,,,,,,
0,15,28,"{'x': 334.26564951852595, 'y': 346.3676543727848, 'elapsedTime': 55374}",936746846749,5205250553,POINT (0.1740966924575656 0.3207107910859118),,,,,,,,,,,,,,,,,,,,,,,,,,,,,,,,,,,,,,,,,,,,,,,,,,,,,,,,,,,,,,,,,,,,,,,,,,,,,,,,,,,,,,,,,,,,,,,,,,,,,
0,15,28,"{'x': 334.26564951852595, 'y': 346.3676543727848, 'elapsedTime': 55374}",936746863417,5205267220,POINT (0.1740966924575656 0.3207107910859118),,,,,,,,,,,,,,,,,,,,,,,,,,,,,,,,,,,,,,,,,,,,,,,,,,,,,,,,,,,,,,,,,,,,,,,,,,,,,,,,,,,,,,,,,,,,,,,,,,,,,
0,15,28,"{'x': 331.39529424065705, 'y': 305.83648369019613, 'elapsedTime': 55422.5}",936746880085,5205283888,POINT (0.1726017157503422 0.2831819293427742),,,,,,,,,,,,,,,,,,,,,,,,,,,,,,,,,,,,,,,,,,,,,,,,,,,,,,,,,,,,,,,,,,,,,,,,,,,,,,,,,,,,,,,,,,,,,,,,,,,,,
0,15,28,"{'x': 331.39529424065705, 'y': 305.83648369019613, 'elapsedTime': 55422.5}",936746896759,5205300561,POINT (0.1726017157503422 0.2831819293427742),,,,,,,,,,,,,,,,,,,,,,,,,,,,,,,,,,,,,,,,,,,,,,,,,,,,,,,,,,,,,,,,,,,,,,,,,,,,,,,,,,,,,,,,,,,,,,,,,,,,,
0,15,28,"{'x': 331.39529424065705, 'y': 305.83648369019613, 'elapsedTime': 55422.5}",936746913426,5205317228,POINT (0.1726017157503422 0.2831819293427742),,,,,,,,,,,,,,,,,,,,,,,,,,,,,,,,,,,,,,,,,,,,,,,,,,,,,,,,,,,,,,,,,,,,,,,,,,,,,,,,,,,,,,,,,,,,,,,,,,,,,
0,15,28,"{'x': 368.61119902109607, 'y': 312.8902781327944, 'elapsedTime': 55518.800000071526}",936746930093,5205333894,POINT (0.1919849994901542 0.2897132204933282),,,,,,,,,,,,,,,,,,,,,,,,,,,,,,,,,,,,,,,,,,,,,,,,,,,,,,,,,,,,,,,,,,,,,,,,,,,,,,,,,,,,,,,,,,,,,,,,,,,1,,
0,15,28,"{'x': 368.61119902109607, 'y': 312.8902781327944, 'elapsedTime': 55518.800000071526}",936746946760,5205350561,POINT (0.1919849994901542 0.2897132204933282),,,,,,,,,,,,,,,,,,,,,,,,,,,,,,,,,,,,,,,,,,,,,,,,,,,,,,,,,,,,,,,,,,,,,,,,,,,,,,,,,,,,,,,,,,,,,,,,,,,1,,
0,15,28,"{'x': 368.61119902109607, 'y': 312.8902781327944, 'elapsedTime': 55518.800000071526}",936746963428,5205367228,POINT (0.1919849994901542 0.2897132204933282),,,,,,,,,,,,,,,,,,,,,,,,,,,,,,,,,,,,,,,,,,,,,,,,,,,,,,,,,,,,,,,,,,,,,,,,,,,,,,,,,,,,,,,,,,,,,,,,,,,1,,
0,15,28,"{'x': 368.61119902109607, 'y': 312.8902781327944, 'elapsedTime': 55518.800000071526}",936746980094,5205383894,POINT (0.1919849994901542 0.2897132204933282),,,,,,,,,,,,,,,,,,,,,,,,,,,,,,,,,,,,,,,,,,,,,,,,,,,,,,,,,,,,,,,,,,,,,,,,,,,,,,,,,,,,,,,,,,,,,,,,,,,1,,
0,15,28,"{'x': 368.61119902109607, 'y': 312.8902781327944, 'elapsedTime': 55518.800000071526}",936746996762,5205400561,POINT (0.1919849994901542 0.2897132204933282),,,,,,,,,,,,,,,,,,,,,,,,,,,,,,,,,,,,,,,,,,,,,,,,,,,,,,,,,,,,,,,,,,,,,,,,,,,,,,,,,,,,,,,,,,,,,,,,,,,1,,
0,15,28,"{'x': 368.61119902109607, 'y': 312.8902781327944, 'elapsedTime': 55518.800000071526}",936747013429,5205417228,POINT (0.1919849994901542 0.2897132204933282),,,,,,,,,,,,,,,,,,,,,,,,,,,,,,,,,,,,,,,,,,,,,,,,,,,,,,,,,,,,,,,,,,,,,,,,,,,,,,,,,,,,,,,,,,,,,,,,,,,1,,
0,15,28,"{'x': 368.61119902109607, 'y': 312.8902781327944, 'elapsedTime': 55518.800000071526}",936747030101,5205433899,POINT (0.1919849994901542 0.2897132204933282),,,,,,,,,,,,,,,,,,,,,,,,,,,,,,,,,,,,,,,,,,,,,,,,,,,,,,,,,,,,,,,,,,,,,,,,,,,,,,,,,,,,,,,,,,,,,,,,,,,1,,
0,15,28,"{'x': 332.92128301734084, 'y': 279.7216557324401, 'elapsedTime': 55565.89999997616}",936747046767,5205450565,POINT (0.1733965015715317 0.2590015330855927),,,,,,,,,,,,,,,,,,,,,,,,,,,,,,,,,,,,,,,,,,,,,,,,,,,,,,,,,,,,,,,,,,,,,,,,,,,,,,,,,,,,,,,,,,,,,,,,,,,,,
0,15,28,"{'x': 332.92128301734084, 'y': 279.7216557324401, 'elapsedTime': 55565.89999997616}",936747063436,5205467233,POINT (0.1733965015715317 0.2590015330855927),,,,,,,,,,,,,,,,,,,,,,,,,,,,,,,,,,,,,,,,,,,,,,,,,,,,,,,,,,,,,,,,,,,,,,,,,,,,,,,,,,,,,,,,,,,,,,,,,,,,,
0,15,28,"{'x': 316.59507284544713, 'y': 235.53040446903313, 'elapsedTime': 55624.39999997616}",936747080102,5205483899,POINT (0.1648932671070037 0.2180837078416973),,,,,,,,,,,,,,,,,,,,,,,,,,,1,,,,,,,,,,,,,,,,,,,,,,,,,,,,,,,,,,,,,,,,,,,,,,,,,,,,,,,,,,,,,,,,,,,,,,,,,1,
0,15,28,"{'x': 316.59507284544713, 'y': 235.53040446903313, 'elapsedTime': 55624.39999997616}",936747096769,5205500565,POINT (0.1648932671070037 0.2180837078416973),,,,,,,,,,,,,,,,,,,,,,,,,,,1,,,,,,,,,,,,,,,,,,,,,,,,,,,,,,,,,,,,,,,,,,,,,,,,,,,,,,,,,,,,,,,,,,,,,,,,,1,
0,15,28,"{'x': 316.59507284544713, 'y': 235.53040446903313, 'elapsedTime': 55624.39999997616}",936747113437,5205517233,POINT (0.1648932671070037 0.2180837078416973),,,,,,,,,,,,,,,,,,,,,,,,,,,1,,,,,,,,,,,,,,,,,,,,,,,,,,,,,,,,,,,,,,,,,,,,,,,,,,,,,,,,,,,,,,,,,,,,,,,,,1,
0,15,28,"{'x': 355.3814334099108, 'y': 218.61387005300918, 'elapsedTime': 55672.200000047684}",936747130103,5205533899,POINT (0.1850944965676619 0.2024202500490826),,,,,,,,,,,,,,,,,,,,,,,,,,,,1,,,,,,,,,,,,,,,,,,,,,,,,,,,,,,,,,,,,,,,,,,,,,,,,,,,,,,,,,,,,,,,,,,,,,,,,,
0,15,28,"{'x': 355.3814334099108, 'y': 218.61387005300918, 'elapsedTime': 55672.200000047684}",936747146776,5205550571,POINT (0.1850944965676619 0.2024202500490826),,,,,,,,,,,,,,,,,,,,,,,,,,,,1,,,,,,,,,,,,,,,,,,,,,,,,,,,,,,,,,,,,,,,,,,,,,,,,,,,,,,,,,,,,,,,,,,,,,,,,,
0,15,28,"{'x': 355.3814334099108, 'y': 218.61387005300918, 'elapsedTime': 55672.200000047684}",936747163442,5205567237,POINT (0.1850944965676619 0.2024202500490826),,,,,,,,,,,,,,,,,,,,,,,,,,,,1,,,,,,,,,,,,,,,,,,,,,,,,,,,,,,,,,,,,,,,,,,,,,,,,,,,,,,,,,,,,,,,,,,,,,,,,,
0,15,28,"{'x': 331.09816368657175, 'y': 193.32376812814582, 'elapsedTime': 55719.89999997616}",936747180110,5205583904,POINT (0.1724469602534228 0.1790034890075424),,,,,,,,,,,,,,,,,,,,,,,,,,,,,,,,,,,,,,,,,,,,,,,,,,,,,,,,,,,,,,,,,,,,,,,,,,,,,,,,,,,,,,,,,,,,,,,,,,,,,
0,15,28,"{'x': 331.09816368657175, 'y': 193.32376812814582, 'elapsedTime': 55719.89999997616}",936747196774,5205600568,POINT (0.1724469602534228 0.1790034890075424),,,,,,,,,,,,,,,,,,,,,,,,,,,,,,,,,,,,,,,,,,,,,,,,,,,,,,,,,,,,,,,,,,,,,,,,,,,,,,,,,,,,,,,,,,,,,,,,,,,,,
0,15,28,"{'x': 331.09816368657175, 'y': 193.32376812814582, 'elapsedTime': 55719.89999997616}",936747213444,5205617237,POINT (0.1724469602534228 0.1790034890075424),,,,,,,,,,,,,,,,,,,,,,,,,,,,,,,,,,,,,,,,,,,,,,,,,,,,,,,,,,,,,,,,,,,,,,,,,,,,,,,,,,,,,,,,,,,,,,,,,,,,,
0,15,28,"{'x': 329.96639432739653, 'y': 143.71730291399152, 'elapsedTime': 55767}",936747230111,5205633904,POINT (0.171857497045519 0.1330715767722144),,,,,,,,,,,,,,,,,,,,,,,,,,,,,,,,,,,,,,,,,,,,,,,,,,,,,,,,,,,,,,,,,,,,,,,,,,,,,,,,,,,,,,,,,,,,,,,,,,,,,
0,15,28,"{'x': 329.96639432739653, 'y': 143.71730291399152, 'elapsedTime': 55767}",936747246778,5205650570,POINT (0.171857497045519 0.1330715767722144),,,,,,,,,,,,,,,,,,,,,,,,,,,,,,,,,,,,,,,,,,,,,,,,,,,,,,,,,,,,,,,,,,,,,,,,,,,,,,,,,,,,,,,,,,,,,,,,,,,,,
0,15,28,"{'x': 329.96639432739653, 'y': 143.71730291399152, 'elapsedTime': 55767}",936747263445,5205667237,POINT (0.171857497045519 0.1330715767722144),,,,,,,,,,,,,,,,,,,,,,,,,,,,,,,,,,,,,,,,,,,,,,,,,,,,,,,,,,,,,,,,,,,,,,,,,,,,,,,,,,,,,,,,,,,,,,,,,,,,,
0,15,28,"{'x': 392.6920661561695, 'y': 146.4061724234407, 'elapsedTime': 55814.10000002384}",936747280114,5205683905,POINT (0.2045271177896716 0.1355612707624451),,,,1,,,,,,,,,,,,,,,,,,,,,,,,,,,,,,,,,,,,,,,,,,,,,,,,,,,,,,,,,,,,,,,,,,,,,,,,,,,,,,,,,,,,,,,,,,,,,,,,,
0,15,28,"{'x': 392.6920661561695, 'y': 146.4061724234407, 'elapsedTime': 55814.10000002384}",936747296781,5205700572,POINT (0.2045271177896716 0.1355612707624451),,,,1,,,,,,,,,,,,,,,,,,,,,,,,,,,,,,,,,,,,,,,,,,,,,,,,,,,,,,,,,,,,,,,,,,,,,,,,,,,,,,,,,,,,,,,,,,,,,,,,,
0,15,28,"{'x': 392.6920661561695, 'y': 146.4061724234407, 'elapsedTime': 55814.10000002384}",936747313448,5205717238,POINT (0.2045271177896716 0.1355612707624451),,,,1,,,,,,,,,,,,,,,,,,,,,,,,,,,,,,,,,,,,,,,,,,,,,,,,,,,,,,,,,,,,,,,,,,,,,,,,,,,,,,,,,,,,,,,,,,,,,,,,,
0,15,28,"{'x': 379.1053545724569, 'y': 164.8228592992895, 'elapsedTime': 55863}",936747330115,5205733905,POINT (0.197450705506488 0.1526137586104532),,,,,,,,,,,,,,,,,,,,,,,,,,,,,,,,,,,,,,,,,,,,,,,,,,,,,,,,,,,,,,,,,,,,,,,,,,,,,,,,,,,,,,,,,,,,,,,,,,,1,,
0,15,28,"{'x': 379.1053545724569, 'y': 164.8228592992895, 'elapsedTime': 55863}",936747346782,5205750571,POINT (0.197450705506488 0.1526137586104532),,,,,,,,,,,,,,,,,,,,,,,,,,,,,,,,,,,,,,,,,,,,,,,,,,,,,,,,,,,,,,,,,,,,,,,,,,,,,,,,,,,,,,,,,,,,,,,,,,,1,,
0,15,28,"{'x': 379.1053545724569, 'y': 164.8228592992895, 'elapsedTime': 55863}",936747363449,5205767238,POINT (0.197450705506488 0.1526137586104532),,,,,,,,,,,,,,,,,,,,,,,,,,,,,,,,,,,,,,,,,,,,,,,,,,,,,,,,,,,,,,,,,,,,,,,,,,,,,,,,,,,,,,,,,,,,,,,,,,,1,,
0,15,28,"{'x': 493.51090499532927, 'y': 172.4045194690088, 'elapsedTime': 55913.89999997616}",936747380117,5205783905,POINT (0.2570369296850673 0.1596338143231563),,,,,,,,,,,,,,,,,,,,,,,,,,,,,,,,,,,,,,,,,,,,,,,,,,,,,,,,,,,,,,,,,,,,,,,,,,,,,,,,,,,,,,,,,,,,,,,,,,,1,,
0,15,28,"{'x': 493.51090499532927, 'y': 172.4045194690088, 'elapsedTime': 55913.89999997616}",936747396783,5205800571,POINT (0.2570369296850673 0.1596338143231563),,,,,,,,,,,,,,,,,,,,,,,,,,,,,,,,,,,,,,,,,,,,,,,,,,,,,,,,,,,,,,,,,,,,,,,,,,,,,,,,,,,,,,,,,,,,,,,,,,,1,,
0,15,28,"{'x': 493.51090499532927, 'y': 172.4045194690088, 'elapsedTime': 55913.89999997616}",936747413457,5205817244,POINT (0.2570369296850673 0.1596338143231563),,,,,,,,,,,,,,,,,,,,,,,,,,,,,,,,,,,,,,,,,,,,,,,,,,,,,,,,,,,,,,,,,,,,,,,,,,,,,,,,,,,,,,,,,,,,,,,,,,,1,,
0,15,28,"{'x': 498.29430381024997, 'y': 158.6644525544968, 'elapsedTime': 55961.200000047684}",936747430124,5205833911,POINT (0.2595282832345052 0.1469115301430526),,,,,,,,,,,,,,,,,,,,,,,,,,,,,,,,,,,,,,,,,,,,,,,,,,,,,,,,,,,,,,,,,,,,,,,,,,,,,,,,,,,,,,,,,,,,,,,,,,,1,,
0,15,28,"{'x': 498.29430381024997, 'y': 158.6644525544968, 'elapsedTime': 55961.200000047684}",936747446792,5205850578,POINT (0.2595282832345052 0.1469115301430526),,,,,,,,,,,,,,,,,,,,,,,,,,,,,,,,,,,,,,,,,,,,,,,,,,,,,,,,,,,,,,,,,,,,,,,,,,,,,,,,,,,,,,,,,,,,,,,,,,,1,,
0,15,28,"{'x': 500.9586060488548, 'y': 200.8080685835311, 'elapsedTime': 56008.10000002384}",936747463458,5205867244,POINT (0.2609159406504452 0.1859333968366029),,,,,,,,,,,,,,,,,1,,,,,,,,,,,,,,,,,,,,,,,,,,,,,,,,,,,,,,,,,,,,,,,,,,,,,,,,,,,,,,,,,,,,,,,,,,,,,,,,,,,,
0,15,28,"{'x': 500.9586060488548, 'y': 200.8080685835311, 'elapsedTime': 56008.10000002384}",936747480125,5205883910,POINT (0.2609159406504452 0.1859333968366029),,,,,,,,,,,,,,,,,1,,,,,,,,,,,,,,,,,,,,,,,,,,,,,,,,,,,,,,,,,,,,,,,,,,,,,,,,,,,,,,,,,,,,,,,,,,,,,,,,,,,,
0,15,28,"{'x': 500.9586060488548, 'y': 200.8080685835311, 'elapsedTime': 56008.10000002384}",936747496792,5205900577,POINT (0.2609159406504452 0.1859333968366029),,,,,,,,,,,,,,,,,1,,,,,,,,,,,,,,,,,,,,,,,,,,,,,,,,,,,,,,,,,,,,,,,,,,,,,,,,,,,,,,,,,,,,,,,,,,,,,,,,,,,,
0,15,28,"{'x': 525.4050278857404, 'y': 224.3279647988565, 'elapsedTime': 56054}",936747513460,5205917244,POINT (0.2736484520238232 0.2077110785174597),,,,,,,,,,,,,,,,,,,,,,,,,,,,,,,,,,,,,,,,,,,,,,,,,,,,,,,,,,,,,,,,,,,,,,,,,,,,,,,,,,,,,,,,,,,,,,,,,,,,,
0,15,28,"{'x': 525.4050278857404, 'y': 224.3279647988565, 'elapsedTime': 56054}",936747530127,5205933911,POINT (0.2736484520238232 0.2077110785174597),,,,,,,,,,,,,,,,,,,,,,,,,,,,,,,,,,,,,,,,,,,,,,,,,,,,,,,,,,,,,,,,,,,,,,,,,,,,,,,,,,,,,,,,,,,,,,,,,,,,,
0,15,28,"{'x': 525.4050278857404, 'y': 224.3279647988565, 'elapsedTime': 56054}",936747546802,5205950585,POINT (0.2736484520238232 0.2077110785174597),,,,,,,,,,,,,,,,,,,,,,,,,,,,,,,,,,,,,,,,,,,,,,,,,,,,,,,,,,,,,,,,,,,,,,,,,,,,,,,,,,,,,,,,,,,,,,,,,,,,,
0,15,28,"{'x': 564.9854433434356, 'y': 240.30542135792047, 'elapsedTime': 56101.39999997616}",936747563468,5205967251,POINT (0.2942632517413727 0.2225050197758523),,,,,,,,,,,,,,,,,,,,,,,,,,,,,,,,,,,,,,,,,,,,,,,,,,,,,,,,,,,,,,,,,,,,,,,,,,,,,,,,,,,,,,,,,,,,,,,,,,,,1,
0,15,28,"{'x': 564.9854433434356, 'y': 240.30542135792047, 'elapsedTime': 56101.39999997616}",936747580136,5205983918,POINT (0.2942632517413727 0.2225050197758523),,,,,,,,,,,,,,,,,,,,,,,,,,,,,,,,,,,,,,,,,,,,,,,,,,,,,,,,,,,,,,,,,,,,,,,,,,,,,,,,,,,,,,,,,,,,,,,,,,,,1,
0,15,28,"{'x': 564.9854433434356, 'y': 240.30542135792047, 'elapsedTime': 56101.39999997616}",936747596802,5206000584,POINT (0.2942632517413727 0.2225050197758523),,,,,,,,,,,,,,,,,,,,,,,,,,,,,,,,,,,,,,,,,,,,,,,,,,,,,,,,,,,,,,,,,,,,,,,,,,,,,,,,,,,,,,,,,,,,,,,,,,,,1,
0,15,28,"{'x': 609.1876922019719, 'y': 245.78295324468283, 'elapsedTime': 56150}",936747613470,5206017251,POINT (0.3172852563551937 0.2275768085598915),,,,,,,,,,,,,,,,,,,,,,,,,,,,,,,,,,,,,,,,,,,,,,,,,,,,,,,1,,,,,,,,,,,,,,,,,,,,,,,,,,,,,,,,,,,,,,,,,,,,,1,
0,15,28,"{'x': 609.1876922019719, 'y': 245.78295324468283, 'elapsedTime': 56150}",936747630137,5206033918,POINT (0.3172852563551937 0.2275768085598915),,,,,,,,,,,,,,,,,,,,,,,,,,,,,,,,,,,,,,,,,,,,,,,,,,,,,,,1,,,,,,,,,,,,,,,,,,,,,,,,,,,,,,,,,,,,,,,,,,,,,1,
0,15,28,"{'x': 609.1876922019719, 'y': 245.78295324468283, 'elapsedTime': 56150}",936747646804,5206050584,POINT (0.3172852563551937 0.2275768085598915),,,,,,,,,,,,,,,,,,,,,,,,,,,,,,,,,,,,,,,,,,,,,,,,,,,,,,,1,,,,,,,,,,,,,,,,,,,,,,,,,,,,,,,,,,,,,,,,,,,,,1,
0,15,28,"{'x': 659.0464472630517, 'y': 238.17668168455063, 'elapsedTime': 56198.10000002384}",936747663471,5206067251,POINT (0.3432533579495061 0.220533964522732),,,,,,,,,,,,,,,,,,,,,,,,,,,,,,,,,,,,,,,,,,,,,,,,,,,,,,,,,,,,,,,,,,,,,,,,,,,,,,,,,,,,,,,,,,,,,,,,,,,,1,
0,15,28,"{'x': 659.0464472630517, 'y': 238.17668168455063, 'elapsedTime': 56198.10000002384}",936747680139,5206083919,POINT (0.3432533579495061 0.220533964522732),,,,,,,,,,,,,,,,,,,,,,,,,,,,,,,,,,,,,,,,,,,,,,,,,,,,,,,,,,,,,,,,,,,,,,,,,,,,,,,,,,,,,,,,,,,,,,,,,,,,1,
0,15,28,"{'x': 659.0464472630517, 'y': 238.17668168455063, 'elapsedTime': 56198.10000002384}",936747696807,5206100586,POINT (0.3432533579495061 0.220533964522732),,,,,,,,,,,,,,,,,,,,,,,,,,,,,,,,,,,,,,,,,,,,,,,,,,,,,,,,,,,,,,,,,,,,,,,,,,,,,,,,,,,,,,,,,,,,,,,,,,,,1,
0,15,28,"{'x': 663.5966222840087, 'y': 174.67372525620573, 'elapsedTime': 56243.89999997616}",936747713474,5206117253,POINT (0.3456232407729212 0.1617349307927831),,,,,,,,,,,,,,,,,,,,,,,,,,,,,,,,,,,,,,,,,,,,,,,,,,,,,,,,,,,,,,,,,,,,,,,,,,,,,,,,,,,,,,,,,,,,,,,,,,,1,,
0,15,28,"{'x': 663.5966222840087, 'y': 174.67372525620573, 'elapsedTime': 56243.89999997616}",936747730141,5206133919,POINT (0.3456232407729212 0.1617349307927831),,,,,,,,,,,,,,,,,,,,,,,,,,,,,,,,,,,,,,,,,,,,,,,,,,,,,,,,,,,,,,,,,,,,,,,,,,,,,,,,,,,,,,,,,,,,,,,,,,,1,,
0,15,28,"{'x': 663.5966222840087, 'y': 174.67372525620573, 'elapsedTime': 56243.89999997616}",936747746809,5206150587,POINT (0.3456232407729212 0.1617349307927831),,,,,,,,,,,,,,,,,,,,,,,,,,,,,,,,,,,,,,,,,,,,,,,,,,,,,,,,,,,,,,,,,,,,,,,,,,,,,,,,,,,,,,,,,,,,,,,,,,,1,,
0,15,28,"{'x': 643.8621585784865, 'y': 210.42658594251367, 'elapsedTime': 56292.39999997616}",936747763476,5206167253,POINT (0.3353448742596284 0.1948394314282534),,,,,,,,,,,,,,,,,,,,,,,,,,,,,,,,,,,,,,,,,,,,,,,,,,,,,,,,,,,,,,,,,,,,,,,,,,,,,,,,,,,,,,,,,,,,,,,,,,,,,
0,15,28,"{'x': 643.8621585784865, 'y': 210.42658594251367, 'elapsedTime': 56292.39999997616}",936747780143,5206183920,POINT (0.3353448742596284 0.1948394314282534),,,,,,,,,,,,,,,,,,,,,,,,,,,,,,,,,,,,,,,,,,,,,,,,,,,,,,,,,,,,,,,,,,,,,,,,,,,,,,,,,,,,,,,,,,,,,,,,,,,,,
0,15,28,"{'x': 638.9610807504994, 'y': 257.34391437298126, 'elapsedTime': 56340.89999997616}",936747796810,5206200586,POINT (0.3327922295575518 0.2382814021972049),,,,,,,,,,,,,,,,,,,,,,,,,,,,,,,,,,,,,,,,,,,,,,,,,,,,,,,,,,,,,,,,,,,,,,,,,,,,,,,,,,,,,,,,,,,,,,,,,,,,1,
0,15,28,"{'x': 638.9610807504994, 'y': 257.34391437298126, 'elapsedTime': 56340.89999997616}",936747813481,5206217257,POINT (0.3327922295575518 0.2382814021972049),,,,,,,,,,,,,,,,,,,,,,,,,,,,,,,,,,,,,,,,,,,,,,,,,,,,,,,,,,,,,,,,,,,,,,,,,,,,,,,,,,,,,,,,,,,,,,,,,,,,1,
0,15,28,"{'x': 638.9610807504994, 'y': 257.34391437298126, 'elapsedTime': 56340.89999997616}",936747830149,5206233924,POINT (0.3327922295575518 0.2382814021972049),,,,,,,,,,,,,,,,,,,,,,,,,,,,,,,,,,,,,,,,,,,,,,,,,,,,,,,,,,,,,,,,,,,,,,,,,,,,,,,,,,,,,,,,,,,,,,,,,,,,1,
0,15,28,"{'x': 590.3684399674431, 'y': 225.60554686204156, 'elapsedTime': 56385.800000071526}",936747846815,5206250590,POINT (0.3074835624830433 0.2088940248722607),,,,,,,,,,,,,,,,,,,,,,,,,,,,,,,,,,,,,,,,,,,,,,,,,,,,,,,,,,,,,,,,,,,,,,,,,,,,,,,,,,,,,,,,,,,,,,,,,,,,,
0,15,28,"{'x': 590.3684399674431, 'y': 225.60554686204156, 'elapsedTime': 56385.800000071526}",936747863482,5206267256,POINT (0.3074835624830433 0.2088940248722607),,,,,,,,,,,,,,,,,,,,,,,,,,,,,,,,,,,,,,,,,,,,,,,,,,,,,,,,,,,,,,,,,,,,,,,,,,,,,,,,,,,,,,,,,,,,,,,,,,,,,
0,15,28,"{'x': 590.3684399674431, 'y': 225.60554686204156, 'elapsedTime': 56385.800000071526}",936747880150,5206283924,POINT (0.3074835624830433 0.2088940248722607),,,,,,,,,,,,,,,,,,,,,,,,,,,,,,,,,,,,,,,,,,,,,,,,,,,,,,,,,,,,,,,,,,,,,,,,,,,,,,,,,,,,,,,,,,,,,,,,,,,,,
0,15,28,"{'x': 559.4638741391291, 'y': 164.66993207716172, 'elapsedTime': 56432.5}",936747896817,5206300590,POINT (0.2913874344474631 0.1524721593307053),,,,,,,,,,,,,,,,,,,,,,,,,,,,,,,,,,,,,,,,,,,,,,,,,,,,,,,,,,,,,,,,,,,,,,,,,,,,,,,,,,,,,,,,,,,,,,,,,,,1,,
0,15,28,"{'x': 559.4638741391291, 'y': 164.66993207716172, 'elapsedTime': 56432.5}",936747913484,5206317257,POINT (0.2913874344474631 0.1524721593307053),,,,,,,,,,,,,,,,,,,,,,,,,,,,,,,,,,,,,,,,,,,,,,,,,,,,,,,,,,,,,,,,,,,,,,,,,,,,,,,,,,,,,,,,,,,,,,,,,,,1,,
0,15,28,"{'x': 559.4638741391291, 'y': 164.66993207716172, 'elapsedTime': 56432.5}",936747930152,5206333924,POINT (0.2913874344474631 0.1524721593307053),,,,,,,,,,,,,,,,,,,,,,,,,,,,,,,,,,,,,,,,,,,,,,,,,,,,,,,,,,,,,,,,,,,,,,,,,,,,,,,,,,,,,,,,,,,,,,,,,,,1,,
0,15,28,"{'x': 520.5870904021239, 'y': 189.74725306203288, 'elapsedTime': 56482.5}",936747946825,5206350597,POINT (0.2711391095844395 0.1756919009833638),,,,,,,,,,,,,,,,,1,,,,,,,,,,,,,,,,,,,,,,,,,,,,,,,,,,,,,,,,,,,,,,,,,,,,,,,,,,,,,,,,,,,,,,,,,,,,,,,,,,,,
0,15,28,"{'x': 520.5870904021239, 'y': 189.74725306203288, 'elapsedTime': 56482.5}",936747963493,5206367264,POINT (0.2711391095844395 0.1756919009833638),,,,,,,,,,,,,,,,,1,,,,,,,,,,,,,,,,,,,,,,,,,,,,,,,,,,,,,,,,,,,,,,,,,,,,,,,,,,,,,,,,,,,,,,,,,,,,,,,,,,,,
0,15,28,"{'x': 520.5870904021239, 'y': 189.74725306203288, 'elapsedTime': 56482.5}",936747980160,5206383931,POINT (0.2711391095844395 0.1756919009833638),,,,,,,,,,,,,,,,,1,,,,,,,,,,,,,,,,,,,,,,,,,,,,,,,,,,,,,,,,,,,,,,,,,,,,,,,,,,,,,,,,,,,,,,,,,,,,,,,,,,,,
0,15,28,"{'x': 535.7393974950166, 'y': 184.8168006672372, 'elapsedTime': 56529.5}",936747996827,5206400597,POINT (0.2790309361953212 0.1711266672844789),,,,,,,,,,,,,,,,,,,,,,,,,,,,,,,,,,,,,,,,,,,,,,,,,,,,,,,,,,,,,,,,,,,,,,,,,,,,,,,,,,,,,,,,,,,,,,,,,,,,,
0,15,28,"{'x': 535.7393974950166, 'y': 184.8168006672372, 'elapsedTime': 56529.5}",936748013494,5206417264,POINT (0.2790309361953212 0.1711266672844789),,,,,,,,,,,,,,,,,,,,,,,,,,,,,,,,,,,,,,,,,,,,,,,,,,,,,,,,,,,,,,,,,,,,,,,,,,,,,,,,,,,,,,,,,,,,,,,,,,,,,
0,15,28,"{'x': 535.7393974950166, 'y': 184.8168006672372, 'elapsedTime': 56529.5}",936748030162,5206433931,POINT (0.2790309361953212 0.1711266672844789),,,,,,,,,,,,,,,,,,,,,,,,,,,,,,,,,,,,,,,,,,,,,,,,,,,,,,,,,,,,,,,,,,,,,,,,,,,,,,,,,,,,,,,,,,,,,,,,,,,,,
0,15,28,"{'x': 566.8499411810418, 'y': 214.26476565184217, 'elapsedTime': 56578.200000047684}",936748046828,5206450597,POINT (0.2952343443651259 0.1983933015294835),,,,,,,,,,,,,,,,,,,,,,,,,,,,,,,,,,,,,,,,,,,,,,,,,,,,,,,,,,,,,,,,,,,,,,,,,,,,,,,,,,,,,,,,,,,,,,,,,,,,,
0,15,28,"{'x': 566.8499411810418, 'y': 214.26476565184217, 'elapsedTime': 56578.200000047684}",936748063502,5206467270,POINT (0.2952343443651259 0.1983933015294835),,,,,,,,,,,,,,,,,,,,,,,,,,,,,,,,,,,,,,,,,,,,,,,,,,,,,,,,,,,,,,,,,,,,,,,,,,,,,,,,,,,,,,,,,,,,,,,,,,,,,
0,15,28,"{'x': 566.8499411810418, 'y': 214.26476565184217, 'elapsedTime': 56578.200000047684}",936748080169,5206483937,POINT (0.2952343443651259 0.1983933015294835),,,,,,,,,,,,,,,,,,,,,,,,,,,,,,,,,,,,,,,,,,,,,,,,,,,,,,,,,,,,,,,,,,,,,,,,,,,,,,,,,,,,,,,,,,,,,,,,,,,,,
0,15,28,"{'x': 554.8932568684223, 'y': 196.01213347283732, 'elapsedTime': 56632.39999997616}",936748096836,5206500603,POINT (0.2890069046189699 0.1814927161785531),,,,,,,,,,,,,,,,,,,,,,,,,,,,,,,,,,,,,,,,,,,,,,,,,,,,,,,,,,,,,,,,,,,,,,,,,,,,,,,,,,,,,,,,,,,,,,,,,,,,,
0,15,28,"{'x': 554.8932568684223, 'y': 196.01213347283732, 'elapsedTime': 56632.39999997616}",936748113503,5206517270,POINT (0.2890069046189699 0.1814927161785531),,,,,,,,,,,,,,,,,,,,,,,,,,,,,,,,,,,,,,,,,,,,,,,,,,,,,,,,,,,,,,,,,,,,,,,,,,,,,,,,,,,,,,,,,,,,,,,,,,,,,
0,15,28,"{'x': 554.8932568684223, 'y': 196.01213347283732, 'elapsedTime': 56632.39999997616}",936748130170,5206533936,POINT (0.2890069046189699 0.1814927161785531),,,,,,,,,,,,,,,,,,,,,,,,,,,,,,,,,,,,,,,,,,,,,,,,,,,,,,,,,,,,,,,,,,,,,,,,,,,,,,,,,,,,,,,,,,,,,,,,,,,,,
0,15,28,"{'x': 556.5242705233725, 'y': 170.93423580193374, 'elapsedTime': 56677.60000002384}",936748146837,5206550603,POINT (0.2898563908975899 0.158272440557346),,,,,,,,,,,,,,,,,,,,,,,,,,,,,,,,,,,,,,,,,,,,,,,,,,,,,,,,,,,,,,,,,,,,,,,,,,,,,,,,,,,,,,,,,,,,,,,,,,,1,,
0,15,28,"{'x': 556.5242705233725, 'y': 170.93423580193374, 'elapsedTime': 56677.60000002384}",936748163505,5206567270,POINT (0.2898563908975899 0.158272440557346),,,,,,,,,,,,,,,,,,,,,,,,,,,,,,,,,,,,,,,,,,,,,,,,,,,,,,,,,,,,,,,,,,,,,,,,,,,,,,,,,,,,,,,,,,,,,,,,,,,1,,
0,15,28,"{'x': 556.5242705233725, 'y': 170.93423580193374, 'elapsedTime': 56677.60000002384}",936748180171,5206583936,POINT (0.2898563908975899 0.158272440557346),,,,,,,,,,,,,,,,,,,,,,,,,,,,,,,,,,,,,,,,,,,,,,,,,,,,,,,,,,,,,,,,,,,,,,,,,,,,,,,,,,,,,,,,,,,,,,,,,,,1,,
0,15,28,"{'x': 483.3137528113651, 'y': 226.49255041523108, 'elapsedTime': 56724}",936748196840,5206600605,POINT (0.251725912922586 0.2097153244585473),,,,,,,,,,,,,,,,,,,,,,,,,,,,,,,,,,,,,,,,,,,,,,,,,,,,,,,,,,,,,,,,,,,,,,,,,,,,,,,,,,,,,,,,,,,,,,,,,,,,,
0,15,28,"{'x': 483.3137528113651, 'y': 226.49255041523108, 'elapsedTime': 56724}",936748213507,5206617271,POINT (0.251725912922586 0.2097153244585473),,,,,,,,,,,,,,,,,,,,,,,,,,,,,,,,,,,,,,,,,,,,,,,,,,,,,,,,,,,,,,,,,,,,,,,,,,,,,,,,,,,,,,,,,,,,,,,,,,,,,
0,15,28,"{'x': 525.2149749406922, 'y': 215.94218305600836, 'elapsedTime': 56771.5}",936748230174,5206633938,POINT (0.2735494661149438 0.1999464657926003),,,,,,,,,,,,,,,,,,,,,,,,,,,,,,,,1,,,,,,,,,,,,,,,,,,,,,,,,,,,,,,,,,,,,,,,,,,,,,,,,,,,,,,,,,,,,,,,,,,,,,
0,15,28,"{'x': 525.2149749406922, 'y': 215.94218305600836, 'elapsedTime': 56771.5}",936748246842,5206650605,POINT (0.2735494661149438 0.1999464657926003),,,,,,,,,,,,,,,,,,,,,,,,,,,,,,,,1,,,,,,,,,,,,,,,,,,,,,,,,,,,,,,,,,,,,,,,,,,,,,,,,,,,,,,,,,,,,,,,,,,,,,
0,15,28,"{'x': 525.2149749406922, 'y': 215.94218305600836, 'elapsedTime': 56771.5}",936748263508,5206667271,POINT (0.2735494661149438 0.1999464657926003),,,,,,,,,,,,,,,,,,,,,,,,,,,,,,,,1,,,,,,,,,,,,,,,,,,,,,,,,,,,,,,,,,,,,,,,,,,,,,,,,,,,,,,,,,,,,,,,,,,,,,
0,15,28,"{'x': 526.4515754710893, 'y': 201.03419847337332, 'elapsedTime': 56821.300000071526}",936748280176,5206683938,POINT (0.2741935288911924 0.1861427763642346),,,,,,,,,,,,,,,,,,,,,,,,,,,,,,,,,,,,,,,,,,,,,,,,,,,,,,,,,,,,,,,,,,,,,,,,,,,,,,,,,,,,,,,,,,,,,,,,,,,,,
0,15,28,"{'x': 526.4515754710893, 'y': 201.03419847337332, 'elapsedTime': 56821.300000071526}",936748296843,5206700605,POINT (0.2741935288911924 0.1861427763642346),,,,,,,,,,,,,,,,,,,,,,,,,,,,,,,,,,,,,,,,,,,,,,,,,,,,,,,,,,,,,,,,,,,,,,,,,,,,,,,,,,,,,,,,,,,,,,,,,,,,,
0,15,28,"{'x': 526.4515754710893, 'y': 201.03419847337332, 'elapsedTime': 56821.300000071526}",936748313510,5206717271,POINT (0.2741935288911924 0.1861427763642346),,,,,,,,,,,,,,,,,,,,,,,,,,,,,,,,,,,,,,,,,,,,,,,,,,,,,,,,,,,,,,,,,,,,,,,,,,,,,,,,,,,,,,,,,,,,,,,,,,,,,
0,15,28,"{'x': 453.49191335374826, 'y': 159.8974524022973, 'elapsedTime': 56871}",936748330186,5206733947,POINT (0.2361937048717439 0.1480531966687938),,,,,,,,,,,,,,,,,,,,,,,,,,,,,,,,,,,,,,,,,,,,,,,,,,,,,,,,,,,,,,,,,,,,,,,,,,,,,,,,,,,,,,,,,,,,,,,,,,,1,,
0,15,28,"{'x': 453.49191335374826, 'y': 159.8974524022973, 'elapsedTime': 56871}",936748346854,5206750614,POINT (0.2361937048717439 0.1480531966687938),,,,,,,,,,,,,,,,,,,,,,,,,,,,,,,,,,,,,,,,,,,,,,,,,,,,,,,,,,,,,,,,,,,,,,,,,,,,,,,,,,,,,,,,,,,,,,,,,,,1,,
0,15,28,"{'x': 453.49191335374826, 'y': 159.8974524022973, 'elapsedTime': 56871}",936748363521,5206767281,POINT (0.2361937048717439 0.1480531966687938),,,,,,,,,,,,,,,,,,,,,,,,,,,,,,,,,,,,,,,,,,,,,,,,,,,,,,,,,,,,,,,,,,,,,,,,,,,,,,,,,,,,,,,,,,,,,,,,,,,1,,
0,15,28,"{'x': 455.8441928677057, 'y': 214.52360205307554, 'elapsedTime': 56917}",936748380188,5206783947,POINT (0.2374188504519301 0.1986329648639588),,,,,,,,,,,,,,,,,,,,,,,,,,,,,,,,,,,,,,,,,,,,,,,,,,,,,,,,,,,,,,,,,,,,,,,,,,,,,,,,,,,,,,,,,,,,,,,,,,,,,
0,15,28,"{'x': 455.8441928677057, 'y': 214.52360205307554, 'elapsedTime': 56917}",936748396855,5206800614,POINT (0.2374188504519301 0.1986329648639588),,,,,,,,,,,,,,,,,,,,,,,,,,,,,,,,,,,,,,,,,,,,,,,,,,,,,,,,,,,,,,,,,,,,,,,,,,,,,,,,,,,,,,,,,,,,,,,,,,,,,
0,15,28,"{'x': 436.78274851683545, 'y': 227.7036381037699, 'elapsedTime': 56962.10000002384}",936748413523,5206817281,POINT (0.2274910148525185 0.2108367019479351),,,,,,,,,,,,,,,,,,,,,,,,,,,,,,,,,,,,,,,,,,,,,,,,,,,,,,,,,,,,,,,,,,,,,,,,,,,,,,,,,,,,,,,,,,,,,,,,,,,,,
0,15,28,"{'x': 436.78274851683545, 'y': 227.7036381037699, 'elapsedTime': 56962.10000002384}",936748430189,5206833947,POINT (0.2274910148525185 0.2108367019479351),,,,,,,,,,,,,,,,,,,,,,,,,,,,,,,,,,,,,,,,,,,,,,,,,,,,,,,,,,,,,,,,,,,,,,,,,,,,,,,,,,,,,,,,,,,,,,,,,,,,,
0,15,28,"{'x': 436.78274851683545, 'y': 227.7036381037699, 'elapsedTime': 56962.10000002384}",936748446857,5206850614,POINT (0.2274910148525185 0.2108367019479351),,,,,,,,,,,,,,,,,,,,,,,,,,,,,,,,,,,,,,,,,,,,,,,,,,,,,,,,,,,,,,,,,,,,,,,,,,,,,,,,,,,,,,,,,,,,,,,,,,,,,
0,15,28,"{'x': 454.4834075943674, 'y': 242.03729734589155, 'elapsedTime': 57006.800000071526}",936748463524,5206867281,POINT (0.2367101081220664 0.2241086086536033),,,,,,,,,,,,,,,,,,,,,,,,,,,,,,,,,,,,,,,,,,,,,,,,,,,,,,,,,,,,,,,,,,,,,,,,,,,,,,,,,,,,,,,,,,,,,,,,,,,,1,
0,15,28,"{'x': 454.4834075943674, 'y': 242.03729734589155, 'elapsedTime': 57006.800000071526}",936748480192,5206883948,POINT (0.2367101081220664 0.2241086086536033),,,,,,,,,,,,,,,,,,,,,,,,,,,,,,,,,,,,,,,,,,,,,,,,,,,,,,,,,,,,,,,,,,,,,,,,,,,,,,,,,,,,,,,,,,,,,,,,,,,,1,
0,15,28,"{'x': 454.4834075943674, 'y': 242.03729734589155, 'elapsedTime': 57006.800000071526}",936748496859,5206900615,POINT (0.2367101081220664 0.2241086086536033),,,,,,,,,,,,,,,,,,,,,,,,,,,,,,,,,,,,,,,,,,,,,,,,,,,,,,,,,,,,,,,,,,,,,,,,,,,,,,,,,,,,,,,,,,,,,,,,,,,,1,
0,15,28,"{'x': 447.0442627905461, 'y': 288.3152369575496, 'elapsedTime': 57051.60000002384}",936748513527,5206917282,POINT (0.2328355535367428 0.2669585527384718),,,,,,,,,,,,,,,,,,,,,,,,,,,,,,,,,,,,,,,,,,,,,,,,,,,,,,,,,,,,,,,,,,,,,,,,,,,,,,,,,,,,,,,,,,,,,,,,,,,,,
0,15,28,"{'x': 447.0442627905461, 'y': 288.3152369575496, 'elapsedTime': 57051.60000002384}",936748530193,5206933948,POINT (0.2328355535367428 0.2669585527384718),,,,,,,,,,,,,,,,,,,,,,,,,,,,,,,,,,,,,,,,,,,,,,,,,,,,,,,,,,,,,,,,,,,,,,,,,,,,,,,,,,,,,,,,,,,,,,,,,,,,,
0,15,28,"{'x': 447.0442627905461, 'y': 288.3152369575496, 'elapsedTime': 57051.60000002384}",936748546860,5206950614,POINT (0.2328355535367428 0.2669585527384718),,,,,,,,,,,,,,,,,,,,,,,,,,,,,,,,,,,,,,,,,,,,,,,,,,,,,,,,,,,,,,,,,,,,,,,,,,,,,,,,,,,,,,,,,,,,,,,,,,,,,
0,15,28,"{'x': 430.0344206872676, 'y': 343.7768388864528, 'elapsedTime': 57099.5}",936748563528,5206967282,POINT (0.2239762607746186 0.3183118878578267),,,,,,,,,,,,,,,,,,,,,,,,,,,,,,,,,,,,,,,,,,,,,,,,,,,,,,,,,,,,,,,,,,,,,,,,,,,,,,,,,,,,,,,,,,,,,,,,,,,,,
0,15,28,"{'x': 430.0344206872676, 'y': 343.7768388864528, 'elapsedTime': 57099.5}",936748580195,5206983948,POINT (0.2239762607746186 0.3183118878578267),,,,,,,,,,,,,,,,,,,,,,,,,,,,,,,,,,,,,,,,,,,,,,,,,,,,,,,,,,,,,,,,,,,,,,,,,,,,,,,,,,,,,,,,,,,,,,,,,,,,,
0,15,28,"{'x': 430.0344206872676, 'y': 343.7768388864528, 'elapsedTime': 57099.5}",936748596868,5207000621,POINT (0.2239762607746186 0.3183118878578267),,,,,,,,,,,,,,,,,,,,,,,,,,,,,,,,,,,,,,,,,,,,,,,,,,,,,,,,,,,,,,,,,,,,,,,,,,,,,,,,,,,,,,,,,,,,,,,,,,,,,
0,15,28,"{'x': 439.960423158107, 'y': 350.3474388822817, 'elapsedTime': 57151.300000071526}",936748613536,5207017288,POINT (0.2291460537281807 0.3243957767428535),,,,,,,,,,,,,,,,,,,,,,,,,,,,,,,,,,,,,,,,,,,,,,,,,,,,,,,,,,,,,,,,,,,,,,,,,,,,,,,,,,,,,,,,,,,,,,,,,,,,,
0,15,28,"{'x': 439.960423158107, 'y': 350.3474388822817, 'elapsedTime': 57151.300000071526}",936748630202,5207033954,POINT (0.2291460537281807 0.3243957767428535),,,,,,,,,,,,,,,,,,,,,,,,,,,,,,,,,,,,,,,,,,,,,,,,,,,,,,,,,,,,,,,,,,,,,,,,,,,,,,,,,,,,,,,,,,,,,,,,,,,,,
0,15,28,"{'x': 439.960423158107, 'y': 350.3474388822817, 'elapsedTime': 57151.300000071526}",936748646870,5207050621,POINT (0.2291460537281807 0.3243957767428535),,,,,,,,,,,,,,,,,,,,,,,,,,,,,,,,,,,,,,,,,,,,,,,,,,,,,,,,,,,,,,,,,,,,,,,,,,,,,,,,,,,,,,,,,,,,,,,,,,,,,
0,15,28,"{'x': 447.82030045072804, 'y': 348.1186895287841, 'elapsedTime': 57203.800000071526}",936748663536,5207067287,POINT (0.2332397398180875 0.3223321199340594),,,,,,,,,,,,,,,,,,,,,,,,,,,,,,,,,,,,,,,,,,,,,,,,,,,,,,,,,,,,,,,,,,,,,,,,,,,,,,,,,,,,,,,,,,,,,,,,,,,,,
0,15,28,"{'x': 447.82030045072804, 'y': 348.1186895287841, 'elapsedTime': 57203.800000071526}",936748680204,5207083954,POINT (0.2332397398180875 0.3223321199340594),,,,,,,,,,,,,,,,,,,,,,,,,,,,,,,,,,,,,,,,,,,,,,,,,,,,,,,,,,,,,,,,,,,,,,,,,,,,,,,,,,,,,,,,,,,,,,,,,,,,,
0,15,28,"{'x': 447.82030045072804, 'y': 348.1186895287841, 'elapsedTime': 57203.800000071526}",936748696871,5207100621,POINT (0.2332397398180875 0.3223321199340594),,,,,,,,,,,,,,,,,,,,,,,,,,,,,,,,,,,,,,,,,,,,,,,,,,,,,,,,,,,,,,,,,,,,,,,,,,,,,,,,,,,,,,,,,,,,,,,,,,,,,
0,15,28,"{'x': 456.7462176140391, 'y': 390.4318524333619, 'elapsedTime': 57249.5}",936748713539,5207117288,POINT (0.237888655007312 0.3615109744753351),,,,,,,,,,,,,,,,,,,,,,,,,,,,,,,,,,,,,,,,,,,,,,,,,,,,,,,,,,,,,,,,,,,,,,,,,,,,,,,,,,,,,,,,,,,,,,,,,,,,,
0,15,28,"{'x': 456.7462176140391, 'y': 390.4318524333619, 'elapsedTime': 57249.5}",936748730208,5207133957,POINT (0.237888655007312 0.3615109744753351),,,,,,,,,,,,,,,,,,,,,,,,,,,,,,,,,,,,,,,,,,,,,,,,,,,,,,,,,,,,,,,,,,,,,,,,,,,,,,,,,,,,,,,,,,,,,,,,,,,,,
0,15,28,"{'x': 456.7462176140391, 'y': 390.4318524333619, 'elapsedTime': 57249.5}",936748746875,5207150624,POINT (0.237888655007312 0.3615109744753351),,,,,,,,,,,,,,,,,,,,,,,,,,,,,,,,,,,,,,,,,,,,,,,,,,,,,,,,,,,,,,,,,,,,,,,,,,,,,,,,,,,,,,,,,,,,,,,,,,,,,
0,15,28,"{'x': 398.5560483589246, 'y': 432.192059761658, 'elapsedTime': 57298.39999997616}",936748763543,5207167291,POINT (0.2075812751869399 0.4001778331126463),,,,,,,,,,,,,,,,,,,,,,,,,,,,,,,,,,,,,,,,,,,,,,,,,,,,,,,,,,,,,,,,,,,,,,,,,,,,,,,,,,,,,,,,,,,,,,,,,,,,,
0,15,28,"{'x': 398.5560483589246, 'y': 432.192059761658, 'elapsedTime': 57298.39999997616}",936748780209,5207183957,POINT (0.2075812751869399 0.4001778331126463),,,,,,,,,,,,,,,,,,,,,,,,,,,,,,,,,,,,,,,,,,,,,,,,,,,,,,,,,,,,,,,,,,,,,,,,,,,,,,,,,,,,,,,,,,,,,,,,,,,,,
0,15,28,"{'x': 398.5560483589246, 'y': 432.192059761658, 'elapsedTime': 57298.39999997616}",936748796877,5207200624,POINT (0.2075812751869399 0.4001778331126463),,,,,,,,,,,,,,,,,,,,,,,,,,,,,,,,,,,,,,,,,,,,,,,,,,,,,,,,,,,,,,,,,,,,,,,,,,,,,,,,,,,,,,,,,,,,,,,,,,,,,
0,15,28,"{'x': 431.75552708562753, 'y': 414.633673374581, 'elapsedTime': 57346.60000002384}",936748813544,5207217291,POINT (0.2248726703570977 0.3839200679394268),,,,,,,,,,,,,,,,,,,,,,,,,,,,,,,,,,,,,,,,,,,,,,,,,,,,,,,,,,,,,,,,,,,,,,,,,,,,,,,,,,,,,,,,,,,,,,,,,,,,,
0,15,28,"{'x': 431.75552708562753, 'y': 414.633673374581, 'elapsedTime': 57346.60000002384}",936748830211,5207233957,POINT (0.2248726703570977 0.3839200679394268),,,,,,,,,,,,,,,,,,,,,,,,,,,,,,,,,,,,,,,,,,,,,,,,,,,,,,,,,,,,,,,,,,,,,,,,,,,,,,,,,,,,,,,,,,,,,,,,,,,,,
0,15,28,"{'x': 431.75552708562753, 'y': 414.633673374581, 'elapsedTime': 57346.60000002384}",936748846878,5207250624,POINT (0.2248726703570977 0.3839200679394268),,,,,,,,,,,,,,,,,,,,,,,,,,,,,,,,,,,,,,,,,,,,,,,,,,,,,,,,,,,,,,,,,,,,,,,,,,,,,,,,,,,,,,,,,,,,,,,,,,,,,
0,15,28,"{'x': 389.6990811600556, 'y': 478.94466274762436, 'elapsedTime': 57400.60000002384}",936748863548,5207267293,POINT (0.202968271437529 0.4434672803218744),,,,,,,,,,,,,,,,,,,,,,,,,,,,,,,,,,,,,,,,,,,,,,,,,,,,,,,,,,,,,,,,,,,,,,,,,,,,,,,,,,,,,,,,,,,,,,,,,,,,,
0,15,28,"{'x': 389.6990811600556, 'y': 478.94466274762436, 'elapsedTime': 57400.60000002384}",936748880215,5207283960,POINT (0.202968271437529 0.4434672803218744),,,,,,,,,,,,,,,,,,,,,,,,,,,,,,,,,,,,,,,,,,,,,,,,,,,,,,,,,,,,,,,,,,,,,,,,,,,,,,,,,,,,,,,,,,,,,,,,,,,,,
0,15,28,"{'x': 389.6990811600556, 'y': 478.94466274762436, 'elapsedTime': 57400.60000002384}",936748896883,5207300627,POINT (0.202968271437529 0.4434672803218744),,,,,,,,,,,,,,,,,,,,,,,,,,,,,,,,,,,,,,,,,,,,,,,,,,,,,,,,,,,,,,,,,,,,,,,,,,,,,,,,,,,,,,,,,,,,,,,,,,,,,
0,15,28,"{'x': 350.9790108437941, 'y': 450.72051273072964, 'elapsedTime': 57445.60000002384}",936748913549,5207317293,POINT (0.1828015681478094 0.4173338080840089),,,,,,,,,,,,,,,,,,,,,,,,,,,,,,,,,,,,,,,,,,,,,,,,,,,,,,,,,,,,,,,,,,,,,,,,,,,,,,,,,,,,,,,,,,,,,,,,,,,,,
0,15,28,"{'x': 350.9790108437941, 'y': 450.72051273072964, 'elapsedTime': 57445.60000002384}",936748930217,5207333960,POINT (0.1828015681478094 0.4173338080840089),,,,,,,,,,,,,,,,,,,,,,,,,,,,,,,,,,,,,,,,,,,,,,,,,,,,,,,,,,,,,,,,,,,,,,,,,,,,,,,,,,,,,,,,,,,,,,,,,,,,,
0,15,28,"{'x': 361.8053245152225, 'y': 422.0538130463294, 'elapsedTime': 57490.800000071526}",936748946884,5207350627,POINT (0.1884402731850117 0.3907905676354902),,,,,,,,,,,,,,,,,,,,,,,,,,,,,,,,,,,,,,,,,,,,,,,,,,,,,,,,,,,,,,,,,,,,,,,,,,,,,,,,,,,,,,,,,,,,,,,,,,,,,
0,15,28,"{'x': 361.8053245152225, 'y': 422.0538130463294, 'elapsedTime': 57490.800000071526}",936748963551,5207367293,POINT (0.1884402731850117 0.3907905676354902),,,,,,,,,,,,,,,,,,,,,,,,,,,,,,,,,,,,,,,,,,,,,,,,,,,,,,,,,,,,,,,,,,,,,,,,,,,,,,,,,,,,,,,,,,,,,,,,,,,,,
0,15,28,"{'x': 361.8053245152225, 'y': 422.0538130463294, 'elapsedTime': 57490.800000071526}",936748980217,5207383959,POINT (0.1884402731850117 0.3907905676354902),,,,,,,,,,,,,,,,,,,,,,,,,,,,,,,,,,,,,,,,,,,,,,,,,,,,,,,,,,,,,,,,,,,,,,,,,,,,,,,,,,,,,,,,,,,,,,,,,,,,,
0,15,28,"{'x': 380.17021604534574, 'y': 435.7557119907373, 'elapsedTime': 57535.89999997616}",936748996892,5207400633,POINT (0.1980053208569509 0.4034775111025346),,,,,,,,,,,,,,,,,,,,,,,,,,,,,,,,,,,,,,,,,,,,,,,,,,,,,,,,,,,,,,,,,,,,,,,,,,,,,,,,,,,,,,,,,,,,,,,,,,,,,
0,15,28,"{'x': 380.17021604534574, 'y': 435.7557119907373, 'elapsedTime': 57535.89999997616}",936749013559,5207417300,POINT (0.1980053208569509 0.4034775111025346),,,,,,,,,,,,,,,,,,,,,,,,,,,,,,,,,,,,,,,,,,,,,,,,,,,,,,,,,,,,,,,,,,,,,,,,,,,,,,,,,,,,,,,,,,,,,,,,,,,,,
0,15,28,"{'x': 380.17021604534574, 'y': 435.7557119907373, 'elapsedTime': 57535.89999997616}",936749030227,5207433967,POINT (0.1980053208569509 0.4034775111025346),,,,,,,,,,,,,,,,,,,,,,,,,,,,,,,,,,,,,,,,,,,,,,,,,,,,,,,,,,,,,,,,,,,,,,,,,,,,,,,,,,,,,,,,,,,,,,,,,,,,,
0,15,28,"{'x': 402.42833248511437, 'y': 379.172310048016, 'elapsedTime': 57582.60000002384}",936749046893,5207450633,POINT (0.2095980898359971 0.3510854722666815),,,,,,,,,,,,,,,,,,,,,,,,,,,,,,,,,,,,,,,,,,,,,,,,,,,,,,,,,,,,,,,,,,,,,,,,,,,,,,,,,,,,,,,,,,,,,,,,,,,,,
0,15,28,"{'x': 402.42833248511437, 'y': 379.172310048016, 'elapsedTime': 57582.60000002384}",936749063561,5207467300,POINT (0.2095980898359971 0.3510854722666815),,,,,,,,,,,,,,,,,,,,,,,,,,,,,,,,,,,,,,,,,,,,,,,,,,,,,,,,,,,,,,,,,,,,,,,,,,,,,,,,,,,,,,,,,,,,,,,,,,,,,
0,15,28,"{'x': 402.42833248511437, 'y': 379.172310048016, 'elapsedTime': 57582.60000002384}",936749080228,5207483967,POINT (0.2095980898359971 0.3510854722666815),,,,,,,,,,,,,,,,,,,,,,,,,,,,,,,,,,,,,,,,,,,,,,,,,,,,,,,,,,,,,,,,,,,,,,,,,,,,,,,,,,,,,,,,,,,,,,,,,,,,,
0,15,28,"{'x': 434.0540120070259, 'y': 358.02439764327875, 'elapsedTime': 57642}",936749096896,5207500634,POINT (0.226069797920326 0.3315040718919248),,,,,,,,,,,,,,,,,,,,,,,,,,,,,,,,,,,,,,,,,,,,,,,,,,,,,,,,,,,,,,,,,,,,,,,,,,,,,,,,,,,,,,,,,,,,,,,,,,,,,
0,15,28,"{'x': 434.0540120070259, 'y': 358.02439764327875, 'elapsedTime': 57642}",936749113565,5207517303,POINT (0.226069797920326 0.3315040718919248),,,,,,,,,,,,,,,,,,,,,,,,,,,,,,,,,,,,,,,,,,,,,,,,,,,,,,,,,,,,,,,,,,,,,,,,,,,,,,,,,,,,,,,,,,,,,,,,,,,,,
0,15,28,"{'x': 434.0540120070259, 'y': 358.02439764327875, 'elapsedTime': 57642}",936749130233,5207533970,POINT (0.226069797920326 0.3315040718919248),,,,,,,,,,,,,,,,,,,,,,,,,,,,,,,,,,,,,,,,,,,,,,,,,,,,,,,,,,,,,,,,,,,,,,,,,,,,,,,,,,,,,,,,,,,,,,,,,,,,,
0,15,28,"{'x': 429.98035155058443, 'y': 340.8969370907426, 'elapsedTime': 57688.10000002384}",936749146899,5207550636,POINT (0.2239480997659294 0.315645312121058),,,,,,,,,,,,,,,,,,,,,,,,,,,,,,,,,,,,,,,,,,,,,,,,,,,,,,,,,,,,,,,,,,,,,,,,,,,,,,,,,,,,,,,,,,,,,,,,,,,,,
0,15,28,"{'x': 429.98035155058443, 'y': 340.8969370907426, 'elapsedTime': 57688.10000002384}",936749163567,5207567303,POINT (0.2239480997659294 0.315645312121058),,,,,,,,,,,,,,,,,,,,,,,,,,,,,,,,,,,,,,,,,,,,,,,,,,,,,,,,,,,,,,,,,,,,,,,,,,,,,,,,,,,,,,,,,,,,,,,,,,,,,
0,15,28,"{'x': 429.98035155058443, 'y': 340.8969370907426, 'elapsedTime': 57688.10000002384}",936749180233,5207583969,POINT (0.2239480997659294 0.315645312121058),,,,,,,,,,,,,,,,,,,,,,,,,,,,,,,,,,,,,,,,,,,,,,,,,,,,,,,,,,,,,,,,,,,,,,,,,,,,,,,,,,,,,,,,,,,,,,,,,,,,,
0,15,28,"{'x': 457.81025726532164, 'y': 278.0690865357603, 'elapsedTime': 57734.89999997616}",936749196901,5207600636,POINT (0.2384428423256884 0.2574713764220002),,,,,,,,,,,,,,,,,,,,,,,,,,,,,,,,,,,,,,,,,,,,,,,,,,,,,,,,,,,,,,,,,,,,,,,,,,,,,,,,,,,,,,,,,,,,,,,,,,,,1,
0,15,28,"{'x': 457.81025726532164, 'y': 278.0690865357603, 'elapsedTime': 57734.89999997616}",936749213568,5207617303,POINT (0.2384428423256884 0.2574713764220002),,,,,,,,,,,,,,,,,,,,,,,,,,,,,,,,,,,,,,,,,,,,,,,,,,,,,,,,,,,,,,,,,,,,,,,,,,,,,,,,,,,,,,,,,,,,,,,,,,,,1,
0,15,28,"{'x': 457.81025726532164, 'y': 278.0690865357603, 'elapsedTime': 57734.89999997616}",936749230236,5207633970,POINT (0.2384428423256884 0.2574713764220002),,,,,,,,,,,,,,,,,,,,,,,,,,,,,,,,,,,,,,,,,,,,,,,,,,,,,,,,,,,,,,,,,,,,,,,,,,,,,,,,,,,,,,,,,,,,,,,,,,,,1,
0,15,28,"{'x': 527.0195844026576, 'y': 222.94571656021037, 'elapsedTime': 57780.300000071526}",936749246911,5207650645,POINT (0.2744893668763842 0.2064312190372318),,,,,,,,,,,,,,,,,,,,,,,,,,,,,,,,,,,,,,,,,,,,,,,,,,,,,,,,,,,,,,,,,,,,,,,,,,,,,,,,,,,,,,,,,,,,,,,,,,,,,
0,15,28,"{'x': 527.0195844026576, 'y': 222.94571656021037, 'elapsedTime': 57780.300000071526}",936749263579,5207667312,POINT (0.2744893668763842 0.2064312190372318),,,,,,,,,,,,,,,,,,,,,,,,,,,,,,,,,,,,,,,,,,,,,,,,,,,,,,,,,,,,,,,,,,,,,,,,,,,,,,,,,,,,,,,,,,,,,,,,,,,,,
0,15,28,"{'x': 527.0195844026576, 'y': 222.94571656021037, 'elapsedTime': 57780.300000071526}",936749280245,5207683978,POINT (0.2744893668763842 0.2064312190372318),,,,,,,,,,,,,,,,,,,,,,,,,,,,,,,,,,,,,,,,,,,,,,,,,,,,,,,,,,,,,,,,,,,,,,,,,,,,,,,,,,,,,,,,,,,,,,,,,,,,,
0,15,28,"{'x': 495.92022146908016, 'y': 181.35808844975105, 'elapsedTime': 57836.200000047684}",936749296912,5207700645,POINT (0.2582917820151459 0.1679241559719917),,,,,,,,,,,,,,,,,,,,,,,,,,,,,,,,,,,,,,,,,,,,,,,,,,,,,,,,,,,,,,,,,,,,,,,,,,,,,,,,,,,,,,,,,,,,,,,,,,,,,
0,15,28,"{'x': 495.92022146908016, 'y': 181.35808844975105, 'elapsedTime': 57836.200000047684}",936749313580,5207717312,POINT (0.2582917820151459 0.1679241559719917),,,,,,,,,,,,,,,,,,,,,,,,,,,,,,,,,,,,,,,,,,,,,,,,,,,,,,,,,,,,,,,,,,,,,,,,,,,,,,,,,,,,,,,,,,,,,,,,,,,,,
0,15,28,"{'x': 495.92022146908016, 'y': 181.35808844975105, 'elapsedTime': 57836.200000047684}",936749330246,5207733978,POINT (0.2582917820151459 0.1679241559719917),,,,,,,,,,,,,,,,,,,,,,,,,,,,,,,,,,,,,,,,,,,,,,,,,,,,,,,,,,,,,,,,,,,,,,,,,,,,,,,,,,,,,,,,,,,,,,,,,,,,,
0,15,28,"{'x': 435.2778765631939, 'y': 233.1018600624188, 'elapsedTime': 57884.200000047684}",936749346914,5207750645,POINT (0.2267072273766635 0.2158350556133508),,,,,,,,,,,,,,,,,,,,,,,,,,,,,,,,,,,,,,,,,,,,,,,,,,,,,,,,,,,,,,,,,,,,,,,,,,,,,,,,,,,,,,,,,,,,,,,,,,,,1,
0,15,28,"{'x': 446.6289950532212, 'y': 259.0643737546954, 'elapsedTime': 57931.39999997616}",936749363581,5207767312,POINT (0.2326192682568861 0.2398744201432365),,,,,,,,,,,,,,,,,,,,,,,,,,,,,,,,,,,,,,,,,,,,,,,,,,,,,,,,,,,,,,,,,,,,,,,,,,,,,,,,,,,,,,,,,,,,,,,,,,,,1,
0,15,28,"{'x': 446.6289950532212, 'y': 259.0643737546954, 'elapsedTime': 57931.39999997616}",936749380250,5207783980,POINT (0.2326192682568861 0.2398744201432365),,,,,,,,,,,,,,,,,,,,,,,,,,,,,,,,,,,,,,,,,,,,,,,,,,,,,,,,,,,,,,,,,,,,,,,,,,,,,,,,,,,,,,,,,,,,,,,,,,,,1,
0,15,28,"{'x': 446.6289950532212, 'y': 259.0643737546954, 'elapsedTime': 57931.39999997616}",936749396916,5207800646,POINT (0.2326192682568861 0.2398744201432365),,,,,,,,,,,,,,,,,,,,,,,,,,,,,,,,,,,,,,,,,,,,,,,,,,,,,,,,,,,,,,,,,,,,,,,,,,,,,,,,,,,,,,,,,,,,,,,,,,,,1,
0,15,28,"{'x': 446.6289950532212, 'y': 259.0643737546954, 'elapsedTime': 57931.39999997616}",936749413584,5207817313,POINT (0.2326192682568861 0.2398744201432365),,,,,,,,,,,,,,,,,,,,,,,,,,,,,,,,,,,,,,,,,,,,,,,,,,,,,,,,,,,,,,,,,,,,,,,,,,,,,,,,,,,,,,,,,,,,,,,,,,,,1,
0,15,28,"{'x': 446.6289950532212, 'y': 259.0643737546954, 'elapsedTime': 57931.39999997616}",936749430251,5207833980,POINT (0.2326192682568861 0.2398744201432365),,,,,,,,,,,,,,,,,,,,,,,,,,,,,,,,,,,,,,,,,,,,,,,,,,,,,,,,,,,,,,,,,,,,,,,,,,,,,,,,,,,,,,,,,,,,,,,,,,,,1,
0,15,28,"{'x': 328.7678500266042, 'y': 227.8088217161695, 'elapsedTime': 57977.10000002384}",936749446918,5207850646,POINT (0.1712332552221897 0.2109340941816384),,,,,,,,,,,,,,,,,,,,,,,,,,,,,,,,,,,,,,,,,,,,,,,,,,,,,,,,,,,,,,,,,,,,,,,,,,,,,,,,,,,,,,,,,,,,,,,,,,,,,
0,15,28,"{'x': 328.7678500266042, 'y': 227.8088217161695, 'elapsedTime': 57977.10000002384}",936749463585,5207867313,POINT (0.1712332552221897 0.2109340941816384),,,,,,,,,,,,,,,,,,,,,,,,,,,,,,,,,,,,,,,,,,,,,,,,,,,,,,,,,,,,,,,,,,,,,,,,,,,,,,,,,,,,,,,,,,,,,,,,,,,,,
0,15,28,"{'x': 323.31038883408877, 'y': 241.48761848872516, 'elapsedTime': 58024.60000002384}",936749480252,5207883979,POINT (0.1683908275177546 0.2235996467488196),,,,,,,,,,,,,,,,,,,,,,,,,,,,,,,,,,,,,,,,,,,,,,,,,,,,,,,,,,,,,,,,,,,,,,,,,,,,,,,,,,,,,,,,,,,,,,,,,,,,1,
0,15,28,"{'x': 323.31038883408877, 'y': 241.48761848872516, 'elapsedTime': 58024.60000002384}",936749496919,5207900646,POINT (0.1683908275177546 0.2235996467488196),,,,,,,,,,,,,,,,,,,,,,,,,,,,,,,,,,,,,,,,,,,,,,,,,,,,,,,,,,,,,,,,,,,,,,,,,,,,,,,,,,,,,,,,,,,,,,,,,,,,1,
0,15,28,"{'x': 323.31038883408877, 'y': 241.48761848872516, 'elapsedTime': 58024.60000002384}",936749513591,5207917317,POINT (0.1683908275177546 0.2235996467488196),,,,,,,,,,,,,,,,,,,,,,,,,,,,,,,,,,,,,,,,,,,,,,,,,,,,,,,,,,,,,,,,,,,,,,,,,,,,,,,,,,,,,,,,,,,,,,,,,,,,1,
0,15,28,"{'x': 368.81381947694774, 'y': 232.27702538197929, 'elapsedTime': 58071.10000002384}",936749530258,5207933984,POINT (0.192090530977577 0.215071319798129),,,,,,,,,,,,,,,,,,,,,,,,,,,,1,,,,,,,,,,,,,,,,,,,,,,,,,,,,,,,,,,,,,,,,,,,,,,,,,,,,,,,,,,,,,,,,,,,,,,,,1,
0,15,28,"{'x': 368.81381947694774, 'y': 232.27702538197929, 'elapsedTime': 58071.10000002384}",936749546925,5207950650,POINT (0.192090530977577 0.215071319798129),,,,,,,,,,,,,,,,,,,,,,,,,,,,1,,,,,,,,,,,,,,,,,,,,,,,,,,,,,,,,,,,,,,,,,,,,,,,,,,,,,,,,,,,,,,,,,,,,,,,,1,
0,15,28,"{'x': 368.81381947694774, 'y': 232.27702538197929, 'elapsedTime': 58071.10000002384}",936749563592,5207967317,POINT (0.192090530977577 0.215071319798129),,,,,,,,,,,,,,,,,,,,,,,,,,,,1,,,,,,,,,,,,,,,,,,,,,,,,,,,,,,,,,,,,,,,,,,,,,,,,,,,,,,,,,,,,,,,,,,,,,,,,1,
0,15,28,"{'x': 325.519264720865, 'y': 291.1437426178143, 'elapsedTime': 58116.39999997616}",936749580260,5207983984,POINT (0.1695412837087838 0.2695775394609392),,,,,,,,,,,,,,,,,,,,,,,,,,,,,,,,,,,,,,,,,,,,,,,,,,,,,,,,,,,,,,,,,,,,,,,,,,,,,,,,,,,,,,,,,,,,,,,,,,,,,
0,15,28,"{'x': 325.519264720865, 'y': 291.1437426178143, 'elapsedTime': 58116.39999997616}",936749596926,5208000650,POINT (0.1695412837087838 0.2695775394609392),,,,,,,,,,,,,,,,,,,,,,,,,,,,,,,,,,,,,,,,,,,,,,,,,,,,,,,,,,,,,,,,,,,,,,,,,,,,,,,,,,,,,,,,,,,,,,,,,,,,,
0,15,28,"{'x': 325.519264720865, 'y': 291.1437426178143, 'elapsedTime': 58116.39999997616}",936749613593,5208017316,POINT (0.1695412837087838 0.2695775394609392),,,,,,,,,,,,,,,,,,,,,,,,,,,,,,,,,,,,,,,,,,,,,,,,,,,,,,,,,,,,,,,,,,,,,,,,,,,,,,,,,,,,,,,,,,,,,,,,,,,,,
0,15,28,"{'x': 394.9289963996756, 'y': 322.07836020700853, 'elapsedTime': 58164.200000047684}",936749630260,5208033983,POINT (0.205692185624831 0.2982207038953782),,,,,,,,,,,,,,,,,,,,,,,,,,,,,,,,,,,,,,,,,,,,,,,,,,,,,,,,,,,,,,,,,,,,,,,,,,,,,,,,,,,,,,,,,,,,,,,,,,,,,
0,15,28,"{'x': 394.9289963996756, 'y': 322.07836020700853, 'elapsedTime': 58164.200000047684}",936749646933,5208050655,POINT (0.205692185624831 0.2982207038953782),,,,,,,,,,,,,,,,,,,,,,,,,,,,,,,,,,,,,,,,,,,,,,,,,,,,,,,,,,,,,,,,,,,,,,,,,,,,,,,,,,,,,,,,,,,,,,,,,,,,,
0,15,28,"{'x': 394.9289963996756, 'y': 322.07836020700853, 'elapsedTime': 58164.200000047684}",936749663600,5208067322,POINT (0.205692185624831 0.2982207038953782),,,,,,,,,,,,,,,,,,,,,,,,,,,,,,,,,,,,,,,,,,,,,,,,,,,,,,,,,,,,,,,,,,,,,,,,,,,,,,,,,,,,,,,,,,,,,,,,,,,,,
0,15,28,"{'x': 411.05905656684615, 'y': 295.96092681060975, 'elapsedTime': 58210}",936749680268,5208083989,POINT (0.2140932586285657 0.274037895195009),,,,,,,,,,,,,,,,,,,,,,,,,,,,,,,,,,,,,,,,,,,,,,,,,,,,,,,,,,,,,,,,,,,,,,,,,,,,,,,,,,,,,,,,,,,,,,,,,,,,,
0,15,28,"{'x': 411.05905656684615, 'y': 295.96092681060975, 'elapsedTime': 58210}",936749696934,5208100655,POINT (0.2140932586285657 0.274037895195009),,,,,,,,,,,,,,,,,,,,,,,,,,,,,,,,,,,,,,,,,,,,,,,,,,,,,,,,,,,,,,,,,,,,,,,,,,,,,,,,,,,,,,,,,,,,,,,,,,,,,
0,15,28,"{'x': 411.05905656684615, 'y': 295.96092681060975, 'elapsedTime': 58210}",936749713602,5208117322,POINT (0.2140932586285657 0.274037895195009),,,,,,,,,,,,,,,,,,,,,,,,,,,,,,,,,,,,,,,,,,,,,,,,,,,,,,,,,,,,,,,,,,,,,,,,,,,,,,,,,,,,,,,,,,,,,,,,,,,,,
0,15,28,"{'x': 403.0253133058116, 'y': 286.56491510430436, 'elapsedTime': 58256.89999997616}",936749730268,5208133988,POINT (0.2099090173467769 0.2653378843558374),,,,,,,,,,,,,,,,,,,,,,,,,,,,,,,,,,,,,,,,,,,,,,,,,,,,,,,,,,,,,,,,,,,,,,,,,,,,,,,,,,,,,,,,,,,,,,,,,,,,,
0,15,28,"{'x': 403.0253133058116, 'y': 286.56491510430436, 'elapsedTime': 58256.89999997616}",936749746936,5208150655,POINT (0.2099090173467769 0.2653378843558374),,,,,,,,,,,,,,,,,,,,,,,,,,,,,,,,,,,,,,,,,,,,,,,,,,,,,,,,,,,,,,,,,,,,,,,,,,,,,,,,,,,,,,,,,,,,,,,,,,,,,
0,15,28,"{'x': 403.0253133058116, 'y': 286.56491510430436, 'elapsedTime': 58256.89999997616}",936749763603,5208167322,POINT (0.2099090173467769 0.2653378843558374),,,,,,,,,,,,,,,,,,,,,,,,,,,,,,,,,,,,,,,,,,,,,,,,,,,,,,,,,,,,,,,,,,,,,,,,,,,,,,,,,,,,,,,,,,,,,,,,,,,,,
0,15,28,"{'x': 379.9388985843403, 'y': 252.68824211300677, 'elapsedTime': 58316.10000002384}",936749780271,5208183989,POINT (0.1978848430126772 0.2339705945490803),,,,,,,,,,,,,,,,,,,,,,,,,,,,,,,,,,,,,,,,,,,,,,,,,,1,,,,,,,,,,,,,,,,,,,,,,,,,,,,,,,,,,,,,,,,,,,,,,,,,,1,
0,15,28,"{'x': 379.9388985843403, 'y': 252.68824211300677, 'elapsedTime': 58316.10000002384}",936749796938,5208200656,POINT (0.1978848430126772 0.2339705945490803),,,,,,,,,,,,,,,,,,,,,,,,,,,,,,,,,,,,,,,,,,,,,,,,,,1,,,,,,,,,,,,,,,,,,,,,,,,,,,,,,,,,,,,,,,,,,,,,,,,,,1,
0,15,28,"{'x': 379.9388985843403, 'y': 252.68824211300677, 'elapsedTime': 58316.10000002384}",936749813605,5208217322,POINT (0.1978848430126772 0.2339705945490803),,,,,,,,,,,,,,,,,,,,,,,,,,,,,,,,,,,,,,,,,,,,,,,,,,1,,,,,,,,,,,,,,,,,,,,,,,,,,,,,,,,,,,,,,,,,,,,,,,,,,1,
0,15,28,"{'x': 490.54194433477187, 'y': 212.06823057386794, 'elapsedTime': 58362.300000071526}",936749830272,5208233989,POINT (0.2554905960076937 0.1963594727535814),,,,,,,,,,,,,,,,,,,,,,,,,,,,,,,,,,,,,,,,,,,,,,,,,,,,,,,,,,,,,,,,,,,,,,,,,,,,,,,,,,,,,,,,,,,,,,,,,,,,,
0,15,28,"{'x': 490.54194433477187, 'y': 212.06823057386794, 'elapsedTime': 58362.300000071526}",936749846939,5208250656,POINT (0.2554905960076937 0.1963594727535814),,,,,,,,,,,,,,,,,,,,,,,,,,,,,,,,,,,,,,,,,,,,,,,,,,,,,,,,,,,,,,,,,,,,,,,,,,,,,,,,,,,,,,,,,,,,,,,,,,,,,
0,15,28,"{'x': 550.8339699439368, 'y': 203.72308044731034, 'elapsedTime': 58407.10000002384}",936749863606,5208267322,POINT (0.2868926926791338 0.1886324818956577),,,,,,,,,,,,,,,,,,,,,,,,,,,,,,,,,,,,,,,,,,,,,,,,,,,,,,,,,,,,,,,,,,,,,,,,,,,,,,,,,,,,,,,,,,,,,,,,,,,,,
0,15,28,"{'x': 550.8339699439368, 'y': 203.72308044731034, 'elapsedTime': 58407.10000002384}",936749880274,5208283990,POINT (0.2868926926791338 0.1886324818956577),,,,,,,,,,,,,,,,,,,,,,,,,,,,,,,,,,,,,,,,,,,,,,,,,,,,,,,,,,,,,,,,,,,,,,,,,,,,,,,,,,,,,,,,,,,,,,,,,,,,,
0,15,28,"{'x': 550.8339699439368, 'y': 203.72308044731034, 'elapsedTime': 58407.10000002384}",936749896941,5208300656,POINT (0.2868926926791338 0.1886324818956577),,,,,,,,,,,,,,,,,,,,,,,,,,,,,,,,,,,,,,,,,,,,,,,,,,,,,,,,,,,,,,,,,,,,,,,,,,,,,,,,,,,,,,,,,,,,,,,,,,,,,
0,15,28,"{'x': 627.9465252016628, 'y': 181.54417816149265, 'elapsedTime': 58453.700000047684}",936749913617,5208317332,POINT (0.327055481875866 0.1680964612606413),,,,,,,,,,,,,,,,,,,,,,,,,,,,,,,,,,,,,,,,,,,,,,,,,,,,,,,,,,,,,,,,,,,,,,,,,,,,,,,,,,,,,,,,,,,,,,,,,,,1,,
0,15,28,"{'x': 627.9465252016628, 'y': 181.54417816149265, 'elapsedTime': 58453.700000047684}",936749930285,5208333999,POINT (0.327055481875866 0.1680964612606413),,,,,,,,,,,,,,,,,,,,,,,,,,,,,,,,,,,,,,,,,,,,,,,,,,,,,,,,,,,,,,,,,,,,,,,,,,,,,,,,,,,,,,,,,,,,,,,,,,,1,,
0,15,28,"{'x': 627.9465252016628, 'y': 181.54417816149265, 'elapsedTime': 58453.700000047684}",936749946952,5208350666,POINT (0.327055481875866 0.1680964612606413),,,,,,,,,,,,,,,,,,,,,,,,,,,,,,,,,,,,,,,,,,,,,,,,,,,,,,,,,,,,,,,,,,,,,,,,,,,,,,,,,,,,,,,,,,,,,,,,,,,1,,
0,15,28,"{'x': 584.8402841888702, 'y': 180.0280233867012, 'elapsedTime': 58500.300000071526}",936749963620,5208367333,POINT (0.3046043146817032 0.1666926142469455),,,,,,,,,,,,,,,,,,,,,,,,,,,,,,,,,,,,,,,,,,,,,,,,,,,,,,,,,,,,,,,,,,,,,,,,,,,,,,,,,,,,,,,,,,,,,,,,,,,1,,
0,15,28,"{'x': 584.8402841888702, 'y': 180.0280233867012, 'elapsedTime': 58500.300000071526}",936749980286,5208383999,POINT (0.3046043146817032 0.1666926142469455),,,,,,,,,,,,,,,,,,,,,,,,,,,,,,,,,,,,,,,,,,,,,,,,,,,,,,,,,,,,,,,,,,,,,,,,,,,,,,,,,,,,,,,,,,,,,,,,,,,1,,
0,15,28,"{'x': 584.8402841888702, 'y': 180.0280233867012, 'elapsedTime': 58500.300000071526}",936749996954,5208400666,POINT (0.3046043146817032 0.1666926142469455),,,,,,,,,,,,,,,,,,,,,,,,,,,,,,,,,,,,,,,,,,,,,,,,,,,,,,,,,,,,,,,,,,,,,,,,,,,,,,,,,,,,,,,,,,,,,,,,,,,1,,
0,15,28,"{'x': 579.929311641577, 'y': 222.45662582216974, 'elapsedTime': 58545.5}",936750013621,5208417333,POINT (0.302046516479988 0.2059783572427498),,,,,,,,,,,,,,,,,,,,,,,,,,,,,,,,,,,,,,,,,,,,,,,,,,,,,,,,,,,,,,,,,,,,,,,,,,,,,,,,,,,,,,,,,,,,,,,,,,,,,
0,15,28,"{'x': 579.929311641577, 'y': 222.45662582216974, 'elapsedTime': 58545.5}",936750030292,5208434003,POINT (0.302046516479988 0.2059783572427498),,,,,,,,,,,,,,,,,,,,,,,,,,,,,,,,,,,,,,,,,,,,,,,,,,,,,,,,,,,,,,,,,,,,,,,,,,,,,,,,,,,,,,,,,,,,,,,,,,,,,
0,15,28,"{'x': 579.929311641577, 'y': 222.45662582216974, 'elapsedTime': 58545.5}",936750046959,5208450670,POINT (0.302046516479988 0.2059783572427498),,,,,,,,,,,,,,,,,,,,,,,,,,,,,,,,,,,,,,,,,,,,,,,,,,,,,,,,,,,,,,,,,,,,,,,,,,,,,,,,,,,,,,,,,,,,,,,,,,,,,
0,15,28,"{'x': 579.929311641577, 'y': 222.45662582216974, 'elapsedTime': 58545.5}",936750063627,5208467337,POINT (0.302046516479988 0.2059783572427498),,,,,,,,,,,,,,,,,,,,,,,,,,,,,,,,,,,,,,,,,,,,,,,,,,,,,,,,,,,,,,,,,,,,,,,,,,,,,,,,,,,,,,,,,,,,,,,,,,,,,
0,15,28,"{'x': 632.2777700726378, 'y': 275.89483795362924, 'elapsedTime': 58610}",936750080293,5208484003,POINT (0.3293113385794989 0.2554581832903974),,,,,,,,,,,,,,,,,,,,,,,,,,,,,,,,,,,,,,,,,,,,,,,,,,,,,,,,,,,,,,,,,,,,,,,,,,,,,,,,1,,,,,,,,,,,,,,,,,,,,1,
0,15,28,"{'x': 632.2777700726378, 'y': 275.89483795362924, 'elapsedTime': 58610}",936750096961,5208500670,POINT (0.3293113385794989 0.2554581832903974),,,,,,,,,,,,,,,,,,,,,,,,,,,,,,,,,,,,,,,,,,,,,,,,,,,,,,,,,,,,,,,,,,,,,,,,,,,,,,,,1,,,,,,,,,,,,,,,,,,,,1,
0,15,28,"{'x': 694.4434924005448, 'y': 291.99835555385215, 'elapsedTime': 58658.300000071526}",936750113628,5208517337,POINT (0.3616893189586171 0.2703688477350483),,,,,,,,,,,,,,,,,,,,,,,,,,,,,,,,,,,,,,,,,,,,,,,,,,,,,,,,,,,,,,,,,,,,,,,,,,,,,,,,,,,,,,,,,,,,,,,,,,,1,1,
0,15,28,"{'x': 694.4434924005448, 'y': 291.99835555385215, 'elapsedTime': 58658.300000071526}",936750130295,5208534003,POINT (0.3616893189586171 0.2703688477350483),,,,,,,,,,,,,,,,,,,,,,,,,,,,,,,,,,,,,,,,,,,,,,,,,,,,,,,,,,,,,,,,,,,,,,,,,,,,,,,,,,,,,,,,,,,,,,,,,,,1,1,
0,15,28,"{'x': 694.4434924005448, 'y': 291.99835555385215, 'elapsedTime': 58658.300000071526}",936750146962,5208550670,POINT (0.3616893189586171 0.2703688477350483),,,,,,,,,,,,,,,,,,,,,,,,,,,,,,,,,,,,,,,,,,,,,,,,,,,,,,,,,,,,,,,,,,,,,,,,,,,,,,,,,,,,,,,,,,,,,,,,,,,1,1,
0,15,28,"{'x': 694.4434924005448, 'y': 291.99835555385215, 'elapsedTime': 58658.300000071526}",936750163635,5208567342,POINT (0.3616893189586171 0.2703688477350483),,,,,,,,,,,,,,,,,,,,,,,,,,,,,,,,,,,,,,,,,,,,,,,,,,,,,,,,,,,,,,,,,,,,,,,,,,,,,,,,,,,,,,,,,,,,,,,,,,,1,1,
0,15,28,"{'x': 681.6205121045091, 'y': 304.7352263956158, 'elapsedTime': 58710.5}",936750180301,5208584008,POINT (0.3550106833877652 0.2821622466626072),,,,,,,,,,,,,,,,,,,,,,,,,,,,,,,,,,,,,,,,,,,,,,,,,,,,,,,,,,,,,,,,,,,,,,,,,,,,,,,,,,,,,,,,,,,,,,,,,,,1,1,
0,15,28,"{'x': 681.6205121045091, 'y': 304.7352263956158, 'elapsedTime': 58710.5}",936750196968,5208600674,POINT (0.3550106833877652 0.2821622466626072),,,,,,,,,,,,,,,,,,,,,,,,,,,,,,,,,,,,,,,,,,,,,,,,,,,,,,,,,,,,,,,,,,,,,,,,,,,,,,,,,,,,,,,,,,,,,,,,,,,1,1,
0,15,28,"{'x': 681.6205121045091, 'y': 304.7352263956158, 'elapsedTime': 58710.5}",936750213636,5208617342,POINT (0.3550106833877652 0.2821622466626072),,,,,,,,,,,,,,,,,,,,,,,,,,,,,,,,,,,,,,,,,,,,,,,,,,,,,,,,,,,,,,,,,,,,,,,,,,,,,,,,,,,,,,,,,,,,,,,,,,,1,1,
0,15,28,"{'x': 587.6018324669819, 'y': 340.0913467036456, 'elapsedTime': 58762}",936750230303,5208634008,POINT (0.3060426210765531 0.3148993950959682),,,,,,,,,,,,,,,,,,,,,,,,,,,,,,,,,,,,,,,,,,,,,,,,,,,,,,,,,,,,,,,,,,,,,,,,,,,,,,,,,,,,,,,,,,,,,,,,,,,,,
0,15,28,"{'x': 587.6018324669819, 'y': 340.0913467036456, 'elapsedTime': 58762}",936750246970,5208650675,POINT (0.3060426210765531 0.3148993950959682),,,,,,,,,,,,,,,,,,,,,,,,,,,,,,,,,,,,,,,,,,,,,,,,,,,,,,,,,,,,,,,,,,,,,,,,,,,,,,,,,,,,,,,,,,,,,,,,,,,,,
0,15,28,"{'x': 587.6018324669819, 'y': 340.0913467036456, 'elapsedTime': 58762}",936750263638,5208667342,POINT (0.3060426210765531 0.3148993950959682),,,,,,,,,,,,,,,,,,,,,,,,,,,,,,,,,,,,,,,,,,,,,,,,,,,,,,,,,,,,,,,,,,,,,,,,,,,,,,,,,,,,,,,,,,,,,,,,,,,,,
0,15,28,"{'x': 595.6209288285261, 'y': 317.1187773364814, 'elapsedTime': 58809.10000002384}",936750280304,5208684008,POINT (0.3102192337648573 0.2936284975337791),,,,,,,,,,,,,,,,,,,,,,,,,,,,,,,,,,,,,,,,,,,,,,,,,,,,,,,,,,,,,,,,,,,,,,,,,,,,,,,,,,,,,,,,,,,,,,,,,,,1,1,
0,15,28,"{'x': 595.6209288285261, 'y': 317.1187773364814, 'elapsedTime': 58809.10000002384}",936750296975,5208700678,POINT (0.3102192337648573 0.2936284975337791),,,,,,,,,,,,,,,,,,,,,,,,,,,,,,,,,,,,,,,,,,,,,,,,,,,,,,,,,,,,,,,,,,,,,,,,,,,,,,,,,,,,,,,,,,,,,,,,,,,1,1,
0,15,28,"{'x': 595.6209288285261, 'y': 317.1187773364814, 'elapsedTime': 58809.10000002384}",936750313642,5208717345,POINT (0.3102192337648573 0.2936284975337791),,,,,,,,,,,,,,,,,,,,,,,,,,,,,,,,,,,,,,,,,,,,,,,,,,,,,,,,,,,,,,,,,,,,,,,,,,,,,,,,,,,,,,,,,,,,,,,,,,,1,1,
0,15,28,"{'x': 533.4595071907808, 'y': 361.8840444337288, 'elapsedTime': 58858.300000071526}",936750330309,5208734011,POINT (0.2778434933285316 0.3350778189201192),,,,,,,,,,,,,,,,,,,,,,,,,,,,,,,,,,,,,,,,,,,,,,,,,,,,,,,,,,,,,,,,,,,,,,,,,,,,,,,,,,,,,,,,,,,,,,,,,,,,,
0,15,28,"{'x': 533.4595071907808, 'y': 361.8840444337288, 'elapsedTime': 58858.300000071526}",936750346975,5208750677,POINT (0.2778434933285316 0.3350778189201192),,,,,,,,,,,,,,,,,,,,,,,,,,,,,,,,,,,,,,,,,,,,,,,,,,,,,,,,,,,,,,,,,,,,,,,,,,,,,,,,,,,,,,,,,,,,,,,,,,,,,
0,15,28,"{'x': 574.0975412526905, 'y': 307.53451818834094, 'elapsedTime': 58904.700000047684}",936750363644,5208767345,POINT (0.2990091360691096 0.2847541835077231),,,,,,,,,,,,,,,,,,,,,,,,,,,,,,,,,,,,,,,,,,,,,,,,,,,,,,,,,,,,,,,,,,,,,,,,,,,,,,,,,,,,,,,,,,,,,,,,,,,1,1,
0,15,28,"{'x': 574.0975412526905, 'y': 307.53451818834094, 'elapsedTime': 58904.700000047684}",936750380310,5208784011,POINT (0.2990091360691096 0.2847541835077231),,,,,,,,,,,,,,,,,,,,,,,,,,,,,,,,,,,,,,,,,,,,,,,,,,,,,,,,,,,,,,,,,,,,,,,,,,,,,,,,,,,,,,,,,,,,,,,,,,,1,1,
0,15,28,"{'x': 574.0975412526905, 'y': 307.53451818834094, 'elapsedTime': 58904.700000047684}",936750396977,5208800678,POINT (0.2990091360691096 0.2847541835077231),,,,,,,,,,,,,,,,,,,,,,,,,,,,,,,,,,,,,,,,,,,,,,,,,,,,,,,,,,,,,,,,,,,,,,,,,,,,,,,,,,,,,,,,,,,,,,,,,,,1,1,
0,15,28,"{'x': 456.70109379775954, 'y': 364.5884131719288, 'elapsedTime': 58948.800000071526}",936750413644,5208817344,POINT (0.2378651530196664 0.3375818640480822),,,,,,,,,,,,,,,,,,,,,,,,,,,,,,,,,,,,,,,,,,,,,,,,,,,,,,,,,,,,,,,,,,,,,,,,,,,,,,,,,,,,,,,,,,,,,,,,,,,,,
0,15,28,"{'x': 456.70109379775954, 'y': 364.5884131719288, 'elapsedTime': 58948.800000071526}",936750430312,5208834012,POINT (0.2378651530196664 0.3375818640480822),,,,,,,,,,,,,,,,,,,,,,,,,,,,,,,,,,,,,,,,,,,,,,,,,,,,,,,,,,,,,,,,,,,,,,,,,,,,,,,,,,,,,,,,,,,,,,,,,,,,,
0,15,28,"{'x': 456.70109379775954, 'y': 364.5884131719288, 'elapsedTime': 58948.800000071526}",936750446979,5208850678,POINT (0.2378651530196664 0.3375818640480822),,,,,,,,,,,,,,,,,,,,,,,,,,,,,,,,,,,,,,,,,,,,,,,,,,,,,,,,,,,,,,,,,,,,,,,,,,,,,,,,,,,,,,,,,,,,,,,,,,,,,
0,15,28,"{'x': 427.6929783865471, 'y': 608.823109548119, 'elapsedTime': 58993.89999997616}",936750463648,5208867347,POINT (0.2227567595763266 0.5637251014334435),,,,,,,,,,,,,,,,,,,,,,,,,,,,,,,,,,,,,,,,,,,,,,,,,,,,,,,,,,,,,,,,,,,,,,,,,,,,,,,,,,,,,,,,,,,,,,,,,,,,1,
0,15,28,"{'x': 427.6929783865471, 'y': 608.823109548119, 'elapsedTime': 58993.89999997616}",936750480316,5208884014,POINT (0.2227567595763266 0.5637251014334435),,,,,,,,,,,,,,,,,,,,,,,,,,,,,,,,,,,,,,,,,,,,,,,,,,,,,,,,,,,,,,,,,,,,,,,,,,,,,,,,,,,,,,,,,,,,,,,,,,,,1,
0,15,28,"{'x': 558.7972141035667, 'y': 623.898777575389, 'elapsedTime': 59040.800000071526}",936750496981,5208900679,POINT (0.291040215678941 0.5776840533105454),,,,,,,,,,,,,,,,,,,,,,,,,,,,,,,,,,,,,,,,,,,,,,,,,,,,,,,,,,,,,,,,,,,,,,,,,,,,,,,,,,,,,,,,,,,,,,,,,,,,1,
0,15,28,"{'x': 558.7972141035667, 'y': 623.898777575389, 'elapsedTime': 59040.800000071526}",936750513648,5208917345,POINT (0.291040215678941 0.5776840533105454),,,,,,,,,,,,,,,,,,,,,,,,,,,,,,,,,,,,,,,,,,,,,,,,,,,,,,,,,,,,,,,,,,,,,,,,,,,,,,,,,,,,,,,,,,,,,,,,,,,,1,
0,15,28,"{'x': 558.7972141035667, 'y': 623.898777575389, 'elapsedTime': 59040.800000071526}",936750530315,5208934012,POINT (0.291040215678941 0.5776840533105454),,,,,,,,,,,,,,,,,,,,,,,,,,,,,,,,,,,,,,,,,,,,,,,,,,,,,,,,,,,,,,,,,,,,,,,,,,,,,,,,,,,,,,,,,,,,,,,,,,,,1,
0,15,28,"{'x': 634.8943899230223, 'y': 578.1528331133594, 'elapsedTime': 59088.200000047684}",936750546982,5208950678,POINT (0.3306741614182408 0.5353266973271846),,,,,,,,,,,,,,,,,,,,,,,,,,,,,,,,,,,,,,,,,,,,,,,,,,,,,,,,,,,,,,,,,,,,,,,,,,,,,,,,,,,,,,,,,,,,,,,,,,,,1,
0,15,28,"{'x': 634.8943899230223, 'y': 578.1528331133594, 'elapsedTime': 59088.200000047684}",936750563657,5208967353,POINT (0.3306741614182408 0.5353266973271846),,,,,,,,,,,,,,,,,,,,,,,,,,,,,,,,,,,,,,,,,,,,,,,,,,,,,,,,,,,,,,,,,,,,,,,,,,,,,,,,,,,,,,,,,,,,,,,,,,,,1,
0,15,28,"{'x': 634.8943899230223, 'y': 578.1528331133594, 'elapsedTime': 59088.200000047684}",936750580325,5208984020,POINT (0.3306741614182408 0.5353266973271846),,,,,,,,,,,,,,,,,,,,,,,,,,,,,,,,,,,,,,,,,,,,,,,,,,,,,,,,,,,,,,,,,,,,,,,,,,,,,,,,,,,,,,,,,,,,,,,,,,,,1,
0,15,28,"{'x': 614.8487392980607, 'y': 507.1426971380822, 'elapsedTime': 59133.10000002384}",936750596992,5209000687,POINT (0.3202337183844066 0.4695765714241502),,,,,,,,,,,,,,,,,,,,,,,,,,,,,,,,,,,,,,,,,,,,,,,,,,,,,,,,,,,,,,,,,,,,,,,,,,,,,,,,,,,,,,,,,,,,,,,,,,,,,
0,15,28,"{'x': 614.8487392980607, 'y': 507.1426971380822, 'elapsedTime': 59133.10000002384}",936750613659,5209017353,POINT (0.3202337183844066 0.4695765714241502),,,,,,,,,,,,,,,,,,,,,,,,,,,,,,,,,,,,,,,,,,,,,,,,,,,,,,,,,,,,,,,,,,,,,,,,,,,,,,,,,,,,,,,,,,,,,,,,,,,,,
0,15,28,"{'x': 647.1685273324077, 'y': 435.5013057048898, 'elapsedTime': 59179.89999997616}",936750630326,5209034020,POINT (0.3370669413189624 0.4032419497267498),,,,,,,,,,,,,,,,,,,,,,,,,,,,,,,,,,,,,,,,,,,,,,,,,,,,,,,,,,,,,,,,,,,,,,,,,,,,,,,,,,,,,,,,,,,,,,,,,,,,,
0,15,28,"{'x': 647.1685273324077, 'y': 435.5013057048898, 'elapsedTime': 59179.89999997616}",936750646993,5209050686,POINT (0.3370669413189624 0.4032419497267498),,,,,,,,,,,,,,,,,,,,,,,,,,,,,,,,,,,,,,,,,,,,,,,,,,,,,,,,,,,,,,,,,,,,,,,,,,,,,,,,,,,,,,,,,,,,,,,,,,,,,
0,15,28,"{'x': 647.1685273324077, 'y': 435.5013057048898, 'elapsedTime': 59179.89999997616}",936750663660,5209067353,POINT (0.3370669413189624 0.4032419497267498),,,,,,,,,,,,,,,,,,,,,,,,,,,,,,,,,,,,,,,,,,,,,,,,,,,,,,,,,,,,,,,,,,,,,,,,,,,,,,,,,,,,,,,,,,,,,,,,,,,,,
0,15,28,"{'x': 714.6502741814913, 'y': 367.3601637276841, 'elapsedTime': 59225.39999997616}",936750680328,5209084020,POINT (0.3722136844695267 0.3401482997478556),,,,,,,,,,,,,,,,,,,,,,,,,,,,,,,,,,,,,,,,,,,,,,,,,,,,,,,,,,,,,,,,,,,,,,,,,,,,,,,,,,,,,,,,,,,,,,,,,,,,,
0,15,28,"{'x': 714.6502741814913, 'y': 367.3601637276841, 'elapsedTime': 59225.39999997616}",936750696999,5209100691,POINT (0.3722136844695267 0.3401482997478556),,,,,,,,,,,,,,,,,,,,,,,,,,,,,,,,,,,,,,,,,,,,,,,,,,,,,,,,,,,,,,,,,,,,,,,,,,,,,,,,,,,,,,,,,,,,,,,,,,,,,
0,15,28,"{'x': 714.6502741814913, 'y': 367.3601637276841, 'elapsedTime': 59225.39999997616}",936750713667,5209117358,POINT (0.3722136844695267 0.3401482997478556),,,,,,,,,,,,,,,,,,,,,,,,,,,,,,,,,,,,,,,,,,,,,,,,,,,,,,,,,,,,,,,,,,,,,,,,,,,,,,,,,,,,,,,,,,,,,,,,,,,,,
0,15,28,"{'x': 774.7356344775243, 'y': 264.8963715627917, 'elapsedTime': 59269.10000002384}",936750730334,5209134025,POINT (0.4035081429570439 0.245274418113696),,,,,,,,,,,,,,,,,,,,,,,,,,,,,,,,,,,,,,,,,,,,,,,,,,,,,,,,,,,,,,,,,,,,,,,,,,,,,,,,,,,,,,,,,,,,,,,,,,,1,1,
0,15,28,"{'x': 774.7356344775243, 'y': 264.8963715627917, 'elapsedTime': 59269.10000002384}",936750747002,5209150692,POINT (0.4035081429570439 0.245274418113696),,,,,,,,,,,,,,,,,,,,,,,,,,,,,,,,,,,,,,,,,,,,,,,,,,,,,,,,,,,,,,,,,,,,,,,,,,,,,,,,,,,,,,,,,,,,,,,,,,,1,1,
0,15,28,"{'x': 774.7356344775243, 'y': 264.8963715627917, 'elapsedTime': 59269.10000002384}",936750763668,5209167358,POINT (0.4035081429570439 0.245274418113696),,,,,,,,,,,,,,,,,,,,,,,,,,,,,,,,,,,,,,,,,,,,,,,,,,,,,,,,,,,,,,,,,,,,,,,,,,,,,,,,,,,,,,,,,,,,,,,,,,,1,1,
0,15,28,"{'x': 840.4377882892612, 'y': 226.80583373214466, 'elapsedTime': 59314.39999997616}",936750780335,5209184024,POINT (0.4377280147339902 0.2100054016038376),,,,,,,,,,,,,,,,,,,,,,,,,,,,,,,,,,,,,,,,,,,,,,,,,,,,,,,,,,,,,,,,,,,,,,,,,,,,,,,,,,,,,,,,,,,,,,,,,,,,,
0,15,28,"{'x': 840.4377882892612, 'y': 226.80583373214466, 'elapsedTime': 59314.39999997616}",936750797003,5209200692,POINT (0.4377280147339902 0.2100054016038376),,,,,,,,,,,,,,,,,,,,,,,,,,,,,,,,,,,,,,,,,,,,,,,,,,,,,,,,,,,,,,,,,,,,,,,,,,,,,,,,,,,,,,,,,,,,,,,,,,,,,
0,15,28,"{'x': 840.4377882892612, 'y': 226.80583373214466, 'elapsedTime': 59314.39999997616}",936750813670,5209217358,POINT (0.4377280147339902 0.2100054016038376),,,,,,,,,,,,,,,,,,,,,,,,,,,,,,,,,,,,,,,,,,,,,,,,,,,,,,,,,,,,,,,,,,,,,,,,,,,,,,,,,,,,,,,,,,,,,,,,,,,,,
0,15,28,"{'x': 867.8591578169193, 'y': 230.6079488755903, 'elapsedTime': 59361}",936750830342,5209234030,POINT (0.4520099780296454 0.2135258785885095),,,,,,,,,,,,,,,,,,,,,,,,,,,,,,,,,,,,,,1,,,,,,,,,,,,,,,,,,,,,,,,,,,,,,,,,,,,,,,,,,,,,,,,,,,,,,,,,,,,,,1,
0,15,28,"{'x': 867.8591578169193, 'y': 230.6079488755903, 'elapsedTime': 59361}",936750847010,5209250697,POINT (0.4520099780296454 0.2135258785885095),,,,,,,,,,,,,,,,,,,,,,,,,,,,,,,,,,,,,,1,,,,,,,,,,,,,,,,,,,,,,,,,,,,,,,,,,,,,,,,,,,,,,,,,,,,,,,,,,,,,,1,
0,15,28,"{'x': 867.8591578169193, 'y': 230.6079488755903, 'elapsedTime': 59361}",936750863676,5209267363,POINT (0.4520099780296454 0.2135258785885095),,,,,,,,,,,,,,,,,,,,,,,,,,,,,,,,,,,,,,1,,,,,,,,,,,,,,,,,,,,,,,,,,,,,,,,,,,,,,,,,,,,,,,,,,,,,,,,,,,,,,1,
0,15,28,"{'x': 846.1222996021652, 'y': 212.94257404801616, 'elapsedTime': 59410.60000002384}",936750880344,5209284030,POINT (0.440688697709461 0.1971690500444594),,,,,,,,,,,,,,,,,,,,,,,,,,,,,,,,,,,,,,,,,,,,,,,,,,,,,,,,,,,,,,,,,,,,,,,,,,,,,,,,,,,,,,,,,,,,,,,,,,,1,,
0,15,28,"{'x': 846.1222996021652, 'y': 212.94257404801616, 'elapsedTime': 59410.60000002384}",936750897010,5209300696,POINT (0.440688697709461 0.1971690500444594),,,,,,,,,,,,,,,,,,,,,,,,,,,,,,,,,,,,,,,,,,,,,,,,,,,,,,,,,,,,,,,,,,,,,,,,,,,,,,,,,,,,,,,,,,,,,,,,,,,1,,
0,15,28,"{'x': 846.1222996021652, 'y': 212.94257404801616, 'elapsedTime': 59410.60000002384}",936750913678,5209317363,POINT (0.440688697709461 0.1971690500444594),,,,,,,,,,,,,,,,,,,,,,,,,,,,,,,,,,,,,,,,,,,,,,,,,,,,,,,,,,,,,,,,,,,,,,,,,,,,,,,,,,,,,,,,,,,,,,,,,,,1,,
0,15,28,"{'x': 777.9815945048788, 'y': 226.51158241137097, 'elapsedTime': 59461.39999997616}",936750930344,5209334029,POINT (0.4051987471379577 0.2097329466771953),,,,,,,,,,,,,,,,,,,,,,,,,,,,,,,,,,,,,,,,,,,,,,,,,,,,,,,,,,,,,,,,,,,,,,,,,,,,,,,,,,,,,,,,,,,,,,,,,,,,,
0,15,28,"{'x': 777.9815945048788, 'y': 226.51158241137097, 'elapsedTime': 59461.39999997616}",936750947016,5209350701,POINT (0.4051987471379577 0.2097329466771953),,,,,,,,,,,,,,,,,,,,,,,,,,,,,,,,,,,,,,,,,,,,,,,,,,,,,,,,,,,,,,,,,,,,,,,,,,,,,,,,,,,,,,,,,,,,,,,,,,,,,
0,15,28,"{'x': 834.8863764523206, 'y': 272.06190652920753, 'elapsedTime': 59507.700000047684}",936750963683,5209367367,POINT (0.4348366544022503 0.2519091727122292),,,,,,,,,,,,,,,,,,,,,,,,,,,,,,,,,,,,,,,,,,,,,,,,,,,,,,,,,,,,,,,,,,,,,,,,,,,,,,,,,,,,,,,,,,,,,,,,,,,1,1,
0,15,28,"{'x': 834.8863764523206, 'y': 272.06190652920753, 'elapsedTime': 59507.700000047684}",936750980350,5209384034,POINT (0.4348366544022503 0.2519091727122292),,,,,,,,,,,,,,,,,,,,,,,,,,,,,,,,,,,,,,,,,,,,,,,,,,,,,,,,,,,,,,,,,,,,,,,,,,,,,,,,,,,,,,,,,,,,,,,,,,,1,1,
0,15,28,"{'x': 834.8863764523206, 'y': 272.06190652920753, 'elapsedTime': 59507.700000047684}",936750997017,5209400700,POINT (0.4348366544022503 0.2519091727122292),,,,,,,,,,,,,,,,,,,,,,,,,,,,,,,,,,,,,,,,,,,,,,,,,,,,,,,,,,,,,,,,,,,,,,,,,,,,,,,,,,,,,,,,,,,,,,,,,,,1,1,
0,15,28,"{'x': 834.8863764523206, 'y': 272.06190652920753, 'elapsedTime': 59507.700000047684}",936751013684,5209417367,POINT (0.4348366544022503 0.2519091727122292),,,,,,,,,,,,,,,,,,,,,,,,,,,,,,,,,,,,,,,,,,,,,,,,,,,,,,,,,,,,,,,,,,,,,,,,,,,,,,,,,,,,,,,,,,,,,,,,,,,1,1,
0,15,28,"{'x': 957.2492568478663, 'y': 187.17763314834946, 'elapsedTime': 59552.5}",936751030351,5209434033,POINT (0.4985673212749304 0.1733126232855088),,,,,,,,,,,,,,,,,,,,,,,,,,,,,,,,,,,,,,,,,,,,,,,,,,,,,,,,,,,,,,,,,,,,,,,,,,,,,,,,,,,,,,,,,,,,,,,,,,,1,,
0,15,28,"{'x': 957.2492568478663, 'y': 187.17763314834946, 'elapsedTime': 59552.5}",936751047018,5209450700,POINT (0.4985673212749304 0.1733126232855088),,,,,,,,,,,,,,,,,,,,,,,,,,,,,,,,,,,,,,,,,,,,,,,,,,,,,,,,,,,,,,,,,,,,,,,,,,,,,,,,,,,,,,,,,,,,,,,,,,,1,,
0,15,28,"{'x': 957.2492568478663, 'y': 187.17763314834946, 'elapsedTime': 59552.5}",936751063686,5209467367,POINT (0.4985673212749304 0.1733126232855088),,,,,,,,,,,,,,,,,,,,,,,,,,,,,,,,,,,,,,,,,,,,,,,,,,,,,,,,,,,,,,,,,,,,,,,,,,,,,,,,,,,,,,,,,,,,,,,,,,,1,,
0,15,28,"{'x': 1015.9011402193413, 'y': 165.21013052527428, 'elapsedTime': 59614.10000002384}",936751080357,5209484038,POINT (0.5291151771975736 0.1529723430789577),,,,,,,,,,,,,,,,,,,,,,,,,,,,,,,,,,,,,,,,,,,,,,,,,,,,,,,,,,,,,,,,,,,,,,,,,,,,,,,,,,,,,,,,,,,,,,,,,,,1,,
0,15,28,"{'x': 1015.9011402193413, 'y': 165.21013052527428, 'elapsedTime': 59614.10000002384}",936751097023,5209500703,POINT (0.5291151771975736 0.1529723430789577),,,,,,,,,,,,,,,,,,,,,,,,,,,,,,,,,,,,,,,,,,,,,,,,,,,,,,,,,,,,,,,,,,,,,,,,,,,,,,,,,,,,,,,,,,,,,,,,,,,1,,
0,15,28,"{'x': 1015.9011402193413, 'y': 165.21013052527428, 'elapsedTime': 59614.10000002384}",936751113691,5209517371,POINT (0.5291151771975736 0.1529723430789577),,,,,,,,,,,,,,,,,,,,,,,,,,,,,,,,,,,,,,,,,,,,,,,,,,,,,,,,,,,,,,,,,,,,,,,,,,,,,,,,,,,,,,,,,,,,,,,,,,,1,,
0,15,28,"{'x': 1080.1189118525772, 'y': 78.44475386646613, 'elapsedTime': 59667.700000047684}",936751130357,5209534036,POINT (0.5625619332565506 0.072634031357839),,,,,,,,,,,,,,,,,,,,,,,,,,,,,,,,,,,,,,,,,,,,,,,,,,,,,,,,,,,,,,,,,,,,,,,,,,,,,,,,,,,,,,,,,,,,,,,,,,,,,
0,15,28,"{'x': 1080.1189118525772, 'y': 78.44475386646613, 'elapsedTime': 59667.700000047684}",936751147026,5209550705,POINT (0.5625619332565506 0.072634031357839),,,,,,,,,,,,,,,,,,,,,,,,,,,,,,,,,,,,,,,,,,,,,,,,,,,,,,,,,,,,,,,,,,,,,,,,,,,,,,,,,,,,,,,,,,,,,,,,,,,,,
0,15,28,"{'x': 1080.1189118525772, 'y': 78.44475386646613, 'elapsedTime': 59667.700000047684}",936751163694,5209567372,POINT (0.5625619332565506 0.072634031357839),,,,,,,,,,,,,,,,,,,,,,,,,,,,,,,,,,,,,,,,,,,,,,,,,,,,,,,,,,,,,,,,,,,,,,,,,,,,,,,,,,,,,,,,,,,,,,,,,,,,,
0,15,28,"{'x': 1090.7938202651173, 'y': 79.03709477943556, 'elapsedTime': 59720.200000047684}",936751180360,5209584038,POINT (0.568121781388082 0.073182495166144),,,,,,,,,,,,,,,,,,,,,,,,,,,,,,,,,,,,,,,,,,,,,,,,,,,,,,,,,,,,,,,,,,,,,,,,,,,,,,,,,,,,,,,,,,,,,,,,,,,,,
0,15,28,"{'x': 1090.7938202651173, 'y': 79.03709477943556, 'elapsedTime': 59720.200000047684}",936751197028,5209600705,POINT (0.568121781388082 0.073182495166144),,,,,,,,,,,,,,,,,,,,,,,,,,,,,,,,,,,,,,,,,,,,,,,,,,,,,,,,,,,,,,,,,,,,,,,,,,,,,,,,,,,,,,,,,,,,,,,,,,,,,
0,15,28,"{'x': 1090.7938202651173, 'y': 79.03709477943556, 'elapsedTime': 59720.200000047684}",936751213697,5209617374,POINT (0.568121781388082 0.073182495166144),,,,,,,,,,,,,,,,,,,,,,,,,,,,,,,,,,,,,,,,,,,,,,,,,,,,,,,,,,,,,,,,,,,,,,,,,,,,,,,,,,,,,,,,,,,,,,,,,,,,,
0,15,28,"{'x': 1137.9359466809367, 'y': 50.609773544663156, 'elapsedTime': 59767.700000047684}",936751230365,5209634041,POINT (0.5926749722296545 0.0468609014302437),,,,,,,,,,,,,,,,,,,,,,,,,,,,,,,,,,,,,,,,,,,,,,,,,,,,,,,,,,,,,,,,,,,,,,,,,,,,,,,,,,,,,,,,,,,,,,,,,,,,,
0,15,28,"{'x': 1137.9359466809367, 'y': 50.609773544663156, 'elapsedTime': 59767.700000047684}",936751247031,5209650707,POINT (0.5926749722296545 0.0468609014302437),,,,,,,,,,,,,,,,,,,,,,,,,,,,,,,,,,,,,,,,,,,,,,,,,,,,,,,,,,,,,,,,,,,,,,,,,,,,,,,,,,,,,,,,,,,,,,,,,,,,,
0,15,28,"{'x': 1137.9359466809367, 'y': 50.609773544663156, 'elapsedTime': 59767.700000047684}",936751263699,5209667374,POINT (0.5926749722296545 0.0468609014302437),,,,,,,,,,,,,,,,,,,,,,,,,,,,,,,,,,,,,,,,,,,,,,,,,,,,,,,,,,,,,,,,,,,,,,,,,,,,,,,,,,,,,,,,,,,,,,,,,,,,,
0,15,28,"{'x': 1182.0447878183436, 'y': 49.093345054755304, 'elapsedTime': 59813.300000071526}",936751280365,5209684040,POINT (0.6156483269887206 0.0454568009766253),,,,,,,,,,,,,,,,,,,,,,,,,,,,,,,,,,,,,,,,,,,,,,,,,,,,,,,,,,,,,,,,,,,,,,,,,,,,,,,,,,,,,,,,,,,,,,,,,,,,,
0,15,28,"{'x': 1182.0447878183436, 'y': 49.093345054755304, 'elapsedTime': 59813.300000071526}",936751297033,5209700707,POINT (0.6156483269887206 0.0454568009766253),,,,,,,,,,,,,,,,,,,,,,,,,,,,,,,,,,,,,,,,,,,,,,,,,,,,,,,,,,,,,,,,,,,,,,,,,,,,,,,,,,,,,,,,,,,,,,,,,,,,,
0,15,28,"{'x': 1182.0447878183436, 'y': 49.093345054755304, 'elapsedTime': 59813.300000071526}",936751313698,5209717372,POINT (0.6156483269887206 0.0454568009766253),,,,,,,,,,,,,,,,,,,,,,,,,,,,,,,,,,,,,,,,,,,,,,,,,,,,,,,,,,,,,,,,,,,,,,,,,,,,,,,,,,,,,,,,,,,,,,,,,,,,,
0,15,28,"{'x': 1226.2736796619563, 'y': 58.73905453264247, 'elapsedTime': 59860}",936751330365,5209734038,POINT (0.6386842081572689 0.0543880134561504),,,,,,,,,,,,,,,,,,,,,,,,,,,,,,,,,,,,,,,,,,,,,,,,,,,,,,,,,,,,,,,,,,,,,,,,,,,,,,,,,,,,,,,,,,,,,,,,,,,,,
0,15,28,"{'x': 1226.2736796619563, 'y': 58.73905453264247, 'elapsedTime': 59860}",936751347042,5209750715,POINT (0.6386842081572689 0.0543880134561504),,,,,,,,,,,,,,,,,,,,,,,,,,,,,,,,,,,,,,,,,,,,,,,,,,,,,,,,,,,,,,,,,,,,,,,,,,,,,,,,,,,,,,,,,,,,,,,,,,,,,
0,15,28,"{'x': 1275.2139397201472, 'y': 74.85455063635877, 'elapsedTime': 59909.60000002384}",936751363710,5209767382,POINT (0.6641739269375767 0.0693097691077396),,,,,,,,,,,,,,,,,,,,,,,,,,,,,,,,,,,,,,,,,,,,,,,,,,,,,,,,,,,,,,,,,,,,,,,,,,,,,,,,,,,,,,,,,,,,,,,,,,,,,
0,15,28,"{'x': 1275.2139397201472, 'y': 74.85455063635877, 'elapsedTime': 59909.60000002384}",936751380377,5209784049,POINT (0.6641739269375767 0.0693097691077396),,,,,,,,,,,,,,,,,,,,,,,,,,,,,,,,,,,,,,,,,,,,,,,,,,,,,,,,,,,,,,,,,,,,,,,,,,,,,,,,,,,,,,,,,,,,,,,,,,,,,
0,15,28,"{'x': 1275.2139397201472, 'y': 74.85455063635877, 'elapsedTime': 59909.60000002384}",936751397042,5209800713,POINT (0.6641739269375767 0.0693097691077396),,,,,,,,,,,,,,,,,,,,,,,,,,,,,,,,,,,,,,,,,,,,,,,,,,,,,,,,,,,,,,,,,,,,,,,,,,,,,,,,,,,,,,,,,,,,,,,,,,,,,
0,15,28,"{'x': 1386.959264135549, 'y': 76.31062370615061, 'elapsedTime': 59954.800000071526}",936751413711,5209817382,POINT (0.722374616737265 0.0706579849131024),,,,,,,,,,,,,,,,,,,,,,,,,,,,,,,,,,,,,,,,,,,,,,,,,,,,,,,,,,,,,,,,,,,,,,,,,,,,,,,,,,,,,,,,,,,,,,,,,,,,,
0,15,28,"{'x': 1386.959264135549, 'y': 76.31062370615061, 'elapsedTime': 59954.800000071526}",936751430378,5209834048,POINT (0.722374616737265 0.0706579849131024),,,,,,,,,,,,,,,,,,,,,,,,,,,,,,,,,,,,,,,,,,,,,,,,,,,,,,,,,,,,,,,,,,,,,,,,,,,,,,,,,,,,,,,,,,,,,,,,,,,,,
0,15,28,"{'x': 1386.959264135549, 'y': 76.31062370615061, 'elapsedTime': 59954.800000071526}",936751447045,5209850715,POINT (0.722374616737265 0.0706579849131024),,,,,,,,,,,,,,,,,,,,,,,,,,,,,,,,,,,,,,,,,,,,,,,,,,,,,,,,,,,,,,,,,,,,,,,,,,,,,,,,,,,,,,,,,,,,,,,,,,,,,
0,15,28,"{'x': 1457.1935758255354, 'y': 27.842697816524044, 'elapsedTime': 60002.5}",936751463713,5209867382,POINT (0.758954987409133 0.0257802757560408),,,,,,,,,,,,,,,,,,,,,,,,,,,,,,,,,,,,,,,,,,,,,,,,,,,,,,,,,,,,,,,,,,,,,,,,,,,,,,,,,,,,,,,,,,,,,,,,,,,,,
0,15,28,"{'x': 1457.1935758255354, 'y': 27.842697816524044, 'elapsedTime': 60002.5}",936751480383,5209884052,POINT (0.758954987409133 0.0257802757560408),,,,,,,,,,,,,,,,,,,,,,,,,,,,,,,,,,,,,,,,,,,,,,,,,,,,,,,,,,,,,,,,,,,,,,,,,,,,,,,,,,,,,,,,,,,,,,,,,,,,,
0,15,28,"{'x': 1457.1935758255354, 'y': 27.842697816524044, 'elapsedTime': 60002.5}",936751497050,5209900719,POINT (0.758954987409133 0.0257802757560408),,,,,,,,,,,,,,,,,,,,,,,,,,,,,,,,,,,,,,,,,,,,,,,,,,,,,,,,,,,,,,,,,,,,,,,,,,,,,,,,,,,,,,,,,,,,,,,,,,,,,
0,15,28,"{'x': 1527.5877339008725, 'y': 84.8468349169089, 'elapsedTime': 60049.200000047684}",936751513720,5209917388,POINT (0.7956186114067044 0.0785618841823231),,,,,,,,,,,,,,,,,,,,,,,,,,,,,,,,,,,,,,,,,,,,,,,,,,,,,,,,,,,,,,,,,,,,,,,,,,,,,,,,,,,,,,,,,,,,,,,,,,,,,
0,15,28,"{'x': 1527.5877339008725, 'y': 84.8468349169089, 'elapsedTime': 60049.200000047684}",936751530384,5209934052,POINT (0.7956186114067044 0.0785618841823231),,,,,,,,,,,,,,,,,,,,,,,,,,,,,,,,,,,,,,,,,,,,,,,,,,,,,,,,,,,,,,,,,,,,,,,,,,,,,,,,,,,,,,,,,,,,,,,,,,,,,
0,15,28,"{'x': 1527.5877339008725, 'y': 84.8468349169089, 'elapsedTime': 60049.200000047684}",936751547054,5209950721,POINT (0.7956186114067044 0.0785618841823231),,,,,,,,,,,,,,,,,,,,,,,,,,,,,,,,,,,,,,,,,,,,,,,,,,,,,,,,,,,,,,,,,,,,,,,,,,,,,,,,,,,,,,,,,,,,,,,,,,,,,
0,15,28,"{'x': 1558.8096060028527, 'y': 54.18889409239064, 'elapsedTime': 60094.200000047684}",936751563722,5209967388,POINT (0.8118800031264858 0.0501749019373987),,,,,,,,,,,,,,,,,,,,,,,,,,,,,,,,,,,,,,,,,,,,,,,,,,,,,,,,,,,,,,,,,,,,,,,,,,,,,,,,,,,,,,,,,,,,,,,,,,,,,
0,15,28,"{'x': 1558.8096060028527, 'y': 54.18889409239064, 'elapsedTime': 60094.200000047684}",936751580389,5209984054,POINT (0.8118800031264858 0.0501749019373987),,,,,,,,,,,,,,,,,,,,,,,,,,,,,,,,,,,,,,,,,,,,,,,,,,,,,,,,,,,,,,,,,,,,,,,,,,,,,,,,,,,,,,,,,,,,,,,,,,,,,
0,15,28,"{'x': 1521.9178394531784, 'y': 87.80441227193259, 'elapsedTime': 60140.39999997616}",936751597056,5210000721,POINT (0.7926655413818637 0.0813003817332709),,,,,,,,,,,,,,,,,,,,,,,,,,,,,,,,,,,,,,,,,,,,,,,,,,,,,,,,,,,,,,,,,,,,,,,,,,,,,,,,,,,,,,,,,,,,,,,,,,,,,
0,15,28,"{'x': 1521.9178394531784, 'y': 87.80441227193259, 'elapsedTime': 60140.39999997616}",936751613726,5210017390,POINT (0.7926655413818637 0.0813003817332709),,,,,,,,,,,,,,,,,,,,,,,,,,,,,,,,,,,,,,,,,,,,,,,,,,,,,,,,,,,,,,,,,,,,,,,,,,,,,,,,,,,,,,,,,,,,,,,,,,,,,
0,15,28,"{'x': 1521.9178394531784, 'y': 87.80441227193259, 'elapsedTime': 60140.39999997616}",936751630393,5210034057,POINT (0.7926655413818637 0.0813003817332709),,,,,,,,,,,,,,,,,,,,,,,,,,,,,,,,,,,,,,,,,,,,,,,,,,,,,,,,,,,,,,,,,,,,,,,,,,,,,,,,,,,,,,,,,,,,,,,,,,,,,
0,15,28,"{'x': 1452.9491330500582, 'y': 52.961261059536234, 'elapsedTime': 60187.700000047684}",936751647061,5210050724,POINT (0.7567443401302386 0.0490382046847558),,,,,,,,,,,,,,,,,,,,,,,,,,,,,,,,,,,,,,,,,,,,,,,,,,,,,,,,,,,,,,,,,,,,,,,,,,,,,,,,,,,,,,,,,,,,,,,,,,,,,
0,15,28,"{'x': 1452.9491330500582, 'y': 52.961261059536234, 'elapsedTime': 60187.700000047684}",936751663727,5210067390,POINT (0.7567443401302386 0.0490382046847558),,,,,,,,,,,,,,,,,,,,,,,,,,,,,,,,,,,,,,,,,,,,,,,,,,,,,,,,,,,,,,,,,,,,,,,,,,,,,,,,,,,,,,,,,,,,,,,,,,,,,
0,15,28,"{'x': 1452.9491330500582, 'y': 52.961261059536234, 'elapsedTime': 60187.700000047684}",936751680395,5210084057,POINT (0.7567443401302386 0.0490382046847558),,,,,,,,,,,,,,,,,,,,,,,,,,,,,,,,,,,,,,,,,,,,,,,,,,,,,,,,,,,,,,,,,,,,,,,,,,,,,,,,,,,,,,,,,,,,,,,,,,,,,
0,15,28,"{'x': 1446.1767899715805, 'y': 65.73071957914276, 'elapsedTime': 60234.10000002384}",936751697062,5210100724,POINT (0.7532170781101982 0.0608617773880951),,,,,,,,,,,,,,,,,,,,,,,,,,,,,,,,,,,,,,,,,,,,,,,,,,,,,,,,,,,,,,,,,,,,,,,,,,,,,,,,,,,,,,,,,,,,,,,,,,,,,
0,15,28,"{'x': 1446.1767899715805, 'y': 65.73071957914276, 'elapsedTime': 60234.10000002384}",936751713730,5210117391,POINT (0.7532170781101982 0.0608617773880951),,,,,,,,,,,,,,,,,,,,,,,,,,,,,,,,,,,,,,,,,,,,,,,,,,,,,,,,,,,,,,,,,,,,,,,,,,,,,,,,,,,,,,,,,,,,,,,,,,,,,
0,15,28,"{'x': 1446.1767899715805, 'y': 65.73071957914276, 'elapsedTime': 60234.10000002384}",936751730396,5210134057,POINT (0.7532170781101982 0.0608617773880951),,,,,,,,,,,,,,,,,,,,,,,,,,,,,,,,,,,,,,,,,,,,,,,,,,,,,,,,,,,,,,,,,,,,,,,,,,,,,,,,,,,,,,,,,,,,,,,,,,,,,
0,15,28,"{'x': 1377.381937092409, 'y': 88.64244520283862, 'elapsedTime': 60279.700000047684}",936751747067,5210150727,POINT (0.717386425568963 0.0820763381507765),,,,,,,,,,,,,,,,,,,,,,,,,,,,,,,,,,,,,,,,,,,,,,,,,,,,,,,,,,,,,,,,,,,,,,,,,,,,,,,,,,,,,,,,,,,,,,,,,,,,,
0,15,28,"{'x': 1377.381937092409, 'y': 88.64244520283862, 'elapsedTime': 60279.700000047684}",936751763734,5210167394,POINT (0.717386425568963 0.0820763381507765),,,,,,,,,,,,,,,,,,,,,,,,,,,,,,,,,,,,,,,,,,,,,,,,,,,,,,,,,,,,,,,,,,,,,,,,,,,,,,,,,,,,,,,,,,,,,,,,,,,,,
0,15,28,"{'x': 1331.484280904517, 'y': 78.74704855543108, 'elapsedTime': 60326.39999997616}",936751780401,5210184060,POINT (0.693481396304436 0.0729139338476214),,,,,,,,,,,,,,,,,,,,,,,,,,,,,,,,,,,,,,,,,,,,,,,,,,,,,,,,,,,,,,,,,,,,,,,,,,,,,,,,,,,,,,,,,,,,,,,,,,,,,
0,15,28,"{'x': 1314.1196221138716, 'y': 104.88972524164558, 'elapsedTime': 60371.5}",936751797067,5210200726,POINT (0.6844373031843082 0.0971201159644866),,,,,,,,,,,,,,,,,,,,,,,,,,,,,,,,,,,,,,,,,,,,,,,,,,,,,,,,,,,,,,,,,,,,,,,,,,,,,,,,,,,,,,,,,,,,,,,,,,,,,
0,15,28,"{'x': 1314.1196221138716, 'y': 104.88972524164558, 'elapsedTime': 60371.5}",936751813736,5210217394,POINT (0.6844373031843082 0.0971201159644866),,,,,,,,,,,,,,,,,,,,,,,,,,,,,,,,,,,,,,,,,,,,,,,,,,,,,,,,,,,,,,,,,,,,,,,,,,,,,,,,,,,,,,,,,,,,,,,,,,,,,
0,15,28,"{'x': 1314.1196221138716, 'y': 104.88972524164558, 'elapsedTime': 60371.5}",936751830402,5210234060,POINT (0.6844373031843082 0.0971201159644866),,,,,,,,,,,,,,,,,,,,,,,,,,,,,,,,,,,,,,,,,,,,,,,,,,,,,,,,,,,,,,,,,,,,,,,,,,,,,,,,,,,,,,,,,,,,,,,,,,,,,
0,15,28,"{'x': 1314.1196221138716, 'y': 104.88972524164558, 'elapsedTime': 60371.5}",936751847069,5210250726,POINT (0.6844373031843082 0.0971201159644866),,,,,,,,,,,,,,,,,,,,,,,,,,,,,,,,,,,,,,,,,,,,,,,,,,,,,,,,,,,,,,,,,,,,,,,,,,,,,,,,,,,,,,,,,,,,,,,,,,,,,
0,15,28,"{'x': 1314.1196221138716, 'y': 104.88972524164558, 'elapsedTime': 60371.5}",936751863738,5210267394,POINT (0.6844373031843082 0.0971201159644866),,,,,,,,,,,,,,,,,,,,,,,,,,,,,,,,,,,,,,,,,,,,,,,,,,,,,,,,,,,,,,,,,,,,,,,,,,,,,,,,,,,,,,,,,,,,,,,,,,,,,
0,15,28,"{'x': 1314.1196221138716, 'y': 104.88972524164558, 'elapsedTime': 60371.5}",936751880412,5210284067,POINT (0.6844373031843082 0.0971201159644866),,,,,,,,,,,,,,,,,,,,,,,,,,,,,,,,,,,,,,,,,,,,,,,,,,,,,,,,,,,,,,,,,,,,,,,,,,,,,,,,,,,,,,,,,,,,,,,,,,,,,
0,15,28,"{'x': 1316.6426358258789, 'y': 46.15073510983064, 'elapsedTime': 60423.800000071526}",936751897079,5210300734,POINT (0.6857513728259785 0.0427321621387321),,,,,,,,,,,,,,,,,,,,,,,,,,,,,,,,,,,,,,,,,,,,,,,,,,,,,,,,,,,,,,,,,,,,,,,,,,,,,,,,,,,,,,,,,,,,,,,,,,,,,
0,15,28,"{'x': 1316.6426358258789, 'y': 46.15073510983064, 'elapsedTime': 60423.800000071526}",936751913747,5210317401,POINT (0.6857513728259785 0.0427321621387321),,,,,,,,,,,,,,,,,,,,,,,,,,,,,,,,,,,,,,,,,,,,,,,,,,,,,,,,,,,,,,,,,,,,,,,,,,,,,,,,,,,,,,,,,,,,,,,,,,,,,
0,15,28,"{'x': 1316.6426358258789, 'y': 46.15073510983064, 'elapsedTime': 60423.800000071526}",936751930413,5210334067,POINT (0.6857513728259785 0.0427321621387321),,,,,,,,,,,,,,,,,,,,,,,,,,,,,,,,,,,,,,,,,,,,,,,,,,,,,,,,,,,,,,,,,,,,,,,,,,,,,,,,,,,,,,,,,,,,,,,,,,,,,
0,15,28,"{'x': 1305.7023630181977, 'y': -16.378377714383113, 'elapsedTime': 60479.10000002384}",936751947081,5210350734,POINT (0.680053314071978 -0.0151651645503547),,,,,,,,,,,,,,,,,,,,,,,,,,,,,,,,,,,,,,,,,,,,,,,,,,,,,,,,,,,,,,,,,,,,,,,,,,,,,,,,,,,,,,,,,,,,,,,,,,,,,
0,15,28,"{'x': 1305.7023630181977, 'y': -16.378377714383113, 'elapsedTime': 60479.10000002384}",936751963747,5210367400,POINT (0.680053314071978 -0.0151651645503547),,,,,,,,,,,,,,,,,,,,,,,,,,,,,,,,,,,,,,,,,,,,,,,,,,,,,,,,,,,,,,,,,,,,,,,,,,,,,,,,,,,,,,,,,,,,,,,,,,,,,
0,15,28,"{'x': 1277.6989158163474, 'y': -18.275819398760603, 'elapsedTime': 60523.60000002384}",936751980415,5210384067,POINT (0.6654681853210143 -0.0169220549988524),,,,,,,,,,,,,,,,,,,,,,,,,,,,,,,,,,,,,,,,,,,,,,,,,,,,,,,,,,,,,,,,,,,,,,,,,,,,,,,,,,,,,,,,,,,,,,,,,,,,,
0,15,28,"{'x': 1277.6989158163474, 'y': -18.275819398760603, 'elapsedTime': 60523.60000002384}",936751997086,5210400738,POINT (0.6654681853210143 -0.0169220549988524),,,,,,,,,,,,,,,,,,,,,,,,,,,,,,,,,,,,,,,,,,,,,,,,,,,,,,,,,,,,,,,,,,,,,,,,,,,,,,,,,,,,,,,,,,,,,,,,,,,,,
0,15,28,"{'x': 1277.6989158163474, 'y': -18.275819398760603, 'elapsedTime': 60523.60000002384}",936752013752,5210417404,POINT (0.6654681853210143 -0.0169220549988524),,,,,,,,,,,,,,,,,,,,,,,,,,,,,,,,,,,,,,,,,,,,,,,,,,,,,,,,,,,,,,,,,,,,,,,,,,,,,,,,,,,,,,,,,,,,,,,,,,,,,
0,15,28,"{'x': 1277.6989158163474, 'y': -18.275819398760603, 'elapsedTime': 60523.60000002384}",936752030420,5210434071,POINT (0.6654681853210143 -0.0169220549988524),,,,,,,,,,,,,,,,,,,,,,,,,,,,,,,,,,,,,,,,,,,,,,,,,,,,,,,,,,,,,,,,,,,,,,,,,,,,,,,,,,,,,,,,,,,,,,,,,,,,,
0,15,28,"{'x': 1188.204056690835, 'y': 36.7632671421927, 'elapsedTime': 60568.800000071526}",936752047087,5210450738,POINT (0.6188562795264765 0.034040062168697),,,,,,,,,,,,,,,,,,,,,,,,,,,,,,,,,,,,,,,,,,,,,,,,,,,,,,,,,,,,,,,,,,,,,,,,,,,,,,,,,,,,,,,,,,,,,,,,,,,,,
0,15,28,"{'x': 1188.204056690835, 'y': 36.7632671421927, 'elapsedTime': 60568.800000071526}",936752063755,5210467405,POINT (0.6188562795264765 0.034040062168697),,,,,,,,,,,,,,,,,,,,,,,,,,,,,,,,,,,,,,,,,,,,,,,,,,,,,,,,,,,,,,,,,,,,,,,,,,,,,,,,,,,,,,,,,,,,,,,,,,,,,
0,15,28,"{'x': 1188.204056690835, 'y': 36.7632671421927, 'elapsedTime': 60568.800000071526}",936752080421,5210484071,POINT (0.6188562795264765 0.034040062168697),,,,,,,,,,,,,,,,,,,,,,,,,,,,,,,,,,,,,,,,,,,,,,,,,,,,,,,,,,,,,,,,,,,,,,,,,,,,,,,,,,,,,,,,,,,,,,,,,,,,,
0,15,28,"{'x': 1120.9000609672853, 'y': 118.51712206396058, 'elapsedTime': 60627.10000002384}",936752097088,5210500737,POINT (0.5838021150871278 0.1097380759851487),,,,,,,,,,,,,,,,,,,,,,,,,,,,,,,,,,,,,,,,,,,,,,,,,,,,,,,,,,,,,,,,,,,,,,,,,,,,,,,,,,,,,,,,,,,,,,,,,,,,,
0,15,28,"{'x': 1120.9000609672853, 'y': 118.51712206396058, 'elapsedTime': 60627.10000002384}",936752113755,5210517404,POINT (0.5838021150871278 0.1097380759851487),,,,,,,,,,,,,,,,,,,,,,,,,,,,,,,,,,,,,,,,,,,,,,,,,,,,,,,,,,,,,,,,,,,,,,,,,,,,,,,,,,,,,,,,,,,,,,,,,,,,,
0,15,28,"{'x': 1120.9000609672853, 'y': 118.51712206396058, 'elapsedTime': 60627.10000002384}",936752130428,5210534076,POINT (0.5838021150871278 0.1097380759851487),,,,,,,,,,,,,,,,,,,,,,,,,,,,,,,,,,,,,,,,,,,,,,,,,,,,,,,,,,,,,,,,,,,,,,,,,,,,,,,,,,,,,,,,,,,,,,,,,,,,,
0,15,28,"{'x': 989.5595480567321, 'y': 172.8838218517019, 'elapsedTime': 60676.200000047684}",936752147096,5210550743,POINT (0.5153955979462146 0.1600776128256499),,,,,,,,,,,,,,,,,,,,,,,,,,,,,,,,,,,,,,,,,,,,,,,,,,,,,,,,,,,,,,,,,,,,,,,,,,,,,,,,,,,,,,,,,,,,,,,,,,,1,,
0,15,28,"{'x': 989.5595480567321, 'y': 172.8838218517019, 'elapsedTime': 60676.200000047684}",936752163763,5210567409,POINT (0.5153955979462146 0.1600776128256499),,,,,,,,,,,,,,,,,,,,,,,,,,,,,,,,,,,,,,,,,,,,,,,,,,,,,,,,,,,,,,,,,,,,,,,,,,,,,,,,,,,,,,,,,,,,,,,,,,,1,,
0,15,28,"{'x': 924.4458267997493, 'y': 228.97259033986683, 'elapsedTime': 60721.800000071526}",936752180430,5210584076,POINT (0.4814822014582028 0.2120116577220989),,,,,,,,,,,,,,,,,,,,,,,,,,,,,,,,,,,,,,,1,,,,,,,,,,,,,,,,,,,,,,,,,,,,,,,,,,,,,,,,,,,,,,,,,,,,,,,,,,,,,,
0,15,28,"{'x': 924.4458267997493, 'y': 228.97259033986683, 'elapsedTime': 60721.800000071526}",936752197097,5210600742,POINT (0.4814822014582028 0.2120116577220989),,,,,,,,,,,,,,,,,,,,,,,,,,,,,,,,,,,,,,,1,,,,,,,,,,,,,,,,,,,,,,,,,,,,,,,,,,,,,,,,,,,,,,,,,,,,,,,,,,,,,,
0,15,28,"{'x': 924.4458267997493, 'y': 228.97259033986683, 'elapsedTime': 60721.800000071526}",936752213764,5210617409,POINT (0.4814822014582028 0.2120116577220989),,,,,,,,,,,,,,,,,,,,,,,,,,,,,,,,,,,,,,,1,,,,,,,,,,,,,,,,,,,,,,,,,,,,,,,,,,,,,,,,,,,,,,,,,,,,,,,,,,,,,,
0,15,28,"{'x': 815.3120650392726, 'y': 265.6213958279455, 'elapsedTime': 60770.200000047684}",936752230432,5210634076,POINT (0.4246417005412878 0.2459457368777273),,,,,,,,,,,,,,,,,,,,,,,,,,,,,,,,,,,,,,,,,,,,,,,,,,,,,,,,,,,,,,,,,,,,,,,,,,,,,,,,,,,,,,,,,,,,,,,,,,,1,1,
0,15,28,"{'x': 815.3120650392726, 'y': 265.6213958279455, 'elapsedTime': 60770.200000047684}",936752247099,5210650743,POINT (0.4246417005412878 0.2459457368777273),,,,,,,,,,,,,,,,,,,,,,,,,,,,,,,,,,,,,,,,,,,,,,,,,,,,,,,,,,,,,,,,,,,,,,,,,,,,,,,,,,,,,,,,,,,,,,,,,,,1,1,
0,15,28,"{'x': 815.3120650392726, 'y': 265.6213958279455, 'elapsedTime': 60770.200000047684}",936752263770,5210667413,POINT (0.4246417005412878 0.2459457368777273),,,,,,,,,,,,,,,,,,,,,,,,,,,,,,,,,,,,,,,,,,,,,,,,,,,,,,,,,,,,,,,,,,,,,,,,,,,,,,,,,,,,,,,,,,,,,,,,,,,1,1,
0,15,28,"{'x': 726.9684957419602, 'y': 368.04580187606257, 'elapsedTime': 60815.800000071526}",936752280437,5210684080,POINT (0.3786294248656042 0.3407831498852431),,,,,,,,,,,,,,,,,,,,,,,,,,,,,,,,,,,,,,,,,,,,,,,,,,,,,,,,,,,,,,,,,,,,,,,,,,,,,,,,,,,,,,,,,,,,,,,,,,,,,
0,15,28,"{'x': 726.9684957419602, 'y': 368.04580187606257, 'elapsedTime': 60815.800000071526}",936752297104,5210700746,POINT (0.3786294248656042 0.3407831498852431),,,,,,,,,,,,,,,,,,,,,,,,,,,,,,,,,,,,,,,,,,,,,,,,,,,,,,,,,,,,,,,,,,,,,,,,,,,,,,,,,,,,,,,,,,,,,,,,,,,,,
0,15,28,"{'x': 726.9684957419602, 'y': 368.04580187606257, 'elapsedTime': 60815.800000071526}",936752313771,5210717413,POINT (0.3786294248656042 0.3407831498852431),,,,,,,,,,,,,,,,,,,,,,,,,,,,,,,,,,,,,,,,,,,,,,,,,,,,,,,,,,,,,,,,,,,,,,,,,,,,,,,,,,,,,,,,,,,,,,,,,,,,,
0,15,28,"{'x': 686.6695818024025, 'y': 369.11188576919653, 'elapsedTime': 60862.60000002384}",936752330438,5210734079,POINT (0.3576404071887513 0.3417702646011079),,,,,,,,,,,,,,,,,,,,,,,,,,,,,,,,,,,,,,,,,,,,,,,,,,,,,,,,,,,,,,,,,,,,,,,,,,,,,,,,,,,,,,,,,,,,,,,,,,,,,
0,15,28,"{'x': 686.6695818024025, 'y': 369.11188576919653, 'elapsedTime': 60862.60000002384}",936752347105,5210750746,POINT (0.3576404071887513 0.3417702646011079),,,,,,,,,,,,,,,,,,,,,,,,,,,,,,,,,,,,,,,,,,,,,,,,,,,,,,,,,,,,,,,,,,,,,,,,,,,,,,,,,,,,,,,,,,,,,,,,,,,,,
0,15,28,"{'x': 686.6695818024025, 'y': 369.11188576919653, 'elapsedTime': 60862.60000002384}",936752363773,5210767413,POINT (0.3576404071887513 0.3417702646011079),,,,,,,,,,,,,,,,,,,,,,,,,,,,,,,,,,,,,,,,,,,,,,,,,,,,,,,,,,,,,,,,,,,,,,,,,,,,,,,,,,,,,,,,,,,,,,,,,,,,,
0,15,28,"{'x': 686.6695818024025, 'y': 369.11188576919653, 'elapsedTime': 60862.60000002384}",936752380440,5210784080,POINT (0.3576404071887513 0.3417702646011079),,,,,,,,,,,,,,,,,,,,,,,,,,,,,,,,,,,,,,,,,,,,,,,,,,,,,,,,,,,,,,,,,,,,,,,,,,,,,,,,,,,,,,,,,,,,,,,,,,,,,
0,15,28,"{'x': 606.6227665454063, 'y': 360.17320555594665, 'elapsedTime': 60923.300000071526}",936752397112,5210800751,POINT (0.3159493575757324 0.3334937088480988),,,,,,,,,,,,,,,,,,,,,,,,,,,,,,,,,,,,,,,,,,,,,,,,,,,,,,,,,,,,,,,,,,,,,,,,,,,,,,,,,,,,,,,,,,,,,,,,,,,,,
0,15,28,"{'x': 606.6227665454063, 'y': 360.17320555594665, 'elapsedTime': 60923.300000071526}",936752413779,5210817418,POINT (0.3159493575757324 0.3334937088480988),,,,,,,,,,,,,,,,,,,,,,,,,,,,,,,,,,,,,,,,,,,,,,,,,,,,,,,,,,,,,,,,,,,,,,,,,,,,,,,,,,,,,,,,,,,,,,,,,,,,,
0,15,28,"{'x': 606.6227665454063, 'y': 360.17320555594665, 'elapsedTime': 60923.300000071526}",936752430447,5210834085,POINT (0.3159493575757324 0.3334937088480988),,,,,,,,,,,,,,,,,,,,,,,,,,,,,,,,,,,,,,,,,,,,,,,,,,,,,,,,,,,,,,,,,,,,,,,,,,,,,,,,,,,,,,,,,,,,,,,,,,,,,
0,15,28,"{'x': 606.0266405080085, 'y': 419.49300847698385, 'elapsedTime': 60978.700000047684}",936752447115,5210850752,POINT (0.3156388752645878 0.3884194522935036),,,,,,,,,,,,,,,,,,,,,,,,,,,,,,,,,,,,,,,,,,,,,,,,,,,,,,,,,,,,,,,,,,,,,,,,,,,,,,,,,,,,,,,,,,,,,,,,,,,,,
0,15,28,"{'x': 606.0266405080085, 'y': 419.49300847698385, 'elapsedTime': 60978.700000047684}",936752463781,5210867418,POINT (0.3156388752645878 0.3884194522935036),,,,,,,,,,,,,,,,,,,,,,,,,,,,,,,,,,,,,,,,,,,,,,,,,,,,,,,,,,,,,,,,,,,,,,,,,,,,,,,,,,,,,,,,,,,,,,,,,,,,,
0,15,28,"{'x': 553.7360409972958, 'y': 427.5914410219605, 'elapsedTime': 61023.39999997616}",936752480448,5210884084,POINT (0.2884041880194249 0.3959180009462597),,,,,,,,,,,,,,,,,,,,,,,,,,,,,,,,,,,,,,,,,,,,,,,,,,,,,,,,,,,,,,,,,,,,,,,,,,,,,,,,,,,,,,,,,,,,,,,,,,,,,
0,15,28,"{'x': 553.7360409972958, 'y': 427.5914410219605, 'elapsedTime': 61023.39999997616}",936752497116,5210900752,POINT (0.2884041880194249 0.3959180009462597),,,,,,,,,,,,,,,,,,,,,,,,,,,,,,,,,,,,,,,,,,,,,,,,,,,,,,,,,,,,,,,,,,,,,,,,,,,,,,,,,,,,,,,,,,,,,,,,,,,,,
0,15,28,"{'x': 553.7360409972958, 'y': 427.5914410219605, 'elapsedTime': 61023.39999997616}",936752513783,5210917418,POINT (0.2884041880194249 0.3959180009462597),,,,,,,,,,,,,,,,,,,,,,,,,,,,,,,,,,,,,,,,,,,,,,,,,,,,,,,,,,,,,,,,,,,,,,,,,,,,,,,,,,,,,,,,,,,,,,,,,,,,,
0,15,28,"{'x': 554.3610712703238, 'y': 462.758498133217, 'elapsedTime': 61069.200000047684}",936752530455,5210934089,POINT (0.2887297246199603 0.4284800908640898),,,,,,,,,,,,,,,,,,,,,,,,,,,,,,,,,,,,,,,,,,,,,,,,,,,,,,,,,,,,,,,,,,,,,,,,,,,,,,,,,,,,,,,,,,,,,,,,,,,,,
0,15,28,"{'x': 554.3610712703238, 'y': 462.758498133217, 'elapsedTime': 61069.200000047684}",936752547123,5210950757,POINT (0.2887297246199603 0.4284800908640898),,,,,,,,,,,,,,,,,,,,,,,,,,,,,,,,,,,,,,,,,,,,,,,,,,,,,,,,,,,,,,,,,,,,,,,,,,,,,,,,,,,,,,,,,,,,,,,,,,,,,
0,15,28,"{'x': 504.96582400818914, 'y': 479.9586635546851, 'elapsedTime': 61113.60000002384}",936752563789,5210967423,POINT (0.2630030333375985 0.4444061699580417),,,,,,,,,,,,,,,,,,,,,,,,,,,,,,,,,,,,,,,,,,,,,,,,,,,,,,,,,,,,,,,,,,,,,,,,,,,,,,,,,,,,,,,,,,,,,,,,,,,,,
0,15,28,"{'x': 504.96582400818914, 'y': 479.9586635546851, 'elapsedTime': 61113.60000002384}",936752580456,5210984089,POINT (0.2630030333375985 0.4444061699580417),,,,,,,,,,,,,,,,,,,,,,,,,,,,,,,,,,,,,,,,,,,,,,,,,,,,,,,,,,,,,,,,,,,,,,,,,,,,,,,,,,,,,,,,,,,,,,,,,,,,,
0,15,28,"{'x': 504.96582400818914, 'y': 479.9586635546851, 'elapsedTime': 61113.60000002384}",936752597124,5211000757,POINT (0.2630030333375985 0.4444061699580417),,,,,,,,,,,,,,,,,,,,,,,,,,,,,,,,,,,,,,,,,,,,,,,,,,,,,,,,,,,,,,,,,,,,,,,,,,,,,,,,,,,,,,,,,,,,,,,,,,,,,
0,15,28,"{'x': 505.07063201397216, 'y': 435.6823631893337, 'elapsedTime': 61157.5}",936752613791,5211017423,POINT (0.2630576208406105 0.4034095955456794),,,,,,,,,,,,,,,,,,,,,,,,,,,,,,,,,,,,,,,,,,,,,,,,,,,,,,,,,,,,,,,,,,,,,,,,,,,,,,,,,,,,,,,,,,,,,,,,,,,,,
0,15,28,"{'x': 505.07063201397216, 'y': 435.6823631893337, 'elapsedTime': 61157.5}",936752630458,5211034090,POINT (0.2630576208406105 0.4034095955456794),,,,,,,,,,,,,,,,,,,,,,,,,,,,,,,,,,,,,,,,,,,,,,,,,,,,,,,,,,,,,,,,,,,,,,,,,,,,,,,,,,,,,,,,,,,,,,,,,,,,,
0,15,28,"{'x': 505.07063201397216, 'y': 435.6823631893337, 'elapsedTime': 61157.5}",936752647125,5211050756,POINT (0.2630576208406105 0.4034095955456794),,,,,,,,,,,,,,,,,,,,,,,,,,,,,,,,,,,,,,,,,,,,,,,,,,,,,,,,,,,,,,,,,,,,,,,,,,,,,,,,,,,,,,,,,,,,,,,,,,,,,
0,15,28,"{'x': 566.4498206177316, 'y': 435.6478807737536, 'elapsedTime': 61206.60000002384}",936752663793,5211067424,POINT (0.2950259482384018 0.4033776673831052),,,,,,,,,,,,,,,,,,,,,,,,,,,,,,,,,,,,,,,,,,,,,,,,,,,,,,,,,,,,,,,,,,,,,,,,,,,,,,,,,,,,,,,,,,,,,,,,,,,,,
0,15,28,"{'x': 566.4498206177316, 'y': 435.6478807737536, 'elapsedTime': 61206.60000002384}",936752680461,5211084091,POINT (0.2950259482384018 0.4033776673831052),,,,,,,,,,,,,,,,,,,,,,,,,,,,,,,,,,,,,,,,,,,,,,,,,,,,,,,,,,,,,,,,,,,,,,,,,,,,,,,,,,,,,,,,,,,,,,,,,,,,,
0,15,28,"{'x': 566.4498206177316, 'y': 435.6478807737536, 'elapsedTime': 61206.60000002384}",936752697127,5211100757,POINT (0.2950259482384018 0.4033776673831052),,,,,,,,,,,,,,,,,,,,,,,,,,,,,,,,,,,,,,,,,,,,,,,,,,,,,,,,,,,,,,,,,,,,,,,,,,,,,,,,,,,,,,,,,,,,,,,,,,,,,
0,15,28,"{'x': 566.3506538630959, 'y': 385.1717619212973, 'elapsedTime': 61257.60000002384}",936752713795,5211117424,POINT (0.2949742988870291 0.3566405202974975),,,,,,,,,,,,,,,,,,,,,,,,,,,,,,,,,,,,,,,,,,,,,,,,,,,,,,,,,,,,,,,,,,,,,,,,,,,,,,,,,,,,,,,,,,,,,,,,,,,,,
0,15,28,"{'x': 566.3506538630959, 'y': 385.1717619212973, 'elapsedTime': 61257.60000002384}",936752730463,5211134091,POINT (0.2949742988870291 0.3566405202974975),,,,,,,,,,,,,,,,,,,,,,,,,,,,,,,,,,,,,,,,,,,,,,,,,,,,,,,,,,,,,,,,,,,,,,,,,,,,,,,,,,,,,,,,,,,,,,,,,,,,,
0,15,28,"{'x': 566.3506538630959, 'y': 385.1717619212973, 'elapsedTime': 61257.60000002384}",936752747130,5211150757,POINT (0.2949742988870291 0.3566405202974975),,,,,,,,,,,,,,,,,,,,,,,,,,,,,,,,,,,,,,,,,,,,,,,,,,,,,,,,,,,,,,,,,,,,,,,,,,,,,,,,,,,,,,,,,,,,,,,,,,,,,
0,15,28,"{'x': 565.9607145858539, 'y': 356.9928258251744, 'elapsedTime': 61304}",936752763797,5211167424,POINT (0.2947712055134656 0.3305489128010874),,,,,,,,,,,,,,,,,,,,,,,,,,,,,,,,,,,,,,,,,,,,,,,,,,,,,,,,,,,,,,,,,,,,,,,,,,,,,,,,,,,,,,,,,,,,,,,,,,,,,
0,15,28,"{'x': 565.9607145858539, 'y': 356.9928258251744, 'elapsedTime': 61304}",936752780464,5211184090,POINT (0.2947712055134656 0.3305489128010874),,,,,,,,,,,,,,,,,,,,,,,,,,,,,,,,,,,,,,,,,,,,,,,,,,,,,,,,,,,,,,,,,,,,,,,,,,,,,,,,,,,,,,,,,,,,,,,,,,,,,
0,15,28,"{'x': 565.9607145858539, 'y': 356.9928258251744, 'elapsedTime': 61304}",936752797139,5211200765,POINT (0.2947712055134656 0.3305489128010874),,,,,,,,,,,,,,,,,,,,,,,,,,,,,,,,,,,,,,,,,,,,,,,,,,,,,,,,,,,,,,,,,,,,,,,,,,,,,,,,,,,,,,,,,,,,,,,,,,,,,
0,15,28,"{'x': 597.9131277479794, 'y': 332.8840807612778, 'elapsedTime': 61350.89999997616}",936752813807,5211217432,POINT (0.3114130873687392 0.3082260007048869),,,,,,,,,,,,,,,,,,,,,,,,,,,,,,,,,,,,,,,,,,,,,,,,,,,,,,,,,,,,,,,,,,,,,,,,,,,,,,,,,,,,,,,,,,,,,,,,,,,,,
0,15,28,"{'x': 597.9131277479794, 'y': 332.8840807612778, 'elapsedTime': 61350.89999997616}",936752830473,5211234098,POINT (0.3114130873687392 0.3082260007048869),,,,,,,,,,,,,,,,,,,,,,,,,,,,,,,,,,,,,,,,,,,,,,,,,,,,,,,,,,,,,,,,,,,,,,,,,,,,,,,,,,,,,,,,,,,,,,,,,,,,,
0,15,28,"{'x': 597.9131277479794, 'y': 332.8840807612778, 'elapsedTime': 61350.89999997616}",936752847141,5211250765,POINT (0.3114130873687392 0.3082260007048869),,,,,,,,,,,,,,,,,,,,,,,,,,,,,,,,,,,,,,,,,,,,,,,,,,,,,,,,,,,,,,,,,,,,,,,,,,,,,,,,,,,,,,,,,,,,,,,,,,,,,
0,15,28,"{'x': 602.8571139771007, 'y': 286.079292909236, 'elapsedTime': 61395.800000071526}",936752863807,5211267431,POINT (0.3139880801964066 0.2648882341752185),,,,,,,,,,,,,,,,,,,,,,,,,,,,,,,,,,,,,,,,,,,,,,,,,,,,,,,,,,,,,,,,,,,,,,,,,,,,,,,,,,,,,,,,,,,,,,,,,,,1,1,
0,15,28,"{'x': 602.8571139771007, 'y': 286.079292909236, 'elapsedTime': 61395.800000071526}",936752880475,5211284098,POINT (0.3139880801964066 0.2648882341752185),,,,,,,,,,,,,,,,,,,,,,,,,,,,,,,,,,,,,,,,,,,,,,,,,,,,,,,,,,,,,,,,,,,,,,,,,,,,,,,,,,,,,,,,,,,,,,,,,,,1,1,
0,15,28,"{'x': 531.1505436314935, 'y': 293.3923654483828, 'elapsedTime': 61441.300000071526}",936752897142,5211300765,POINT (0.2766409081414028 0.2716595976373915),,,,,,,,,,,,,,,,,,,,,,,,,,,,,,,,,,,,,,,,,,,,,,,,,,,,,,,,,,,,,,,,,,,,,,,,,,,,,,,1,,,,,,,,,,,,,,,,,,,,1,1,
0,15,28,"{'x': 531.1505436314935, 'y': 293.3923654483828, 'elapsedTime': 61441.300000071526}",936752913812,5211317434,POINT (0.2766409081414028 0.2716595976373915),,,,,,,,,,,,,,,,,,,,,,,,,,,,,,,,,,,,,,,,,,,,,,,,,,,,,,,,,,,,,,,,,,,,,,,,,,,,,,,1,,,,,,,,,,,,,,,,,,,,1,1,
0,15,28,"{'x': 531.1505436314935, 'y': 293.3923654483828, 'elapsedTime': 61441.300000071526}",936752930479,5211334101,POINT (0.2766409081414028 0.2716595976373915),,,,,,,,,,,,,,,,,,,,,,,,,,,,,,,,,,,,,,,,,,,,,,,,,,,,,,,,,,,,,,,,,,,,,,,,,,,,,,,1,,,,,,,,,,,,,,,,,,,,1,1,
0,15,28,"{'x': 538.2559600104805, 'y': 261.3160971955034, 'elapsedTime': 61488.39999997616}",936752947147,5211350768,POINT (0.280341645838792 0.2419593492550957),,,,,,,,,,,,,,,,,,,,,,,,,,,,,,,,,,,,,,,,,,,,,,,,,,,,,,1,,,,,,,,,,,,,,,,,,,,,,,,,,,,,,,,,,,,,,,,,,,,,,1,
0,15,28,"{'x': 538.2559600104805, 'y': 261.3160971955034, 'elapsedTime': 61488.39999997616}",936752963813,5211367434,POINT (0.280341645838792 0.2419593492550957),,,,,,,,,,,,,,,,,,,,,,,,,,,,,,,,,,,,,,,,,,,,,,,,,,,,,,1,,,,,,,,,,,,,,,,,,,,,,,,,,,,,,,,,,,,,,,,,,,,,,1,
0,15,28,"{'x': 538.2559600104805, 'y': 261.3160971955034, 'elapsedTime': 61488.39999997616}",936752980481,5211384101,POINT (0.280341645838792 0.2419593492550957),,,,,,,,,,,,,,,,,,,,,,,,,,,,,,,,,,,,,,,,,,,,,,,,,,,,,,1,,,,,,,,,,,,,,,,,,,,,,,,,,,,,,,,,,,,,,,,,,,,,,1,
0,15,28,"{'x': 533.3620213607498, 'y': 244.6509598154039, 'elapsedTime': 61533.5}",936752997148,5211400768,POINT (0.2777927194587239 0.2265286664957444),,,,,,,,,,,,,,,,,,,,,,,,,,,,,,,,,,,,,,,,,,,,,,,,,,,,,,,,,,,,,,,,,,,,,,,,,,,,,,,,,,,,,,,,,,,,,,,,,,,,1,
0,15,28,"{'x': 533.3620213607498, 'y': 244.6509598154039, 'elapsedTime': 61533.5}",936753013815,5211417434,POINT (0.2777927194587239 0.2265286664957444),,,,,,,,,,,,,,,,,,,,,,,,,,,,,,,,,,,,,,,,,,,,,,,,,,,,,,,,,,,,,,,,,,,,,,,,,,,,,,,,,,,,,,,,,,,,,,,,,,,,1,
0,15,28,"{'x': 533.3620213607498, 'y': 244.6509598154039, 'elapsedTime': 61533.5}",936753030483,5211434101,POINT (0.2777927194587239 0.2265286664957444),,,,,,,,,,,,,,,,,,,,,,,,,,,,,,,,,,,,,,,,,,,,,,,,,,,,,,,,,,,,,,,,,,,,,,,,,,,,,,,,,,,,,,,,,,,,,,,,,,,,1,
0,15,28,"{'x': 533.3620213607498, 'y': 244.6509598154039, 'elapsedTime': 61533.5}",936753047156,5211450773,POINT (0.2777927194587239 0.2265286664957444),,,,,,,,,,,,,,,,,,,,,,,,,,,,,,,,,,,,,,,,,,,,,,,,,,,,,,,,,,,,,,,,,,,,,,,,,,,,,,,,,,,,,,,,,,,,,,,,,,,,1,
0,15,28,"{'x': 532.7796175621263, 'y': 260.59640785993, 'elapsedTime': 61582.800000071526}",936753063822,5211467439,POINT (0.2774893841469408 0.241292970240676),,,,,,,,,,,,,,,,,,,,,,,,,,,,,,,,,,,,,,,,,,,,,,,,,,,,,,,,,,,,,,,,,,,,,,,,,,,,,,,,,,,,,,,,,,,,,,,,,,,,1,
0,15,28,"{'x': 532.7796175621263, 'y': 260.59640785993, 'elapsedTime': 61582.800000071526}",936753080490,5211484106,POINT (0.2774893841469408 0.241292970240676),,,,,,,,,,,,,,,,,,,,,,,,,,,,,,,,,,,,,,,,,,,,,,,,,,,,,,,,,,,,,,,,,,,,,,,,,,,,,,,,,,,,,,,,,,,,,,,,,,,,1,
0,15,28,"{'x': 578.1201401719421, 'y': 230.53821600373124, 'elapsedTime': 61640.60000002384}",936753097157,5211500773,POINT (0.3011042396728865 0.213461311114566),,,,,,,,,,,,,,,,,,,,,,,,,,,,,,,,,,,,,,,,,,,,,,,,,,,,,,,,,,,,,,,,,,,,,,,,,,,,,,,,,,,,,,,,,,,,,,,,,,,,1,
0,15,28,"{'x': 578.1201401719421, 'y': 230.53821600373124, 'elapsedTime': 61640.60000002384}",936753113823,5211517439,POINT (0.3011042396728865 0.213461311114566),,,,,,,,,,,,,,,,,,,,,,,,,,,,,,,,,,,,,,,,,,,,,,,,,,,,,,,,,,,,,,,,,,,,,,,,,,,,,,,,,,,,,,,,,,,,,,,,,,,,1,
0,15,28,"{'x': 578.1201401719421, 'y': 230.53821600373124, 'elapsedTime': 61640.60000002384}",936753130491,5211534106,POINT (0.3011042396728865 0.213461311114566),,,,,,,,,,,,,,,,,,,,,,,,,,,,,,,,,,,,,,,,,,,,,,,,,,,,,,,,,,,,,,,,,,,,,,,,,,,,,,,,,,,,,,,,,,,,,,,,,,,,1,
0,15,28,"{'x': 600.275835291019, 'y': 219.77959054813533, 'elapsedTime': 61686.800000071526}",936753147158,5211550773,POINT (0.3126436642140724 0.2034996208779031),,,,,,,,,,,,,,,,,,,,,,,,,,,,,,,,,,,,,,,,,,,,,,,,,,,,,,,,,,,,,,,,,,,,,,,,,,,,,,,,,,,,,,,,,,,,,,,,,,,,,
0,15,28,"{'x': 600.275835291019, 'y': 219.77959054813533, 'elapsedTime': 61686.800000071526}",936753163825,5211567439,POINT (0.3126436642140724 0.2034996208779031),,,,,,,,,,,,,,,,,,,,,,,,,,,,,,,,,,,,,,,,,,,,,,,,,,,,,,,,,,,,,,,,,,,,,,,,,,,,,,,,,,,,,,,,,,,,,,,,,,,,,
0,15,28,"{'x': 600.275835291019, 'y': 219.77959054813533, 'elapsedTime': 61686.800000071526}",936753180498,5211584112,POINT (0.3126436642140724 0.2034996208779031),,,,,,,,,,,,,,,,,,,,,,,,,,,,,,,,,,,,,,,,,,,,,,,,,,,,,,,,,,,,,,,,,,,,,,,,,,,,,,,,,,,,,,,,,,,,,,,,,,,,,
0,15,28,"{'x': 632.926703510117, 'y': 204.8581697597414, 'elapsedTime': 61733}",936753197165,5211600778,POINT (0.3296493247448526 0.1896834905182791),,,,,,,,,,,,,,,,,,,1,,,,,,,,,,,,,,,,,,,,,,,,,,,,,,,,,,,,,,,,,,,,,,,,,,,,,,,,,,,,,,,,,,,,,,,,,,,,,,,,,,
0,15,28,"{'x': 632.926703510117, 'y': 204.8581697597414, 'elapsedTime': 61733}",936753213834,5211617446,POINT (0.3296493247448526 0.1896834905182791),,,,,,,,,,,,,,,,,,,1,,,,,,,,,,,,,,,,,,,,,,,,,,,,,,,,,,,,,,,,,,,,,,,,,,,,,,,,,,,,,,,,,,,,,,,,,,,,,,,,,,
0,15,28,"{'x': 632.926703510117, 'y': 204.8581697597414, 'elapsedTime': 61733}",936753230500,5211634112,POINT (0.3296493247448526 0.1896834905182791),,,,,,,,,,,,,,,,,,,1,,,,,,,,,,,,,,,,,,,,,,,,,,,,,,,,,,,,,,,,,,,,,,,,,,,,,,,,,,,,,,,,,,,,,,,,,,,,,,,,,,
0,15,28,"{'x': 624.1029965241119, 'y': 180.1033189936964, 'elapsedTime': 61779.300000071526}",936753247166,5211650778,POINT (0.3250536440229749 0.1667623324015707),,,,,,,,,,,,,,,,,,,,,,,,,,,,,,,,,,,,,,,,,,,,,,,,,,,,,,,,,,,,,,,,,,,,,,,,,,,,,,,,,,,,,,,,,,,,,,,,,,,1,,
0,15,28,"{'x': 624.1029965241119, 'y': 180.1033189936964, 'elapsedTime': 61779.300000071526}",936753263835,5211667446,POINT (0.3250536440229749 0.1667623324015707),,,,,,,,,,,,,,,,,,,,,,,,,,,,,,,,,,,,,,,,,,,,,,,,,,,,,,,,,,,,,,,,,,,,,,,,,,,,,,,,,,,,,,,,,,,,,,,,,,,1,,
0,15,28,"{'x': 546.5228645365255, 'y': 198.870364451071, 'elapsedTime': 61823.10000002384}",936753280501,5211684112,POINT (0.2846473252794404 0.1841392263435843),,,,,,,,,,,,,,,,,,,,,,,,,,,,,,,,,,,,,,,,,,,,,,,,,,,,,,,,,,,,,,,,,,,,,,,,,,,,,,,,,,,,,,,,,,,,,,,,,,,,,
0,15,28,"{'x': 546.5228645365255, 'y': 198.870364451071, 'elapsedTime': 61823.10000002384}",936753297169,5211700779,POINT (0.2846473252794404 0.1841392263435843),,,,,,,,,,,,,,,,,,,,,,,,,,,,,,,,,,,,,,,,,,,,,,,,,,,,,,,,,,,,,,,,,,,,,,,,,,,,,,,,,,,,,,,,,,,,,,,,,,,,,
0,15,28,"{'x': 546.5228645365255, 'y': 198.870364451071, 'elapsedTime': 61823.10000002384}",936753313840,5211717449,POINT (0.2846473252794404 0.1841392263435843),,,,,,,,,,,,,,,,,,,,,,,,,,,,,,,,,,,,,,,,,,,,,,,,,,,,,,,,,,,,,,,,,,,,,,,,,,,,,,,,,,,,,,,,,,,,,,,,,,,,,
0,15,28,"{'x': 548.6834655620053, 'y': 231.55710921199005, 'elapsedTime': 61868.800000071526}",936753330508,5211734116,POINT (0.2857726383135444 0.2144047307518426),,,,,,,,,,,,,,,,,,,,,,,,,,,,,,,,1,,,,,,,,,,,,,,,,,,,,,,,,,,,,,,,,,,,,,,,,,,,,,,,,,,,,,,,,,,,,,,,,,,,,1,
0,15,28,"{'x': 548.6834655620053, 'y': 231.55710921199005, 'elapsedTime': 61868.800000071526}",936753347175,5211750783,POINT (0.2857726383135444 0.2144047307518426),,,,,,,,,,,,,,,,,,,,,,,,,,,,,,,,1,,,,,,,,,,,,,,,,,,,,,,,,,,,,,,,,,,,,,,,,,,,,,,,,,,,,,,,,,,,,,,,,,,,,1,
0,15,28,"{'x': 548.6834655620053, 'y': 231.55710921199005, 'elapsedTime': 61868.800000071526}",936753363843,5211767450,POINT (0.2857726383135444 0.2144047307518426),,,,,,,,,,,,,,,,,,,,,,,,,,,,,,,,1,,,,,,,,,,,,,,,,,,,,,,,,,,,,,,,,,,,,,,,,,,,,,,,,,,,,,,,,,,,,,,,,,,,,1,
0,15,28,"{'x': 578.921767550818, 'y': 280.4964490276833, 'elapsedTime': 61917.300000071526}",936753380509,5211784116,POINT (0.3015217539327177 0.259718934284892),,,,,,,,,,,,,,,,,,,,,,,,,,,,,,,,,,,,,,,,,,,,,,,,,,,,,,,,,,,,,,,,,,,,,,,,,,,,,,,,,,,,,,,,,,,,,,,,,,,,1,
0,15,28,"{'x': 578.921767550818, 'y': 280.4964490276833, 'elapsedTime': 61917.300000071526}",936753397177,5211800783,POINT (0.3015217539327177 0.259718934284892),,,,,,,,,,,,,,,,,,,,,,,,,,,,,,,,,,,,,,,,,,,,,,,,,,,,,,,,,,,,,,,,,,,,,,,,,,,,,,,,,,,,,,,,,,,,,,,,,,,,1,
0,15,28,"{'x': 578.921767550818, 'y': 280.4964490276833, 'elapsedTime': 61917.300000071526}",936753413844,5211817450,POINT (0.3015217539327177 0.259718934284892),,,,,,,,,,,,,,,,,,,,,,,,,,,,,,,,,,,,,,,,,,,,,,,,,,,,,,,,,,,,,,,,,,,,,,,,,,,,,,,,,,,,,,,,,,,,,,,,,,,,1,
0,15,28,"{'x': 526.5912019729469, 'y': 303.28781682160036, 'elapsedTime': 61965.10000002384}",936753430511,5211834116,POINT (0.2742662510275765 0.2808220526125929),,,,,,,,,,,,,,,,,,,,,,,,,,,,,,,,,,,,,,,,,,,,,,,,,,,,,,,,,,,,,,,,,,,,,,,,,,,,,,,,,,,,,,,,,,,,,,,,,,,1,1,
0,15,28,"{'x': 526.5912019729469, 'y': 303.28781682160036, 'elapsedTime': 61965.10000002384}",936753447181,5211850786,POINT (0.2742662510275765 0.2808220526125929),,,,,,,,,,,,,,,,,,,,,,,,,,,,,,,,,,,,,,,,,,,,,,,,,,,,,,,,,,,,,,,,,,,,,,,,,,,,,,,,,,,,,,,,,,,,,,,,,,,1,1,
0,15,28,"{'x': 617.0154343681507, 'y': 269.47731882454895, 'elapsedTime': 62010.89999997616}",936753463848,5211867452,POINT (0.3213622054000785 0.2495160359486564),,,,,,,,,,,,,,,,,,,,,,,,,,,,,,,,,,,,,,,,,,,,,,,,,,,,,,,,,,,,,,,,,,,,,,,,,,,,,,,,,,,,,,,,,,,,,,,,,,,,1,
0,15,28,"{'x': 617.0154343681507, 'y': 269.47731882454895, 'elapsedTime': 62010.89999997616}",936753480515,5211884119,POINT (0.3213622054000785 0.2495160359486564),,,,,,,,,,,,,,,,,,,,,,,,,,,,,,,,,,,,,,,,,,,,,,,,,,,,,,,,,,,,,,,,,,,,,,,,,,,,,,,,,,,,,,,,,,,,,,,,,,,,1,
0,15,28,"{'x': 617.0154343681507, 'y': 269.47731882454895, 'elapsedTime': 62010.89999997616}",936753497182,5211900785,POINT (0.3213622054000785 0.2495160359486564),,,,,,,,,,,,,,,,,,,,,,,,,,,,,,,,,,,,,,,,,,,,,,,,,,,,,,,,,,,,,,,,,,,,,,,,,,,,,,,,,,,,,,,,,,,,,,,,,,,,1,
0,15,28,"{'x': 598.0311638810135, 'y': 294.8224698039432, 'elapsedTime': 62057.39999997616}",936753513849,5211917452,POINT (0.3114745645213612 0.2729837683369845),,,,,,,,,,,,,,,,,,,,,,,,,,,,,,,,,,,,,,,,,,,,,,,,,,,,,,,,,,,,,,,,,,,,,,,,,,,,,,,,,,,,,,,,,,,,,,,,,,,1,1,
0,15,28,"{'x': 598.0311638810135, 'y': 294.8224698039432, 'elapsedTime': 62057.39999997616}",936753530517,5211934119,POINT (0.3114745645213612 0.2729837683369845),,,,,,,,,,,,,,,,,,,,,,,,,,,,,,,,,,,,,,,,,,,,,,,,,,,,,,,,,,,,,,,,,,,,,,,,,,,,,,,,,,,,,,,,,,,,,,,,,,,1,1,
0,15,28,"{'x': 598.0311638810135, 'y': 294.8224698039432, 'elapsedTime': 62057.39999997616}",936753547183,5211950785,POINT (0.3114745645213612 0.2729837683369845),,,,,,,,,,,,,,,,,,,,,,,,,,,,,,,,,,,,,,,,,,,,,,,,,,,,,,,,,,,,,,,,,,,,,,,,,,,,,,,,,,,,,,,,,,,,,,,,,,,1,1,
0,15,28,"{'x': 588.0052709189329, 'y': 261.4957592571639, 'elapsedTime': 62102.200000047684}",936753563852,5211967453,POINT (0.3062527452702775 0.2421257030158925),,,,,,,,,,,,,,,,,,,,,,,,,,,,,,,,,,,,,,,,,,,,,,,,,,,,,,,,,,,,,,,,,,,,,,,,,,,,,,,,,,,,,,,,,,,,,,,,,,,,1,
0,15,28,"{'x': 588.0052709189329, 'y': 261.4957592571639, 'elapsedTime': 62102.200000047684}",936753580525,5211984126,POINT (0.3062527452702775 0.2421257030158925),,,,,,,,,,,,,,,,,,,,,,,,,,,,,,,,,,,,,,,,,,,,,,,,,,,,,,,,,,,,,,,,,,,,,,,,,,,,,,,,,,,,,,,,,,,,,,,,,,,,1,
0,15,28,"{'x': 588.0052709189329, 'y': 261.4957592571639, 'elapsedTime': 62102.200000047684}",936753597193,5212000793,POINT (0.3062527452702775 0.2421257030158925),,,,,,,,,,,,,,,,,,,,,,,,,,,,,,,,,,,,,,,,,,,,,,,,,,,,,,,,,,,,,,,,,,,,,,,,,,,,,,,,,,,,,,,,,,,,,,,,,,,,1,
0,15,28,"{'x': 490.2290519175026, 'y': 340.6845164972825, 'elapsedTime': 62146.200000047684}",936753613860,5212017459,POINT (0.2553276312070326 0.3154486263863727),,,,,,,,,,,,,,,,,,,,,,,,,,,,,,,,,,,,,,,,,,,,,,,,,,,,,,,,,,,,,,,,,,,,,,,,,,,,,,,,,,,,,,,,,,,,,,,,,,,,,
0,15,28,"{'x': 490.2290519175026, 'y': 340.6845164972825, 'elapsedTime': 62146.200000047684}",936753630528,5212034126,POINT (0.2553276312070326 0.3154486263863727),,,,,,,,,,,,,,,,,,,,,,,,,,,,,,,,,,,,,,,,,,,,,,,,,,,,,,,,,,,,,,,,,,,,,,,,,,,,,,,,,,,,,,,,,,,,,,,,,,,,,
0,15,28,"{'x': 511.48482235721696, 'y': 304.95724343178995, 'elapsedTime': 62192.5}",936753647195,5212050793,POINT (0.2663983449777171 0.2823678179923981),,,,,,,,,,,,,,,,,,,,,,,,,,,,,,,,,,,,,,,,,,,,,,,,,,,,,,,,,,,,,,,,,,,,,,,,,,,,,,,,,,,,,,,,,,,,,,,,,,,1,,
0,15,28,"{'x': 511.48482235721696, 'y': 304.95724343178995, 'elapsedTime': 62192.5}",936753663861,5212067459,POINT (0.2663983449777171 0.2823678179923981),,,,,,,,,,,,,,,,,,,,,,,,,,,,,,,,,,,,,,,,,,,,,,,,,,,,,,,,,,,,,,,,,,,,,,,,,,,,,,,,,,,,,,,,,,,,,,,,,,,1,,
0,15,28,"{'x': 511.48482235721696, 'y': 304.95724343178995, 'elapsedTime': 62192.5}",936753680529,5212084126,POINT (0.2663983449777171 0.2823678179923981),,,,,,,,,,,,,,,,,,,,,,,,,,,,,,,,,,,,,,,,,,,,,,,,,,,,,,,,,,,,,,,,,,,,,,,,,,,,,,,,,,,,,,,,,,,,,,,,,,,1,,
0,15,28,"{'x': 497.39842616947783, 'y': 317.0195327479054, 'elapsedTime': 62237.60000002384}",936753697196,5212100793,POINT (0.259061680296603 0.2935366043962087),,,,,,,,,,,,,,,,,,,,,,,,,,,,,,,,,,,,,,,,,,,,,,,,,,,,,,,,,,,,,,,,,,,,,,,,,,,,,,,,,,,,,,,,,,,,,,,,,,,1,,
0,15,28,"{'x': 497.39842616947783, 'y': 317.0195327479054, 'elapsedTime': 62237.60000002384}",936753713868,5212117464,POINT (0.259061680296603 0.2935366043962087),,,,,,,,,,,,,,,,,,,,,,,,,,,,,,,,,,,,,,,,,,,,,,,,,,,,,,,,,,,,,,,,,,,,,,,,,,,,,,,,,,,,,,,,,,,,,,,,,,,1,,
0,15,28,"{'x': 497.39842616947783, 'y': 317.0195327479054, 'elapsedTime': 62237.60000002384}",936753730535,5212134131,POINT (0.259061680296603 0.2935366043962087),,,,,,,,,,,,,,,,,,,,,,,,,,,,,,,,,,,,,,,,,,,,,,,,,,,,,,,,,,,,,,,,,,,,,,,,,,,,,,,,,,,,,,,,,,,,,,,,,,,1,,
0,15,28,"{'x': 445.5988290711198, 'y': 317.1120804376378, 'elapsedTime': 62282.700000047684}",936753747203,5212150798,POINT (0.2320827234745416 0.2936222967015165),,,,,,,,,,,,,,,,,,,,,,,,,,,,,,,,,,,,,,,,,,,,,,,,,,,,,,,,,,,,,,,,,,,,,,,,,,,,,,,,,,,,,,,,,,,,,,,,,,,1,,
0,15,28,"{'x': 445.5988290711198, 'y': 317.1120804376378, 'elapsedTime': 62282.700000047684}",936753763870,5212167464,POINT (0.2320827234745416 0.2936222967015165),,,,,,,,,,,,,,,,,,,,,,,,,,,,,,,,,,,,,,,,,,,,,,,,,,,,,,,,,,,,,,,,,,,,,,,,,,,,,,,,,,,,,,,,,,,,,,,,,,,1,,
0,15,28,"{'x': 445.5988290711198, 'y': 317.1120804376378, 'elapsedTime': 62282.700000047684}",936753780537,5212184131,POINT (0.2320827234745416 0.2936222967015165),,,,,,,,,,,,,,,,,,,,,,,,,,,,,,,,,,,,,,,,,,,,,,,,,,,,,,,,,,,,,,,,,,,,,,,,,,,,,,,,,,,,,,,,,,,,,,,,,,,1,,
0,15,28,"{'x': 456.31002271039347, 'y': 317.89009730976625, 'elapsedTime': 62333.700000047684}",936753797204,5212200797,POINT (0.2376614701616632 0.294342682694228),,,,,,,,,,,,,,,,,,,,,,,,,,,,,,,,,,,,,,,,,,,,,,,,,,,,,,,,,,,,,,,,,,,,,,,,,,,,,,,,,,,,,,,,,,,,,,,,,,,1,,
0,15,28,"{'x': 456.31002271039347, 'y': 317.89009730976625, 'elapsedTime': 62333.700000047684}",936753813871,5212217464,POINT (0.2376614701616632 0.294342682694228),,,,,,,,,,,,,,,,,,,,,,,,,,,,,,,,,,,,,,,,,,,,,,,,,,,,,,,,,,,,,,,,,,,,,,,,,,,,,,,,,,,,,,,,,,,,,,,,,,,1,,
0,15,28,"{'x': 456.31002271039347, 'y': 317.89009730976625, 'elapsedTime': 62333.700000047684}",936753830540,5212234132,POINT (0.2376614701616632 0.294342682694228),,,,,,,,,,,,,,,,,,,,,,,,,,,,,,,,,,,,,,,,,,,,,,,,,,,,,,,,,,,,,,,,,,,,,,,,,,,,,,,,,,,,,,,,,,,,,,,,,,,1,,
0,15,28,"{'x': 490.51130815335233, 'y': 325.6229437916466, 'elapsedTime': 62383.60000002384}",936753847207,5212250799,POINT (0.2554746396632043 0.3015027257330061),,,,,,,,,,,,,,,,,,,,,,,,,,,,,,,,,,,,,,,,,,,,,,,,,,,,,,,,,,,,,,,,,,,,,,,,,,,,,,,,,,,,,,,,,,,,,,,,,,,,,
0,15,28,"{'x': 490.51130815335233, 'y': 325.6229437916466, 'elapsedTime': 62383.60000002384}",936753863874,5212267465,POINT (0.2554746396632043 0.3015027257330061),,,,,,,,,,,,,,,,,,,,,,,,,,,,,,,,,,,,,,,,,,,,,,,,,,,,,,,,,,,,,,,,,,,,,,,,,,,,,,,,,,,,,,,,,,,,,,,,,,,,,
0,15,28,"{'x': 525.9057064388039, 'y': 296.933557764852, 'elapsedTime': 62430.89999997616}",936753880541,5212284132,POINT (0.2739092221035437 0.2749384794119),,,,,,,,,,,,,,,,,,,,,,,,,,,,,,,,,,,,,,,,,,,,,,,,,,,,,,,,,,,,,,,,,,,,,,,,,,,,,,,1,,,,,,,,,,,,,,,,,,,,1,1,
0,15,28,"{'x': 525.9057064388039, 'y': 296.933557764852, 'elapsedTime': 62430.89999997616}",936753897209,5212300799,POINT (0.2739092221035437 0.2749384794119),,,,,,,,,,,,,,,,,,,,,,,,,,,,,,,,,,,,,,,,,,,,,,,,,,,,,,,,,,,,,,,,,,,,,,,,,,,,,,,1,,,,,,,,,,,,,,,,,,,,1,1,
0,15,28,"{'x': 525.9057064388039, 'y': 296.933557764852, 'elapsedTime': 62430.89999997616}",936753913876,5212317465,POINT (0.2739092221035437 0.2749384794119),,,,,,,,,,,,,,,,,,,,,,,,,,,,,,,,,,,,,,,,,,,,,,,,,,,,,,,,,,,,,,,,,,,,,,,,,,,,,,,1,,,,,,,,,,,,,,,,,,,,1,1,
0,15,28,"{'x': 525.9057064388039, 'y': 296.933557764852, 'elapsedTime': 62430.89999997616}",936753930543,5212334132,POINT (0.2739092221035437 0.2749384794119),,,,,,,,,,,,,,,,,,,,,,,,,,,,,,,,,,,,,,,,,,,,,,,,,,,,,,,,,,,,,,,,,,,,,,,,,,,,,,,1,,,,,,,,,,,,,,,,,,,,1,1,
0,15,28,"{'x': 589.5359157116716, 'y': 287.9953642914782, 'elapsedTime': 62478.800000071526}",936753947211,5212350799,POINT (0.3070499560998289 0.2666623743439613),,,,,,,,,,,,,,,,,,,,,,,,,,,,,,,,,,,,,,,,,,,,,,,,,,,,,,,,,,,,,,,,,,,,,,,,,,,,,,,,,,,,,,,,,,,,,,,,,,,1,1,
0,15,28,"{'x': 589.5359157116716, 'y': 287.9953642914782, 'elapsedTime': 62478.800000071526}",936753963883,5212367471,POINT (0.3070499560998289 0.2666623743439613),,,,,,,,,,,,,,,,,,,,,,,,,,,,,,,,,,,,,,,,,,,,,,,,,,,,,,,,,,,,,,,,,,,,,,,,,,,,,,,,,,,,,,,,,,,,,,,,,,,1,1,
0,15,28,"{'x': 610.0052754190963, 'y': 234.9051149915475, 'elapsedTime': 62524.700000047684}",936753980551,5212384138,POINT (0.317711080947446 0.2175047361032847),,,,,,,,,,,,,,,,,,,,,,,,,,,,,,,,,1,,,,,,,,,,,,,,,,,,,,,,,,,,,,,,,,,,,,,,,,,,,,,,,,,,,,,,,,,,,,,,,,,,,1,
0,15,28,"{'x': 610.0052754190963, 'y': 234.9051149915475, 'elapsedTime': 62524.700000047684}",936753997218,5212400805,POINT (0.317711080947446 0.2175047361032847),,,,,,,,,,,,,,,,,,,,,,,,,,,,,,,,,1,,,,,,,,,,,,,,,,,,,,,,,,,,,,,,,,,,,,,,,,,,,,,,,,,,,,,,,,,,,,,,,,,,,1,
0,15,28,"{'x': 610.0052754190963, 'y': 234.9051149915475, 'elapsedTime': 62524.700000047684}",936754013885,5212417471,POINT (0.317711080947446 0.2175047361032847),,,,,,,,,,,,,,,,,,,,,,,,,,,,,,,,,1,,,,,,,,,,,,,,,,,,,,,,,,,,,,,,,,,,,,,,,,,,,,,,,,,,,,,,,,,,,,,,,,,,,1,
0,15,28,"{'x': 610.0052754190963, 'y': 234.9051149915475, 'elapsedTime': 62524.700000047684}",936754030552,5212434138,POINT (0.317711080947446 0.2175047361032847),,,,,,,,,,,,,,,,,,,,,,,,,,,,,,,,,1,,,,,,,,,,,,,,,,,,,,,,,,,,,,,,,,,,,,,,,,,,,,,,,,,,,,,,,,,,,,,,,,,,,1,
0,15,28,"{'x': 604.5034884263202, 'y': 219.80374315612576, 'elapsedTime': 62569}",936754047220,5212450805,POINT (0.3148455668887085 0.2035219844038202),,,,,,,,,,,,,,,,,,,,,,,,,,,,,,,,,,,,,,,,,,,,,,,,,,,,,,,,,,,,,,,,,,,,,,,,,,,,,,,,,,,,,,,,,,,,,,,,,,,,,
0,15,28,"{'x': 604.5034884263202, 'y': 219.80374315612576, 'elapsedTime': 62569}",936754063887,5212467471,POINT (0.3148455668887085 0.2035219844038202),,,,,,,,,,,,,,,,,,,,,,,,,,,,,,,,,,,,,,,,,,,,,,,,,,,,,,,,,,,,,,,,,,,,,,,,,,,,,,,,,,,,,,,,,,,,,,,,,,,,,
0,15,28,"{'x': 604.5034884263202, 'y': 219.80374315612576, 'elapsedTime': 62569}",936754080553,5212484137,POINT (0.3148455668887085 0.2035219844038202),,,,,,,,,,,,,,,,,,,,,,,,,,,,,,,,,,,,,,,,,,,,,,,,,,,,,,,,,,,,,,,,,,,,,,,,,,,,,,,,,,,,,,,,,,,,,,,,,,,,,
0,15,28,"{'x': 651.0866977855588, 'y': 214.83333390798109, 'elapsedTime': 62631.39999997616}",936754097225,5212500809,POINT (0.3391076550966453 0.198919753618501),,,,,,,,,,,,,,,,,,,,,,,,,,,,,,,,,,,,,,,,,,,,,,,,,,,,,,,,,,,,,,,,,,,,,,,,,,,,,,,,,,,,,,,,,,,,,,,,,,,,,
0,15,28,"{'x': 651.0866977855588, 'y': 214.83333390798109, 'elapsedTime': 62631.39999997616}",936754113893,5212517476,POINT (0.3391076550966453 0.198919753618501),,,,,,,,,,,,,,,,,,,,,,,,,,,,,,,,,,,,,,,,,,,,,,,,,,,,,,,,,,,,,,,,,,,,,,,,,,,,,,,,,,,,,,,,,,,,,,,,,,,,,
0,15,28,"{'x': 651.0866977855588, 'y': 214.83333390798109, 'elapsedTime': 62631.39999997616}",936754130560,5212534143,POINT (0.3391076550966453 0.198919753618501),,,,,,,,,,,,,,,,,,,,,,,,,,,,,,,,,,,,,,,,,,,,,,,,,,,,,,,,,,,,,,,,,,,,,,,,,,,,,,,,,,,,,,,,,,,,,,,,,,,,,
0,15,28,"{'x': 600.6489097031981, 'y': 246.57453508348107, 'elapsedTime': 62676.89999997616}",936754147228,5212550810,POINT (0.312837973803749 0.2283097547069269),,,,,,,,,,,,,,,,,,,,,,,,,,,,,,,,,,,,,,,,,,,,,,,,,,,,,,,1,,,,,,,,,,,,,,,,,,,,,,,,,,,,,,,,,,,,,,,,,,,,,1,
0,15,28,"{'x': 600.6489097031981, 'y': 246.57453508348107, 'elapsedTime': 62676.89999997616}",936754163894,5212567476,POINT (0.312837973803749 0.2283097547069269),,,,,,,,,,,,,,,,,,,,,,,,,,,,,,,,,,,,,,,,,,,,,,,,,,,,,,,1,,,,,,,,,,,,,,,,,,,,,,,,,,,,,,,,,,,,,,,,,,,,,1,
0,15,28,"{'x': 541.4371065818368, 'y': 368.84406794268034, 'elapsedTime': 62723.5}",936754180561,5212584142,POINT (0.2819984930113734 0.3415222851321114),,,,,,,,,,,,,,,,,,,,,,,,,,,,,,,,,,,,,,,,,,,,,,,,,,,,,,,,,,,,,,,,,,,,,,,,,,,,,,,,,,,,,,,,,,,,,,,,,,,,,
0,15,28,"{'x': 369.09058085391683, 'y': 445.66750345008245, 'elapsedTime': 62769.300000071526}",936754197229,5212600809,POINT (0.1922346775280817 0.4126550957871134),,,,,,,,,,,,,,,,,,,,,,,,,,,,,,,,,,,,,,,,,,,,,,,,,,,,,,,,,,,,,,,,,,,,,,,,,,,,,,,,,,,,,,,,,,,,,,,,,,,,,
0,15,28,"{'x': 369.09058085391683, 'y': 445.66750345008245, 'elapsedTime': 62769.300000071526}",936754213896,5212617476,POINT (0.1922346775280817 0.4126550957871134),,,,,,,,,,,,,,,,,,,,,,,,,,,,,,,,,,,,,,,,,,,,,,,,,,,,,,,,,,,,,,,,,,,,,,,,,,,,,,,,,,,,,,,,,,,,,,,,,,,,,
0,15,28,"{'x': 369.09058085391683, 'y': 445.66750345008245, 'elapsedTime': 62769.300000071526}",936754230569,5212634148,POINT (0.1922346775280817 0.4126550957871134),,,,,,,,,,,,,,,,,,,,,,,,,,,,,,,,,,,,,,,,,,,,,,,,,,,,,,,,,,,,,,,,,,,,,,,,,,,,,,,,,,,,,,,,,,,,,,,,,,,,,
0,15,28,"{'x': 369.09058085391683, 'y': 445.66750345008245, 'elapsedTime': 62769.300000071526}",936754247235,5212650814,POINT (0.1922346775280817 0.4126550957871134),,,,,,,,,,,,,,,,,,,,,,,,,,,,,,,,,,,,,,,,,,,,,,,,,,,,,,,,,,,,,,,,,,,,,,,,,,,,,,,,,,,,,,,,,,,,,,,,,,,,,
0,15,28,"{'x': 317.84655814709873, 'y': 522.5623602353496, 'elapsedTime': 62820.5}",936754263903,5212667481,POINT (0.1655450823682806 0.4838540372549534),,,,,,,,,,,,,,,,,,,,,,,,,,,,,,,,,,,,,,,,,,,,,,,,,,,,,,,,,,,,,,,,,,,,,,,,,,,,,,,,,,,,,,,,,,,,,,,,,,,,,
0,15,28,"{'x': 317.84655814709873, 'y': 522.5623602353496, 'elapsedTime': 62820.5}",936754280569,5212684147,POINT (0.1655450823682806 0.4838540372549534),,,,,,,,,,,,,,,,,,,,,,,,,,,,,,,,,,,,,,,,,,,,,,,,,,,,,,,,,,,,,,,,,,,,,,,,,,,,,,,,,,,,,,,,,,,,,,,,,,,,,
0,15,28,"{'x': 317.84655814709873, 'y': 522.5623602353496, 'elapsedTime': 62820.5}",936754297237,5212700814,POINT (0.1655450823682806 0.4838540372549534),,,,,,,,,,,,,,,,,,,,,,,,,,,,,,,,,,,,,,,,,,,,,,,,,,,,,,,,,,,,,,,,,,,,,,,,,,,,,,,,,,,,,,,,,,,,,,,,,,,,,
0,15,28,"{'x': 317.84655814709873, 'y': 522.5623602353496, 'elapsedTime': 62820.5}",936754313905,5212717481,POINT (0.1655450823682806 0.4838540372549534),,,,,,,,,,,,,,,,,,,,,,,,,,,,,,,,,,,,,,,,,,,,,,,,,,,,,,,,,,,,,,,,,,,,,,,,,,,,,,,,,,,,,,,,,,,,,,,,,,,,,
0,15,28,"{'x': 407.4588596999195, 'y': 420.5096586617204, 'elapsedTime': 62869}",936754330572,5212734148,POINT (0.2122181560937081 0.3893607950571485),,,,,,,,,,,,,,,,,,,,,,,,,,,,,,,,,,,,,,,,,,,,,,,,,,,,,,,,,,,,,,,,,,,,,,,,,,,,,,,,,,,,,,,,,,,,,,,,,,,,,
0,15,28,"{'x': 407.4588596999195, 'y': 420.5096586617204, 'elapsedTime': 62869}",936754347239,5212750814,POINT (0.2122181560937081 0.3893607950571485),,,,,,,,,,,,,,,,,,,,,,,,,,,,,,,,,,,,,,,,,,,,,,,,,,,,,,,,,,,,,,,,,,,,,,,,,,,,,,,,,,,,,,,,,,,,,,,,,,,,,
0,15,28,"{'x': 407.4588596999195, 'y': 420.5096586617204, 'elapsedTime': 62869}",936754363912,5212767487,POINT (0.2122181560937081 0.3893607950571485),,,,,,,,,,,,,,,,,,,,,,,,,,,,,,,,,,,,,,,,,,,,,,,,,,,,,,,,,,,,,,,,,,,,,,,,,,,,,,,,,,,,,,,,,,,,,,,,,,,,,
0,15,28,"{'x': 436.57687181627233, 'y': 375.36468986953474, 'elapsedTime': 62918.200000047684}",936754380579,5212784153,POINT (0.2273837874043085 0.347559898027347),,,,,,,,,,,,,,,,,,,,,,,,,,,,,,,,,,,,,,,,,,,,,,,,,,,,,,,,,,,,,,,,,,,,,,,,,,,,,,,,,,,,,,,,,,,,,,,,,,,,,
0,15,28,"{'x': 436.57687181627233, 'y': 375.36468986953474, 'elapsedTime': 62918.200000047684}",936754397246,5212800820,POINT (0.2273837874043085 0.347559898027347),,,,,,,,,,,,,,,,,,,,,,,,,,,,,,,,,,,,,,,,,,,,,,,,,,,,,,,,,,,,,,,,,,,,,,,,,,,,,,,,,,,,,,,,,,,,,,,,,,,,,
0,15,28,"{'x': 436.57687181627233, 'y': 375.36468986953474, 'elapsedTime': 62918.200000047684}",936754413914,5212817487,POINT (0.2273837874043085 0.347559898027347),,,,,,,,,,,,,,,,,,,,,,,,,,,,,,,,,,,,,,,,,,,,,,,,,,,,,,,,,,,,,,,,,,,,,,,,,,,,,,,,,,,,,,,,,,,,,,,,,,,,,
0,15,28,"{'x': 393.6080793966462, 'y': 375.12100751888295, 'elapsedTime': 62965.300000071526}",936754430581,5212834154,POINT (0.2050042080190866 0.3473342662211879),,,,,,,,,,,,,,,,,,,,,,,,,,,,,,,,,,,,,,,,,,,,,,,,,,,,,,,,,,,,,,,,,,,,,,,,,,,,,,,,,,,,,,,,,,,,,,,,,,,,,
0,15,28,"{'x': 393.6080793966462, 'y': 375.12100751888295, 'elapsedTime': 62965.300000071526}",936754447248,5212850820,POINT (0.2050042080190866 0.3473342662211879),,,,,,,,,,,,,,,,,,,,,,,,,,,,,,,,,,,,,,,,,,,,,,,,,,,,,,,,,,,,,,,,,,,,,,,,,,,,,,,,,,,,,,,,,,,,,,,,,,,,,
0,15,28,"{'x': 393.6080793966462, 'y': 375.12100751888295, 'elapsedTime': 62965.300000071526}",936754463914,5212867486,POINT (0.2050042080190866 0.3473342662211879),,,,,,,,,,,,,,,,,,,,,,,,,,,,,,,,,,,,,,,,,,,,,,,,,,,,,,,,,,,,,,,,,,,,,,,,,,,,,,,,,,,,,,,,,,,,,,,,,,,,,
0,15,28,"{'x': 302.4911892381945, 'y': 347.5425167151078, 'elapsedTime': 63013}",936754480583,5212884154,POINT (0.157547494394893 0.3217986265880628),,,,,,,,,,,,,,,,,,,,,,,,,,,,,,,,,,,,,,,,,,,,,,,,,,,,,,,,,,,,,,,,,,,,,,,,,,,,,,,,,,,,,,,,,,,,,,,,,,,,,
0,15,28,"{'x': 302.4911892381945, 'y': 347.5425167151078, 'elapsedTime': 63013}",936754497252,5212900822,POINT (0.157547494394893 0.3217986265880628),,,,,,,,,,,,,,,,,,,,,,,,,,,,,,,,,,,,,,,,,,,,,,,,,,,,,,,,,,,,,,,,,,,,,,,,,,,,,,,,,,,,,,,,,,,,,,,,,,,,,
0,15,28,"{'x': 302.4911892381945, 'y': 347.5425167151078, 'elapsedTime': 63013}",936754513919,5212917489,POINT (0.157547494394893 0.3217986265880628),,,,,,,,,,,,,,,,,,,,,,,,,,,,,,,,,,,,,,,,,,,,,,,,,,,,,,,,,,,,,,,,,,,,,,,,,,,,,,,,,,,,,,,,,,,,,,,,,,,,,
0,15,28,"{'x': 311.0604947563593, 'y': 339.1939458892216, 'elapsedTime': 63062.10000002384}",936754530586,5212934155,POINT (0.1620106743522705 0.3140684684159459),,,,,,,,,,,,,,,,,,,,,,,,,,,,,,,,,,,,,,,,,,,,,,,,,,,,,,,,,,,,,,,,,,,,,,,,,,,,,,,,,,,,,,,,,,,,,,,,,,,,,
0,15,28,"{'x': 311.0604947563593, 'y': 339.1939458892216, 'elapsedTime': 63062.10000002384}",936754547253,5212950822,POINT (0.1620106743522705 0.3140684684159459),,,,,,,,,,,,,,,,,,,,,,,,,,,,,,,,,,,,,,,,,,,,,,,,,,,,,,,,,,,,,,,,,,,,,,,,,,,,,,,,,,,,,,,,,,,,,,,,,,,,,
0,15,28,"{'x': 292.8832906541793, 'y': 281.23303966948635, 'elapsedTime': 63107.89999997616}",936754563921,5212967489,POINT (0.1525433805490517 0.2604009626569318),,,,,,,,,,,,,,,,,,,,,,,,,,,,,,,,,,,,,,,,,,,,,,,,,,,,,,,,,,,,,,,,,,,,,,,,,,,,,,,,,,,,,,,,,,,,,,,,,,,,,
0,15,28,"{'x': 292.8832906541793, 'y': 281.23303966948635, 'elapsedTime': 63107.89999997616}",936754580588,5212984156,POINT (0.1525433805490517 0.2604009626569318),,,,,,,,,,,,,,,,,,,,,,,,,,,,,,,,,,,,,,,,,,,,,,,,,,,,,,,,,,,,,,,,,,,,,,,,,,,,,,,,,,,,,,,,,,,,,,,,,,,,,
0,15,28,"{'x': 292.8832906541793, 'y': 281.23303966948635, 'elapsedTime': 63107.89999997616}",936754597255,5213000822,POINT (0.1525433805490517 0.2604009626569318),,,,,,,,,,,,,,,,,,,,,,,,,,,,,,,,,,,,,,,,,,,,,,,,,,,,,,,,,,,,,,,,,,,,,,,,,,,,,,,,,,,,,,,,,,,,,,,,,,,,,
0,15,28,"{'x': 317.61666955129067, 'y': 294.54090858968044, 'elapsedTime': 63154.60000002384}",936754613922,5213017488,POINT (0.1654253487246306 0.2727230635089634),,,,,,,,,,,,,,,,,,,,,,,,,,,,,,,,,,,,,,,,,,,,,,,,,,,,,,,,,,,,,,,,,,,,,,,,,,,,,,,,,,,,,,,,,,,,,,,,,,,,,
0,15,28,"{'x': 317.61666955129067, 'y': 294.54090858968044, 'elapsedTime': 63154.60000002384}",936754630591,5213034157,POINT (0.1654253487246306 0.2727230635089634),,,,,,,,,,,,,,,,,,,,,,,,,,,,,,,,,,,,,,,,,,,,,,,,,,,,,,,,,,,,,,,,,,,,,,,,,,,,,,,,,,,,,,,,,,,,,,,,,,,,,
0,15,28,"{'x': 317.61666955129067, 'y': 294.54090858968044, 'elapsedTime': 63154.60000002384}",936754647261,5213050826,POINT (0.1654253487246306 0.2727230635089634),,,,,,,,,,,,,,,,,,,,,,,,,,,,,,,,,,,,,,,,,,,,,,,,,,,,,,,,,,,,,,,,,,,,,,,,,,,,,,,,,,,,,,,,,,,,,,,,,,,,,
0,15,28,"{'x': 358.6434171184029, 'y': 292.6840576498111, 'elapsedTime': 63202}",936754663928,5213067493,POINT (0.1867934464158348 0.2710037570831584),,,,,,,,,,,,,,,,,,,,,,,,,,,,,,,,,,,,,,,,,,,,,,,,,,,,,,,,,,,,,,,,,,,,,,,,,,,1,,,,,,,,,,,,,,,,,,,,,,,,,,
0,15,28,"{'x': 358.6434171184029, 'y': 292.6840576498111, 'elapsedTime': 63202}",936754680596,5213084160,POINT (0.1867934464158348 0.2710037570831584),,,,,,,,,,,,,,,,,,,,,,,,,,,,,,,,,,,,,,,,,,,,,,,,,,,,,,,,,,,,,,,,,,,,,,,,,,,1,,,,,,,,,,,,,,,,,,,,,,,,,,
0,15,28,"{'x': 358.6434171184029, 'y': 292.6840576498111, 'elapsedTime': 63202}",936754697260,5213100824,POINT (0.1867934464158348 0.2710037570831584),,,,,,,,,,,,,,,,,,,,,,,,,,,,,,,,,,,,,,,,,,,,,,,,,,,,,,,,,,,,,,,,,,,,,,,,,,,1,,,,,,,,,,,,,,,,,,,,,,,,,,
0,15,28,"{'x': 331.3712379885054, 'y': 340.3396085172884, 'elapsedTime': 63247.700000047684}",936754713929,5213117492,POINT (0.1725891864523466 0.3151292671456374),,,,,,,,,,,,,,,,,,,,,,,,,,,,,,,,,,,,,,,,,,,,,,,,,,,,,,,,,,,,,,,,,,,,,,,,,,,,,,,,,,,,,,,,,,,,,,,,,,,,,
0,15,28,"{'x': 331.3712379885054, 'y': 340.3396085172884, 'elapsedTime': 63247.700000047684}",936754730596,5213134159,POINT (0.1725891864523466 0.3151292671456374),,,,,,,,,,,,,,,,,,,,,,,,,,,,,,,,,,,,,,,,,,,,,,,,,,,,,,,,,,,,,,,,,,,,,,,,,,,,,,,,,,,,,,,,,,,,,,,,,,,,,
0,15,28,"{'x': 332.5424086887663, 'y': 352.25950602325014, 'elapsedTime': 63293.10000002384}",936754747264,5213150826,POINT (0.1731991711920658 0.3261662092807872),,,,,,,,,,,,,,,,,,,,,,,,,,,,,,,,,,,,,,,,,,,,,,,,,,,,,,,,,,,,,,,,,,,,,,,,,,,,,,,,,,,,,,,,,,,,,,,,,,,,,
0,15,28,"{'x': 332.5424086887663, 'y': 352.25950602325014, 'elapsedTime': 63293.10000002384}",936754763939,5213167501,POINT (0.1731991711920658 0.3261662092807872),,,,,,,,,,,,,,,,,,,,,,,,,,,,,,,,,,,,,,,,,,,,,,,,,,,,,,,,,,,,,,,,,,,,,,,,,,,,,,,,,,,,,,,,,,,,,,,,,,,,,
0,15,28,"{'x': 332.5424086887663, 'y': 352.25950602325014, 'elapsedTime': 63293.10000002384}",936754780606,5213184167,POINT (0.1731991711920658 0.3261662092807872),,,,,,,,,,,,,,,,,,,,,,,,,,,,,,,,,,,,,,,,,,,,,,,,,,,,,,,,,,,,,,,,,,,,,,,,,,,,,,,,,,,,,,,,,,,,,,,,,,,,,
0,15,28,"{'x': 396.746549736988, 'y': 398.31698107806955, 'elapsedTime': 63340.5}",936754797272,5213200833,POINT (0.2066388279880146 0.368812019516731),,,,,,,,,,,,,,,,,,,,,,,,,,,,,,,,,,,,,,,,,,,,,,,,,,,,,,,,,,,,,,,,,,,,,,,,,,,,,,,,,,,,,,,,,,,,,,,,,,,,,
0,15,28,"{'x': 396.746549736988, 'y': 398.31698107806955, 'elapsedTime': 63340.5}",936754813940,5213217500,POINT (0.2066388279880146 0.368812019516731),,,,,,,,,,,,,,,,,,,,,,,,,,,,,,,,,,,,,,,,,,,,,,,,,,,,,,,,,,,,,,,,,,,,,,,,,,,,,,,,,,,,,,,,,,,,,,,,,,,,,
0,15,28,"{'x': 396.746549736988, 'y': 398.31698107806955, 'elapsedTime': 63340.5}",936754830607,5213234167,POINT (0.2066388279880146 0.368812019516731),,,,,,,,,,,,,,,,,,,,,,,,,,,,,,,,,,,,,,,,,,,,,,,,,,,,,,,,,,,,,,,,,,,,,,,,,,,,,,,,,,,,,,,,,,,,,,,,,,,,,
0,15,28,"{'x': 355.76812886907874, 'y': 375.8590666721873, 'elapsedTime': 63384.60000002384}",936754847275,5213250834,POINT (0.1852959004526452 0.3480176543260993),,,,,,,,,,,,,,,,,,,,,,,,,,,,,,,,,,,,,,,,,,,,,,,,,,,,,,,,,,,,,,,,,,,,,,,,,,,,,,,,,,,,,,,,,,,,,,,,,,,,,
0,15,28,"{'x': 355.76812886907874, 'y': 375.8590666721873, 'elapsedTime': 63384.60000002384}",936754863941,5213267500,POINT (0.1852959004526452 0.3480176543260993),,,,,,,,,,,,,,,,,,,,,,,,,,,,,,,,,,,,,,,,,,,,,,,,,,,,,,,,,,,,,,,,,,,,,,,,,,,,,,,,,,,,,,,,,,,,,,,,,,,,,
0,15,28,"{'x': 355.76812886907874, 'y': 375.8590666721873, 'elapsedTime': 63384.60000002384}",936754880614,5213284171,POINT (0.1852959004526452 0.3480176543260993),,,,,,,,,,,,,,,,,,,,,,,,,,,,,,,,,,,,,,,,,,,,,,,,,,,,,,,,,,,,,,,,,,,,,,,,,,,,,,,,,,,,,,,,,,,,,,,,,,,,,
0,15,28,"{'x': 362.890297152687, 'y': 392.8430987801072, 'elapsedTime': 63430.10000002384}",936754897281,5213300838,POINT (0.1890053631003578 0.3637436099815807),,,,,,,,,,,,,,,,,,,,,,,,,,,,,,,,,,,,,,,,,,,,,,,,,,,,,,,,,,,,,,,,,,,,,,,,,,,,,,,,,,,,,,,,,,,,,,,,,,,,,
0,15,28,"{'x': 362.890297152687, 'y': 392.8430987801072, 'elapsedTime': 63430.10000002384}",936754913948,5213317504,POINT (0.1890053631003578 0.3637436099815807),,,,,,,,,,,,,,,,,,,,,,,,,,,,,,,,,,,,,,,,,,,,,,,,,,,,,,,,,,,,,,,,,,,,,,,,,,,,,,,,,,,,,,,,,,,,,,,,,,,,,
0,15,28,"{'x': 377.89945757017506, 'y': 327.9560465503625, 'elapsedTime': 63477.5}",936754930615,5213334171,POINT (0.1968226341511328 0.3036630060651504),,,,,,,,,,,,,,,,,,,,,,,,,,,,,,,,,,,,,,,,,,,,,,,,,,,,,,,,,,,,,,,,,,,,,,,,,,,,,,,,,,,,,,,,,,,,,,,,,,,,,
0,15,28,"{'x': 377.89945757017506, 'y': 327.9560465503625, 'elapsedTime': 63477.5}",936754947282,5213350838,POINT (0.1968226341511328 0.3036630060651504),,,,,,,,,,,,,,,,,,,,,,,,,,,,,,,,,,,,,,,,,,,,,,,,,,,,,,,,,,,,,,,,,,,,,,,,,,,,,,,,,,,,,,,,,,,,,,,,,,,,,
0,15,28,"{'x': 377.89945757017506, 'y': 327.9560465503625, 'elapsedTime': 63477.5}",936754963949,5213367504,POINT (0.1968226341511328 0.3036630060651504),,,,,,,,,,,,,,,,,,,,,,,,,,,,,,,,,,,,,,,,,,,,,,,,,,,,,,,,,,,,,,,,,,,,,,,,,,,,,,,,,,,,,,,,,,,,,,,,,,,,,
0,15,28,"{'x': 466.70811006095596, 'y': 322.2989566550028, 'elapsedTime': 63524.200000047684}",936754980616,5213384171,POINT (0.2430771406567479 0.2984249598657434),,,,,,,,,,,,,,,,,,,,,,,,,,,,,,,,,,,,,,,,,,,,,,,,,,,,,,,,,,,,,,,,,,,,,,,,,,,,,,,,,,,,,,,,,,,,,,,,,,,,,
0,15,28,"{'x': 466.70811006095596, 'y': 322.2989566550028, 'elapsedTime': 63524.200000047684}",936754997284,5213400838,POINT (0.2430771406567479 0.2984249598657434),,,,,,,,,,,,,,,,,,,,,,,,,,,,,,,,,,,,,,,,,,,,,,,,,,,,,,,,,,,,,,,,,,,,,,,,,,,,,,,,,,,,,,,,,,,,,,,,,,,,,
0,15,28,"{'x': 466.70811006095596, 'y': 322.2989566550028, 'elapsedTime': 63524.200000047684}",936755013955,5213417509,POINT (0.2430771406567479 0.2984249598657434),,,,,,,,,,,,,,,,,,,,,,,,,,,,,,,,,,,,,,,,,,,,,,,,,,,,,,,,,,,,,,,,,,,,,,,,,,,,,,,,,,,,,,,,,,,,,,,,,,,,,
0,15,28,"{'x': 466.70811006095596, 'y': 322.2989566550028, 'elapsedTime': 63524.200000047684}",936755030622,5213434175,POINT (0.2430771406567479 0.2984249598657434),,,,,,,,,,,,,,,,,,,,,,,,,,,,,,,,,,,,,,,,,,,,,,,,,,,,,,,,,,,,,,,,,,,,,,,,,,,,,,,,,,,,,,,,,,,,,,,,,,,,,
0,15,28,"{'x': 453.08717621879475, 'y': 359.56660154460957, 'elapsedTime': 63571.39999997616}",936755047288,5213450841,POINT (0.2359829042806223 0.3329320384672311),,,,,,,,,,,,,,,,,,,,,,,,,,,,,,,,,,,,,,,,,,,,,,,,,,,,,,,,,,,,,,,,,,,,,,,,,,,,,,,,,,,,,,,,,,,,,,,,,,,,,
0,15,28,"{'x': 453.08717621879475, 'y': 359.56660154460957, 'elapsedTime': 63571.39999997616}",936755063956,5213467508,POINT (0.2359829042806223 0.3329320384672311),,,,,,,,,,,,,,,,,,,,,,,,,,,,,,,,,,,,,,,,,,,,,,,,,,,,,,,,,,,,,,,,,,,,,,,,,,,,,,,,,,,,,,,,,,,,,,,,,,,,,
0,15,28,"{'x': 453.08717621879475, 'y': 359.56660154460957, 'elapsedTime': 63571.39999997616}",936755080624,5213484175,POINT (0.2359829042806223 0.3329320384672311),,,,,,,,,,,,,,,,,,,,,,,,,,,,,,,,,,,,,,,,,,,,,,,,,,,,,,,,,,,,,,,,,,,,,,,,,,,,,,,,,,,,,,,,,,,,,,,,,,,,,
0,15,28,"{'x': 356.14425341763956, 'y': 303.7944966243021, 'elapsedTime': 63626.60000002384}",936755097291,5213500842,POINT (0.1854917986550206 0.2812912005780575),,,,,,,,,,,,,,,,,,,,,,,,,,,,,,,,,,,,,,,,,,,,,,,,,,,,,,,,,,,,,,,,,,,,,,,,,,,,,,,,,,,,,,,,,,,,,,,,,,,,,
0,15,28,"{'x': 356.14425341763956, 'y': 303.7944966243021, 'elapsedTime': 63626.60000002384}",936755113959,5213517509,POINT (0.1854917986550206 0.2812912005780575),,,,,,,,,,,,,,,,,,,,,,,,,,,,,,,,,,,,,,,,,,,,,,,,,,,,,,,,,,,,,,,,,,,,,,,,,,,,,,,,,,,,,,,,,,,,,,,,,,,,,
0,15,28,"{'x': 399.7979554842646, 'y': 244.38966099720423, 'elapsedTime': 63672.800000071526}",936755130625,5213534175,POINT (0.2082281018147212 0.2262867231455595),,,,,,,,,,,,,,,,,,,,,,,,,,,,,,,,,,,,,,,,,,,,,,,,,,,,,,,,,,,,,,,,,,,,,,,,,,,,,,,,,,,,,,,,,,,,,,,,,,,,1,
0,15,28,"{'x': 399.7979554842646, 'y': 244.38966099720423, 'elapsedTime': 63672.800000071526}",936755147298,5213550847,POINT (0.2082281018147212 0.2262867231455595),,,,,,,,,,,,,,,,,,,,,,,,,,,,,,,,,,,,,,,,,,,,,,,,,,,,,,,,,,,,,,,,,,,,,,,,,,,,,,,,,,,,,,,,,,,,,,,,,,,,1,
0,15,28,"{'x': 399.7979554842646, 'y': 244.38966099720423, 'elapsedTime': 63672.800000071526}",936755163967,5213567515,POINT (0.2082281018147212 0.2262867231455595),,,,,,,,,,,,,,,,,,,,,,,,,,,,,,,,,,,,,,,,,,,,,,,,,,,,,,,,,,,,,,,,,,,,,,,,,,,,,,,,,,,,,,,,,,,,,,,,,,,,1,
0,15,28,"{'x': 458.25938196551886, 'y': 205.64398847607904, 'elapsedTime': 63720}",936755180633,5213584181,POINT (0.2386767614403744 0.1904111004408139),,,,,,,,,,,,,,,,,,,,,,,,,,,,,,,,,,,,,,,,,,,,,,,,,,,,,,,,,,,,,,,,,,,,,,,,,,,,,,,,,,,,,,,,,,,,,,,,,,,,,
0,15,28,"{'x': 458.25938196551886, 'y': 205.64398847607904, 'elapsedTime': 63720}",936755197301,5213600848,POINT (0.2386767614403744 0.1904111004408139),,,,,,,,,,,,,,,,,,,,,,,,,,,,,,,,,,,,,,,,,,,,,,,,,,,,,,,,,,,,,,,,,,,,,,,,,,,,,,,,,,,,,,,,,,,,,,,,,,,,,
0,15,28,"{'x': 458.25938196551886, 'y': 205.64398847607904, 'elapsedTime': 63720}",936755213968,5213617515,POINT (0.2386767614403744 0.1904111004408139),,,,,,,,,,,,,,,,,,,,,,,,,,,,,,,,,,,,,,,,,,,,,,,,,,,,,,,,,,,,,,,,,,,,,,,,,,,,,,,,,,,,,,,,,,,,,,,,,,,,,
0,15,28,"{'x': 433.4602669803202, 'y': 163.36562102298382, 'elapsedTime': 63767.10000002384}",936755230635,5213634181,POINT (0.2257605557189168 0.1512644639101702),,,,,,,,,,,,,,,,,,,,,,,,,,,,,,,,,,,,,,,,,,,,,,,,,,,,,,,,,,,,,,,,,,,,,,,,,,,,,,,,,,,,,,,,,,,,,,,,,,,1,,
0,15,28,"{'x': 433.4602669803202, 'y': 163.36562102298382, 'elapsedTime': 63767.10000002384}",936755247301,5213650847,POINT (0.2257605557189168 0.1512644639101702),,,,,,,,,,,,,,,,,,,,,,,,,,,,,,,,,,,,,,,,,,,,,,,,,,,,,,,,,,,,,,,,,,,,,,,,,,,,,,,,,,,,,,,,,,,,,,,,,,,1,,
0,15,28,"{'x': 433.4602669803202, 'y': 163.36562102298382, 'elapsedTime': 63767.10000002384}",936755263969,5213667514,POINT (0.2257605557189168 0.1512644639101702),,,,,,,,,,,,,,,,,,,,,,,,,,,,,,,,,,,,,,,,,,,,,,,,,,,,,,,,,,,,,,,,,,,,,,,,,,,,,,,,,,,,,,,,,,,,,,,,,,,1,,
0,15,28,"{'x': 379.31880822748366, 'y': 130.00615498530954, 'elapsedTime': 63815}",936755280639,5213684184,POINT (0.1975618792851477 0.1203760694308422),,,,1,,,,,,,,,,,,,,,,,,,,,,,,,,,,,,,,,,,,,,,,,,,,,,,,,,,,,,,,,,,,,,,,,,,,,,,,,,,,,,,,,,,,,,,,,,,,,,,,,
0,15,28,"{'x': 379.31880822748366, 'y': 130.00615498530954, 'elapsedTime': 63815}",936755297306,5213700850,POINT (0.1975618792851477 0.1203760694308422),,,,1,,,,,,,,,,,,,,,,,,,,,,,,,,,,,,,,,,,,,,,,,,,,,,,,,,,,,,,,,,,,,,,,,,,,,,,,,,,,,,,,,,,,,,,,,,,,,,,,,
0,15,28,"{'x': 379.31880822748366, 'y': 130.00615498530954, 'elapsedTime': 63815}",936755313973,5213717517,POINT (0.1975618792851477 0.1203760694308422),,,,1,,,,,,,,,,,,,,,,,,,,,,,,,,,,,,,,,,,,,,,,,,,,,,,,,,,,,,,,,,,,,,,,,,,,,,,,,,,,,,,,,,,,,,,,,,,,,,,,,
0,15,28,"{'x': 343.74835717437855, 'y': 162.99768804933876, 'elapsedTime': 63861.5}",936755330641,5213734184,POINT (0.1790356026949888 0.1509237852308692),,,,,,,,,,,,,,,,,,,,,,,,,,,,,,,,,,,,,,,,,,,,,,,,,,,,,,,,,,,,,,,,,,,,,,,,,,,,,,,,,,,,,,,,,,,,,,,,,,,1,,
0,15,28,"{'x': 343.74835717437855, 'y': 162.99768804933876, 'elapsedTime': 63861.5}",936755347307,5213750850,POINT (0.1790356026949888 0.1509237852308692),,,,,,,,,,,,,,,,,,,,,,,,,,,,,,,,,,,,,,,,,,,,,,,,,,,,,,,,,,,,,,,,,,,,,,,,,,,,,,,,,,,,,,,,,,,,,,,,,,,1,,
0,15,28,"{'x': 458.1815247333585, 'y': 179.82437418468112, 'elapsedTime': 63910.5}",936755363975,5213767517,POINT (0.2386362107986242 0.166504050171001),,,,,,,,,,,,,,,,,,,,,,,,,,,,,,,,,,,,,,,,,,,,,,,,,,,,,,,,,,,,,,,,,,,,,,,,,,,,,,,,,,,,,,,,,,,,,,,,,,,,,
0,15,28,"{'x': 458.1815247333585, 'y': 179.82437418468112, 'elapsedTime': 63910.5}",936755380641,5213784183,POINT (0.2386362107986242 0.166504050171001),,,,,,,,,,,,,,,,,,,,,,,,,,,,,,,,,,,,,,,,,,,,,,,,,,,,,,,,,,,,,,,,,,,,,,,,,,,,,,,,,,,,,,,,,,,,,,,,,,,,,
0,15,28,"{'x': 458.1815247333585, 'y': 179.82437418468112, 'elapsedTime': 63910.5}",936755397310,5213800851,POINT (0.2386362107986242 0.166504050171001),,,,,,,,,,,,,,,,,,,,,,,,,,,,,,,,,,,,,,,,,,,,,,,,,,,,,,,,,,,,,,,,,,,,,,,,,,,,,,,,,,,,,,,,,,,,,,,,,,,,,
0,15,28,"{'x': 443.12212779015266, 'y': 243.19351318828512, 'elapsedTime': 63957.10000002384}",936755413981,5213817522,POINT (0.2307927748907045 0.2251791788780418),,,,,,,,,,,,,,,,,,,,,,,,,,,,,,,,,,,,,,,,,,,,,,,,,,,,,,,,,,,,,,,,,,,,,,,,,,,,,,,,,,,,,,,,,,,,,,,,,,,,1,
0,15,28,"{'x': 443.12212779015266, 'y': 243.19351318828512, 'elapsedTime': 63957.10000002384}",936755430650,5213834189,POINT (0.2307927748907045 0.2251791788780418),,,,,,,,,,,,,,,,,,,,,,,,,,,,,,,,,,,,,,,,,,,,,,,,,,,,,,,,,,,,,,,,,,,,,,,,,,,,,,,,,,,,,,,,,,,,,,,,,,,,1,
0,15,28,"{'x': 443.12212779015266, 'y': 243.19351318828512, 'elapsedTime': 63957.10000002384}",936755447317,5213850856,POINT (0.2307927748907045 0.2251791788780418),,,,,,,,,,,,,,,,,,,,,,,,,,,,,,,,,,,,,,,,,,,,,,,,,,,,,,,,,,,,,,,,,,,,,,,,,,,,,,,,,,,,,,,,,,,,,,,,,,,,1,
0,15,28,"{'x': 471.36296461147555, 'y': 231.73479967866524, 'elapsedTime': 64003}",936755463984,5213867522,POINT (0.2455015440684768 0.2145692589617271),,,,,,,,,,,,,,,,,,,,,,,,,,,,,,,,,,,,,,,,,,,,,,,,,,,,,,,,,,,,,,,,,,,,,,,,,,,,,,,,,,,,,,,,,,,,,,,,,,,,1,
0,15,28,"{'x': 471.36296461147555, 'y': 231.73479967866524, 'elapsedTime': 64003}",936755480651,5213884189,POINT (0.2455015440684768 0.2145692589617271),,,,,,,,,,,,,,,,,,,,,,,,,,,,,,,,,,,,,,,,,,,,,,,,,,,,,,,,,,,,,,,,,,,,,,,,,,,,,,,,,,,,,,,,,,,,,,,,,,,,1,
0,15,28,"{'x': 471.36296461147555, 'y': 231.73479967866524, 'elapsedTime': 64003}",936755497318,5213900855,POINT (0.2455015440684768 0.2145692589617271),,,,,,,,,,,,,,,,,,,,,,,,,,,,,,,,,,,,,,,,,,,,,,,,,,,,,,,,,,,,,,,,,,,,,,,,,,,,,,,,,,,,,,,,,,,,,,,,,,,,1,
0,15,28,"{'x': 465.38157386697014, 'y': 236.81688944936585, 'elapsedTime': 64048.39999997616}",936755513985,5213917522,POINT (0.2423862363890469 0.2192748976383017),,,,,,,,,,,,,,,,,,,,,,,,,,,,,,,,,,,,,,,,,,,,,,,,,,,,,,,,,,,,,,,,,,,,,,,,,,,,,,,,,,,,,,,,,,,,,,,,,,,,1,
0,15,28,"{'x': 465.38157386697014, 'y': 236.81688944936585, 'elapsedTime': 64048.39999997616}",936755530653,5213934189,POINT (0.2423862363890469 0.2192748976383017),,,,,,,,,,,,,,,,,,,,,,,,,,,,,,,,,,,,,,,,,,,,,,,,,,,,,,,,,,,,,,,,,,,,,,,,,,,,,,,,,,,,,,,,,,,,,,,,,,,,1,
0,15,28,"{'x': 465.38157386697014, 'y': 236.81688944936585, 'elapsedTime': 64048.39999997616}",936755547324,5213950860,POINT (0.2423862363890469 0.2192748976383017),,,,,,,,,,,,,,,,,,,,,,,,,,,,,,,,,,,,,,,,,,,,,,,,,,,,,,,,,,,,,,,,,,,,,,,,,,,,,,,,,,,,,,,,,,,,,,,,,,,,1,
0,15,28,"{'x': 523.3692998739094, 'y': 218.21795641844864, 'elapsedTime': 64095.300000071526}",936755563992,5213967527,POINT (0.2725881770176611 0.2020536633504154),,,,,,,,,,,,,,,,,,,,,,,,,,,,,,,,1,,,,,,,,,,,,,,,,,,,,,,,,,,,,,,,,,,,,,,,,,,,,,,,,,,,,,,,,,,,,,,,,,,,,,
0,15,28,"{'x': 523.3692998739094, 'y': 218.21795641844864, 'elapsedTime': 64095.300000071526}",936755580658,5213984193,POINT (0.2725881770176611 0.2020536633504154),,,,,,,,,,,,,,,,,,,,,,,,,,,,,,,,1,,,,,,,,,,,,,,,,,,,,,,,,,,,,,,,,,,,,,,,,,,,,,,,,,,,,,,,,,,,,,,,,,,,,,
0,15,28,"{'x': 635.7339108704374, 'y': 184.3581633033379, 'elapsedTime': 64143.10000002384}",936755597326,5214000860,POINT (0.3311114119116861 0.1707020030586462),,,,,,,,,,,,,,,,,,,,,,,,,,,,,,,,,,,,,,,,,,,,,,,,,,,,,,,,,,,,,,,,,,,,,,,,,,,,,,,,,,,,,,,,,,,,,,,,,,,1,,
0,15,28,"{'x': 635.7339108704374, 'y': 184.3581633033379, 'elapsedTime': 64143.10000002384}",936755613993,5214017527,POINT (0.3311114119116861 0.1707020030586462),,,,,,,,,,,,,,,,,,,,,,,,,,,,,,,,,,,,,,,,,,,,,,,,,,,,,,,,,,,,,,,,,,,,,,,,,,,,,,,,,,,,,,,,,,,,,,,,,,,1,,
0,15,28,"{'x': 635.7339108704374, 'y': 184.3581633033379, 'elapsedTime': 64143.10000002384}",936755630661,5214034194,POINT (0.3311114119116861 0.1707020030586462),,,,,,,,,,,,,,,,,,,,,,,,,,,,,,,,,,,,,,,,,,,,,,,,,,,,,,,,,,,,,,,,,,,,,,,,,,,,,,,,,,,,,,,,,,,,,,,,,,,1,,
0,15,28,"{'x': 671.496148232826, 'y': 223.4235109631649, 'elapsedTime': 64189.89999997616}",936755647327,5214050860,POINT (0.3497375772045969 0.2068736212621897),,,,,,,,,,,,,,,,,,,,,,,,,,,,,,,,,,,,,,,,,,,,,,,,,,,,,,,,,,,,,,,,,,,,,,,,,,,,,,,,,,,,,,,,,,,,,,,,,,,,,
0,15,28,"{'x': 671.496148232826, 'y': 223.4235109631649, 'elapsedTime': 64189.89999997616}",936755663995,5214067527,POINT (0.3497375772045969 0.2068736212621897),,,,,,,,,,,,,,,,,,,,,,,,,,,,,,,,,,,,,,,,,,,,,,,,,,,,,,,,,,,,,,,,,,,,,,,,,,,,,,,,,,,,,,,,,,,,,,,,,,,,,
0,15,28,"{'x': 671.496148232826, 'y': 223.4235109631649, 'elapsedTime': 64189.89999997616}",936755680666,5214084198,POINT (0.3497375772045969 0.2068736212621897),,,,,,,,,,,,,,,,,,,,,,,,,,,,,,,,,,,,,,,,,,,,,,,,,,,,,,,,,,,,,,,,,,,,,,,,,,,,,,,,,,,,,,,,,,,,,,,,,,,,,
0,15,28,"{'x': 540.771144236402, 'y': 259.3113131868271, 'elapsedTime': 64237.700000047684}",936755697335,5214100866,POINT (0.2816516376231261 0.2401030677655806),,,,,,,,,,,,,,,,,,,,,,,,,,,,,,,,,,,,,,,,,,,,,,,,,,,,,,1,,,,,,,,,,,,,,,,,,,,,,,,,,,,,,,,,,,,,,,,,,,,,,1,
0,15,28,"{'x': 540.771144236402, 'y': 259.3113131868271, 'elapsedTime': 64237.700000047684}",936755714002,5214117532,POINT (0.2816516376231261 0.2401030677655806),,,,,,,,,,,,,,,,,,,,,,,,,,,,,,,,,,,,,,,,,,,,,,,,,,,,,,1,,,,,,,,,,,,,,,,,,,,,,,,,,,,,,,,,,,,,,,,,,,,,,1,
0,15,28,"{'x': 540.771144236402, 'y': 259.3113131868271, 'elapsedTime': 64237.700000047684}",936755730669,5214134198,POINT (0.2816516376231261 0.2401030677655806),,,,,,,,,,,,,,,,,,,,,,,,,,,,,,,,,,,,,,,,,,,,,,,,,,,,,,1,,,,,,,,,,,,,,,,,,,,,,,,,,,,,,,,,,,,,,,,,,,,,,1,
0,15,28,"{'x': 525.95405144631, 'y': 320.7599365918986, 'elapsedTime': 64285.39999997616}",936755747337,5214150866,POINT (0.2739344017949532 0.296999941288795),,,,,,,,,,,,,,,,,,,,,,,,,,,,,,,,,,,,,,,,,,,,,,,,,,,,,,,,,,,,,,,,,,,,,,,,,,,,,,,,,,,,,,,,,,,,,,,,,,,,,
0,15,28,"{'x': 525.95405144631, 'y': 320.7599365918986, 'elapsedTime': 64285.39999997616}",936755764004,5214167532,POINT (0.2739344017949532 0.296999941288795),,,,,,,,,,,,,,,,,,,,,,,,,,,,,,,,,,,,,,,,,,,,,,,,,,,,,,,,,,,,,,,,,,,,,,,,,,,,,,,,,,,,,,,,,,,,,,,,,,,,,
0,15,28,"{'x': 525.95405144631, 'y': 320.7599365918986, 'elapsedTime': 64285.39999997616}",936755780671,5214184199,POINT (0.2739344017949532 0.296999941288795),,,,,,,,,,,,,,,,,,,,,,,,,,,,,,,,,,,,,,,,,,,,,,,,,,,,,,,,,,,,,,,,,,,,,,,,,,,,,,,,,,,,,,,,,,,,,,,,,,,,,
0,15,28,"{'x': 582.5594064401952, 'y': 259.89465578237895, 'elapsedTime': 64331.5}",936755797342,5214200870,POINT (0.303416357520935 0.240643199798499),,,,,,,,,,,,,,,,,,,,,,,,,,,,,,,,,,,,,,,,,,,,,,,,,,,,,,,,,,,,,,,,,,,,,,,,,,,,,,,,,,,,,,,,,,,,,,,,,,,,1,
0,15,28,"{'x': 582.5594064401952, 'y': 259.89465578237895, 'elapsedTime': 64331.5}",936755814010,5214217537,POINT (0.303416357520935 0.240643199798499),,,,,,,,,,,,,,,,,,,,,,,,,,,,,,,,,,,,,,,,,,,,,,,,,,,,,,,,,,,,,,,,,,,,,,,,,,,,,,,,,,,,,,,,,,,,,,,,,,,,1,
0,15,28,"{'x': 582.5594064401952, 'y': 259.89465578237895, 'elapsedTime': 64331.5}",936755830677,5214234204,POINT (0.303416357520935 0.240643199798499),,,,,,,,,,,,,,,,,,,,,,,,,,,,,,,,,,,,,,,,,,,,,,,,,,,,,,,,,,,,,,,,,,,,,,,,,,,,,,,,,,,,,,,,,,,,,,,,,,,,1,
0,15,28,"{'x': 569.6311884096543, 'y': 266.5759792530284, 'elapsedTime': 64379.39999997616}",936755847344,5214250870,POINT (0.2966829106300283 0.2468296104194707),,,,,,,,,,,,,,,,,,,,,,,,,,,,,,,,,,,,,,,,,,,,,,,,,,,,,,1,,,,,,,,,,,,,,,,,,,,,,,,,,,,,,,,,,,,,,,,,,,,,,1,
0,15,28,"{'x': 569.6311884096543, 'y': 266.5759792530284, 'elapsedTime': 64379.39999997616}",936755864011,5214267537,POINT (0.2966829106300283 0.2468296104194707),,,,,,,,,,,,,,,,,,,,,,,,,,,,,,,,,,,,,,,,,,,,,,,,,,,,,,1,,,,,,,,,,,,,,,,,,,,,,,,,,,,,,,,,,,,,,,,,,,,,,1,
0,15,28,"{'x': 640.6351957034905, 'y': 190.865826940168, 'elapsedTime': 64422.800000071526}",936755880679,5214284204,POINT (0.3336641644289013 0.1767276175371926),,,,,,,,,,,,,,,,,,,1,,,,,,,,,,,,,,,,,,,,,,,,,,,,,,,,,,,,,,,,,,,,,,,,,,,,,,,,,,,,,,,,,,,,,,,,,,,,,,,,1,,
0,15,28,"{'x': 640.6351957034905, 'y': 190.865826940168, 'elapsedTime': 64422.800000071526}",936755897345,5214300870,POINT (0.3336641644289013 0.1767276175371926),,,,,,,,,,,,,,,,,,,1,,,,,,,,,,,,,,,,,,,,,,,,,,,,,,,,,,,,,,,,,,,,,,,,,,,,,,,,,,,,,,,,,,,,,,,,,,,,,,,,1,,
0,15,28,"{'x': 640.6351957034905, 'y': 190.865826940168, 'elapsedTime': 64422.800000071526}",936755914013,5214317537,POINT (0.3336641644289013 0.1767276175371926),,,,,,,,,,,,,,,,,,,1,,,,,,,,,,,,,,,,,,,,,,,,,,,,,,,,,,,,,,,,,,,,,,,,,,,,,,,,,,,,,,,,,,,,,,,,,,,,,,,,1,,
0,15,28,"{'x': 604.8959570151546, 'y': 221.44618946081852, 'elapsedTime': 64468.300000071526}",936755930683,5214334207,POINT (0.3150499776120597 0.2050427680192764),,,,,,,,,,,,,,,,,,,,,,,,,,,,,,,,,,,,,,,,,,,,,,,,,,,,,,,,,,,,,,,,,,,,,,,,,,,,,,,,,,,,,,,,,,,,,,,,,,,,,
0,15,28,"{'x': 604.8959570151546, 'y': 221.44618946081852, 'elapsedTime': 64468.300000071526}",936755947350,5214350873,POINT (0.3150499776120597 0.2050427680192764),,,,,,,,,,,,,,,,,,,,,,,,,,,,,,,,,,,,,,,,,,,,,,,,,,,,,,,,,,,,,,,,,,,,,,,,,,,,,,,,,,,,,,,,,,,,,,,,,,,,,
0,15,28,"{'x': 604.8959570151546, 'y': 221.44618946081852, 'elapsedTime': 64468.300000071526}",936755964017,5214367540,POINT (0.3150499776120597 0.2050427680192764),,,,,,,,,,,,,,,,,,,,,,,,,,,,,,,,,,,,,,,,,,,,,,,,,,,,,,,,,,,,,,,,,,,,,,,,,,,,,,,,,,,,,,,,,,,,,,,,,,,,,
0,15,28,"{'x': 627.3102204624538, 'y': 180.39522425895854, 'elapsedTime': 64518.200000047684}",936755980686,5214384207,POINT (0.326724073157528 0.1670326150545912),,,,,,,,,,,,,,,,,,,,,,,,,,,,,,,,,,,,,,,,,,,,,,,,,,,,,,,,,,,,,,,,,,,,,,,,,,,,,,,,,,,,,,,,,,,,,,,,,,,1,,
0,15,28,"{'x': 627.3102204624538, 'y': 180.39522425895854, 'elapsedTime': 64518.200000047684}",936755997352,5214400873,POINT (0.326724073157528 0.1670326150545912),,,,,,,,,,,,,,,,,,,,,,,,,,,,,,,,,,,,,,,,,,,,,,,,,,,,,,,,,,,,,,,,,,,,,,,,,,,,,,,,,,,,,,,,,,,,,,,,,,,1,,
0,15,28,"{'x': 627.3102204624538, 'y': 180.39522425895854, 'elapsedTime': 64518.200000047684}",936756014020,5214417540,POINT (0.326724073157528 0.1670326150545912),,,,,,,,,,,,,,,,,,,,,,,,,,,,,,,,,,,,,,,,,,,,,,,,,,,,,,,,,,,,,,,,,,,,,,,,,,,,,,,,,,,,,,,,,,,,,,,,,,,1,,
0,15,28,"{'x': 627.3102204624538, 'y': 180.39522425895854, 'elapsedTime': 64518.200000047684}",936756030686,5214434206,POINT (0.326724073157528 0.1670326150545912),,,,,,,,,,,,,,,,,,,,,,,,,,,,,,,,,,,,,,,,,,,,,,,,,,,,,,,,,,,,,,,,,,,,,,,,,,,,,,,,,,,,,,,,,,,,,,,,,,,1,,
0,15,28,"{'x': 640.902497046312, 'y': 120.96794729131418, 'elapsedTime': 64567.800000071526}",936756047354,5214450873,POINT (0.3338033838782875 0.1120073586030687),,,,,,,,,,,,,,,,,,,,,,,,,,,,,,,,,,,,,,,,,,,,,,,,,,,,,,,,,,,,,,,,,,,,,,,,,,,,,,,,,,,,,,,,,,,,,,,,,,,,,
0,15,28,"{'x': 640.902497046312, 'y': 120.96794729131418, 'elapsedTime': 64567.800000071526}",936756064028,5214467547,POINT (0.3338033838782875 0.1120073586030687),,,,,,,,,,,,,,,,,,,,,,,,,,,,,,,,,,,,,,,,,,,,,,,,,,,,,,,,,,,,,,,,,,,,,,,,,,,,,,,,,,,,,,,,,,,,,,,,,,,,,
0,15,28,"{'x': 640.902497046312, 'y': 120.96794729131418, 'elapsedTime': 64567.800000071526}",936756080695,5214484213,POINT (0.3338033838782875 0.1120073586030687),,,,,,,,,,,,,,,,,,,,,,,,,,,,,,,,,,,,,,,,,,,,,,,,,,,,,,,,,,,,,,,,,,,,,,,,,,,,,,,,,,,,,,,,,,,,,,,,,,,,,
0,15,28,"{'x': 644.6754510239797, 'y': 85.29957808006387, 'elapsedTime': 64629.60000002384}",936756097362,5214500880,POINT (0.3357684640749894 0.078981090814874),,,,,,,,,,,,,,,,,,,,,,,,,,,,,,,,,,,,,,,,,,,,,,,,,,,,,,,,,,,,,,,,,,,,,,,,,,,,,,,,,,,,,,,,,,,,,,,,,,,,,
0,15,28,"{'x': 644.6754510239797, 'y': 85.29957808006387, 'elapsedTime': 64629.60000002384}",936756114029,5214517546,POINT (0.3357684640749894 0.078981090814874),,,,,,,,,,,,,,,,,,,,,,,,,,,,,,,,,,,,,,,,,,,,,,,,,,,,,,,,,,,,,,,,,,,,,,,,,,,,,,,,,,,,,,,,,,,,,,,,,,,,,
0,15,28,"{'x': 644.6754510239797, 'y': 85.29957808006387, 'elapsedTime': 64629.60000002384}",936756130697,5214534214,POINT (0.3357684640749894 0.078981090814874),,,,,,,,,,,,,,,,,,,,,,,,,,,,,,,,,,,,,,,,,,,,,,,,,,,,,,,,,,,,,,,,,,,,,,,,,,,,,,,,,,,,,,,,,,,,,,,,,,,,,
0,15,28,"{'x': 673.036226440569, 'y': 56.55276930331137, 'elapsedTime': 64675.39999997616}",936756147364,5214550880,POINT (0.3505397012711297 0.0523636752808439),,,,,,,,,,,,,,,,,,,,,,,,,,,,,,,,,,,,,,,,,,,,,,,,,,,,,,,,,,,,,,,,,,,,,,,,,,,,,,,,,,,,,,,,,,,,,,,,,,,,,
0,15,28,"{'x': 673.036226440569, 'y': 56.55276930331137, 'elapsedTime': 64675.39999997616}",936756164030,5214567546,POINT (0.3505397012711297 0.0523636752808439),,,,,,,,,,,,,,,,,,,,,,,,,,,,,,,,,,,,,,,,,,,,,,,,,,,,,,,,,,,,,,,,,,,,,,,,,,,,,,,,,,,,,,,,,,,,,,,,,,,,,
0,15,28,"{'x': 673.036226440569, 'y': 56.55276930331137, 'elapsedTime': 64675.39999997616}",936756180698,5214584213,POINT (0.3505397012711297 0.0523636752808439),,,,,,,,,,,,,,,,,,,,,,,,,,,,,,,,,,,,,,,,,,,,,,,,,,,,,,,,,,,,,,,,,,,,,,,,,,,,,,,,,,,,,,,,,,,,,,,,,,,,,
0,15,28,"{'x': 636.8439179774123, 'y': 57.0475898266516, 'elapsedTime': 64727.800000071526}",936756197369,5214600884,POINT (0.3316895406132356 0.0528218424320848),,,,,,,,,,,,,,,,,,,,,,,,,,,,,,,,,,,,,,,,,,,,,,,,,,,,,,,,,,,,,,,,,,,,,,,,,,,,,,,,,,,,,,,,,,,,,,,,,,,,,
0,15,28,"{'x': 636.8439179774123, 'y': 57.0475898266516, 'elapsedTime': 64727.800000071526}",936756214037,5214617551,POINT (0.3316895406132356 0.0528218424320848),,,,,,,,,,,,,,,,,,,,,,,,,,,,,,,,,,,,,,,,,,,,,,,,,,,,,,,,,,,,,,,,,,,,,,,,,,,,,,,,,,,,,,,,,,,,,,,,,,,,,
0,15,28,"{'x': 663.7714367409204, 'y': 78.37159009678815, 'elapsedTime': 64774.700000047684}",936756230704,5214634218,POINT (0.3457142899692294 0.0725662871266557),,,,,,,,,,,,,,,,,,,,,,,,,,,,,,,,,,,,,,,,,,,,,,,,,,,,,,,,,,,,,,,,,,,,,,,,,,,,,,,,,,,,,,,,,,,,,,,,,,,,,
0,15,28,"{'x': 663.7714367409204, 'y': 78.37159009678815, 'elapsedTime': 64774.700000047684}",936756247371,5214650884,POINT (0.3457142899692294 0.0725662871266557),,,,,,,,,,,,,,,,,,,,,,,,,,,,,,,,,,,,,,,,,,,,,,,,,,,,,,,,,,,,,,,,,,,,,,,,,,,,,,,,,,,,,,,,,,,,,,,,,,,,,
0,15,28,"{'x': 663.7714367409204, 'y': 78.37159009678815, 'elapsedTime': 64774.700000047684}",936756264039,5214667551,POINT (0.3457142899692294 0.0725662871266557),,,,,,,,,,,,,,,,,,,,,,,,,,,,,,,,,,,,,,,,,,,,,,,,,,,,,,,,,,,,,,,,,,,,,,,,,,,,,,,,,,,,,,,,,,,,,,,,,,,,,
0,15,28,"{'x': 653.5842849722494, 'y': 164.9379854838964, 'elapsedTime': 64820.5}",936756280707,5214684218,POINT (0.3404084817563799 0.1527203569295337),,,,,,,,,,,,,,,,,,,,,,,,,,,,,,,,,,,,,,,,,,,,,,,,,,,,,,,,,,,,,,,,,,,,,,,,,,,,,,,,,,,,,,,,,,,,,,,,,,,1,,
0,15,28,"{'x': 653.5842849722494, 'y': 164.9379854838964, 'elapsedTime': 64820.5}",936756297373,5214700884,POINT (0.3404084817563799 0.1527203569295337),,,,,,,,,,,,,,,,,,,,,,,,,,,,,,,,,,,,,,,,,,,,,,,,,,,,,,,,,,,,,,,,,,,,,,,,,,,,,,,,,,,,,,,,,,,,,,,,,,,1,,
0,15,28,"{'x': 653.5842849722494, 'y': 164.9379854838964, 'elapsedTime': 64820.5}",936756314041,5214717551,POINT (0.3404084817563799 0.1527203569295337),,,,,,,,,,,,,,,,,,,,,,,,,,,,,,,,,,,,,,,,,,,,,,,,,,,,,,,,,,,,,,,,,,,,,,,,,,,,,,,,,,,,,,,,,,,,,,,,,,,1,,
0,15,28,"{'x': 608.6065893559997, 'y': 229.88292883271657, 'elapsedTime': 64865.700000047684}",936756330711,5214734221,POINT (0.3169825986229166 0.2128545637339968),,,,,,,,,,,,,,,,,,,,,,,,,,,,,,,,,,,,,,,,,,,,,,,,,,,,,,,,,,,,,,,,,,,,,,,,,,,,,,,,,,,,,,,,,,,,,,,,,,,,,
0,15,28,"{'x': 608.6065893559997, 'y': 229.88292883271657, 'elapsedTime': 64865.700000047684}",936756347379,5214750888,POINT (0.3169825986229166 0.2128545637339968),,,,,,,,,,,,,,,,,,,,,,,,,,,,,,,,,,,,,,,,,,,,,,,,,,,,,,,,,,,,,,,,,,,,,,,,,,,,,,,,,,,,,,,,,,,,,,,,,,,,,
0,15,28,"{'x': 608.6065893559997, 'y': 229.88292883271657, 'elapsedTime': 64865.700000047684}",936756364046,5214767555,POINT (0.3169825986229166 0.2128545637339968),,,,,,,,,,,,,,,,,,,,,,,,,,,,,,,,,,,,,,,,,,,,,,,,,,,,,,,,,,,,,,,,,,,,,,,,,,,,,,,,,,,,,,,,,,,,,,,,,,,,,
0,15,28,"{'x': 601.1163248132876, 'y': 147.06277308444612, 'elapsedTime': 64913.700000047684}",936756380713,5214784221,POINT (0.3130814191735873 0.1361692343374501),,,,,,,,,,,,,,,,,,,,,,,,,,,,,,,,,,,,,,,,,,,,,,,,,,,,,,,,,,,,,,,,,,,,,,,,,,,,,,,,,,,,,,,,,,,,,,,,,,,,,
0,15,28,"{'x': 601.1163248132876, 'y': 147.06277308444612, 'elapsedTime': 64913.700000047684}",936756397380,5214800888,POINT (0.3130814191735873 0.1361692343374501),,,,,,,,,,,,,,,,,,,,,,,,,,,,,,,,,,,,,,,,,,,,,,,,,,,,,,,,,,,,,,,,,,,,,,,,,,,,,,,,,,,,,,,,,,,,,,,,,,,,,
0,15,28,"{'x': 678.9619103150275, 'y': 98.28693806551965, 'elapsedTime': 64960.200000047684}",936756414048,5214817555,POINT (0.3536259949557435 0.0910064241347404),,,,,,,,,,,,,,,,,,,,,,,,,,,,,,,,,,,,,,,,,,,,,,,,,,,,,,,,,,,,,,,,,,,,,,,,,,,,,,,,,,,,,,,,,,,,,,,,,,,,,
0,15,28,"{'x': 678.9619103150275, 'y': 98.28693806551965, 'elapsedTime': 64960.200000047684}",936756430714,5214834221,POINT (0.3536259949557435 0.0910064241347404),,,,,,,,,,,,,,,,,,,,,,,,,,,,,,,,,,,,,,,,,,,,,,,,,,,,,,,,,,,,,,,,,,,,,,,,,,,,,,,,,,,,,,,,,,,,,,,,,,,,,
0,15,28,"{'x': 678.9619103150275, 'y': 98.28693806551965, 'elapsedTime': 64960.200000047684}",936756447382,5214850888,POINT (0.3536259949557435 0.0910064241347404),,,,,,,,,,,,,,,,,,,,,,,,,,,,,,,,,,,,,,,,,,,,,,,,,,,,,,,,,,,,,,,,,,,,,,,,,,,,,,,,,,,,,,,,,,,,,,,,,,,,,
0,15,28,"{'x': 679.999891091285, 'y': 36.357677751228984, 'elapsedTime': 65006.300000071526}",936756464054,5214867560,POINT (0.3541666099433776 0.0336645164363231),,,,,,,,,,,,,,,,,,,,,,,,,,,,,,,,,,,,,,,,,,,,,,,,,,,,,,,,,,,,,,,,,,,,,,,,,,,,,,,,,,,,,,,,,,,,,,,,,,,,,
0,15,28,"{'x': 679.999891091285, 'y': 36.357677751228984, 'elapsedTime': 65006.300000071526}",936756480721,5214884226,POINT (0.3541666099433776 0.0336645164363231),,,,,,,,,,,,,,,,,,,,,,,,,,,,,,,,,,,,,,,,,,,,,,,,,,,,,,,,,,,,,,,,,,,,,,,,,,,,,,,,,,,,,,,,,,,,,,,,,,,,,
0,15,28,"{'x': 679.999891091285, 'y': 36.357677751228984, 'elapsedTime': 65006.300000071526}",936756497388,5214900893,POINT (0.3541666099433776 0.0336645164363231),,,,,,,,,,,,,,,,,,,,,,,,,,,,,,,,,,,,,,,,,,,,,,,,,,,,,,,,,,,,,,,,,,,,,,,,,,,,,,,,,,,,,,,,,,,,,,,,,,,,,
0,15,28,"{'x': 674.0570290636949, 'y': 40.72687386814043, 'elapsedTime': 65054.10000002384}",936756514056,5214917560,POINT (0.3510713693040078 0.0377100683964263),,,,,,,,,,,,,,,,,,,,,,,,,,,,,,,,,,,,,,,,,,,,,,,,,,,,,,,,,,,,,,,,,,,,,,,,,,,,,,,,,,,,,,,,,,,,,,,,,,,,,
0,15,28,"{'x': 674.0570290636949, 'y': 40.72687386814043, 'elapsedTime': 65054.10000002384}",936756530722,5214934226,POINT (0.3510713693040078 0.0377100683964263),,,,,,,,,,,,,,,,,,,,,,,,,,,,,,,,,,,,,,,,,,,,,,,,,,,,,,,,,,,,,,,,,,,,,,,,,,,,,,,,,,,,,,,,,,,,,,,,,,,,,
0,15,28,"{'x': 674.0570290636949, 'y': 40.72687386814043, 'elapsedTime': 65054.10000002384}",936756547390,5214950893,POINT (0.3510713693040078 0.0377100683964263),,,,,,,,,,,,,,,,,,,,,,,,,,,,,,,,,,,,,,,,,,,,,,,,,,,,,,,,,,,,,,,,,,,,,,,,,,,,,,,,,,,,,,,,,,,,,,,,,,,,,
0,15,28,"{'x': 663.1091782184297, 'y': 49.22034686136345, 'elapsedTime': 65099.200000047684}",936756564056,5214967559,POINT (0.3453693636554321 0.0455743952420032),,,,,,,,,,,,,,,,,,,,,,,,,,,,,,,,,,,,,,,,,,,,,,,,,,,,,,,,,,,,,,,,,,,,,,,,,,,,,,,,,,,,,,,,,,,,,,,,,,,,,
0,15,28,"{'x': 663.1091782184297, 'y': 49.22034686136345, 'elapsedTime': 65099.200000047684}",936756580724,5214984226,POINT (0.3453693636554321 0.0455743952420032),,,,,,,,,,,,,,,,,,,,,,,,,,,,,,,,,,,,,,,,,,,,,,,,,,,,,,,,,,,,,,,,,,,,,,,,,,,,,,,,,,,,,,,,,,,,,,,,,,,,,
0,15,28,"{'x': 663.1091782184297, 'y': 49.22034686136345, 'elapsedTime': 65099.200000047684}",936756597396,5215000898,POINT (0.3453693636554321 0.0455743952420032),,,,,,,,,,,,,,,,,,,,,,,,,,,,,,,,,,,,,,,,,,,,,,,,,,,,,,,,,,,,,,,,,,,,,,,,,,,,,,,,,,,,,,,,,,,,,,,,,,,,,
0,15,28,"{'x': 758.5957076639914, 'y': -3.003248827157293, 'elapsedTime': 65144.39999997616}",936756614063,5215017564,POINT (0.3951019310749955 -0.0027807859510716),,,,,,,,,,,,,,,,,,,,,,,,,,,,,,,,,,,,,,,,,,,,,,,,,,,,,,,,,,,,,,,,,,,,,,,,,,,,,,,,,,,,,,,,,,,,,,,,,,,,,
0,15,28,"{'x': 758.5957076639914, 'y': -3.003248827157293, 'elapsedTime': 65144.39999997616}",936756630730,5215034231,POINT (0.3951019310749955 -0.0027807859510716),,,,,,,,,,,,,,,,,,,,,,,,,,,,,,,,,,,,,,,,,,,,,,,,,,,,,,,,,,,,,,,,,,,,,,,,,,,,,,,,,,,,,,,,,,,,,,,,,,,,,
0,15,28,"{'x': 808.2264741759908, 'y': -87.8496494322458, 'elapsedTime': 65191.300000071526}",936756647397,5215050897,POINT (0.4209512886333285 -0.0813422679928202),,,,,,,,,,,,,,,,,,,,,,,,,,,,,,,,,,,,,,,,,,,,,,,,,,,,,,,,,,,,,,,,,,,,,,,,,,,,,,,,,,,,,,,,,,,,,,,,,,,,,
0,15,28,"{'x': 808.2264741759908, 'y': -87.8496494322458, 'elapsedTime': 65191.300000071526}",936756664064,5215067564,POINT (0.4209512886333285 -0.0813422679928202),,,,,,,,,,,,,,,,,,,,,,,,,,,,,,,,,,,,,,,,,,,,,,,,,,,,,,,,,,,,,,,,,,,,,,,,,,,,,,,,,,,,,,,,,,,,,,,,,,,,,
0,15,28,"{'x': 808.2264741759908, 'y': -87.8496494322458, 'elapsedTime': 65191.300000071526}",936756680731,5215084231,POINT (0.4209512886333285 -0.0813422679928202),,,,,,,,,,,,,,,,,,,,,,,,,,,,,,,,,,,,,,,,,,,,,,,,,,,,,,,,,,,,,,,,,,,,,,,,,,,,,,,,,,,,,,,,,,,,,,,,,,,,,
0,15,28,"{'x': 873.3292194862039, 'y': -48.441661297838706, 'elapsedTime': 65236.10000002384}",936756697399,5215100898,POINT (0.4548589684823979 -0.0448533900905914),,,,,,,,,,,,,,,,,,,,,,,,,,,,,,,,,,,,,,,,,,,,,,,,,,,,,,,,,,,,,,,,,,,,,,,,,,,,,,,,,,,,,,,,,,,,,,,,,,,,,
0,15,28,"{'x': 873.3292194862039, 'y': -48.441661297838706, 'elapsedTime': 65236.10000002384}",936756714067,5215117566,POINT (0.4548589684823979 -0.0448533900905914),,,,,,,,,,,,,,,,,,,,,,,,,,,,,,,,,,,,,,,,,,,,,,,,,,,,,,,,,,,,,,,,,,,,,,,,,,,,,,,,,,,,,,,,,,,,,,,,,,,,,
0,15,28,"{'x': 873.3292194862039, 'y': -48.441661297838706, 'elapsedTime': 65236.10000002384}",936756730734,5215134232,POINT (0.4548589684823979 -0.0448533900905914),,,,,,,,,,,,,,,,,,,,,,,,,,,,,,,,,,,,,,,,,,,,,,,,,,,,,,,,,,,,,,,,,,,,,,,,,,,,,,,,,,,,,,,,,,,,,,,,,,,,,
0,15,28,"{'x': 873.3292194862039, 'y': -48.441661297838706, 'elapsedTime': 65236.10000002384}",936756747400,5215150898,POINT (0.4548589684823979 -0.0448533900905914),,,,,,,,,,,,,,,,,,,,,,,,,,,,,,,,,,,,,,,,,,,,,,,,,,,,,,,,,,,,,,,,,,,,,,,,,,,,,,,,,,,,,,,,,,,,,,,,,,,,,
0,15,28,"{'x': 1003.1230074425933, 'y': -86.24917654219047, 'elapsedTime': 65285.700000047684}",936756764069,5215167566,POINT (0.522459899709684 -0.0798603486501764),,,,,,,,,,,,,,,,,,,,,,,,,,,,,,,,,,,,,,,,,,,,,,,,,,,,,,,,,,,,,,,,,,,,,,,,,,,,,,,,,,,,,,,,,,,,,,,,,,,,,
0,15,28,"{'x': 1003.1230074425933, 'y': -86.24917654219047, 'elapsedTime': 65285.700000047684}",936756780735,5215184232,POINT (0.522459899709684 -0.0798603486501764),,,,,,,,,,,,,,,,,,,,,,,,,,,,,,,,,,,,,,,,,,,,,,,,,,,,,,,,,,,,,,,,,,,,,,,,,,,,,,,,,,,,,,,,,,,,,,,,,,,,,
0,15,28,"{'x': 1003.1230074425933, 'y': -86.24917654219047, 'elapsedTime': 65285.700000047684}",936756797402,5215200898,POINT (0.522459899709684 -0.0798603486501764),,,,,,,,,,,,,,,,,,,,,,,,,,,,,,,,,,,,,,,,,,,,,,,,,,,,,,,,,,,,,,,,,,,,,,,,,,,,,,,,,,,,,,,,,,,,,,,,,,,,,
0,15,28,"{'x': 1064.6965262757187, 'y': -68.59400986628353, 'elapsedTime': 65343.5}",936756814070,5215217566,POINT (0.5545294407686036 -0.0635129720984107),,,,,,,,,,,,,,,,,,,,,,,,,,,,,,,,,,,,,,,,,,,,,,,,,,,,,,,,,,,,,,,,,,,,,,,,,,,,,,,,,,,,,,,,,,,,,,,,,,,,,
0,15,28,"{'x': 1064.6965262757187, 'y': -68.59400986628353, 'elapsedTime': 65343.5}",936756830737,5215234232,POINT (0.5545294407686036 -0.0635129720984107),,,,,,,,,,,,,,,,,,,,,,,,,,,,,,,,,,,,,,,,,,,,,,,,,,,,,,,,,,,,,,,,,,,,,,,,,,,,,,,,,,,,,,,,,,,,,,,,,,,,,
0,15,28,"{'x': 1064.6965262757187, 'y': -68.59400986628353, 'elapsedTime': 65343.5}",936756847410,5215250905,POINT (0.5545294407686036 -0.0635129720984107),,,,,,,,,,,,,,,,,,,,,,,,,,,,,,,,,,,,,,,,,,,,,,,,,,,,,,,,,,,,,,,,,,,,,,,,,,,,,,,,,,,,,,,,,,,,,,,,,,,,,
0,15,28,"{'x': 1090.647114066102, 'y': -99.75439413913415, 'elapsedTime': 65391.800000071526}",936756864077,5215267571,POINT (0.568045371909428 -0.0923651797584576),,,,,,,,,,,,,,,,,,,,,,,,,,,,,,,,,,,,,,,,,,,,,,,,,,,,,,,,,,,,,,,,,,,,,,,,,,,,,,,,,,,,,,,,,,,,,,,,,,,,,
0,15,28,"{'x': 1090.647114066102, 'y': -99.75439413913415, 'elapsedTime': 65391.800000071526}",936756880744,5215284238,POINT (0.568045371909428 -0.0923651797584576),,,,,,,,,,,,,,,,,,,,,,,,,,,,,,,,,,,,,,,,,,,,,,,,,,,,,,,,,,,,,,,,,,,,,,,,,,,,,,,,,,,,,,,,,,,,,,,,,,,,,
0,15,28,"{'x': 1090.647114066102, 'y': -99.75439413913415, 'elapsedTime': 65391.800000071526}",936756897412,5215300905,POINT (0.568045371909428 -0.0923651797584576),,,,,,,,,,,,,,,,,,,,,,,,,,,,,,,,,,,,,,,,,,,,,,,,,,,,,,,,,,,,,,,,,,,,,,,,,,,,,,,,,,,,,,,,,,,,,,,,,,,,,
0,15,28,"{'x': 1089.945698092855, 'y': -68.36059075297752, 'elapsedTime': 65440.60000002384}",936756914078,5215317571,POINT (0.5676800510900287 -0.063296843289794),,,,,,,,,,,,,,,,,,,,,,,,,,,,,,,,,,,,,,,,,,,,,,,,,,,,,,,,,,,,,,,,,,,,,,,,,,,,,,,,,,,,,,,,,,,,,,,,,,,,,
0,15,28,"{'x': 1089.945698092855, 'y': -68.36059075297752, 'elapsedTime': 65440.60000002384}",936756930746,5215334238,POINT (0.5676800510900287 -0.063296843289794),,,,,,,,,,,,,,,,,,,,,,,,,,,,,,,,,,,,,,,,,,,,,,,,,,,,,,,,,,,,,,,,,,,,,,,,,,,,,,,,,,,,,,,,,,,,,,,,,,,,,
0,15,28,"{'x': 1089.945698092855, 'y': -68.36059075297752, 'elapsedTime': 65440.60000002384}",936756947412,5215350904,POINT (0.5676800510900287 -0.063296843289794),,,,,,,,,,,,,,,,,,,,,,,,,,,,,,,,,,,,,,,,,,,,,,,,,,,,,,,,,,,,,,,,,,,,,,,,,,,,,,,,,,,,,,,,,,,,,,,,,,,,,
0,15,28,"{'x': 1085.7844889943076, 'y': -70.1392311613678, 'elapsedTime': 65494.5}",936756964080,5215367571,POINT (0.5655127546845352 -0.064943732556822),,,,,,,,,,,,,,,,,,,,,,,,,,,,,,,,,,,,,,,,,,,,,,,,,,,,,,,,,,,,,,,,,,,,,,,,,,,,,,,,,,,,,,,,,,,,,,,,,,,,,
0,15,28,"{'x': 1085.7844889943076, 'y': -70.1392311613678, 'elapsedTime': 65494.5}",936756980752,5215384243,POINT (0.5655127546845352 -0.064943732556822),,,,,,,,,,,,,,,,,,,,,,,,,,,,,,,,,,,,,,,,,,,,,,,,,,,,,,,,,,,,,,,,,,,,,,,,,,,,,,,,,,,,,,,,,,,,,,,,,,,,,
0,15,28,"{'x': 1085.7844889943076, 'y': -70.1392311613678, 'elapsedTime': 65494.5}",936756997419,5215400909,POINT (0.5655127546845352 -0.064943732556822),,,,,,,,,,,,,,,,,,,,,,,,,,,,,,,,,,,,,,,,,,,,,,,,,,,,,,,,,,,,,,,,,,,,,,,,,,,,,,,,,,,,,,,,,,,,,,,,,,,,,
0,15,28,"{'x': 1093.3035967951596, 'y': -60.62929927311218, 'elapsedTime': 65544.10000002384}",936757014086,5215417576,POINT (0.5694289566641456 -0.0561382400676965),,,,,,,,,,,,,,,,,,,,,,,,,,,,,,,,,,,,,,,,,,,,,,,,,,,,,,,,,,,,,,,,,,,,,,,,,,,,,,,,,,,,,,,,,,,,,,,,,,,,,
0,15,28,"{'x': 1093.3035967951596, 'y': -60.62929927311218, 'elapsedTime': 65544.10000002384}",936757030754,5215434243,POINT (0.5694289566641456 -0.0561382400676965),,,,,,,,,,,,,,,,,,,,,,,,,,,,,,,,,,,,,,,,,,,,,,,,,,,,,,,,,,,,,,,,,,,,,,,,,,,,,,,,,,,,,,,,,,,,,,,,,,,,,
0,15,28,"{'x': 1093.3035967951596, 'y': -60.62929927311218, 'elapsedTime': 65544.10000002384}",936757047420,5215450909,POINT (0.5694289566641456 -0.0561382400676965),,,,,,,,,,,,,,,,,,,,,,,,,,,,,,,,,,,,,,,,,,,,,,,,,,,,,,,,,,,,,,,,,,,,,,,,,,,,,,,,,,,,,,,,,,,,,,,,,,,,,
0,15,28,"{'x': 966.9736924119875, 'y': -62.594275404992196, 'elapsedTime': 65593}",936757064088,5215467576,POINT (0.5036321314645769 -0.0579576624120298),,,,,,,,,,,,,,,,,,,,,,,,,,,,,,,,,,,,,,,,,,,,,,,,,,,,,,,,,,,,,,,,,,,,,,,,,,,,,,,,,,,,,,,,,,,,,,,,,,,,,
0,15,28,"{'x': 966.9736924119875, 'y': -62.594275404992196, 'elapsedTime': 65593}",936757080755,5215484243,POINT (0.5036321314645769 -0.0579576624120298),,,,,,,,,,,,,,,,,,,,,,,,,,,,,,,,,,,,,,,,,,,,,,,,,,,,,,,,,,,,,,,,,,,,,,,,,,,,,,,,,,,,,,,,,,,,,,,,,,,,,
0,15,28,"{'x': 966.9736924119875, 'y': -62.594275404992196, 'elapsedTime': 65593}",936757097422,5215500909,POINT (0.5036321314645769 -0.0579576624120298),,,,,,,,,,,,,,,,,,,,,,,,,,,,,,,,,,,,,,,,,,,,,,,,,,,,,,,,,,,,,,,,,,,,,,,,,,,,,,,,,,,,,,,,,,,,,,,,,,,,,
0,15,28,"{'x': 989.7662755620065, 'y': -40.069698750809735, 'elapsedTime': 65656.70000004768}",936757114094,5215517581,POINT (0.5155032685218784 -0.0371015729174164),,,,,,,,,,,,,,,,,,,,,,,,,,,,,,,,,,,,,,,,,,,,,,,,,,,,,,,,,,,,,,,,,,,,,,,,,,,,,,,,,,,,,,,,,,,,,,,,,,,,,
0,15,28,"{'x': 989.7662755620065, 'y': -40.069698750809735, 'elapsedTime': 65656.70000004768}",936757130762,5215534248,POINT (0.5155032685218784 -0.0371015729174164),,,,,,,,,,,,,,,,,,,,,,,,,,,,,,,,,,,,,,,,,,,,,,,,,,,,,,,,,,,,,,,,,,,,,,,,,,,,,,,,,,,,,,,,,,,,,,,,,,,,,
0,15,28,"{'x': 989.7662755620065, 'y': -40.069698750809735, 'elapsedTime': 65656.70000004768}",936757147428,5215550914,POINT (0.5155032685218784 -0.0371015729174164),,,,,,,,,,,,,,,,,,,,,,,,,,,,,,,,,,,,,,,,,,,,,,,,,,,,,,,,,,,,,,,,,,,,,,,,,,,,,,,,,,,,,,,,,,,,,,,,,,,,,
0,15,28,"{'x': 954.264159782614, 'y': -37.62018956676685, 'elapsedTime': 65702.10000002384}",936757164096,5215567581,POINT (0.4970125832201114 -0.0348335088581174),,,,,,,,,,,,,,,,,,,,,,,,,,,,,,,,,,,,,,,,,,,,,,,,,,,,,,,,,,,,,,,,,,,,,,,,,,,,,,,,,,,,,,,,,,,,,,,,,,,,,
0,15,28,"{'x': 954.264159782614, 'y': -37.62018956676685, 'elapsedTime': 65702.10000002384}",936757180762,5215584247,POINT (0.4970125832201114 -0.0348335088581174),,,,,,,,,,,,,,,,,,,,,,,,,,,,,,,,,,,,,,,,,,,,,,,,,,,,,,,,,,,,,,,,,,,,,,,,,,,,,,,,,,,,,,,,,,,,,,,,,,,,,
0,15,28,"{'x': 954.264159782614, 'y': -37.62018956676685, 'elapsedTime': 65702.10000002384}",936757197430,5215600914,POINT (0.4970125832201114 -0.0348335088581174),,,,,,,,,,,,,,,,,,,,,,,,,,,,,,,,,,,,,,,,,,,,,,,,,,,,,,,,,,,,,,,,,,,,,,,,,,,,,,,,,,,,,,,,,,,,,,,,,,,,,
0,15,28,"{'x': 829.1055364532226, 'y': 69.26007966002818, 'elapsedTime': 65749.20000004768}",936757214097,5215617581,POINT (0.4318258002360534 0.064129703388915),,,,,,,,,,,,,,,,,,,,,,,,,,,,,,,,,,,,,,,,,,,,,,,,,,,,,,,,,,,,,,,,,,,,,,,,,,,,,,,,,,,,,,,,,,,,,,,,,,,,,
0,15,28,"{'x': 829.1055364532226, 'y': 69.26007966002818, 'elapsedTime': 65749.20000004768}",936757230764,5215634247,POINT (0.4318258002360534 0.064129703388915),,,,,,,,,,,,,,,,,,,,,,,,,,,,,,,,,,,,,,,,,,,,,,,,,,,,,,,,,,,,,,,,,,,,,,,,,,,,,,,,,,,,,,,,,,,,,,,,,,,,,
0,15,28,"{'x': 829.1055364532226, 'y': 69.26007966002818, 'elapsedTime': 65749.20000004768}",936757247437,5215650920,POINT (0.4318258002360534 0.064129703388915),,,,,,,,,,,,,,,,,,,,,,,,,,,,,,,,,,,,,,,,,,,,,,,,,,,,,,,,,,,,,,,,,,,,,,,,,,,,,,,,,,,,,,,,,,,,,,,,,,,,,
0,15,28,"{'x': 699.3762269605966, 'y': 224.81195727627224, 'elapsedTime': 65796.60000002384}",936757264104,5215667586,POINT (0.3642584515419774 0.2081592197002521),,,,,,,,,,,,,,,,,,,,,,,,,,,,,,,,,,,,,,,,,,,,,,,,,,,,,,,,,,,,,,,,,,,,,,,,,,,,,,,,,,,,,,,,,,,,,,,,,,,,,
0,15,28,"{'x': 699.3762269605966, 'y': 224.81195727627224, 'elapsedTime': 65796.60000002384}",936757280771,5215684253,POINT (0.3642584515419774 0.2081592197002521),,,,,,,,,,,,,,,,,,,,,,,,,,,,,,,,,,,,,,,,,,,,,,,,,,,,,,,,,,,,,,,,,,,,,,,,,,,,,,,,,,,,,,,,,,,,,,,,,,,,,
0,15,28,"{'x': 645.8812194159598, 'y': 258.9594125650942, 'elapsedTime': 65843.30000007153}",936757297438,5215700919,POINT (0.3363964684458124 0.2397772338565687),,,,,,,,,,,,,,,,,,,,,,,,,,,,,,,,,,,,,,,,,,,,,,,,,,,,,,,,,,,,,,,,,,,,,,,,,,,,,,,,,,,,,,,,,,,,,,,,,,,,1,
0,15,28,"{'x': 645.8812194159598, 'y': 258.9594125650942, 'elapsedTime': 65843.30000007153}",936757314105,5215717586,POINT (0.3363964684458124 0.2397772338565687),,,,,,,,,,,,,,,,,,,,,,,,,,,,,,,,,,,,,,,,,,,,,,,,,,,,,,,,,,,,,,,,,,,,,,,,,,,,,,,,,,,,,,,,,,,,,,,,,,,,1,
0,15,28,"{'x': 645.8812194159598, 'y': 258.9594125650942, 'elapsedTime': 65843.30000007153}",936757330773,5215734253,POINT (0.3363964684458124 0.2397772338565687),,,,,,,,,,,,,,,,,,,,,,,,,,,,,,,,,,,,,,,,,,,,,,,,,,,,,,,,,,,,,,,,,,,,,,,,,,,,,,,,,,,,,,,,,,,,,,,,,,,,1,
0,15,28,"{'x': 548.6229473829832, 'y': 260.8221899826491, 'elapsedTime': 65889}",936757347439,5215750919,POINT (0.2857411184286371 0.2415020277617121),,,,,,,,,,,,,,,,,,,,,,,,,,,,,,,,,,,,,,,,,,,,,,,,,,,,,,1,,,,,,,,,,,,,,,,,,,,,,,,,,,,,,,,,,,,,,,,,,,,,,1,
0,15,28,"{'x': 548.6229473829832, 'y': 260.8221899826491, 'elapsedTime': 65889}",936757364107,5215767586,POINT (0.2857411184286371 0.2415020277617121),,,,,,,,,,,,,,,,,,,,,,,,,,,,,,,,,,,,,,,,,,,,,,,,,,,,,,1,,,,,,,,,,,,,,,,,,,,,,,,,,,,,,,,,,,,,,,,,,,,,,1,
0,15,28,"{'x': 548.6229473829832, 'y': 260.8221899826491, 'elapsedTime': 65889}",936757380778,5215784257,POINT (0.2857411184286371 0.2415020277617121),,,,,,,,,,,,,,,,,,,,,,,,,,,,,,,,,,,,,,,,,,,,,,,,,,,,,,1,,,,,,,,,,,,,,,,,,,,,,,,,,,,,,,,,,,,,,,,,,,,,,1,
0,15,28,"{'x': 485.1343365393108, 'y': 290.5127715855752, 'elapsedTime': 65940.10000002384}",936757397445,5215800923,POINT (0.2526741336142244 0.2689933070236807),,,,,,,,,,,,,,,,,,,,,,,,,,,,,,,,,,,,,,,,,,,,,,,,,,,,,,,,,,,,,,,,,,,,,,,,,,,,,,1,,,,,,,,,,,,,,,,,,,,,,1,
0,15,28,"{'x': 485.1343365393108, 'y': 290.5127715855752, 'elapsedTime': 65940.10000002384}",936757414112,5215817590,POINT (0.2526741336142244 0.2689933070236807),,,,,,,,,,,,,,,,,,,,,,,,,,,,,,,,,,,,,,,,,,,,,,,,,,,,,,,,,,,,,,,,,,,,,,,,,,,,,,1,,,,,,,,,,,,,,,,,,,,,,1,
0,15,28,"{'x': 485.1343365393108, 'y': 290.5127715855752, 'elapsedTime': 65940.10000002384}",936757430780,5215834257,POINT (0.2526741336142244 0.2689933070236807),,,,,,,,,,,,,,,,,,,,,,,,,,,,,,,,,,,,,,,,,,,,,,,,,,,,,,,,,,,,,,,,,,,,,,,,,,,,,,1,,,,,,,,,,,,,,,,,,,,,,1,
0,15,28,"{'x': 429.6290330619622, 'y': 330.836265002443, 'elapsedTime': 65987.20000004768}",936757447446,5215850923,POINT (0.2237651213864386 0.306329875002262),,,,,,,,,,,,,,,,,,,,,,,,,,,,,,,,,,,,,,,,,,,,,,,,,,,,,,,,,,,,,,,,,,,,,,,,,,,,,,,,,,,,,,,,,,,,,,,,,,,,,
0,15,28,"{'x': 429.6290330619622, 'y': 330.836265002443, 'elapsedTime': 65987.20000004768}",936757464114,5215867590,POINT (0.2237651213864386 0.306329875002262),,,,,,,,,,,,,,,,,,,,,,,,,,,,,,,,,,,,,,,,,,,,,,,,,,,,,,,,,,,,,,,,,,,,,,,,,,,,,,,,,,,,,,,,,,,,,,,,,,,,,
0,15,28,"{'x': 429.6290330619622, 'y': 330.836265002443, 'elapsedTime': 65987.20000004768}",936757480780,5215884256,POINT (0.2237651213864386 0.306329875002262),,,,,,,,,,,,,,,,,,,,,,,,,,,,,,,,,,,,,,,,,,,,,,,,,,,,,,,,,,,,,,,,,,,,,,,,,,,,,,,,,,,,,,,,,,,,,,,,,,,,,
0,15,28,"{'x': 364.9599451770306, 'y': 339.65796515776054, 'elapsedTime': 66035}",936757497448,5215900923,POINT (0.1900833047797034 0.3144981158868153),,,,,,,,,,,,,,,,,,,,,,,,,,,,,,,,,,,,,,,,,,,,,,,,,,,,,,,,,,,,,,,,,,,,,,,,,,,,,,,,,,,,,,,,,,,,,,,,,,,,,
0,15,28,"{'x': 364.9599451770306, 'y': 339.65796515776054, 'elapsedTime': 66035}",936757514120,5215917595,POINT (0.1900833047797034 0.3144981158868153),,,,,,,,,,,,,,,,,,,,,,,,,,,,,,,,,,,,,,,,,,,,,,,,,,,,,,,,,,,,,,,,,,,,,,,,,,,,,,,,,,,,,,,,,,,,,,,,,,,,,
0,15,28,"{'x': 364.9599451770306, 'y': 339.65796515776054, 'elapsedTime': 66035}",936757530787,5215934262,POINT (0.1900833047797034 0.3144981158868153),,,,,,,,,,,,,,,,,,,,,,,,,,,,,,,,,,,,,,,,,,,,,,,,,,,,,,,,,,,,,,,,,,,,,,,,,,,,,,,,,,,,,,,,,,,,,,,,,,,,,
0,15,28,"{'x': 311.1833760418821, 'y': 386.4520595936841, 'elapsedTime': 66085.20000004768}",936757547454,5215950928,POINT (0.1620746750218136 0.3578259811052631),,,,,,,,,,,,,,,,,,,,,,,,,,,,,,,,,,,,,,,,,,,,,,,,,,,,,,,,,,,,,,,,,,,,,,,,,,,,,,,,,,,,,,,,,,,,,,,,,,,,,
0,15,28,"{'x': 311.1833760418821, 'y': 386.4520595936841, 'elapsedTime': 66085.20000004768}",936757564121,5215967595,POINT (0.1620746750218136 0.3578259811052631),,,,,,,,,,,,,,,,,,,,,,,,,,,,,,,,,,,,,,,,,,,,,,,,,,,,,,,,,,,,,,,,,,,,,,,,,,,,,,,,,,,,,,,,,,,,,,,,,,,,,
0,15,28,"{'x': 311.1833760418821, 'y': 386.4520595936841, 'elapsedTime': 66085.20000004768}",936757580789,5215984262,POINT (0.1620746750218136 0.3578259811052631),,,,,,,,,,,,,,,,,,,,,,,,,,,,,,,,,,,,,,,,,,,,,,,,,,,,,,,,,,,,,,,,,,,,,,,,,,,,,,,,,,,,,,,,,,,,,,,,,,,,,
0,15,28,"{'x': 323.70068115079704, 'y': 348.9336941557889, 'elapsedTime': 66129.70000004768}",936757597455,5216000928,POINT (0.1685941047660401 0.3230867538479527),,,,,,,,,,,,,,,,,,,,,,,,,,,,,,,,,,,,,,,,,,,,,,,,,,,,,,,,,,,,,,,,,,,,,,,,,,,,,,,,,,,,,,,,,,,,,,,,,,,,,
0,15,28,"{'x': 323.70068115079704, 'y': 348.9336941557889, 'elapsedTime': 66129.70000004768}",936757614123,5216017595,POINT (0.1685941047660401 0.3230867538479527),,,,,,,,,,,,,,,,,,,,,,,,,,,,,,,,,,,,,,,,,,,,,,,,,,,,,,,,,,,,,,,,,,,,,,,,,,,,,,,,,,,,,,,,,,,,,,,,,,,,,
0,15,28,"{'x': 442.84302832403944, 'y': 287.8598284127346, 'elapsedTime': 66176.10000002384}",936757630790,5216034262,POINT (0.2306474105854372 0.2665368781599394),,,,,,,,,,,,,,,,,,,,,,,,,,,,,,,,,,,,,,,,,,,,,,,,,,,,,,,,,,,,,,,,,,,,,,,,,,,,,1,,,,,,,,,,,,,,,,,,,,,,,,
0,15,28,"{'x': 442.84302832403944, 'y': 287.8598284127346, 'elapsedTime': 66176.10000002384}",936757647463,5216050934,POINT (0.2306474105854372 0.2665368781599394),,,,,,,,,,,,,,,,,,,,,,,,,,,,,,,,,,,,,,,,,,,,,,,,,,,,,,,,,,,,,,,,,,,,,,,,,,,,,1,,,,,,,,,,,,,,,,,,,,,,,,
0,15,28,"{'x': 442.84302832403944, 'y': 287.8598284127346, 'elapsedTime': 66176.10000002384}",936757664130,5216067601,POINT (0.2306474105854372 0.2665368781599394),,,,,,,,,,,,,,,,,,,,,,,,,,,,,,,,,,,,,,,,,,,,,,,,,,,,,,,,,,,,,,,,,,,,,,,,,,,,,1,,,,,,,,,,,,,,,,,,,,,,,,
0,15,28,"{'x': 472.4971645959853, 'y': 326.7558676726122, 'elapsedTime': 66222.5}",936757680798,5216084268,POINT (0.2460922732270757 0.3025517293264928),,,,,,,,,,,,,,,,,,,,,,,,,,,,,,,,,,,,,,,,,,,,,,,,,,,,,,,,,,,,,,,,,,,,,,,,,,,,,,,,,,,,,,,,,,,,,,,,,,,,,
0,15,28,"{'x': 472.4971645959853, 'y': 326.7558676726122, 'elapsedTime': 66222.5}",936757697464,5216100934,POINT (0.2460922732270757 0.3025517293264928),,,,,,,,,,,,,,,,,,,,,,,,,,,,,,,,,,,,,,,,,,,,,,,,,,,,,,,,,,,,,,,,,,,,,,,,,,,,,,,,,,,,,,,,,,,,,,,,,,,,,
0,15,28,"{'x': 472.4971645959853, 'y': 326.7558676726122, 'elapsedTime': 66222.5}",936757714132,5216117601,POINT (0.2460922732270757 0.3025517293264928),,,,,,,,,,,,,,,,,,,,,,,,,,,,,,,,,,,,,,,,,,,,,,,,,,,,,,,,,,,,,,,,,,,,,,,,,,,,,,,,,,,,,,,,,,,,,,,,,,,,,
0,15,28,"{'x': 569.9031370522691, 'y': 387.640196810236, 'elapsedTime': 66266.5}",936757730799,5216134268,POINT (0.2968245505480568 0.3589261081576259),,,,,,,,,,,,,,,,,,,,,,,,,,,,,,,,,,,,,,,,,,,,,,,,,,,,,,,,,,,,,,,,,,,,,,,,,,,,,,,,,,,,,,,,,,,,,,,,,,,,,
0,15,28,"{'x': 569.9031370522691, 'y': 387.640196810236, 'elapsedTime': 66266.5}",936757747466,5216150934,POINT (0.2968245505480568 0.3589261081576259),,,,,,,,,,,,,,,,,,,,,,,,,,,,,,,,,,,,,,,,,,,,,,,,,,,,,,,,,,,,,,,,,,,,,,,,,,,,,,,,,,,,,,,,,,,,,,,,,,,,,
0,15,28,"{'x': 569.9031370522691, 'y': 387.640196810236, 'elapsedTime': 66266.5}",936757764132,5216167600,POINT (0.2968245505480568 0.3589261081576259),,,,,,,,,,,,,,,,,,,,,,,,,,,,,,,,,,,,,,,,,,,,,,,,,,,,,,,,,,,,,,,,,,,,,,,,,,,,,,,,,,,,,,,,,,,,,,,,,,,,,
0,15,28,"{'x': 615.2114888501286, 'y': 370.38917706739943, 'elapsedTime': 66312.20000004768}",936757780800,5216184267,POINT (0.3204226504427753 0.3429529417290735),,,,,,,,,,,,,,,,,,,,,,,,,,,,,,,,,,,,,,,,,,,,,,,,,,,,,,,,,,,,,,,,,,,,,,,,,,,,,,,,,,,,,,,,,,,,,,,,,,,,,
0,15,28,"{'x': 615.2114888501286, 'y': 370.38917706739943, 'elapsedTime': 66312.20000004768}",936757797468,5216200935,POINT (0.3204226504427753 0.3429529417290735),,,,,,,,,,,,,,,,,,,,,,,,,,,,,,,,,,,,,,,,,,,,,,,,,,,,,,,,,,,,,,,,,,,,,,,,,,,,,,,,,,,,,,,,,,,,,,,,,,,,,
0,15,28,"{'x': 674.3314648491523, 'y': 417.5596378174968, 'elapsedTime': 66360.20000004768}",936757814136,5216217602,POINT (0.3512143046089335 0.38662929427546),,,,,,,,,,,,,,,,,,,,,,,,,,,,,,,,,,,,,,,,,,,,,,,,,,,,,,,,,,,,,,,,,,,,,,,,,,,,,,,,,,,,,,,,,,,,,,,,,,,,,
0,15,28,"{'x': 674.3314648491523, 'y': 417.5596378174968, 'elapsedTime': 66360.20000004768}",936757830801,5216234267,POINT (0.3512143046089335 0.38662929427546),,,,,,,,,,,,,,,,,,,,,,,,,,,,,,,,,,,,,,,,,,,,,,,,,,,,,,,,,,,,,,,,,,,,,,,,,,,,,,,,,,,,,,,,,,,,,,,,,,,,,
0,15,28,"{'x': 674.3314648491523, 'y': 417.5596378174968, 'elapsedTime': 66360.20000004768}",936757847468,5216250933,POINT (0.3512143046089335 0.38662929427546),,,,,,,,,,,,,,,,,,,,,,,,,,,,,,,,,,,,,,,,,,,,,,,,,,,,,,,,,,,,,,,,,,,,,,,,,,,,,,,,,,,,,,,,,,,,,,,,,,,,,
0,15,28,"{'x': 667.8295228405321, 'y': 359.43135826064383, 'elapsedTime': 66406.20000004768}",936757864137,5216267602,POINT (0.3478278764794438 0.3328068132042998),,,,,,,,,,,,,,,,,,,,,,,,,,,,,,,,,,,,,,,,,,,,,,,,,,,,,,,,,,,,,,,,,,,,,,,,,,,,,,,,,,,,,,,,,,,,,,,,,,,,,
0,15,28,"{'x': 667.8295228405321, 'y': 359.43135826064383, 'elapsedTime': 66406.20000004768}",936757880805,5216284269,POINT (0.3478278764794438 0.3328068132042998),,,,,,,,,,,,,,,,,,,,,,,,,,,,,,,,,,,,,,,,,,,,,,,,,,,,,,,,,,,,,,,,,,,,,,,,,,,,,,,,,,,,,,,,,,,,,,,,,,,,,
0,15,28,"{'x': 667.8295228405321, 'y': 359.43135826064383, 'elapsedTime': 66406.20000004768}",936757897478,5216300942,POINT (0.3478278764794438 0.3328068132042998),,,,,,,,,,,,,,,,,,,,,,,,,,,,,,,,,,,,,,,,,,,,,,,,,,,,,,,,,,,,,,,,,,,,,,,,,,,,,,,,,,,,,,,,,,,,,,,,,,,,,
0,15,28,"{'x': 696.0786309663597, 'y': 307.2965557053385, 'elapsedTime': 66454.39999997616}",936757914144,5216317607,POINT (0.3625409536283124 0.2845338478753134),,,,,,,,,,,,,,,,,,,,,,,,,,,,,,,,,,,,,,,,,,,,,,,,,,,,,,,,,,,,,,,,,,,,,,,,,,,,,,,,,,,,,,,,,,,,,,,,,,,1,1,
0,15,28,"{'x': 696.0786309663597, 'y': 307.2965557053385, 'elapsedTime': 66454.39999997616}",936757930810,5216334273,POINT (0.3625409536283124 0.2845338478753134),,,,,,,,,,,,,,,,,,,,,,,,,,,,,,,,,,,,,,,,,,,,,,,,,,,,,,,,,,,,,,,,,,,,,,,,,,,,,,,,,,,,,,,,,,,,,,,,,,,1,1,
0,15,28,"{'x': 696.0786309663597, 'y': 307.2965557053385, 'elapsedTime': 66454.39999997616}",936757947478,5216350940,POINT (0.3625409536283124 0.2845338478753134),,,,,,,,,,,,,,,,,,,,,,,,,,,,,,,,,,,,,,,,,,,,,,,,,,,,,,,,,,,,,,,,,,,,,,,,,,,,,,,,,,,,,,,,,,,,,,,,,,,1,1,
0,15,28,"{'x': 749.0591426265346, 'y': 289.84004113433224, 'elapsedTime': 66503}",936757964147,5216367609,POINT (0.3901349701179868 0.268370408457715),,,,,,,,,,,,,,,,,,,,,,,,,,,,,,,,,,,,,,,,,,,,,,,,,,,,,,,,,,,,,,,,,,,,,,,,,,,,,,,,,,,,,,,,,,,,,,,,,,,1,1,
0,15,28,"{'x': 749.0591426265346, 'y': 289.84004113433224, 'elapsedTime': 66503}",936757980814,5216384275,POINT (0.3901349701179868 0.268370408457715),,,,,,,,,,,,,,,,,,,,,,,,,,,,,,,,,,,,,,,,,,,,,,,,,,,,,,,,,,,,,,,,,,,,,,,,,,,,,,,,,,,,,,,,,,,,,,,,,,,1,1,
0,15,28,"{'x': 749.0591426265346, 'y': 289.84004113433224, 'elapsedTime': 66503}",936757997479,5216400940,POINT (0.3901349701179868 0.268370408457715),,,,,,,,,,,,,,,,,,,,,,,,,,,,,,,,,,,,,,,,,,,,,,,,,,,,,,,,,,,,,,,,,,,,,,,,,,,,,,,,,,,,,,,,,,,,,,,,,,,1,1,
0,15,28,"{'x': 749.0591426265346, 'y': 289.84004113433224, 'elapsedTime': 66503}",936758014147,5216417607,POINT (0.3901349701179868 0.268370408457715),,,,,,,,,,,,,,,,,,,,,,,,,,,,,,,,,,,,,,,,,,,,,,,,,,,,,,,,,,,,,,,,,,,,,,,,,,,,,,,,,,,,,,,,,,,,,,,,,,,1,1,
0,15,28,"{'x': 690.6636360944509, 'y': 256.81471642331144, 'elapsedTime': 66549.89999997616}",936758030819,5216434279,POINT (0.3597206437991932 0.2377914040956587),,,,,,,,,,,,,,,,,,,,,,,,,,,,,,,,,,,,,,,,,,,,,,,,,,,,,,,,,,,,,,,,,,,,,,,,,,,,,,,,,,,,,,,,,,,,,,,,,,,,1,
0,15,28,"{'x': 690.6636360944509, 'y': 256.81471642331144, 'elapsedTime': 66549.89999997616}",936758047489,5216450948,POINT (0.3597206437991932 0.2377914040956587),,,,,,,,,,,,,,,,,,,,,,,,,,,,,,,,,,,,,,,,,,,,,,,,,,,,,,,,,,,,,,,,,,,,,,,,,,,,,,,,,,,,,,,,,,,,,,,,,,,,1,
0,15,28,"{'x': 663.9161940209472, 'y': 203.23985718837588, 'elapsedTime': 66608.10000002384}",936758064156,5216467615,POINT (0.34578968438591 0.1881850529521999),,,,,,,,,,,,,,,,,,,,,,,,,,,,,,,,,,,,,,,,,,,,,,,,,,,,,,,,,,,,,,,,,,,,,,,,,,,,,,,,,,,,,,,,,,,,,,,,,,,,,
0,15,28,"{'x': 663.9161940209472, 'y': 203.23985718837588, 'elapsedTime': 66608.10000002384}",936758080821,5216484279,POINT (0.34578968438591 0.1881850529521999),,,,,,,,,,,,,,,,,,,,,,,,,,,,,,,,,,,,,,,,,,,,,,,,,,,,,,,,,,,,,,,,,,,,,,,,,,,,,,,,,,,,,,,,,,,,,,,,,,,,,
0,15,28,"{'x': 663.9161940209472, 'y': 203.23985718837588, 'elapsedTime': 66608.10000002384}",936758097490,5216500948,POINT (0.34578968438591 0.1881850529521999),,,,,,,,,,,,,,,,,,,,,,,,,,,,,,,,,,,,,,,,,,,,,,,,,,,,,,,,,,,,,,,,,,,,,,,,,,,,,,,,,,,,,,,,,,,,,,,,,,,,,
0,15,28,"{'x': 729.0377229775145, 'y': 201.00407888252732, 'elapsedTime': 66656.10000002384}",936758114157,5216517614,POINT (0.3797071473841222 0.186114887854192),,,,,,,,,,,,,,,,,,,,,,,,,,,,,,,,,,,,,,,,,,,,,,,,,,,,,,,,,,,,,,,,,,,,,,,,,,,,,,,,,,,,,,,,,,,,,,,,,,,1,,
0,15,28,"{'x': 729.0377229775145, 'y': 201.00407888252732, 'elapsedTime': 66656.10000002384}",936758130822,5216534279,POINT (0.3797071473841222 0.186114887854192),,,,,,,,,,,,,,,,,,,,,,,,,,,,,,,,,,,,,,,,,,,,,,,,,,,,,,,,,,,,,,,,,,,,,,,,,,,,,,,,,,,,,,,,,,,,,,,,,,,1,,
0,15,28,"{'x': 729.0377229775145, 'y': 201.00407888252732, 'elapsedTime': 66656.10000002384}",936758147492,5216550948,POINT (0.3797071473841222 0.186114887854192),,,,,,,,,,,,,,,,,,,,,,,,,,,,,,,,,,,,,,,,,,,,,,,,,,,,,,,,,,,,,,,,,,,,,,,,,,,,,,,,,,,,,,,,,,,,,,,,,,,1,,
0,15,28,"{'x': 725.7877432660554, 'y': 175.13090578372277, 'elapsedTime': 66701.70000004768}",936758164161,5216567617,POINT (0.3780144496177372 0.1621582460960396),,,,,,,,,,,,,,,,,,,,,,,,,,,,,,,,,,,,,,,,,,,,,,,,,,,,,,,,,,,,,,,,,,,,,,,,,,,,,,,,,,,,,,,,,,,,,,,,,,,1,,
0,15,28,"{'x': 725.7877432660554, 'y': 175.13090578372277, 'elapsedTime': 66701.70000004768}",936758180828,5216584283,POINT (0.3780144496177372 0.1621582460960396),,,,,,,,,,,,,,,,,,,,,,,,,,,,,,,,,,,,,,,,,,,,,,,,,,,,,,,,,,,,,,,,,,,,,,,,,,,,,,,,,,,,,,,,,,,,,,,,,,,1,,
0,15,28,"{'x': 725.7877432660554, 'y': 175.13090578372277, 'elapsedTime': 66701.70000004768}",936758197494,5216600949,POINT (0.3780144496177372 0.1621582460960396),,,,,,,,,,,,,,,,,,,,,,,,,,,,,,,,,,,,,,,,,,,,,,,,,,,,,,,,,,,,,,,,,,,,,,,,,,,,,,,,,,,,,,,,,,,,,,,,,,,1,,
0,15,28,"{'x': 774.1014029323438, 'y': 164.80477295731146, 'elapsedTime': 66750.30000007153}",936758214163,5216617617,POINT (0.4031778140272624 0.1525970119975106),,,,,,,,,,,,,,,,,,,,,,,,,,,,,,,,,,,,,,,,,,,,,,,,,,,,,,,,,,,,,,,,,,,,,,,,,,,,,,,,,,,,,,,,,,,,,,,,,,,1,,
0,15,28,"{'x': 774.1014029323438, 'y': 164.80477295731146, 'elapsedTime': 66750.30000007153}",936758230829,5216634283,POINT (0.4031778140272624 0.1525970119975106),,,,,,,,,,,,,,,,,,,,,,,,,,,,,,,,,,,,,,,,,,,,,,,,,,,,,,,,,,,,,,,,,,,,,,,,,,,,,,,,,,,,,,,,,,,,,,,,,,,1,,
0,15,28,"{'x': 774.1014029323438, 'y': 164.80477295731146, 'elapsedTime': 66750.30000007153}",936758247496,5216650949,POINT (0.4031778140272624 0.1525970119975106),,,,,,,,,,,,,,,,,,,,,,,,,,,,,,,,,,,,,,,,,,,,,,,,,,,,,,,,,,,,,,,,,,,,,,,,,,,,,,,,,,,,,,,,,,,,,,,,,,,1,,
0,15,28,"{'x': 752.9453084013456, 'y': 165.5560256954096, 'elapsedTime': 66798.39999997616}",936758264162,5216667615,POINT (0.3921590147923675 0.1532926163846385),,,,,,,,,,,,,,,,,,,,,,,,,,,,,,,,,,,,,,,,,,,,,,,,,,,,,,,,,,,,,,,,,,,,,,,,,,,,,,,,,,,,,,,,,,,,,,,,,,,1,,
0,15,28,"{'x': 752.9453084013456, 'y': 165.5560256954096, 'elapsedTime': 66798.39999997616}",936758280829,5216684281,POINT (0.3921590147923675 0.1532926163846385),,,,,,,,,,,,,,,,,,,,,,,,,,,,,,,,,,,,,,,,,,,,,,,,,,,,,,,,,,,,,,,,,,,,,,,,,,,,,,,,,,,,,,,,,,,,,,,,,,,1,,
0,15,28,"{'x': 752.9453084013456, 'y': 165.5560256954096, 'elapsedTime': 66798.39999997616}",936758297502,5216700954,POINT (0.3921590147923675 0.1532926163846385),,,,,,,,,,,,,,,,,,,,,,,,,,,,,,,,,,,,,,,,,,,,,,,,,,,,,,,,,,,,,,,,,,,,,,,,,,,,,,,,,,,,,,,,,,,,,,,,,,,1,,
0,15,28,"{'x': 733.6111858928629, 'y': 168.31630141728732, 'elapsedTime': 66845}",936758314168,5216717619,POINT (0.3820891593191994 0.155848427238229),,,,,,,,,,,,,,,,,,,,,,,,,,,,,,,,,,,,,,,,,,,,,,,,,,,,,,,,,,,,,,,,,,,,,,,,,,,,,,,,,,,,,,,,,,,,,,,,,,,1,,
0,15,28,"{'x': 733.6111858928629, 'y': 168.31630141728732, 'elapsedTime': 66845}",936758330835,5216734286,POINT (0.3820891593191994 0.155848427238229),,,,,,,,,,,,,,,,,,,,,,,,,,,,,,,,,,,,,,,,,,,,,,,,,,,,,,,,,,,,,,,,,,,,,,,,,,,,,,,,,,,,,,,,,,,,,,,,,,,1,,
0,15,28,"{'x': 733.6111858928629, 'y': 168.31630141728732, 'elapsedTime': 66845}",936758347502,5216750952,POINT (0.3820891593191994 0.155848427238229),,,,,,,,,,,,,,,,,,,,,,,,,,,,,,,,,,,,,,,,,,,,,,,,,,,,,,,,,,,,,,,,,,,,,,,,,,,,,,,,,,,,,,,,,,,,,,,,,,,1,,
0,15,28,"{'x': 791.3214839328674, 'y': 119.66090955573807, 'elapsedTime': 66890.70000004768}",936758364170,5216767620,POINT (0.4121466062150351 0.1107971384775352),,,,,,,,,,,,,,,,,,,,,,,,,,,,,,,,,,,,,,,,,,,,,,,,,,,,,,,,,,,,,,,,,,,,,,,,,,,,,,,,,,,,,,,,,,,,,,,,,,,,,
0,15,28,"{'x': 791.3214839328674, 'y': 119.66090955573807, 'elapsedTime': 66890.70000004768}",936758380836,5216784286,POINT (0.4121466062150351 0.1107971384775352),,,,,,,,,,,,,,,,,,,,,,,,,,,,,,,,,,,,,,,,,,,,,,,,,,,,,,,,,,,,,,,,,,,,,,,,,,,,,,,,,,,,,,,,,,,,,,,,,,,,,
0,15,28,"{'x': 891.7451150819634, 'y': 150.05984514356692, 'elapsedTime': 66939.80000007153}",936758397503,5216800952,POINT (0.4644505807718559 0.1389443010588582),,,,,,,,,,,,,,,,,,,,,,,,,,,,,,,,,,,,,,,,,,,,,,,,,,,,,,,,,,,,,,,,,,,,,,,,,,,,,,,,,,,,,,,,,,,,,,,,,,,1,,
0,15,28,"{'x': 891.7451150819634, 'y': 150.05984514356692, 'elapsedTime': 66939.80000007153}",936758414170,5216817619,POINT (0.4644505807718559 0.1389443010588582),,,,,,,,,,,,,,,,,,,,,,,,,,,,,,,,,,,,,,,,,,,,,,,,,,,,,,,,,,,,,,,,,,,,,,,,,,,,,,,,,,,,,,,,,,,,,,,,,,,1,,
0,15,28,"{'x': 891.7451150819634, 'y': 150.05984514356692, 'elapsedTime': 66939.80000007153}",936758430844,5216834292,POINT (0.4644505807718559 0.1389443010588582),,,,,,,,,,,,,,,,,,,,,,,,,,,,,,,,,,,,,,,,,,,,,,,,,,,,,,,,,,,,,,,,,,,,,,,,,,,,,,,,,,,,,,,,,,,,,,,,,,,1,,
0,15,28,"{'x': 857.7493030199174, 'y': 156.45268331976007, 'elapsedTime': 66988.60000002384}",936758447511,5216850959,POINT (0.446744428656207 0.1448635956664445),,,,,,,,,,,,,,,,,,,,,,,,,,,,,,,,,,,,,,,,,,,,,,,,,,,,,,,,,,,,,,,,,,,,,,,,,,,,,,,,,,,,,,,,,,,,,,,,,,,1,,
0,15,28,"{'x': 857.7493030199174, 'y': 156.45268331976007, 'elapsedTime': 66988.60000002384}",936758464178,5216867625,POINT (0.446744428656207 0.1448635956664445),,,,,,,,,,,,,,,,,,,,,,,,,,,,,,,,,,,,,,,,,,,,,,,,,,,,,,,,,,,,,,,,,,,,,,,,,,,,,,,,,,,,,,,,,,,,,,,,,,,1,,
0,15,28,"{'x': 857.7493030199174, 'y': 156.45268331976007, 'elapsedTime': 66988.60000002384}",936758480845,5216884292,POINT (0.446744428656207 0.1448635956664445),,,,,,,,,,,,,,,,,,,,,,,,,,,,,,,,,,,,,,,,,,,,,,,,,,,,,,,,,,,,,,,,,,,,,,,,,,,,,,,,,,,,,,,,,,,,,,,,,,,1,,
0,15,28,"{'x': 857.7493030199174, 'y': 156.45268331976007, 'elapsedTime': 66988.60000002384}",936758497512,5216900958,POINT (0.446744428656207 0.1448635956664445),,,,,,,,,,,,,,,,,,,,,,,,,,,,,,,,,,,,,,,,,,,,,,,,,,,,,,,,,,,,,,,,,,,,,,,,,,,,,,,,,,,,,,,,,,,,,,,,,,,1,,
0,15,28,"{'x': 978.9144535836276, 'y': 112.60715585356616, 'elapsedTime': 67039.89999997616}",936758514179,5216917625,POINT (0.5098512779081393 0.1042658850495983),,,,,,,,,,,,,,,,,,,,,,,,,,,,,,,,,,,,,,,,,,,,,,,,,,,,,,,,,,,,,,,,,,,,,,,,,,,,,,,,,,,,,,,,,,,,,,,,,,,,,
0,15,28,"{'x': 910.5671296890695, 'y': 94.63418598900375, 'elapsedTime': 67090.20000004768}",936758530847,5216934292,POINT (0.4742537133797237 0.0876242462861146),,,,,,,,,,,,,,,,,,,,,,,,,,,,,,,,,,,,,,,,,,,,,,,,,,,,,,,,,,,,,,,,,,,,,,,,,,,,,,,,,,,,,,,,,,,,,,,,,,,,,
0,15,28,"{'x': 910.5671296890695, 'y': 94.63418598900375, 'elapsedTime': 67090.20000004768}",936758547513,5216950958,POINT (0.4742537133797237 0.0876242462861146),,,,,,,,,,,,,,,,,,,,,,,,,,,,,,,,,,,,,,,,,,,,,,,,,,,,,,,,,,,,,,,,,,,,,,,,,,,,,,,,,,,,,,,,,,,,,,,,,,,,,
0,15,28,"{'x': 910.5671296890695, 'y': 94.63418598900375, 'elapsedTime': 67090.20000004768}",936758564187,5216967631,POINT (0.4742537133797237 0.0876242462861146),,,,,,,,,,,,,,,,,,,,,,,,,,,,,,,,,,,,,,,,,,,,,,,,,,,,,,,,,,,,,,,,,,,,,,,,,,,,,,,,,,,,,,,,,,,,,,,,,,,,,
0,15,28,"{'x': 910.5671296890695, 'y': 94.63418598900375, 'elapsedTime': 67090.20000004768}",936758580853,5216984297,POINT (0.4742537133797237 0.0876242462861146),,,,,,,,,,,,,,,,,,,,,,,,,,,,,,,,,,,,,,,,,,,,,,,,,,,,,,,,,,,,,,,,,,,,,,,,,,,,,,,,,,,,,,,,,,,,,,,,,,,,,
0,15,28,"{'x': 983.7617384206912, 'y': 99.02680275128327, 'elapsedTime': 67138.10000002384}",936758597522,5217000965,POINT (0.5123759054274434 0.091691484028966),,,,,,,,,,,,,,,,,,,,,,,,,,,,,,,,,,,,,,,,,,,,,,,,,,,,,,,,,,,,,,,,,,,,,,,,,,,,,,,,,,,,,,,,,,,,,,,,,,,,,
0,15,28,"{'x': 983.7617384206912, 'y': 99.02680275128327, 'elapsedTime': 67138.10000002384}",936758614188,5217017631,POINT (0.5123759054274434 0.091691484028966),,,,,,,,,,,,,,,,,,,,,,,,,,,,,,,,,,,,,,,,,,,,,,,,,,,,,,,,,,,,,,,,,,,,,,,,,,,,,,,,,,,,,,,,,,,,,,,,,,,,,
0,15,28,"{'x': 983.7617384206912, 'y': 99.02680275128327, 'elapsedTime': 67138.10000002384}",936758630855,5217034297,POINT (0.5123759054274434 0.091691484028966),,,,,,,,,,,,,,,,,,,,,,,,,,,,,,,,,,,,,,,,,,,,,,,,,,,,,,,,,,,,,,,,,,,,,,,,,,,,,,,,,,,,,,,,,,,,,,,,,,,,,
0,15,28,"{'x': 1053.3741314267722, 'y': 63.64312211779048, 'elapsedTime': 67185.10000002384}",936758647523,5217050965,POINT (0.5486323601181106 0.0589288167757319),,,,,,,,,,,,,,,,,,,,,,,,,,,,,,,,,,,,,,,,,,,,,,,,,,,,,,,,,,,,,,,,,,,,,,,,,,,,,,,,,,,,,,,,,,,,,,,,,,,,,
0,15,28,"{'x': 1053.3741314267722, 'y': 63.64312211779048, 'elapsedTime': 67185.10000002384}",936758664190,5217067631,POINT (0.5486323601181106 0.0589288167757319),,,,,,,,,,,,,,,,,,,,,,,,,,,,,,,,,,,,,,,,,,,,,,,,,,,,,,,,,,,,,,,,,,,,,,,,,,,,,,,,,,,,,,,,,,,,,,,,,,,,,
0,15,28,"{'x': 1053.3741314267722, 'y': 63.64312211779048, 'elapsedTime': 67185.10000002384}",936758680857,5217084298,POINT (0.5486323601181106 0.0589288167757319),,,,,,,,,,,,,,,,,,,,,,,,,,,,,,,,,,,,,,,,,,,,,,,,,,,,,,,,,,,,,,,,,,,,,,,,,,,,,,,,,,,,,,,,,,,,,,,,,,,,,
0,15,28,"{'x': 1092.0518759784036, 'y': 68.22145625469847, 'elapsedTime': 67233.30000007153}",936758697525,5217100965,POINT (0.5687770187387519 0.0631680150506467),,,,,,,,,,,,,,,,,,,,,,,,,,,,,,,,,,,,,,,,,,,,,,,,,,,,,,,,,,,,,,,,,,,,,,,,,,,,,,,,,,,,,,,,,,,,,,,,,,,,,
0,15,28,"{'x': 1092.0518759784036, 'y': 68.22145625469847, 'elapsedTime': 67233.30000007153}",936758714192,5217117632,POINT (0.5687770187387519 0.0631680150506467),,,,,,,,,,,,,,,,,,,,,,,,,,,,,,,,,,,,,,,,,,,,,,,,,,,,,,,,,,,,,,,,,,,,,,,,,,,,,,,,,,,,,,,,,,,,,,,,,,,,,
0,15,28,"{'x': 1092.0518759784036, 'y': 68.22145625469847, 'elapsedTime': 67233.30000007153}",936758730860,5217134299,POINT (0.5687770187387519 0.0631680150506467),,,,,,,,,,,,,,,,,,,,,,,,,,,,,,,,,,,,,,,,,,,,,,,,,,,,,,,,,,,,,,,,,,,,,,,,,,,,,,,,,,,,,,,,,,,,,,,,,,,,,
0,15,28,"{'x': 1073.866219254286, 'y': 62.70079351908302, 'elapsedTime': 67279.89999997616}",936758747526,5217150965,POINT (0.559305322528274 0.0580562902954472),,,,,,,,,,,,,,,,,,,,,,,,,,,,,,,,,,,,,,,,,,,,,,,,,,,,,,,,,,,,,,,,,,,,,,,,,,,,,,,,,,,,,,,,,,,,,,,,,,,,,
0,15,28,"{'x': 1073.866219254286, 'y': 62.70079351908302, 'elapsedTime': 67279.89999997616}",936758764194,5217167632,POINT (0.559305322528274 0.0580562902954472),,,,,,,,,,,,,,,,,,,,,,,,,,,,,,,,,,,,,,,,,,,,,,,,,,,,,,,,,,,,,,,,,,,,,,,,,,,,,,,,,,,,,,,,,,,,,,,,,,,,,
0,15,28,"{'x': 936.8425391740487, 'y': 67.38454495531585, 'elapsedTime': 67325.30000007153}",936758780860,5217184298,POINT (0.4879388224864837 0.062393097180848),,,,,,,,,,,,,,,,,,,,,,,,,,,,,,,,,,,,,,,,,,,,,,,,,,,,,,,,,,,,,,,,,,,,,,,,,,,,,,,,,,,,,,,,,,,,,,,,,,,,,
0,15,28,"{'x': 936.8425391740487, 'y': 67.38454495531585, 'elapsedTime': 67325.30000007153}",936758797529,5217200966,POINT (0.4879388224864837 0.062393097180848),,,,,,,,,,,,,,,,,,,,,,,,,,,,,,,,,,,,,,,,,,,,,,,,,,,,,,,,,,,,,,,,,,,,,,,,,,,,,,,,,,,,,,,,,,,,,,,,,,,,,
0,15,28,"{'x': 936.8425391740487, 'y': 67.38454495531585, 'elapsedTime': 67325.30000007153}",936758814201,5217217638,POINT (0.4879388224864837 0.062393097180848),,,,,,,,,,,,,,,,,,,,,,,,,,,,,,,,,,,,,,,,,,,,,,,,,,,,,,,,,,,,,,,,,,,,,,,,,,,,,,,,,,,,,,,,,,,,,,,,,,,,,
0,15,28,"{'x': 961.9295283811675, 'y': 57.089563018536545, 'elapsedTime': 67371.60000002384}",936758830868,5217234304,POINT (0.5010049626985248 0.052860706498645),,,,,,,,,,,,,,,,,,,,,,,,,,,,,,,,,,,,,,,,,,,,,,,,,,,,,,,,,,,,,,,,,,,,,,,,,,,,,,,,,,,,,,,,,,,,,,,,,,,,,
0,15,28,"{'x': 961.9295283811675, 'y': 57.089563018536545, 'elapsedTime': 67371.60000002384}",936758847535,5217250971,POINT (0.5010049626985248 0.052860706498645),,,,,,,,,,,,,,,,,,,,,,,,,,,,,,,,,,,,,,,,,,,,,,,,,,,,,,,,,,,,,,,,,,,,,,,,,,,,,,,,,,,,,,,,,,,,,,,,,,,,,
0,15,28,"{'x': 961.9295283811675, 'y': 57.089563018536545, 'elapsedTime': 67371.60000002384}",936758864203,5217267638,POINT (0.5010049626985248 0.052860706498645),,,,,,,,,,,,,,,,,,,,,,,,,,,,,,,,,,,,,,,,,,,,,,,,,,,,,,,,,,,,,,,,,,,,,,,,,,,,,,,,,,,,,,,,,,,,,,,,,,,,,
0,15,28,"{'x': 854.077667537192, 'y': 106.04234174155647, 'elapsedTime': 67418.70000004768}",936758880869,5217284304,POINT (0.4448321185089542 0.0981873534644042),,,,,,,,,,,,,,,,,,,,,,,,,,,,,,,,,,,,,,,,,,,,,,,,,,,,,,,,,,,,,,,,,,,,,,,,,,,,,,,,,,,,,,,,,,,,,,,,,,,,,
0,15,28,"{'x': 854.077667537192, 'y': 106.04234174155647, 'elapsedTime': 67418.70000004768}",936758897538,5217300972,POINT (0.4448321185089542 0.0981873534644042),,,,,,,,,,,,,,,,,,,,,,,,,,,,,,,,,,,,,,,,,,,,,,,,,,,,,,,,,,,,,,,,,,,,,,,,,,,,,,,,,,,,,,,,,,,,,,,,,,,,,
0,15,28,"{'x': 854.077667537192, 'y': 106.04234174155647, 'elapsedTime': 67418.70000004768}",936758914204,5217317638,POINT (0.4448321185089542 0.0981873534644042),,,,,,,,,,,,,,,,,,,,,,,,,,,,,,,,,,,,,,,,,,,,,,,,,,,,,,,,,,,,,,,,,,,,,,,,,,,,,,,,,,,,,,,,,,,,,,,,,,,,,
0,15,28,"{'x': 943.4851988359146, 'y': 136.56237521321282, 'elapsedTime': 67464.80000007153}",936758930871,5217334304,POINT (0.4913985410603722 0.1264466437159378),,,,,,,,,,,,,,,,,,,,,,,,,,,,,,,,,,,,,,,,,,,,,,,,,,,,,,,,,,,,,,,,,,,,,,,,,,,,,,,,,,,,,,,,,,,,,,,,,,,,,
0,15,28,"{'x': 943.4851988359146, 'y': 136.56237521321282, 'elapsedTime': 67464.80000007153}",936758947542,5217350975,POINT (0.4913985410603722 0.1264466437159378),,,,,,,,,,,,,,,,,,,,,,,,,,,,,,,,,,,,,,,,,,,,,,,,,,,,,,,,,,,,,,,,,,,,,,,,,,,,,,,,,,,,,,,,,,,,,,,,,,,,,
0,15,28,"{'x': 910.3993636474911, 'y': 142.58946897614288, 'elapsedTime': 67511.39999997616}",936758964210,5217367642,POINT (0.4741663352330683 0.1320272860890212),,,,,,,,,,,,,,,,,,,,,,,,,,,,,,,,,,,,,,,,,,,,,,,,,,,,,,,,,,,,,,,,,,,,,,,,,,,,,,,,,,,,,,,,,,,,,,,,,,,,,
0,15,28,"{'x': 910.3993636474911, 'y': 142.58946897614288, 'elapsedTime': 67511.39999997616}",936758980877,5217384309,POINT (0.4741663352330683 0.1320272860890212),,,,,,,,,,,,,,,,,,,,,,,,,,,,,,,,,,,,,,,,,,,,,,,,,,,,,,,,,,,,,,,,,,,,,,,,,,,,,,,,,,,,,,,,,,,,,,,,,,,,,
0,15,28,"{'x': 910.3993636474911, 'y': 142.58946897614288, 'elapsedTime': 67511.39999997616}",936758997544,5217400975,POINT (0.4741663352330683 0.1320272860890212),,,,,,,,,,,,,,,,,,,,,,,,,,,,,,,,,,,,,,,,,,,,,,,,,,,,,,,,,,,,,,,,,,,,,,,,,,,,,,,,,,,,,,,,,,,,,,,,,,,,,
0,15,28,"{'x': 910.3993636474911, 'y': 142.58946897614288, 'elapsedTime': 67511.39999997616}",936759014213,5217417644,POINT (0.4741663352330683 0.1320272860890212),,,,,,,,,,,,,,,,,,,,,,,,,,,,,,,,,,,,,,,,,,,,,,,,,,,,,,,,,,,,,,,,,,,,,,,,,,,,,,,,,,,,,,,,,,,,,,,,,,,,,
0,15,28,"{'x': 705.7726426901797, 'y': 114.19674996925433, 'elapsedTime': 67556.10000002384}",936759030879,5217434309,POINT (0.367589918067802 0.1057377314530133),,,,,,,,,,,,,,,,,,,,,,,,,,,,,,,,,,,,,,,,,,,,,,,,,,,,,,,,,,,,,,,,,,,,,,,,,,,,,,,,,,,,,,,,,,,,,,,,,,,,,
0,15,28,"{'x': 705.7726426901797, 'y': 114.19674996925433, 'elapsedTime': 67556.10000002384}",936759047545,5217450975,POINT (0.367589918067802 0.1057377314530133),,,,,,,,,,,,,,,,,,,,,,,,,,,,,,,,,,,,,,,,,,,,,,,,,,,,,,,,,,,,,,,,,,,,,,,,,,,,,,,,,,,,,,,,,,,,,,,,,,,,,
0,15,28,"{'x': 705.7726426901797, 'y': 114.19674996925433, 'elapsedTime': 67556.10000002384}",936759064213,5217467642,POINT (0.367589918067802 0.1057377314530133),,,,,,,,,,,,,,,,,,,,,,,,,,,,,,,,,,,,,,,,,,,,,,,,,,,,,,,,,,,,,,,,,,,,,,,,,,,,,,,,,,,,,,,,,,,,,,,,,,,,,
0,15,28,"{'x': 724.7112420633526, 'y': 162.5235139278597, 'elapsedTime': 67614.89999997616}",936759080886,5217484315,POINT (0.3774537719079962 0.1504847351183886),,,,,,,,,,,,,,,,,,,,,,,,,,,,,,,,,,,,,,,,,,,,,,,,,,,,,,,,,,,,,,,,,,,,,,,,,,,,,,,,,,,,,,,,,,,,,,,,,,,1,,
0,15,28,"{'x': 724.7112420633526, 'y': 162.5235139278597, 'elapsedTime': 67614.89999997616}",936759097553,5217500981,POINT (0.3774537719079962 0.1504847351183886),,,,,,,,,,,,,,,,,,,,,,,,,,,,,,,,,,,,,,,,,,,,,,,,,,,,,,,,,,,,,,,,,,,,,,,,,,,,,,,,,,,,,,,,,,,,,,,,,,,1,,
0,15,28,"{'x': 626.1906507312219, 'y': 272.44495009028947, 'elapsedTime': 67664}",936759114220,5217517648,POINT (0.3261409639225114 0.252263842676194),,,,,,,,,,,,,,,,,,,,,,,,,,,,,,,,,,,,,,,,,,,,,,,,,,,,,,,,,,,,,,,,,,,,,,,,,,,,,,,,,,,,,,,,,,,,,,,,,,,,1,
0,15,28,"{'x': 626.1906507312219, 'y': 272.44495009028947, 'elapsedTime': 67664}",936759130888,5217534315,POINT (0.3261409639225114 0.252263842676194),,,,,,,,,,,,,,,,,,,,,,,,,,,,,,,,,,,,,,,,,,,,,,,,,,,,,,,,,,,,,,,,,,,,,,,,,,,,,,,,,,,,,,,,,,,,,,,,,,,,1,
0,15,28,"{'x': 626.1906507312219, 'y': 272.44495009028947, 'elapsedTime': 67664}",936759147554,5217550981,POINT (0.3261409639225114 0.252263842676194),,,,,,,,,,,,,,,,,,,,,,,,,,,,,,,,,,,,,,,,,,,,,,,,,,,,,,,,,,,,,,,,,,,,,,,,,,,,,,,,,,,,,,,,,,,,,,,,,,,,1,
0,15,28,"{'x': 588.1670035576083, 'y': 292.31309263232424, 'elapsedTime': 67710.10000002384}",936759164222,5217567648,POINT (0.3063369810195876 0.2706602709558558),,,,,,,,,,,,,,,,,,,,,,,,,,,,,,,,,,,,,,,,,,,,,,,,,,,,,,,,,,,,,,,,,,,,,,,,,,,,,,,,,,,,,,,,,,,,,,,,,,,1,1,
0,15,28,"{'x': 588.1670035576083, 'y': 292.31309263232424, 'elapsedTime': 67710.10000002384}",936759180888,5217584314,POINT (0.3063369810195876 0.2706602709558558),,,,,,,,,,,,,,,,,,,,,,,,,,,,,,,,,,,,,,,,,,,,,,,,,,,,,,,,,,,,,,,,,,,,,,,,,,,,,,,,,,,,,,,,,,,,,,,,,,,1,1,
0,15,28,"{'x': 588.1670035576083, 'y': 292.31309263232424, 'elapsedTime': 67710.10000002384}",936759197556,5217600981,POINT (0.3063369810195876 0.2706602709558558),,,,,,,,,,,,,,,,,,,,,,,,,,,,,,,,,,,,,,,,,,,,,,,,,,,,,,,,,,,,,,,,,,,,,,,,,,,,,,,,,,,,,,,,,,,,,,,,,,,1,1,
0,15,28,"{'x': 588.1670035576083, 'y': 292.31309263232424, 'elapsedTime': 67710.10000002384}",936759214225,5217617650,POINT (0.3063369810195876 0.2706602709558558),,,,,,,,,,,,,,,,,,,,,,,,,,,,,,,,,,,,,,,,,,,,,,,,,,,,,,,,,,,,,,,,,,,,,,,,,,,,,,,,,,,,,,,,,,,,,,,,,,,1,1,
0,15,28,"{'x': 550.4682132234273, 'y': 342.50826608354527, 'elapsedTime': 67756.60000002384}",936759230892,5217634317,POINT (0.2867021943872017 0.3171372834106901),,,,,,,,,,,,,,,,,,,,,,,,,,,,,,,,,,,,,,,,,,,,,,,,,,,,,,,,,,,,,,,,,,,,,,,,,,,,,,,,,,,,,,,,,,,,,,,,,,,,,
0,15,28,"{'x': 550.4682132234273, 'y': 342.50826608354527, 'elapsedTime': 67756.60000002384}",936759247559,5217650983,POINT (0.2867021943872017 0.3171372834106901),,,,,,,,,,,,,,,,,,,,,,,,,,,,,,,,,,,,,,,,,,,,,,,,,,,,,,,,,,,,,,,,,,,,,,,,,,,,,,,,,,,,,,,,,,,,,,,,,,,,,
0,15,28,"{'x': 630.5917629677856, 'y': 325.0970974198474, 'elapsedTime': 67809.89999997616}",936759264225,5217667649,POINT (0.328433209879055 0.3010158309443031),,,,,,,,,,,,,,,,,,,,,,,,,,,,,,,,,,,,,,,,,,,,,,,,,,,,,,,,,,,,,,,,,,,,,,,,,,,,,,,,,,,,,,,,,,,,,,,,,,,,1,
0,15,28,"{'x': 630.5917629677856, 'y': 325.0970974198474, 'elapsedTime': 67809.89999997616}",936759280894,5217684317,POINT (0.328433209879055 0.3010158309443031),,,,,,,,,,,,,,,,,,,,,,,,,,,,,,,,,,,,,,,,,,,,,,,,,,,,,,,,,,,,,,,,,,,,,,,,,,,,,,,,,,,,,,,,,,,,,,,,,,,,1,
0,15,28,"{'x': 630.5917629677856, 'y': 325.0970974198474, 'elapsedTime': 67809.89999997616}",936759297562,5217700985,POINT (0.328433209879055 0.3010158309443031),,,,,,,,,,,,,,,,,,,,,,,,,,,,,,,,,,,,,,,,,,,,,,,,,,,,,,,,,,,,,,,,,,,,,,,,,,,,,,,,,,,,,,,,,,,,,,,,,,,,1,
0,15,28,"{'x': 674.7956495336698, 'y': 357.57599985027707, 'elapsedTime': 67857.10000002384}",936759314228,5217717650,POINT (0.351456067465453 0.3310888887502566),,,,,,,,,,,,,,,,,,,,,,,,,,,,,,,,,,,,,,,,,,,,,,,,,,,,,,,,,,,,,,,,,,,,,,,,,,,,,,,,,,,,,,,,,,,,,,,,,,,,,
0,15,28,"{'x': 674.7956495336698, 'y': 357.57599985027707, 'elapsedTime': 67857.10000002384}",936759330894,5217734316,POINT (0.351456067465453 0.3310888887502566),,,,,,,,,,,,,,,,,,,,,,,,,,,,,,,,,,,,,,,,,,,,,,,,,,,,,,,,,,,,,,,,,,,,,,,,,,,,,,,,,,,,,,,,,,,,,,,,,,,,,
0,15,28,"{'x': 674.7956495336698, 'y': 357.57599985027707, 'elapsedTime': 67857.10000002384}",936759347566,5217750987,POINT (0.351456067465453 0.3310888887502566),,,,,,,,,,,,,,,,,,,,,,,,,,,,,,,,,,,,,,,,,,,,,,,,,,,,,,,,,,,,,,,,,,,,,,,,,,,,,,,,,,,,,,,,,,,,,,,,,,,,,
0,15,28,"{'x': 723.9151801343176, 'y': 314.1242250051015, 'elapsedTime': 67904.5}",936759364233,5217767654,POINT (0.377039156319957 0.2908557638936125),,,,,,,,,,,,,,,,,,,,,,,,,,,,,,,,,,,,,,,,,,,,,,,,,,,,,,,,,,,,,,,,,,,,,,,,,,,,,,,,,,,,,,,,,,,,,,,,,,,1,1,
0,15,28,"{'x': 723.9151801343176, 'y': 314.1242250051015, 'elapsedTime': 67904.5}",936759380900,5217784320,POINT (0.377039156319957 0.2908557638936125),,,,,,,,,,,,,,,,,,,,,,,,,,,,,,,,,,,,,,,,,,,,,,,,,,,,,,,,,,,,,,,,,,,,,,,,,,,,,,,,,,,,,,,,,,,,,,,,,,,1,1,
0,15,28,"{'x': 723.9151801343176, 'y': 314.1242250051015, 'elapsedTime': 67904.5}",936759397567,5217800987,POINT (0.377039156319957 0.2908557638936125),,,,,,,,,,,,,,,,,,,,,,,,,,,,,,,,,,,,,,,,,,,,,,,,,,,,,,,,,,,,,,,,,,,,,,,,,,,,,,,,,,,,,,,,,,,,,,,,,,,1,1,
0,15,28,"{'x': 707.5714998001934, 'y': 275.00921353673516, 'elapsedTime': 67954.30000007153}",936759414234,5217817653,POINT (0.3685268228126007 0.2546381606821622),,,,,,,,,,,,,,,,,,,,,,,,,,,,,,,,,,,,,,,,,,,,,,,,,,,,,,,,,,,,,,,,,,,,,,,,,,,,,,,,,,,1,,,,,,,,,,,,,,,,1,1,
0,15,28,"{'x': 707.5714998001934, 'y': 275.00921353673516, 'elapsedTime': 67954.30000007153}",936759430903,5217834322,POINT (0.3685268228126007 0.2546381606821622),,,,,,,,,,,,,,,,,,,,,,,,,,,,,,,,,,,,,,,,,,,,,,,,,,,,,,,,,,,,,,,,,,,,,,,,,,,,,,,,,,,1,,,,,,,,,,,,,,,,1,1,
0,15,28,"{'x': 707.5714998001934, 'y': 275.00921353673516, 'elapsedTime': 67954.30000007153}",936759447571,5217850989,POINT (0.3685268228126007 0.2546381606821622),,,,,,,,,,,,,,,,,,,,,,,,,,,,,,,,,,,,,,,,,,,,,,,,,,,,,,,,,,,,,,,,,,,,,,,,,,,,,,,,,,,1,,,,,,,,,,,,,,,,1,1,
0,15,28,"{'x': 731.9509418593392, 'y': 245.39688434542074, 'elapsedTime': 68000.60000002384}",936759464237,5217867655,POINT (0.3812244488850725 0.227219337356871),,,,,,,,,,,,,,,,,,,,,,,,,,,,,,,,,,,,,,,,,,,,,,,,,,,,,,,,,,1,,,,,,,,,,,,,,,,,,,,,,,,,,,,,,,,,,,,,,,,,,1,
0,15,28,"{'x': 731.9509418593392, 'y': 245.39688434542074, 'elapsedTime': 68000.60000002384}",936759480914,5217884331,POINT (0.3812244488850725 0.227219337356871),,,,,,,,,,,,,,,,,,,,,,,,,,,,,,,,,,,,,,,,,,,,,,,,,,,,,,,,,,1,,,,,,,,,,,,,,,,,,,,,,,,,,,,,,,,,,,,,,,,,,1,
0,15,28,"{'x': 731.9509418593392, 'y': 245.39688434542074, 'elapsedTime': 68000.60000002384}",936759497580,5217900997,POINT (0.3812244488850725 0.227219337356871),,,,,,,,,,,,,,,,,,,,,,,,,,,,,,,,,,,,,,,,,,,,,,,,,,,,,,,,,,1,,,,,,,,,,,,,,,,,,,,,,,,,,,,,,,,,,,,,,,,,,1,
0,15,28,"{'x': 731.9509418593392, 'y': 245.39688434542074, 'elapsedTime': 68000.60000002384}",936759514247,5217917663,POINT (0.3812244488850725 0.227219337356871),,,,,,,,,,,,,,,,,,,,,,,,,,,,,,,,,,,,,,,,,,,,,,,,,,,,,,,,,,1,,,,,,,,,,,,,,,,,,,,,,,,,,,,,,,,,,,,,,,,,,1,
0,15,28,"{'x': 709.2950258418302, 'y': 284.40043058079493, 'elapsedTime': 68046.60000002384}",936759530914,5217934330,POINT (0.3694244926259532 0.2633337320192546),,,,,,,,,,,,,,,,,,,,,,,,,,,,,,,,,,,,,,,,,,,,,,,,,,,,,,,,,,,,,,,,,,,,,,,,,,,,,,,,,,,,,,,,,,,,,,,,,,,1,1,
0,15,28,"{'x': 709.2950258418302, 'y': 284.40043058079493, 'elapsedTime': 68046.60000002384}",936759547582,5217950997,POINT (0.3694244926259532 0.2633337320192546),,,,,,,,,,,,,,,,,,,,,,,,,,,,,,,,,,,,,,,,,,,,,,,,,,,,,,,,,,,,,,,,,,,,,,,,,,,,,,,,,,,,,,,,,,,,,,,,,,,1,1,
0,15,28,"{'x': 662.6820902779308, 'y': 263.4810280204333, 'elapsedTime': 68106.89999997616}",936759564248,5217967663,POINT (0.3451469220197556 0.2439639148337346),,,,,,,,,,,,,,,,,,,,,,,,,,,,,,,,,,,,,,,,,,,,,,,,,,,,,,,,,,,,,,,,,,,,,,,,,,,,,,,,,,,,,,,,,,,,,,,,,,,,1,
0,15,28,"{'x': 662.6820902779308, 'y': 263.4810280204333, 'elapsedTime': 68106.89999997616}",936759580916,5217984330,POINT (0.3451469220197556 0.2439639148337346),,,,,,,,,,,,,,,,,,,,,,,,,,,,,,,,,,,,,,,,,,,,,,,,,,,,,,,,,,,,,,,,,,,,,,,,,,,,,,,,,,,,,,,,,,,,,,,,,,,,1,
0,15,28,"{'x': 662.6820902779308, 'y': 263.4810280204333, 'elapsedTime': 68106.89999997616}",936759597583,5218000997,POINT (0.3451469220197556 0.2439639148337346),,,,,,,,,,,,,,,,,,,,,,,,,,,,,,,,,,,,,,,,,,,,,,,,,,,,,,,,,,,,,,,,,,,,,,,,,,,,,,,,,,,,,,,,,,,,,,,,,,,,1,
0,15,28,"{'x': 702.630552068883, 'y': 332.8028567411068, 'elapsedTime': 68153.39999997616}",936759614255,5218017668,POINT (0.3659534125358766 0.3081507932788026),,,,,,,,,,,,,,,,,,,,,,,,,,,,,,,,,,,,,,,,,,,,,,,,,,,,,,,,,,,,,,,,,,,,,,,,,,,,,,,,,,,,,,,,,,,,,,,,,,,,1,
0,15,28,"{'x': 702.630552068883, 'y': 332.8028567411068, 'elapsedTime': 68153.39999997616}",936759630923,5218034336,POINT (0.3659534125358766 0.3081507932788026),,,,,,,,,,,,,,,,,,,,,,,,,,,,,,,,,,,,,,,,,,,,,,,,,,,,,,,,,,,,,,,,,,,,,,,,,,,,,,,,,,,,,,,,,,,,,,,,,,,,1,
0,15,28,"{'x': 702.630552068883, 'y': 332.8028567411068, 'elapsedTime': 68153.39999997616}",936759647591,5218051003,POINT (0.3659534125358766 0.3081507932788026),,,,,,,,,,,,,,,,,,,,,,,,,,,,,,,,,,,,,,,,,,,,,,,,,,,,,,,,,,,,,,,,,,,,,,,,,,,,,,,,,,,,,,,,,,,,,,,,,,,,1,
0,15,28,"{'x': 713.7903685673507, 'y': 338.468256705961, 'elapsedTime': 68199.10000002384}",936759664256,5218067668,POINT (0.3717658169621618 0.3133965339870009),,,,,,,,,,,,,,,,,,,,,,,,,,,,,,,,,,,,,,,,,,,,,,,,,,,,,,,,,,,,,,,,,,,,,,,,,,,,,,,,,,,,,,,,,,,,,,,,,,,,1,
0,15,28,"{'x': 713.7903685673507, 'y': 338.468256705961, 'elapsedTime': 68199.10000002384}",936759680923,5218084334,POINT (0.3717658169621618 0.3133965339870009),,,,,,,,,,,,,,,,,,,,,,,,,,,,,,,,,,,,,,,,,,,,,,,,,,,,,,,,,,,,,,,,,,,,,,,,,,,,,,,,,,,,,,,,,,,,,,,,,,,,1,
0,15,28,"{'x': 713.7903685673507, 'y': 338.468256705961, 'elapsedTime': 68199.10000002384}",936759697590,5218101001,POINT (0.3717658169621618 0.3133965339870009),,,,,,,,,,,,,,,,,,,,,,,,,,,,,,,,,,,,,,,,,,,,,,,,,,,,,,,,,,,,,,,,,,,,,,,,,,,,,,,,,,,,,,,,,,,,,,,,,,,,1,
0,15,28,"{'x': 772.4073184332642, 'y': 331.00566992200817, 'elapsedTime': 68246.70000004768}",936759714257,5218117667,POINT (0.4022954783506584 0.3064867314092668),,,,,,,,,,,,,,,,,,,,,,,,,,,,,,,,,,,,,,,,,,,,,,,,,,,,,,,,,,,,,,,,,,,,,,,,,,,,,,,,,,,,,,,,,,,,,,,,,,,,1,
0,15,28,"{'x': 772.4073184332642, 'y': 331.00566992200817, 'elapsedTime': 68246.70000004768}",936759730928,5218134338,POINT (0.4022954783506584 0.3064867314092668),,,,,,,,,,,,,,,,,,,,,,,,,,,,,,,,,,,,,,,,,,,,,,,,,,,,,,,,,,,,,,,,,,,,,,,,,,,,,,,,,,,,,,,,,,,,,,,,,,,,1,
0,15,28,"{'x': 759.1299296223444, 'y': 345.1980146422922, 'elapsedTime': 68292.30000007153}",936759747596,5218151005,POINT (0.3953801716783044 0.3196277913354558),,,,,,,,,,,,,,,,,,,,,,,,,,,,,,,,,,,,,,,,,,,,,,,,,,,,,,,,,,,,,,,,,,,,,,,,,,,,,,,,,,,,,,,,,,,,,,,,,,,,1,
0,15,28,"{'x': 759.1299296223444, 'y': 345.1980146422922, 'elapsedTime': 68292.30000007153}",936759764262,5218167671,POINT (0.3953801716783044 0.3196277913354558),,,,,,,,,,,,,,,,,,,,,,,,,,,,,,,,,,,,,,,,,,,,,,,,,,,,,,,,,,,,,,,,,,,,,,,,,,,,,,,,,,,,,,,,,,,,,,,,,,,,1,
0,15,28,"{'x': 759.1299296223444, 'y': 345.1980146422922, 'elapsedTime': 68292.30000007153}",936759780930,5218184338,POINT (0.3953801716783044 0.3196277913354558),,,,,,,,,,,,,,,,,,,,,,,,,,,,,,,,,,,,,,,,,,,,,,,,,,,,,,,,,,,,,,,,,,,,,,,,,,,,,,,,,,,,,,,,,,,,,,,,,,,,1,
0,15,28,"{'x': 812.2571539587907, 'y': 318.16933546312777, 'elapsedTime': 68338.80000007153}",936759797596,5218201004,POINT (0.4230506010202035 0.2946012365399331),,,,,,,,,,,,,,,,,,,,,,,,,,,,,,,,,,,,,,,,,,,,,,,,,,,,,,,,,,,,,,,,,,,,,,,,,,,,,,,,,,,,,,,,,,,,,,,,,,,1,1,
0,15,28,"{'x': 812.2571539587907, 'y': 318.16933546312777, 'elapsedTime': 68338.80000007153}",936759814264,5218217671,POINT (0.4230506010202035 0.2946012365399331),,,,,,,,,,,,,,,,,,,,,,,,,,,,,,,,,,,,,,,,,,,,,,,,,,,,,,,,,,,,,,,,,,,,,,,,,,,,,,,,,,,,,,,,,,,,,,,,,,,1,1,
0,15,28,"{'x': 812.2571539587907, 'y': 318.16933546312777, 'elapsedTime': 68338.80000007153}",936759830931,5218234338,POINT (0.4230506010202035 0.2946012365399331),,,,,,,,,,,,,,,,,,,,,,,,,,,,,,,,,,,,,,,,,,,,,,,,,,,,,,,,,,,,,,,,,,,,,,,,,,,,,,,,,,,,,,,,,,,,,,,,,,,1,1,
0,15,28,"{'x': 885.0466994541484, 'y': 274.31389617971, 'elapsedTime': 68385.70000004768}",936759847598,5218251004,POINT (0.460961822632369 0.2539943483145463),,,,,,,,,,,,,,,,,,,,,,,,,,,,,,,,,,,,,,,,,,,,,,,,,,,,,,,,,,,,,,,,,,,,,,,,,,,,,,,,,,,,,,,,,,,,,,,,,,,1,1,
0,15,28,"{'x': 885.0466994541484, 'y': 274.31389617971, 'elapsedTime': 68385.70000004768}",936759864267,5218267673,POINT (0.460961822632369 0.2539943483145463),,,,,,,,,,,,,,,,,,,,,,,,,,,,,,,,,,,,,,,,,,,,,,,,,,,,,,,,,,,,,,,,,,,,,,,,,,,,,,,,,,,,,,,,,,,,,,,,,,,1,1,
0,15,28,"{'x': 885.0466994541484, 'y': 274.31389617971, 'elapsedTime': 68385.70000004768}",936759880935,5218284340,POINT (0.460961822632369 0.2539943483145463),,,,,,,,,,,,,,,,,,,,,,,,,,,,,,,,,,,,,,,,,,,,,,,,,,,,,,,,,,,,,,,,,,,,,,,,,,,,,,,,,,,,,,,,,,,,,,,,,,,1,1,
0,15,28,"{'x': 936.3210383011924, 'y': 223.82832582586025, 'elapsedTime': 68433.60000002384}",936759897601,5218301006,POINT (0.4876672074485377 0.2072484498387595),,,,,,,,,,,,,,,,,,,,,,,,,,,,,,,,,,,,,,,1,,,,,,,,,,,,,,,,,,,,,,,,,,,,,,,,,,,,,,,,,,,,,,,,,,,,,,,,,,,,,,
0,15,28,"{'x': 936.3210383011924, 'y': 223.82832582586025, 'elapsedTime': 68433.60000002384}",936759914270,5218317674,POINT (0.4876672074485377 0.2072484498387595),,,,,,,,,,,,,,,,,,,,,,,,,,,,,,,,,,,,,,,1,,,,,,,,,,,,,,,,,,,,,,,,,,,,,,,,,,,,,,,,,,,,,,,,,,,,,,,,,,,,,,
0,15,28,"{'x': 936.3210383011924, 'y': 223.82832582586025, 'elapsedTime': 68433.60000002384}",936759930936,5218334340,POINT (0.4876672074485377 0.2072484498387595),,,,,,,,,,,,,,,,,,,,,,,,,,,,,,,,,,,,,,,1,,,,,,,,,,,,,,,,,,,,,,,,,,,,,,,,,,,,,,,,,,,,,,,,,,,,,,,,,,,,,,
0,15,28,"{'x': 971.6943804432628, 'y': 223.99279154194903, 'elapsedTime': 68481.20000004768}",936759947604,5218351007,POINT (0.5060908231475327 0.2074007329092121),,,,,,,,,,,,,,,,,,,,,,,,,,,,,,,,,,,,,,,,,,,,,,,,,,,,,,,,,,,,,,,,,,,,,,,,,,,,,,,,,,,,,,,,,,,,,,,,,,,1,,
0,15,28,"{'x': 971.6943804432628, 'y': 223.99279154194903, 'elapsedTime': 68481.20000004768}",936759964270,5218367673,POINT (0.5060908231475327 0.2074007329092121),,,,,,,,,,,,,,,,,,,,,,,,,,,,,,,,,,,,,,,,,,,,,,,,,,,,,,,,,,,,,,,,,,,,,,,,,,,,,,,,,,,,,,,,,,,,,,,,,,,1,,
0,15,28,"{'x': 971.6943804432628, 'y': 223.99279154194903, 'elapsedTime': 68481.20000004768}",936759980938,5218384340,POINT (0.5060908231475327 0.2074007329092121),,,,,,,,,,,,,,,,,,,,,,,,,,,,,,,,,,,,,,,,,,,,,,,,,,,,,,,,,,,,,,,,,,,,,,,,,,,,,,,,,,,,,,,,,,,,,,,,,,,1,,
0,15,28,"{'x': 953.7955769246497, 'y': 223.2493171401345, 'elapsedTime': 68528.80000007153}",936759997611,5218401013,POINT (0.4967685296482551 0.2067123306853097),,,,,,,,,,,,,,,,,,,,,,,,,,,,,,,,,,,,,,,,,,,,,,,,,,,,,,,,,,,,,,,,,,,,,,,,,,,,,,,,,,,,,,,,,,,,,,,,,,,1,,
0,15,28,"{'x': 953.7955769246497, 'y': 223.2493171401345, 'elapsedTime': 68528.80000007153}",936760014279,5218417680,POINT (0.4967685296482551 0.2067123306853097),,,,,,,,,,,,,,,,,,,,,,,,,,,,,,,,,,,,,,,,,,,,,,,,,,,,,,,,,,,,,,,,,,,,,,,,,,,,,,,,,,,,,,,,,,,,,,,,,,,1,,
0,15,28,"{'x': 953.7955769246497, 'y': 223.2493171401345, 'elapsedTime': 68528.80000007153}",936760030945,5218434346,POINT (0.4967685296482551 0.2067123306853097),,,,,,,,,,,,,,,,,,,,,,,,,,,,,,,,,,,,,,,,,,,,,,,,,,,,,,,,,,,,,,,,,,,,,,,,,,,,,,,,,,,,,,,,,,,,,,,,,,,1,,
0,15,28,"{'x': 968.4543093853258, 'y': 269.18214965483276, 'elapsedTime': 68575.20000004768}",936760047612,5218451012,POINT (0.5044032861381905 0.2492427311618822),,,,,,,,,,,,,,,,,,,,,,,,,,,,,,,,,,,,,,,,,,,,,,,,,,,,,,,,,,,,,,,,,,,,,,,,,,,,,,,,,,,,,,,,,,,,,,,,,,,1,1,
0,15,28,"{'x': 968.4543093853258, 'y': 269.18214965483276, 'elapsedTime': 68575.20000004768}",936760064279,5218467679,POINT (0.5044032861381905 0.2492427311618822),,,,,,,,,,,,,,,,,,,,,,,,,,,,,,,,,,,,,,,,,,,,,,,,,,,,,,,,,,,,,,,,,,,,,,,,,,,,,,,,,,,,,,,,,,,,,,,,,,,1,1,
0,15,28,"{'x': 968.4543093853258, 'y': 269.18214965483276, 'elapsedTime': 68575.20000004768}",936760080946,5218484346,POINT (0.5044032861381905 0.2492427311618822),,,,,,,,,,,,,,,,,,,,,,,,,,,,,,,,,,,,,,,,,,,,,,,,,,,,,,,,,,,,,,,,,,,,,,,,,,,,,,,,,,,,,,,,,,,,,,,,,,,1,1,
0,15,28,"{'x': 860.022608597506, 'y': 295.50040442700157, 'elapsedTime': 68629.70000004768}",936760097614,5218501013,POINT (0.4479284419778677 0.273611485580557),,,,,,,,,,,,,,,,,,,,,,,,,,,,,,,,,,,,,,,,,,,,,,,,,,,,,,,,,,,,,,,,,,,,,,,,,,,,,,,,,,,,,,,,,,,,,,,,,,,1,1,
0,15,28,"{'x': 860.022608597506, 'y': 295.50040442700157, 'elapsedTime': 68629.70000004768}",936760114280,5218517679,POINT (0.4479284419778677 0.273611485580557),,,,,,,,,,,,,,,,,,,,,,,,,,,,,,,,,,,,,,,,,,,,,,,,,,,,,,,,,,,,,,,,,,,,,,,,,,,,,,,,,,,,,,,,,,,,,,,,,,,1,1,
0,15,28,"{'x': 860.022608597506, 'y': 295.50040442700157, 'elapsedTime': 68629.70000004768}",936760130952,5218534350,POINT (0.4479284419778677 0.273611485580557),,,,,,,,,,,,,,,,,,,,,,,,,,,,,,,,,,,,,,,,,,,,,,,,,,,,,,,,,,,,,,,,,,,,,,,,,,,,,,,,,,,,,,,,,,,,,,,,,,,1,1,
0,15,28,"{'x': 806.1898191924754, 'y': 386.41583497573976, 'elapsedTime': 68677.30000007153}",936760147618,5218551016,POINT (0.4198905308294142 0.3577924397923516),,,,,,,,,,,,,,,,,,,,,,,,,,,,,,,,,,,,,,,,,,,,,,,,,,,,,,,,,,,,,,,,,,,,,,,,,,,,,,,,,,,,,,,,,,,,,,,,,,,,,
0,15,28,"{'x': 806.1898191924754, 'y': 386.41583497573976, 'elapsedTime': 68677.30000007153}",936760164288,5218567685,POINT (0.4198905308294142 0.3577924397923516),,,,,,,,,,,,,,,,,,,,,,,,,,,,,,,,,,,,,,,,,,,,,,,,,,,,,,,,,,,,,,,,,,,,,,,,,,,,,,,,,,,,,,,,,,,,,,,,,,,,,
0,15,28,"{'x': 806.1898191924754, 'y': 386.41583497573976, 'elapsedTime': 68677.30000007153}",936760180953,5218584350,POINT (0.4198905308294142 0.3577924397923516),,,,,,,,,,,,,,,,,,,,,,,,,,,,,,,,,,,,,,,,,,,,,,,,,,,,,,,,,,,,,,,,,,,,,,,,,,,,,,,,,,,,,,,,,,,,,,,,,,,,,
0,15,28,"{'x': 853.2879755073043, 'y': 341.26543036542625, 'elapsedTime': 68733}",936760197621,5218601017,POINT (0.444420820576721 0.3159865095976169),,,,,,,,,,,,,,,,,,,,,,,,,,,,,,,,,,,,,,,,,,,,,,,,,,,,,,,,,,,,,,,,,,,,,,,,,,,,,,,,,,,,,,,,,,,,,,,,,,,,1,
0,15,28,"{'x': 853.2879755073043, 'y': 341.26543036542625, 'elapsedTime': 68733}",936760214287,5218617683,POINT (0.444420820576721 0.3159865095976169),,,,,,,,,,,,,,,,,,,,,,,,,,,,,,,,,,,,,,,,,,,,,,,,,,,,,,,,,,,,,,,,,,,,,,,,,,,,,,,,,,,,,,,,,,,,,,,,,,,,1,
0,15,28,"{'x': 853.2879755073043, 'y': 341.26543036542625, 'elapsedTime': 68733}",936760230955,5218634350,POINT (0.444420820576721 0.3159865095976169),,,,,,,,,,,,,,,,,,,,,,,,,,,,,,,,,,,,,,,,,,,,,,,,,,,,,,,,,,,,,,,,,,,,,,,,,,,,,,,,,,,,,,,,,,,,,,,,,,,,1,
0,15,28,"{'x': 950.2005005711941, 'y': 291.2622297894334, 'elapsedTime': 68782.70000004768}",936760247621,5218651016,POINT (0.4948960940474969 0.2696872498050309),,,,,,,,,,,,,,,,,,,,,,,,,,,,,,,,,,,,,,,,,,,,,,,,,,,,,,,,,,,,,,,,,,,,,,,,,,,,,,,,,,,,,,,,,,,,,,,,,,,1,1,
0,15,28,"{'x': 950.2005005711941, 'y': 291.2622297894334, 'elapsedTime': 68782.70000004768}",936760264294,5218667688,POINT (0.4948960940474969 0.2696872498050309),,,,,,,,,,,,,,,,,,,,,,,,,,,,,,,,,,,,,,,,,,,,,,,,,,,,,,,,,,,,,,,,,,,,,,,,,,,,,,,,,,,,,,,,,,,,,,,,,,,1,1,
0,15,28,"{'x': 950.2005005711941, 'y': 291.2622297894334, 'elapsedTime': 68782.70000004768}",936760280961,5218684355,POINT (0.4948960940474969 0.2696872498050309),,,,,,,,,,,,,,,,,,,,,,,,,,,,,,,,,,,,,,,,,,,,,,,,,,,,,,,,,,,,,,,,,,,,,,,,,,,,,,,,,,,,,,,,,,,,,,,,,,,1,1,
0,15,28,"{'x': 1013.1529947809627, 'y': 296.8184233888755, 'elapsedTime': 68831.5}",936760297629,5218701022,POINT (0.527683851448418 0.274831873508218),,,,,,,,,,,,,,,,,,,,,,,,,,,,,,,,,,,,,,,,,,,,,,,,,,,,,,,,,,,,,,,,,,,,,,,,,,,,,,,,,,,,,,,,,,,,,,,,,,,1,1,
0,15,28,"{'x': 1013.1529947809627, 'y': 296.8184233888755, 'elapsedTime': 68831.5}",936760314295,5218717688,POINT (0.527683851448418 0.274831873508218),,,,,,,,,,,,,,,,,,,,,,,,,,,,,,,,,,,,,,,,,,,,,,,,,,,,,,,,,,,,,,,,,,,,,,,,,,,,,,,,,,,,,,,,,,,,,,,,,,,1,1,
0,15,28,"{'x': 1013.1529947809627, 'y': 296.8184233888755, 'elapsedTime': 68831.5}",936760330963,5218734355,POINT (0.527683851448418 0.274831873508218),,,,,,,,,,,,,,,,,,,,,,,,,,,,,,,,,,,,,,,,,,,,,,,,,,,,,,,,,,,,,,,,,,,,,,,,,,,,,,,,,,,,,,,,,,,,,,,,,,,1,1,
0,15,28,"{'x': 1129.8817422125119, 'y': 315.2507848261218, 'elapsedTime': 68877.70000004768}",936760347630,5218751022,POINT (0.5884800740690166 0.2918988748390017),,,,,,,,,,,,,,,,,,,,,,,,,,,,,,,,,,,,,,,,,,,,,,,,,,,,,,,,,,,,,,,,,,,,,,,,,,,,,,,,,,,,,,,,,,,,,,,,,,,1,1,
0,15,28,"{'x': 1129.8817422125119, 'y': 315.2507848261218, 'elapsedTime': 68877.70000004768}",936760364297,5218767688,POINT (0.5884800740690166 0.2918988748390017),,,,,,,,,,,,,,,,,,,,,,,,,,,,,,,,,,,,,,,,,,,,,,,,,,,,,,,,,,,,,,,,,,,,,,,,,,,,,,,,,,,,,,,,,,,,,,,,,,,1,1,
0,15,28,"{'x': 1096.266846163038, 'y': 306.04588618512764, 'elapsedTime': 68923.5}",936760380964,5218784355,POINT (0.5709723157099157 0.2833758205417848),,,,,,,,,,,,,,,,,,,,,,,,,,,,,,,,,,,,,,,,,,,,,,,,,,,,,,,,,,,,,,,,,,,,,,,,,,,,,,,,,,,,,,,,,,,,,,,,,,,1,1,
0,15,28,"{'x': 1096.266846163038, 'y': 306.04588618512764, 'elapsedTime': 68923.5}",936760397635,5218801025,POINT (0.5709723157099157 0.2833758205417848),,,,,,,,,,,,,,,,,,,,,,,,,,,,,,,,,,,,,,,,,,,,,,,,,,,,,,,,,,,,,,,,,,,,,,,,,,,,,,,,,,,,,,,,,,,,,,,,,,,1,1,
0,15,28,"{'x': 1096.266846163038, 'y': 306.04588618512764, 'elapsedTime': 68923.5}",936760414301,5218817691,POINT (0.5709723157099157 0.2833758205417848),,,,,,,,,,,,,,,,,,,,,,,,,,,,,,,,,,,,,,,,,,,,,,,,,,,,,,,,,,,,,,,,,,,,,,,,,,,,,,,,,,,,,,,,,,,,,,,,,,,1,1,
0,15,28,"{'x': 1114.1051033405442, 'y': 285.5996604152289, 'elapsedTime': 68970.30000007153}",936760430968,5218834357,POINT (0.5802630746565335 0.2644441300141008),,,,,,,,,,,,,,,,,,,,,,,,,,,,,,,,,,,,,,,,,,,,,,,,,,,,,,,,,,,,,,,,,,,,,,,,,,,,,,,,,,,,,,,,,,,,,,,,,,,1,1,
0,15,28,"{'x': 1114.1051033405442, 'y': 285.5996604152289, 'elapsedTime': 68970.30000007153}",936760447635,5218851024,POINT (0.5802630746565335 0.2644441300141008),,,,,,,,,,,,,,,,,,,,,,,,,,,,,,,,,,,,,,,,,,,,,,,,,,,,,,,,,,,,,,,,,,,,,,,,,,,,,,,,,,,,,,,,,,,,,,,,,,,1,1,
0,15,28,"{'x': 1114.1051033405442, 'y': 285.5996604152289, 'elapsedTime': 68970.30000007153}",936760464303,5218867691,POINT (0.5802630746565335 0.2644441300141008),,,,,,,,,,,,,,,,,,,,,,,,,,,,,,,,,,,,,,,,,,,,,,,,,,,,,,,,,,,,,,,,,,,,,,,,,,,,,,,,,,,,,,,,,,,,,,,,,,,1,1,
0,15,28,"{'x': 1130.2847831127021, 'y': 344.00366307559904, 'elapsedTime': 69015.89999997616}",936760480970,5218884358,POINT (0.5886899912045324 0.3185219102551843),,,,,,,,,,,,,,,,,,,,,,,,,,,,,,,,,,,,,,,,,,,,,,,,,,,,,,,,,,,,,,,,,,,,,,,,,,,,,,,,,,,,,,,,,,,,,,,,,,,,1,
0,15,28,"{'x': 1130.2847831127021, 'y': 344.00366307559904, 'elapsedTime': 69015.89999997616}",936760497638,5218901025,POINT (0.5886899912045324 0.3185219102551843),,,,,,,,,,,,,,,,,,,,,,,,,,,,,,,,,,,,,,,,,,,,,,,,,,,,,,,,,,,,,,,,,,,,,,,,,,,,,,,,,,,,,,,,,,,,,,,,,,,,1,
0,15,28,"{'x': 1130.2847831127021, 'y': 344.00366307559904, 'elapsedTime': 69015.89999997616}",936760514304,5218917691,POINT (0.5886899912045324 0.3185219102551843),,,,,,,,,,,,,,,,,,,,,,,,,,,,,,,,,,,,,,,,,,,,,,,,,,,,,,,,,,,,,,,,,,,,,,,,,,,,,,,,,,,,,,,,,,,,,,,,,,,,1,
0,15,28,"{'x': 1150.9512065260146, 'y': 299.415684075888, 'elapsedTime': 69062.70000004768}",936760530979,5218934365,POINT (0.599453753398966 0.2772367445147111),,,,,,,,,,,,,,,,,,,,,,,,,,,,,,,,,,,,,,,,,,,,,,,,,,,,,,,,,,,,,,,,,,,,,,,,,,,,,,,,,,,,,,,,,,,,,,,,,,,1,1,
0,15,28,"{'x': 1150.9512065260146, 'y': 299.415684075888, 'elapsedTime': 69062.70000004768}",936760547645,5218951031,POINT (0.599453753398966 0.2772367445147111),,,,,,,,,,,,,,,,,,,,,,,,,,,,,,,,,,,,,,,,,,,,,,,,,,,,,,,,,,,,,,,,,,,,,,,,,,,,,,,,,,,,,,,,,,,,,,,,,,,1,1,
0,15,28,"{'x': 1150.9512065260146, 'y': 299.415684075888, 'elapsedTime': 69062.70000004768}",936760564313,5218967698,POINT (0.599453753398966 0.2772367445147111),,,,,,,,,,,,,,,,,,,,,,,,,,,,,,,,,,,,,,,,,,,,,,,,,,,,,,,,,,,,,,,,,,,,,,,,,,,,,,,,,,,,,,,,,,,,,,,,,,,1,1,
0,15,28,"{'x': 1183.6909469570344, 'y': 261.2577150056105, 'elapsedTime': 69118.80000007153}",936760580979,5218984364,POINT (0.6165057015401221 0.2419052916718616),,,,,,,,,,,,,,,,,,,,,,,,,,,,,,,,,,,,,,,,,,,,,,,,,,,,,,,,,,,,,,,,,1,,,,,,,,,,,,,,,,,,,,,,,,,,,,,,,,,,1,1,
0,15,28,"{'x': 1183.6909469570344, 'y': 261.2577150056105, 'elapsedTime': 69118.80000007153}",936760597647,5219001031,POINT (0.6165057015401221 0.2419052916718616),,,,,,,,,,,,,,,,,,,,,,,,,,,,,,,,,,,,,,,,,,,,,,,,,,,,,,,,,,,,,,,,,1,,,,,,,,,,,,,,,,,,,,,,,,,,,,,,,,,,1,1,
0,15,28,"{'x': 1183.6909469570344, 'y': 261.2577150056105, 'elapsedTime': 69118.80000007153}",936760614314,5219017698,POINT (0.6165057015401221 0.2419052916718616),,,,,,,,,,,,,,,,,,,,,,,,,,,,,,,,,,,,,,,,,,,,,,,,,,,,,,,,,,,,,,,,,1,,,,,,,,,,,,,,,,,,,,,,,,,,,,,,,,,,1,1,
0,15,28,"{'x': 1134.3521381427838, 'y': 207.9768738182287, 'elapsedTime': 69164.89999997616}",936760630981,5219034364,POINT (0.5908084052827 0.1925711794613229),,,,,,,,,,,,,,,,,,,,,,,,,,,,,,,,,,,,,,,,,,,,,,,,,,,,,,,,,,,,,,,,,,,,,,,,,,,,,,,,,,,,,,,,,,,,,,,,,,,1,,
0,15,28,"{'x': 1134.3521381427838, 'y': 207.9768738182287, 'elapsedTime': 69164.89999997616}",936760647653,5219051036,POINT (0.5908084052827 0.1925711794613229),,,,,,,,,,,,,,,,,,,,,,,,,,,,,,,,,,,,,,,,,,,,,,,,,,,,,,,,,,,,,,,,,,,,,,,,,,,,,,,,,,,,,,,,,,,,,,,,,,,1,,
0,15,28,"{'x': 1179.7028282688377, 'y': 193.24718129310287, 'elapsedTime': 69209.89999997616}",936760664321,5219067703,POINT (0.6144285563900197 0.1789325752713916),,,,,,,,,,,,,,,,,,,,,,,,,,,,,,,,,,,,,,,,,,,,,,,,,,,,,,,,,,,,,,,,,,,,,,,,,,,,,,,,,,,,,,,,,,,,,,,,,,,1,,
0,15,28,"{'x': 1179.7028282688377, 'y': 193.24718129310287, 'elapsedTime': 69209.89999997616}",936760680987,5219084369,POINT (0.6144285563900197 0.1789325752713916),,,,,,,,,,,,,,,,,,,,,,,,,,,,,,,,,,,,,,,,,,,,,,,,,,,,,,,,,,,,,,,,,,,,,,,,,,,,,,,,,,,,,,,,,,,,,,,,,,,1,,
0,15,28,"{'x': 1179.7028282688377, 'y': 193.24718129310287, 'elapsedTime': 69209.89999997616}",936760697655,5219101036,POINT (0.6144285563900197 0.1789325752713916),,,,,,,,,,,,,,,,,,,,,,,,,,,,,,,,,,,,,,,,,,,,,,,,,,,,,,,,,,,,,,,,,,,,,,,,,,,,,,,,,,,,,,,,,,,,,,,,,,,1,,
0,15,28,"{'x': 1117.3067608407214, 'y': 149.78986220031933, 'elapsedTime': 69257.20000004768}",936760714322,5219117703,POINT (0.5819306046045424 0.1386943168521475),,,,,,,,,,,,,,,,,,,,,,,,,,,,,,,,,,,,,,,,,,,,,,,,,,,,,,,,,,,,,,,,,,,,,,,,,,,,,,,,,,,,,,,,,,,,,,,,,,,,,
0,15,28,"{'x': 1117.3067608407214, 'y': 149.78986220031933, 'elapsedTime': 69257.20000004768}",936760730989,5219134369,POINT (0.5819306046045424 0.1386943168521475),,,,,,,,,,,,,,,,,,,,,,,,,,,,,,,,,,,,,,,,,,,,,,,,,,,,,,,,,,,,,,,,,,,,,,,,,,,,,,,,,,,,,,,,,,,,,,,,,,,,,
0,15,28,"{'x': 1117.3067608407214, 'y': 149.78986220031933, 'elapsedTime': 69257.20000004768}",936760747656,5219151036,POINT (0.5819306046045424 0.1386943168521475),,,,,,,,,,,,,,,,,,,,,,,,,,,,,,,,,,,,,,,,,,,,,,,,,,,,,,,,,,,,,,,,,,,,,,,,,,,,,,,,,,,,,,,,,,,,,,,,,,,,,
0,15,28,"{'x': 1188.384639782099, 'y': 118.57323161291488, 'elapsedTime': 69302.60000002384}",936760764324,5219167703,POINT (0.6189503332198432 0.1097900292712175),,,,,,,,,,,,,,,,,,,,,,,,,,,,,,,,,,,,,,,,,,,,,,,,,,,,,,,,,,,,,,,,,,,,,,,,,,,,,,,,,,,,,,,,,,,,,,,,,,,,,
0,15,28,"{'x': 1188.384639782099, 'y': 118.57323161291488, 'elapsedTime': 69302.60000002384}",936760780993,5219184372,POINT (0.6189503332198432 0.1097900292712175),,,,,,,,,,,,,,,,,,,,,,,,,,,,,,,,,,,,,,,,,,,,,,,,,,,,,,,,,,,,,,,,,,,,,,,,,,,,,,,,,,,,,,,,,,,,,,,,,,,,,
0,15,28,"{'x': 1188.384639782099, 'y': 118.57323161291488, 'elapsedTime': 69302.60000002384}",936760797660,5219201038,POINT (0.6189503332198432 0.1097900292712175),,,,,,,,,,,,,,,,,,,,,,,,,,,,,,,,,,,,,,,,,,,,,,,,,,,,,,,,,,,,,,,,,,,,,,,,,,,,,,,,,,,,,,,,,,,,,,,,,,,,,
0,15,28,"{'x': 1053.4123490493707, 'y': 107.42535213158538, 'elapsedTime': 69350.39999997616}",936760814326,5219217704,POINT (0.5486522651298806 0.0994679186403568),,,,,,,,,,,,,,,,,,,,,,,,,,,,,,,,,,,,,,,,,,,,,,,,,,,,,,,,,,,,,,,,,,,,,,,,,,,,,,,,,,,,,,,,,,,,,,,,,,,,,
0,15,28,"{'x': 1053.4123490493707, 'y': 107.42535213158538, 'elapsedTime': 69350.39999997616}",936760830994,5219234371,POINT (0.5486522651298806 0.0994679186403568),,,,,,,,,,,,,,,,,,,,,,,,,,,,,,,,,,,,,,,,,,,,,,,,,,,,,,,,,,,,,,,,,,,,,,,,,,,,,,,,,,,,,,,,,,,,,,,,,,,,,
0,15,28,"{'x': 1053.4123490493707, 'y': 107.42535213158538, 'elapsedTime': 69350.39999997616}",936760847661,5219251038,POINT (0.5486522651298806 0.0994679186403568),,,,,,,,,,,,,,,,,,,,,,,,,,,,,,,,,,,,,,,,,,,,,,,,,,,,,,,,,,,,,,,,,,,,,,,,,,,,,,,,,,,,,,,,,,,,,,,,,,,,,
0,15,28,"{'x': 1061.4871946153314, 'y': 57.54736196776297, 'elapsedTime': 69403.60000002384}",936760864329,5219267705,POINT (0.5528579138621518 0.0532845944145953),,,,,,,,,,,,,,,,,,,,,,,,,,,,,,,,,,,,,,,,,,,,,,,,,,,,,,,,,,,,,,,,,,,,,,,,,,,,,,,,,,,,,,,,,,,,,,,,,,,,,
0,15,28,"{'x': 1061.4871946153314, 'y': 57.54736196776297, 'elapsedTime': 69403.60000002384}",936760880996,5219284372,POINT (0.5528579138621518 0.0532845944145953),,,,,,,,,,,,,,,,,,,,,,,,,,,,,,,,,,,,,,,,,,,,,,,,,,,,,,,,,,,,,,,,,,,,,,,,,,,,,,,,,,,,,,,,,,,,,,,,,,,,,
0,15,28,"{'x': 1061.4871946153314, 'y': 57.54736196776297, 'elapsedTime': 69403.60000002384}",936760897663,5219301038,POINT (0.5528579138621518 0.0532845944145953),,,,,,,,,,,,,,,,,,,,,,,,,,,,,,,,,,,,,,,,,,,,,,,,,,,,,,,,,,,,,,,,,,,,,,,,,,,,,,,,,,,,,,,,,,,,,,,,,,,,,
0,15,28,"{'x': 969.9392338337761, 'y': 43.164893609015095, 'elapsedTime': 69451.39999997616}",936760914336,5219317711,POINT (0.5051766842884251 0.0399674940824214),,,,,,,,,,,,,,,,,,,,,,,,,,,,,,,,,,,,,,,,,,,,,,,,,,,,,,,,,,,,,,,,,,,,,,,,,,,,,,,,,,,,,,,,,,,,,,,,,,,,,
0,15,28,"{'x': 969.9392338337761, 'y': 43.164893609015095, 'elapsedTime': 69451.39999997616}",936760931004,5219334378,POINT (0.5051766842884251 0.0399674940824214),,,,,,,,,,,,,,,,,,,,,,,,,,,,,,,,,,,,,,,,,,,,,,,,,,,,,,,,,,,,,,,,,,,,,,,,,,,,,,,,,,,,,,,,,,,,,,,,,,,,,
0,15,28,"{'x': 969.9392338337761, 'y': 43.164893609015095, 'elapsedTime': 69451.39999997616}",936760947671,5219351045,POINT (0.5051766842884251 0.0399674940824214),,,,,,,,,,,,,,,,,,,,,,,,,,,,,,,,,,,,,,,,,,,,,,,,,,,,,,,,,,,,,,,,,,,,,,,,,,,,,,,,,,,,,,,,,,,,,,,,,,,,,
0,15,28,"{'x': 969.9392338337761, 'y': 43.164893609015095, 'elapsedTime': 69451.39999997616}",936760964338,5219367712,POINT (0.5051766842884251 0.0399674940824214),,,,,,,,,,,,,,,,,,,,,,,,,,,,,,,,,,,,,,,,,,,,,,,,,,,,,,,,,,,,,,,,,,,,,,,,,,,,,,,,,,,,,,,,,,,,,,,,,,,,,
0,15,28,"{'x': 949.4386982878432, 'y': 69.16542490173913, 'elapsedTime': 69500.70000004768}",936760981005,5219384378,POINT (0.4944993220249183 0.0640420600942029),,,,,,,,,,,,,,,,,,,,,,,,,,,,,,,,,,,,,,,,,,,,,,,,,,,,,,,,,,,,,,,,,,,,,,,,,,,,,,,,,,,,,,,,,,,,,,,,,,,,,
0,15,28,"{'x': 949.4386982878432, 'y': 69.16542490173913, 'elapsedTime': 69500.70000004768}",936760997672,5219401045,POINT (0.4944993220249183 0.0640420600942029),,,,,,,,,,,,,,,,,,,,,,,,,,,,,,,,,,,,,,,,,,,,,,,,,,,,,,,,,,,,,,,,,,,,,,,,,,,,,,,,,,,,,,,,,,,,,,,,,,,,,
0,15,28,"{'x': 949.4386982878432, 'y': 69.16542490173913, 'elapsedTime': 69500.70000004768}",936761014340,5219417712,POINT (0.4944993220249183 0.0640420600942029),,,,,,,,,,,,,,,,,,,,,,,,,,,,,,,,,,,,,,,,,,,,,,,,,,,,,,,,,,,,,,,,,,,,,,,,,,,,,,,,,,,,,,,,,,,,,,,,,,,,,
0,15,28,"{'x': 949.4386982878432, 'y': 69.16542490173913, 'elapsedTime': 69500.70000004768}",936761031007,5219434379,POINT (0.4944993220249183 0.0640420600942029),,,,,,,,,,,,,,,,,,,,,,,,,,,,,,,,,,,,,,,,,,,,,,,,,,,,,,,,,,,,,,,,,,,,,,,,,,,,,,,,,,,,,,,,,,,,,,,,,,,,,
0,15,28,"{'x': 954.68526536332, 'y': 107.61599756330196, 'elapsedTime': 69569.30000007153}",936761047678,5219451049,POINT (0.4972319090433958 0.0996444421882426),,,,,,,,,,,,,,,,,,,,,,,,,,,,,,,,,,,,,,,,,,,,,,,,,,,,,,,,,,,,,,,,,,,,,,,,,,,,,,,,,,,,,,,,,,,,,,,,,,,,,
0,15,28,"{'x': 954.68526536332, 'y': 107.61599756330196, 'elapsedTime': 69569.30000007153}",936761064345,5219467716,POINT (0.4972319090433958 0.0996444421882426),,,,,,,,,,,,,,,,,,,,,,,,,,,,,,,,,,,,,,,,,,,,,,,,,,,,,,,,,,,,,,,,,,,,,,,,,,,,,,,,,,,,,,,,,,,,,,,,,,,,,
0,15,28,"{'x': 954.68526536332, 'y': 107.61599756330196, 'elapsedTime': 69569.30000007153}",936761081013,5219484383,POINT (0.4972319090433958 0.0996444421882426),,,,,,,,,,,,,,,,,,,,,,,,,,,,,,,,,,,,,,,,,,,,,,,,,,,,,,,,,,,,,,,,,,,,,,,,,,,,,,,,,,,,,,,,,,,,,,,,,,,,,
0,15,28,"{'x': 1057.763997603601, 'y': 88.8327750712806, 'elapsedTime': 69628.60000002384}",936761097679,5219501049,POINT (0.5509187487518755 0.082252569510445),,,,,,,,,,,,,,,,,,,,,,,,,,,,,,,,,,,,,,,,,,,,,,,,,,,,,,,,,,,,,,,,,,,,,,,,,,,,,,,,,,,,,,,,,,,,,,,,,,,,,
0,15,28,"{'x': 1057.763997603601, 'y': 88.8327750712806, 'elapsedTime': 69628.60000002384}",936761114347,5219517716,POINT (0.5509187487518755 0.082252569510445),,,,,,,,,,,,,,,,,,,,,,,,,,,,,,,,,,,,,,,,,,,,,,,,,,,,,,,,,,,,,,,,,,,,,,,,,,,,,,,,,,,,,,,,,,,,,,,,,,,,,
0,15,28,"{'x': 1092.3310632622708, 'y': 111.57505183688158, 'elapsedTime': 69675.60000002384}",936761131013,5219534382,POINT (0.5689224287824327 0.1033102331822978),,,,,,,,,,,,,,,,,,,,,,,,,,,,,,,,,,,,,,,,,,,,,,,,,,,,,,,,,,,,,,,,,,,,,,,,,,,,,,,,,,,,,,,,,,,,,,,,,,,,,
0,15,28,"{'x': 1092.3310632622708, 'y': 111.57505183688158, 'elapsedTime': 69675.60000002384}",936761147681,5219551049,POINT (0.5689224287824327 0.1033102331822978),,,,,,,,,,,,,,,,,,,,,,,,,,,,,,,,,,,,,,,,,,,,,,,,,,,,,,,,,,,,,,,,,,,,,,,,,,,,,,,,,,,,,,,,,,,,,,,,,,,,,
0,15,28,"{'x': 1092.3310632622708, 'y': 111.57505183688158, 'elapsedTime': 69675.60000002384}",936761164348,5219567716,POINT (0.5689224287824327 0.1033102331822978),,,,,,,,,,,,,,,,,,,,,,,,,,,,,,,,,,,,,,,,,,,,,,,,,,,,,,,,,,,,,,,,,,,,,,,,,,,,,,,,,,,,,,,,,,,,,,,,,,,,,
0,15,28,"{'x': 1096.5012385858254, 'y': 91.56376744101499, 'elapsedTime': 69724.39999997616}",936761181020,5219584387,POINT (0.5710943950967841 0.084781266149088),,,,,,,,,,,,,,,,,,,,,,,,,,,,,,,,,,,,,,,,,,,,,,,,,,,,,,,,,,,,,,,,,,,,,,,,,,,,,,,,,,,,,,,,,,,,,,,,,,,,,
0,15,28,"{'x': 1096.5012385858254, 'y': 91.56376744101499, 'elapsedTime': 69724.39999997616}",936761197687,5219601054,POINT (0.5710943950967841 0.084781266149088),,,,,,,,,,,,,,,,,,,,,,,,,,,,,,,,,,,,,,,,,,,,,,,,,,,,,,,,,,,,,,,,,,,,,,,,,,,,,,,,,,,,,,,,,,,,,,,,,,,,,
0,15,28,"{'x': 1096.5012385858254, 'y': 91.56376744101499, 'elapsedTime': 69724.39999997616}",936761214355,5219617721,POINT (0.5710943950967841 0.084781266149088),,,,,,,,,,,,,,,,,,,,,,,,,,,,,,,,,,,,,,,,,,,,,,,,,,,,,,,,,,,,,,,,,,,,,,,,,,,,,,,,,,,,,,,,,,,,,,,,,,,,,
0,15,28,"{'x': 1021.1692868750525, 'y': 128.37632204094547, 'elapsedTime': 69770.10000002384}",936761231021,5219634387,POINT (0.5318590035807566 0.1188669648527273),,,,,,,,,,,,,,,,,,,,,,,,,,,,,,,,,,,,,,,,,,,,,,,,,,,,,,,,,,,,,,,,,,,,,,,,,,,,,,,,,,,,,,,,,,,,,,,,,,,,,
0,15,28,"{'x': 1021.1692868750525, 'y': 128.37632204094547, 'elapsedTime': 69770.10000002384}",936761247688,5219651053,POINT (0.5318590035807566 0.1188669648527273),,,,,,,,,,,,,,,,,,,,,,,,,,,,,,,,,,,,,,,,,,,,,,,,,,,,,,,,,,,,,,,,,,,,,,,,,,,,,,,,,,,,,,,,,,,,,,,,,,,,,
0,15,28,"{'x': 1021.1692868750525, 'y': 128.37632204094547, 'elapsedTime': 69770.10000002384}",936761264356,5219667721,POINT (0.5318590035807566 0.1188669648527273),,,,,,,,,,,,,,,,,,,,,,,,,,,,,,,,,,,,,,,,,,,,,,,,,,,,,,,,,,,,,,,,,,,,,,,,,,,,,,,,,,,,,,,,,,,,,,,,,,,,,
0,15,28,"{'x': 959.9766127643209, 'y': 117.18953420801766, 'elapsedTime': 69815.20000004768}",936761281023,5219684387,POINT (0.4999878191480838 0.1085088279703867),,,,,,,,,,,,,,,,,,,,,,,,,,,,,,,,,,,,,,,,,,,,,,,,,,,,,,,,,,,,,,,,,,,,,,,,,,,,,,,,,,,,,,,,,,,,,,,,,,,,,
0,15,28,"{'x': 959.9766127643209, 'y': 117.18953420801766, 'elapsedTime': 69815.20000004768}",936761297690,5219701054,POINT (0.4999878191480838 0.1085088279703867),,,,,,,,,,,,,,,,,,,,,,,,,,,,,,,,,,,,,,,,,,,,,,,,,,,,,,,,,,,,,,,,,,,,,,,,,,,,,,,,,,,,,,,,,,,,,,,,,,,,,
0,15,28,"{'x': 959.9766127643209, 'y': 117.18953420801766, 'elapsedTime': 69815.20000004768}",936761314362,5219717725,POINT (0.4999878191480838 0.1085088279703867),,,,,,,,,,,,,,,,,,,,,,,,,,,,,,,,,,,,,,,,,,,,,,,,,,,,,,,,,,,,,,,,,,,,,,,,,,,,,,,,,,,,,,,,,,,,,,,,,,,,,
0,15,28,"{'x': 977.896063756694, 'y': 141.67928787605533, 'elapsedTime': 69861.89999997616}",936761331028,5219734391,POINT (0.5093208665399448 0.1311845258111623),,,,,,,,,,,,,,,,,,,,,,,,,,,,,,,,,,,,,,,,,,,,,,,,,,,,,,,,,,,,,,,,,,,,,,,,,,,,,,,,,,,,,,,,,,,,,,,,,,,,,
0,15,28,"{'x': 977.896063756694, 'y': 141.67928787605533, 'elapsedTime': 69861.89999997616}",936761347696,5219751058,POINT (0.5093208665399448 0.1311845258111623),,,,,,,,,,,,,,,,,,,,,,,,,,,,,,,,,,,,,,,,,,,,,,,,,,,,,,,,,,,,,,,,,,,,,,,,,,,,,,,,,,,,,,,,,,,,,,,,,,,,,
0,15,28,"{'x': 977.896063756694, 'y': 141.67928787605533, 'elapsedTime': 69861.89999997616}",936761364363,5219767725,POINT (0.5093208665399448 0.1311845258111623),,,,,,,,,,,,,,,,,,,,,,,,,,,,,,,,,,,,,,,,,,,,,,,,,,,,,,,,,,,,,,,,,,,,,,,,,,,,,,,,,,,,,,,,,,,,,,,,,,,,,
0,15,28,"{'x': 1000.6767077159839, 'y': 146.96177620006557, 'elapsedTime': 69910.80000007153}",936761381030,5219784391,POINT (0.5211857852687416 0.1360757187037644),,,,,,,,,,,,,,,,,,,,,,,,,,,,,,,,,,,,,,,,,,,,,,,,,,,,,,,,,,,,,,,,,,,,,,,,,,,,,,,,,,,,,,,,,,,,,,,,,,,,,
0,15,28,"{'x': 1000.6767077159839, 'y': 146.96177620006557, 'elapsedTime': 69910.80000007153}",936761397696,5219801057,POINT (0.5211857852687416 0.1360757187037644),,,,,,,,,,,,,,,,,,,,,,,,,,,,,,,,,,,,,,,,,,,,,,,,,,,,,,,,,,,,,,,,,,,,,,,,,,,,,,,,,,,,,,,,,,,,,,,,,,,,,
0,15,28,"{'x': 1000.6767077159839, 'y': 146.96177620006557, 'elapsedTime': 69910.80000007153}",936761414365,5219817725,POINT (0.5211857852687416 0.1360757187037644),,,,,,,,,,,,,,,,,,,,,,,,,,,,,,,,,,,,,,,,,,,,,,,,,,,,,,,,,,,,,,,,,,,,,,,,,,,,,,,,,,,,,,,,,,,,,,,,,,,,,
0,15,28,"{'x': 1005.3316398713271, 'y': 159.55552510148613, 'elapsedTime': 69960.5}",936761431031,5219834391,POINT (0.5236102290996495 0.1477365973161908),,,,,,,,,,,,,,,,,,,,,,,,,,,,,,,,,,,,,,,,,,,,,,,,,,,,,,,,,,,,,,,,,,,,,,,,,,,,,,,,,,,,,,,,,,,,,,,,,,,1,,
0,15,28,"{'x': 1005.3316398713271, 'y': 159.55552510148613, 'elapsedTime': 69960.5}",936761447705,5219851064,POINT (0.5236102290996495 0.1477365973161908),,,,,,,,,,,,,,,,,,,,,,,,,,,,,,,,,,,,,,,,,,,,,,,,,,,,,,,,,,,,,,,,,,,,,,,,,,,,,,,,,,,,,,,,,,,,,,,,,,,1,,
0,15,28,"{'x': 1005.3316398713271, 'y': 159.55552510148613, 'elapsedTime': 69960.5}",936761464371,5219867730,POINT (0.5236102290996495 0.1477365973161908),,,,,,,,,,,,,,,,,,,,,,,,,,,,,,,,,,,,,,,,,,,,,,,,,,,,,,,,,,,,,,,,,,,,,,,,,,,,,,,,,,,,,,,,,,,,,,,,,,,1,,
0,15,28,"{'x': 915.0009638058782, 'y': 185.38273141988802, 'elapsedTime': 70009.89999997616}",936761481039,5219884397,POINT (0.4765630019822282 0.171650677240637),,,,,,,,,,,,,,,,,,,,,,,,,,,,,,,,,,,,,,,,,,,,,,,,,,,,,,,,,,,,,,,,,,,,,,,,,,,,,,,,,,,,,,,,,,,,,,,,,,,1,,
0,15,28,"{'x': 915.0009638058782, 'y': 185.38273141988802, 'elapsedTime': 70009.89999997616}",936761497706,5219901064,POINT (0.4765630019822282 0.171650677240637),,,,,,,,,,,,,,,,,,,,,,,,,,,,,,,,,,,,,,,,,,,,,,,,,,,,,,,,,,,,,,,,,,,,,,,,,,,,,,,,,,,,,,,,,,,,,,,,,,,1,,
0,15,28,"{'x': 915.0009638058782, 'y': 185.38273141988802, 'elapsedTime': 70009.89999997616}",936761514374,5219917731,POINT (0.4765630019822282 0.171650677240637),,,,,,,,,,,,,,,,,,,,,,,,,,,,,,,,,,,,,,,,,,,,,,,,,,,,,,,,,,,,,,,,,,,,,,,,,,,,,,,,,,,,,,,,,,,,,,,,,,,1,,
0,15,28,"{'x': 966.7687265021774, 'y': 173.61347437331733, 'elapsedTime': 70058.39999997616}",936761531040,5219934397,POINT (0.5035253783865508 0.1607532170123309),,,,,,,,,,,,,,,,,,,,,,,,,,,,,,,,,,,,,,,,,,,,,,,,,,,,,,,,,,,,,,,,,,,,,,,,,,,,,,,,,,,,,,,,,,,,,,,,,,,1,,
0,15,28,"{'x': 966.7687265021774, 'y': 173.61347437331733, 'elapsedTime': 70058.39999997616}",936761547707,5219951063,POINT (0.5035253783865508 0.1607532170123309),,,,,,,,,,,,,,,,,,,,,,,,,,,,,,,,,,,,,,,,,,,,,,,,,,,,,,,,,,,,,,,,,,,,,,,,,,,,,,,,,,,,,,,,,,,,,,,,,,,1,,
0,15,28,"{'x': 966.7687265021774, 'y': 173.61347437331733, 'elapsedTime': 70058.39999997616}",936761564378,5219967734,POINT (0.5035253783865508 0.1607532170123309),,,,,,,,,,,,,,,,,,,,,,,,,,,,,,,,,,,,,,,,,,,,,,,,,,,,,,,,,,,,,,,,,,,,,,,,,,,,,,,,,,,,,,,,,,,,,,,,,,,1,,
0,15,28,"{'x': 977.4952687451962, 'y': 154.90823993213615, 'elapsedTime': 70116.10000002384}",936761581046,5219984401,POINT (0.509112119138123 0.1434335554927187),,,,,,,,,,,,,,,,,,,,,,,,,,,,,,,,,,,,,,,,,,,,,,,,,,,,,,,,,,,,,,,,,,,,,,,,,,,,,,,,,,,,,,,,,,,,,,,,,,,1,,
0,15,28,"{'x': 977.4952687451962, 'y': 154.90823993213615, 'elapsedTime': 70116.10000002384}",936761597713,5220001068,POINT (0.509112119138123 0.1434335554927187),,,,,,,,,,,,,,,,,,,,,,,,,,,,,,,,,,,,,,,,,,,,,,,,,,,,,,,,,,,,,,,,,,,,,,,,,,,,,,,,,,,,,,,,,,,,,,,,,,,1,,
0,15,28,"{'x': 977.4952687451962, 'y': 154.90823993213615, 'elapsedTime': 70116.10000002384}",936761614380,5220017734,POINT (0.509112119138123 0.1434335554927187),,,,,,,,,,,,,,,,,,,,,,,,,,,,,,,,,,,,,,,,,,,,,,,,,,,,,,,,,,,,,,,,,,,,,,,,,,,,,,,,,,,,,,,,,,,,,,,,,,,1,,
0,15,28,"{'x': 934.650507463559, 'y': 163.08878898177824, 'elapsedTime': 70162.5}",936761631048,5220034401,POINT (0.486797139303937 0.151008137946091),,,,,,,,,,,,,,,,,,,,,,,,,,,,,,,,,,,,,,,,,,,,,,,,,,,,,,,,,,,,,,,,,,,,,,,,,,,,,,,,,,,,,,,,,,,,,,,,,,,1,,
0,15,28,"{'x': 934.650507463559, 'y': 163.08878898177824, 'elapsedTime': 70162.5}",936761647716,5220051068,POINT (0.486797139303937 0.151008137946091),,,,,,,,,,,,,,,,,,,,,,,,,,,,,,,,,,,,,,,,,,,,,,,,,,,,,,,,,,,,,,,,,,,,,,,,,,,,,,,,,,,,,,,,,,,,,,,,,,,1,,
0,15,28,"{'x': 934.650507463559, 'y': 163.08878898177824, 'elapsedTime': 70162.5}",936761664382,5220067734,POINT (0.486797139303937 0.151008137946091),,,,,,,,,,,,,,,,,,,,,,,,,,,,,,,,,,,,,,,,,,,,,,,,,,,,,,,,,,,,,,,,,,,,,,,,,,,,,,,,,,,,,,,,,,,,,,,,,,,1,,
0,15,28,"{'x': 966.9048855557071, 'y': 196.8752428627743, 'elapsedTime': 70213.5}",936761681050,5220084401,POINT (0.5035962945602641 0.1822918915396058),,,,,,,,,,,,,,,,,,,,,,,,,,,,,,,,,,,,,,,,,,,,,,,,,,,,,,,,,,,,,,,,,,,,,,,,,,,,,,,,,,,,,,,,,,,,,,,,,,,1,,
0,15,28,"{'x': 966.9048855557071, 'y': 196.8752428627743, 'elapsedTime': 70213.5}",936761697722,5220101073,POINT (0.5035962945602641 0.1822918915396058),,,,,,,,,,,,,,,,,,,,,,,,,,,,,,,,,,,,,,,,,,,,,,,,,,,,,,,,,,,,,,,,,,,,,,,,,,,,,,,,,,,,,,,,,,,,,,,,,,,1,,
0,15,28,"{'x': 926.7859687562718, 'y': 238.43751477757212, 'elapsedTime': 70259.30000007153}",936761714389,5220117739,POINT (0.4827010253938916 0.2207754766459001),,,,,,,,,,,,,,,,,,,,,,,,,,,,,,,,,,,,,,,1,,,,,,,,,,,,,,,,,,,,,,,,,,,,,,,,,,,,,,,,,,,,,,,,,,,,,,,,,,,,,1,
0,15,28,"{'x': 926.7859687562718, 'y': 238.43751477757212, 'elapsedTime': 70259.30000007153}",936761731056,5220134406,POINT (0.4827010253938916 0.2207754766459001),,,,,,,,,,,,,,,,,,,,,,,,,,,,,,,,,,,,,,,1,,,,,,,,,,,,,,,,,,,,,,,,,,,,,,,,,,,,,,,,,,,,,,,,,,,,,,,,,,,,,1,
0,15,28,"{'x': 926.7859687562718, 'y': 238.43751477757212, 'elapsedTime': 70259.30000007153}",936761747723,5220151072,POINT (0.4827010253938916 0.2207754766459001),,,,,,,,,,,,,,,,,,,,,,,,,,,,,,,,,,,,,,,1,,,,,,,,,,,,,,,,,,,,,,,,,,,,,,,,,,,,,,,,,,,,,,,,,,,,,,,,,,,,,1,
0,15,28,"{'x': 926.7859687562718, 'y': 238.43751477757212, 'elapsedTime': 70259.30000007153}",936761764390,5220167739,POINT (0.4827010253938916 0.2207754766459001),,,,,,,,,,,,,,,,,,,,,,,,,,,,,,,,,,,,,,,1,,,,,,,,,,,,,,,,,,,,,,,,,,,,,,,,,,,,,,,,,,,,,,,,,,,,,,,,,,,,,1,
0,15,28,"{'x': 814.2345620281751, 'y': 268.5392095704088, 'elapsedTime': 70306.70000004768}",936761781058,5220184406,POINT (0.4240805010563412 0.248647416268897),,,,,,,,,,,,,,,,,,,,,,,,,,,,,,,,,,,,,,,,,,,,,,,,,,,,,,,,,,,,,,,,,,,,,,,,,,,,,,,,,,,,,,,,,,,,,,,,,,,1,1,
0,15,28,"{'x': 814.2345620281751, 'y': 268.5392095704088, 'elapsedTime': 70306.70000004768}",936761797725,5220201073,POINT (0.4240805010563412 0.248647416268897),,,,,,,,,,,,,,,,,,,,,,,,,,,,,,,,,,,,,,,,,,,,,,,,,,,,,,,,,,,,,,,,,,,,,,,,,,,,,,,,,,,,,,,,,,,,,,,,,,,1,1,
0,15,28,"{'x': 814.2345620281751, 'y': 268.5392095704088, 'elapsedTime': 70306.70000004768}",936761814391,5220217739,POINT (0.4240805010563412 0.248647416268897),,,,,,,,,,,,,,,,,,,,,,,,,,,,,,,,,,,,,,,,,,,,,,,,,,,,,,,,,,,,,,,,,,,,,,,,,,,,,,,,,,,,,,,,,,,,,,,,,,,1,1,
0,15,28,"{'x': 742.8126507682523, 'y': 302.96975153520884, 'elapsedTime': 70355.60000002384}",936761831063,5220234410,POINT (0.3868815889417981 0.280527547717786),,,,,,,,,,,,,,,,,,,,,,,,,,,,,,,,,,,,,,,,,,,,,,,,,,,,,,,,,,,,,,,,,,,,,,,,,,,,,,,,,,,,,,,,,,,,,,,,,,,1,1,
0,15,28,"{'x': 742.8126507682523, 'y': 302.96975153520884, 'elapsedTime': 70355.60000002384}",936761847730,5220251077,POINT (0.3868815889417981 0.280527547717786),,,,,,,,,,,,,,,,,,,,,,,,,,,,,,,,,,,,,,,,,,,,,,,,,,,,,,,,,,,,,,,,,,,,,,,,,,,,,,,,,,,,,,,,,,,,,,,,,,,1,1,
0,15,28,"{'x': 742.8126507682523, 'y': 302.96975153520884, 'elapsedTime': 70355.60000002384}",936761864397,5220267743,POINT (0.3868815889417981 0.280527547717786),,,,,,,,,,,,,,,,,,,,,,,,,,,,,,,,,,,,,,,,,,,,,,,,,,,,,,,,,,,,,,,,,,,,,,,,,,,,,,,,,,,,,,,,,,,,,,,,,,,1,1,
0,15,28,"{'x': 841.8558186843436, 'y': 302.04175400072654, 'elapsedTime': 70410.70000004768}",936761881065,5220284410,POINT (0.438466572231429 0.2796682907414135),,,,,,,,,,,,,,,,,,,,,,,,,,,,,,,,,,,,,,,,,,,,,,,,,,,,,,,,,,,,,,,,,,,,,,,,,,,,,,,,,,,,,,,,,,,,,,,,,,,1,1,
0,15,28,"{'x': 841.8558186843436, 'y': 302.04175400072654, 'elapsedTime': 70410.70000004768}",936761897733,5220301077,POINT (0.438466572231429 0.2796682907414135),,,,,,,,,,,,,,,,,,,,,,,,,,,,,,,,,,,,,,,,,,,,,,,,,,,,,,,,,,,,,,,,,,,,,,,,,,,,,,,,,,,,,,,,,,,,,,,,,,,1,1,
0,15,28,"{'x': 908.8911310638754, 'y': 258.6868201730976, 'elapsedTime': 70458.89999997616}",936761914399,5220317743,POINT (0.4733807974291018 0.2395248334936089),,,,,,,,,,,,,,,,,,,,,,,,,,,,,,,,,,,,,,,,,,,,,,,,,,,,,,,,,,,,,1,,,,,,,,,,,,,,,,,,,,,,,,,,,,,,,,,,,,,,1,1,
0,15,28,"{'x': 908.8911310638754, 'y': 258.6868201730976, 'elapsedTime': 70458.89999997616}",936761931067,5220334410,POINT (0.4733807974291018 0.2395248334936089),,,,,,,,,,,,,,,,,,,,,,,,,,,,,,,,,,,,,,,,,,,,,,,,,,,,,,,,,,,,,1,,,,,,,,,,,,,,,,,,,,,,,,,,,,,,,,,,,,,,1,1,
0,15,28,"{'x': 908.8911310638754, 'y': 258.6868201730976, 'elapsedTime': 70458.89999997616}",936761947734,5220351077,POINT (0.4733807974291018 0.2395248334936089),,,,,,,,,,,,,,,,,,,,,,,,,,,,,,,,,,,,,,,,,,,,,,,,,,,,,,,,,,,,,1,,,,,,,,,,,,,,,,,,,,,,,,,,,,,,,,,,,,,,1,1,
0,15,28,"{'x': 953.5746502078155, 'y': 227.7420121966764, 'elapsedTime': 70506.89999997616}",936761964406,5220367748,POINT (0.4966534636499039 0.2108722335154411),,,,,,,,,,,,,,,,,,,,,,,,,,,,,,,,,,,,,,,,,,,,,,,,,,,,,,,,,,,,,,,,,,,,,,,,,,,,,,,,,,,,,,,,,,,,,,,,,,,,,
0,15,28,"{'x': 953.5746502078155, 'y': 227.7420121966764, 'elapsedTime': 70506.89999997616}",936761981073,5220384415,POINT (0.4966534636499039 0.2108722335154411),,,,,,,,,,,,,,,,,,,,,,,,,,,,,,,,,,,,,,,,,,,,,,,,,,,,,,,,,,,,,,,,,,,,,,,,,,,,,,,,,,,,,,,,,,,,,,,,,,,,,
0,15,28,"{'x': 953.5746502078155, 'y': 227.7420121966764, 'elapsedTime': 70506.89999997616}",936761997740,5220401081,POINT (0.4966534636499039 0.2108722335154411),,,,,,,,,,,,,,,,,,,,,,,,,,,,,,,,,,,,,,,,,,,,,,,,,,,,,,,,,,,,,,,,,,,,,,,,,,,,,,,,,,,,,,,,,,,,,,,,,,,,,
0,15,28,"{'x': 953.5746502078155, 'y': 227.7420121966764, 'elapsedTime': 70506.89999997616}",936762014407,5220417748,POINT (0.4966534636499039 0.2108722335154411),,,,,,,,,,,,,,,,,,,,,,,,,,,,,,,,,,,,,,,,,,,,,,,,,,,,,,,,,,,,,,,,,,,,,,,,,,,,,,,,,,,,,,,,,,,,,,,,,,,,,
0,15,28,"{'x': 953.5746502078155, 'y': 227.7420121966764, 'elapsedTime': 70506.89999997616}",936762031075,5220434415,POINT (0.4966534636499039 0.2108722335154411),,,,,,,,,,,,,,,,,,,,,,,,,,,,,,,,,,,,,,,,,,,,,,,,,,,,,,,,,,,,,,,,,,,,,,,,,,,,,,,,,,,,,,,,,,,,,,,,,,,,,
0,15,28,"{'x': 1054.0869477015244, 'y': 228.74974307991815, 'elapsedTime': 70551.89999997616}",936762047741,5220451081,POINT (0.5490036185945439 0.2118053176665909),,,,,,,,,,,,,,,,,,,,,,,,,,,,,,,,,,,,,,,,,,,,,,,,,,,,,,,,,,,,,,,,,,,,,,,,,,,,,,,,,,,,,,,,,,,,,,,,,,,1,,
0,15,28,"{'x': 1054.0869477015244, 'y': 228.74974307991815, 'elapsedTime': 70551.89999997616}",936762064409,5220467748,POINT (0.5490036185945439 0.2118053176665909),,,,,,,,,,,,,,,,,,,,,,,,,,,,,,,,,,,,,,,,,,,,,,,,,,,,,,,,,,,,,,,,,,,,,,,,,,,,,,,,,,,,,,,,,,,,,,,,,,,1,,
0,15,28,"{'x': 1091.3797624251833, 'y': 193.6867515503854, 'elapsedTime': 70623.89999997616}",936762081075,5220484414,POINT (0.5684269595964496 0.1793395847688754),,,,,,,,,,,,,,,,,,,,,,,,,,,,,,,,,,,,,,,,,,,,,,,,,,,,,,,,,,,,,,,,,,,,,,,,,,,,,,,,,,,,,,,,,,,,,,,,,,,1,,
0,15,28,"{'x': 1091.3797624251833, 'y': 193.6867515503854, 'elapsedTime': 70623.89999997616}",936762097747,5220501085,POINT (0.5684269595964496 0.1793395847688754),,,,,,,,,,,,,,,,,,,,,,,,,,,,,,,,,,,,,,,,,,,,,,,,,,,,,,,,,,,,,,,,,,,,,,,,,,,,,,,,,,,,,,,,,,,,,,,,,,,1,,
0,15,28,"{'x': 1091.3797624251833, 'y': 193.6867515503854, 'elapsedTime': 70623.89999997616}",936762114414,5220517751,POINT (0.5684269595964496 0.1793395847688754),,,,,,,,,,,,,,,,,,,,,,,,,,,,,,,,,,,,,,,,,,,,,,,,,,,,,,,,,,,,,,,,,,,,,,,,,,,,,,,,,,,,,,,,,,,,,,,,,,,1,,
0,15,28,"{'x': 1093.2388616208148, 'y': 168.52120514358012, 'elapsedTime': 70669.80000007153}",936762131080,5220534417,POINT (0.5693952404275077 0.1560381529107223),,,,,,,,,,,,,,,,,,,,,,,,,,,,,,,,,,,,,,,,,,,,,,,,,,,,,,,,,,,,,,,,,,,,,,,,,,,,,,,,,,,,,,,,,,,,,,,,,,,1,,
0,15,28,"{'x': 1093.2388616208148, 'y': 168.52120514358012, 'elapsedTime': 70669.80000007153}",936762147749,5220551085,POINT (0.5693952404275077 0.1560381529107223),,,,,,,,,,,,,,,,,,,,,,,,,,,,,,,,,,,,,,,,,,,,,,,,,,,,,,,,,,,,,,,,,,,,,,,,,,,,,,,,,,,,,,,,,,,,,,,,,,,1,,
0,15,28,"{'x': 1093.2388616208148, 'y': 168.52120514358012, 'elapsedTime': 70669.80000007153}",936762164416,5220567751,POINT (0.5693952404275077 0.1560381529107223),,,,,,,,,,,,,,,,,,,,,,,,,,,,,,,,,,,,,,,,,,,,,,,,,,,,,,,,,,,,,,,,,,,,,,,,,,,,,,,,,,,,,,,,,,,,,,,,,,,1,,
0,15,28,"{'x': 1121.7593794640477, 'y': 229.84450234432938, 'elapsedTime': 70715.89999997616}",936762181083,5220584418,POINT (0.5842496768041915 0.2128189836521568),,,,,,,,,,,,,,,,,,,,,,,,,,,,,,,,,,,,,,,,,,,,,,,,,,,,,,,,,,,,,,,,,,,,,,,,,,,,,,,,,,,,,,,,,,,,,,,,,,,,,
0,15,28,"{'x': 1121.7593794640477, 'y': 229.84450234432938, 'elapsedTime': 70715.89999997616}",936762197750,5220601084,POINT (0.5842496768041915 0.2128189836521568),,,,,,,,,,,,,,,,,,,,,,,,,,,,,,,,,,,,,,,,,,,,,,,,,,,,,,,,,,,,,,,,,,,,,,,,,,,,,,,,,,,,,,,,,,,,,,,,,,,,,
0,15,28,"{'x': 1121.7593794640477, 'y': 229.84450234432938, 'elapsedTime': 70715.89999997616}",936762214417,5220617751,POINT (0.5842496768041915 0.2128189836521568),,,,,,,,,,,,,,,,,,,,,,,,,,,,,,,,,,,,,,,,,,,,,,,,,,,,,,,,,,,,,,,,,,,,,,,,,,,,,,,,,,,,,,,,,,,,,,,,,,,,,
0,15,28,"{'x': 1133.0056400280353, 'y': 198.5765991573377, 'elapsedTime': 70764.10000002384}",936762231090,5220634423,POINT (0.5901071041812683 0.1838672214419794),,,,,,,,,,,,,,,,,,,,,,,,,,,,,,,,,,,,,,,,,,,,,,,,,,,,,,,,,,,,,,,,,,,,,,,,,,,,,,,,,,,,,,,,,,,,,,,,,,,1,,
0,15,28,"{'x': 1133.0056400280353, 'y': 198.5765991573377, 'elapsedTime': 70764.10000002384}",936762247756,5220651089,POINT (0.5901071041812683 0.1838672214419794),,,,,,,,,,,,,,,,,,,,,,,,,,,,,,,,,,,,,,,,,,,,,,,,,,,,,,,,,,,,,,,,,,,,,,,,,,,,,,,,,,,,,,,,,,,,,,,,,,,1,,
0,15,28,"{'x': 1076.2976137891494, 'y': 141.60577952907425, 'elapsedTime': 70809.80000007153}",936762264424,5220667756,POINT (0.5605716738485154 0.1311164625269206),,,,,,,,,,,,,,,,,,,,,,,,,,,,,,,,,,,,,,,,,,,,,,,,,,,,,,,,,,,,,,,,,,,,,,,,,,,,,,,,,,,,,,,,,,,,,,,,,,,,,
0,15,28,"{'x': 1076.2976137891494, 'y': 141.60577952907425, 'elapsedTime': 70809.80000007153}",936762281091,5220684423,POINT (0.5605716738485154 0.1311164625269206),,,,,,,,,,,,,,,,,,,,,,,,,,,,,,,,,,,,,,,,,,,,,,,,,,,,,,,,,,,,,,,,,,,,,,,,,,,,,,,,,,,,,,,,,,,,,,,,,,,,,
0,15,28,"{'x': 1076.2976137891494, 'y': 141.60577952907425, 'elapsedTime': 70809.80000007153}",936762297758,5220701089,POINT (0.5605716738485154 0.1311164625269206),,,,,,,,,,,,,,,,,,,,,,,,,,,,,,,,,,,,,,,,,,,,,,,,,,,,,,,,,,,,,,,,,,,,,,,,,,,,,,,,,,,,,,,,,,,,,,,,,,,,,
0,15,28,"{'x': 1052.8168249460857, 'y': 214.89890887656054, 'elapsedTime': 70856.5}",936762314425,5220717756,POINT (0.5483420963260863 0.1989804711820005),,,,,,,,,,,,,,,,,,,,,,,,,,,,,,,,,,,,,,,,,,,,,,,,,,,,,,,,,,,,,,,,,,,,,,,,,,,,,,,,,,,,,,,,,,,,,,,,,,,1,,
0,15,28,"{'x': 1052.8168249460857, 'y': 214.89890887656054, 'elapsedTime': 70856.5}",936762331092,5220734422,POINT (0.5483420963260863 0.1989804711820005),,,,,,,,,,,,,,,,,,,,,,,,,,,,,,,,,,,,,,,,,,,,,,,,,,,,,,,,,,,,,,,,,,,,,,,,,,,,,,,,,,,,,,,,,,,,,,,,,,,1,,
0,15,28,"{'x': 1052.8168249460857, 'y': 214.89890887656054, 'elapsedTime': 70856.5}",936762347759,5220751089,POINT (0.5483420963260863 0.1989804711820005),,,,,,,,,,,,,,,,,,,,,,,,,,,,,,,,,,,,,,,,,,,,,,,,,,,,,,,,,,,,,,,,,,,,,,,,,,,,,,,,,,,,,,,,,,,,,,,,,,,1,,
0,15,28,"{'x': 1125.6199176204996, 'y': 238.10050087223306, 'elapsedTime': 70902.39999997616}",936762364430,5220767759,POINT (0.5862603737606769 0.2204634267335491),,,,,,,,,,,,,,,,,,,,,,,,,,,,,,,,,,,,,,,,,,1,,,,,,,,,,,,,,,,,,,,,,,,,,,,,,,,,,,,,,,,,,,,,,,,,,,,,,,,,,1,
0,15,28,"{'x': 1125.6199176204996, 'y': 238.10050087223306, 'elapsedTime': 70902.39999997616}",936762381097,5220784425,POINT (0.5862603737606769 0.2204634267335491),,,,,,,,,,,,,,,,,,,,,,,,,,,,,,,,,,,,,,,,,,1,,,,,,,,,,,,,,,,,,,,,,,,,,,,,,,,,,,,,,,,,,,,,,,,,,,,,,,,,,1,
0,15,28,"{'x': 1125.6199176204996, 'y': 238.10050087223306, 'elapsedTime': 70902.39999997616}",936762397764,5220801092,POINT (0.5862603737606769 0.2204634267335491),,,,,,,,,,,,,,,,,,,,,,,,,,,,,,,,,,,,,,,,,,1,,,,,,,,,,,,,,,,,,,,,,,,,,,,,,,,,,,,,,,,,,,,,,,,,,,,,,,,,,1,
0,15,28,"{'x': 1112.7817500461274, 'y': 224.62610114809695, 'elapsedTime': 70948.70000004768}",936762414432,5220817759,POINT (0.5795738281490247 0.2079871306926824),,,,,,,,,,,,,,,,,,,,,,,,,,,,,,,,,,,,,,,,,,,,,,,,,,,,,,,,,,,,,,,,,,,,,,,,,,,,,,,,,,,,,,,,,,,,,,,,,,,1,,
0,15,28,"{'x': 1112.7817500461274, 'y': 224.62610114809695, 'elapsedTime': 70948.70000004768}",936762431099,5220834425,POINT (0.5795738281490247 0.2079871306926824),,,,,,,,,,,,,,,,,,,,,,,,,,,,,,,,,,,,,,,,,,,,,,,,,,,,,,,,,,,,,,,,,,,,,,,,,,,,,,,,,,,,,,,,,,,,,,,,,,,1,,
0,15,28,"{'x': 1112.7817500461274, 'y': 224.62610114809695, 'elapsedTime': 70948.70000004768}",936762447766,5220851092,POINT (0.5795738281490247 0.2079871306926824),,,,,,,,,,,,,,,,,,,,,,,,,,,,,,,,,,,,,,,,,,,,,,,,,,,,,,,,,,,,,,,,,,,,,,,,,,,,,,,,,,,,,,,,,,,,,,,,,,,1,,
0,15,28,"{'x': 1080.6707091325343, 'y': 173.8570493581171, 'elapsedTime': 70995.20000004768}",936762464434,5220867759,POINT (0.562849327673195 0.160978749405664),,,,,,,,,,,,,,,,,,,,,,,,,,,,,,,,,,,,,,,,,,,,,,,,,,,,,,,,,,,,,,,,,,,,,,,,,,,,,,,,,,,,,,,,,,,,,,,,,,,1,,
0,15,28,"{'x': 1080.6707091325343, 'y': 173.8570493581171, 'elapsedTime': 70995.20000004768}",936762481100,5220884425,POINT (0.562849327673195 0.160978749405664),,,,,,,,,,,,,,,,,,,,,,,,,,,,,,,,,,,,,,,,,,,,,,,,,,,,,,,,,,,,,,,,,,,,,,,,,,,,,,,,,,,,,,,,,,,,,,,,,,,1,,
0,15,28,"{'x': 1166.111678744663, 'y': 182.519843639624, 'elapsedTime': 71042.80000007153}",936762497775,5220901099,POINT (0.607349832679512 0.1689998552218741),,,,,,,,,,,,,,,,,,,,,,,,,,,,,,,,,,,,,,,,,,,,,,,,,,,,,,,,,,,,,,,,,,,,,,,,,,,,,,,,,,,,,,,,,,,,,,,,,,,1,,
0,15,28,"{'x': 1166.111678744663, 'y': 182.519843639624, 'elapsedTime': 71042.80000007153}",936762514442,5220917766,POINT (0.607349832679512 0.1689998552218741),,,,,,,,,,,,,,,,,,,,,,,,,,,,,,,,,,,,,,,,,,,,,,,,,,,,,,,,,,,,,,,,,,,,,,,,,,,,,,,,,,,,,,,,,,,,,,,,,,,1,,
0,15,28,"{'x': 1166.111678744663, 'y': 182.519843639624, 'elapsedTime': 71042.80000007153}",936762531109,5220934432,POINT (0.607349832679512 0.1689998552218741),,,,,,,,,,,,,,,,,,,,,,,,,,,,,,,,,,,,,,,,,,,,,,,,,,,,,,,,,,,,,,,,,,,,,,,,,,,,,,,,,,,,,,,,,,,,,,,,,,,1,,
0,15,28,"{'x': 996.5060972296935, 'y': 325.0471136323449, 'elapsedTime': 71088.70000004768}",936762547776,5220951099,POINT (0.5190135923071321 0.3009695496595786),,,,,,,,,,,,,,,,,,,,,,,,,,,,,,,,,,,,,,,,,,,,,,,,,,,,,,,,,,,,,,,,,,,,,,,,,,,,,,,,,,,,,,,,,,,,,,,,,,,,1,
0,15,28,"{'x': 996.5060972296935, 'y': 325.0471136323449, 'elapsedTime': 71088.70000004768}",936762564443,5220967765,POINT (0.5190135923071321 0.3009695496595786),,,,,,,,,,,,,,,,,,,,,,,,,,,,,,,,,,,,,,,,,,,,,,,,,,,,,,,,,,,,,,,,,,,,,,,,,,,,,,,,,,,,,,,,,,,,,,,,,,,,1,
0,15,28,"{'x': 996.5060972296935, 'y': 325.0471136323449, 'elapsedTime': 71088.70000004768}",936762581110,5220984432,POINT (0.5190135923071321 0.3009695496595786),,,,,,,,,,,,,,,,,,,,,,,,,,,,,,,,,,,,,,,,,,,,,,,,,,,,,,,,,,,,,,,,,,,,,,,,,,,,,,,,,,,,,,,,,,,,,,,,,,,,1,
0,15,28,"{'x': 765.7431620794284, 'y': 433.5119369079424, 'elapsedTime': 71132.80000007153}",936762597778,5221001099,POINT (0.3988245635830356 0.4013999415814282),,,,,,,,,,,,,,,,,,,,,,,,,,,,,,,,,,,,,,,,,,,,,,,,,,,,,,,,,,,,,,,,,,,,,,,,,,,,,,,,,,,,,,,,,,,,,,,,,,,,,
0,15,28,"{'x': 765.7431620794284, 'y': 433.5119369079424, 'elapsedTime': 71132.80000007153}",936762614449,5221017769,POINT (0.3988245635830356 0.4013999415814282),,,,,,,,,,,,,,,,,,,,,,,,,,,,,,,,,,,,,,,,,,,,,,,,,,,,,,,,,,,,,,,,,,,,,,,,,,,,,,,,,,,,,,,,,,,,,,,,,,,,,
0,15,28,"{'x': 765.7431620794284, 'y': 433.5119369079424, 'elapsedTime': 71132.80000007153}",936762631117,5221034437,POINT (0.3988245635830356 0.4013999415814282),,,,,,,,,,,,,,,,,,,,,,,,,,,,,,,,,,,,,,,,,,,,,,,,,,,,,,,,,,,,,,,,,,,,,,,,,,,,,,,,,,,,,,,,,,,,,,,,,,,,,
0,15,28,"{'x': 792.6157612031724, 'y': 437.7889259132734, 'elapsedTime': 71182.5}",936762647783,5221051103,POINT (0.4128207089599856 0.4053601165863642),,,,,,,,,,,,,,,,,,,,,,,,,,,,,,,,,,,,,,,,,,,,,,,,,,,,,,,,,,,,,,,,,,,,,,,,,,,,,,,,,,,,,,,,,,,,,,,,,,,,,
0,15,28,"{'x': 792.6157612031724, 'y': 437.7889259132734, 'elapsedTime': 71182.5}",936762664450,5221067769,POINT (0.4128207089599856 0.4053601165863642),,,,,,,,,,,,,,,,,,,,,,,,,,,,,,,,,,,,,,,,,,,,,,,,,,,,,,,,,,,,,,,,,,,,,,,,,,,,,,,,,,,,,,,,,,,,,,,,,,,,,
0,15,28,"{'x': 732.3140539764822, 'y': 411.91293323913783, 'elapsedTime': 71229.20000004768}",936762681119,5221084437,POINT (0.3814135697794178 0.3814008641103128),,,,,,,,,,,,,,,,,,,,,,,,,,,,,,,,,,,,,,,,,,,,,,,,,,,,,,,,,,,,,,,,,,,,,,,,,,,,,,,,,,,,,,,,,,,,,,,,,,,,,
0,15,28,"{'x': 732.3140539764822, 'y': 411.91293323913783, 'elapsedTime': 71229.20000004768}",936762697785,5221101103,POINT (0.3814135697794178 0.3814008641103128),,,,,,,,,,,,,,,,,,,,,,,,,,,,,,,,,,,,,,,,,,,,,,,,,,,,,,,,,,,,,,,,,,,,,,,,,,,,,,,,,,,,,,,,,,,,,,,,,,,,,
0,15,28,"{'x': 732.3140539764822, 'y': 411.91293323913783, 'elapsedTime': 71229.20000004768}",936762714453,5221117770,POINT (0.3814135697794178 0.3814008641103128),,,,,,,,,,,,,,,,,,,,,,,,,,,,,,,,,,,,,,,,,,,,,,,,,,,,,,,,,,,,,,,,,,,,,,,,,,,,,,,,,,,,,,,,,,,,,,,,,,,,,
0,15,28,"{'x': 532.8261539942891, 'y': 445.67702098309843, 'elapsedTime': 71273.20000004768}",936762731119,5221134436,POINT (0.2775136218720256 0.4126639083176837),,,,,,,,,,,,,,,,,,,,,,,,,,,,,,,,,,,,,,,,,,,,,,,,,,,,,,,,,,,,,,,,,,,,,,,,,,,,,,,,,,,,,,,,,,,,,,,,,,,,,
0,15,28,"{'x': 532.8261539942891, 'y': 445.67702098309843, 'elapsedTime': 71273.20000004768}",936762747790,5221151106,POINT (0.2775136218720256 0.4126639083176837),,,,,,,,,,,,,,,,,,,,,,,,,,,,,,,,,,,,,,,,,,,,,,,,,,,,,,,,,,,,,,,,,,,,,,,,,,,,,,,,,,,,,,,,,,,,,,,,,,,,,
0,15,28,"{'x': 532.8261539942891, 'y': 445.67702098309843, 'elapsedTime': 71273.20000004768}",936762764457,5221167773,POINT (0.2775136218720256 0.4126639083176837),,,,,,,,,,,,,,,,,,,,,,,,,,,,,,,,,,,,,,,,,,,,,,,,,,,,,,,,,,,,,,,,,,,,,,,,,,,,,,,,,,,,,,,,,,,,,,,,,,,,,
0,15,28,"{'x': 387.1527587824403, 'y': 405.6841317675944, 'elapsedTime': 71319.10000002384}",936762781124,5221184439,POINT (0.2016420618658543 0.3756334553403652),,,,,,,,,,,,,,,,,,,,,,,,,,,,,,,,,,,,,,,,,,,,,,,,,,,,,,,,,,,,,,,,,,,,,,,,,,,,,,,,,,,,,,,,,,,,,,,,,,,,,
0,15,28,"{'x': 387.1527587824403, 'y': 405.6841317675944, 'elapsedTime': 71319.10000002384}",936762797791,5221201106,POINT (0.2016420618658543 0.3756334553403652),,,,,,,,,,,,,,,,,,,,,,,,,,,,,,,,,,,,,,,,,,,,,,,,,,,,,,,,,,,,,,,,,,,,,,,,,,,,,,,,,,,,,,,,,,,,,,,,,,,,,
0,15,28,"{'x': 387.1527587824403, 'y': 405.6841317675944, 'elapsedTime': 71319.10000002384}",936762814459,5221217773,POINT (0.2016420618658543 0.3756334553403652),,,,,,,,,,,,,,,,,,,,,,,,,,,,,,,,,,,,,,,,,,,,,,,,,,,,,,,,,,,,,,,,,,,,,,,,,,,,,,,,,,,,,,,,,,,,,,,,,,,,,
0,15,28,"{'x': 315.6043859638762, 'y': 429.4322238499734, 'elapsedTime': 71364.89999997616}",936762831125,5221234439,POINT (0.1643772843561855 0.3976224294907161),,,,,,,,,,,,,,,,,,,,,,,,,,,,,,,,,,,,,,,,,,,,,,,,,,,,,,,,,,,,,,,,,,,,,,,,,,,,,,,,,,,,,,,,,,,,,,,,,,,,,
0,15,28,"{'x': 315.6043859638762, 'y': 429.4322238499734, 'elapsedTime': 71364.89999997616}",936762847793,5221251106,POINT (0.1643772843561855 0.3976224294907161),,,,,,,,,,,,,,,,,,,,,,,,,,,,,,,,,,,,,,,,,,,,,,,,,,,,,,,,,,,,,,,,,,,,,,,,,,,,,,,,,,,,,,,,,,,,,,,,,,,,,
0,15,28,"{'x': 301.406189552534, 'y': 368.6511033414557, 'elapsedTime': 71411.20000004768}",936762864461,5221267773,POINT (0.1569823903919448 0.3413436142050516),,,,,,,,,,,,,,,,,,,,,,,,,,,,,,,,,,,,,,,,,,,,,,,,,,,,,,,,,,,,,,,,,,,,,,,,,,,,,,,,,,,,,,,,,,,,,,,,,,,,,
0,15,28,"{'x': 301.406189552534, 'y': 368.6511033414557, 'elapsedTime': 71411.20000004768}",936762881134,5221284446,POINT (0.1569823903919448 0.3413436142050516),,,,,,,,,,,,,,,,,,,,,,,,,,,,,,,,,,,,,,,,,,,,,,,,,,,,,,,,,,,,,,,,,,,,,,,,,,,,,,,,,,,,,,,,,,,,,,,,,,,,,
0,15,28,"{'x': 301.406189552534, 'y': 368.6511033414557, 'elapsedTime': 71411.20000004768}",936762897802,5221301113,POINT (0.1569823903919448 0.3413436142050516),,,,,,,,,,,,,,,,,,,,,,,,,,,,,,,,,,,,,,,,,,,,,,,,,,,,,,,,,,,,,,,,,,,,,,,,,,,,,,,,,,,,,,,,,,,,,,,,,,,,,
0,15,28,"{'x': 301.406189552534, 'y': 368.6511033414557, 'elapsedTime': 71411.20000004768}",936762914469,5221317780,POINT (0.1569823903919448 0.3413436142050516),,,,,,,,,,,,,,,,,,,,,,,,,,,,,,,,,,,,,,,,,,,,,,,,,,,,,,,,,,,,,,,,,,,,,,,,,,,,,,,,,,,,,,,,,,,,,,,,,,,,,
0,15,28,"{'x': 273.3446641642895, 'y': 372.70768185497764, 'elapsedTime': 71457.60000002384}",936762931136,5221334446,POINT (0.1423670125855674 0.3450997054212756),,,,,,,,,,,,,,,,,,,,,,,,,,,,,,,,,,,,,,,,,,,,,,,,,,,,,,,,,,,,,,,,,,,,,,,,,,,,,,,,,,,,,,,,,,,,,,,,,,,,,
0,15,28,"{'x': 273.3446641642895, 'y': 372.70768185497764, 'elapsedTime': 71457.60000002384}",936762947804,5221351113,POINT (0.1423670125855674 0.3450997054212756),,,,,,,,,,,,,,,,,,,,,,,,,,,,,,,,,,,,,,,,,,,,,,,,,,,,,,,,,,,,,,,,,,,,,,,,,,,,,,,,,,,,,,,,,,,,,,,,,,,,,
0,15,28,"{'x': 302.8789031114626, 'y': 366.6726058103915, 'elapsedTime': 71508}",936762964473,5221367782,POINT (0.1577494287038868 0.3395116720466588),,,,,,,,,,,,,,,,,,,,,,,,,,,,,,,,,,,,,,,,,,,,,,,,,,,,,,,,,,,,,,,,,,,,,,,,,,,,,,,,,,,,,,,,,,,,,,,,,,,,,
0,15,28,"{'x': 302.8789031114626, 'y': 366.6726058103915, 'elapsedTime': 71508}",936762981140,5221384448,POINT (0.1577494287038868 0.3395116720466588),,,,,,,,,,,,,,,,,,,,,,,,,,,,,,,,,,,,,,,,,,,,,,,,,,,,,,,,,,,,,,,,,,,,,,,,,,,,,,,,,,,,,,,,,,,,,,,,,,,,,
0,15,28,"{'x': 302.8789031114626, 'y': 366.6726058103915, 'elapsedTime': 71508}",936762997807,5221401115,POINT (0.1577494287038868 0.3395116720466588),,,,,,,,,,,,,,,,,,,,,,,,,,,,,,,,,,,,,,,,,,,,,,,,,,,,,,,,,,,,,,,,,,,,,,,,,,,,,,,,,,,,,,,,,,,,,,,,,,,,,
0,15,28,"{'x': 340.17188527869877, 'y': 325.6047820568436, 'elapsedTime': 71552}",936763014480,5221417787,POINT (0.1771728569159889 0.3014859093118922),,,,,,,,,,,,,,,,,,,,,,,,,,,,,,,,,,,,,,,,,,,,,,,,,,,,,,,,,,,,,,,,,,,,,,,,,,,,,,,,,,,,,,,,,,,,,,,,,,,,,
0,15,28,"{'x': 340.17188527869877, 'y': 325.6047820568436, 'elapsedTime': 71552}",936763031146,5221434453,POINT (0.1771728569159889 0.3014859093118922),,,,,,,,,,,,,,,,,,,,,,,,,,,,,,,,,,,,,,,,,,,,,,,,,,,,,,,,,,,,,,,,,,,,,,,,,,,,,,,,,,,,,,,,,,,,,,,,,,,,,
0,15,28,"{'x': 340.17188527869877, 'y': 325.6047820568436, 'elapsedTime': 71552}",936763047814,5221451120,POINT (0.1771728569159889 0.3014859093118922),,,,,,,,,,,,,,,,,,,,,,,,,,,,,,,,,,,,,,,,,,,,,,,,,,,,,,,,,,,,,,,,,,,,,,,,,,,,,,,,,,,,,,,,,,,,,,,,,,,,,
0,15,28,"{'x': 348.784485726047, 'y': 319.5571708379373, 'elapsedTime': 71604}",936763064479,5221467785,POINT (0.1816585863156495 0.2958862692943864),,,,,,,,,,,,,,,,,,,,,,,,,,,,,,,,,,,,,,,,,,,,,,,,,,,,,,,,,,,,,,,,,,,,,,,,,,,,,,,,,,,,,,,,,,,,,,,,,,,1,,
0,15,28,"{'x': 348.784485726047, 'y': 319.5571708379373, 'elapsedTime': 71604}",936763081148,5221484453,POINT (0.1816585863156495 0.2958862692943864),,,,,,,,,,,,,,,,,,,,,,,,,,,,,,,,,,,,,,,,,,,,,,,,,,,,,,,,,,,,,,,,,,,,,,,,,,,,,,,,,,,,,,,,,,,,,,,,,,,1,,
0,15,28,"{'x': 348.784485726047, 'y': 319.5571708379373, 'elapsedTime': 71604}",936763097813,5221501118,POINT (0.1816585863156495 0.2958862692943864),,,,,,,,,,,,,,,,,,,,,,,,,,,,,,,,,,,,,,,,,,,,,,,,,,,,,,,,,,,,,,,,,,,,,,,,,,,,,,,,,,,,,,,,,,,,,,,,,,,1,,
0,15,28,"{'x': 303.3349252061955, 'y': 287.47011943954755, 'elapsedTime': 71649.10000002384}",936763114480,5221517784,POINT (0.1579869402115602 0.2661760365180996),,,,,,,,,,,,,,,,,,,,,,,,,,,,,,,,,,,,,,,,,,,,,,,,,,,,,,,,,,,,,,,,,,,,,,,,,,,,,,,,,,,,,,,,,,,,,,,,,,,,,
0,15,28,"{'x': 303.3349252061955, 'y': 287.47011943954755, 'elapsedTime': 71649.10000002384}",936763131150,5221534453,POINT (0.1579869402115602 0.2661760365180996),,,,,,,,,,,,,,,,,,,,,,,,,,,,,,,,,,,,,,,,,,,,,,,,,,,,,,,,,,,,,,,,,,,,,,,,,,,,,,,,,,,,,,,,,,,,,,,,,,,,,
0,15,28,"{'x': 266.43751466618164, 'y': 242.69121323845792, 'elapsedTime': 71693.89999997616}",936763147821,5221551124,POINT (0.1387695388886363 0.2247140863319055),,,,,,,,,,,,,,,,,,,,,,,,,,,,,,,,,,,,,,,,,,,,,,,,,,,,,,,,,,,,,,,,,,,,,,,,,,,,,,,,,,,,,,,,,,,,,,,,,,,,1,
0,15,28,"{'x': 266.43751466618164, 'y': 242.69121323845792, 'elapsedTime': 71693.89999997616}",936763164488,5221567790,POINT (0.1387695388886363 0.2247140863319055),,,,,,,,,,,,,,,,,,,,,,,,,,,,,,,,,,,,,,,,,,,,,,,,,,,,,,,,,,,,,,,,,,,,,,,,,,,,,,,,,,,,,,,,,,,,,,,,,,,,1,
0,15,28,"{'x': 266.43751466618164, 'y': 242.69121323845792, 'elapsedTime': 71693.89999997616}",936763181155,5221584457,POINT (0.1387695388886363 0.2247140863319055),,,,,,,,,,,,,,,,,,,,,,,,,,,,,,,,,,,,,,,,,,,,,,,,,,,,,,,,,,,,,,,,,,,,,,,,,,,,,,,,,,,,,,,,,,,,,,,,,,,,1,
0,15,28,"{'x': 266.43751466618164, 'y': 242.69121323845792, 'elapsedTime': 71693.89999997616}",936763197822,5221601123,POINT (0.1387695388886363 0.2247140863319055),,,,,,,,,,,,,,,,,,,,,,,,,,,,,,,,,,,,,,,,,,,,,,,,,,,,,,,,,,,,,,,,,,,,,,,,,,,,,,,,,,,,,,,,,,,,,,,,,,,,1,
0,15,28,"{'x': 281.611625709226, 'y': 203.0241464935518, 'elapsedTime': 71740.39999997616}",936763214491,5221617791,POINT (0.1466727217235552 0.1879853208273628),,,,,,,,,,,,,,,,,,,,,,,,,,,,,,,,,,,,,,,,,,,,,,,,,,,,,,,,,,,,,,,,,,,,,,,,,,,,,,,,,,,,,,,,,,,,,,,,,,,,,
0,15,28,"{'x': 281.611625709226, 'y': 203.0241464935518, 'elapsedTime': 71740.39999997616}",936763231157,5221634457,POINT (0.1466727217235552 0.1879853208273628),,,,,,,,,,,,,,,,,,,,,,,,,,,,,,,,,,,,,,,,,,,,,,,,,,,,,,,,,,,,,,,,,,,,,,,,,,,,,,,,,,,,,,,,,,,,,,,,,,,,,
0,15,28,"{'x': 275.4735108158311, 'y': 221.6990147734288, 'elapsedTime': 71788.89999997616}",936763247825,5221651124,POINT (0.1434757868832454 0.2052768655309526),,,,,,,,,,,,,,,,,,,,,,,,,,,,,,,,,,,,,,,,,,,,,,,,,,,,,,,,,,,,,,,,,,,,,,,,,,,,,,,,,,,,,,,,,,,,,,,,,,,,,
0,15,28,"{'x': 275.4735108158311, 'y': 221.6990147734288, 'elapsedTime': 71788.89999997616}",936763264491,5221667790,POINT (0.1434757868832454 0.2052768655309526),,,,,,,,,,,,,,,,,,,,,,,,,,,,,,,,,,,,,,,,,,,,,,,,,,,,,,,,,,,,,,,,,,,,,,,,,,,,,,,,,,,,,,,,,,,,,,,,,,,,,
0,15,28,"{'x': 275.4735108158311, 'y': 221.6990147734288, 'elapsedTime': 71788.89999997616}",936763281160,5221684458,POINT (0.1434757868832454 0.2052768655309526),,,,,,,,,,,,,,,,,,,,,,,,,,,,,,,,,,,,,,,,,,,,,,,,,,,,,,,,,,,,,,,,,,,,,,,,,,,,,,,,,,,,,,,,,,,,,,,,,,,,,
0,15,28,"{'x': 389.41270458430427, 'y': 209.5214210396715, 'elapsedTime': 71835.60000002384}",936763297827,5221701125,POINT (0.2028191169709918 0.1940013157774736),,,,,,,,,,,,,,,,,,,,,,,,,,,,,,,,,,,,,,,,,,,,,,,,,,,,,,,,,,,,,,,,,,,,,,,,,,,,,,,,,,,,,,,,,,,,,,,,,,,,,
0,15,28,"{'x': 389.41270458430427, 'y': 209.5214210396715, 'elapsedTime': 71835.60000002384}",936763314494,5221717791,POINT (0.2028191169709918 0.1940013157774736),,,,,,,,,,,,,,,,,,,,,,,,,,,,,,,,,,,,,,,,,,,,,,,,,,,,,,,,,,,,,,,,,,,,,,,,,,,,,,,,,,,,,,,,,,,,,,,,,,,,,
0,15,28,"{'x': 389.41270458430427, 'y': 209.5214210396715, 'elapsedTime': 71835.60000002384}",936763331161,5221734458,POINT (0.2028191169709918 0.1940013157774736),,,,,,,,,,,,,,,,,,,,,,,,,,,,,,,,,,,,,,,,,,,,,,,,,,,,,,,,,,,,,,,,,,,,,,,,,,,,,,,,,,,,,,,,,,,,,,,,,,,,,
0,15,28,"{'x': 641.2410663128976, 'y': 224.9301869504598, 'elapsedTime': 71881.80000007153}",936763347829,5221751125,POINT (0.3339797220379675 0.2082686916207961),,,,,,,,,,,,,,,,,,,,,,,,,,,,,,,,,,1,,,,,,,,,,,,,,,,,,,,,,,,,,,,,,,,,,,,,,,,,,,,,,,,,,,,,,,,,,,,,,,,,,,
0,15,28,"{'x': 641.2410663128976, 'y': 224.9301869504598, 'elapsedTime': 71881.80000007153}",936763364496,5221767791,POINT (0.3339797220379675 0.2082686916207961),,,,,,,,,,,,,,,,,,,,,,,,,,,,,,,,,,1,,,,,,,,,,,,,,,,,,,,,,,,,,,,,,,,,,,,,,,,,,,,,,,,,,,,,,,,,,,,,,,,,,,
0,15,28,"{'x': 735.2757962824696, 'y': 186.57112121911527, 'elapsedTime': 71926}",936763381163,5221784458,POINT (0.3829561438971196 0.1727510381658475),,,,,,,,,,,,,,,,,,,,1,,,,,,,,,,,,,,,,,,,,,,,,,,,,,,,,,,,,,,,,,,,,,,,,,,,,,,,,,,,,,,,,,,,,,,,,,,,,,,,1,,
0,15,28,"{'x': 735.2757962824696, 'y': 186.57112121911527, 'elapsedTime': 71926}",936763397830,5221801124,POINT (0.3829561438971196 0.1727510381658475),,,,,,,,,,,,,,,,,,,,1,,,,,,,,,,,,,,,,,,,,,,,,,,,,,,,,,,,,,,,,,,,,,,,,,,,,,,,,,,,,,,,,,,,,,,,,,,,,,,,1,,
0,15,28,"{'x': 735.2757962824696, 'y': 186.57112121911527, 'elapsedTime': 71926}",936763414504,5221817798,POINT (0.3829561438971196 0.1727510381658475),,,,,,,,,,,,,,,,,,,,1,,,,,,,,,,,,,,,,,,,,,,,,,,,,,,,,,,,,,,,,,,,,,,,,,,,,,,,,,,,,,,,,,,,,,,,,,,,,,,,1,,
0,15,28,"{'x': 990.573887684033, 'y': 199.39330644259528, 'elapsedTime': 71970.60000002384}",936763431172,5221834465,POINT (0.5159238998354339 0.1846234318912919),,,,,,,,,,,,,,,,,,,,,,,,,,,,,,,,,,,,,,,,,,,,,,,,,,,,,,,,,,,,,,,,,,,,,,,,,,,,,,,,,,,,,,,,,,,,,,,,,,,1,,
0,15,28,"{'x': 990.573887684033, 'y': 199.39330644259528, 'elapsedTime': 71970.60000002384}",936763447838,5221851131,POINT (0.5159238998354339 0.1846234318912919),,,,,,,,,,,,,,,,,,,,,,,,,,,,,,,,,,,,,,,,,,,,,,,,,,,,,,,,,,,,,,,,,,,,,,,,,,,,,,,,,,,,,,,,,,,,,,,,,,,1,,
0,15,28,"{'x': 990.573887684033, 'y': 199.39330644259528, 'elapsedTime': 71970.60000002384}",936763464508,5221867800,POINT (0.5159238998354339 0.1846234318912919),,,,,,,,,,,,,,,,,,,,,,,,,,,,,,,,,,,,,,,,,,,,,,,,,,,,,,,,,,,,,,,,,,,,,,,,,,,,,,,,,,,,,,,,,,,,,,,,,,,1,,
0,15,28,"{'x': 1094.0994700420913, 'y': 133.48101603319006, 'elapsedTime': 72015.89999997616}",936763481176,5221884467,POINT (0.5698434739802559 0.1235935333640649),,,,,,,,,,,,,,,,,,,,,,,,,,,,,,,,,,,,,,,,,,,,,,,,,,,,,,,,,,,,,,,,,,,,,,,,,,,,,,,,,,,,,,,,,,,,,,,,,,,,,
0,15,28,"{'x': 1094.0994700420913, 'y': 133.48101603319006, 'elapsedTime': 72015.89999997616}",936763497843,5221901134,POINT (0.5698434739802559 0.1235935333640649),,,,,,,,,,,,,,,,,,,,,,,,,,,,,,,,,,,,,,,,,,,,,,,,,,,,,,,,,,,,,,,,,,,,,,,,,,,,,,,,,,,,,,,,,,,,,,,,,,,,,
0,15,28,"{'x': 1094.0994700420913, 'y': 133.48101603319006, 'elapsedTime': 72015.89999997616}",936763514507,5221917798,POINT (0.5698434739802559 0.1235935333640649),,,,,,,,,,,,,,,,,,,,,,,,,,,,,,,,,,,,,,,,,,,,,,,,,,,,,,,,,,,,,,,,,,,,,,,,,,,,,,,,,,,,,,,,,,,,,,,,,,,,,
0,15,28,"{'x': 1109.5576988974728, 'y': 92.59255952206107, 'elapsedTime': 72064.60000002384}",936763531180,5221934470,POINT (0.5778946348424338 0.0857338514093158),,,,,,,,,,,,,,,,,,,,,,,,,,,,,,,,,,,,,,,,,,,,,,,,,,,,,,,,,,,,,,,,,,,,,,,,,,,,,,,,,,,,,,,,,,,,,,,,,,,,,
0,15,28,"{'x': 1109.5576988974728, 'y': 92.59255952206107, 'elapsedTime': 72064.60000002384}",936763547848,5221951138,POINT (0.5778946348424338 0.0857338514093158),,,,,,,,,,,,,,,,,,,,,,,,,,,,,,,,,,,,,,,,,,,,,,,,,,,,,,,,,,,,,,,,,,,,,,,,,,,,,,,,,,,,,,,,,,,,,,,,,,,,,
0,15,28,"{'x': 1109.5576988974728, 'y': 92.59255952206107, 'elapsedTime': 72064.60000002384}",936763564513,5221967802,POINT (0.5778946348424338 0.0857338514093158),,,,,,,,,,,,,,,,,,,,,,,,,,,,,,,,,,,,,,,,,,,,,,,,,,,,,,,,,,,,,,,,,,,,,,,,,,,,,,,,,,,,,,,,,,,,,,,,,,,,,
0,15,28,"{'x': 1116.9786556711545, 'y': 75.50963454668121, 'elapsedTime': 72112.80000007153}",936763581182,5221984471,POINT (0.5817597164953929 0.0699163282839641),,,,,,,,,,,,,,,,,,,,,,,,,,,,,,,,,,,,,,,,,,,,,,,,,,,,,,,,,,,,,,,,,,,,,,,,,,,,,,,,,,,,,,,,,,,,,,,,,,,,,
0,15,28,"{'x': 1116.9786556711545, 'y': 75.50963454668121, 'elapsedTime': 72112.80000007153}",936763597848,5222001136,POINT (0.5817597164953929 0.0699163282839641),,,,,,,,,,,,,,,,,,,,,,,,,,,,,,,,,,,,,,,,,,,,,,,,,,,,,,,,,,,,,,,,,,,,,,,,,,,,,,,,,,,,,,,,,,,,,,,,,,,,,
0,15,28,"{'x': 1277.8167073467305, 'y': 136.89829737724168, 'elapsedTime': 72159}",936763614517,5222017804,POINT (0.6655295350764221 0.1267576827567053),,,,,,,,,,,,,,,,,,,,,,,,,,,,,,,,,,,,,,,,,,,,,,,,,,,,,,,,,,,,,,,,,,,,,,,,,,,,,,,,,,,,,,,,,,,,,,,,,,,,,
0,15,28,"{'x': 1277.8167073467305, 'y': 136.89829737724168, 'elapsedTime': 72159}",936763631183,5222034469,POINT (0.6655295350764221 0.1267576827567053),,,,,,,,,,,,,,,,,,,,,,,,,,,,,,,,,,,,,,,,,,,,,,,,,,,,,,,,,,,,,,,,,,,,,,,,,,,,,,,,,,,,,,,,,,,,,,,,,,,,,
0,15,28,"{'x': 1277.8167073467305, 'y': 136.89829737724168, 'elapsedTime': 72159}",936763647852,5222051138,POINT (0.6655295350764221 0.1267576827567053),,,,,,,,,,,,,,,,,,,,,,,,,,,,,,,,,,,,,,,,,,,,,,,,,,,,,,,,,,,,,,,,,,,,,,,,,,,,,,,,,,,,,,,,,,,,,,,,,,,,,
0,15,28,"{'x': 1331.723456181369, 'y': 67.84434871137783, 'elapsedTime': 72205.89999997616}",936763664524,5222067809,POINT (0.6936059667611297 0.0628188413994239),,,,,,,,,,,,,,,,,,,,,,,,,,,,,,,,,,,,,,,,,,,,,,,,,,,,,,,,,,,,,,,,,,,,,,,,,,,,,,,,,,,,,,,,,,,,,,,,,,,,,
0,15,28,"{'x': 1331.723456181369, 'y': 67.84434871137783, 'elapsedTime': 72205.89999997616}",936763681191,5222084476,POINT (0.6936059667611297 0.0628188413994239),,,,,,,,,,,,,,,,,,,,,,,,,,,,,,,,,,,,,,,,,,,,,,,,,,,,,,,,,,,,,,,,,,,,,,,,,,,,,,,,,,,,,,,,,,,,,,,,,,,,,
0,15,28,"{'x': 1331.723456181369, 'y': 67.84434871137783, 'elapsedTime': 72205.89999997616}",936763697859,5222101143,POINT (0.6936059667611297 0.0628188413994239),,,,,,,,,,,,,,,,,,,,,,,,,,,,,,,,,,,,,,,,,,,,,,,,,,,,,,,,,,,,,,,,,,,,,,,,,,,,,,,,,,,,,,,,,,,,,,,,,,,,,
0,15,28,"{'x': 1476.7874810501073, 'y': 63.18336496834147, 'elapsedTime': 72252.80000007153}",936763714525,5222117809,POINT (0.7691601463802642 0.0585031157114273),,,,,,,,,,,,,,,,,,,,,,,,,,,,,,,,,,,,,,,,,,,,,,,,,,,,,,,,,,,,,,,,,,,,,,,,,,,,,,,,,,,,,,,,,,,,,,,,,,,,,
0,15,28,"{'x': 1476.7874810501073, 'y': 63.18336496834147, 'elapsedTime': 72252.80000007153}",936763731193,5222134476,POINT (0.7691601463802642 0.0585031157114273),,,,,,,,,,,,,,,,,,,,,,,,,,,,,,,,,,,,,,,,,,,,,,,,,,,,,,,,,,,,,,,,,,,,,,,,,,,,,,,,,,,,,,,,,,,,,,,,,,,,,
0,15,28,"{'x': 1476.7874810501073, 'y': 63.18336496834147, 'elapsedTime': 72252.80000007153}",936763747859,5222151142,POINT (0.7691601463802642 0.0585031157114273),,,,,,,,,,,,,,,,,,,,,,,,,,,,,,,,,,,,,,,,,,,,,,,,,,,,,,,,,,,,,,,,,,,,,,,,,,,,,,,,,,,,,,,,,,,,,,,,,,,,,
0,15,28,"{'x': 1479.0946508641223, 'y': 77.12712750289097, 'elapsedTime': 72298.89999997616}",936763764525,5222167807,POINT (0.7703617973250637 0.0714140069471213),,,,,,,,,,,,,,,,,,,,,,,,,,,,,,,,,,,,,,,,,,,,,,,,,,,,,,,,,,,,,,,,,,,,,,,,,,,,,,,,,,,,,,,,,,,,,,,,,,,,,
0,15,28,"{'x': 1479.0946508641223, 'y': 77.12712750289097, 'elapsedTime': 72298.89999997616}",936763781194,5222184476,POINT (0.7703617973250637 0.0714140069471213),,,,,,,,,,,,,,,,,,,,,,,,,,,,,,,,,,,,,,,,,,,,,,,,,,,,,,,,,,,,,,,,,,,,,,,,,,,,,,,,,,,,,,,,,,,,,,,,,,,,,
0,15,28,"{'x': 1479.0946508641223, 'y': 77.12712750289097, 'elapsedTime': 72298.89999997616}",936763797866,5222201147,POINT (0.7703617973250637 0.0714140069471213),,,,,,,,,,,,,,,,,,,,,,,,,,,,,,,,,,,,,,,,,,,,,,,,,,,,,,,,,,,,,,,,,,,,,,,,,,,,,,,,,,,,,,,,,,,,,,,,,,,,,
0,15,28,"{'x': 1437.87622774921, 'y': -3.7772901854306298, 'elapsedTime': 72344.89999997616}",936763814533,5222217814,POINT (0.7488938686193802 -0.0034974909124358),,,,,,,,,,,,,,,,,,,,,,,,,,,,,,,,,,,,,,,,,,,,,,,,,,,,,,,,,,,,,,,,,,,,,,,,,,,,,,,,,,,,,,,,,,,,,,,,,,,,,
0,15,28,"{'x': 1437.87622774921, 'y': -3.7772901854306298, 'elapsedTime': 72344.89999997616}",936763831199,5222234479,POINT (0.7488938686193802 -0.0034974909124358),,,,,,,,,,,,,,,,,,,,,,,,,,,,,,,,,,,,,,,,,,,,,,,,,,,,,,,,,,,,,,,,,,,,,,,,,,,,,,,,,,,,,,,,,,,,,,,,,,,,,
0,15,28,"{'x': 1257.1395387387438, 'y': 155.06992446726943, 'elapsedTime': 72389.80000007153}",936763847867,5222251147,POINT (0.654760176426429 0.1435832633956198),,,,,,,,,,,,,,,,,,,,,,,,,,,,,,,,,,,,,,,,,,,,,,,,,,,,,,,,,,,,,,,,,,,,,,,,,,,,,,,,,,,,,,,,,,,,,,,,,,,1,,
0,15,28,"{'x': 1257.1395387387438, 'y': 155.06992446726943, 'elapsedTime': 72389.80000007153}",936763864536,5222267814,POINT (0.654760176426429 0.1435832633956198),,,,,,,,,,,,,,,,,,,,,,,,,,,,,,,,,,,,,,,,,,,,,,,,,,,,,,,,,,,,,,,,,,,,,,,,,,,,,,,,,,,,,,,,,,,,,,,,,,,1,,
0,15,28,"{'x': 1257.1395387387438, 'y': 155.06992446726943, 'elapsedTime': 72389.80000007153}",936763881203,5222284481,POINT (0.654760176426429 0.1435832633956198),,,,,,,,,,,,,,,,,,,,,,,,,,,,,,,,,,,,,,,,,,,,,,,,,,,,,,,,,,,,,,,,,,,,,,,,,,,,,,,,,,,,,,,,,,,,,,,,,,,1,,
0,15,28,"{'x': 1026.1948162292513, 'y': 221.32357965318047, 'elapsedTime': 72437.10000002384}",936763897868,5222301145,POINT (0.5344764667860684 0.2049292404196116),,,,,,,,,,,,,,,,,,,,,,,,,,,,,,,,,,,,,,,,,,,,,,,,,,,,,,,,,,,,,,,,,,,,,,,,,,,,,,,,,,,,,,,,,,,,,,,,,,,1,,
0,15,28,"{'x': 1026.1948162292513, 'y': 221.32357965318047, 'elapsedTime': 72437.10000002384}",936763914537,5222317814,POINT (0.5344764667860684 0.2049292404196116),,,,,,,,,,,,,,,,,,,,,,,,,,,,,,,,,,,,,,,,,,,,,,,,,,,,,,,,,,,,,,,,,,,,,,,,,,,,,,,,,,,,,,,,,,,,,,,,,,,1,,
0,15,28,"{'x': 1026.1948162292513, 'y': 221.32357965318047, 'elapsedTime': 72437.10000002384}",936763931210,5222334486,POINT (0.5344764667860684 0.2049292404196116),,,,,,,,,,,,,,,,,,,,,,,,,,,,,,,,,,,,,,,,,,,,,,,,,,,,,,,,,,,,,,,,,,,,,,,,,,,,,,,,,,,,,,,,,,,,,,,,,,,1,,
0,15,28,"{'x': 875.1177607223972, 'y': 281.71243854852605, 'elapsedTime': 72486.10000002384}",936763947874,5222351150,POINT (0.4557905003762485 0.2608448505078945),,,,,,,,,,,,,,,,,,,,,,,,,,,,,,,,,,,,,,,,,,,,,,,,,,,,,,,,,,,,,,,,,,,,,,,,,,,,,,,,,,,,,,,,,,,,,,,,,,,1,1,
0,15,28,"{'x': 875.1177607223972, 'y': 281.71243854852605, 'elapsedTime': 72486.10000002384}",936763964542,5222367817,POINT (0.4557905003762485 0.2608448505078945),,,,,,,,,,,,,,,,,,,,,,,,,,,,,,,,,,,,,,,,,,,,,,,,,,,,,,,,,,,,,,,,,,,,,,,,,,,,,,,,,,,,,,,,,,,,,,,,,,,1,1,
0,15,28,"{'x': 875.1177607223972, 'y': 281.71243854852605, 'elapsedTime': 72486.10000002384}",936763981209,5222384484,POINT (0.4557905003762485 0.2608448505078945),,,,,,,,,,,,,,,,,,,,,,,,,,,,,,,,,,,,,,,,,,,,,,,,,,,,,,,,,,,,,,,,,,,,,,,,,,,,,,,,,,,,,,,,,,,,,,,,,,,1,1,
0,15,28,"{'x': 728.3790331265192, 'y': 384.24913282270177, 'elapsedTime': 72535.60000002384}",936763997876,5222401150,POINT (0.3793640797533954 0.3557862340950942),,,,,,,,,,,,,,,,,,,,,,,,,,,,,,,,,,,,,,,,,,,,,,,,,,,,,,,,,,,,,,,,,,,,,,,,,,,,,,,,,,,,,,,,,,,,,,,,,,,,,
0,15,28,"{'x': 728.3790331265192, 'y': 384.24913282270177, 'elapsedTime': 72535.60000002384}",936764014543,5222417817,POINT (0.3793640797533954 0.3557862340950942),,,,,,,,,,,,,,,,,,,,,,,,,,,,,,,,,,,,,,,,,,,,,,,,,,,,,,,,,,,,,,,,,,,,,,,,,,,,,,,,,,,,,,,,,,,,,,,,,,,,,
0,15,28,"{'x': 728.3790331265192, 'y': 384.24913282270177, 'elapsedTime': 72535.60000002384}",936764031211,5222434484,POINT (0.3793640797533954 0.3557862340950942),,,,,,,,,,,,,,,,,,,,,,,,,,,,,,,,,,,,,,,,,,,,,,,,,,,,,,,,,,,,,,,,,,,,,,,,,,,,,,,,,,,,,,,,,,,,,,,,,,,,,
0,15,28,"{'x': 728.3790331265192, 'y': 384.24913282270177, 'elapsedTime': 72535.60000002384}",936764047877,5222451150,POINT (0.3793640797533954 0.3557862340950942),,,,,,,,,,,,,,,,,,,,,,,,,,,,,,,,,,,,,,,,,,,,,,,,,,,,,,,,,,,,,,,,,,,,,,,,,,,,,,,,,,,,,,,,,,,,,,,,,,,,,
0,15,28,"{'x': 639.6510822060371, 'y': 474.47202499025525, 'elapsedTime': 72581.10000002384}",936764064549,5222467821,POINT (0.3331516053156444 0.4393259490650512),,,,,,,,,,,,,,,,,,,,,,,,,,,,,,,,,,,,,,,,,,,,,,,,,,,,,,,,,,,,,,,,,,,,,,,,,,,,,,,,,,,,,,,,,,,,,,,,,,,,,
0,15,28,"{'x': 639.6510822060371, 'y': 474.47202499025525, 'elapsedTime': 72581.10000002384}",936764081216,5222484488,POINT (0.3331516053156444 0.4393259490650512),,,,,,,,,,,,,,,,,,,,,,,,,,,,,,,,,,,,,,,,,,,,,,,,,,,,,,,,,,,,,,,,,,,,,,,,,,,,,,,,,,,,,,,,,,,,,,,,,,,,,
0,15,28,"{'x': 639.6510822060371, 'y': 474.47202499025525, 'elapsedTime': 72581.10000002384}",936764097883,5222501154,POINT (0.3331516053156444 0.4393259490650512),,,,,,,,,,,,,,,,,,,,,,,,,,,,,,,,,,,,,,,,,,,,,,,,,,,,,,,,,,,,,,,,,,,,,,,,,,,,,,,,,,,,,,,,,,,,,,,,,,,,,
0,15,28,"{'x': 540.5574371426544, 'y': 516.2187307005692, 'elapsedTime': 72648.80000007153}",936764114551,5222517821,POINT (0.2815403318451325 0.4779803062042307),,,,,,,,,,,,,,,,,,,,,,,,,,,,,,,,,,,,,,,,,,,,,,,,,,,,,,,,,,,,,,,,,,,,,,,,,,,,,,,,,,,,,,,,,,,,,,,,,,,,,
0,15,28,"{'x': 540.5574371426544, 'y': 516.2187307005692, 'elapsedTime': 72648.80000007153}",936764131219,5222534488,POINT (0.2815403318451325 0.4779803062042307),,,,,,,,,,,,,,,,,,,,,,,,,,,,,,,,,,,,,,,,,,,,,,,,,,,,,,,,,,,,,,,,,,,,,,,,,,,,,,,,,,,,,,,,,,,,,,,,,,,,,
0,15,28,"{'x': 448.662147817953, 'y': 545.9043777827713, 'elapsedTime': 72694.60000002384}",936764147885,5222551154,POINT (0.2336782019885172 0.505467016465529),,,,,,,,,,,,,,,,,,,,,,,,,,,,,,,,,,,,,,,,,,,,,,,,,,,,,,,,,,,,,,,,,,,,,,,,,,,,,,,,,,,,,,,,,,,,,,,,,,,,,
0,15,28,"{'x': 448.662147817953, 'y': 545.9043777827713, 'elapsedTime': 72694.60000002384}",936764164553,5222567821,POINT (0.2336782019885172 0.505467016465529),,,,,,,,,,,,,,,,,,,,,,,,,,,,,,,,,,,,,,,,,,,,,,,,,,,,,,,,,,,,,,,,,,,,,,,,,,,,,,,,,,,,,,,,,,,,,,,,,,,,,
0,15,28,"{'x': 448.662147817953, 'y': 545.9043777827713, 'elapsedTime': 72694.60000002384}",936764181219,5222584487,POINT (0.2336782019885172 0.505467016465529),,,,,,,,,,,,,,,,,,,,,,,,,,,,,,,,,,,,,,,,,,,,,,,,,,,,,,,,,,,,,,,,,,,,,,,,,,,,,,,,,,,,,,,,,,,,,,,,,,,,,
0,15,28,"{'x': 416.1505119030639, 'y': 628.1649417594286, 'elapsedTime': 72740}",936764197891,5222601158,POINT (0.2167450582828458 0.5816342053328043),,,,,,,,,,,,,,,,,,,,,,,,,,,,,,,,,,,,,,,,,,,,,,,,,,,,,,,,,,,,,,,,,,,,,,,,,,,,,,,,,,,,,,,,,,,,,,,,,,,,1,
0,15,28,"{'x': 416.1505119030639, 'y': 628.1649417594286, 'elapsedTime': 72740}",936764214560,5222617827,POINT (0.2167450582828458 0.5816342053328043),,,,,,,,,,,,,,,,,,,,,,,,,,,,,,,,,,,,,,,,,,,,,,,,,,,,,,,,,,,,,,,,,,,,,,,,,,,,,,,,,,,,,,,,,,,,,,,,,,,,1,
0,15,28,"{'x': 416.1505119030639, 'y': 628.1649417594286, 'elapsedTime': 72740}",936764231228,5222634494,POINT (0.2167450582828458 0.5816342053328043),,,,,,,,,,,,,,,,,,,,,,,,,,,,,,,,,,,,,,,,,,,,,,,,,,,,,,,,,,,,,,,,,,,,,,,,,,,,,,,,,,,,,,,,,,,,,,,,,,,,1,
0,15,28,"{'x': 471.72040981803264, 'y': 658.756308157277, 'elapsedTime': 72786.5}",936764247894,5222651160,POINT (0.245687713446892 0.6099595445900713),,,,,,,,,,,,,,,,,,,,,,,,,,,,,,,,,,,,,,,,,,,,,,,,,,,,,,,,,,,,,,,,,,,,,,,,,,,,,,,,,,,,,,,,,,,,,,,,,,,,,
0,15,28,"{'x': 471.72040981803264, 'y': 658.756308157277, 'elapsedTime': 72786.5}",936764264562,5222667827,POINT (0.245687713446892 0.6099595445900713),,,,,,,,,,,,,,,,,,,,,,,,,,,,,,,,,,,,,,,,,,,,,,,,,,,,,,,,,,,,,,,,,,,,,,,,,,,,,,,,,,,,,,,,,,,,,,,,,,,,,
0,15,28,"{'x': 471.72040981803264, 'y': 658.756308157277, 'elapsedTime': 72786.5}",936764281228,5222684493,POINT (0.245687713446892 0.6099595445900713),,,,,,,,,,,,,,,,,,,,,,,,,,,,,,,,,,,,,,,,,,,,,,,,,,,,,,,,,,,,,,,,,,,,,,,,,,,,,,,,,,,,,,,,,,,,,,,,,,,,,
0,15,28,"{'x': 426.9589896408353, 'y': 692.6139560668047, 'elapsedTime': 72832.30000007153}",936764297896,5222701160,POINT (0.2223744737712684 0.6413092185803747),,,,,,,,,,,,,,,,,,,,,,,,,,,,,,,,,,,,,,,,,,,,,,,,,,,,,,,,,,,,,,,,,,,,,,,,,,,,,,,,,,,,,,,,,,,,,,,,,,,,,1
0,15,28,"{'x': 426.9589896408353, 'y': 692.6139560668047, 'elapsedTime': 72832.30000007153}",936764314563,5222717827,POINT (0.2223744737712684 0.6413092185803747),,,,,,,,,,,,,,,,,,,,,,,,,,,,,,,,,,,,,,,,,,,,,,,,,,,,,,,,,,,,,,,,,,,,,,,,,,,,,,,,,,,,,,,,,,,,,,,,,,,,,1
0,15,28,"{'x': 426.9589896408353, 'y': 692.6139560668047, 'elapsedTime': 72832.30000007153}",936764331235,5222734498,POINT (0.2223744737712684 0.6413092185803747),,,,,,,,,,,,,,,,,,,,,,,,,,,,,,,,,,,,,,,,,,,,,,,,,,,,,,,,,,,,,,,,,,,,,,,,,,,,,,,,,,,,,,,,,,,,,,,,,,,,,1
0,15,28,"{'x': 464.73911851467295, 'y': 626.1408374262181, 'elapsedTime': 72878.30000007153}",936764347902,5222751165,POINT (0.2420516242263922 0.5797600346539057),,,,,,,,,,,,,,,,,,,,,,,,,,,,,,,,,,,,,,,,,,,,,,,,,,,,,,,,,,,,,,,,,,,,,,,,,,,,,,,,,,,,,,,,,,,,,,,,,,,,1,
0,15,28,"{'x': 464.73911851467295, 'y': 626.1408374262181, 'elapsedTime': 72878.30000007153}",936764364571,5222767832,POINT (0.2420516242263922 0.5797600346539057),,,,,,,,,,,,,,,,,,,,,,,,,,,,,,,,,,,,,,,,,,,,,,,,,,,,,,,,,,,,,,,,,,,,,,,,,,,,,,,,,,,,,,,,,,,,,,,,,,,,1,
0,15,28,"{'x': 424.2622184540981, 'y': 657.7657600925626, 'elapsedTime': 72925.20000004768}",936764381239,5222784500,POINT (0.2209699054448428 0.6090423704560765),,,,,,,,,,,,,,,,,,,,,,,,,,,,,,,,,,,,,,,,,,,,,,,,,,,,,,,,,,,,,,,,,,,,,,,,,,,,,,,,,,,,,,,,,,,,,,,,,,,,,
0,15,28,"{'x': 424.2622184540981, 'y': 657.7657600925626, 'elapsedTime': 72925.20000004768}",936764397906,5222801167,POINT (0.2209699054448428 0.6090423704560765),,,,,,,,,,,,,,,,,,,,,,,,,,,,,,,,,,,,,,,,,,,,,,,,,,,,,,,,,,,,,,,,,,,,,,,,,,,,,,,,,,,,,,,,,,,,,,,,,,,,,
0,15,28,"{'x': 424.2622184540981, 'y': 657.7657600925626, 'elapsedTime': 72925.20000004768}",936764414574,5222817834,POINT (0.2209699054448428 0.6090423704560765),,,,,,,,,,,,,,,,,,,,,,,,,,,,,,,,,,,,,,,,,,,,,,,,,,,,,,,,,,,,,,,,,,,,,,,,,,,,,,,,,,,,,,,,,,,,,,,,,,,,,
0,15,28,"{'x': 388.6033336712151, 'y': 635.6535302775351, 'elapsedTime': 72970}",936764431240,5222834500,POINT (0.2023975696204245 0.5885680835903102),,,,,,,,,,,,,,,,,,,,,,,,,,,,,,,,,,,,,,,,,,,,,,,,,,,,,,,,,,,,,,,,,,,,,,,,,,,,,,,,,,,,,,,,,,,,,,,,,,,,1,
0,15,28,"{'x': 388.6033336712151, 'y': 635.6535302775351, 'elapsedTime': 72970}",936764447908,5222851167,POINT (0.2023975696204245 0.5885680835903102),,,,,,,,,,,,,,,,,,,,,,,,,,,,,,,,,,,,,,,,,,,,,,,,,,,,,,,,,,,,,,,,,,,,,,,,,,,,,,,,,,,,,,,,,,,,,,,,,,,,1,
0,15,28,"{'x': 388.6033336712151, 'y': 635.6535302775351, 'elapsedTime': 72970}",936764464581,5222867839,POINT (0.2023975696204245 0.5885680835903102),,,,,,,,,,,,,,,,,,,,,,,,,,,,,,,,,,,,,,,,,,,,,,,,,,,,,,,,,,,,,,,,,,,,,,,,,,,,,,,,,,,,,,,,,,,,,,,,,,,,1,
0,15,28,"{'x': 369.4628512931684, 'y': 674.8156294876666, 'elapsedTime': 73015.20000004768}",936764481247,5222884505,POINT (0.1924285683818585 0.6248292865626542),,,,,,,,,,,,,,,,,,,,,,,,,,,,,,,,,,,,,,,,,,,,,,,,,,,,,,,,,,,,,,,,,,,,,,,,,,,,,,,,,,,,,,,,,,,,,,,,,,,,,1
0,15,28,"{'x': 369.4628512931684, 'y': 674.8156294876666, 'elapsedTime': 73015.20000004768}",936764497915,5222901172,POINT (0.1924285683818585 0.6248292865626542),,,,,,,,,,,,,,,,,,,,,,,,,,,,,,,,,,,,,,,,,,,,,,,,,,,,,,,,,,,,,,,,,,,,,,,,,,,,,,,,,,,,,,,,,,,,,,,,,,,,,1
0,15,28,"{'x': 393.6991620575752, 'y': 661.421610099394, 'elapsedTime': 73061.80000007153}",936764514582,5222917839,POINT (0.2050516469049871 0.6124274167586982),,,,,,,,,,,,,,,,,,,,,,,,,,,,,,,,,,,,,,,,,,,,,,,,,,,,,,,,,,,,,,,,,,,,,,,,,,,,,,,,,,,,,,,,,,,,,,,,,,,,,1
0,15,28,"{'x': 393.6991620575752, 'y': 661.421610099394, 'elapsedTime': 73061.80000007153}",936764531249,5222934505,POINT (0.2050516469049871 0.6124274167586982),,,,,,,,,,,,,,,,,,,,,,,,,,,,,,,,,,,,,,,,,,,,,,,,,,,,,,,,,,,,,,,,,,,,,,,,,,,,,,,,,,,,,,,,,,,,,,,,,,,,,1
0,15,28,"{'x': 393.6991620575752, 'y': 661.421610099394, 'elapsedTime': 73061.80000007153}",936764547916,5222951172,POINT (0.2050516469049871 0.6124274167586982),,,,,,,,,,,,,,,,,,,,,,,,,,,,,,,,,,,,,,,,,,,,,,,,,,,,,,,,,,,,,,,,,,,,,,,,,,,,,,,,,,,,,,,,,,,,,,,,,,,,,1
0,15,28,"{'x': 396.18250384207454, 'y': 623.9581106009847, 'elapsedTime': 73106.80000007153}",936764564586,5222967841,POINT (0.2063450540844138 0.5777389912972081),,,,,,,,,,,,,,,,,,,,,,,,,,,,,,,,,,,,,,,,,,,,,,,,,,,,,,,,,,,,,,,,,,,,,,,,,,,,,,,,,,,,,,,,,,,,,,,,,,,,1,
0,15,28,"{'x': 396.18250384207454, 'y': 623.9581106009847, 'elapsedTime': 73106.80000007153}",936764581256,5222984511,POINT (0.2063450540844138 0.5777389912972081),,,,,,,,,,,,,,,,,,,,,,,,,,,,,,,,,,,,,,,,,,,,,,,,,,,,,,,,,,,,,,,,,,,,,,,,,,,,,,,,,,,,,,,,,,,,,,,,,,,,1,
0,15,28,"{'x': 396.18250384207454, 'y': 623.9581106009847, 'elapsedTime': 73106.80000007153}",936764597924,5223001178,POINT (0.2063450540844138 0.5777389912972081),,,,,,,,,,,,,,,,,,,,,,,,,,,,,,,,,,,,,,,,,,,,,,,,,,,,,,,,,,,,,,,,,,,,,,,,,,,,,,,,,,,,,,,,,,,,,,,,,,,,1,
0,15,28,"{'x': 447.2670994460948, 'y': 626.5779164438518, 'elapsedTime': 73151.30000007153}",936764614592,5223017845,POINT (0.232951614294841 0.5801647374480109),,,,,,,,,,,,,,,,,,,,,,,,,,,,,,,,,,,,,,,,,,,,,,,,,,,,,,,,,,,,,,,,,,,,,,,,,,,,,,,,,,,,,,,,,,,,,,,,,,,,1,
0,15,28,"{'x': 447.2670994460948, 'y': 626.5779164438518, 'elapsedTime': 73151.30000007153}",936764631258,5223034511,POINT (0.232951614294841 0.5801647374480109),,,,,,,,,,,,,,,,,,,,,,,,,,,,,,,,,,,,,,,,,,,,,,,,,,,,,,,,,,,,,,,,,,,,,,,,,,,,,,,,,,,,,,,,,,,,,,,,,,,,1,
0,15,28,"{'x': 447.2670994460948, 'y': 626.5779164438518, 'elapsedTime': 73151.30000007153}",936764647926,5223051178,POINT (0.232951614294841 0.5801647374480109),,,,,,,,,,,,,,,,,,,,,,,,,,,,,,,,,,,,,,,,,,,,,,,,,,,,,,,,,,,,,,,,,,,,,,,,,,,,,,,,,,,,,,,,,,,,,,,,,,,,1,
0,15,28,"{'x': 497.8703722476151, 'y': 630.6943707783842, 'elapsedTime': 73198.20000004768}",936764664593,5223067845,POINT (0.2593074855456329 0.5839762692392446),,,,,,,,,,,,,,,,,,,,,,,,,,,,,,,,,,,,,,,,,,,,,,,,,,,,,,,,,,,,,,,,,,,,,,,,,,,,,,,,,,,,,,,,,,,,,,,,,,,,1,
0,15,28,"{'x': 497.8703722476151, 'y': 630.6943707783842, 'elapsedTime': 73198.20000004768}",936764681260,5223084511,POINT (0.2593074855456329 0.5839762692392446),,,,,,,,,,,,,,,,,,,,,,,,,,,,,,,,,,,,,,,,,,,,,,,,,,,,,,,,,,,,,,,,,,,,,,,,,,,,,,,,,,,,,,,,,,,,,,,,,,,,1,
0,15,28,"{'x': 497.8703722476151, 'y': 630.6943707783842, 'elapsedTime': 73198.20000004768}",936764697928,5223101178,POINT (0.2593074855456329 0.5839762692392446),,,,,,,,,,,,,,,,,,,,,,,,,,,,,,,,,,,,,,,,,,,,,,,,,,,,,,,,,,,,,,,,,,,,,,,,,,,,,,,,,,,,,,,,,,,,,,,,,,,,1,
0,15,28,"{'x': 488.50075717991007, 'y': 567.3545207539601, 'elapsedTime': 73243.70000004768}",936764714600,5223117850,POINT (0.2544274776978698 0.5253282599573704),,,,,,,,,,,,,,,,,,,,,,,,,,,,,,,,,,,,,,,,,,,,,,,,,,,,,,,,,,,,,,,,,,,,,,,,,,,,,,,,,,,,,,,,,,,,,,,,,,,,,
0,15,28,"{'x': 488.50075717991007, 'y': 567.3545207539601, 'elapsedTime': 73243.70000004768}",936764731267,5223134516,POINT (0.2544274776978698 0.5253282599573704),,,,,,,,,,,,,,,,,,,,,,,,,,,,,,,,,,,,,,,,,,,,,,,,,,,,,,,,,,,,,,,,,,,,,,,,,,,,,,,,,,,,,,,,,,,,,,,,,,,,,
0,15,28,"{'x': 529.2142276470308, 'y': 485.4717655765029, 'elapsedTime': 73290.10000002384}",936764747934,5223151183,POINT (0.2756324102328286 0.4495108940523175),,,,,,,,,,,,,,,,,,,,,,,,,,,,,,,,,,,,,,,,,,,,,,,,,,,,,,,,,,,,,,,,,,,,,,,,,,,,,,,,,,,,,,,,,,,,,,,,,,,,,
0,15,28,"{'x': 529.2142276470308, 'y': 485.4717655765029, 'elapsedTime': 73290.10000002384}",936764764602,5223167850,POINT (0.2756324102328286 0.4495108940523175),,,,,,,,,,,,,,,,,,,,,,,,,,,,,,,,,,,,,,,,,,,,,,,,,,,,,,,,,,,,,,,,,,,,,,,,,,,,,,,,,,,,,,,,,,,,,,,,,,,,,
0,15,28,"{'x': 529.2142276470308, 'y': 485.4717655765029, 'elapsedTime': 73290.10000002384}",936764781268,5223184516,POINT (0.2756324102328286 0.4495108940523175),,,,,,,,,,,,,,,,,,,,,,,,,,,,,,,,,,,,,,,,,,,,,,,,,,,,,,,,,,,,,,,,,,,,,,,,,,,,,,,,,,,,,,,,,,,,,,,,,,,,,
0,15,28,"{'x': 502.99750843041545, 'y': 450.26668616980845, 'elapsedTime': 73335.80000007153}",936764797935,5223201182,POINT (0.2619778689741747 0.4169135983053782),,,,,,,,,,,,,,,,,,,,,,,,,,,,,,,,,,,,,,,,,,,,,,,,,,,,,,,,,,,,,,,,,,,,,,,,,,,,,,,,,,,,,,,,,,,,,,,,,,,,,
0,15,28,"{'x': 502.99750843041545, 'y': 450.26668616980845, 'elapsedTime': 73335.80000007153}",936764814602,5223217849,POINT (0.2619778689741747 0.4169135983053782),,,,,,,,,,,,,,,,,,,,,,,,,,,,,,,,,,,,,,,,,,,,,,,,,,,,,,,,,,,,,,,,,,,,,,,,,,,,,,,,,,,,,,,,,,,,,,,,,,,,,
0,15,28,"{'x': 502.99750843041545, 'y': 450.26668616980845, 'elapsedTime': 73335.80000007153}",936764831270,5223234516,POINT (0.2619778689741747 0.4169135983053782),,,,,,,,,,,,,,,,,,,,,,,,,,,,,,,,,,,,,,,,,,,,,,,,,,,,,,,,,,,,,,,,,,,,,,,,,,,,,,,,,,,,,,,,,,,,,,,,,,,,,
0,15,28,"{'x': 546.1098372949856, 'y': 444.29242423319045, 'elapsedTime': 73380}",936764847941,5223251187,POINT (0.2844322069244717 0.4113818742899912),,,,,,,,,,,,,,,,,,,,,,,,,,,,,,,,,,,,,,,,,,,,,,,,,,,,,,,,,,,,,,,,,,,,,,,,,,,,,,,,,,,,,,,,,,,,,,,,,,,,,
0,15,28,"{'x': 546.1098372949856, 'y': 444.29242423319045, 'elapsedTime': 73380}",936764864609,5223267854,POINT (0.2844322069244717 0.4113818742899912),,,,,,,,,,,,,,,,,,,,,,,,,,,,,,,,,,,,,,,,,,,,,,,,,,,,,,,,,,,,,,,,,,,,,,,,,,,,,,,,,,,,,,,,,,,,,,,,,,,,,
0,15,28,"{'x': 546.1098372949856, 'y': 444.29242423319045, 'elapsedTime': 73380}",936764881276,5223284520,POINT (0.2844322069244717 0.4113818742899912),,,,,,,,,,,,,,,,,,,,,,,,,,,,,,,,,,,,,,,,,,,,,,,,,,,,,,,,,,,,,,,,,,,,,,,,,,,,,,,,,,,,,,,,,,,,,,,,,,,,,
0,15,28,"{'x': 471.49605625391575, 'y': 558.7725371204943, 'elapsedTime': 73427}",936764897942,5223301186,POINT (0.2455708626322478 0.5173819788152726),,,,,,,,,,,,,,,,,,,,,,,,,,,,,,,,,,,,,,,,,,,,,,,,,,,,,,,,,,,,,,,,,,,,,,,,,,,,,,,,,,,,,,,,,,,,,,,,,,,,,
0,15,28,"{'x': 471.49605625391575, 'y': 558.7725371204943, 'elapsedTime': 73427}",936764914610,5223317853,POINT (0.2455708626322478 0.5173819788152726),,,,,,,,,,,,,,,,,,,,,,,,,,,,,,,,,,,,,,,,,,,,,,,,,,,,,,,,,,,,,,,,,,,,,,,,,,,,,,,,,,,,,,,,,,,,,,,,,,,,,
0,15,28,"{'x': 471.49605625391575, 'y': 558.7725371204943, 'elapsedTime': 73427}",936764931277,5223334520,POINT (0.2455708626322478 0.5173819788152726),,,,,,,,,,,,,,,,,,,,,,,,,,,,,,,,,,,,,,,,,,,,,,,,,,,,,,,,,,,,,,,,,,,,,,,,,,,,,,,,,,,,,,,,,,,,,,,,,,,,,
0,15,28,"{'x': 415.6902468189308, 'y': 691.6865741943088, 'elapsedTime': 73477.20000004768}",936764947945,5223351187,POINT (0.2165053368848598 0.6404505316613971),,,,,,,,,,,,,,,,,,,,,,,,,,,,,,,,,,,,,,,,,,,,,,,,,,,,,,,,,,,,,,,,,,,,,,,,,,,,,,,,,,,,,,,,,,,,,,,,,,,,,1
0,15,28,"{'x': 415.6902468189308, 'y': 691.6865741943088, 'elapsedTime': 73477.20000004768}",936764964611,5223367853,POINT (0.2165053368848598 0.6404505316613971),,,,,,,,,,,,,,,,,,,,,,,,,,,,,,,,,,,,,,,,,,,,,,,,,,,,,,,,,,,,,,,,,,,,,,,,,,,,,,,,,,,,,,,,,,,,,,,,,,,,,1
0,15,28,"{'x': 467.022069207271, 'y': 652.490707231229, 'elapsedTime': 73524.30000007153}",936764981282,5223384523,POINT (0.2432406610454536 0.6041580622511379),,,,,,,,,,,,,,,,,,,,,,,,,,,,,,,,,,,,,,,,,,,,,,,,,,,,,,,,,,,,,,,,,,,,,,,,,,,,,,,,,,,,,,,,,,,,,,,,,,,,,
0,15,28,"{'x': 467.022069207271, 'y': 652.490707231229, 'elapsedTime': 73524.30000007153}",936764997948,5223401189,POINT (0.2432406610454536 0.6041580622511379),,,,,,,,,,,,,,,,,,,,,,,,,,,,,,,,,,,,,,,,,,,,,,,,,,,,,,,,,,,,,,,,,,,,,,,,,,,,,,,,,,,,,,,,,,,,,,,,,,,,,
0,15,28,"{'x': 467.022069207271, 'y': 652.490707231229, 'elapsedTime': 73524.30000007153}",936765014616,5223417856,POINT (0.2432406610454536 0.6041580622511379),,,,,,,,,,,,,,,,,,,,,,,,,,,,,,,,,,,,,,,,,,,,,,,,,,,,,,,,,,,,,,,,,,,,,,,,,,,,,,,,,,,,,,,,,,,,,,,,,,,,,
0,15,28,"{'x': 467.022069207271, 'y': 652.490707231229, 'elapsedTime': 73524.30000007153}",936765031283,5223434523,POINT (0.2432406610454536 0.6041580622511379),,,,,,,,,,,,,,,,,,,,,,,,,,,,,,,,,,,,,,,,,,,,,,,,,,,,,,,,,,,,,,,,,,,,,,,,,,,,,,,,,,,,,,,,,,,,,,,,,,,,,
0,15,28,"{'x': 571.5432784204293, 'y': 619.2154324548542, 'elapsedTime': 73569.30000007153}",936765047950,5223451189,POINT (0.2976787908439736 0.5733476226433835),,,,,,,,,,,,,,,,,,,,,,,,,,,,,,,,,,,,,,,,,,,,,,,,,,,,,,,,,,,,,,,,,,,,,,,,,,,,,,,,,,,,,,,,,,,,,,,,,,,,1,
0,15,28,"{'x': 571.5432784204293, 'y': 619.2154324548542, 'elapsedTime': 73569.30000007153}",936765064617,5223467856,POINT (0.2976787908439736 0.5733476226433835),,,,,,,,,,,,,,,,,,,,,,,,,,,,,,,,,,,,,,,,,,,,,,,,,,,,,,,,,,,,,,,,,,,,,,,,,,,,,,,,,,,,,,,,,,,,,,,,,,,,1,
0,15,28,"{'x': 571.5432784204293, 'y': 619.2154324548542, 'elapsedTime': 73569.30000007153}",936765081285,5223484523,POINT (0.2976787908439736 0.5733476226433835),,,,,,,,,,,,,,,,,,,,,,,,,,,,,,,,,,,,,,,,,,,,,,,,,,,,,,,,,,,,,,,,,,,,,,,,,,,,,,,,,,,,,,,,,,,,,,,,,,,,1,
0,15,28,"{'x': 624.3951552387497, 'y': 609.5619866756883, 'elapsedTime': 73631.80000007153}",936765097952,5223501190,POINT (0.3252058100201821 0.5644092469219336),,,,,,,,,,,,,,,,,,,,,,,,,,,,,,,,,,,,,,,,,,,,,,,,,,,,,,,,,,,,,,,,,,,,,,,,,,,,,,,,,,,,,,,,,,,,,,,,,,,,1,
0,15,28,"{'x': 624.3951552387497, 'y': 609.5619866756883, 'elapsedTime': 73631.80000007153}",936765114627,5223517863,POINT (0.3252058100201821 0.5644092469219336),,,,,,,,,,,,,,,,,,,,,,,,,,,,,,,,,,,,,,,,,,,,,,,,,,,,,,,,,,,,,,,,,,,,,,,,,,,,,,,,,,,,,,,,,,,,,,,,,,,,1,
0,15,28,"{'x': 624.3951552387497, 'y': 609.5619866756883, 'elapsedTime': 73631.80000007153}",936765131294,5223534530,POINT (0.3252058100201821 0.5644092469219336),,,,,,,,,,,,,,,,,,,,,,,,,,,,,,,,,,,,,,,,,,,,,,,,,,,,,,,,,,,,,,,,,,,,,,,,,,,,,,,,,,,,,,,,,,,,,,,,,,,,1,
0,15,28,"{'x': 797.1700628015725, 'y': 573.6715084126638, 'elapsedTime': 73677.89999997616}",936765147961,5223551196,POINT (0.4151927410424857 0.5311773226043184),,,,,,,,,,,,,,,,,,,,,,,,,,,,,,,,,,,,,,,,,,,,,,,,,,,,,,,,,,,,,,,,,,,,,,,,,,,,,,,,,,,,,,,,,,,,,,,,,,,,1,
0,15,28,"{'x': 797.1700628015725, 'y': 573.6715084126638, 'elapsedTime': 73677.89999997616}",936765164628,5223567863,POINT (0.4151927410424857 0.5311773226043184),,,,,,,,,,,,,,,,,,,,,,,,,,,,,,,,,,,,,,,,,,,,,,,,,,,,,,,,,,,,,,,,,,,,,,,,,,,,,,,,,,,,,,,,,,,,,,,,,,,,1,
0,15,28,"{'x': 887.4801955097737, 'y': 525.6967597734825, 'elapsedTime': 73725.20000004768}",936765181296,5223584530,POINT (0.4622292684946738 0.4867562590495209),,,,,,,,,,,,,,,,,,,,,,,,,,,,,,,,,,,,,,,,,,,,,,,,,,,,,,,,,,,,,,,,,,,,,,,,,,,,,,,,,,,,,,,,,,,,,,,,,,,,1,
0,15,28,"{'x': 887.4801955097737, 'y': 525.6967597734825, 'elapsedTime': 73725.20000004768}",936765197962,5223601196,POINT (0.4622292684946738 0.4867562590495209),,,,,,,,,,,,,,,,,,,,,,,,,,,,,,,,,,,,,,,,,,,,,,,,,,,,,,,,,,,,,,,,,,,,,,,,,,,,,,,,,,,,,,,,,,,,,,,,,,,,1,
0,15,28,"{'x': 887.4801955097737, 'y': 525.6967597734825, 'elapsedTime': 73725.20000004768}",936765214630,5223617863,POINT (0.4622292684946738 0.4867562590495209),,,,,,,,,,,,,,,,,,,,,,,,,,,,,,,,,,,,,,,,,,,,,,,,,,,,,,,,,,,,,,,,,,,,,,,,,,,,,,,,,,,,,,,,,,,,,,,,,,,,1,
0,15,28,"{'x': 866.3502501231585, 'y': 589.3050965526161, 'elapsedTime': 73774.5}",936765231296,5223634529,POINT (0.4512240886058117 0.5456528671783483),,,,,,,,,,,,,,,,,,,,,,,,,,,,,,,,,,,,,,,,,,,,,,,,,,,,,,,,,,,,,,,,,,,,,,,,,,,,,,,,,,,,,,,,,,,,,,,,,,,,1,
0,15,28,"{'x': 866.3502501231585, 'y': 589.3050965526161, 'elapsedTime': 73774.5}",936765247969,5223651201,POINT (0.4512240886058117 0.5456528671783483),,,,,,,,,,,,,,,,,,,,,,,,,,,,,,,,,,,,,,,,,,,,,,,,,,,,,,,,,,,,,,,,,,,,,,,,,,,,,,,,,,,,,,,,,,,,,,,,,,,,1,
0,15,28,"{'x': 866.3502501231585, 'y': 589.3050965526161, 'elapsedTime': 73774.5}",936765264636,5223667868,POINT (0.4512240886058117 0.5456528671783483),,,,,,,,,,,,,,,,,,,,,,,,,,,,,,,,,,,,,,,,,,,,,,,,,,,,,,,,,,,,,,,,,,,,,,,,,,,,,,,,,,,,,,,,,,,,,,,,,,,,1,
0,15,28,"{'x': 794.1685508298442, 'y': 588.8921653693034, 'elapsedTime': 73820.39999997616}",936765281304,5223684535,POINT (0.4136294535572105 0.5452705234900957),,,,,,,,,,,,,,,,,,,,,,,,,,,,,,,,,,,,,,,,,,,,,,,,,,,,,,,,,,,,,,,,,,,,,,,,,,,,,,,,,,,,,,,,,,,,,,,,,,,,1,
0,15,28,"{'x': 794.1685508298442, 'y': 588.8921653693034, 'elapsedTime': 73820.39999997616}",936765297970,5223701201,POINT (0.4136294535572105 0.5452705234900957),,,,,,,,,,,,,,,,,,,,,,,,,,,,,,,,,,,,,,,,,,,,,,,,,,,,,,,,,,,,,,,,,,,,,,,,,,,,,,,,,,,,,,,,,,,,,,,,,,,,1,
0,15,28,"{'x': 794.1685508298442, 'y': 588.8921653693034, 'elapsedTime': 73820.39999997616}",936765314629,5223717859,POINT (0.4136294535572105 0.5452705234900957),,,,,,,,,,,,,,,,,,,,,,,,,,,,,,,,,,,,,,,,,,,,,,,,,,,,,,,,,,,,,,,,,,,,,,,,,,,,,,,,,,,,,,,,,,,,,,,,,,,,1,
0,15,28,"{'x': 855.4041539268701, 'y': 564.4970428620405, 'elapsedTime': 73868.60000002384}",936765331305,5223734535,POINT (0.4455229968369115 0.522682447094482),,,,,,,,,,,,,,,,,,,,,,,,,,,,,,,,,,,,,,,,,,,,,,,,,,,,,,,,,,,,,,,,,,,,,,,,,,,,,,,,,,,,,,,,,,,,,,,,,,,,1,
0,15,28,"{'x': 855.4041539268701, 'y': 564.4970428620405, 'elapsedTime': 73868.60000002384}",936765347973,5223751202,POINT (0.4455229968369115 0.522682447094482),,,,,,,,,,,,,,,,,,,,,,,,,,,,,,,,,,,,,,,,,,,,,,,,,,,,,,,,,,,,,,,,,,,,,,,,,,,,,,,,,,,,,,,,,,,,,,,,,,,,1,
0,15,28,"{'x': 855.4041539268701, 'y': 564.4970428620405, 'elapsedTime': 73868.60000002384}",936765364640,5223767868,POINT (0.4455229968369115 0.522682447094482),,,,,,,,,,,,,,,,,,,,,,,,,,,,,,,,,,,,,,,,,,,,,,,,,,,,,,,,,,,,,,,,,,,,,,,,,,,,,,,,,,,,,,,,,,,,,,,,,,,,1,
0,15,28,"{'x': 855.4041539268701, 'y': 564.4970428620405, 'elapsedTime': 73868.60000002384}",936765381311,5223784539,POINT (0.4455229968369115 0.522682447094482),,,,,,,,,,,,,,,,,,,,,,,,,,,,,,,,,,,,,,,,,,,,,,,,,,,,,,,,,,,,,,,,,,,,,,,,,,,,,,,,,,,,,,,,,,,,,,,,,,,,1,
0,15,28,"{'x': 808.942443929233, 'y': 530.2257931583862, 'elapsedTime': 73924.70000004768}",936765397979,5223801206,POINT (0.4213241895464756 0.4909498084799872),,,,,,,,,,,,,,,,,,,,,,,,,,,,,,,,,,,,,,,,,,,,,,,,,,,,,,,,,,,,,,,,,,,,,,,,,,,,,,,,,,,,,,,,,,,,,,,,,,,,1,
0,15,28,"{'x': 808.942443929233, 'y': 530.2257931583862, 'elapsedTime': 73924.70000004768}",936765414647,5223817873,POINT (0.4213241895464756 0.4909498084799872),,,,,,,,,,,,,,,,,,,,,,,,,,,,,,,,,,,,,,,,,,,,,,,,,,,,,,,,,,,,,,,,,,,,,,,,,,,,,,,,,,,,,,,,,,,,,,,,,,,,1,
0,15,28,"{'x': 808.942443929233, 'y': 530.2257931583862, 'elapsedTime': 73924.70000004768}",936765431314,5223834540,POINT (0.4213241895464756 0.4909498084799872),,,,,,,,,,,,,,,,,,,,,,,,,,,,,,,,,,,,,,,,,,,,,,,,,,,,,,,,,,,,,,,,,,,,,,,,,,,,,,,,,,,,,,,,,,,,,,,,,,,,1,
0,15,28,"{'x': 836.2012539733192, 'y': 430.9438780355246, 'elapsedTime': 73976.89999997616}",936765447981,5223851206,POINT (0.4355214864444371 0.3990221092921524),,,,,,,,,,,,,,,,,,,,,,,,,,,,,,,,,,,,,,,,,,,,,,,,,,,,,,,,,,,,,,,,,,,,,,,,,,,,,,,,,,,,,,,,,,,,,,,,,,,,,
0,15,28,"{'x': 836.2012539733192, 'y': 430.9438780355246, 'elapsedTime': 73976.89999997616}",936765464648,5223867873,POINT (0.4355214864444371 0.3990221092921524),,,,,,,,,,,,,,,,,,,,,,,,,,,,,,,,,,,,,,,,,,,,,,,,,,,,,,,,,,,,,,,,,,,,,,,,,,,,,,,,,,,,,,,,,,,,,,,,,,,,,
0,15,28,"{'x': 947.2789076045477, 'y': 317.76915559563344, 'elapsedTime': 74023.10000002384}",936765481307,5223884531,POINT (0.4933744310440353 0.2942306996255865),,,,,,,,,,,,,,,,,,,,,,,,,,,,,,,,,,,,,,,,,,,,,,,,,,,,,,,,,,,,,,,,,,,,,,,,,,,,,,,,,,,,,,,,,,,,,,,,,,,1,1,
0,15,28,"{'x': 947.2789076045477, 'y': 317.76915559563344, 'elapsedTime': 74023.10000002384}",936765497976,5223901200,POINT (0.4933744310440353 0.2942306996255865),,,,,,,,,,,,,,,,,,,,,,,,,,,,,,,,,,,,,,,,,,,,,,,,,,,,,,,,,,,,,,,,,,,,,,,,,,,,,,,,,,,,,,,,,,,,,,,,,,,1,1,
0,15,28,"{'x': 947.2789076045477, 'y': 317.76915559563344, 'elapsedTime': 74023.10000002384}",936765514652,5223917875,POINT (0.4933744310440353 0.2942306996255865),,,,,,,,,,,,,,,,,,,,,,,,,,,,,,,,,,,,,,,,,,,,,,,,,,,,,,,,,,,,,,,,,,,,,,,,,,,,,,,,,,,,,,,,,,,,,,,,,,,1,1,
0,15,28,"{'x': 1024.7390511719886, 'y': 274.9564139959543, 'elapsedTime': 74071.30000007153}",936765531319,5223934542,POINT (0.5337182558187441 0.2545892722184762),,,,,,,,,,,,,,,,,,,,,,,,,,,,,,,,,,,,,,,,,,,,,,,,,,,,,,,,,,,,,,,,,,,,,,,,,,,,,,,,,,,,,,,,,,,,,,,,,,,1,1,
0,15,28,"{'x': 1024.7390511719886, 'y': 274.9564139959543, 'elapsedTime': 74071.30000007153}",936765547977,5223951199,POINT (0.5337182558187441 0.2545892722184762),,,,,,,,,,,,,,,,,,,,,,,,,,,,,,,,,,,,,,,,,,,,,,,,,,,,,,,,,,,,,,,,,,,,,,,,,,,,,,,,,,,,,,,,,,,,,,,,,,,1,1,
0,15,28,"{'x': 1024.7390511719886, 'y': 274.9564139959543, 'elapsedTime': 74071.30000007153}",936765564644,5223967866,POINT (0.5337182558187441 0.2545892722184762),,,,,,,,,,,,,,,,,,,,,,,,,,,,,,,,,,,,,,,,,,,,,,,,,,,,,,,,,,,,,,,,,,,,,,,,,,,,,,,,,,,,,,,,,,,,,,,,,,,1,1,
0,15,28,"{'x': 1057.9179548963161, 'y': 220.49367314524468, 'elapsedTime': 74122.80000007153}",936765581321,5223984542,POINT (0.5509989348418313 0.2041608084678191),,,,,,,,,,,,,,,,,,,,,,,,,,,,,,,,,,,,,,,,,1,,,,,,,,,,,,,,,,,,,,,,,,,,,,,,,,,,,,,,,,,,,,,,,,,,,,,,,,,,1,,
0,15,28,"{'x': 1057.9179548963161, 'y': 220.49367314524468, 'elapsedTime': 74122.80000007153}",936765597979,5224001200,POINT (0.5509989348418313 0.2041608084678191),,,,,,,,,,,,,,,,,,,,,,,,,,,,,,,,,,,,,,,,,1,,,,,,,,,,,,,,,,,,,,,,,,,,,,,,,,,,,,,,,,,,,,,,,,,,,,,,,,,,1,,
0,15,28,"{'x': 1057.9179548963161, 'y': 220.49367314524468, 'elapsedTime': 74122.80000007153}",936765614655,5224017875,POINT (0.5509989348418313 0.2041608084678191),,,,,,,,,,,,,,,,,,,,,,,,,,,,,,,,,,,,,,,,,1,,,,,,,,,,,,,,,,,,,,,,,,,,,,,,,,,,,,,,,,,,,,,,,,,,,,,,,,,,1,,
0,15,28,"{'x': 980.977863013079, 'y': 293.92750368335595, 'elapsedTime': 74173}",936765631328,5224034547,POINT (0.510925970319312 0.2721550960031074),,,,,,,,,,,,,,,,,,,,,,,,,,,,,,,,,,,,,,,,,,,,,,,,,,,,,,,,,,,,,,,,,,,,,,,,,,,,,,,,,,,,,,,1,,,,,,,,,,,,1,1,
0,15,28,"{'x': 980.977863013079, 'y': 293.92750368335595, 'elapsedTime': 74173}",936765647986,5224051205,POINT (0.510925970319312 0.2721550960031074),,,,,,,,,,,,,,,,,,,,,,,,,,,,,,,,,,,,,,,,,,,,,,,,,,,,,,,,,,,,,,,,,,,,,,,,,,,,,,,,,,,,,,,1,,,,,,,,,,,,1,1,
0,15,28,"{'x': 980.977863013079, 'y': 293.92750368335595, 'elapsedTime': 74173}",936765664663,5224067881,POINT (0.510925970319312 0.2721550960031074),,,,,,,,,,,,,,,,,,,,,,,,,,,,,,,,,,,,,,,,,,,,,,,,,,,,,,,,,,,,,,,,,,,,,,,,,,,,,,,,,,,,,,,1,,,,,,,,,,,,1,1,
0,15,28,"{'x': 980.977863013079, 'y': 293.92750368335595, 'elapsedTime': 74173}",936765681331,5224084548,POINT (0.510925970319312 0.2721550960031074),,,,,,,,,,,,,,,,,,,,,,,,,,,,,,,,,,,,,,,,,,,,,,,,,,,,,,,,,,,,,,,,,,,,,,,,,,,,,,,,,,,,,,,1,,,,,,,,,,,,1,1,
0,15,28,"{'x': 844.8165790609003, 'y': 314.3827901499652, 'elapsedTime': 74229.89999997616}",936765697997,5224101214,POINT (0.4400086349275522 0.2910951760647826),,,,,,,,,,,,,,,,,,,,,,,,,,,,,,,,,,,,,,,,,,,,,,,,,,,,,,,,,,,,,,,,,,,,,,,,,,,,,,,,,,,,,,,,,,,,,,,,,,,1,1,
0,15,28,"{'x': 844.8165790609003, 'y': 314.3827901499652, 'elapsedTime': 74229.89999997616}",936765714664,5224117880,POINT (0.4400086349275522 0.2910951760647826),,,,,,,,,,,,,,,,,,,,,,,,,,,,,,,,,,,,,,,,,,,,,,,,,,,,,,,,,,,,,,,,,,,,,,,,,,,,,,,,,,,,,,,,,,,,,,,,,,,1,1,
0,15,28,"{'x': 844.8165790609003, 'y': 314.3827901499652, 'elapsedTime': 74229.89999997616}",936765731331,5224134547,POINT (0.4400086349275522 0.2910951760647826),,,,,,,,,,,,,,,,,,,,,,,,,,,,,,,,,,,,,,,,,,,,,,,,,,,,,,,,,,,,,,,,,,,,,,,,,,,,,,,,,,,,,,,,,,,,,,,,,,,1,1,
0,15,28,"{'x': 810.4945091542154, 'y': 272.45776282348675, 'elapsedTime': 74279.89999997616}",936765747999,5224151214,POINT (0.4221325568511539 0.2522757063180433),,,,,,,,,,,,,,,,,,,,,,,,,,,,,,,,,,,,,,,,,,,,,,,,,,,,,,,,,,,,,,,,,,,,,,,,,,,,,,,,,,,,,,,,,,,,,,,,,,,1,1,
0,15,28,"{'x': 810.4945091542154, 'y': 272.45776282348675, 'elapsedTime': 74279.89999997616}",936765764671,5224167886,POINT (0.4221325568511539 0.2522757063180433),,,,,,,,,,,,,,,,,,,,,,,,,,,,,,,,,,,,,,,,,,,,,,,,,,,,,,,,,,,,,,,,,,,,,,,,,,,,,,,,,,,,,,,,,,,,,,,,,,,1,1,
0,15,28,"{'x': 842.3686451761145, 'y': 248.50022617923787, 'elapsedTime': 74325}",936765781339,5224184553,POINT (0.4387336693625596 0.2300928020178128),,,,,,,,,,,,,,,,,,,,,,,,,,,,,,,,,,,,,,,,,,,,,,,,,,,,,,,,,,,,1,,,,,,,,,,,,,,,,,,,,,,,,,,,,,,,,,,,,,,,,1,
0,15,28,"{'x': 842.3686451761145, 'y': 248.50022617923787, 'elapsedTime': 74325}",936765798005,5224201219,POINT (0.4387336693625596 0.2300928020178128),,,,,,,,,,,,,,,,,,,,,,,,,,,,,,,,,,,,,,,,,,,,,,,,,,,,,,,,,,,,1,,,,,,,,,,,,,,,,,,,,,,,,,,,,,,,,,,,,,,,,1,
0,15,28,"{'x': 842.3686451761145, 'y': 248.50022617923787, 'elapsedTime': 74325}",936765814672,5224217885,POINT (0.4387336693625596 0.2300928020178128),,,,,,,,,,,,,,,,,,,,,,,,,,,,,,,,,,,,,,,,,,,,,,,,,,,,,,,,,,,,1,,,,,,,,,,,,,,,,,,,,,,,,,,,,,,,,,,,,,,,,1,
0,15,28,"{'x': 864.8285347929216, 'y': 202.8363082671139, 'elapsedTime': 74376}",936765831340,5224234553,POINT (0.45043152853798 0.187811396543624),,,,,,,,,,,,,,,,,,,,,,,,,,,,,,,,,,,,,,,,,,,,,,,,,,,,,,,,,,,,,,,,,,,,,,,,,,,,,,,,,,,,,,,,,,,,,,,,,,,1,,
0,15,28,"{'x': 864.8285347929216, 'y': 202.8363082671139, 'elapsedTime': 74376}",936765848007,5224251219,POINT (0.45043152853798 0.187811396543624),,,,,,,,,,,,,,,,,,,,,,,,,,,,,,,,,,,,,,,,,,,,,,,,,,,,,,,,,,,,,,,,,,,,,,,,,,,,,,,,,,,,,,,,,,,,,,,,,,,1,,
0,15,28,"{'x': 864.8285347929216, 'y': 202.8363082671139, 'elapsedTime': 74376}",936765864675,5224267886,POINT (0.45043152853798 0.187811396543624),,,,,,,,,,,,,,,,,,,,,,,,,,,,,,,,,,,,,,,,,,,,,,,,,,,,,,,,,,,,,,,,,,,,,,,,,,,,,,,,,,,,,,,,,,,,,,,,,,,1,,
0,15,28,"{'x': 787.0114192851389, 'y': 196.8987343308758, 'elapsedTime': 74422.80000007153}",936765881341,5224284552,POINT (0.4099017808776765 0.1823136428989591),,,,,,,,,,,,,,,,,,,,,,,,,,,,,,,,,,,,,,,,,,,,,,,,,,,,,,,,,,,,,,,,,,,,,,,,,,,,,,,,,,,,,,,,,,,,,,,,,,,1,,
0,15,28,"{'x': 787.0114192851389, 'y': 196.8987343308758, 'elapsedTime': 74422.80000007153}",936765898013,5224301223,POINT (0.4099017808776765 0.1823136428989591),,,,,,,,,,,,,,,,,,,,,,,,,,,,,,,,,,,,,,,,,,,,,,,,,,,,,,,,,,,,,,,,,,,,,,,,,,,,,,,,,,,,,,,,,,,,,,,,,,,1,,
0,15,28,"{'x': 787.0114192851389, 'y': 196.8987343308758, 'elapsedTime': 74422.80000007153}",936765914681,5224317890,POINT (0.4099017808776765 0.1823136428989591),,,,,,,,,,,,,,,,,,,,,,,,,,,,,,,,,,,,,,,,,,,,,,,,,,,,,,,,,,,,,,,,,,,,,,,,,,,,,,,,,,,,,,,,,,,,,,,,,,,1,,
0,15,28,"{'x': 757.808323557353, 'y': 207.6268127327857, 'elapsedTime': 74470.10000002384}",936765931347,5224334556,POINT (0.3946918351861213 0.1922470488266534),,,,,,,,,,,,,,,,,,,,,,,,,,,,,,,,,,,,,,,,,,,,,,,,,,,,,,,,,,,,,,,,,,,,,,,,,,,,,,,,,,,,,,,,,,,,,,,,,,,,,
0,15,28,"{'x': 757.808323557353, 'y': 207.6268127327857, 'elapsedTime': 74470.10000002384}",936765948015,5224351223,POINT (0.3946918351861213 0.1922470488266534),,,,,,,,,,,,,,,,,,,,,,,,,,,,,,,,,,,,,,,,,,,,,,,,,,,,,,,,,,,,,,,,,,,,,,,,,,,,,,,,,,,,,,,,,,,,,,,,,,,,,
0,15,28,"{'x': 757.808323557353, 'y': 207.6268127327857, 'elapsedTime': 74470.10000002384}",936765964681,5224367889,POINT (0.3946918351861213 0.1922470488266534),,,,,,,,,,,,,,,,,,,,,,,,,,,,,,,,,,,,,,,,,,,,,,,,,,,,,,,,,,,,,,,,,,,,,,,,,,,,,,,,,,,,,,,,,,,,,,,,,,,,,
0,15,28,"{'x': 628.9018167280185, 'y': 293.72089230493407, 'elapsedTime': 74523.30000007153}",936765981349,5224384556,POINT (0.327553029545843 0.2719637891712353),,,,,,,,,,,,,,,,,,,,,,,,,,,,,,,,,,,,,,,,,,,,,,,,,,,,,,,,,,,,,,,,,,,,,,,,,,,,,,,,,,,,,,,,,,,,,,,,,,,1,1,
0,15,28,"{'x': 628.9018167280185, 'y': 293.72089230493407, 'elapsedTime': 74523.30000007153}",936765998016,5224401223,POINT (0.327553029545843 0.2719637891712353),,,,,,,,,,,,,,,,,,,,,,,,,,,,,,,,,,,,,,,,,,,,,,,,,,,,,,,,,,,,,,,,,,,,,,,,,,,,,,,,,,,,,,,,,,,,,,,,,,,1,1,
0,15,28,"{'x': 628.9018167280185, 'y': 293.72089230493407, 'elapsedTime': 74523.30000007153}",936766014684,5224417890,POINT (0.327553029545843 0.2719637891712353),,,,,,,,,,,,,,,,,,,,,,,,,,,,,,,,,,,,,,,,,,,,,,,,,,,,,,,,,,,,,,,,,,,,,,,,,,,,,,,,,,,,,,,,,,,,,,,,,,,1,1,
0,15,28,"{'x': 628.9018167280185, 'y': 293.72089230493407, 'elapsedTime': 74523.30000007153}",936766031355,5224434561,POINT (0.327553029545843 0.2719637891712353),,,,,,,,,,,,,,,,,,,,,,,,,,,,,,,,,,,,,,,,,,,,,,,,,,,,,,,,,,,,,,,,,,,,,,,,,,,,,,,,,,,,,,,,,,,,,,,,,,,1,1,
0,15,28,"{'x': 725.9709111016624, 'y': 237.36026542794025, 'elapsedTime': 74577.5}",936766048023,5224451228,POINT (0.3781098495321158 0.2197780235443891),,,,,,,,,,,,,,,,,,,,,,,,,,,,,,,,,,,,1,,,,,,,,,,,,,,,,,,,,,,,,,,,,,,,,,,,,,,,,,,,,,,,,,,,,,,,,,,,,,,,,1,
0,15,28,"{'x': 725.9709111016624, 'y': 237.36026542794025, 'elapsedTime': 74577.5}",936766064689,5224467894,POINT (0.3781098495321158 0.2197780235443891),,,,,,,,,,,,,,,,,,,,,,,,,,,,,,,,,,,,1,,,,,,,,,,,,,,,,,,,,,,,,,,,,,,,,,,,,,,,,,,,,,,,,,,,,,,,,,,,,,,,,1,
0,15,28,"{'x': 725.9709111016624, 'y': 237.36026542794025, 'elapsedTime': 74577.5}",936766081357,5224484561,POINT (0.3781098495321158 0.2197780235443891),,,,,,,,,,,,,,,,,,,,,,,,,,,,,,,,,,,,1,,,,,,,,,,,,,,,,,,,,,,,,,,,,,,,,,,,,,,,,,,,,,,,,,,,,,,,,,,,,,,,,1,
0,15,28,"{'x': 788.348198689914, 'y': 151.07985071847196, 'elapsedTime': 74640.39999997616}",936766098024,5224501228,POINT (0.4105980201509969 0.1398887506652518),,,,,,,,,,,,,,,,,,,,,,,,,,,,,,,,,,,,,,,,,,,,,,,,,,,,,,,,,,,,,,,,,,,,,,,,,,,,,,,,,,,,,,,,,,,,,,,,,,,1,,
0,15,28,"{'x': 788.348198689914, 'y': 151.07985071847196, 'elapsedTime': 74640.39999997616}",936766114692,5224517895,POINT (0.4105980201509969 0.1398887506652518),,,,,,,,,,,,,,,,,,,,,,,,,,,,,,,,,,,,,,,,,,,,,,,,,,,,,,,,,,,,,,,,,,,,,,,,,,,,,,,,,,,,,,,,,,,,,,,,,,,1,,
0,15,28,"{'x': 788.348198689914, 'y': 151.07985071847196, 'elapsedTime': 74640.39999997616}",936766131359,5224534561,POINT (0.4105980201509969 0.1398887506652518),,,,,,,,,,,,,,,,,,,,,,,,,,,,,,,,,,,,,,,,,,,,,,,,,,,,,,,,,,,,,,,,,,,,,,,,,,,,,,,,,,,,,,,,,,,,,,,,,,,1,,
0,15,28,"{'x': 788.348198689914, 'y': 151.07985071847196, 'elapsedTime': 74640.39999997616}",936766148027,5224551228,POINT (0.4105980201509969 0.1398887506652518),,,,,,,,,,,,,,,,,,,,,,,,,,,,,,,,,,,,,,,,,,,,,,,,,,,,,,,,,,,,,,,,,,,,,,,,,,,,,,,,,,,,,,,,,,,,,,,,,,,1,,
0,15,28,"{'x': 815.1483386201518, 'y': 180.58931333028656, 'elapsedTime': 74693.89999997616}",936766164697,5224567898,POINT (0.4245564263646624 0.1672123271576727),,,,,,,,,,,,,,,,,,,,,,,,,,,,,,,,,,,,,,,,,,,,,,,,,,,,,,,,,,,,,,,,,,,,,,,,,,,,,,,,,,,,,,,,,,,,,,,,,,,1,,
0,15,28,"{'x': 815.1483386201518, 'y': 180.58931333028656, 'elapsedTime': 74693.89999997616}",936766181365,5224584565,POINT (0.4245564263646624 0.1672123271576727),,,,,,,,,,,,,,,,,,,,,,,,,,,,,,,,,,,,,,,,,,,,,,,,,,,,,,,,,,,,,,,,,,,,,,,,,,,,,,,,,,,,,,,,,,,,,,,,,,,1,,
0,15,28,"{'x': 815.1483386201518, 'y': 180.58931333028656, 'elapsedTime': 74693.89999997616}",936766198032,5224601232,POINT (0.4245564263646624 0.1672123271576727),,,,,,,,,,,,,,,,,,,,,,,,,,,,,,,,,,,,,,,,,,,,,,,,,,,,,,,,,,,,,,,,,,,,,,,,,,,,,,,,,,,,,,,,,,,,,,,,,,,1,,
0,15,28,"{'x': 748.168246997907, 'y': 168.4988730392075, 'elapsedTime': 74746.5}",936766214699,5224617898,POINT (0.3896709619780766 0.1560174750363032),,,,,,,,,,,,,,,,,,,,,,,,,,,,,,,,,,,,,,,,,,,,,,,,,,,,,,,,,,,,,,,,,,,,,,,,,,,,,,,,,,,,,,,,,,,,,,,,,,,1,,
0,15,28,"{'x': 748.168246997907, 'y': 168.4988730392075, 'elapsedTime': 74746.5}",936766231366,5224634565,POINT (0.3896709619780766 0.1560174750363032),,,,,,,,,,,,,,,,,,,,,,,,,,,,,,,,,,,,,,,,,,,,,,,,,,,,,,,,,,,,,,,,,,,,,,,,,,,,,,,,,,,,,,,,,,,,,,,,,,,1,,
0,15,28,"{'x': 748.168246997907, 'y': 168.4988730392075, 'elapsedTime': 74746.5}",936766248033,5224651231,POINT (0.3896709619780766 0.1560174750363032),,,,,,,,,,,,,,,,,,,,,,,,,,,,,,,,,,,,,,,,,,,,,,,,,,,,,,,,,,,,,,,,,,,,,,,,,,,,,,,,,,,,,,,,,,,,,,,,,,,1,,
0,15,28,"{'x': 711.7234148467613, 'y': 236.39743318196628, 'elapsedTime': 74799.80000007153}",936766264701,5224667899,POINT (0.3706892785660215 0.2188865122055243),,,,,,,,,,,,,,,,,,,,,,,,,,,,,,,,,,,,,,,,,,,,,,,,,,,,,,,,,,,,,,,,,,,,,,,,,,,,,,,,,,,,,,,,,,,,,,,,,,,,1,
0,15,28,"{'x': 711.7234148467613, 'y': 236.39743318196628, 'elapsedTime': 74799.80000007153}",936766281368,5224684565,POINT (0.3706892785660215 0.2188865122055243),,,,,,,,,,,,,,,,,,,,,,,,,,,,,,,,,,,,,,,,,,,,,,,,,,,,,,,,,,,,,,,,,,,,,,,,,,,,,,,,,,,,,,,,,,,,,,,,,,,,1,
0,15,28,"{'x': 711.7234148467613, 'y': 236.39743318196628, 'elapsedTime': 74799.80000007153}",936766298039,5224701236,POINT (0.3706892785660215 0.2188865122055243),,,,,,,,,,,,,,,,,,,,,,,,,,,,,,,,,,,,,,,,,,,,,,,,,,,,,,,,,,,,,,,,,,,,,,,,,,,,,,,,,,,,,,,,,,,,,,,,,,,,1,
0,15,28,"{'x': 725.73069898803, 'y': 225.70444386816047, 'elapsedTime': 74852.30000007153}",936766314707,5224717903,POINT (0.3779847390562656 0.2089855961742227),,,,,,,,,,,,,,,,,,,,,,,,,,,,,,,,,,,,,,,,,,,,,,,,,,,,,,,,,,,,,,,,,,,,,,,,,,,,,,,,,,,,,,,,,,,,,,,,,,,,,
0,15,28,"{'x': 725.73069898803, 'y': 225.70444386816047, 'elapsedTime': 74852.30000007153}",936766331374,5224734570,POINT (0.3779847390562656 0.2089855961742227),,,,,,,,,,,,,,,,,,,,,,,,,,,,,,,,,,,,,,,,,,,,,,,,,,,,,,,,,,,,,,,,,,,,,,,,,,,,,,,,,,,,,,,,,,,,,,,,,,,,,
0,15,28,"{'x': 725.73069898803, 'y': 225.70444386816047, 'elapsedTime': 74852.30000007153}",936766348042,5224751237,POINT (0.3779847390562656 0.2089855961742227),,,,,,,,,,,,,,,,,,,,,,,,,,,,,,,,,,,,,,,,,,,,,,,,,,,,,,,,,,,,,,,,,,,,,,,,,,,,,,,,,,,,,,,,,,,,,,,,,,,,,
0,15,28,"{'x': 748.0569664992208, 'y': 210.6923670315234, 'elapsedTime': 74904.20000004768}",936766364710,5224767904,POINT (0.3896130033850109 0.1950855250291883),,,,,,,,,,,,,,,,,,,,,,,,,,,,,,,,,,,,,,,,,,,,,,,,,,,,,,,,,,,,,,,,,,,,,,,,,,,,,,,,,,,,,,,,,,,,,,,,,,,,,
0,15,28,"{'x': 748.0569664992208, 'y': 210.6923670315234, 'elapsedTime': 74904.20000004768}",936766381377,5224784570,POINT (0.3896130033850109 0.1950855250291883),,,,,,,,,,,,,,,,,,,,,,,,,,,,,,,,,,,,,,,,,,,,,,,,,,,,,,,,,,,,,,,,,,,,,,,,,,,,,,,,,,,,,,,,,,,,,,,,,,,,,
0,15,28,"{'x': 748.0569664992208, 'y': 210.6923670315234, 'elapsedTime': 74904.20000004768}",936766398043,5224801236,POINT (0.3896130033850109 0.1950855250291883),,,,,,,,,,,,,,,,,,,,,,,,,,,,,,,,,,,,,,,,,,,,,,,,,,,,,,,,,,,,,,,,,,,,,,,,,,,,,,,,,,,,,,,,,,,,,,,,,,,,,
0,15,28,"{'x': 549.8486576940338, 'y': 254.98938394717516, 'elapsedTime': 74954.89999997616}",936766414714,5224817906,POINT (0.2863795092156426 0.2361012814325696),,,,,,,,,,,,,,,,,,,,,,,,,,,,,,,,,,,,,,,,,,,,,,,,,,,,,,1,,,,,,,,,,,,,,,,,,,,,,,,,,,,,,,,,,,,,,,,,,,,,,1,
0,15,28,"{'x': 549.8486576940338, 'y': 254.98938394717516, 'elapsedTime': 74954.89999997616}",936766431381,5224834573,POINT (0.2863795092156426 0.2361012814325696),,,,,,,,,,,,,,,,,,,,,,,,,,,,,,,,,,,,,,,,,,,,,,,,,,,,,,1,,,,,,,,,,,,,,,,,,,,,,,,,,,,,,,,,,,,,,,,,,,,,,1,
0,15,28,"{'x': 549.8486576940338, 'y': 254.98938394717516, 'elapsedTime': 74954.89999997616}",936766448049,5224851240,POINT (0.2863795092156426 0.2361012814325696),,,,,,,,,,,,,,,,,,,,,,,,,,,,,,,,,,,,,,,,,,,,,,,,,,,,,,1,,,,,,,,,,,,,,,,,,,,,,,,,,,,,,,,,,,,,,,,,,,,,,1,
0,15,28,"{'x': 549.8486576940338, 'y': 254.98938394717516, 'elapsedTime': 74954.89999997616}",936766464715,5224867906,POINT (0.2863795092156426 0.2361012814325696),,,,,,,,,,,,,,,,,,,,,,,,,,,,,,,,,,,,,,,,,,,,,,,,,,,,,,1,,,,,,,,,,,,,,,,,,,,,,,,,,,,,,,,,,,,,,,,,,,,,,1,
0,15,28,"{'x': 566.4636596577154, 'y': 213.81976027210663, 'elapsedTime': 75008.80000007153}",936766481383,5224884573,POINT (0.2950331560717268 0.1979812595112098),,,,,,,,,,,,,,,,,,,,,,,,,,,,,,,,,,,,,,,,,,,,,,,,,,,,,,,,,,,,,,,,,,,,,,,,,,,,,,,,,,,,,,,,,,,,,,,,,,,,,
0,15,28,"{'x': 566.4636596577154, 'y': 213.81976027210663, 'elapsedTime': 75008.80000007153}",936766498049,5224901239,POINT (0.2950331560717268 0.1979812595112098),,,,,,,,,,,,,,,,,,,,,,,,,,,,,,,,,,,,,,,,,,,,,,,,,,,,,,,,,,,,,,,,,,,,,,,,,,,,,,,,,,,,,,,,,,,,,,,,,,,,,
0,15,28,"{'x': 566.4636596577154, 'y': 213.81976027210663, 'elapsedTime': 75008.80000007153}",936766514717,5224917906,POINT (0.2950331560717268 0.1979812595112098),,,,,,,,,,,,,,,,,,,,,,,,,,,,,,,,,,,,,,,,,,,,,,,,,,,,,,,,,,,,,,,,,,,,,,,,,,,,,,,,,,,,,,,,,,,,,,,,,,,,,
0,15,28,"{'x': 516.6952965613372, 'y': 262.23076865261925, 'elapsedTime': 75062.10000002384}",936766531384,5224934573,POINT (0.2691121336256964 0.2428062672709438),,,,,,,,,,,,,,,,,,,,,,,,,,,,,,,,,,,,,,,,,,,,,,,,,,,,,,,,,,,,,,,,,,,,,,,,,,,,,,,,,,,,,,,,,,,,,,,,,,,,1,
0,15,28,"{'x': 516.6952965613372, 'y': 262.23076865261925, 'elapsedTime': 75062.10000002384}",936766548050,5224951238,POINT (0.2691121336256964 0.2428062672709438),,,,,,,,,,,,,,,,,,,,,,,,,,,,,,,,,,,,,,,,,,,,,,,,,,,,,,,,,,,,,,,,,,,,,,,,,,,,,,,,,,,,,,,,,,,,,,,,,,,,1,
0,15,28,"{'x': 516.6952965613372, 'y': 262.23076865261925, 'elapsedTime': 75062.10000002384}",936766564716,5224967904,POINT (0.2691121336256964 0.2428062672709438),,,,,,,,,,,,,,,,,,,,,,,,,,,,,,,,,,,,,,,,,,,,,,,,,,,,,,,,,,,,,,,,,,,,,,,,,,,,,,,,,,,,,,,,,,,,,,,,,,,,1,
0,15,28,"{'x': 518.2814327867221, 'y': 301.95619238381755, 'elapsedTime': 75112.80000007153}",936766581384,5224984571,POINT (0.2699382462430844 0.2795890670220533),,,,,,,,,,,,,,,,,,,,,,,,,,,,,,,,,,,,,,,,,,,,,,,,,,,,,,,,,,,,,,,,,,,,,,,,,,,,,,,,,,,,,,,,,,,,,,,,,,,1,1,
0,15,28,"{'x': 518.2814327867221, 'y': 301.95619238381755, 'elapsedTime': 75112.80000007153}",936766598060,5225001247,POINT (0.2699382462430844 0.2795890670220533),,,,,,,,,,,,,,,,,,,,,,,,,,,,,,,,,,,,,,,,,,,,,,,,,,,,,,,,,,,,,,,,,,,,,,,,,,,,,,,,,,,,,,,,,,,,,,,,,,,1,1,
0,15,28,"{'x': 518.2814327867221, 'y': 301.95619238381755, 'elapsedTime': 75112.80000007153}",936766614719,5225017905,POINT (0.2699382462430844 0.2795890670220533),,,,,,,,,,,,,,,,,,,,,,,,,,,,,,,,,,,,,,,,,,,,,,,,,,,,,,,,,,,,,,,,,,,,,,,,,,,,,,,,,,,,,,,,,,,,,,,,,,,1,1,
0,15,28,"{'x': 592.2072514642072, 'y': 307.76820559860244, 'elapsedTime': 75168.30000007153}",936766631385,5225034571,POINT (0.3084412768042746 0.2849705607394467),,,,,,,,,,,,,,,,,,,,,,,,,,,,,,,,,,,,,,,,,,,,,,,,,,,,,,,,,,,,,,,,,,,,,,,,,,,,,,,,,,,,,,,,,,,,,,,,,,,1,1,
0,15,28,"{'x': 592.2072514642072, 'y': 307.76820559860244, 'elapsedTime': 75168.30000007153}",936766648053,5225051238,POINT (0.3084412768042746 0.2849705607394467),,,,,,,,,,,,,,,,,,,,,,,,,,,,,,,,,,,,,,,,,,,,,,,,,,,,,,,,,,,,,,,,,,,,,,,,,,,,,,,,,,,,,,,,,,,,,,,,,,,1,1,
0,15,28,"{'x': 592.2072514642072, 'y': 307.76820559860244, 'elapsedTime': 75168.30000007153}",936766664719,5225067904,POINT (0.3084412768042746 0.2849705607394467),,,,,,,,,,,,,,,,,,,,,,,,,,,,,,,,,,,,,,,,,,,,,,,,,,,,,,,,,,,,,,,,,,,,,,,,,,,,,,,,,,,,,,,,,,,,,,,,,,,1,1,
0,15,28,"{'x': 592.2072514642072, 'y': 307.76820559860244, 'elapsedTime': 75168.30000007153}",936766681390,5225084574,POINT (0.3084412768042746 0.2849705607394467),,,,,,,,,,,,,,,,,,,,,,,,,,,,,,,,,,,,,,,,,,,,,,,,,,,,,,,,,,,,,,,,,,,,,,,,,,,,,,,,,,,,,,,,,,,,,,,,,,,1,1,
0,15,28,"{'x': 633.6760909792938, 'y': 311.3705557221228, 'elapsedTime': 75224.10000002384}",936766698056,5225101240,POINT (0.3300396307183822 0.2883060701130766),,,,,,,,,,,,,,,,,,,,,,,,,,,,,,,,,,,,,,,,,,,,,,,,,,,,,,,,,,,,,,,,,,,,,,,,,,,,,,,,,,,,,,,,,,,,,,,,,,,1,1,
0,15,28,"{'x': 633.6760909792938, 'y': 311.3705557221228, 'elapsedTime': 75224.10000002384}",936766714732,5225117915,POINT (0.3300396307183822 0.2883060701130766),,,,,,,,,,,,,,,,,,,,,,,,,,,,,,,,,,,,,,,,,,,,,,,,,,,,,,,,,,,,,,,,,,,,,,,,,,,,,,,,,,,,,,,,,,,,,,,,,,,1,1,
0,15,28,"{'x': 633.6760909792938, 'y': 311.3705557221228, 'elapsedTime': 75224.10000002384}",936766731390,5225134573,POINT (0.3300396307183822 0.2883060701130766),,,,,,,,,,,,,,,,,,,,,,,,,,,,,,,,,,,,,,,,,,,,,,,,,,,,,,,,,,,,,,,,,,,,,,,,,,,,,,,,,,,,,,,,,,,,,,,,,,,1,1,
0,15,28,"{'x': 633.6760909792938, 'y': 311.3705557221228, 'elapsedTime': 75224.10000002384}",936766748058,5225151240,POINT (0.3300396307183822 0.2883060701130766),,,,,,,,,,,,,,,,,,,,,,,,,,,,,,,,,,,,,,,,,,,,,,,,,,,,,,,,,,,,,,,,,,,,,,,,,,,,,,,,,,,,,,,,,,,,,,,,,,,1,1,
0,15,28,"{'x': 547.2221235642965, 'y': 349.80086762855126, 'elapsedTime': 75284.10000002384}",936766764725,5225167907,POINT (0.2850115226897377 0.3238896922486586),,,,,,,,,,,,,,,,,,,,,,,,,,,,,,,,,,,,,,,,,,,,,,,,,,,,,,,,,,,,,,,,,,,,,,,,,,,,,,,,,,,,,,,,,,,,,,,,,,,,,
0,15,28,"{'x': 547.2221235642965, 'y': 349.80086762855126, 'elapsedTime': 75284.10000002384}",936766781392,5225184573,POINT (0.2850115226897377 0.3238896922486586),,,,,,,,,,,,,,,,,,,,,,,,,,,,,,,,,,,,,,,,,,,,,,,,,,,,,,,,,,,,,,,,,,,,,,,,,,,,,,,,,,,,,,,,,,,,,,,,,,,,,
0,15,28,"{'x': 547.2221235642965, 'y': 349.80086762855126, 'elapsedTime': 75284.10000002384}",936766798059,5225201240,POINT (0.2850115226897377 0.3238896922486586),,,,,,,,,,,,,,,,,,,,,,,,,,,,,,,,,,,,,,,,,,,,,,,,,,,,,,,,,,,,,,,,,,,,,,,,,,,,,,,,,,,,,,,,,,,,,,,,,,,,,
0,15,28,"{'x': 512.1263579369411, 'y': 288.6367775275528, 'elapsedTime': 75349.60000002384}",936766814729,5225217909,POINT (0.2667324780921568 0.2672562754884748),,,,,,,,,,,,,,,,,,,,,,,,,,,,,,,,,,,,,,,,,,,,,,,,,,,,,,,,,,,,,,,,,,,,,,,,,,,,,,,,,,,,,,,,,,,,,,,,,,,,1,
0,15,28,"{'x': 512.1263579369411, 'y': 288.6367775275528, 'elapsedTime': 75349.60000002384}",936766831396,5225234576,POINT (0.2667324780921568 0.2672562754884748),,,,,,,,,,,,,,,,,,,,,,,,,,,,,,,,,,,,,,,,,,,,,,,,,,,,,,,,,,,,,,,,,,,,,,,,,,,,,,,,,,,,,,,,,,,,,,,,,,,,1,
0,15,28,"{'x': 512.1263579369411, 'y': 288.6367775275528, 'elapsedTime': 75349.60000002384}",936766848064,5225251243,POINT (0.2667324780921568 0.2672562754884748),,,,,,,,,,,,,,,,,,,,,,,,,,,,,,,,,,,,,,,,,,,,,,,,,,,,,,,,,,,,,,,,,,,,,,,,,,,,,,,,,,,,,,,,,,,,,,,,,,,,1,
0,15,28,"{'x': 526.5737581167277, 'y': 228.14537933935364, 'elapsedTime': 75405.39999997616}",936766864731,5225267910,POINT (0.2742571656857957 0.2112457216105126),,,,,,,,,,,,,,,,,,,,,,,,,,,,,,,,,,,,,,,,,,,,,,,,,,,,,,,,,,,,,,,,,,,,,,,,,,,,,,,,,,,,,,,,,,,,,,,,,,,,,
0,15,28,"{'x': 526.5737581167277, 'y': 228.14537933935364, 'elapsedTime': 75405.39999997616}",936766881398,5225284576,POINT (0.2742571656857957 0.2112457216105126),,,,,,,,,,,,,,,,,,,,,,,,,,,,,,,,,,,,,,,,,,,,,,,,,,,,,,,,,,,,,,,,,,,,,,,,,,,,,,,,,,,,,,,,,,,,,,,,,,,,,
0,15,28,"{'x': 526.5737581167277, 'y': 228.14537933935364, 'elapsedTime': 75405.39999997616}",936766898065,5225301243,POINT (0.2742571656857957 0.2112457216105126),,,,,,,,,,,,,,,,,,,,,,,,,,,,,,,,,,,,,,,,,,,,,,,,,,,,,,,,,,,,,,,,,,,,,,,,,,,,,,,,,,,,,,,,,,,,,,,,,,,,,
0,15,28,"{'x': 526.5737581167277, 'y': 228.14537933935364, 'elapsedTime': 75405.39999997616}",936766914733,5225317910,POINT (0.2742571656857957 0.2112457216105126),,,,,,,,,,,,,,,,,,,,,,,,,,,,,,,,,,,,,,,,,,,,,,,,,,,,,,,,,,,,,,,,,,,,,,,,,,,,,,,,,,,,,,,,,,,,,,,,,,,,,
0,15,28,"{'x': 538.7299659846217, 'y': 223.91708749928262, 'elapsedTime': 75457}",936766931400,5225334577,POINT (0.2805885239503238 0.2073306365734098),,,,,,,,,,,,,,,,,,,,,,,,,,,,,,,,1,,,,,,,,,,,,,,,,,,,,,,,,,,,,,,,,,,,,,,,,,,,,,,,,,,,,,,,,,,,,,,,,,,,,,
0,15,28,"{'x': 538.7299659846217, 'y': 223.91708749928262, 'elapsedTime': 75457}",936766948076,5225351252,POINT (0.2805885239503238 0.2073306365734098),,,,,,,,,,,,,,,,,,,,,,,,,,,,,,,,1,,,,,,,,,,,,,,,,,,,,,,,,,,,,,,,,,,,,,,,,,,,,,,,,,,,,,,,,,,,,,,,,,,,,,
0,15,28,"{'x': 538.7299659846217, 'y': 223.91708749928262, 'elapsedTime': 75457}",936766964742,5225367918,POINT (0.2805885239503238 0.2073306365734098),,,,,,,,,,,,,,,,,,,,,,,,,,,,,,,,1,,,,,,,,,,,,,,,,,,,,,,,,,,,,,,,,,,,,,,,,,,,,,,,,,,,,,,,,,,,,,,,,,,,,,
0,15,28,"{'x': 560.6969344711001, 'y': 303.3771769791124, 'elapsedTime': 75509.70000004768}",936766981410,5225384585,POINT (0.2920296533703646 0.2809047934991781),,,,,,,,,,,,,,,,,,,,,,,,,,,,,,,,,,,,,,,,,,,,,,,,,,,,,,,,,,,,,,,,,,,,,,,,,,,,,,,,,,,,,,,,,,,,,,,,,,,1,1,
0,15,28,"{'x': 560.6969344711001, 'y': 303.3771769791124, 'elapsedTime': 75509.70000004768}",936766998076,5225401251,POINT (0.2920296533703646 0.2809047934991781),,,,,,,,,,,,,,,,,,,,,,,,,,,,,,,,,,,,,,,,,,,,,,,,,,,,,,,,,,,,,,,,,,,,,,,,,,,,,,,,,,,,,,,,,,,,,,,,,,,1,1,
0,15,28,"{'x': 560.6969344711001, 'y': 303.3771769791124, 'elapsedTime': 75509.70000004768}",936767014745,5225417919,POINT (0.2920296533703646 0.2809047934991781),,,,,,,,,,,,,,,,,,,,,,,,,,,,,,,,,,,,,,,,,,,,,,,,,,,,,,,,,,,,,,,,,,,,,,,,,,,,,,,,,,,,,,,,,,,,,,,,,,,1,1,
0,15,28,"{'x': 560.6969344711001, 'y': 303.3771769791124, 'elapsedTime': 75509.70000004768}",936767031411,5225434585,POINT (0.2920296533703646 0.2809047934991781),,,,,,,,,,,,,,,,,,,,,,,,,,,,,,,,,,,,,,,,,,,,,,,,,,,,,,,,,,,,,,,,,,,,,,,,,,,,,,,,,,,,,,,,,,,,,,,,,,,1,1,
0,15,28,"{'x': 554.9872045578892, 'y': 330.38287738034796, 'elapsedTime': 75561}",936767048087,5225451260,POINT (0.289055835707234 0.3059100716484703),,,,,,,,,,,,,,,,,,,,,,,,,,,,,,,,,,,,,,,,,,,,,,,,,,,,,,,,,,,,,,,,,,,,,,,,,,,,,,,,,,,,,,,,,,,,,,,,,,,,,
0,15,28,"{'x': 554.9872045578892, 'y': 330.38287738034796, 'elapsedTime': 75561}",936767064754,5225467927,POINT (0.289055835707234 0.3059100716484703),,,,,,,,,,,,,,,,,,,,,,,,,,,,,,,,,,,,,,,,,,,,,,,,,,,,,,,,,,,,,,,,,,,,,,,,,,,,,,,,,,,,,,,,,,,,,,,,,,,,,
0,15,28,"{'x': 554.9872045578892, 'y': 330.38287738034796, 'elapsedTime': 75561}",936767081423,5225484595,POINT (0.289055835707234 0.3059100716484703),,,,,,,,,,,,,,,,,,,,,,,,,,,,,,,,,,,,,,,,,,,,,,,,,,,,,,,,,,,,,,,,,,,,,,,,,,,,,,,,,,,,,,,,,,,,,,,,,,,,,
0,15,28,"{'x': 546.1644863905607, 'y': 339.85869578723924, 'elapsedTime': 75631.39999997616}",936767098090,5225501262,POINT (0.2844606699950837 0.3146839775807771),,,,,,,,,,,,,,,,,,,,,,,,,,,,,,,,,,,,,,,,,,,,,,,,,,,,,,,,,,,,,,,,,,,,,,,,,,,,,,,,,,,,,,,,,,,,,,,,,,,,,
0,15,28,"{'x': 546.1644863905607, 'y': 339.85869578723924, 'elapsedTime': 75631.39999997616}",936767114758,5225517929,POINT (0.2844606699950837 0.3146839775807771),,,,,,,,,,,,,,,,,,,,,,,,,,,,,,,,,,,,,,,,,,,,,,,,,,,,,,,,,,,,,,,,,,,,,,,,,,,,,,,,,,,,,,,,,,,,,,,,,,,,,
0,15,28,"{'x': 546.1644863905607, 'y': 339.85869578723924, 'elapsedTime': 75631.39999997616}",936767131424,5225534595,POINT (0.2844606699950837 0.3146839775807771),,,,,,,,,,,,,,,,,,,,,,,,,,,,,,,,,,,,,,,,,,,,,,,,,,,,,,,,,,,,,,,,,,,,,,,,,,,,,,,,,,,,,,,,,,,,,,,,,,,,,
0,15,28,"{'x': 603.0300438124776, 'y': 395.58079605756234, 'elapsedTime': 75685.39999997616}",936767148092,5225551262,POINT (0.3140781478189988 0.3662785148681133),,,,,,,,,,,,,,,,,,,,,,,,,,,,,,,,,,,,,,,,,,,,,,,,,,,,,,,,,,,,,,,,,,,,,,,,,,,,,,,,,,,,,,,,,,,,,,,,,,,,,
0,15,28,"{'x': 603.0300438124776, 'y': 395.58079605756234, 'elapsedTime': 75685.39999997616}",936767164759,5225567929,POINT (0.3140781478189988 0.3662785148681133),,,,,,,,,,,,,,,,,,,,,,,,,,,,,,,,,,,,,,,,,,,,,,,,,,,,,,,,,,,,,,,,,,,,,,,,,,,,,,,,,,,,,,,,,,,,,,,,,,,,,
0,15,28,"{'x': 603.0300438124776, 'y': 395.58079605756234, 'elapsedTime': 75685.39999997616}",936767181426,5225584596,POINT (0.3140781478189988 0.3662785148681133),,,,,,,,,,,,,,,,,,,,,,,,,,,,,,,,,,,,,,,,,,,,,,,,,,,,,,,,,,,,,,,,,,,,,,,,,,,,,,,,,,,,,,,,,,,,,,,,,,,,,
0,15,28,"{'x': 744.0747212435482, 'y': 414.9696943133214, 'elapsedTime': 75735.70000004768}",936767198093,5225601262,POINT (0.387538917314348 0.3842311984382605),,,,,,,,,,,,,,,,,,,,,,,,,,,,,,,,,,,,,,,,,,,,,,,,,,,,,,,,,,,,,,,,,,,,,,,,,,,,,,,,,,,,,,,,,,,,,,,,,,,,,
0,15,28,"{'x': 744.0747212435482, 'y': 414.9696943133214, 'elapsedTime': 75735.70000004768}",936767214766,5225617935,POINT (0.387538917314348 0.3842311984382605),,,,,,,,,,,,,,,,,,,,,,,,,,,,,,,,,,,,,,,,,,,,,,,,,,,,,,,,,,,,,,,,,,,,,,,,,,,,,,,,,,,,,,,,,,,,,,,,,,,,,
0,15,28,"{'x': 744.0747212435482, 'y': 414.9696943133214, 'elapsedTime': 75735.70000004768}",936767231435,5225634603,POINT (0.387538917314348 0.3842311984382605),,,,,,,,,,,,,,,,,,,,,,,,,,,,,,,,,,,,,,,,,,,,,,,,,,,,,,,,,,,,,,,,,,,,,,,,,,,,,,,,,,,,,,,,,,,,,,,,,,,,,
0,15,28,"{'x': 739.179683523412, 'y': 406.0865244095822, 'elapsedTime': 75785.80000007153}",936767248101,5225651269,POINT (0.3849894185017771 0.3760060411199835),,,,,,,,,,,,,,,,,,,,,,,,,,,,,,,,,,,,,,,,,,,,,,,,,,,,,,,,,,,,,,,,,,,,,,,,,,,,,,,,,,,,,,,,,,,,,,,,,,,,,
0,15,28,"{'x': 739.179683523412, 'y': 406.0865244095822, 'elapsedTime': 75785.80000007153}",936767264768,5225667935,POINT (0.3849894185017771 0.3760060411199835),,,,,,,,,,,,,,,,,,,,,,,,,,,,,,,,,,,,,,,,,,,,,,,,,,,,,,,,,,,,,,,,,,,,,,,,,,,,,,,,,,,,,,,,,,,,,,,,,,,,,
0,15,28,"{'x': 739.179683523412, 'y': 406.0865244095822, 'elapsedTime': 75785.80000007153}",936767281435,5225684602,POINT (0.3849894185017771 0.3760060411199835),,,,,,,,,,,,,,,,,,,,,,,,,,,,,,,,,,,,,,,,,,,,,,,,,,,,,,,,,,,,,,,,,,,,,,,,,,,,,,,,,,,,,,,,,,,,,,,,,,,,,
0,15,28,"{'x': 762.0663078090388, 'y': 356.62714397354597, 'elapsedTime': 75836.39999997616}",936767298103,5225701269,POINT (0.3969095353172077 0.330210318494024),,,,,,,,,,,,,,,,,,,,,,,,,,,,,,,,,,,,,,,,,,,,,,,,,,,,,,,,,,,,,,,,,,,,,,,,,,,,,,,,,,,,,,,,,,,,,,,,,,,,1,
0,15,28,"{'x': 762.0663078090388, 'y': 356.62714397354597, 'elapsedTime': 75836.39999997616}",936767314770,5225717936,POINT (0.3969095353172077 0.330210318494024),,,,,,,,,,,,,,,,,,,,,,,,,,,,,,,,,,,,,,,,,,,,,,,,,,,,,,,,,,,,,,,,,,,,,,,,,,,,,,,,,,,,,,,,,,,,,,,,,,,,1,
0,15,28,"{'x': 762.0663078090388, 'y': 356.62714397354597, 'elapsedTime': 75836.39999997616}",936767331437,5225734602,POINT (0.3969095353172077 0.330210318494024),,,,,,,,,,,,,,,,,,,,,,,,,,,,,,,,,,,,,,,,,,,,,,,,,,,,,,,,,,,,,,,,,,,,,,,,,,,,,,,,,,,,,,,,,,,,,,,,,,,,1,
0,15,28,"{'x': 827.6570960028844, 'y': 291.6903474320391, 'elapsedTime': 75885.80000007153}",936767348109,5225751274,POINT (0.431071404168169 0.2700836550296659),,,,,,,,,,,,,,,,,,,,,,,,,,,,,,,,,,,,,,,,,,,,,,,,,,,,,,,,,,,,,,,,,,,,,,,,,,,,,,,,,,,,,,,,,,,,,,,,,,,1,1,
0,15,28,"{'x': 827.6570960028844, 'y': 291.6903474320391, 'elapsedTime': 75885.80000007153}",936767364776,5225767940,POINT (0.431071404168169 0.2700836550296659),,,,,,,,,,,,,,,,,,,,,,,,,,,,,,,,,,,,,,,,,,,,,,,,,,,,,,,,,,,,,,,,,,,,,,,,,,,,,,,,,,,,,,,,,,,,,,,,,,,1,1,
0,15,28,"{'x': 827.6570960028844, 'y': 291.6903474320391, 'elapsedTime': 75885.80000007153}",936767381444,5225784608,POINT (0.431071404168169 0.2700836550296659),,,,,,,,,,,,,,,,,,,,,,,,,,,,,,,,,,,,,,,,,,,,,,,,,,,,,,,,,,,,,,,,,,,,,,,,,,,,,,,,,,,,,,,,,,,,,,,,,,,1,1,
0,15,28,"{'x': 799.9532190164001, 'y': 266.9960047609934, 'elapsedTime': 75934.70000004768}",936767398111,5225801274,POINT (0.4166423015710417 0.2472185229268457),,,,,,,,,,,,,,,,,,,,,,,,,,,,,,,,,,,,,,,,,,,,,,,,,,,,,,,,,,,1,,,,,,,,,,,,,,,,,,,,,,,,,,,,,,,,,,,,,,,,1,1,
0,15,28,"{'x': 799.9532190164001, 'y': 266.9960047609934, 'elapsedTime': 75934.70000004768}",936767414777,5225817940,POINT (0.4166423015710417 0.2472185229268457),,,,,,,,,,,,,,,,,,,,,,,,,,,,,,,,,,,,,,,,,,,,,,,,,,,,,,,,,,,1,,,,,,,,,,,,,,,,,,,,,,,,,,,,,,,,,,,,,,,,1,1,
0,15,28,"{'x': 799.9532190164001, 'y': 266.9960047609934, 'elapsedTime': 75934.70000004768}",936767431445,5225834607,POINT (0.4166423015710417 0.2472185229268457),,,,,,,,,,,,,,,,,,,,,,,,,,,,,,,,,,,,,,,,,,,,,,,,,,,,,,,,,,,1,,,,,,,,,,,,,,,,,,,,,,,,,,,,,,,,,,,,,,,,1,1,
0,15,28,"{'x': 716.7863318185691, 'y': 286.30401522833307, 'elapsedTime': 75986.10000002384}",936767448112,5225851274,POINT (0.3733262144888381 0.2650963103966047),,,,,,,,,,,,,,,,,,,,,,,,,,,,,,,,,,,,,,,,,,,,,,,,,,,,,,,,,,,,,,,,,,,,,,,,,,,,,,,,,,,,,,,,,,,,,,,,,,,1,1,
0,15,28,"{'x': 716.7863318185691, 'y': 286.30401522833307, 'elapsedTime': 75986.10000002384}",936767464782,5225867943,POINT (0.3733262144888381 0.2650963103966047),,,,,,,,,,,,,,,,,,,,,,,,,,,,,,,,,,,,,,,,,,,,,,,,,,,,,,,,,,,,,,,,,,,,,,,,,,,,,,,,,,,,,,,,,,,,,,,,,,,1,1,
0,15,28,"{'x': 716.7863318185691, 'y': 286.30401522833307, 'elapsedTime': 75986.10000002384}",936767481449,5225884610,POINT (0.3733262144888381 0.2650963103966047),,,,,,,,,,,,,,,,,,,,,,,,,,,,,,,,,,,,,,,,,,,,,,,,,,,,,,,,,,,,,,,,,,,,,,,,,,,,,,,,,,,,,,,,,,,,,,,,,,,1,1,
0,15,28,"{'x': 732.1426926283597, 'y': 307.7223830559587, 'elapsedTime': 76034.70000004768}",936767498117,5225901277,POINT (0.3813243190772707 0.284928132459221),,,,,,,,,,,,,,,,,,,,,,,,,,,,,,,,,,,,,,,,,,,,,,,,,,,,,,,,,,,,,,,,,,,,,,,,,,,,,,,,,,,,,,,,,,,,,,,,,,,1,1,
0,15,28,"{'x': 732.1426926283597, 'y': 307.7223830559587, 'elapsedTime': 76034.70000004768}",936767514784,5225917944,POINT (0.3813243190772707 0.284928132459221),,,,,,,,,,,,,,,,,,,,,,,,,,,,,,,,,,,,,,,,,,,,,,,,,,,,,,,,,,,,,,,,,,,,,,,,,,,,,,,,,,,,,,,,,,,,,,,,,,,1,1,
0,15,28,"{'x': 732.1426926283597, 'y': 307.7223830559587, 'elapsedTime': 76034.70000004768}",936767531451,5225934610,POINT (0.3813243190772707 0.284928132459221),,,,,,,,,,,,,,,,,,,,,,,,,,,,,,,,,,,,,,,,,,,,,,,,,,,,,,,,,,,,,,,,,,,,,,,,,,,,,,,,,,,,,,,,,,,,,,,,,,,1,1,
0,15,28,"{'x': 645.8495295743968, 'y': 307.6741895124526, 'elapsedTime': 76085.10000002384}",936767548118,5225951277,POINT (0.3363799633199983 0.2848835088078265),,,,,,,,,,,,,,,,,,,,,,,,,,,,,,,,,,,,,,,,,,,,,,,,,,,,,,,,,,,,,,,,,,,,,,,,,,,,,,,,,,,,,,,,,,,,,,,,,,,1,1,
0,15,28,"{'x': 645.8495295743968, 'y': 307.6741895124526, 'elapsedTime': 76085.10000002384}",936767564786,5225967944,POINT (0.3363799633199983 0.2848835088078265),,,,,,,,,,,,,,,,,,,,,,,,,,,,,,,,,,,,,,,,,,,,,,,,,,,,,,,,,,,,,,,,,,,,,,,,,,,,,,,,,,,,,,,,,,,,,,,,,,,1,1,
0,15,28,"{'x': 645.8495295743968, 'y': 307.6741895124526, 'elapsedTime': 76085.10000002384}",936767581452,5225984610,POINT (0.3363799633199983 0.2848835088078265),,,,,,,,,,,,,,,,,,,,,,,,,,,,,,,,,,,,,,,,,,,,,,,,,,,,,,,,,,,,,,,,,,,,,,,,,,,,,,,,,,,,,,,,,,,,,,,,,,,1,1,
0,15,28,"{'x': 635.220323273185, 'y': 296.7779110755016, 'elapsedTime': 76135.89999997616}",936767598127,5226001284,POINT (0.3308439183714506 0.2747943621069459),,,,,,,,,,,,,,,,,,,,,,,,,,,,,,,,,,,,,,,,,,,,,,,,,,,,,,,,,,,,,,,,,,,,,,,,,,,,,,,,,,,,,,,,,,,,,,,,,,,1,1,
0,15,28,"{'x': 635.220323273185, 'y': 296.7779110755016, 'elapsedTime': 76135.89999997616}",936767614795,5226017952,POINT (0.3308439183714506 0.2747943621069459),,,,,,,,,,,,,,,,,,,,,,,,,,,,,,,,,,,,,,,,,,,,,,,,,,,,,,,,,,,,,,,,,,,,,,,,,,,,,,,,,,,,,,,,,,,,,,,,,,,1,1,
0,15,28,"{'x': 635.220323273185, 'y': 296.7779110755016, 'elapsedTime': 76135.89999997616}",936767631462,5226034618,POINT (0.3308439183714506 0.2747943621069459),,,,,,,,,,,,,,,,,,,,,,,,,,,,,,,,,,,,,,,,,,,,,,,,,,,,,,,,,,,,,,,,,,,,,,,,,,,,,,,,,,,,,,,,,,,,,,,,,,,1,1,
0,15,28,"{'x': 635.220323273185, 'y': 296.7779110755016, 'elapsedTime': 76135.89999997616}",936767648129,5226051285,POINT (0.3308439183714506 0.2747943621069459),,,,,,,,,,,,,,,,,,,,,,,,,,,,,,,,,,,,,,,,,,,,,,,,,,,,,,,,,,,,,,,,,,,,,,,,,,,,,,,,,,,,,,,,,,,,,,,,,,,1,1,
0,15,28,"{'x': 624.7709917129582, 'y': 227.69718978957832, 'elapsedTime': 76187.20000004768}",936767664796,5226067951,POINT (0.3254015581838324 0.2108307312866466),,,,,,,,,,,,,,,,,,,,,,,,,,,,,,,,,,,,,,,,,,,,,,,,,,,,,,,,,,,,,,,,,,,,,,,,,,,,,,,,,,,,,,,,,,,,,,,,,,,,,
0,15,28,"{'x': 624.7709917129582, 'y': 227.69718978957832, 'elapsedTime': 76187.20000004768}",936767681463,5226084618,POINT (0.3254015581838324 0.2108307312866466),,,,,,,,,,,,,,,,,,,,,,,,,,,,,,,,,,,,,,,,,,,,,,,,,,,,,,,,,,,,,,,,,,,,,,,,,,,,,,,,,,,,,,,,,,,,,,,,,,,,,
0,15,28,"{'x': 669.2127277285663, 'y': 285.46421650861726, 'elapsedTime': 76242.39999997616}",936767698131,5226101285,POINT (0.3485482956919616 0.2643187189894604),,,,,,,,,,,,,,,,,,,,,,,,,,,,,,,,,,,,,,,,,,,,,,,,,,,,,,,,,,,,,,,,,,,,,,,,,,,,,,,,,,,,,,,,,,,,,,,,,,,1,1,
0,15,28,"{'x': 669.2127277285663, 'y': 285.46421650861726, 'elapsedTime': 76242.39999997616}",936767714798,5226117952,POINT (0.3485482956919616 0.2643187189894604),,,,,,,,,,,,,,,,,,,,,,,,,,,,,,,,,,,,,,,,,,,,,,,,,,,,,,,,,,,,,,,,,,,,,,,,,,,,,,,,,,,,,,,,,,,,,,,,,,,1,1,
0,15,28,"{'x': 669.2127277285663, 'y': 285.46421650861726, 'elapsedTime': 76242.39999997616}",936767731467,5226134620,POINT (0.3485482956919616 0.2643187189894604),,,,,,,,,,,,,,,,,,,,,,,,,,,,,,,,,,,,,,,,,,,,,,,,,,,,,,,,,,,,,,,,,,,,,,,,,,,,,,,,,,,,,,,,,,,,,,,,,,,1,1,
0,15,28,"{'x': 643.0909150668429, 'y': 355.3484607981399, 'elapsedTime': 76291.80000007153}",936767748134,5226151287,POINT (0.3349431849306473 0.3290263525908703),,,,,,,,,,,,,,,,,,,,,,,,,,,,,,,,,,,,,,,,,,,,,,,,,,,,,,,,,,,,,,,,,,,,,,,,,,,,,,,,,,,,,,,,,,,,,,,,,,,,,
0,15,28,"{'x': 643.0909150668429, 'y': 355.3484607981399, 'elapsedTime': 76291.80000007153}",936767764802,5226167954,POINT (0.3349431849306473 0.3290263525908703),,,,,,,,,,,,,,,,,,,,,,,,,,,,,,,,,,,,,,,,,,,,,,,,,,,,,,,,,,,,,,,,,,,,,,,,,,,,,,,,,,,,,,,,,,,,,,,,,,,,,
0,15,28,"{'x': 643.0909150668429, 'y': 355.3484607981399, 'elapsedTime': 76291.80000007153}",936767781468,5226184620,POINT (0.3349431849306473 0.3290263525908703),,,,,,,,,,,,,,,,,,,,,,,,,,,,,,,,,,,,,,,,,,,,,,,,,,,,,,,,,,,,,,,,,,,,,,,,,,,,,,,,,,,,,,,,,,,,,,,,,,,,,
0,15,28,"{'x': 599.0032853604346, 'y': 342.47566135498465, 'elapsedTime': 76339.39999997616}",936767798136,5226201287,POINT (0.311980877791893 0.317107093847208),,,,,,,,,,,,,,,,,,,,,,,,,,,,,,,,,,,,,,,,,,,,,,,,,,,,,,,,,,,,,,,,,,,,,,,,,,,,,,,,,,,,,,,,,,,,,,,,,,,,,
0,15,28,"{'x': 599.0032853604346, 'y': 342.47566135498465, 'elapsedTime': 76339.39999997616}",936767814803,5226217954,POINT (0.311980877791893 0.317107093847208),,,,,,,,,,,,,,,,,,,,,,,,,,,,,,,,,,,,,,,,,,,,,,,,,,,,,,,,,,,,,,,,,,,,,,,,,,,,,,,,,,,,,,,,,,,,,,,,,,,,,
0,15,28,"{'x': 599.0032853604346, 'y': 342.47566135498465, 'elapsedTime': 76339.39999997616}",936767831470,5226234620,POINT (0.311980877791893 0.317107093847208),,,,,,,,,,,,,,,,,,,,,,,,,,,,,,,,,,,,,,,,,,,,,,,,,,,,,,,,,,,,,,,,,,,,,,,,,,,,,,,,,,,,,,,,,,,,,,,,,,,,,
0,15,28,"{'x': 556.5588777915192, 'y': 368.2241431252025, 'elapsedTime': 76387.5}",936767848137,5226251287,POINT (0.2898744155164162 0.3409482806714838),,,,,,,,,,,,,,,,,,,,,,,,,,,,,,,,,,,,,,,,,,,,,,,,,,,,,,,,,,,,,,,,,,,,,,,,,,,,,,,,,,,,,,,,,,,,,,,,,,,,,
0,15,28,"{'x': 556.5588777915192, 'y': 368.2241431252025, 'elapsedTime': 76387.5}",936767864810,5226267959,POINT (0.2898744155164162 0.3409482806714838),,,,,,,,,,,,,,,,,,,,,,,,,,,,,,,,,,,,,,,,,,,,,,,,,,,,,,,,,,,,,,,,,,,,,,,,,,,,,,,,,,,,,,,,,,,,,,,,,,,,,
0,15,28,"{'x': 556.5588777915192, 'y': 368.2241431252025, 'elapsedTime': 76387.5}",936767881476,5226284625,POINT (0.2898744155164162 0.3409482806714838),,,,,,,,,,,,,,,,,,,,,,,,,,,,,,,,,,,,,,,,,,,,,,,,,,,,,,,,,,,,,,,,,,,,,,,,,,,,,,,,,,,,,,,,,,,,,,,,,,,,,
0,15,28,"{'x': 576.8980668473249, 'y': 357.0296975486564, 'elapsedTime': 76437}",936767898144,5226301292,POINT (0.3004677431496484 0.330583053285793),,,,,,,,,,,,,,,,,,,,,,,,,,,,,,,,,,,,,,,,,,,,,,,,,,,,,,,,,,,,,,,,,,,,,,,,,,,,,,,,,,,,,,,,,,,,,,,,,,,,,
0,15,28,"{'x': 576.8980668473249, 'y': 357.0296975486564, 'elapsedTime': 76437}",936767914811,5226317959,POINT (0.3004677431496484 0.330583053285793),,,,,,,,,,,,,,,,,,,,,,,,,,,,,,,,,,,,,,,,,,,,,,,,,,,,,,,,,,,,,,,,,,,,,,,,,,,,,,,,,,,,,,,,,,,,,,,,,,,,,
0,15,28,"{'x': 576.8980668473249, 'y': 357.0296975486564, 'elapsedTime': 76437}",936767931478,5226334625,POINT (0.3004677431496484 0.330583053285793),,,,,,,,,,,,,,,,,,,,,,,,,,,,,,,,,,,,,,,,,,,,,,,,,,,,,,,,,,,,,,,,,,,,,,,,,,,,,,,,,,,,,,,,,,,,,,,,,,,,,
0,15,28,"{'x': 521.5906373818906, 'y': 383.97137838648143, 'elapsedTime': 76483.60000002384}",936767948145,5226351292,POINT (0.271661790303068 0.3555290540615569),,,,,,,,,,,,,,,,,,,,,,,,,,,,,,,,,,,,,,,,,,,,,,,,,,,,,,,,,,,,,,,,,,,,,,,,,,,,,,,,,,,,,,,,,,,,,,,,,,,,,
0,15,28,"{'x': 521.5906373818906, 'y': 383.97137838648143, 'elapsedTime': 76483.60000002384}",936767964813,5226367959,POINT (0.271661790303068 0.3555290540615569),,,,,,,,,,,,,,,,,,,,,,,,,,,,,,,,,,,,,,,,,,,,,,,,,,,,,,,,,,,,,,,,,,,,,,,,,,,,,,,,,,,,,,,,,,,,,,,,,,,,,
0,15,28,"{'x': 521.5906373818906, 'y': 383.97137838648143, 'elapsedTime': 76483.60000002384}",936767981479,5226384625,POINT (0.271661790303068 0.3555290540615569),,,,,,,,,,,,,,,,,,,,,,,,,,,,,,,,,,,,,,,,,,,,,,,,,,,,,,,,,,,,,,,,,,,,,,,,,,,,,,,,,,,,,,,,,,,,,,,,,,,,,
0,15,28,"{'x': 593.2169715786351, 'y': 315.68348476201083, 'elapsedTime': 76532.70000004768}",936767998154,5226401299,POINT (0.3089671726972058 0.2922995229277878),,,,,,,,,,,,,,,,,,,,,,,,,,,,,,,,,,,,,,,,,,,,,,,,,,,,,,,,,,,,,,,,,,,,,,,,,,,,,,,,,,,,,,,,,,,,,,,,,,,1,1,
0,15,28,"{'x': 593.2169715786351, 'y': 315.68348476201083, 'elapsedTime': 76532.70000004768}",936768014821,5226417966,POINT (0.3089671726972058 0.2922995229277878),,,,,,,,,,,,,,,,,,,,,,,,,,,,,,,,,,,,,,,,,,,,,,,,,,,,,,,,,,,,,,,,,,,,,,,,,,,,,,,,,,,,,,,,,,,,,,,,,,,1,1,
0,15,28,"{'x': 593.2169715786351, 'y': 315.68348476201083, 'elapsedTime': 76532.70000004768}",936768031488,5226434632,POINT (0.3089671726972058 0.2922995229277878),,,,,,,,,,,,,,,,,,,,,,,,,,,,,,,,,,,,,,,,,,,,,,,,,,,,,,,,,,,,,,,,,,,,,,,,,,,,,,,,,,,,,,,,,,,,,,,,,,,1,1,
0,15,28,"{'x': 618.0461773390172, 'y': 252.97666436655183, 'elapsedTime': 76580.80000007153}",936768048155,5226451299,POINT (0.3218990506974048 0.2342376521912517),,,,,,,,,,,,,,,,,,,,,,,,,,,,,,,,,,,,,,,,,,,,,,,,,,,,,,,1,,,,,,,,,,,,,,,,,,,,,,,,,,,,,,,,,,,,,,,,,,,,,1,
0,15,28,"{'x': 618.0461773390172, 'y': 252.97666436655183, 'elapsedTime': 76580.80000007153}",936768064822,5226467965,POINT (0.3218990506974048 0.2342376521912517),,,,,,,,,,,,,,,,,,,,,,,,,,,,,,,,,,,,,,,,,,,,,,,,,,,,,,,1,,,,,,,,,,,,,,,,,,,,,,,,,,,,,,,,,,,,,,,,,,,,,1,
0,15,28,"{'x': 618.0461773390172, 'y': 252.97666436655183, 'elapsedTime': 76580.80000007153}",936768081489,5226484632,POINT (0.3218990506974048 0.2342376521912517),,,,,,,,,,,,,,,,,,,,,,,,,,,,,,,,,,,,,,,,,,,,,,,,,,,,,,,1,,,,,,,,,,,,,,,,,,,,,,,,,,,,,,,,,,,,,,,,,,,,,1,
0,15,28,"{'x': 672.2615600824084, 'y': 213.59455847281663, 'elapsedTime': 76633.89999997616}",936768098157,5226501299,POINT (0.3501362292095877 0.1977727393266821),,,,,,,,,,,,,,,,,,,,,,,,,,,,,,,,,,,,,,,,,,,,,,,,,,,,,,,,,,,,,,,,,,,,,,,,,,,,,,,,,,,,,,,,,,,,,,,,,,,,,
0,15,28,"{'x': 672.2615600824084, 'y': 213.59455847281663, 'elapsedTime': 76633.89999997616}",936768114823,5226517965,POINT (0.3501362292095877 0.1977727393266821),,,,,,,,,,,,,,,,,,,,,,,,,,,,,,,,,,,,,,,,,,,,,,,,,,,,,,,,,,,,,,,,,,,,,,,,,,,,,,,,,,,,,,,,,,,,,,,,,,,,,
0,15,28,"{'x': 672.2615600824084, 'y': 213.59455847281663, 'elapsedTime': 76633.89999997616}",936768131491,5226534632,POINT (0.3501362292095877 0.1977727393266821),,,,,,,,,,,,,,,,,,,,,,,,,,,,,,,,,,,,,,,,,,,,,,,,,,,,,,,,,,,,,,,,,,,,,,,,,,,,,,,,,,,,,,,,,,,,,,,,,,,,,
0,15,28,"{'x': 746.2663283665804, 'y': 191.12834557759493, 'elapsedTime': 76680.30000007153}",936768148158,5226551299,POINT (0.388680379357594 0.1769706903496249),,,,,,,,,,,,,,,,,,,,,,,,,,,,,,,,,,,,,,,,,,,,,,,,,,,,,,,,,,,,,,,,,,,,,,,,,,,,,,,,,,,,,,,,,,,,,,,,,,,1,,
0,15,28,"{'x': 746.2663283665804, 'y': 191.12834557759493, 'elapsedTime': 76680.30000007153}",936768164825,5226567965,POINT (0.388680379357594 0.1769706903496249),,,,,,,,,,,,,,,,,,,,,,,,,,,,,,,,,,,,,,,,,,,,,,,,,,,,,,,,,,,,,,,,,,,,,,,,,,,,,,,,,,,,,,,,,,,,,,,,,,,1,,
0,15,28,"{'x': 746.2663283665804, 'y': 191.12834557759493, 'elapsedTime': 76680.30000007153}",936768181492,5226584632,POINT (0.388680379357594 0.1769706903496249),,,,,,,,,,,,,,,,,,,,,,,,,,,,,,,,,,,,,,,,,,,,,,,,,,,,,,,,,,,,,,,,,,,,,,,,,,,,,,,,,,,,,,,,,,,,,,,,,,,1,,
0,15,28,"{'x': 700.6144811752438, 'y': 146.60409830903015, 'elapsedTime': 76728.20000004768}",936768198160,5226601299,POINT (0.3649033756121061 0.1357445354713242),,,,,,,,,,,,,,,,,,,,,,,,,,,,,,,,,,,,,,,,,,,,,,,,,,,,,,,,,,,,,,,,,,,,,,,,,,,,,,,,,,,,,,,,,,,,,,,,,,,,,
0,15,28,"{'x': 700.6144811752438, 'y': 146.60409830903015, 'elapsedTime': 76728.20000004768}",936768214826,5226617965,POINT (0.3649033756121061 0.1357445354713242),,,,,,,,,,,,,,,,,,,,,,,,,,,,,,,,,,,,,,,,,,,,,,,,,,,,,,,,,,,,,,,,,,,,,,,,,,,,,,,,,,,,,,,,,,,,,,,,,,,,,
0,15,28,"{'x': 700.6144811752438, 'y': 146.60409830903015, 'elapsedTime': 76728.20000004768}",936768231494,5226634632,POINT (0.3649033756121061 0.1357445354713242),,,,,,,,,,,,,,,,,,,,,,,,,,,,,,,,,,,,,,,,,,,,,,,,,,,,,,,,,,,,,,,,,,,,,,,,,,,,,,,,,,,,,,,,,,,,,,,,,,,,,
0,15,28,"{'x': 721.480400727052, 'y': 149.13111042359077, 'elapsedTime': 76783.20000004768}",936768248160,5226651298,POINT (0.3757710420453396 0.1380843615033248),,,,,,,,,,,,,,,,,,,,,,,,,,,,,,,,,,,,,,,,,,,,,,,,,,,,,,,,,,,,,,,,,,,,,,,,,,,,,,,,,,,,,,,,,,,,,,,,,,,,,
0,15,28,"{'x': 721.480400727052, 'y': 149.13111042359077, 'elapsedTime': 76783.20000004768}",936768264835,5226667972,POINT (0.3757710420453396 0.1380843615033248),,,,,,,,,,,,,,,,,,,,,,,,,,,,,,,,,,,,,,,,,,,,,,,,,,,,,,,,,,,,,,,,,,,,,,,,,,,,,,,,,,,,,,,,,,,,,,,,,,,,,
0,15,28,"{'x': 721.480400727052, 'y': 149.13111042359077, 'elapsedTime': 76783.20000004768}",936768281502,5226684639,POINT (0.3757710420453396 0.1380843615033248),,,,,,,,,,,,,,,,,,,,,,,,,,,,,,,,,,,,,,,,,,,,,,,,,,,,,,,,,,,,,,,,,,,,,,,,,,,,,,,,,,,,,,,,,,,,,,,,,,,,,
0,15,28,"{'x': 454.2404442581279, 'y': 355.4380650419106, 'elapsedTime': 76831.89999997616}",936768298169,5226701305,POINT (0.236583564717775 0.3291093194832506),,,,,,,,,,,,,,,,,,,,,,,,,,,,,,,,,,,,,,,,,,,,,,,,,,,,,,,,,,,,,,,,,,,,,,,,,,,,,,,,,,,,,,,,,,,,,,,,,,,,,
0,15,28,"{'x': 454.2404442581279, 'y': 355.4380650419106, 'elapsedTime': 76831.89999997616}",936768314836,5226717972,POINT (0.236583564717775 0.3291093194832506),,,,,,,,,,,,,,,,,,,,,,,,,,,,,,,,,,,,,,,,,,,,,,,,,,,,,,,,,,,,,,,,,,,,,,,,,,,,,,,,,,,,,,,,,,,,,,,,,,,,,
0,15,28,"{'x': 454.2404442581279, 'y': 355.4380650419106, 'elapsedTime': 76831.89999997616}",936768331503,5226734638,POINT (0.236583564717775 0.3291093194832506),,,,,,,,,,,,,,,,,,,,,,,,,,,,,,,,,,,,,,,,,,,,,,,,,,,,,,,,,,,,,,,,,,,,,,,,,,,,,,,,,,,,,,,,,,,,,,,,,,,,,
0,15,28,"{'x': 291.8173206034897, 'y': 528.5922627321522, 'elapsedTime': 76881.10000002384}",936768348170,5226751305,POINT (0.1519881878143176 0.4894372803075484),,,,,,,,,,,,,,,,,,,,,,,,,,,,,,,,,,,,,,,,,,,,,,,,,,,,,,,,,,,,,,,,,,,,,,,,,,,,,,,,,,,,,,,,,,,,,,,,,,,,,
0,15,28,"{'x': 291.8173206034897, 'y': 528.5922627321522, 'elapsedTime': 76881.10000002384}",936768364838,5226767972,POINT (0.1519881878143176 0.4894372803075484),,,,,,,,,,,,,,,,,,,,,,,,,,,,,,,,,,,,,,,,,,,,,,,,,,,,,,,,,,,,,,,,,,,,,,,,,,,,,,,,,,,,,,,,,,,,,,,,,,,,,
0,15,28,"{'x': 291.8173206034897, 'y': 528.5922627321522, 'elapsedTime': 76881.10000002384}",936768381506,5226784640,POINT (0.1519881878143176 0.4894372803075484),,,,,,,,,,,,,,,,,,,,,,,,,,,,,,,,,,,,,,,,,,,,,,,,,,,,,,,,,,,,,,,,,,,,,,,,,,,,,,,,,,,,,,,,,,,,,,,,,,,,,
0,15,28,"{'x': 429.7048013418105, 'y': 449.9236386125581, 'elapsedTime': 76928.10000002384}",936768398174,5226801307,POINT (0.223804584032193 0.4165959616782945),,,,,,,,,,,,,,,,,,,,,,,,,,,,,,,,,,,,,,,,,,,,,,,,,,,,,,,,,,,,,,,,,,,,,,,,,,,,,,,,,,,,,,,,,,,,,,,,,,,,,
0,15,28,"{'x': 429.7048013418105, 'y': 449.9236386125581, 'elapsedTime': 76928.10000002384}",936768414841,5226817974,POINT (0.223804584032193 0.4165959616782945),,,,,,,,,,,,,,,,,,,,,,,,,,,,,,,,,,,,,,,,,,,,,,,,,,,,,,,,,,,,,,,,,,,,,,,,,,,,,,,,,,,,,,,,,,,,,,,,,,,,,
0,15,28,"{'x': 458.9416334400784, 'y': 441.38491034750814, 'elapsedTime': 76977.5}",936768431508,5226834640,POINT (0.2390321007500408 0.4086897318032483),,,,,,,,,,,,,,,,,,,,,,,,,,,,,,,,,,,,,,,,,,,,,,,,,,,,,,,,,,,,,,,,,,,,,,,,,,,,,,,,,,,,,,,,,,,,,,,,,,,,,
0,15,28,"{'x': 458.9416334400784, 'y': 441.38491034750814, 'elapsedTime': 76977.5}",936768448176,5226851308,POINT (0.2390321007500408 0.4086897318032483),,,,,,,,,,,,,,,,,,,,,,,,,,,,,,,,,,,,,,,,,,,,,,,,,,,,,,,,,,,,,,,,,,,,,,,,,,,,,,,,,,,,,,,,,,,,,,,,,,,,,
0,15,28,"{'x': 458.9416334400784, 'y': 441.38491034750814, 'elapsedTime': 76977.5}",936768464843,5226867974,POINT (0.2390321007500408 0.4086897318032483),,,,,,,,,,,,,,,,,,,,,,,,,,,,,,,,,,,,,,,,,,,,,,,,,,,,,,,,,,,,,,,,,,,,,,,,,,,,,,,,,,,,,,,,,,,,,,,,,,,,,
0,15,28,"{'x': 394.97264859127176, 'y': 348.689991893138, 'elapsedTime': 77024.30000007153}",936768481510,5226884641,POINT (0.2057149211412874 0.3228611036047574),,,,,,,,,,,,,,,,,,,,,,,,,,,,,,,,,,,,,,,,,,,,,,,,,,,,,,,,,,,,,,,,,,,,,,,,,,,,,,,,,,,,,,,,,,,,,,,,,,,,,
0,15,28,"{'x': 394.97264859127176, 'y': 348.689991893138, 'elapsedTime': 77024.30000007153}",936768498178,5226901308,POINT (0.2057149211412874 0.3228611036047574),,,,,,,,,,,,,,,,,,,,,,,,,,,,,,,,,,,,,,,,,,,,,,,,,,,,,,,,,,,,,,,,,,,,,,,,,,,,,,,,,,,,,,,,,,,,,,,,,,,,,
0,15,28,"{'x': 394.97264859127176, 'y': 348.689991893138, 'elapsedTime': 77024.30000007153}",936768514850,5226917980,POINT (0.2057149211412874 0.3228611036047574),,,,,,,,,,,,,,,,,,,,,,,,,,,,,,,,,,,,,,,,,,,,,,,,,,,,,,,,,,,,,,,,,,,,,,,,,,,,,,,,,,,,,,,,,,,,,,,,,,,,,
0,15,28,"{'x': 346.94917736411054, 'y': 346.98352005556563, 'elapsedTime': 77072.10000002384}",936768531518,5226934647,POINT (0.1807026965438076 0.3212810370884867),,,,,,,,,,,,,,,,,,,,,,,,,,,,,,,,,,,,,,,,,,,,,,,,,,,,,,,,,,,,,,,,,,,,,,,,,,,,,,,,,,,,,,,,,,,,,,,,,,,,,
0,15,28,"{'x': 346.94917736411054, 'y': 346.98352005556563, 'elapsedTime': 77072.10000002384}",936768548185,5226951314,POINT (0.1807026965438076 0.3212810370884867),,,,,,,,,,,,,,,,,,,,,,,,,,,,,,,,,,,,,,,,,,,,,,,,,,,,,,,,,,,,,,,,,,,,,,,,,,,,,,,,,,,,,,,,,,,,,,,,,,,,,
0,15,28,"{'x': 346.94917736411054, 'y': 346.98352005556563, 'elapsedTime': 77072.10000002384}",936768564852,5226967980,POINT (0.1807026965438076 0.3212810370884867),,,,,,,,,,,,,,,,,,,,,,,,,,,,,,,,,,,,,,,,,,,,,,,,,,,,,,,,,,,,,,,,,,,,,,,,,,,,,,,,,,,,,,,,,,,,,,,,,,,,,
0,15,28,"{'x': 498.3551856343555, 'y': 346.49380324228395, 'elapsedTime': 77119.20000004768}",936768581519,5226984647,POINT (0.2595599925178935 0.3208275955947074),,,,,,,,,,,,,,,,,,,,,,,,,,,,,,,,,,,,,,,,,,,,,,,,,,,,,,,,,,,,,,,,,,,,,,,,,,,,,,,,,,,,,,,,,,,,,,,,,,,,,
0,15,28,"{'x': 498.3551856343555, 'y': 346.49380324228395, 'elapsedTime': 77119.20000004768}",936768598186,5227001313,POINT (0.2595599925178935 0.3208275955947074),,,,,,,,,,,,,,,,,,,,,,,,,,,,,,,,,,,,,,,,,,,,,,,,,,,,,,,,,,,,,,,,,,,,,,,,,,,,,,,,,,,,,,,,,,,,,,,,,,,,,
0,15,28,"{'x': 498.3551856343555, 'y': 346.49380324228395, 'elapsedTime': 77119.20000004768}",936768614853,5227017980,POINT (0.2595599925178935 0.3208275955947074),,,,,,,,,,,,,,,,,,,,,,,,,,,,,,,,,,,,,,,,,,,,,,,,,,,,,,,,,,,,,,,,,,,,,,,,,,,,,,,,,,,,,,,,,,,,,,,,,,,,,
0,15,28,"{'x': 543.6066887613895, 'y': 279.03144826701384, 'elapsedTime': 77166.80000007153}",936768631521,5227034647,POINT (0.2831284837298904 0.2583624520990869),,,,,,,,,,,,,,,,,,,,,,,,,,,,,,,,,,,,,,,,,,,,,,,,,,,,,,,,,,,,,,,,,,,,,,,,,,,,,,,1,,,,,,,,,,,,,,,,,,,,,1,
0,15,28,"{'x': 543.6066887613895, 'y': 279.03144826701384, 'elapsedTime': 77166.80000007153}",936768648193,5227051319,POINT (0.2831284837298904 0.2583624520990869),,,,,,,,,,,,,,,,,,,,,,,,,,,,,,,,,,,,,,,,,,,,,,,,,,,,,,,,,,,,,,,,,,,,,,,,,,,,,,,1,,,,,,,,,,,,,,,,,,,,,1,
0,15,28,"{'x': 543.6066887613895, 'y': 279.03144826701384, 'elapsedTime': 77166.80000007153}",936768664861,5227067986,POINT (0.2831284837298904 0.2583624520990869),,,,,,,,,,,,,,,,,,,,,,,,,,,,,,,,,,,,,,,,,,,,,,,,,,,,,,,,,,,,,,,,,,,,,,,,,,,,,,,1,,,,,,,,,,,,,,,,,,,,,1,
0,15,28,"{'x': 564.9722017016989, 'y': 180.30179861796435, 'elapsedTime': 77211.80000007153}",936768681527,5227084652,POINT (0.2942563550529682 0.1669461098314485),,,,,,,,,,,,,,,,,,,,,,,,,,,,,,,,,,,,,,,,,,,,,,,,,,,,,,,,,,,,,,,,,,,,,,,,,,,,,,,,,,,,,,,,,,,,,,,,,,,1,,
0,15,28,"{'x': 564.9722017016989, 'y': 180.30179861796435, 'elapsedTime': 77211.80000007153}",936768698195,5227101319,POINT (0.2942563550529682 0.1669461098314485),,,,,,,,,,,,,,,,,,,,,,,,,,,,,,,,,,,,,,,,,,,,,,,,,,,,,,,,,,,,,,,,,,,,,,,,,,,,,,,,,,,,,,,,,,,,,,,,,,,1,,
0,15,28,"{'x': 551.4088716158525, 'y': 151.9311381887254, 'elapsedTime': 77258.30000007153}",936768714862,5227117986,POINT (0.2871921206332565 0.1406769798043754),,,,,,,,,,,,,,,,,,,,,,,,,,,,,,,,,,,,,,,,,,,,,,,,,,,,,,,,,,,,,,,,,,,,,,,,,,,,,,,,,,,,,,,,,,,,,,,,,,,1,,
0,15,28,"{'x': 551.4088716158525, 'y': 151.9311381887254, 'elapsedTime': 77258.30000007153}",936768731529,5227134652,POINT (0.2871921206332565 0.1406769798043754),,,,,,,,,,,,,,,,,,,,,,,,,,,,,,,,,,,,,,,,,,,,,,,,,,,,,,,,,,,,,,,,,,,,,,,,,,,,,,,,,,,,,,,,,,,,,,,,,,,1,,
0,15,28,"{'x': 551.4088716158525, 'y': 151.9311381887254, 'elapsedTime': 77258.30000007153}",936768748196,5227151319,POINT (0.2871921206332565 0.1406769798043754),,,,,,,,,,,,,,,,,,,,,,,,,,,,,,,,,,,,,,,,,,,,,,,,,,,,,,,,,,,,,,,,,,,,,,,,,,,,,,,,,,,,,,,,,,,,,,,,,,,1,,
0,15,28,"{'x': 562.3584383932883, 'y': 150.3249043859443, 'elapsedTime': 77305.20000004768}",936768764864,5227167986,POINT (0.2928950199965044 0.1391897262832818),,,,,,,,,,,,,,,,,,,,,,,,,,,,,,,,,,,,,,,,,,,,,,,,,,,,,,,,,,,,,,,,,,,,,,,,,,,,,,,,,,,,,,,,,,,,,,,,,,,1,,
0,15,28,"{'x': 562.3584383932883, 'y': 150.3249043859443, 'elapsedTime': 77305.20000004768}",936768781536,5227184658,POINT (0.2928950199965044 0.1391897262832818),,,,,,,,,,,,,,,,,,,,,,,,,,,,,,,,,,,,,,,,,,,,,,,,,,,,,,,,,,,,,,,,,,,,,,,,,,,,,,,,,,,,,,,,,,,,,,,,,,,1,,
0,15,28,"{'x': 562.3584383932883, 'y': 150.3249043859443, 'elapsedTime': 77305.20000004768}",936768798203,5227201324,POINT (0.2928950199965044 0.1391897262832818),,,,,,,,,,,,,,,,,,,,,,,,,,,,,,,,,,,,,,,,,,,,,,,,,,,,,,,,,,,,,,,,,,,,,,,,,,,,,,,,,,,,,,,,,,,,,,,,,,,1,,
0,15,28,"{'x': 617.5701823269944, 'y': 167.8897558711995, 'elapsedTime': 77348.80000007153}",936768814870,5227217991,POINT (0.3216511366286429 0.155453477658518),,,,,,,,,,,,,,,,,,,,,,,,,,,,,,,,,,,,,,,,,,,,,,,,,,,,,,,,,,,,,,,,,,,,,,,,,,,,,,,,,,,,,,,,,,,,,,,,,,,1,,
0,15,28,"{'x': 617.5701823269944, 'y': 167.8897558711995, 'elapsedTime': 77348.80000007153}",936768831537,5227234657,POINT (0.3216511366286429 0.155453477658518),,,,,,,,,,,,,,,,,,,,,,,,,,,,,,,,,,,,,,,,,,,,,,,,,,,,,,,,,,,,,,,,,,,,,,,,,,,,,,,,,,,,,,,,,,,,,,,,,,,1,,
0,15,28,"{'x': 565.8530156285713, 'y': 190.11498439244102, 'elapsedTime': 77394.30000007153}",936768848204,5227251324,POINT (0.2947151123065475 0.1760323929559639),,,,,,,,,,,,,,,,,,,,,,,,,,,,,,,,,,,,,,,,,,,,,,,,,,,,,,,,,,,,,,,,,,,,,,,,,,,,,,,,,,,,,,,,,,,,,,,,,,,,,
0,15,28,"{'x': 565.8530156285713, 'y': 190.11498439244102, 'elapsedTime': 77394.30000007153}",936768864872,5227267991,POINT (0.2947151123065475 0.1760323929559639),,,,,,,,,,,,,,,,,,,,,,,,,,,,,,,,,,,,,,,,,,,,,,,,,,,,,,,,,,,,,,,,,,,,,,,,,,,,,,,,,,,,,,,,,,,,,,,,,,,,,
0,15,28,"{'x': 565.8530156285713, 'y': 190.11498439244102, 'elapsedTime': 77394.30000007153}",936768881538,5227284657,POINT (0.2947151123065475 0.1760323929559639),,,,,,,,,,,,,,,,,,,,,,,,,,,,,,,,,,,,,,,,,,,,,,,,,,,,,,,,,,,,,,,,,,,,,,,,,,,,,,,,,,,,,,,,,,,,,,,,,,,,,
0,15,28,"{'x': 540.9820299061678, 'y': 224.55171915879208, 'elapsedTime': 77441.20000004768}",936768898206,5227301324,POINT (0.2817614739094624 0.207918258480363),,,,,,,,,,,,,,,,,,,,,,,,,,,,,,,,1,,,,,,,,,,,,,,,,,,,,,,,,,,,,,,,,,,,,,,,,,,,,,,,,,,,,,,,,,,,,,,,,,,,,,
0,15,28,"{'x': 540.9820299061678, 'y': 224.55171915879208, 'elapsedTime': 77441.20000004768}",936768914875,5227317993,POINT (0.2817614739094624 0.207918258480363),,,,,,,,,,,,,,,,,,,,,,,,,,,,,,,,1,,,,,,,,,,,,,,,,,,,,,,,,,,,,,,,,,,,,,,,,,,,,,,,,,,,,,,,,,,,,,,,,,,,,,
0,15,28,"{'x': 540.9820299061678, 'y': 224.55171915879208, 'elapsedTime': 77441.20000004768}",936768931543,5227334660,POINT (0.2817614739094624 0.207918258480363),,,,,,,,,,,,,,,,,,,,,,,,,,,,,,,,1,,,,,,,,,,,,,,,,,,,,,,,,,,,,,,,,,,,,,,,,,,,,,,,,,,,,,,,,,,,,,,,,,,,,,
0,15,28,"{'x': 488.4875028551365, 'y': 260.1026355123066, 'elapsedTime': 77486.70000004768}",936768948210,5227351327,POINT (0.2544205744037169 0.2408357736225061),,,,,,,,,,,,,,,,,,,,,,,,,,,,,,,,,,,,,,,,,,,,,,,,,,,,,1,,,,,,,,,,,,,,,,,,,,,,,,,,,,,,,,,,,,,,,,,,,,,,,1,
0,15,28,"{'x': 488.4875028551365, 'y': 260.1026355123066, 'elapsedTime': 77486.70000004768}",936768964877,5227367993,POINT (0.2544205744037169 0.2408357736225061),,,,,,,,,,,,,,,,,,,,,,,,,,,,,,,,,,,,,,,,,,,,,,,,,,,,,1,,,,,,,,,,,,,,,,,,,,,,,,,,,,,,,,,,,,,,,,,,,,,,,1,
0,15,28,"{'x': 488.4875028551365, 'y': 260.1026355123066, 'elapsedTime': 77486.70000004768}",936768981544,5227384660,POINT (0.2544205744037169 0.2408357736225061),,,,,,,,,,,,,,,,,,,,,,,,,,,,,,,,,,,,,,,,,,,,,,,,,,,,,1,,,,,,,,,,,,,,,,,,,,,,,,,,,,,,,,,,,,,,,,,,,,,,,1,
0,15,28,"{'x': 484.192646762323, 'y': 273.87476702999345, 'elapsedTime': 77532.80000007153}",936768998212,5227401327,POINT (0.2521836701887099 0.2535877472499939),,,,,,,,,,,,,,,,,,,,,,,,,,,,,,,,,,,,,,,,,,,,,,,,,,,,,,,,,,,,,,,,,,,,,,,,,,,,,,,,,,,,,,,,,,,,,,,,,,,,1,
0,15,28,"{'x': 484.192646762323, 'y': 273.87476702999345, 'elapsedTime': 77532.80000007153}",936769014879,5227417994,POINT (0.2521836701887099 0.2535877472499939),,,,,,,,,,,,,,,,,,,,,,,,,,,,,,,,,,,,,,,,,,,,,,,,,,,,,,,,,,,,,,,,,,,,,,,,,,,,,,,,,,,,,,,,,,,,,,,,,,,,1,
0,15,28,"{'x': 484.192646762323, 'y': 273.87476702999345, 'elapsedTime': 77532.80000007153}",936769031547,5227434661,POINT (0.2521836701887099 0.2535877472499939),,,,,,,,,,,,,,,,,,,,,,,,,,,,,,,,,,,,,,,,,,,,,,,,,,,,,,,,,,,,,,,,,,,,,,,,,,,,,,,,,,,,,,,,,,,,,,,,,,,,1,
0,15,28,"{'x': 406.85815903331377, 'y': 289.9474045702646, 'elapsedTime': 77579.5}",936769048219,5227451333,POINT (0.2119052911631843 0.2684698190465413),,,,,,,,,,,,,,,,,,,,,,,,,,,,,,,,,,,,,,,,,,,,,,,,,,,,,,,,,,,,,,,,,,,,,,,,,,,,,,,,,,,,,,,,,,,,,,,,,,,,,
0,15,28,"{'x': 406.85815903331377, 'y': 289.9474045702646, 'elapsedTime': 77579.5}",936769064886,5227467999,POINT (0.2119052911631843 0.2684698190465413),,,,,,,,,,,,,,,,,,,,,,,,,,,,,,,,,,,,,,,,,,,,,,,,,,,,,,,,,,,,,,,,,,,,,,,,,,,,,,,,,,,,,,,,,,,,,,,,,,,,,
0,15,28,"{'x': 406.85815903331377, 'y': 289.9474045702646, 'elapsedTime': 77579.5}",936769081554,5227484667,POINT (0.2119052911631843 0.2684698190465413),,,,,,,,,,,,,,,,,,,,,,,,,,,,,,,,,,,,,,,,,,,,,,,,,,,,,,,,,,,,,,,,,,,,,,,,,,,,,,,,,,,,,,,,,,,,,,,,,,,,,
0,15,28,"{'x': 457.12166350506266, 'y': 297.32577429331235, 'elapsedTime': 77635.20000004768}",936769098221,5227501333,POINT (0.2380841997422201 0.2753016428641781),,,,,,,,,,,,,,,,,,,,,,,,,,,,,,,,,,,,,,,,,,,,,,,,,,,,,,,,,,,,,,,,,,,,,,,,,,,,,,,,,,,,,,,,,,,,,,,,,,,1,,
0,15,28,"{'x': 457.12166350506266, 'y': 297.32577429331235, 'elapsedTime': 77635.20000004768}",936769114887,5227517999,POINT (0.2380841997422201 0.2753016428641781),,,,,,,,,,,,,,,,,,,,,,,,,,,,,,,,,,,,,,,,,,,,,,,,,,,,,,,,,,,,,,,,,,,,,,,,,,,,,,,,,,,,,,,,,,,,,,,,,,,1,,
0,15,28,"{'x': 457.12166350506266, 'y': 297.32577429331235, 'elapsedTime': 77635.20000004768}",936769131555,5227534666,POINT (0.2380841997422201 0.2753016428641781),,,,,,,,,,,,,,,,,,,,,,,,,,,,,,,,,,,,,,,,,,,,,,,,,,,,,,,,,,,,,,,,,,,,,,,,,,,,,,,,,,,,,,,,,,,,,,,,,,,1,,
0,15,28,"{'x': 288.82894078351376, 'y': 334.28619232650135, 'elapsedTime': 77685.70000004768}",936769148222,5227551333,POINT (0.1504317399914134 0.3095242521541679),,,,,,,,,,,,,,,,,,,,,,,,,,,,,,,,,,,,,,,,,,,,,,,,,,,,,,,,,,,,,,,,,,,,,,,,,,,,,,,,,,,,,,,,,,,,,,,,,,,,,
0,15,28,"{'x': 288.82894078351376, 'y': 334.28619232650135, 'elapsedTime': 77685.70000004768}",936769164891,5227568001,POINT (0.1504317399914134 0.3095242521541679),,,,,,,,,,,,,,,,,,,,,,,,,,,,,,,,,,,,,,,,,,,,,,,,,,,,,,,,,,,,,,,,,,,,,,,,,,,,,,,,,,,,,,,,,,,,,,,,,,,,,
0,15,28,"{'x': 288.82894078351376, 'y': 334.28619232650135, 'elapsedTime': 77685.70000004768}",936769181557,5227584667,POINT (0.1504317399914134 0.3095242521541679),,,,,,,,,,,,,,,,,,,,,,,,,,,,,,,,,,,,,,,,,,,,,,,,,,,,,,,,,,,,,,,,,,,,,,,,,,,,,,,,,,,,,,,,,,,,,,,,,,,,,
0,15,28,"{'x': 319.63697834386386, 'y': 278.6004780957377, 'elapsedTime': 77733.60000002384}",936769198225,5227601334,POINT (0.1664775928874291 0.2579634056442016),,,,,,,,,,,,,,,,,,,,,,,,,,,,,,,,,,,,,,,,,,,,,,,,,,,,,,,,,,,,,,,,,,,,,,,,,,,,,,,,,,,,,,,,,,,,,,,,,,,,,
0,15,28,"{'x': 319.63697834386386, 'y': 278.6004780957377, 'elapsedTime': 77733.60000002384}",936769214892,5227618001,POINT (0.1664775928874291 0.2579634056442016),,,,,,,,,,,,,,,,,,,,,,,,,,,,,,,,,,,,,,,,,,,,,,,,,,,,,,,,,,,,,,,,,,,,,,,,,,,,,,,,,,,,,,,,,,,,,,,,,,,,,
0,15,28,"{'x': 319.63697834386386, 'y': 278.6004780957377, 'elapsedTime': 77733.60000002384}",936769231559,5227634667,POINT (0.1664775928874291 0.2579634056442016),,,,,,,,,,,,,,,,,,,,,,,,,,,,,,,,,,,,,,,,,,,,,,,,,,,,,,,,,,,,,,,,,,,,,,,,,,,,,,,,,,,,,,,,,,,,,,,,,,,,,
0,15,28,"{'x': 307.01152532903535, 'y': 256.44870985105496, 'elapsedTime': 77783.5}",936769248226,5227651334,POINT (0.1599018361088726 0.2374525091213472),,,,,,,,,,,,,,,,,,,,,,,,,,,,,,,,,,,,,,,,,,,,,,,,,,,,,,,,,,,,,,,,,,,,,,,,,,,,,,,,,,,,,,,,,,,,,,,,,,,,,
0,15,28,"{'x': 307.01152532903535, 'y': 256.44870985105496, 'elapsedTime': 77783.5}",936769264894,5227668001,POINT (0.1599018361088726 0.2374525091213472),,,,,,,,,,,,,,,,,,,,,,,,,,,,,,,,,,,,,,,,,,,,,,,,,,,,,,,,,,,,,,,,,,,,,,,,,,,,,,,,,,,,,,,,,,,,,,,,,,,,,
0,15,28,"{'x': 285.71343893525324, 'y': 208.1873371204394, 'elapsedTime': 77828}",936769281560,5227684667,POINT (0.1488090827787777 0.1927660528892957),,,,,,,,,,,,,,1,,,,,,,,,,,,,,,,,,,,,,,,,,,,,,,,,,,,,,,,,,,,,,,,,,,,,,,,,,,,,,,,,,,,,,,,,,,,,,,,,,,,,,,
0,15,28,"{'x': 285.71343893525324, 'y': 208.1873371204394, 'elapsedTime': 77828}",936769298237,5227701343,POINT (0.1488090827787777 0.1927660528892957),,,,,,,,,,,,,,1,,,,,,,,,,,,,,,,,,,,,,,,,,,,,,,,,,,,,,,,,,,,,,,,,,,,,,,,,,,,,,,,,,,,,,,,,,,,,,,,,,,,,,,
0,15,28,"{'x': 285.71343893525324, 'y': 208.1873371204394, 'elapsedTime': 77828}",936769314903,5227718009,POINT (0.1488090827787777 0.1927660528892957),,,,,,,,,,,,,,1,,,,,,,,,,,,,,,,,,,,,,,,,,,,,,,,,,,,,,,,,,,,,,,,,,,,,,,,,,,,,,,,,,,,,,,,,,,,,,,,,,,,,,,
0,15,28,"{'x': 296.6574476914258, 'y': 168.74576019052228, 'elapsedTime': 77874.89999997616}",936769331571,5227734676,POINT (0.1545090873392843 0.1562460742504836),,,,,,,,,,,,,,,,,,,,,,,,,,,,,,,,,,,,,,,,,,,,,,,,,,,,,,,,,,,,,,,,,,,,,,,,,,,,,,,,,,,,,,,,,,,,,,,,,,,,,
0,15,28,"{'x': 296.6574476914258, 'y': 168.74576019052228, 'elapsedTime': 77874.89999997616}",936769348238,5227751343,POINT (0.1545090873392843 0.1562460742504836),,,,,,,,,,,,,,,,,,,,,,,,,,,,,,,,,,,,,,,,,,,,,,,,,,,,,,,,,,,,,,,,,,,,,,,,,,,,,,,,,,,,,,,,,,,,,,,,,,,,,
0,15,28,"{'x': 296.6574476914258, 'y': 168.74576019052228, 'elapsedTime': 77874.89999997616}",936769364906,5227768010,POINT (0.1545090873392843 0.1562460742504836),,,,,,,,,,,,,,,,,,,,,,,,,,,,,,,,,,,,,,,,,,,,,,,,,,,,,,,,,,,,,,,,,,,,,,,,,,,,,,,,,,,,,,,,,,,,,,,,,,,,,
0,15,28,"{'x': 281.35986424137053, 'y': 170.29277632459835, 'elapsedTime': 77921.10000002384}",936769381572,5227784676,POINT (0.1465415959590471 0.1576784965968503),,,,,,,,,,,,,,,,,,,,,,,,,,,,,,,,,,,,,,,,,,,,,,,,,,,,,,,,,,,,,,,,,,,,,,,,,,,,,,,,,,,,,,,,,,,,,,,,,,,,,
0,15,28,"{'x': 281.35986424137053, 'y': 170.29277632459835, 'elapsedTime': 77921.10000002384}",936769398240,5227801343,POINT (0.1465415959590471 0.1576784965968503),,,,,,,,,,,,,,,,,,,,,,,,,,,,,,,,,,,,,,,,,,,,,,,,,,,,,,,,,,,,,,,,,,,,,,,,,,,,,,,,,,,,,,,,,,,,,,,,,,,,,
0,15,28,"{'x': 281.35986424137053, 'y': 170.29277632459835, 'elapsedTime': 77921.10000002384}",936769414907,5227818010,POINT (0.1465415959590471 0.1576784965968503),,,,,,,,,,,,,,,,,,,,,,,,,,,,,,,,,,,,,,,,,,,,,,,,,,,,,,,,,,,,,,,,,,,,,,,,,,,,,,,,,,,,,,,,,,,,,,,,,,,,,
0,15,28,"{'x': 284.56565527003954, 'y': 115.32561033460854, 'elapsedTime': 77964.70000004768}",936769431577,5227834680,POINT (0.1482112787864789 0.1067829725320449),,,,,,,,,,,,,,,,,,,,,,,,,,,,,,,,,,,,,,,,,,,,,,,,,,,,,,,,,,,,,,,,,,,,,,,,,,,,,,,,,,,,,,,,,,,,,,,,,,,,,
0,15,28,"{'x': 284.56565527003954, 'y': 115.32561033460854, 'elapsedTime': 77964.70000004768}",936769448245,5227851347,POINT (0.1482112787864789 0.1067829725320449),,,,,,,,,,,,,,,,,,,,,,,,,,,,,,,,,,,,,,,,,,,,,,,,,,,,,,,,,,,,,,,,,,,,,,,,,,,,,,,,,,,,,,,,,,,,,,,,,,,,,
0,15,28,"{'x': 284.56565527003954, 'y': 115.32561033460854, 'elapsedTime': 77964.70000004768}",936769464912,5227868014,POINT (0.1482112787864789 0.1067829725320449),,,,,,,,,,,,,,,,,,,,,,,,,,,,,,,,,,,,,,,,,,,,,,,,,,,,,,,,,,,,,,,,,,,,,,,,,,,,,,,,,,,,,,,,,,,,,,,,,,,,,
0,15,28,"{'x': 322.85252884761144, 'y': 91.8816661418415, 'elapsedTime': 78010.70000004768}",936769481579,5227884680,POINT (0.1681523587747976 0.0850756167980014),,,,,,,,,,,,,,,,,,,,,,,,,,,,,,,,,,,,,,,,,,,,,,,,,,,,,,,,,,,,,,,,,,,,,,,,,,,,,,,,,,,,,,,,,,,,,,,,,,,,,
0,15,28,"{'x': 322.85252884761144, 'y': 91.8816661418415, 'elapsedTime': 78010.70000004768}",936769498246,5227901347,POINT (0.1681523587747976 0.0850756167980014),,,,,,,,,,,,,,,,,,,,,,,,,,,,,,,,,,,,,,,,,,,,,,,,,,,,,,,,,,,,,,,,,,,,,,,,,,,,,,,,,,,,,,,,,,,,,,,,,,,,,
0,15,28,"{'x': 322.85252884761144, 'y': 91.8816661418415, 'elapsedTime': 78010.70000004768}",936769514914,5227918014,POINT (0.1681523587747976 0.0850756167980014),,,,,,,,,,,,,,,,,,,,,,,,,,,,,,,,,,,,,,,,,,,,,,,,,,,,,,,,,,,,,,,,,,,,,,,,,,,,,,,,,,,,,,,,,,,,,,,,,,,,,
0,15,28,"{'x': 347.4492288606104, 'y': 147.79067380831128, 'elapsedTime': 78065.30000007153}",936769531580,5227934680,POINT (0.1809631400315679 0.1368432164891771),,,,,,,,,,,,,,,,,,,,,,,,,,,,,,,,,,,,,,,,,,,,,,,,,,,,,,,,,,,,,,,,,,,,,,,,,,,,,,,,,,,,,,,,,,,,,,,,,,,,,
0,15,28,"{'x': 347.4492288606104, 'y': 147.79067380831128, 'elapsedTime': 78065.30000007153}",936769548248,5227951347,POINT (0.1809631400315679 0.1368432164891771),,,,,,,,,,,,,,,,,,,,,,,,,,,,,,,,,,,,,,,,,,,,,,,,,,,,,,,,,,,,,,,,,,,,,,,,,,,,,,,,,,,,,,,,,,,,,,,,,,,,,
0,15,28,"{'x': 347.4492288606104, 'y': 147.79067380831128, 'elapsedTime': 78065.30000007153}",936769564921,5227968020,POINT (0.1809631400315679 0.1368432164891771),,,,,,,,,,,,,,,,,,,,,,,,,,,,,,,,,,,,,,,,,,,,,,,,,,,,,,,,,,,,,,,,,,,,,,,,,,,,,,,,,,,,,,,,,,,,,,,,,,,,,
0,15,28,"{'x': 447.47728040489227, 'y': 141.68999293916136, 'elapsedTime': 78110.60000002384}",936769581589,5227984687,POINT (0.2330610835442147 0.1311944379066309),,,,,,,,,,,,,,,,,,,,,,,,,,,,,,,,,,,,,,,,,,,,,,,,,,,,,,,,,,,,,,,,,,,,,,,,,,,,,,,,,,,,,,,,,,,,,,,,,,,,,
0,15,28,"{'x': 447.47728040489227, 'y': 141.68999293916136, 'elapsedTime': 78110.60000002384}",936769598256,5228001354,POINT (0.2330610835442147 0.1311944379066309),,,,,,,,,,,,,,,,,,,,,,,,,,,,,,,,,,,,,,,,,,,,,,,,,,,,,,,,,,,,,,,,,,,,,,,,,,,,,,,,,,,,,,,,,,,,,,,,,,,,,
0,15,28,"{'x': 483.6590585918695, 'y': 144.4234555329772, 'elapsedTime': 78157.70000004768}",936769614923,5228018020,POINT (0.2519057596832653 0.1337254217897937),,,,,1,,,,,,,,,,,,,,,,,,,,,,,,,,,,,,,,,,,,,,,,,,,,,,,,,,,,,,,,,,,,,,,,,,,,,,,,,,,,,,,,,,,,,,,,,,,,,,,,
0,15,28,"{'x': 483.6590585918695, 'y': 144.4234555329772, 'elapsedTime': 78157.70000004768}",936769631590,5228034687,POINT (0.2519057596832653 0.1337254217897937),,,,,1,,,,,,,,,,,,,,,,,,,,,,,,,,,,,,,,,,,,,,,,,,,,,,,,,,,,,,,,,,,,,,,,,,,,,,,,,,,,,,,,,,,,,,,,,,,,,,,,
0,15,28,"{'x': 483.6590585918695, 'y': 144.4234555329772, 'elapsedTime': 78157.70000004768}",936769648257,5228051353,POINT (0.2519057596832653 0.1337254217897937),,,,,1,,,,,,,,,,,,,,,,,,,,,,,,,,,,,,,,,,,,,,,,,,,,,,,,,,,,,,,,,,,,,,,,,,,,,,,,,,,,,,,,,,,,,,,,,,,,,,,,
0,15,28,"{'x': 431.92877473057825, 'y': 141.81609807178515, 'elapsedTime': 78202.80000007153}",936769664925,5228068021,POINT (0.2249629035055095 0.1313112019183196),,,,,,,,,,,,,,,,,,,,,,,,,,,,,,,,,,,,,,,,,,,,,,,,,,,,,,,,,,,,,,,,,,,,,,,,,,,,,,,,,,,,,,,,,,,,,,,,,,,,,
0,15,28,"{'x': 431.92877473057825, 'y': 141.81609807178515, 'elapsedTime': 78202.80000007153}",936769681592,5228084687,POINT (0.2249629035055095 0.1313112019183196),,,,,,,,,,,,,,,,,,,,,,,,,,,,,,,,,,,,,,,,,,,,,,,,,,,,,,,,,,,,,,,,,,,,,,,,,,,,,,,,,,,,,,,,,,,,,,,,,,,,,
0,15,28,"{'x': 431.92877473057825, 'y': 141.81609807178515, 'elapsedTime': 78202.80000007153}",936769698262,5228101357,POINT (0.2249629035055095 0.1313112019183196),,,,,,,,,,,,,,,,,,,,,,,,,,,,,,,,,,,,,,,,,,,,,,,,,,,,,,,,,,,,,,,,,,,,,,,,,,,,,,,,,,,,,,,,,,,,,,,,,,,,,
0,15,28,"{'x': 511.60107828177183, 'y': 170.0919588145024, 'elapsedTime': 78246.80000007153}",936769714929,5228118023,POINT (0.2664588949384228 0.1574925544578726),,,,,,,,,,,,,,,,,,,,,,,,,,,,,,,,,,,,,,,,,,,,,,,,,,,,,,,,,,,,,,,,,,,,,,,,,,,,,,,,,,,,,,,,,,,,,,,,,,,1,,
0,15,28,"{'x': 511.60107828177183, 'y': 170.0919588145024, 'elapsedTime': 78246.80000007153}",936769731596,5228134690,POINT (0.2664588949384228 0.1574925544578726),,,,,,,,,,,,,,,,,,,,,,,,,,,,,,,,,,,,,,,,,,,,,,,,,,,,,,,,,,,,,,,,,,,,,,,,,,,,,,,,,,,,,,,,,,,,,,,,,,,1,,
0,15,28,"{'x': 511.60107828177183, 'y': 170.0919588145024, 'elapsedTime': 78246.80000007153}",936769748264,5228151357,POINT (0.2664588949384228 0.1574925544578726),,,,,,,,,,,,,,,,,,,,,,,,,,,,,,,,,,,,,,,,,,,,,,,,,,,,,,,,,,,,,,,,,,,,,,,,,,,,,,,,,,,,,,,,,,,,,,,,,,,1,,
0,15,28,"{'x': 601.2922281108503, 'y': 152.85256041705813, 'elapsedTime': 78294}",936769764930,5228168023,POINT (0.3131730354744012 0.1415301485343131),,,,,,,,,,,,,,,,,,,,,,,,,,,,,,,,,,,,,,,,,,,,,,,,,,,,,,,,,,,,,,,,,,,,,,,,,,,,,,,,,,,,,,,,,,,,,,,,,,,1,,
0,15,28,"{'x': 601.2922281108503, 'y': 152.85256041705813, 'elapsedTime': 78294}",936769781598,5228184690,POINT (0.3131730354744012 0.1415301485343131),,,,,,,,,,,,,,,,,,,,,,,,,,,,,,,,,,,,,,,,,,,,,,,,,,,,,,,,,,,,,,,,,,,,,,,,,,,,,,,,,,,,,,,,,,,,,,,,,,,1,,
0,15,28,"{'x': 700.8906326251459, 'y': 152.36184456235569, 'elapsedTime': 78343.5}",936769798265,5228201357,POINT (0.3650472044922635 0.1410757820021812),,,,,,,,,,,,,,,,,,,,,,,,,,,,,,,,,,,,,,,,,,,,,,,,,,,,,,,,,,,,,,,,,,,,,,,,,,,,,,,,,,,,,,,,,,,,,,,,,,,1,,
0,15,28,"{'x': 700.8906326251459, 'y': 152.36184456235569, 'elapsedTime': 78343.5}",936769814932,5228218023,POINT (0.3650472044922635 0.1410757820021812),,,,,,,,,,,,,,,,,,,,,,,,,,,,,,,,,,,,,,,,,,,,,,,,,,,,,,,,,,,,,,,,,,,,,,,,,,,,,,,,,,,,,,,,,,,,,,,,,,,1,,
0,15,28,"{'x': 700.8906326251459, 'y': 152.36184456235569, 'elapsedTime': 78343.5}",936769831603,5228234694,POINT (0.3650472044922635 0.1410757820021812),,,,,,,,,,,,,,,,,,,,,,,,,,,,,,,,,,,,,,,,,,,,,,,,,,,,,,,,,,,,,,,,,,,,,,,,,,,,,,,,,,,,,,,,,,,,,,,,,,,1,,
0,15,28,"{'x': 709.8146237951312, 'y': 215.60045582744837, 'elapsedTime': 78388.39999997616}",936769848271,5228251361,POINT (0.3696951165599642 0.1996300516920818),,,,,,,,,,,,,,,,,,,,,,,,,,,,,,,,,,,,,,,,,,,,,,,,,,,,,,,,,,,,,,,,,,,,,,,,,,,,,,,,,,,,,,,,,,,,,,,,,,,,,
0,15,28,"{'x': 709.8146237951312, 'y': 215.60045582744837, 'elapsedTime': 78388.39999997616}",936769864937,5228268027,POINT (0.3696951165599642 0.1996300516920818),,,,,,,,,,,,,,,,,,,,,,,,,,,,,,,,,,,,,,,,,,,,,,,,,,,,,,,,,,,,,,,,,,,,,,,,,,,,,,,,,,,,,,,,,,,,,,,,,,,,,
0,15,28,"{'x': 709.8146237951312, 'y': 215.60045582744837, 'elapsedTime': 78388.39999997616}",936769881605,5228284694,POINT (0.3696951165599642 0.1996300516920818),,,,,,,,,,,,,,,,,,,,,,,,,,,,,,,,,,,,,,,,,,,,,,,,,,,,,,,,,,,,,,,,,,,,,,,,,,,,,,,,,,,,,,,,,,,,,,,,,,,,,
0,15,28,"{'x': 621.0962387131287, 'y': 242.6780118056404, 'elapsedTime': 78434.30000007153}",936769898271,5228301360,POINT (0.3234876243297545 0.2247018627830004),,,,,,,,,,,,,,,,,,,,,,,,,,,,,,,,,,,,,,,,,,,,,,,,,,,,,,,,,,,,,,,,,,,,,,,,,,,,,,,,,,,,,,,,,,,,,,,,,,,,1,
0,15,28,"{'x': 621.0962387131287, 'y': 242.6780118056404, 'elapsedTime': 78434.30000007153}",936769914939,5228318027,POINT (0.3234876243297545 0.2247018627830004),,,,,,,,,,,,,,,,,,,,,,,,,,,,,,,,,,,,,,,,,,,,,,,,,,,,,,,,,,,,,,,,,,,,,,,,,,,,,,,,,,,,,,,,,,,,,,,,,,,,1,
0,15,28,"{'x': 621.0962387131287, 'y': 242.6780118056404, 'elapsedTime': 78434.30000007153}",936769931606,5228334694,POINT (0.3234876243297545 0.2247018627830004),,,,,,,,,,,,,,,,,,,,,,,,,,,,,,,,,,,,,,,,,,,,,,,,,,,,,,,,,,,,,,,,,,,,,,,,,,,,,,,,,,,,,,,,,,,,,,,,,,,,1,
0,15,28,"{'x': 593.3220939806339, 'y': 216.70357771234802, 'elapsedTime': 78481.70000004768}",936769948274,5228351361,POINT (0.3090219239482468 0.2006514608447667),,,,,,,,,,,,,,,,,,,,,,,,,,,,,,,,,,,,,,,,,,,,,,,,,,,,,,,,,,,,,,,,,,,,,,,,,,,,,,,,,,,,,,,,,,,,,,,,,,,,,
0,15,28,"{'x': 593.3220939806339, 'y': 216.70357771234802, 'elapsedTime': 78481.70000004768}",936769964945,5228368032,POINT (0.3090219239482468 0.2006514608447667),,,,,,,,,,,,,,,,,,,,,,,,,,,,,,,,,,,,,,,,,,,,,,,,,,,,,,,,,,,,,,,,,,,,,,,,,,,,,,,,,,,,,,,,,,,,,,,,,,,,,
0,15,28,"{'x': 593.3220939806339, 'y': 216.70357771234802, 'elapsedTime': 78481.70000004768}",936769981612,5228384698,POINT (0.3090219239482468 0.2006514608447667),,,,,,,,,,,,,,,,,,,,,,,,,,,,,,,,,,,,,,,,,,,,,,,,,,,,,,,,,,,,,,,,,,,,,,,,,,,,,,,,,,,,,,,,,,,,,,,,,,,,,
0,15,28,"{'x': 537.7913463110411, 'y': 269.3575351919084, 'elapsedTime': 78527.70000004768}",936769998279,5228401365,POINT (0.2800996595370006 0.249405125177693),,,,,,,,,,,,,,,,,,,,,,,,,,,,,,,,,,,,,,,,,,,,,,,,,,,,,,,,,,,,,,,,,,,,,,,,,,,,,,,,,,,,,,,,,,,,,,,,,,,,1,
0,15,28,"{'x': 537.7913463110411, 'y': 269.3575351919084, 'elapsedTime': 78527.70000004768}",936770014947,5228418032,POINT (0.2800996595370006 0.249405125177693),,,,,,,,,,,,,,,,,,,,,,,,,,,,,,,,,,,,,,,,,,,,,,,,,,,,,,,,,,,,,,,,,,,,,,,,,,,,,,,,,,,,,,,,,,,,,,,,,,,,1,
0,15,28,"{'x': 537.7913463110411, 'y': 269.3575351919084, 'elapsedTime': 78527.70000004768}",936770031614,5228434699,POINT (0.2800996595370006 0.249405125177693),,,,,,,,,,,,,,,,,,,,,,,,,,,,,,,,,,,,,,,,,,,,,,,,,,,,,,,,,,,,,,,,,,,,,,,,,,,,,,,,,,,,,,,,,,,,,,,,,,,,1,
0,15,28,"{'x': 537.7913463110411, 'y': 269.3575351919084, 'elapsedTime': 78527.70000004768}",936770048281,5228451365,POINT (0.2800996595370006 0.249405125177693),,,,,,,,,,,,,,,,,,,,,,,,,,,,,,,,,,,,,,,,,,,,,,,,,,,,,,,,,,,,,,,,,,,,,,,,,,,,,,,,,,,,,,,,,,,,,,,,,,,,1,
0,15,28,"{'x': 507.8310672136084, 'y': 261.48331343074733, 'elapsedTime': 78576.39999997616}",936770064948,5228468032,POINT (0.2644953475070877 0.2421141791025438),,,,,,,,,,,,,,,,,,,,,,,,,,,,,,,,,,,,,,,,,,,,,,,,,,,,,,,,,,,,,,,,,,,,,,,,,,,,,,,,,,,,,,,,,,,,,,,,,,,,1,
0,15,28,"{'x': 507.8310672136084, 'y': 261.48331343074733, 'elapsedTime': 78576.39999997616}",936770081616,5228484699,POINT (0.2644953475070877 0.2421141791025438),,,,,,,,,,,,,,,,,,,,,,,,,,,,,,,,,,,,,,,,,,,,,,,,,,,,,,,,,,,,,,,,,,,,,,,,,,,,,,,,,,,,,,,,,,,,,,,,,,,,1,
0,15,28,"{'x': 446.0097105823831, 'y': 310.4877335243836, 'elapsedTime': 78644.80000007153}",936770098284,5228501367,POINT (0.2322967242616579 0.287488642152207),,,,,,,,,,,,,,,,,,,,,,,,,,,,,,,,,,,,,,,,,,,,,,,,,,,,,,,,,,,,,,,,,,,,,,,,,,,,,,,,,,,,,,,,,,,,,,,,,,,1,,
0,15,28,"{'x': 446.0097105823831, 'y': 310.4877335243836, 'elapsedTime': 78644.80000007153}",936770114952,5228518034,POINT (0.2322967242616579 0.287488642152207),,,,,,,,,,,,,,,,,,,,,,,,,,,,,,,,,,,,,,,,,,,,,,,,,,,,,,,,,,,,,,,,,,,,,,,,,,,,,,,,,,,,,,,,,,,,,,,,,,,1,,
0,15,28,"{'x': 446.0097105823831, 'y': 310.4877335243836, 'elapsedTime': 78644.80000007153}",936770131619,5228534701,POINT (0.2322967242616579 0.287488642152207),,,,,,,,,,,,,,,,,,,,,,,,,,,,,,,,,,,,,,,,,,,,,,,,,,,,,,,,,,,,,,,,,,,,,,,,,,,,,,,,,,,,,,,,,,,,,,,,,,,1,,
0,15,28,"{'x': 458.3720077228044, 'y': 362.1181387479153, 'elapsedTime': 78689.80000007153}",936770148286,5228551367,POINT (0.2387354206889606 0.3352945729147364),,,,,,,,,,,,,,,,,,,,,,,,,,,,,,,,,,,,,,,,,,,,,,,,,,,,,,,,,,,,,,,,,,,,,,,,,,,,,,,,,,,,,,,,,,,,,,,,,,,,,
0,15,28,"{'x': 458.3720077228044, 'y': 362.1181387479153, 'elapsedTime': 78689.80000007153}",936770164953,5228568034,POINT (0.2387354206889606 0.3352945729147364),,,,,,,,,,,,,,,,,,,,,,,,,,,,,,,,,,,,,,,,,,,,,,,,,,,,,,,,,,,,,,,,,,,,,,,,,,,,,,,,,,,,,,,,,,,,,,,,,,,,,
0,15,28,"{'x': 458.3720077228044, 'y': 362.1181387479153, 'elapsedTime': 78689.80000007153}",936770181620,5228584700,POINT (0.2387354206889606 0.3352945729147364),,,,,,,,,,,,,,,,,,,,,,,,,,,,,,,,,,,,,,,,,,,,,,,,,,,,,,,,,,,,,,,,,,,,,,,,,,,,,,,,,,,,,,,,,,,,,,,,,,,,,
0,15,28,"{'x': 427.71583612108964, 'y': 399.3402412787406, 'elapsedTime': 78736}",936770198287,5228601367,POINT (0.2227686646464008 0.3697594826655006),,,,,,,,,,,,,,,,,,,,,,,,,,,,,,,,,,,,,,,,,,,,,,,,,,,,,,,,,,,,,,,,,,,,,,,,,,,,,,,,,,,,,,,,,,,,,,,,,,,,,
0,15,28,"{'x': 427.71583612108964, 'y': 399.3402412787406, 'elapsedTime': 78736}",936770214955,5228618034,POINT (0.2227686646464008 0.3697594826655006),,,,,,,,,,,,,,,,,,,,,,,,,,,,,,,,,,,,,,,,,,,,,,,,,,,,,,,,,,,,,,,,,,,,,,,,,,,,,,,,,,,,,,,,,,,,,,,,,,,,,
0,15,28,"{'x': 427.71583612108964, 'y': 399.3402412787406, 'elapsedTime': 78736}",936770231628,5228634707,POINT (0.2227686646464008 0.3697594826655006),,,,,,,,,,,,,,,,,,,,,,,,,,,,,,,,,,,,,,,,,,,,,,,,,,,,,,,,,,,,,,,,,,,,,,,,,,,,,,,,,,,,,,,,,,,,,,,,,,,,,
0,15,28,"{'x': 509.23912994099396, 'y': 365.07008435266033, 'elapsedTime': 78781.39999997616}",936770248296,5228651374,POINT (0.2652287135109344 0.3380278558820929),,,,,,,,,,,,,,,,,,,,,,,,,,,,,,,,,,,,,,,,,,,,,,,,,,,,,,,,,,,,,,,,,,,,,,,,,,,,,,,,,,,,,,,,,,,,,,,,,,,,,
0,15,28,"{'x': 509.23912994099396, 'y': 365.07008435266033, 'elapsedTime': 78781.39999997616}",936770264963,5228668041,POINT (0.2652287135109344 0.3380278558820929),,,,,,,,,,,,,,,,,,,,,,,,,,,,,,,,,,,,,,,,,,,,,,,,,,,,,,,,,,,,,,,,,,,,,,,,,,,,,,,,,,,,,,,,,,,,,,,,,,,,,
0,15,28,"{'x': 392.3007207729473, 'y': 399.5627624917201, 'elapsedTime': 78826.60000002384}",936770281631,5228684708,POINT (0.2043232920692434 0.3699655208256668),,,,,,,,,,,,,,,,,,,,,,,,,,,,,,,,,,,,,,,,,,,,,,,,,,,,,,,,,,,,,,,,,,,,,,,,,,,,,,,,,,,,,,,,,,,,,,,,,,,,,
0,15,28,"{'x': 392.3007207729473, 'y': 399.5627624917201, 'elapsedTime': 78826.60000002384}",936770298297,5228701374,POINT (0.2043232920692434 0.3699655208256668),,,,,,,,,,,,,,,,,,,,,,,,,,,,,,,,,,,,,,,,,,,,,,,,,,,,,,,,,,,,,,,,,,,,,,,,,,,,,,,,,,,,,,,,,,,,,,,,,,,,,
0,15,28,"{'x': 392.3007207729473, 'y': 399.5627624917201, 'elapsedTime': 78826.60000002384}",936770314965,5228718041,POINT (0.2043232920692434 0.3699655208256668),,,,,,,,,,,,,,,,,,,,,,,,,,,,,,,,,,,,,,,,,,,,,,,,,,,,,,,,,,,,,,,,,,,,,,,,,,,,,,,,,,,,,,,,,,,,,,,,,,,,,
0,15,28,"{'x': 345.06405269444247, 'y': 423.86214168104766, 'elapsedTime': 78873}",936770331632,5228734708,POINT (0.1797208607783554 0.39246494600097),,,,,,,,,,,,,,,,,,,,,,,,,,,,,,,,,,,,,,,,,,,,,,,,,,,,,,,,,,,,,,,,,,,,,,,,,,,,,,,,,,,,,,,,,,,,,,,,,,,,,
0,15,28,"{'x': 345.06405269444247, 'y': 423.86214168104766, 'elapsedTime': 78873}",936770348301,5228751376,POINT (0.1797208607783554 0.39246494600097),,,,,,,,,,,,,,,,,,,,,,,,,,,,,,,,,,,,,,,,,,,,,,,,,,,,,,,,,,,,,,,,,,,,,,,,,,,,,,,,,,,,,,,,,,,,,,,,,,,,,
0,15,28,"{'x': 345.06405269444247, 'y': 423.86214168104766, 'elapsedTime': 78873}",936770364968,5228768043,POINT (0.1797208607783554 0.39246494600097),,,,,,,,,,,,,,,,,,,,,,,,,,,,,,,,,,,,,,,,,,,,,,,,,,,,,,,,,,,,,,,,,,,,,,,,,,,,,,,,,,,,,,,,,,,,,,,,,,,,,
0,15,28,"{'x': 316.1619910111763, 'y': 473.18222131707853, 'elapsedTime': 78917.30000007153}",936770381636,5228784710,POINT (0.1646677036516543 0.4381316864047024),,,,,,,,,,,,,,,,,,,,,,,,,,,,,,,,,,,,,,,,,,,,,,,,,,,,,,,,,,,,,,,,,,,,,,,,,,,,,,,,,,,,,,,,,,,,,,,,,,,,,
0,15,28,"{'x': 316.1619910111763, 'y': 473.18222131707853, 'elapsedTime': 78917.30000007153}",936770398302,5228801376,POINT (0.1646677036516543 0.4381316864047024),,,,,,,,,,,,,,,,,,,,,,,,,,,,,,,,,,,,,,,,,,,,,,,,,,,,,,,,,,,,,,,,,,,,,,,,,,,,,,,,,,,,,,,,,,,,,,,,,,,,,
0,15,28,"{'x': 316.1619910111763, 'y': 473.18222131707853, 'elapsedTime': 78917.30000007153}",936770414970,5228818043,POINT (0.1646677036516543 0.4381316864047024),,,,,,,,,,,,,,,,,,,,,,,,,,,,,,,,,,,,,,,,,,,,,,,,,,,,,,,,,,,,,,,,,,,,,,,,,,,,,,,,,,,,,,,,,,,,,,,,,,,,,
0,15,28,"{'x': 436.586929624557, 'y': 455.7167087373878, 'elapsedTime': 78973.5}",936770431636,5228834709,POINT (0.2273890258461234 0.4219599154975813),,,,,,,,,,,,,,,,,,,,,,,,,,,,,,,,,,,,,,,,,,,,,,,,,,,,,,,,,,,,,,,,,,,,,,,,,,,,,,,,,,,,,,,,,,,,,,,,,,,,,
0,15,28,"{'x': 436.586929624557, 'y': 455.7167087373878, 'elapsedTime': 78973.5}",936770448304,5228851376,POINT (0.2273890258461234 0.4219599154975813),,,,,,,,,,,,,,,,,,,,,,,,,,,,,,,,,,,,,,,,,,,,,,,,,,,,,,,,,,,,,,,,,,,,,,,,,,,,,,,,,,,,,,,,,,,,,,,,,,,,,
0,15,28,"{'x': 436.586929624557, 'y': 455.7167087373878, 'elapsedTime': 78973.5}",936770464971,5228868043,POINT (0.2273890258461234 0.4219599154975813),,,,,,,,,,,,,,,,,,,,,,,,,,,,,,,,,,,,,,,,,,,,,,,,,,,,,,,,,,,,,,,,,,,,,,,,,,,,,,,,,,,,,,,,,,,,,,,,,,,,,
0,15,28,"{'x': 408.48537603949177, 'y': 476.7495753406171, 'elapsedTime': 79019.70000004768}",936770481644,5228884715,POINT (0.2127528000205686 0.4414347919820529),,,,,,,,,,,,,,,,,,,,,,,,,,,,,,,,,,,,,,,,,,,,,,,,,,,,,,,,,,,,,,,,,,,,,,,,,,,,,,,,,,,,,,,,,,,,,,,,,,,,,
0,15,28,"{'x': 408.48537603949177, 'y': 476.7495753406171, 'elapsedTime': 79019.70000004768}",936770498310,5228901381,POINT (0.2127528000205686 0.4414347919820529),,,,,,,,,,,,,,,,,,,,,,,,,,,,,,,,,,,,,,,,,,,,,,,,,,,,,,,,,,,,,,,,,,,,,,,,,,,,,,,,,,,,,,,,,,,,,,,,,,,,,
0,15,28,"{'x': 408.48537603949177, 'y': 476.7495753406171, 'elapsedTime': 79019.70000004768}",936770514977,5228918047,POINT (0.2127528000205686 0.4414347919820529),,,,,,,,,,,,,,,,,,,,,,,,,,,,,,,,,,,,,,,,,,,,,,,,,,,,,,,,,,,,,,,,,,,,,,,,,,,,,,,,,,,,,,,,,,,,,,,,,,,,,
0,15,28,"{'x': 446.1734618256611, 'y': 498.74318372584025, 'elapsedTime': 79064.20000004768}",936770531645,5228934715,POINT (0.2323820113675318 0.4617992441905928),,,,,,,,,,,,,,,,,,,,,,,,,,,,,,,,,,,,,,,,,,,,,,,,,,,,,,,,,,,,,,,,,,,,,,,,,,,,,,,,,,,,,,,,,,,,,,,,,,,,,
0,15,28,"{'x': 446.1734618256611, 'y': 498.74318372584025, 'elapsedTime': 79064.20000004768}",936770548312,5228951381,POINT (0.2323820113675318 0.4617992441905928),,,,,,,,,,,,,,,,,,,,,,,,,,,,,,,,,,,,,,,,,,,,,,,,,,,,,,,,,,,,,,,,,,,,,,,,,,,,,,,,,,,,,,,,,,,,,,,,,,,,,
0,15,28,"{'x': 474.2973443440007, 'y': 524.1032334758969, 'elapsedTime': 79108.5}",936770564979,5228968048,POINT (0.2470298668458337 0.4852807717369416),,,,,,,,,,,,,,,,,,,,,,,,,,,,,,,,,,,,,,,,,,,,,,,,,,,,,,,,,,,,,,,,,,,,,,,,,,,,,,,,,,,,,,,,,,,,,,,,,,,,,
0,15,28,"{'x': 474.2973443440007, 'y': 524.1032334758969, 'elapsedTime': 79108.5}",936770581647,5228984715,POINT (0.2470298668458337 0.4852807717369416),,,,,,,,,,,,,,,,,,,,,,,,,,,,,,,,,,,,,,,,,,,,,,,,,,,,,,,,,,,,,,,,,,,,,,,,,,,,,,,,,,,,,,,,,,,,,,,,,,,,,
0,15,28,"{'x': 474.2973443440007, 'y': 524.1032334758969, 'elapsedTime': 79108.5}",936770598313,5229001381,POINT (0.2470298668458337 0.4852807717369416),,,,,,,,,,,,,,,,,,,,,,,,,,,,,,,,,,,,,,,,,,,,,,,,,,,,,,,,,,,,,,,,,,,,,,,,,,,,,,,,,,,,,,,,,,,,,,,,,,,,,
0,15,28,"{'x': 422.64395304314246, 'y': 497.02715191282346, 'elapsedTime': 79153.89999997616}",936770614988,5229018055,POINT (0.2201270588766367 0.4602103258452069),,,,,,,,,,,,,,,,,,,,,,,,,,,,,,,,,,,,,,,,,,,,,,,,,,,,,,,,,,,,,,,,,,,,,,,,,,,,,,,,,,,,,,,,,,,,,,,,,,,,,
0,15,28,"{'x': 422.64395304314246, 'y': 497.02715191282346, 'elapsedTime': 79153.89999997616}",936770631655,5229034722,POINT (0.2201270588766367 0.4602103258452069),,,,,,,,,,,,,,,,,,,,,,,,,,,,,,,,,,,,,,,,,,,,,,,,,,,,,,,,,,,,,,,,,,,,,,,,,,,,,,,,,,,,,,,,,,,,,,,,,,,,,
0,15,28,"{'x': 422.64395304314246, 'y': 497.02715191282346, 'elapsedTime': 79153.89999997616}",936770648322,5229051388,POINT (0.2201270588766367 0.4602103258452069),,,,,,,,,,,,,,,,,,,,,,,,,,,,,,,,,,,,,,,,,,,,,,,,,,,,,,,,,,,,,,,,,,,,,,,,,,,,,,,,,,,,,,,,,,,,,,,,,,,,,
0,15,28,"{'x': 373.3920687902861, 'y': 509.0097214803052, 'elapsedTime': 79199.70000004768}",936770664989,5229068055,POINT (0.194475035828274 0.4713052976669492),,,,,,,,,,,,,,,,,,,,,,,,,,,,,,,,,,,,,,,,,,,,,,,,,,,,,,,,,,,,,,,,,,,,,,,,,,,,,,,,,,,,,,,,,,,,,,,,,,,,,
0,15,28,"{'x': 373.3920687902861, 'y': 509.0097214803052, 'elapsedTime': 79199.70000004768}",936770681657,5229084722,POINT (0.194475035828274 0.4713052976669492),,,,,,,,,,,,,,,,,,,,,,,,,,,,,,,,,,,,,,,,,,,,,,,,,,,,,,,,,,,,,,,,,,,,,,,,,,,,,,,,,,,,,,,,,,,,,,,,,,,,,
0,15,28,"{'x': 373.3920687902861, 'y': 509.0097214803052, 'elapsedTime': 79199.70000004768}",936770698323,5229101388,POINT (0.194475035828274 0.4713052976669492),,,,,,,,,,,,,,,,,,,,,,,,,,,,,,,,,,,,,,,,,,,,,,,,,,,,,,,,,,,,,,,,,,,,,,,,,,,,,,,,,,,,,,,,,,,,,,,,,,,,,
0,15,28,"{'x': 377.6649733162859, 'y': 503.68288847795526, 'elapsedTime': 79246.20000004768}",936770714991,5229118055,POINT (0.1967005069355656 0.4663730448869956),,,,,,,,,,,,,,,,,,,,,,,,,,,,,,,,,,,,,,,,,,,,,,,,,,,,,,,,,,,,,,,,,,,,,,,,,,,,,,,,,,,,,,,,,,,,,,,,,,,,,
0,15,28,"{'x': 377.6649733162859, 'y': 503.68288847795526, 'elapsedTime': 79246.20000004768}",936770731657,5229134721,POINT (0.1967005069355656 0.4663730448869956),,,,,,,,,,,,,,,,,,,,,,,,,,,,,,,,,,,,,,,,,,,,,,,,,,,,,,,,,,,,,,,,,,,,,,,,,,,,,,,,,,,,,,,,,,,,,,,,,,,,,
0,15,28,"{'x': 377.6649733162859, 'y': 503.68288847795526, 'elapsedTime': 79246.20000004768}",936770748326,5229151389,POINT (0.1967005069355656 0.4663730448869956),,,,,,,,,,,,,,,,,,,,,,,,,,,,,,,,,,,,,,,,,,,,,,,,,,,,,,,,,,,,,,,,,,,,,,,,,,,,,,,,,,,,,,,,,,,,,,,,,,,,,
0,15,28,"{'x': 375.08981328346727, 'y': 471.08503567717344, 'elapsedTime': 79294.39999997616}",936770764993,5229168056,POINT (0.1953592777518059 0.4361898478492346),,,,,,,,,,,,,,,,,,,,,,,,,,,,,,,,,,,,,,,,,,,,,,,,,,,,,,,,,,,,,,,,,,,,,,,,,,,,,,,,,,,,,,,,,,,,,,,,,,,,,
0,15,28,"{'x': 375.08981328346727, 'y': 471.08503567717344, 'elapsedTime': 79294.39999997616}",936770781660,5229184722,POINT (0.1953592777518059 0.4361898478492346),,,,,,,,,,,,,,,,,,,,,,,,,,,,,,,,,,,,,,,,,,,,,,,,,,,,,,,,,,,,,,,,,,,,,,,,,,,,,,,,,,,,,,,,,,,,,,,,,,,,,
0,15,28,"{'x': 465.1221127492173, 'y': 420.05242725973375, 'elapsedTime': 79342.5}",936770798327,5229201389,POINT (0.2422511003902174 0.3889374326479016),,,,,,,,,,,,,,,,,,,,,,,,,,,,,,,,,,,,,,,,,,,,,,,,,,,,,,,,,,,,,,,,,,,,,,,,,,,,,,,,,,,,,,,,,,,,,,,,,,,,,
0,15,28,"{'x': 465.1221127492173, 'y': 420.05242725973375, 'elapsedTime': 79342.5}",936770814995,5229218056,POINT (0.2422511003902174 0.3889374326479016),,,,,,,,,,,,,,,,,,,,,,,,,,,,,,,,,,,,,,,,,,,,,,,,,,,,,,,,,,,,,,,,,,,,,,,,,,,,,,,,,,,,,,,,,,,,,,,,,,,,,
0,15,28,"{'x': 465.1221127492173, 'y': 420.05242725973375, 'elapsedTime': 79342.5}",936770831661,5229234722,POINT (0.2422511003902174 0.3889374326479016),,,,,,,,,,,,,,,,,,,,,,,,,,,,,,,,,,,,,,,,,,,,,,,,,,,,,,,,,,,,,,,,,,,,,,,,,,,,,,,,,,,,,,,,,,,,,,,,,,,,,
0,15,28,"{'x': 368.397156801702, 'y': 413.2138670453276, 'elapsedTime': 79388.5}",936770848329,5229251389,POINT (0.1918735191675531 0.3826054324493774),,,,,,,,,,,,,,,,,,,,,,,,,,,,,,,,,,,,,,,,,,,,,,,,,,,,,,,,,,,,,,,,,,,,,,,,,,,,,,,,,,,,,,,,,,,,,,,,,,,,,
0,15,28,"{'x': 368.397156801702, 'y': 413.2138670453276, 'elapsedTime': 79388.5}",936770864996,5229268056,POINT (0.1918735191675531 0.3826054324493774),,,,,,,,,,,,,,,,,,,,,,,,,,,,,,,,,,,,,,,,,,,,,,,,,,,,,,,,,,,,,,,,,,,,,,,,,,,,,,,,,,,,,,,,,,,,,,,,,,,,,
0,15,28,"{'x': 368.397156801702, 'y': 413.2138670453276, 'elapsedTime': 79388.5}",936770881670,5229284729,POINT (0.1918735191675531 0.3826054324493774),,,,,,,,,,,,,,,,,,,,,,,,,,,,,,,,,,,,,,,,,,,,,,,,,,,,,,,,,,,,,,,,,,,,,,,,,,,,,,,,,,,,,,,,,,,,,,,,,,,,,
0,15,28,"{'x': 384.7758164469976, 'y': 383.87966258203494, 'elapsedTime': 79437.89999997616}",936770898337,5229301396,POINT (0.2004040710661446 0.3554441320204027),,,,,,,,,,,,,,,,,,,,,,,,,,,,,,,,,,,,,,,,,,,,,,,,,,,,,,,,,,,,,,,,,,,,,,,,,,,,,,,,,,,,,,,,,,,,,,,,,,,,,
0,15,28,"{'x': 384.7758164469976, 'y': 383.87966258203494, 'elapsedTime': 79437.89999997616}",936770915005,5229318063,POINT (0.2004040710661446 0.3554441320204027),,,,,,,,,,,,,,,,,,,,,,,,,,,,,,,,,,,,,,,,,,,,,,,,,,,,,,,,,,,,,,,,,,,,,,,,,,,,,,,,,,,,,,,,,,,,,,,,,,,,,
0,15,28,"{'x': 384.7758164469976, 'y': 383.87966258203494, 'elapsedTime': 79437.89999997616}",936770931671,5229334729,POINT (0.2004040710661446 0.3554441320204027),,,,,,,,,,,,,,,,,,,,,,,,,,,,,,,,,,,,,,,,,,,,,,,,,,,,,,,,,,,,,,,,,,,,,,,,,,,,,,,,,,,,,,,,,,,,,,,,,,,,,
0,15,28,"{'x': 384.7758164469976, 'y': 383.87966258203494, 'elapsedTime': 79437.89999997616}",936770948339,5229351396,POINT (0.2004040710661446 0.3554441320204027),,,,,,,,,,,,,,,,,,,,,,,,,,,,,,,,,,,,,,,,,,,,,,,,,,,,,,,,,,,,,,,,,,,,,,,,,,,,,,,,,,,,,,,,,,,,,,,,,,,,,
0,15,28,"{'x': 333.9179869790265, 'y': 402.19411575265485, 'elapsedTime': 79487.39999997616}",936770965006,5229368063,POINT (0.173915618218243 0.372401959030236),,,,,,,,,,,,,,,,,,,,,,,,,,,,,,,,,,,,,,,,,,,,,,,,,,,,,,,,,,,,,,,,,,,,,,,,,,,,,,,,,,,,,,,,,,,,,,,,,,,,,
0,15,28,"{'x': 333.9179869790265, 'y': 402.19411575265485, 'elapsedTime': 79487.39999997616}",936770981673,5229384729,POINT (0.173915618218243 0.372401959030236),,,,,,,,,,,,,,,,,,,,,,,,,,,,,,,,,,,,,,,,,,,,,,,,,,,,,,,,,,,,,,,,,,,,,,,,,,,,,,,,,,,,,,,,,,,,,,,,,,,,,
0,15,28,"{'x': 333.9179869790265, 'y': 402.19411575265485, 'elapsedTime': 79487.39999997616}",936770998340,5229401396,POINT (0.173915618218243 0.372401959030236),,,,,,,,,,,,,,,,,,,,,,,,,,,,,,,,,,,,,,,,,,,,,,,,,,,,,,,,,,,,,,,,,,,,,,,,,,,,,,,,,,,,,,,,,,,,,,,,,,,,,
0,15,28,"{'x': 333.9179869790265, 'y': 402.19411575265485, 'elapsedTime': 79487.39999997616}",936771015013,5229418068,POINT (0.173915618218243 0.372401959030236),,,,,,,,,,,,,,,,,,,,,,,,,,,,,,,,,,,,,,,,,,,,,,,,,,,,,,,,,,,,,,,,,,,,,,,,,,,,,,,,,,,,,,,,,,,,,,,,,,,,,
0,15,28,"{'x': 302.6982551883885, 'y': 385.78172576894224, 'elapsedTime': 79538.80000007153}",936771031679,5229434734,POINT (0.1576553412439523 0.3572053016379095),,,,,,,,,,,,,,,,,,,,,,,,,,,,,,,,,,,,,,,,,,,,,,,,,,,,,,,,,,,,,,,,,,,,,,,,,,,,,,,,,,,,,,,,,,,,,,,,,,,,,
0,15,28,"{'x': 302.6982551883885, 'y': 385.78172576894224, 'elapsedTime': 79538.80000007153}",936771048347,5229451401,POINT (0.1576553412439523 0.3572053016379095),,,,,,,,,,,,,,,,,,,,,,,,,,,,,,,,,,,,,,,,,,,,,,,,,,,,,,,,,,,,,,,,,,,,,,,,,,,,,,,,,,,,,,,,,,,,,,,,,,,,,
0,15,28,"{'x': 223.00294742823445, 'y': 393.0420359306577, 'elapsedTime': 79592.70000004768}",936771065014,5229468068,POINT (0.1161473684522054 0.3639278110469052),,,,,,,,,,,,,,,,,,,,,,,,,,,,,,,,,,,,,,,,,,,,,,,,,,,,,,,,,,,,,,,,,,,,,,,,,,,,,,,,,,,,,,,,,,,,,,,,,,,,,
0,15,28,"{'x': 223.00294742823445, 'y': 393.0420359306577, 'elapsedTime': 79592.70000004768}",936771081681,5229484734,POINT (0.1161473684522054 0.3639278110469052),,,,,,,,,,,,,,,,,,,,,,,,,,,,,,,,,,,,,,,,,,,,,,,,,,,,,,,,,,,,,,,,,,,,,,,,,,,,,,,,,,,,,,,,,,,,,,,,,,,,,
0,15,28,"{'x': 223.00294742823445, 'y': 393.0420359306577, 'elapsedTime': 79592.70000004768}",936771098348,5229501401,POINT (0.1161473684522054 0.3639278110469052),,,,,,,,,,,,,,,,,,,,,,,,,,,,,,,,,,,,,,,,,,,,,,,,,,,,,,,,,,,,,,,,,,,,,,,,,,,,,,,,,,,,,,,,,,,,,,,,,,,,,
0,15,28,"{'x': 319.1437766798024, 'y': 374.29696912770015, 'elapsedTime': 79657.10000002384}",936771115016,5229518068,POINT (0.1662207170207304 0.3465712677108335),,,,,,,,,,,,,,,,,,,,,,,,,,,,,,,,,,,,,,,,,,,,,,,,,,,,,,,,,,,,,,,,,,,,,,,,,,,,,,,,,,,,,,,,,,,,,,,,,,,,,
0,15,28,"{'x': 319.1437766798024, 'y': 374.29696912770015, 'elapsedTime': 79657.10000002384}",936771131682,5229534734,POINT (0.1662207170207304 0.3465712677108335),,,,,,,,,,,,,,,,,,,,,,,,,,,,,,,,,,,,,,,,,,,,,,,,,,,,,,,,,,,,,,,,,,,,,,,,,,,,,,,,,,,,,,,,,,,,,,,,,,,,,
0,15,28,"{'x': 319.1437766798024, 'y': 374.29696912770015, 'elapsedTime': 79657.10000002384}",936771148355,5229551406,POINT (0.1662207170207304 0.3465712677108335),,,,,,,,,,,,,,,,,,,,,,,,,,,,,,,,,,,,,,,,,,,,,,,,,,,,,,,,,,,,,,,,,,,,,,,,,,,,,,,,,,,,,,,,,,,,,,,,,,,,,
0,15,28,"{'x': 327.4292169435867, 'y': 437.90227161777364, 'elapsedTime': 79704.39999997616}",936771165021,5229568072,POINT (0.1705360504914514 0.4054650663127534),,,,,,,,,,,,,,,,,,,,,,,,,,,,,,,,,,,,,,,,,,,,,,,,,,,,,,,,,,,,,,,,,,,,,,,,,,,,,,,,,,,,,,,,,,,,,,,,,,,,,
0,15,28,"{'x': 327.4292169435867, 'y': 437.90227161777364, 'elapsedTime': 79704.39999997616}",936771181689,5229584739,POINT (0.1705360504914514 0.4054650663127534),,,,,,,,,,,,,,,,,,,,,,,,,,,,,,,,,,,,,,,,,,,,,,,,,,,,,,,,,,,,,,,,,,,,,,,,,,,,,,,,,,,,,,,,,,,,,,,,,,,,,
0,15,28,"{'x': 327.4292169435867, 'y': 437.90227161777364, 'elapsedTime': 79704.39999997616}",936771198355,5229601405,POINT (0.1705360504914514 0.4054650663127534),,,,,,,,,,,,,,,,,,,,,,,,,,,,,,,,,,,,,,,,,,,,,,,,,,,,,,,,,,,,,,,,,,,,,,,,,,,,,,,,,,,,,,,,,,,,,,,,,,,,,
0,15,28,"{'x': 195.91561638310492, 'y': 516.5287486429454, 'elapsedTime': 79749.80000007153}",936771215024,5229618073,POINT (0.1020393835328672 0.4782673598545791),,,,,,,,,,,,,,,,,,,,,,,,,,,,,,,,,,,,,,,,,,,,,,,,,,,,,,,,,,,,,,,,,,,,,,,,,,,,,,,,,,,,,,,,,,,,,,,,,,,,,
0,15,28,"{'x': 195.91561638310492, 'y': 516.5287486429454, 'elapsedTime': 79749.80000007153}",936771231690,5229634739,POINT (0.1020393835328672 0.4782673598545791),,,,,,,,,,,,,,,,,,,,,,,,,,,,,,,,,,,,,,,,,,,,,,,,,,,,,,,,,,,,,,,,,,,,,,,,,,,,,,,,,,,,,,,,,,,,,,,,,,,,,
0,15,28,"{'x': 195.91561638310492, 'y': 516.5287486429454, 'elapsedTime': 79749.80000007153}",936771248357,5229651405,POINT (0.1020393835328672 0.4782673598545791),,,,,,,,,,,,,,,,,,,,,,,,,,,,,,,,,,,,,,,,,,,,,,,,,,,,,,,,,,,,,,,,,,,,,,,,,,,,,,,,,,,,,,,,,,,,,,,,,,,,,
0,15,28,"{'x': 197.0434009890388, 'y': 535.553818454858, 'elapsedTime': 79842.60000002384}",936771265029,5229668077,POINT (0.1026267713484577 0.4958831652359796),,,,,,,,,,,,,,,,,,,,,,,,,,,,,,,,,,,,,,,,,,,,,,,,,,,,,,,,,,,,,,,,,,,,,,,,,,,,,,,,,,,,,,,,,,,,,,,,,,,,,
0,15,28,"{'x': 197.0434009890388, 'y': 535.553818454858, 'elapsedTime': 79842.60000002384}",936771281697,5229684744,POINT (0.1026267713484577 0.4958831652359796),,,,,,,,,,,,,,,,,,,,,,,,,,,,,,,,,,,,,,,,,,,,,,,,,,,,,,,,,,,,,,,,,,,,,,,,,,,,,,,,,,,,,,,,,,,,,,,,,,,,,
0,15,28,"{'x': 197.0434009890388, 'y': 535.553818454858, 'elapsedTime': 79842.60000002384}",936771298364,5229701411,POINT (0.1026267713484577 0.4958831652359796),,,,,,,,,,,,,,,,,,,,,,,,,,,,,,,,,,,,,,,,,,,,,,,,,,,,,,,,,,,,,,,,,,,,,,,,,,,,,,,,,,,,,,,,,,,,,,,,,,,,,
0,15,28,"{'x': 197.0434009890388, 'y': 535.553818454858, 'elapsedTime': 79842.60000002384}",936771315031,5229718077,POINT (0.1026267713484577 0.4958831652359796),,,,,,,,,,,,,,,,,,,,,,,,,,,,,,,,,,,,,,,,,,,,,,,,,,,,,,,,,,,,,,,,,,,,,,,,,,,,,,,,,,,,,,,,,,,,,,,,,,,,,
0,15,28,"{'x': 197.0434009890388, 'y': 535.553818454858, 'elapsedTime': 79842.60000002384}",936771331697,5229734743,POINT (0.1026267713484577 0.4958831652359796),,,,,,,,,,,,,,,,,,,,,,,,,,,,,,,,,,,,,,,,,,,,,,,,,,,,,,,,,,,,,,,,,,,,,,,,,,,,,,,,,,,,,,,,,,,,,,,,,,,,,
0,15,28,"{'x': 265.998512867573, 'y': 460.77605102798975, 'elapsedTime': 79889.20000004768}",936771348366,5229751411,POINT (0.1385408921185276 0.4266444916925831),,,,,,,,,,,,,,,,,,,,,,,,,,,,,,,,,,,,,,,,,,,,,,,,,,,,,,,,,,,,,,,,,,,,,,,,,,,,,,,,,,,,,,,,,,,,,,,,,,,,,
0,15,28,"{'x': 265.998512867573, 'y': 460.77605102798975, 'elapsedTime': 79889.20000004768}",936771365032,5229768077,POINT (0.1385408921185276 0.4266444916925831),,,,,,,,,,,,,,,,,,,,,,,,,,,,,,,,,,,,,,,,,,,,,,,,,,,,,,,,,,,,,,,,,,,,,,,,,,,,,,,,,,,,,,,,,,,,,,,,,,,,,
0,15,28,"{'x': 265.998512867573, 'y': 460.77605102798975, 'elapsedTime': 79889.20000004768}",936771381700,5229784744,POINT (0.1385408921185276 0.4266444916925831),,,,,,,,,,,,,,,,,,,,,,,,,,,,,,,,,,,,,,,,,,,,,,,,,,,,,,,,,,,,,,,,,,,,,,,,,,,,,,,,,,,,,,,,,,,,,,,,,,,,,
0,15,28,"{'x': 249.58960952293316, 'y': 464.58349021463124, 'elapsedTime': 79937.39999997616}",936771398371,5229801415,POINT (0.1299945882931944 0.4301698983468808),,,,,,,,,,,,,,,,,,,,,,,,,,,,,,,,,,,,,,,,,,,,,,,,,,,,,,,,,,,,,,,,,,,,,,,,,,,,,,,,,,,,,,,,,,,,,,,,,,,,,
0,15,28,"{'x': 249.58960952293316, 'y': 464.58349021463124, 'elapsedTime': 79937.39999997616}",936771415037,5229818081,POINT (0.1299945882931944 0.4301698983468808),,,,,,,,,,,,,,,,,,,,,,,,,,,,,,,,,,,,,,,,,,,,,,,,,,,,,,,,,,,,,,,,,,,,,,,,,,,,,,,,,,,,,,,,,,,,,,,,,,,,,
0,15,28,"{'x': 249.58960952293316, 'y': 464.58349021463124, 'elapsedTime': 79937.39999997616}",936771431704,5229834748,POINT (0.1299945882931944 0.4301698983468808),,,,,,,,,,,,,,,,,,,,,,,,,,,,,,,,,,,,,,,,,,,,,,,,,,,,,,,,,,,,,,,,,,,,,,,,,,,,,,,,,,,,,,,,,,,,,,,,,,,,,
0,15,28,"{'x': 353.35790334593156, 'y': 408.1732635334419, 'elapsedTime': 79984.5}",936771448372,5229851415,POINT (0.1840405746593394 0.3779382069754092),,,,,,,,,,,,,,,,,,,,,,,,,,,,,,,,,,,,,,,,,,,,,,,,,,,,,,,,,,,,,,,,,,,,,,,,,,,,,,,,,,,,,,,,,,,,,,,,,,,,,
0,15,28,"{'x': 353.35790334593156, 'y': 408.1732635334419, 'elapsedTime': 79984.5}",936771465038,5229868081,POINT (0.1840405746593394 0.3779382069754092),,,,,,,,,,,,,,,,,,,,,,,,,,,,,,,,,,,,,,,,,,,,,,,,,,,,,,,,,,,,,,,,,,,,,,,,,,,,,,,,,,,,,,,,,,,,,,,,,,,,,
0,15,28,"{'x': 353.35790334593156, 'y': 408.1732635334419, 'elapsedTime': 79984.5}",936771481705,5229884748,POINT (0.1840405746593394 0.3779382069754092),,,,,,,,,,,,,,,,,,,,,,,,,,,,,,,,,,,,,,,,,,,,,,,,,,,,,,,,,,,,,,,,,,,,,,,,,,,,,,,,,,,,,,,,,,,,,,,,,,,,,
0,15,28,"{'x': 399.3162745602767, 'y': 376.92939107855557, 'elapsedTime': 80031.70000004768}",936771498371,5229901414,POINT (0.2079772263334775 0.349008695443107),,,,,,,,,,,,,,,,,,,,,,,,,,,,,,,,,,,,,,,,,,,,,,,,,,,,,,,,,,,,,,,,,,,,,,,,,,,,,,,,,,,,,,,,,,,,,,,,,,,,,
0,15,28,"{'x': 399.3162745602767, 'y': 376.92939107855557, 'elapsedTime': 80031.70000004768}",936771515039,5229918081,POINT (0.2079772263334775 0.349008695443107),,,,,,,,,,,,,,,,,,,,,,,,,,,,,,,,,,,,,,,,,,,,,,,,,,,,,,,,,,,,,,,,,,,,,,,,,,,,,,,,,,,,,,,,,,,,,,,,,,,,,
0,15,28,"{'x': 399.3162745602767, 'y': 376.92939107855557, 'elapsedTime': 80031.70000004768}",936771531710,5229934753,POINT (0.2079772263334775 0.349008695443107),,,,,,,,,,,,,,,,,,,,,,,,,,,,,,,,,,,,,,,,,,,,,,,,,,,,,,,,,,,,,,,,,,,,,,,,,,,,,,,,,,,,,,,,,,,,,,,,,,,,,
0,15,28,"{'x': 347.6864669540869, 'y': 429.02226071493675, 'elapsedTime': 80077.60000002384}",936771548378,5229951420,POINT (0.1810867015385869 0.3972428339953118),,,,,,,,,,,,,,,,,,,,,,,,,,,,,,,,,,,,,,,,,,,,,,,,,,,,,,,,,,,,,,,,,,,,,,,,,,,,,,,,,,,,,,,,,,,,,,,,,,,,,
0,15,28,"{'x': 347.6864669540869, 'y': 429.02226071493675, 'elapsedTime': 80077.60000002384}",936771565044,5229968086,POINT (0.1810867015385869 0.3972428339953118),,,,,,,,,,,,,,,,,,,,,,,,,,,,,,,,,,,,,,,,,,,,,,,,,,,,,,,,,,,,,,,,,,,,,,,,,,,,,,,,,,,,,,,,,,,,,,,,,,,,,
0,15,28,"{'x': 507.7290143988793, 'y': 464.66854631464247, 'elapsedTime': 80125.89999997616}",936771581710,5229984752,POINT (0.2644421949994163 0.4302486539950393),,,,,,,,,,,,,,,,,,,,,,,,,,,,,,,,,,,,,,,,,,,,,,,,,,,,,,,,,,,,,,,,,,,,,,,,,,,,,,,,,,,,,,,,,,,,,,,,,,,,,
0,15,28,"{'x': 507.7290143988793, 'y': 464.66854631464247, 'elapsedTime': 80125.89999997616}",936771598377,5230001419,POINT (0.2644421949994163 0.4302486539950393),,,,,,,,,,,,,,,,,,,,,,,,,,,,,,,,,,,,,,,,,,,,,,,,,,,,,,,,,,,,,,,,,,,,,,,,,,,,,,,,,,,,,,,,,,,,,,,,,,,,,
0,15,28,"{'x': 507.7290143988793, 'y': 464.66854631464247, 'elapsedTime': 80125.89999997616}",936771615045,5230018086,POINT (0.2644421949994163 0.4302486539950393),,,,,,,,,,,,,,,,,,,,,,,,,,,,,,,,,,,,,,,,,,,,,,,,,,,,,,,,,,,,,,,,,,,,,,,,,,,,,,,,,,,,,,,,,,,,,,,,,,,,,
0,15,28,"{'x': 638.1625958914291, 'y': 443.6394057735115, 'elapsedTime': 80173.20000004768}",936771631712,5230034753,POINT (0.332376352026786 0.4107772275680662),,,,,,,,,,,,,,,,,,,,,,,,,,,,,,,,,,,,,,,,,,,,,,,,,,,,,,,,,,,,,,,,,,,,,,,,,,,,,,,,,,,,,,,,,,,,,,,,,,,,,
0,15,28,"{'x': 638.1625958914291, 'y': 443.6394057735115, 'elapsedTime': 80173.20000004768}",936771648379,5230051420,POINT (0.332376352026786 0.4107772275680662),,,,,,,,,,,,,,,,,,,,,,,,,,,,,,,,,,,,,,,,,,,,,,,,,,,,,,,,,,,,,,,,,,,,,,,,,,,,,,,,,,,,,,,,,,,,,,,,,,,,,
0,15,28,"{'x': 638.1625958914291, 'y': 443.6394057735115, 'elapsedTime': 80173.20000004768}",936771665050,5230068091,POINT (0.332376352026786 0.4107772275680662),,,,,,,,,,,,,,,,,,,,,,,,,,,,,,,,,,,,,,,,,,,,,,,,,,,,,,,,,,,,,,,,,,,,,,,,,,,,,,,,,,,,,,,,,,,,,,,,,,,,,
0,15,28,"{'x': 662.557912085713, 'y': 411.2208828519412, 'elapsedTime': 80220.89999997616}",936771681716,5230084757,POINT (0.3450822458779755 0.3807600767147604),,,,,,,,,,,,,,,,,,,,,,,,,,,,,,,,,,,,,,,,,,,,,,,,,,,,,,,,,,,,,,,,,,,,,,,,,,,,,,,,,,,,,,,,,,,,,,,,,,,,,
0,15,28,"{'x': 662.557912085713, 'y': 411.2208828519412, 'elapsedTime': 80220.89999997616}",936771698383,5230101424,POINT (0.3450822458779755 0.3807600767147604),,,,,,,,,,,,,,,,,,,,,,,,,,,,,,,,,,,,,,,,,,,,,,,,,,,,,,,,,,,,,,,,,,,,,,,,,,,,,,,,,,,,,,,,,,,,,,,,,,,,,
0,15,28,"{'x': 662.557912085713, 'y': 411.2208828519412, 'elapsedTime': 80220.89999997616}",936771715048,5230118089,POINT (0.3450822458779755 0.3807600767147604),,,,,,,,,,,,,,,,,,,,,,,,,,,,,,,,,,,,,,,,,,,,,,,,,,,,,,,,,,,,,,,,,,,,,,,,,,,,,,,,,,,,,,,,,,,,,,,,,,,,,
0,15,28,"{'x': 733.8127630450887, 'y': 404.6098810399938, 'elapsedTime': 80266.70000004768}",936771731718,5230134758,POINT (0.382194147419317 0.374638778740735),,,,,,,,,,,,,,,,,,,,,,,,,,,,,,,,,,,,,,,,,,,,,,,,,,,,,,,,,,,,,,,,,,,,,,,,,,,,,,,,,,,,,,,,,,,,,,,,,,,,,
0,15,28,"{'x': 733.8127630450887, 'y': 404.6098810399938, 'elapsedTime': 80266.70000004768}",936771748385,5230151425,POINT (0.382194147419317 0.374638778740735),,,,,,,,,,,,,,,,,,,,,,,,,,,,,,,,,,,,,,,,,,,,,,,,,,,,,,,,,,,,,,,,,,,,,,,,,,,,,,,,,,,,,,,,,,,,,,,,,,,,,
0,15,28,"{'x': 733.8127630450887, 'y': 404.6098810399938, 'elapsedTime': 80266.70000004768}",936771765049,5230168089,POINT (0.382194147419317 0.374638778740735),,,,,,,,,,,,,,,,,,,,,,,,,,,,,,,,,,,,,,,,,,,,,,,,,,,,,,,,,,,,,,,,,,,,,,,,,,,,,,,,,,,,,,,,,,,,,,,,,,,,,
0,15,28,"{'x': 804.411630038791, 'y': 323.3840503171393, 'elapsedTime': 80314.60000002384}",936771781717,5230184757,POINT (0.4189643906452037 0.2994296762195734),,,,,,,,,,,,,,,,,,,,,,,,,,,,,,,,,,,,,,,,,,,,,,,,,,,,,,,,,,,,,,,,,,,,,,,,,,,,,,,,,,,,,,,,,,,,,,,,,,,,1,
0,15,28,"{'x': 804.411630038791, 'y': 323.3840503171393, 'elapsedTime': 80314.60000002384}",936771798387,5230201426,POINT (0.4189643906452037 0.2994296762195734),,,,,,,,,,,,,,,,,,,,,,,,,,,,,,,,,,,,,,,,,,,,,,,,,,,,,,,,,,,,,,,,,,,,,,,,,,,,,,,,,,,,,,,,,,,,,,,,,,,,1,
0,15,28,"{'x': 804.411630038791, 'y': 323.3840503171393, 'elapsedTime': 80314.60000002384}",936771815053,5230218093,POINT (0.4189643906452037 0.2994296762195734),,,,,,,,,,,,,,,,,,,,,,,,,,,,,,,,,,,,,,,,,,,,,,,,,,,,,,,,,,,,,,,,,,,,,,,,,,,,,,,,,,,,,,,,,,,,,,,,,,,,1,
0,15,28,"{'x': 905.3547754255181, 'y': 216.970094955447, 'elapsedTime': 80363.39999997616}",936771831721,5230234760,POINT (0.471538945534124 0.2008982360698583),,,,,,,,,,,,,,,,,,,,,,,,,,,,,,,,,,,,,,,1,,,,,,,,,,,,,,,,,,,,,,,,,,,,,,,,,,,,,,,,,,,,,,,,,,,,,,,,,,,,1,,
0,15,28,"{'x': 905.3547754255181, 'y': 216.970094955447, 'elapsedTime': 80363.39999997616}",936771848387,5230251426,POINT (0.471538945534124 0.2008982360698583),,,,,,,,,,,,,,,,,,,,,,,,,,,,,,,,,,,,,,,1,,,,,,,,,,,,,,,,,,,,,,,,,,,,,,,,,,,,,,,,,,,,,,,,,,,,,,,,,,,,1,,
0,15,28,"{'x': 905.3547754255181, 'y': 216.970094955447, 'elapsedTime': 80363.39999997616}",936771865053,5230268091,POINT (0.471538945534124 0.2008982360698583),,,,,,,,,,,,,,,,,,,,,,,,,,,,,,,,,,,,,,,1,,,,,,,,,,,,,,,,,,,,,,,,,,,,,,,,,,,,,,,,,,,,,,,,,,,,,,,,,,,,1,,
0,15,28,"{'x': 905.2611683836118, 'y': 215.79809496753361, 'elapsedTime': 80411.30000007153}",936771881719,5230284758,POINT (0.4714901918664645 0.1998130508958645),,,,,,,,,,,,,,,,,,,,,,,,,,,,,,,,,,,,,,,1,,,,,,,,,,,,,,,,,,,,,,,,,,,,,,,,,,,,,,,,,,,,,,,,,,,,,,,,,,,,1,,
0,15,28,"{'x': 905.2611683836118, 'y': 215.79809496753361, 'elapsedTime': 80411.30000007153}",936771898386,5230301424,POINT (0.4714901918664645 0.1998130508958645),,,,,,,,,,,,,,,,,,,,,,,,,,,,,,,,,,,,,,,1,,,,,,,,,,,,,,,,,,,,,,,,,,,,,,,,,,,,,,,,,,,,,,,,,,,,,,,,,,,,1,,
0,15,28,"{'x': 905.2611683836118, 'y': 215.79809496753361, 'elapsedTime': 80411.30000007153}",936771915053,5230318091,POINT (0.4714901918664645 0.1998130508958645),,,,,,,,,,,,,,,,,,,,,,,,,,,,,,,,,,,,,,,1,,,,,,,,,,,,,,,,,,,,,,,,,,,,,,,,,,,,,,,,,,,,,,,,,,,,,,,,,,,,1,,
0,15,28,"{'x': 878.3464592867105, 'y': 225.78083450949572, 'elapsedTime': 80463.70000004768}",936771931726,5230334764,POINT (0.4574721142118284 0.2090563282495331),,,,,,,,,,,,,,,,,,,,,,,,,,,,,,,,,,,,,,,,,,,,,,,,,,,,,,,,,,,,,,,,,,,,,,,,,,,,,,,,,,,,,,,,,,,,,,,,,,,,,
0,15,28,"{'x': 878.3464592867105, 'y': 225.78083450949572, 'elapsedTime': 80463.70000004768}",936771948393,5230351431,POINT (0.4574721142118284 0.2090563282495331),,,,,,,,,,,,,,,,,,,,,,,,,,,,,,,,,,,,,,,,,,,,,,,,,,,,,,,,,,,,,,,,,,,,,,,,,,,,,,,,,,,,,,,,,,,,,,,,,,,,,
0,15,28,"{'x': 878.3464592867105, 'y': 225.78083450949572, 'elapsedTime': 80463.70000004768}",936771965061,5230368098,POINT (0.4574721142118284 0.2090563282495331),,,,,,,,,,,,,,,,,,,,,,,,,,,,,,,,,,,,,,,,,,,,,,,,,,,,,,,,,,,,,,,,,,,,,,,,,,,,,,,,,,,,,,,,,,,,,,,,,,,,,
0,15,28,"{'x': 928.5383637911498, 'y': 207.84910890082253, 'elapsedTime': 80517.89999997616}",936771981728,5230384765,POINT (0.4836137311412239 0.1924528786118727),,,,,,,,,,,,,,,,,,,,,,,,,,,,,,,,,,,,,,,,,,,,,,,,,,,,,,,,,,,,,,,,,,,,,,,,,,,,,,,,,,,,,,,,,,,,,,,,,,,1,,
0,15,28,"{'x': 928.5383637911498, 'y': 207.84910890082253, 'elapsedTime': 80517.89999997616}",936771998396,5230401433,POINT (0.4836137311412239 0.1924528786118727),,,,,,,,,,,,,,,,,,,,,,,,,,,,,,,,,,,,,,,,,,,,,,,,,,,,,,,,,,,,,,,,,,,,,,,,,,,,,,,,,,,,,,,,,,,,,,,,,,,1,,
0,15,28,"{'x': 928.5383637911498, 'y': 207.84910890082253, 'elapsedTime': 80517.89999997616}",936772015063,5230418100,POINT (0.4836137311412239 0.1924528786118727),,,,,,,,,,,,,,,,,,,,,,,,,,,,,,,,,,,,,,,,,,,,,,,,,,,,,,,,,,,,,,,,,,,,,,,,,,,,,,,,,,,,,,,,,,,,,,,,,,,1,,
0,15,28,"{'x': 928.5383637911498, 'y': 207.84910890082253, 'elapsedTime': 80517.89999997616}",936772031728,5230434764,POINT (0.4836137311412239 0.1924528786118727),,,,,,,,,,,,,,,,,,,,,,,,,,,,,,,,,,,,,,,,,,,,,,,,,,,,,,,,,,,,,,,,,,,,,,,,,,,,,,,,,,,,,,,,,,,,,,,,,,,1,,
0,15,28,"{'x': 924.115673714963, 'y': 207.45687318468643, 'elapsedTime': 80566.39999997616}",936772048396,5230451433,POINT (0.4813102467265432 0.1920896973932282),,,,,,,,,,,,,,,,,,,,,,,,,,,,,,,,,,,,,,,,,,,,,,,,,,,,,,,,,,,,,,,,,,,,,,,,,,,,,,,,,,,,,,,,,,,,,,,,,,,1,,
0,15,28,"{'x': 924.115673714963, 'y': 207.45687318468643, 'elapsedTime': 80566.39999997616}",936772065066,5230468102,POINT (0.4813102467265432 0.1920896973932282),,,,,,,,,,,,,,,,,,,,,,,,,,,,,,,,,,,,,,,,,,,,,,,,,,,,,,,,,,,,,,,,,,,,,,,,,,,,,,,,,,,,,,,,,,,,,,,,,,,1,,
0,15,28,"{'x': 1037.9355719521795, 'y': 223.76360577605698, 'elapsedTime': 80627.10000002384}",936772081733,5230484769,POINT (0.5405914437250935 0.2071885238667194),,,,,,,,,,,,,,,,,,,,,,,,,,,,,,,,,,,,,,,,,,,,,,,,,,,,,,,,,,,,,,,,,,,,,,,,,,,,,,,,,,,,,,,,,,,,,,,,,,,1,,
0,15,28,"{'x': 1037.9355719521795, 'y': 223.76360577605698, 'elapsedTime': 80627.10000002384}",936772098399,5230501435,POINT (0.5405914437250935 0.2071885238667194),,,,,,,,,,,,,,,,,,,,,,,,,,,,,,,,,,,,,,,,,,,,,,,,,,,,,,,,,,,,,,,,,,,,,,,,,,,,,,,,,,,,,,,,,,,,,,,,,,,1,,
0,15,28,"{'x': 1037.9355719521795, 'y': 223.76360577605698, 'elapsedTime': 80627.10000002384}",936772115065,5230518101,POINT (0.5405914437250935 0.2071885238667194),,,,,,,,,,,,,,,,,,,,,,,,,,,,,,,,,,,,,,,,,,,,,,,,,,,,,,,,,,,,,,,,,,,,,,,,,,,,,,,,,,,,,,,,,,,,,,,,,,,1,,
0,15,28,"{'x': 1037.9355719521795, 'y': 223.76360577605698, 'elapsedTime': 80627.10000002384}",936772131733,5230534768,POINT (0.5405914437250935 0.2071885238667194),,,,,,,,,,,,,,,,,,,,,,,,,,,,,,,,,,,,,,,,,,,,,,,,,,,,,,,,,,,,,,,,,,,,,,,,,,,,,,,,,,,,,,,,,,,,,,,,,,,1,,
0,15,28,"{'x': 977.9343840896402, 'y': 260.21371989027284, 'elapsedTime': 80674.20000004768}",936772148400,5230551435,POINT (0.5093408250466875 0.2409386295280304),,,,,,,,,,,,,,,,,,,,,,,,,,,,,,,,,,,,,,,,,,,,,,,,,,,,,,,,,,,,,,1,,,,,,,,,,,,,,,,,,,,,,,,,,,,,,,,,,,,,1,1,
0,15,28,"{'x': 977.9343840896402, 'y': 260.21371989027284, 'elapsedTime': 80674.20000004768}",936772165067,5230568102,POINT (0.5093408250466875 0.2409386295280304),,,,,,,,,,,,,,,,,,,,,,,,,,,,,,,,,,,,,,,,,,,,,,,,,,,,,,,,,,,,,,1,,,,,,,,,,,,,,,,,,,,,,,,,,,,,,,,,,,,,1,1,
0,15,28,"{'x': 996.5002916454516, 'y': 197.27673055018096, 'elapsedTime': 80721.5}",936772181738,5230584773,POINT (0.5190105685653393 0.1826636393983157),,,,,,,,,,,,,,,,,,,,,,,,,,,,,,,,,,,,,,,,,,,,,,,,,,,,,,,,,,,,,,,,,,,,,,,,,,,,,,,,,,,,,,,,,,,,,,,,,,,1,,
0,15,28,"{'x': 996.5002916454516, 'y': 197.27673055018096, 'elapsedTime': 80721.5}",936772198405,5230601439,POINT (0.5190105685653393 0.1826636393983157),,,,,,,,,,,,,,,,,,,,,,,,,,,,,,,,,,,,,,,,,,,,,,,,,,,,,,,,,,,,,,,,,,,,,,,,,,,,,,,,,,,,,,,,,,,,,,,,,,,1,,
0,15,28,"{'x': 996.5002916454516, 'y': 197.27673055018096, 'elapsedTime': 80721.5}",936772215070,5230618105,POINT (0.5190105685653393 0.1826636393983157),,,,,,,,,,,,,,,,,,,,,,,,,,,,,,,,,,,,,,,,,,,,,,,,,,,,,,,,,,,,,,,,,,,,,,,,,,,,,,,,,,,,,,,,,,,,,,,,,,,1,,
0,15,28,"{'x': 917.1718318052184, 'y': 158.95787650160582, 'elapsedTime': 80773}",936772231738,5230634772,POINT (0.4776936623985513 0.1471832189829684),,,,,,,,,,,,,,,,,,,,,,,,,,,,,,,,,,,,,,,,,,,,,,,,,,,,,,,,,,,,,,,,,,,,,,,,,,,,,,,,,,,,,,,,,,,,,,,,,,,1,,
0,15,28,"{'x': 917.1718318052184, 'y': 158.95787650160582, 'elapsedTime': 80773}",936772248405,5230651439,POINT (0.4776936623985513 0.1471832189829684),,,,,,,,,,,,,,,,,,,,,,,,,,,,,,,,,,,,,,,,,,,,,,,,,,,,,,,,,,,,,,,,,,,,,,,,,,,,,,,,,,,,,,,,,,,,,,,,,,,1,,
0,15,28,"{'x': 917.1718318052184, 'y': 158.95787650160582, 'elapsedTime': 80773}",936772265073,5230668106,POINT (0.4776936623985513 0.1471832189829684),,,,,,,,,,,,,,,,,,,,,,,,,,,,,,,,,,,,,,,,,,,,,,,,,,,,,,,,,,,,,,,,,,,,,,,,,,,,,,,,,,,,,,,,,,,,,,,,,,,1,,
0,15,28,"{'x': 1003.9669084392697, 'y': 8.286432113465594, 'elapsedTime': 80821.5}",936772281738,5230684772,POINT (0.5228994314787863 0.007672622327283),,,,,,,,,,,,,,,,,,,,,,,,,,,,,,,,,,,,,,,,,,,,,,,,,,,,,,,,,,,,,,,,,,,,,,,,,,,,,,,,,,,,,,,,,,,,,,,,,,,,,
0,15,28,"{'x': 1003.9669084392697, 'y': 8.286432113465594, 'elapsedTime': 80821.5}",936772298406,5230701439,POINT (0.5228994314787863 0.007672622327283),,,,,,,,,,,,,,,,,,,,,,,,,,,,,,,,,,,,,,,,,,,,,,,,,,,,,,,,,,,,,,,,,,,,,,,,,,,,,,,,,,,,,,,,,,,,,,,,,,,,,
0,15,28,"{'x': 1003.9669084392697, 'y': 8.286432113465594, 'elapsedTime': 80821.5}",936772315079,5230718112,POINT (0.5228994314787863 0.007672622327283),,,,,,,,,,,,,,,,,,,,,,,,,,,,,,,,,,,,,,,,,,,,,,,,,,,,,,,,,,,,,,,,,,,,,,,,,,,,,,,,,,,,,,,,,,,,,,,,,,,,,
0,15,28,"{'x': 1012.1039039400807, 'y': -30.44712883368508, 'elapsedTime': 80870.89999997616}",936772331746,5230734779,POINT (0.5271374499687921 -0.0281917859571158),,,,,,,,,,,,,,,,,,,,,,,,,,,,,,,,,,,,,,,,,,,,,,,,,,,,,,,,,,,,,,,,,,,,,,,,,,,,,,,,,,,,,,,,,,,,,,,,,,,,,
0,15,28,"{'x': 1012.1039039400807, 'y': -30.44712883368508, 'elapsedTime': 80870.89999997616}",936772348412,5230751445,POINT (0.5271374499687921 -0.0281917859571158),,,,,,,,,,,,,,,,,,,,,,,,,,,,,,,,,,,,,,,,,,,,,,,,,,,,,,,,,,,,,,,,,,,,,,,,,,,,,,,,,,,,,,,,,,,,,,,,,,,,,
0,15,28,"{'x': 1012.1039039400807, 'y': -30.44712883368508, 'elapsedTime': 80870.89999997616}",936772365079,5230768111,POINT (0.5271374499687921 -0.0281917859571158),,,,,,,,,,,,,,,,,,,,,,,,,,,,,,,,,,,,,,,,,,,,,,,,,,,,,,,,,,,,,,,,,,,,,,,,,,,,,,,,,,,,,,,,,,,,,,,,,,,,,
0,15,28,"{'x': 1143.6812081269911, 'y': -56.828365934484324, 'elapsedTime': 80917.5}",936772381746,5230784778,POINT (0.5956672958994745 -0.0526188573467447),,,,,,,,,,,,,,,,,,,,,,,,,,,,,,,,,,,,,,,,,,,,,,,,,,,,,,,,,,,,,,,,,,,,,,,,,,,,,,,,,,,,,,,,,,,,,,,,,,,,,
0,15,28,"{'x': 1143.6812081269911, 'y': -56.828365934484324, 'elapsedTime': 80917.5}",936772398413,5230801445,POINT (0.5956672958994745 -0.0526188573467447),,,,,,,,,,,,,,,,,,,,,,,,,,,,,,,,,,,,,,,,,,,,,,,,,,,,,,,,,,,,,,,,,,,,,,,,,,,,,,,,,,,,,,,,,,,,,,,,,,,,,
0,15,28,"{'x': 1143.6812081269911, 'y': -56.828365934484324, 'elapsedTime': 80917.5}",936772415080,5230818112,POINT (0.5956672958994745 -0.0526188573467447),,,,,,,,,,,,,,,,,,,,,,,,,,,,,,,,,,,,,,,,,,,,,,,,,,,,,,,,,,,,,,,,,,,,,,,,,,,,,,,,,,,,,,,,,,,,,,,,,,,,,
0,15,28,"{'x': 1305.3226585529862, 'y': -35.78450543314411, 'elapsedTime': 80963.60000002384}",936772431746,5230834778,POINT (0.6798555513296803 -0.0331338013269853),,,,,,,,,,,,,,,,,,,,,,,,,,,,,,,,,,,,,,,,,,,,,,,,,,,,,,,,,,,,,,,,,,,,,,,,,,,,,,,,,,,,,,,,,,,,,,,,,,,,,
0,15,28,"{'x': 1305.3226585529862, 'y': -35.78450543314411, 'elapsedTime': 80963.60000002384}",936772448415,5230851447,POINT (0.6798555513296803 -0.0331338013269853),,,,,,,,,,,,,,,,,,,,,,,,,,,,,,,,,,,,,,,,,,,,,,,,,,,,,,,,,,,,,,,,,,,,,,,,,,,,,,,,,,,,,,,,,,,,,,,,,,,,,
0,15,28,"{'x': 1305.3226585529862, 'y': -35.78450543314411, 'elapsedTime': 80963.60000002384}",936772465084,5230868115,POINT (0.6798555513296803 -0.0331338013269853),,,,,,,,,,,,,,,,,,,,,,,,,,,,,,,,,,,,,,,,,,,,,,,,,,,,,,,,,,,,,,,,,,,,,,,,,,,,,,,,,,,,,,,,,,,,,,,,,,,,,
0,15,28,"{'x': 1273.6690824962227, 'y': -45.28314148583295, 'elapsedTime': 81011.5}",936772481750,5230884781,POINT (0.663369313800116 -0.0419288347091046),,,,,,,,,,,,,,,,,,,,,,,,,,,,,,,,,,,,,,,,,,,,,,,,,,,,,,,,,,,,,,,,,,,,,,,,,,,,,,,,,,,,,,,,,,,,,,,,,,,,,
0,15,28,"{'x': 1273.6690824962227, 'y': -45.28314148583295, 'elapsedTime': 81011.5}",936772498417,5230901448,POINT (0.663369313800116 -0.0419288347091046),,,,,,,,,,,,,,,,,,,,,,,,,,,,,,,,,,,,,,,,,,,,,,,,,,,,,,,,,,,,,,,,,,,,,,,,,,,,,,,,,,,,,,,,,,,,,,,,,,,,,
0,15,28,"{'x': 1273.6690824962227, 'y': -45.28314148583295, 'elapsedTime': 81011.5}",936772515084,5230918115,POINT (0.663369313800116 -0.0419288347091046),,,,,,,,,,,,,,,,,,,,,,,,,,,,,,,,,,,,,,,,,,,,,,,,,,,,,,,,,,,,,,,,,,,,,,,,,,,,,,,,,,,,,,,,,,,,,,,,,,,,,
0,15,28,"{'x': 1324.7600716763354, 'y': -95.84325187243982, 'elapsedTime': 81059.70000004768}",936772531751,5230934781,POINT (0.6899792039980913 -0.0887437517337406),,,,,,,,,,,,,,,,,,,,,,,,,,,,,,,,,,,,,,,,,,,,,,,,,,,,,,,,,,,,,,,,,,,,,,,,,,,,,,,,,,,,,,,,,,,,,,,,,,,,,
0,15,28,"{'x': 1324.7600716763354, 'y': -95.84325187243982, 'elapsedTime': 81059.70000004768}",936772548418,5230951448,POINT (0.6899792039980913 -0.0887437517337406),,,,,,,,,,,,,,,,,,,,,,,,,,,,,,,,,,,,,,,,,,,,,,,,,,,,,,,,,,,,,,,,,,,,,,,,,,,,,,,,,,,,,,,,,,,,,,,,,,,,,
0,15,28,"{'x': 1324.7600716763354, 'y': -95.84325187243982, 'elapsedTime': 81059.70000004768}",936772565085,5230968115,POINT (0.6899792039980913 -0.0887437517337406),,,,,,,,,,,,,,,,,,,,,,,,,,,,,,,,,,,,,,,,,,,,,,,,,,,,,,,,,,,,,,,,,,,,,,,,,,,,,,,,,,,,,,,,,,,,,,,,,,,,,
0,15,28,"{'x': 1394.0222665774452, 'y': -137.9019689275168, 'elapsedTime': 81107.89999997616}",936772581757,5230984787,POINT (0.7260532638424194 -0.1276870082662193),,,,,,,,,,,,,,,,,,,,,,,,,,,,,,,,,,,,,,,,,,,,,,,,,,,,,,,,,,,,,,,,,,,,,,,,,,,,,,,,,,,,,,,,,,,,,,,,,,,,,
0,15,28,"{'x': 1394.0222665774452, 'y': -137.9019689275168, 'elapsedTime': 81107.89999997616}",936772598425,5231001454,POINT (0.7260532638424194 -0.1276870082662193),,,,,,,,,,,,,,,,,,,,,,,,,,,,,,,,,,,,,,,,,,,,,,,,,,,,,,,,,,,,,,,,,,,,,,,,,,,,,,,,,,,,,,,,,,,,,,,,,,,,,
0,15,28,"{'x': 1394.0222665774452, 'y': -137.9019689275168, 'elapsedTime': 81107.89999997616}",936772615091,5231018121,POINT (0.7260532638424194 -0.1276870082662193),,,,,,,,,,,,,,,,,,,,,,,,,,,,,,,,,,,,,,,,,,,,,,,,,,,,,,,,,,,,,,,,,,,,,,,,,,,,,,,,,,,,,,,,,,,,,,,,,,,,,
0,15,28,"{'x': 1474.6658896464162, 'y': -127.80134382796535, 'elapsedTime': 81165.80000007153}",936772631758,5231034787,POINT (0.7680551508575084 -0.1183345776184864),,,,,,,,,,,,,,,,,,,,,,,,,,,,,,,,,,,,,,,,,,,,,,,,,,,,,,,,,,,,,,,,,,,,,,,,,,,,,,,,,,,,,,,,,,,,,,,,,,,,,
0,15,28,"{'x': 1474.6658896464162, 'y': -127.80134382796535, 'elapsedTime': 81165.80000007153}",936772648425,5231051454,POINT (0.7680551508575084 -0.1183345776184864),,,,,,,,,,,,,,,,,,,,,,,,,,,,,,,,,,,,,,,,,,,,,,,,,,,,,,,,,,,,,,,,,,,,,,,,,,,,,,,,,,,,,,,,,,,,,,,,,,,,,
0,15,28,"{'x': 1474.6658896464162, 'y': -127.80134382796535, 'elapsedTime': 81165.80000007153}",936772665091,5231068120,POINT (0.7680551508575084 -0.1183345776184864),,,,,,,,,,,,,,,,,,,,,,,,,,,,,,,,,,,,,,,,,,,,,,,,,,,,,,,,,,,,,,,,,,,,,,,,,,,,,,,,,,,,,,,,,,,,,,,,,,,,,
0,15,28,"{'x': 1490.22822952479, 'y': -135.42385289829886, 'elapsedTime': 81214.5}",936772681758,5231084787,POINT (0.7761605362108281 -0.1253924563873138),,,,,,,,,,,,,,,,,,,,,,,,,,,,,,,,,,,,,,,,,,,,,,,,,,,,,,,,,,,,,,,,,,,,,,,,,,,,,,,,,,,,,,,,,,,,,,,,,,,,,
0,15,28,"{'x': 1490.22822952479, 'y': -135.42385289829886, 'elapsedTime': 81214.5}",936772698426,5231101454,POINT (0.7761605362108281 -0.1253924563873138),,,,,,,,,,,,,,,,,,,,,,,,,,,,,,,,,,,,,,,,,,,,,,,,,,,,,,,,,,,,,,,,,,,,,,,,,,,,,,,,,,,,,,,,,,,,,,,,,,,,,
0,15,28,"{'x': 1479.7495573303295, 'y': -139.1717881116211, 'elapsedTime': 81260.10000002384}",936772715098,5231118127,POINT (0.77070289444288 -0.1288627667700195),,,,,,,,,,,,,,,,,,,,,,,,,,,,,,,,,,,,,,,,,,,,,,,,,,,,,,,,,,,,,,,,,,,,,,,,,,,,,,,,,,,,,,,,,,,,,,,,,,,,,
0,15,28,"{'x': 1479.7495573303295, 'y': -139.1717881116211, 'elapsedTime': 81260.10000002384}",936772731765,5231134793,POINT (0.77070289444288 -0.1288627667700195),,,,,,,,,,,,,,,,,,,,,,,,,,,,,,,,,,,,,,,,,,,,,,,,,,,,,,,,,,,,,,,,,,,,,,,,,,,,,,,,,,,,,,,,,,,,,,,,,,,,,
0,15,28,"{'x': 1479.7495573303295, 'y': -139.1717881116211, 'elapsedTime': 81260.10000002384}",936772748431,5231151459,POINT (0.77070289444288 -0.1288627667700195),,,,,,,,,,,,,,,,,,,,,,,,,,,,,,,,,,,,,,,,,,,,,,,,,,,,,,,,,,,,,,,,,,,,,,,,,,,,,,,,,,,,,,,,,,,,,,,,,,,,,
0,15,28,"{'x': 1555.0735840111556, 'y': -236.2260205098275, 'elapsedTime': 81305.30000007153}",936772765100,5231168127,POINT (0.8099341583391435 -0.2187277967683588),,,,,,,,,,,,,,,,,,,,,,,,,,,,,,,,,,,,,,,,,,,,,,,,,,,,,,,,,,,,,,,,,,,,,,,,,,,,,,,,,,,,,,,,,,,,,,,,,,,,,
0,15,28,"{'x': 1555.0735840111556, 'y': -236.2260205098275, 'elapsedTime': 81305.30000007153}",936772781765,5231184793,POINT (0.8099341583391435 -0.2187277967683588),,,,,,,,,,,,,,,,,,,,,,,,,,,,,,,,,,,,,,,,,,,,,,,,,,,,,,,,,,,,,,,,,,,,,,,,,,,,,,,,,,,,,,,,,,,,,,,,,,,,,
0,15,28,"{'x': 1555.0735840111556, 'y': -236.2260205098275, 'elapsedTime': 81305.30000007153}",936772798432,5231201459,POINT (0.8099341583391435 -0.2187277967683588),,,,,,,,,,,,,,,,,,,,,,,,,,,,,,,,,,,,,,,,,,,,,,,,,,,,,,,,,,,,,,,,,,,,,,,,,,,,,,,,,,,,,,,,,,,,,,,,,,,,,
0,15,28,"{'x': 1584.9654463306408, 'y': -219.22670929941194, 'elapsedTime': 81351.39999997616}",936772815099,5231218126,POINT (0.8255028366305421 -0.2029876937957518),,,,,,,,,,,,,,,,,,,,,,,,,,,,,,,,,,,,,,,,,,,,,,,,,,,,,,,,,,,,,,,,,,,,,,,,,,,,,,,,,,,,,,,,,,,,,,,,,,,,,
0,15,28,"{'x': 1584.9654463306408, 'y': -219.22670929941194, 'elapsedTime': 81351.39999997616}",936772831766,5231234793,POINT (0.8255028366305421 -0.2029876937957518),,,,,,,,,,,,,,,,,,,,,,,,,,,,,,,,,,,,,,,,,,,,,,,,,,,,,,,,,,,,,,,,,,,,,,,,,,,,,,,,,,,,,,,,,,,,,,,,,,,,,
0,15,28,"{'x': 1584.9654463306408, 'y': -219.22670929941194, 'elapsedTime': 81351.39999997616}",936772848436,5231251463,POINT (0.8255028366305421 -0.2029876937957518),,,,,,,,,,,,,,,,,,,,,,,,,,,,,,,,,,,,,,,,,,,,,,,,,,,,,,,,,,,,,,,,,,,,,,,,,,,,,,,,,,,,,,,,,,,,,,,,,,,,,
0,15,28,"{'x': 1586.8672785277438, 'y': -214.6651423134687, 'elapsedTime': 81398.30000007153}",936772865103,5231268129,POINT (0.8264933742331999 -0.1987640206606192),,,,,,,,,,,,,,,,,,,,,,,,,,,,,,,,,,,,,,,,,,,,,,,,,,,,,,,,,,,,,,,,,,,,,,,,,,,,,,,,,,,,,,,,,,,,,,,,,,,,,
0,15,28,"{'x': 1586.8672785277438, 'y': -214.6651423134687, 'elapsedTime': 81398.30000007153}",936772881770,5231284796,POINT (0.8264933742331999 -0.1987640206606192),,,,,,,,,,,,,,,,,,,,,,,,,,,,,,,,,,,,,,,,,,,,,,,,,,,,,,,,,,,,,,,,,,,,,,,,,,,,,,,,,,,,,,,,,,,,,,,,,,,,,
0,15,28,"{'x': 1586.8672785277438, 'y': -214.6651423134687, 'elapsedTime': 81398.30000007153}",936772898437,5231301463,POINT (0.8264933742331999 -0.1987640206606192),,,,,,,,,,,,,,,,,,,,,,,,,,,,,,,,,,,,,,,,,,,,,,,,,,,,,,,,,,,,,,,,,,,,,,,,,,,,,,,,,,,,,,,,,,,,,,,,,,,,,
0,15,28,"{'x': 1524.3861481956858, 'y': -189.81921746209056, 'elapsedTime': 81447.30000007153}",936772915103,5231318129,POINT (0.7939511188519197 -0.1757585346871209),,,,,,,,,,,,,,,,,,,,,,,,,,,,,,,,,,,,,,,,,,,,,,,,,,,,,,,,,,,,,,,,,,,,,,,,,,,,,,,,,,,,,,,,,,,,,,,,,,,,,
0,15,28,"{'x': 1524.3861481956858, 'y': -189.81921746209056, 'elapsedTime': 81447.30000007153}",936772931771,5231334796,POINT (0.7939511188519197 -0.1757585346871209),,,,,,,,,,,,,,,,,,,,,,,,,,,,,,,,,,,,,,,,,,,,,,,,,,,,,,,,,,,,,,,,,,,,,,,,,,,,,,,,,,,,,,,,,,,,,,,,,,,,,
0,15,28,"{'x': 1524.3861481956858, 'y': -189.81921746209056, 'elapsedTime': 81447.30000007153}",936772948436,5231351462,POINT (0.7939511188519197 -0.1757585346871209),,,,,,,,,,,,,,,,,,,,,,,,,,,,,,,,,,,,,,,,,,,,,,,,,,,,,,,,,,,,,,,,,,,,,,,,,,,,,,,,,,,,,,,,,,,,,,,,,,,,,
0,15,28,"{'x': 1461.2445586368542, 'y': -176.73646850878174, 'elapsedTime': 81498.89999997616}",936772965104,5231368129,POINT (0.7610648742900282 -0.163644878248872),,,,,,,,,,,,,,,,,,,,,,,,,,,,,,,,,,,,,,,,,,,,,,,,,,,,,,,,,,,,,,,,,,,,,,,,,,,,,,,,,,,,,,,,,,,,,,,,,,,,,
0,15,28,"{'x': 1461.2445586368542, 'y': -176.73646850878174, 'elapsedTime': 81498.89999997616}",936772981776,5231384801,POINT (0.7610648742900282 -0.163644878248872),,,,,,,,,,,,,,,,,,,,,,,,,,,,,,,,,,,,,,,,,,,,,,,,,,,,,,,,,,,,,,,,,,,,,,,,,,,,,,,,,,,,,,,,,,,,,,,,,,,,,
0,15,28,"{'x': 1390.307611826113, 'y': -38.304613331763164, 'elapsedTime': 81544.30000007153}",936772998443,5231401468,POINT (0.7241185478261005 -0.0354672345664474),,,,,,,,,,,,,,,,,,,,,,,,,,,,,,,,,,,,,,,,,,,,,,,,,,,,,,,,,,,,,,,,,,,,,,,,,,,,,,,,,,,,,,,,,,,,,,,,,,,,,
0,15,28,"{'x': 1390.307611826113, 'y': -38.304613331763164, 'elapsedTime': 81544.30000007153}",936773015109,5231418134,POINT (0.7241185478261005 -0.0354672345664474),,,,,,,,,,,,,,,,,,,,,,,,,,,,,,,,,,,,,,,,,,,,,,,,,,,,,,,,,,,,,,,,,,,,,,,,,,,,,,,,,,,,,,,,,,,,,,,,,,,,,
0,15,28,"{'x': 1390.307611826113, 'y': -38.304613331763164, 'elapsedTime': 81544.30000007153}",936773031777,5231434801,POINT (0.7241185478261005 -0.0354672345664474),,,,,,,,,,,,,,,,,,,,,,,,,,,,,,,,,,,,,,,,,,,,,,,,,,,,,,,,,,,,,,,,,,,,,,,,,,,,,,,,,,,,,,,,,,,,,,,,,,,,,
0,15,28,"{'x': 1390.307611826113, 'y': -38.304613331763164, 'elapsedTime': 81544.30000007153}",936773048444,5231451468,POINT (0.7241185478261005 -0.0354672345664474),,,,,,,,,,,,,,,,,,,,,,,,,,,,,,,,,,,,,,,,,,,,,,,,,,,,,,,,,,,,,,,,,,,,,,,,,,,,,,,,,,,,,,,,,,,,,,,,,,,,,
0,15,28,"{'x': 1431.9448302622684, 'y': -41.60869189269634, 'elapsedTime': 81590.39999997616}",936773065110,5231468134,POINT (0.7458045990949315 -0.0385265665673114),,,,,,,,,,,,,,,,,,,,,,,,,,,,,,,,,,,,,,,,,,,,,,,,,,,,,,,,,,,,,,,,,,,,,,,,,,,,,,,,,,,,,,,,,,,,,,,,,,,,,
0,15,28,"{'x': 1431.9448302622684, 'y': -41.60869189269634, 'elapsedTime': 81590.39999997616}",936773081777,5231484801,POINT (0.7458045990949315 -0.0385265665673114),,,,,,,,,,,,,,,,,,,,,,,,,,,,,,,,,,,,,,,,,,,,,,,,,,,,,,,,,,,,,,,,,,,,,,,,,,,,,,,,,,,,,,,,,,,,,,,,,,,,,
0,15,28,"{'x': 1431.9448302622684, 'y': -41.60869189269634, 'elapsedTime': 81590.39999997616}",936773098443,5231501467,POINT (0.7458045990949315 -0.0385265665673114),,,,,,,,,,,,,,,,,,,,,,,,,,,,,,,,,,,,,,,,,,,,,,,,,,,,,,,,,,,,,,,,,,,,,,,,,,,,,,,,,,,,,,,,,,,,,,,,,,,,,
0,15,28,"{'x': 1461.478295197201, 'y': -45.66455095410555, 'elapsedTime': 81649.30000007153}",936773115115,5231518139,POINT (0.7611866120818755 -0.0422819916241718),,,,,,,,,,,,,,,,,,,,,,,,,,,,,,,,,,,,,,,,,,,,,,,,,,,,,,,,,,,,,,,,,,,,,,,,,,,,,,,,,,,,,,,,,,,,,,,,,,,,,
0,15,28,"{'x': 1461.478295197201, 'y': -45.66455095410555, 'elapsedTime': 81649.30000007153}",936773131783,5231534806,POINT (0.7611866120818755 -0.0422819916241718),,,,,,,,,,,,,,,,,,,,,,,,,,,,,,,,,,,,,,,,,,,,,,,,,,,,,,,,,,,,,,,,,,,,,,,,,,,,,,,,,,,,,,,,,,,,,,,,,,,,,
0,15,28,"{'x': 1461.478295197201, 'y': -45.66455095410555, 'elapsedTime': 81649.30000007153}",936773148449,5231551472,POINT (0.7611866120818755 -0.0422819916241718),,,,,,,,,,,,,,,,,,,,,,,,,,,,,,,,,,,,,,,,,,,,,,,,,,,,,,,,,,,,,,,,,,,,,,,,,,,,,,,,,,,,,,,,,,,,,,,,,,,,,
0,15,28,"{'x': 1423.4212594714577, 'y': -28.875206674912945, 'elapsedTime': 81695.89999997616}",936773165116,5231568139,POINT (0.7413652393080509 -0.0267363024767712),,,,,,,,,,,,,,,,,,,,,,,,,,,,,,,,,,,,,,,,,,,,,,,,,,,,,,,,,,,,,,,,,,,,,,,,,,,,,,,,,,,,,,,,,,,,,,,,,,,,,
0,15,28,"{'x': 1423.4212594714577, 'y': -28.875206674912945, 'elapsedTime': 81695.89999997616}",936773181782,5231584805,POINT (0.7413652393080509 -0.0267363024767712),,,,,,,,,,,,,,,,,,,,,,,,,,,,,,,,,,,,,,,,,,,,,,,,,,,,,,,,,,,,,,,,,,,,,,,,,,,,,,,,,,,,,,,,,,,,,,,,,,,,,
0,15,28,"{'x': 1469.3160271250968, 'y': -48.289265962842094, 'elapsedTime': 81741.80000007153}",936773198450,5231601472,POINT (0.7652687641276545 -0.0447122832989279),,,,,,,,,,,,,,,,,,,,,,,,,,,,,,,,,,,,,,,,,,,,,,,,,,,,,,,,,,,,,,,,,,,,,,,,,,,,,,,,,,,,,,,,,,,,,,,,,,,,,
0,15,28,"{'x': 1469.3160271250968, 'y': -48.289265962842094, 'elapsedTime': 81741.80000007153}",936773215117,5231618139,POINT (0.7652687641276545 -0.0447122832989279),,,,,,,,,,,,,,,,,,,,,,,,,,,,,,,,,,,,,,,,,,,,,,,,,,,,,,,,,,,,,,,,,,,,,,,,,,,,,,,,,,,,,,,,,,,,,,,,,,,,,
0,15,28,"{'x': 1469.3160271250968, 'y': -48.289265962842094, 'elapsedTime': 81741.80000007153}",936773231786,5231634808,POINT (0.7652687641276545 -0.0447122832989279),,,,,,,,,,,,,,,,,,,,,,,,,,,,,,,,,,,,,,,,,,,,,,,,,,,,,,,,,,,,,,,,,,,,,,,,,,,,,,,,,,,,,,,,,,,,,,,,,,,,,
0,15,28,"{'x': 1459.6179638233855, 'y': -73.7520414684949, 'elapsedTime': 81789.10000002384}",936773248453,5231651475,POINT (0.7602176894913466 -0.0682889272856434),,,,,,,,,,,,,,,,,,,,,,,,,,,,,,,,,,,,,,,,,,,,,,,,,,,,,,,,,,,,,,,,,,,,,,,,,,,,,,,,,,,,,,,,,,,,,,,,,,,,,
0,15,28,"{'x': 1459.6179638233855, 'y': -73.7520414684949, 'elapsedTime': 81789.10000002384}",936773265119,5231668141,POINT (0.7602176894913466 -0.0682889272856434),,,,,,,,,,,,,,,,,,,,,,,,,,,,,,,,,,,,,,,,,,,,,,,,,,,,,,,,,,,,,,,,,,,,,,,,,,,,,,,,,,,,,,,,,,,,,,,,,,,,,
0,15,28,"{'x': 1459.6179638233855, 'y': -73.7520414684949, 'elapsedTime': 81789.10000002384}",936773281785,5231684807,POINT (0.7602176894913466 -0.0682889272856434),,,,,,,,,,,,,,,,,,,,,,,,,,,,,,,,,,,,,,,,,,,,,,,,,,,,,,,,,,,,,,,,,,,,,,,,,,,,,,,,,,,,,,,,,,,,,,,,,,,,,
0,15,28,"{'x': 1465.4892933552405, 'y': -133.4353385185985, 'elapsedTime': 81835.5}",936773298454,5231701475,POINT (0.7632756736225211 -0.1235512393690727),,,,,,,,,,,,,,,,,,,,,,,,,,,,,,,,,,,,,,,,,,,,,,,,,,,,,,,,,,,,,,,,,,,,,,,,,,,,,,,,,,,,,,,,,,,,,,,,,,,,,
0,15,28,"{'x': 1465.4892933552405, 'y': -133.4353385185985, 'elapsedTime': 81835.5}",936773315120,5231718141,POINT (0.7632756736225211 -0.1235512393690727),,,,,,,,,,,,,,,,,,,,,,,,,,,,,,,,,,,,,,,,,,,,,,,,,,,,,,,,,,,,,,,,,,,,,,,,,,,,,,,,,,,,,,,,,,,,,,,,,,,,,
0,15,28,"{'x': 1465.4892933552405, 'y': -133.4353385185985, 'elapsedTime': 81835.5}",936773331787,5231734808,POINT (0.7632756736225211 -0.1235512393690727),,,,,,,,,,,,,,,,,,,,,,,,,,,,,,,,,,,,,,,,,,,,,,,,,,,,,,,,,,,,,,,,,,,,,,,,,,,,,,,,,,,,,,,,,,,,,,,,,,,,,
0,15,28,"{'x': 1497.7060855754305, 'y': -89.77472002090902, 'elapsedTime': 81883.89999997616}",936773348453,5231751474,POINT (0.78005525290387 -0.0831247407601009),,,,,,,,,,,,,,,,,,,,,,,,,,,,,,,,,,,,,,,,,,,,,,,,,,,,,,,,,,,,,,,,,,,,,,,,,,,,,,,,,,,,,,,,,,,,,,,,,,,,,
0,15,28,"{'x': 1497.7060855754305, 'y': -89.77472002090902, 'elapsedTime': 81883.89999997616}",936773365128,5231768148,POINT (0.78005525290387 -0.0831247407601009),,,,,,,,,,,,,,,,,,,,,,,,,,,,,,,,,,,,,,,,,,,,,,,,,,,,,,,,,,,,,,,,,,,,,,,,,,,,,,,,,,,,,,,,,,,,,,,,,,,,,
0,15,28,"{'x': 1497.7060855754305, 'y': -89.77472002090902, 'elapsedTime': 81883.89999997616}",936773381794,5231784815,POINT (0.78005525290387 -0.0831247407601009),,,,,,,,,,,,,,,,,,,,,,,,,,,,,,,,,,,,,,,,,,,,,,,,,,,,,,,,,,,,,,,,,,,,,,,,,,,,,,,,,,,,,,,,,,,,,,,,,,,,,
0,15,28,"{'x': 1465.9275743630049, 'y': -84.96334053085745, 'elapsedTime': 81934.70000004768}",936773398462,5231801482,POINT (0.7635039449807317 -0.0786697597507939),,,,,,,,,,,,,,,,,,,,,,,,,,,,,,,,,,,,,,,,,,,,,,,,,,,,,,,,,,,,,,,,,,,,,,,,,,,,,,,,,,,,,,,,,,,,,,,,,,,,,
0,15,28,"{'x': 1465.9275743630049, 'y': -84.96334053085745, 'elapsedTime': 81934.70000004768}",936773415128,5231818148,POINT (0.7635039449807317 -0.0786697597507939),,,,,,,,,,,,,,,,,,,,,,,,,,,,,,,,,,,,,,,,,,,,,,,,,,,,,,,,,,,,,,,,,,,,,,,,,,,,,,,,,,,,,,,,,,,,,,,,,,,,,
0,15,28,"{'x': 1465.9275743630049, 'y': -84.96334053085745, 'elapsedTime': 81934.70000004768}",936773431794,5231834814,POINT (0.7635039449807317 -0.0786697597507939),,,,,,,,,,,,,,,,,,,,,,,,,,,,,,,,,,,,,,,,,,,,,,,,,,,,,,,,,,,,,,,,,,,,,,,,,,,,,,,,,,,,,,,,,,,,,,,,,,,,,
0,15,28,"{'x': 1441.0521040142542, 'y': -78.46264237626302, 'elapsedTime': 81981.10000002384}",936773448461,5231851481,POINT (0.7505479708407574 -0.0726505947928361),,,,,,,,,,,,,,,,,,,,,,,,,,,,,,,,,,,,,,,,,,,,,,,,,,,,,,,,,,,,,,,,,,,,,,,,,,,,,,,,,,,,,,,,,,,,,,,,,,,,,
0,15,28,"{'x': 1441.0521040142542, 'y': -78.46264237626302, 'elapsedTime': 81981.10000002384}",936773465129,5231868148,POINT (0.7505479708407574 -0.0726505947928361),,,,,,,,,,,,,,,,,,,,,,,,,,,,,,,,,,,,,,,,,,,,,,,,,,,,,,,,,,,,,,,,,,,,,,,,,,,,,,,,,,,,,,,,,,,,,,,,,,,,,
0,15,28,"{'x': 1441.0521040142542, 'y': -78.46264237626302, 'elapsedTime': 81981.10000002384}",936773481795,5231884814,POINT (0.7505479708407574 -0.0726505947928361),,,,,,,,,,,,,,,,,,,,,,,,,,,,,,,,,,,,,,,,,,,,,,,,,,,,,,,,,,,,,,,,,,,,,,,,,,,,,,,,,,,,,,,,,,,,,,,,,,,,,
0,15,28,"{'x': 1461.208249856923, 'y': -63.81082164994859, 'elapsedTime': 82030.39999997616}",936773498467,5231901486,POINT (0.7610459634671474 -0.0590840941203228),,,,,,,,,,,,,,,,,,,,,,,,,,,,,,,,,,,,,,,,,,,,,,,,,,,,,,,,,,,,,,,,,,,,,,,,,,,,,,,,,,,,,,,,,,,,,,,,,,,,,
0,15,28,"{'x': 1461.208249856923, 'y': -63.81082164994859, 'elapsedTime': 82030.39999997616}",936773515134,5231918153,POINT (0.7610459634671474 -0.0590840941203228),,,,,,,,,,,,,,,,,,,,,,,,,,,,,,,,,,,,,,,,,,,,,,,,,,,,,,,,,,,,,,,,,,,,,,,,,,,,,,,,,,,,,,,,,,,,,,,,,,,,,
0,15,28,"{'x': 1461.208249856923, 'y': -63.81082164994859, 'elapsedTime': 82030.39999997616}",936773531802,5231934820,POINT (0.7610459634671474 -0.0590840941203228),,,,,,,,,,,,,,,,,,,,,,,,,,,,,,,,,,,,,,,,,,,,,,,,,,,,,,,,,,,,,,,,,,,,,,,,,,,,,,,,,,,,,,,,,,,,,,,,,,,,,
0,15,28,"{'x': 1509.3820956277855, 'y': -98.08251312881886, 'elapsedTime': 82081.60000002384}",936773548467,5231951486,POINT (0.7861365081394716 -0.0908171417859434),,,,,,,,,,,,,,,,,,,,,,,,,,,,,,,,,,,,,,,,,,,,,,,,,,,,,,,,,,,,,,,,,,,,,,,,,,,,,,,,,,,,,,,,,,,,,,,,,,,,,
0,15,28,"{'x': 1509.3820956277855, 'y': -98.08251312881886, 'elapsedTime': 82081.60000002384}",936773565135,5231968153,POINT (0.7861365081394716 -0.0908171417859434),,,,,,,,,,,,,,,,,,,,,,,,,,,,,,,,,,,,,,,,,,,,,,,,,,,,,,,,,,,,,,,,,,,,,,,,,,,,,,,,,,,,,,,,,,,,,,,,,,,,,
0,15,28,"{'x': 1496.7321872148054, 'y': -123.39462761051392, 'elapsedTime': 82126.60000002384}",936773581802,5231984820,POINT (0.7795480141743778 -0.1142542848245499),,,,,,,,,,,,,,,,,,,,,,,,,,,,,,,,,,,,,,,,,,,,,,,,,,,,,,,,,,,,,,,,,,,,,,,,,,,,,,,,,,,,,,,,,,,,,,,,,,,,,
0,15,28,"{'x': 1496.7321872148054, 'y': -123.39462761051392, 'elapsedTime': 82126.60000002384}",936773598468,5232001486,POINT (0.7795480141743778 -0.1142542848245499),,,,,,,,,,,,,,,,,,,,,,,,,,,,,,,,,,,,,,,,,,,,,,,,,,,,,,,,,,,,,,,,,,,,,,,,,,,,,,,,,,,,,,,,,,,,,,,,,,,,,
0,15,28,"{'x': 1496.7321872148054, 'y': -123.39462761051392, 'elapsedTime': 82126.60000002384}",936773615135,5232018153,POINT (0.7795480141743778 -0.1142542848245499),,,,,,,,,,,,,,,,,,,,,,,,,,,,,,,,,,,,,,,,,,,,,,,,,,,,,,,,,,,,,,,,,,,,,,,,,,,,,,,,,,,,,,,,,,,,,,,,,,,,,
0,15,28,"{'x': 1509.8500935416464, 'y': -154.3262920311921, 'elapsedTime': 82173.70000004768}",936773631805,5232034823,POINT (0.7863802570529408 -0.1428947148436964),,,,,,,,,,,,,,,,,,,,,,,,,,,,,,,,,,,,,,,,,,,,,,,,,,,,,,,,,,,,,,,,,,,,,,,,,,,,,,,,,,,,,,,,,,,,,,,,,,,,,
0,15,28,"{'x': 1509.8500935416464, 'y': -154.3262920311921, 'elapsedTime': 82173.70000004768}",936773648473,5232051490,POINT (0.7863802570529408 -0.1428947148436964),,,,,,,,,,,,,,,,,,,,,,,,,,,,,,,,,,,,,,,,,,,,,,,,,,,,,,,,,,,,,,,,,,,,,,,,,,,,,,,,,,,,,,,,,,,,,,,,,,,,,
0,15,28,"{'x': 1509.8500935416464, 'y': -154.3262920311921, 'elapsedTime': 82173.70000004768}",936773665140,5232068157,POINT (0.7863802570529408 -0.1428947148436964),,,,,,,,,,,,,,,,,,,,,,,,,,,,,,,,,,,,,,,,,,,,,,,,,,,,,,,,,,,,,,,,,,,,,,,,,,,,,,,,,,,,,,,,,,,,,,,,,,,,,
0,15,28,"{'x': 1615.641365959484, 'y': -196.45211721781175, 'elapsedTime': 82221.10000002384}",936773681806,5232084823,POINT (0.8414798781038979 -0.1819001085350109),,,,,,,,,,,,,,,,,,,,,,,,,,,,,,,,,,,,,,,,,,,,,,,,,,,,,,,,,,,,,,,,,,,,,,,,,,,,,,,,,,,,,,,,,,,,,,,,,,,,,
0,15,28,"{'x': 1615.641365959484, 'y': -196.45211721781175, 'elapsedTime': 82221.10000002384}",936773698473,5232101490,POINT (0.8414798781038979 -0.1819001085350109),,,,,,,,,,,,,,,,,,,,,,,,,,,,,,,,,,,,,,,,,,,,,,,,,,,,,,,,,,,,,,,,,,,,,,,,,,,,,,,,,,,,,,,,,,,,,,,,,,,,,
0,15,28,"{'x': 1615.641365959484, 'y': -196.45211721781175, 'elapsedTime': 82221.10000002384}",936773715140,5232118157,POINT (0.8414798781038979 -0.1819001085350109),,,,,,,,,,,,,,,,,,,,,,,,,,,,,,,,,,,,,,,,,,,,,,,,,,,,,,,,,,,,,,,,,,,,,,,,,,,,,,,,,,,,,,,,,,,,,,,,,,,,,
0,15,28,"{'x': 1568.980125091033, 'y': -191.92187170908758, 'elapsedTime': 82267.70000004768}",936773731807,5232134823,POINT (0.817177148484913 -0.1777054367676737),,,,,,,,,,,,,,,,,,,,,,,,,,,,,,,,,,,,,,,,,,,,,,,,,,,,,,,,,,,,,,,,,,,,,,,,,,,,,,,,,,,,,,,,,,,,,,,,,,,,,
0,15,28,"{'x': 1568.980125091033, 'y': -191.92187170908758, 'elapsedTime': 82267.70000004768}",936773748474,5232151490,POINT (0.817177148484913 -0.1777054367676737),,,,,,,,,,,,,,,,,,,,,,,,,,,,,,,,,,,,,,,,,,,,,,,,,,,,,,,,,,,,,,,,,,,,,,,,,,,,,,,,,,,,,,,,,,,,,,,,,,,,,
0,15,28,"{'x': 1568.980125091033, 'y': -191.92187170908758, 'elapsedTime': 82267.70000004768}",936773765147,5232168163,POINT (0.817177148484913 -0.1777054367676737),,,,,,,,,,,,,,,,,,,,,,,,,,,,,,,,,,,,,,,,,,,,,,,,,,,,,,,,,,,,,,,,,,,,,,,,,,,,,,,,,,,,,,,,,,,,,,,,,,,,,
0,15,28,"{'x': 1602.2601542071975, 'y': -142.2084412017128, 'elapsedTime': 82314.39999997616}",936773781814,5232184830,POINT (0.8345104969829154 -0.1316744825941785),,,,,,,,,,,,,,,,,,,,,,,,,,,,,,,,,,,,,,,,,,,,,,,,,,,,,,,,,,,,,,,,,,,,,,,,,,,,,,,,,,,,,,,,,,,,,,,,,,,,,
0,15,28,"{'x': 1602.2601542071975, 'y': -142.2084412017128, 'elapsedTime': 82314.39999997616}",936773798480,5232201496,POINT (0.8345104969829154 -0.1316744825941785),,,,,,,,,,,,,,,,,,,,,,,,,,,,,,,,,,,,,,,,,,,,,,,,,,,,,,,,,,,,,,,,,,,,,,,,,,,,,,,,,,,,,,,,,,,,,,,,,,,,,
0,15,28,"{'x': 1602.2601542071975, 'y': -142.2084412017128, 'elapsedTime': 82314.39999997616}",936773815147,5232218162,POINT (0.8345104969829154 -0.1316744825941785),,,,,,,,,,,,,,,,,,,,,,,,,,,,,,,,,,,,,,,,,,,,,,,,,,,,,,,,,,,,,,,,,,,,,,,,,,,,,,,,,,,,,,,,,,,,,,,,,,,,,
0,15,28,"{'x': 1454.4435983179703, 'y': -169.56938587672354, 'elapsedTime': 82361.5}",936773831815,5232234830,POINT (0.7575227074572762 -0.1570086906265959),,,,,,,,,,,,,,,,,,,,,,,,,,,,,,,,,,,,,,,,,,,,,,,,,,,,,,,,,,,,,,,,,,,,,,,,,,,,,,,,,,,,,,,,,,,,,,,,,,,,,
0,15,28,"{'x': 1454.4435983179703, 'y': -169.56938587672354, 'elapsedTime': 82361.5}",936773848481,5232251496,POINT (0.7575227074572762 -0.1570086906265959),,,,,,,,,,,,,,,,,,,,,,,,,,,,,,,,,,,,,,,,,,,,,,,,,,,,,,,,,,,,,,,,,,,,,,,,,,,,,,,,,,,,,,,,,,,,,,,,,,,,,
0,15,28,"{'x': 1454.4435983179703, 'y': -169.56938587672354, 'elapsedTime': 82361.5}",936773865147,5232268162,POINT (0.7575227074572762 -0.1570086906265959),,,,,,,,,,,,,,,,,,,,,,,,,,,,,,,,,,,,,,,,,,,,,,,,,,,,,,,,,,,,,,,,,,,,,,,,,,,,,,,,,,,,,,,,,,,,,,,,,,,,,
0,15,28,"{'x': 1310.394441158204, 'y': -175.5484223026131, 'elapsedTime': 82411.70000004768}",936773881815,5232284830,POINT (0.6824971047698979 -0.1625448354653825),,,,,,,,,,,,,,,,,,,,,,,,,,,,,,,,,,,,,,,,,,,,,,,,,,,,,,,,,,,,,,,,,,,,,,,,,,,,,,,,,,,,,,,,,,,,,,,,,,,,,
0,15,28,"{'x': 1310.394441158204, 'y': -175.5484223026131, 'elapsedTime': 82411.70000004768}",936773898484,5232301498,POINT (0.6824971047698979 -0.1625448354653825),,,,,,,,,,,,,,,,,,,,,,,,,,,,,,,,,,,,,,,,,,,,,,,,,,,,,,,,,,,,,,,,,,,,,,,,,,,,,,,,,,,,,,,,,,,,,,,,,,,,,
0,15,28,"{'x': 1084.8826273867505, 'y': -74.20336315381442, 'elapsedTime': 82457.80000007153}",936773915149,5232318164,POINT (0.5650430350972659 -0.0687068177350134),,,,,,,,,,,,,,,,,,,,,,,,,,,,,,,,,,,,,,,,,,,,,,,,,,,,,,,,,,,,,,,,,,,,,,,,,,,,,,,,,,,,,,,,,,,,,,,,,,,,,
0,15,28,"{'x': 1084.8826273867505, 'y': -74.20336315381442, 'elapsedTime': 82457.80000007153}",936773931817,5232334831,POINT (0.5650430350972659 -0.0687068177350134),,,,,,,,,,,,,,,,,,,,,,,,,,,,,,,,,,,,,,,,,,,,,,,,,,,,,,,,,,,,,,,,,,,,,,,,,,,,,,,,,,,,,,,,,,,,,,,,,,,,,
0,15,28,"{'x': 1084.8826273867505, 'y': -74.20336315381442, 'elapsedTime': 82457.80000007153}",936773948484,5232351498,POINT (0.5650430350972659 -0.0687068177350134),,,,,,,,,,,,,,,,,,,,,,,,,,,,,,,,,,,,,,,,,,,,,,,,,,,,,,,,,,,,,,,,,,,,,,,,,,,,,,,,,,,,,,,,,,,,,,,,,,,,,
0,15,28,"{'x': 979.2655101805436, 'y': 8.446325385777456, 'elapsedTime': 82505.80000007153}",936773965151,5232368165,POINT (0.5100341198856998 0.0078206716534976),,,,,,,,,,,,,,,,,,,,,,,,,,,,,,,,,,,,,,,,,,,,,,,,,,,,,,,,,,,,,,,,,,,,,,,,,,,,,,,,,,,,,,,,,,,,,,,,,,,,,
0,15,28,"{'x': 979.2655101805436, 'y': 8.446325385777456, 'elapsedTime': 82505.80000007153}",936773981817,5232384831,POINT (0.5100341198856998 0.0078206716534976),,,,,,,,,,,,,,,,,,,,,,,,,,,,,,,,,,,,,,,,,,,,,,,,,,,,,,,,,,,,,,,,,,,,,,,,,,,,,,,,,,,,,,,,,,,,,,,,,,,,,
0,15,28,"{'x': 979.2655101805436, 'y': 8.446325385777456, 'elapsedTime': 82505.80000007153}",936773998484,5232401498,POINT (0.5100341198856998 0.0078206716534976),,,,,,,,,,,,,,,,,,,,,,,,,,,,,,,,,,,,,,,,,,,,,,,,,,,,,,,,,,,,,,,,,,,,,,,,,,,,,,,,,,,,,,,,,,,,,,,,,,,,,
0,15,28,"{'x': 979.2655101805436, 'y': 8.446325385777456, 'elapsedTime': 82505.80000007153}",936774015152,5232418165,POINT (0.5100341198856998 0.0078206716534976),,,,,,,,,,,,,,,,,,,,,,,,,,,,,,,,,,,,,,,,,,,,,,,,,,,,,,,,,,,,,,,,,,,,,,,,,,,,,,,,,,,,,,,,,,,,,,,,,,,,,
0,15,28,"{'x': 910.8246553992539, 'y': 45.11745114784861, 'elapsedTime': 82554.30000007153}",936774031824,5232434837,POINT (0.474387841353778 0.0417754177294895),,,,,,,,,,,,,,,,,,,,,,,,,,,,,,,,,,,,,,,,,,,,,,,,,,,,,,,,,,,,,,,,,,,,,,,,,,,,,,,,,,,,,,,,,,,,,,,,,,,,,
0,15,28,"{'x': 910.8246553992539, 'y': 45.11745114784861, 'elapsedTime': 82554.30000007153}",936774048491,5232451504,POINT (0.474387841353778 0.0417754177294895),,,,,,,,,,,,,,,,,,,,,,,,,,,,,,,,,,,,,,,,,,,,,,,,,,,,,,,,,,,,,,,,,,,,,,,,,,,,,,,,,,,,,,,,,,,,,,,,,,,,,
0,15,28,"{'x': 910.8246553992539, 'y': 45.11745114784861, 'elapsedTime': 82554.30000007153}",936774065158,5232468171,POINT (0.474387841353778 0.0417754177294895),,,,,,,,,,,,,,,,,,,,,,,,,,,,,,,,,,,,,,,,,,,,,,,,,,,,,,,,,,,,,,,,,,,,,,,,,,,,,,,,,,,,,,,,,,,,,,,,,,,,,
0,15,28,"{'x': 777.3998063550749, 'y': 62.67574378035193, 'elapsedTime': 82616.60000002384}",936774081824,5232484837,POINT (0.4048957324766015 0.0580330960929184),,,,,,,,,,,,,,,,,,,,,,,,,,,,,,,,,,,,,,,,,,,,,,,,,,,,,,,,,,,,,,,,,,,,,,,,,,,,,,,,,,,,,,,,,,,,,,,,,,,,,
0,15,28,"{'x': 777.3998063550749, 'y': 62.67574378035193, 'elapsedTime': 82616.60000002384}",936774098492,5232501504,POINT (0.4048957324766015 0.0580330960929184),,,,,,,,,,,,,,,,,,,,,,,,,,,,,,,,,,,,,,,,,,,,,,,,,,,,,,,,,,,,,,,,,,,,,,,,,,,,,,,,,,,,,,,,,,,,,,,,,,,,,
0,15,28,"{'x': 777.3998063550749, 'y': 62.67574378035193, 'elapsedTime': 82616.60000002384}",936774115159,5232518171,POINT (0.4048957324766015 0.0580330960929184),,,,,,,,,,,,,,,,,,,,,,,,,,,,,,,,,,,,,,,,,,,,,,,,,,,,,,,,,,,,,,,,,,,,,,,,,,,,,,,,,,,,,,,,,,,,,,,,,,,,,
0,15,28,"{'x': 579.6025203461337, 'y': 146.69070140865188, 'elapsedTime': 82666.20000004768}",936774131825,5232534837,POINT (0.301876312680278 0.1358247235265295),,,,,,1,,,,,,,,,,,,,,,,,,,,,,,,,,,,,,,,,,,,,,,,,,,,,,,,,,,,,,,,,,,,,,,,,,,,,,,,,,,,,,,,,,,,,,,,,,,,,,,
0,15,28,"{'x': 579.6025203461337, 'y': 146.69070140865188, 'elapsedTime': 82666.20000004768}",936774148496,5232551508,POINT (0.301876312680278 0.1358247235265295),,,,,,1,,,,,,,,,,,,,,,,,,,,,,,,,,,,,,,,,,,,,,,,,,,,,,,,,,,,,,,,,,,,,,,,,,,,,,,,,,,,,,,,,,,,,,,,,,,,,,,
0,15,28,"{'x': 579.6025203461337, 'y': 146.69070140865188, 'elapsedTime': 82666.20000004768}",936774165162,5232568174,POINT (0.301876312680278 0.1358247235265295),,,,,,1,,,,,,,,,,,,,,,,,,,,,,,,,,,,,,,,,,,,,,,,,,,,,,,,,,,,,,,,,,,,,,,,,,,,,,,,,,,,,,,,,,,,,,,,,,,,,,,
0,15,28,"{'x': 449.12646730336377, 'y': 150.9390989869415, 'elapsedTime': 82714.39999997616}",936774181830,5232584841,POINT (0.2339200350538353 0.1397584249879088),,,,,,,,,,,,,,,,,,,,,,,,,,,,,,,,,,,,,,,,,,,,,,,,,,,,,,,,,,,,,,,,,,,,,,,,,,,,,,,,,,,,,,,,,,,,,,,,,,,1,,
0,15,28,"{'x': 449.12646730336377, 'y': 150.9390989869415, 'elapsedTime': 82714.39999997616}",936774198497,5232601508,POINT (0.2339200350538353 0.1397584249879088),,,,,,,,,,,,,,,,,,,,,,,,,,,,,,,,,,,,,,,,,,,,,,,,,,,,,,,,,,,,,,,,,,,,,,,,,,,,,,,,,,,,,,,,,,,,,,,,,,,1,,
0,15,28,"{'x': 449.12646730336377, 'y': 150.9390989869415, 'elapsedTime': 82714.39999997616}",936774215163,5232618174,POINT (0.2339200350538353 0.1397584249879088),,,,,,,,,,,,,,,,,,,,,,,,,,,,,,,,,,,,,,,,,,,,,,,,,,,,,,,,,,,,,,,,,,,,,,,,,,,,,,,,,,,,,,,,,,,,,,,,,,,1,,
0,15,28,"{'x': 333.42888383924225, 'y': 196.2652751756003, 'elapsedTime': 82759.60000002384}",936774231830,5232634841,POINT (0.1736608769996053 0.1817271066440744),,,,,,,,,,,,,,,,,,,,,,,,,,,,,,,,,,,,,,,,,,,,,,,,,,,,,,,,,,,,,,,,,,,,,,,,,,,,,,,,,,,,,,,,,,,,,,,,,,,,,
0,15,28,"{'x': 333.42888383924225, 'y': 196.2652751756003, 'elapsedTime': 82759.60000002384}",936774248496,5232651507,POINT (0.1736608769996053 0.1817271066440744),,,,,,,,,,,,,,,,,,,,,,,,,,,,,,,,,,,,,,,,,,,,,,,,,,,,,,,,,,,,,,,,,,,,,,,,,,,,,,,,,,,,,,,,,,,,,,,,,,,,,
0,15,28,"{'x': 333.42888383924225, 'y': 196.2652751756003, 'elapsedTime': 82759.60000002384}",936774265164,5232668175,POINT (0.1736608769996053 0.1817271066440744),,,,,,,,,,,,,,,,,,,,,,,,,,,,,,,,,,,,,,,,,,,,,,,,,,,,,,,,,,,,,,,,,,,,,,,,,,,,,,,,,,,,,,,,,,,,,,,,,,,,,
0,15,28,"{'x': 207.85703515774608, 'y': 205.78862186418695, 'elapsedTime': 82813.20000004768}",936774281835,5232684845,POINT (0.1082588724779928 0.1905450202446176),,,,,,,,,,,1,1,,,,,,,,,,,,,,,,,,,,,,,,,,,,,,,,,,,,,,,,,,,,,,,,,,,,,,,,,,,,,,,,,,,,,,,,,,,,,,,,,,,,,,,,,
0,15,28,"{'x': 207.85703515774608, 'y': 205.78862186418695, 'elapsedTime': 82813.20000004768}",936774298500,5232701511,POINT (0.1082588724779928 0.1905450202446176),,,,,,,,,,,1,1,,,,,,,,,,,,,,,,,,,,,,,,,,,,,,,,,,,,,,,,,,,,,,,,,,,,,,,,,,,,,,,,,,,,,,,,,,,,,,,,,,,,,,,,,
0,15,28,"{'x': 218.88073993491474, 'y': 215.46227508035773, 'elapsedTime': 82860.70000004768}",936774315169,5232718179,POINT (0.1140003853827681 0.1995021065558868),,,,,,,,,,,,,,,,,,,,,,,,1,1,,,,,,,,,,,,,,,,,,,,,,,,,,,,,,,,,,,,,,,,,,,,,,,,,,,,,,,,,,,,,,,,,,,,,,,,,,,,
0,15,28,"{'x': 218.88073993491474, 'y': 215.46227508035773, 'elapsedTime': 82860.70000004768}",936774331835,5232734845,POINT (0.1140003853827681 0.1995021065558868),,,,,,,,,,,,,,,,,,,,,,,,1,1,,,,,,,,,,,,,,,,,,,,,,,,,,,,,,,,,,,,,,,,,,,,,,,,,,,,,,,,,,,,,,,,,,,,,,,,,,,,
0,15,28,"{'x': 218.88073993491474, 'y': 215.46227508035773, 'elapsedTime': 82860.70000004768}",936774348502,5232751511,POINT (0.1140003853827681 0.1995021065558868),,,,,,,,,,,,,,,,,,,,,,,,1,1,,,,,,,,,,,,,,,,,,,,,,,,,,,,,,,,,,,,,,,,,,,,,,,,,,,,,,,,,,,,,,,,,,,,,,,,,,,,
0,15,28,"{'x': 122.6274048063614, 'y': 261.9965063354882, 'elapsedTime': 82904.70000004768}",936774365168,5232768178,POINT (0.0638684400033132 0.2425893577180447),,,,,,,,,,,,,,,,,,,,,,,,,,,,,,,,,,,,,,,,,,,,,,,,,,,,,,,,,,,,,,,,,,,,,,,,,,,,,,,,,,,,,,,,,,,,,,,,,,,,,
0,15,28,"{'x': 122.6274048063614, 'y': 261.9965063354882, 'elapsedTime': 82904.70000004768}",936774381836,5232784845,POINT (0.0638684400033132 0.2425893577180447),,,,,,,,,,,,,,,,,,,,,,,,,,,,,,,,,,,,,,,,,,,,,,,,,,,,,,,,,,,,,,,,,,,,,,,,,,,,,,,,,,,,,,,,,,,,,,,,,,,,,
0,15,28,"{'x': 122.6274048063614, 'y': 261.9965063354882, 'elapsedTime': 82904.70000004768}",936774398503,5232801512,POINT (0.0638684400033132 0.2425893577180447),,,,,,,,,,,,,,,,,,,,,,,,,,,,,,,,,,,,,,,,,,,,,,,,,,,,,,,,,,,,,,,,,,,,,,,,,,,,,,,,,,,,,,,,,,,,,,,,,,,,,
0,15,28,"{'x': 162.72787217018788, 'y': 240.70562538423036, 'elapsedTime': 82952.70000004768}",936774415173,5232818182,POINT (0.0847541000886395 0.2228755790594726),,,,,,,,,,,,,,,,,,,,,,,,,,,,,,,,,,,,,,,,,,,,,,,,,,,,,,,,,,,,,,,,,,,,,,,,,,,,,,,,,,,,,,,,,,,,,,,,,,,,,
0,15,28,"{'x': 162.72787217018788, 'y': 240.70562538423036, 'elapsedTime': 82952.70000004768}",936774431839,5232834848,POINT (0.0847541000886395 0.2228755790594726),,,,,,,,,,,,,,,,,,,,,,,,,,,,,,,,,,,,,,,,,,,,,,,,,,,,,,,,,,,,,,,,,,,,,,,,,,,,,,,,,,,,,,,,,,,,,,,,,,,,,
0,15,28,"{'x': 162.72787217018788, 'y': 240.70562538423036, 'elapsedTime': 82952.70000004768}",936774448506,5232851514,POINT (0.0847541000886395 0.2228755790594726),,,,,,,,,,,,,,,,,,,,,,,,,,,,,,,,,,,,,,,,,,,,,,,,,,,,,,,,,,,,,,,,,,,,,,,,,,,,,,,,,,,,,,,,,,,,,,,,,,,,,
0,15,28,"{'x': 122.83535038692243, 'y': 273.14369929408053, 'elapsedTime': 82999.20000004768}",936774465172,5232868181,POINT (0.0639767449931888 0.2529108326797042),,,,,,,,,,,,,,,,,,,,,,,,,,,,,,,,,,,,,,,,,,,,,,,,,,,,,,,,,,,,,,,,,,,,,,,,,,,,,,,,,,,,,,,,,,,,,,,,,,,,,
0,15,28,"{'x': 122.83535038692243, 'y': 273.14369929408053, 'elapsedTime': 82999.20000004768}",936774481840,5232884848,POINT (0.0639767449931888 0.2529108326797042),,,,,,,,,,,,,,,,,,,,,,,,,,,,,,,,,,,,,,,,,,,,,,,,,,,,,,,,,,,,,,,,,,,,,,,,,,,,,,,,,,,,,,,,,,,,,,,,,,,,,
0,15,28,"{'x': 126.85765137146306, 'y': 262.8389085837608, 'elapsedTime': 83044.39999997616}",936774498507,5232901515,POINT (0.066071693422637 0.2433693597997786),,,,,,,,,,,,,,,,,,,,,,,,,,,,,,,,,,,,,,,,,,,,,,,,,,,,,,,,,,,,,,,,,,,,,,,,,,,,,,,,,,,,,,,,,,,,,,,,,,,,,
0,15,28,"{'x': 126.85765137146306, 'y': 262.8389085837608, 'elapsedTime': 83044.39999997616}",936774515174,5232918181,POINT (0.066071693422637 0.2433693597997786),,,,,,,,,,,,,,,,,,,,,,,,,,,,,,,,,,,,,,,,,,,,,,,,,,,,,,,,,,,,,,,,,,,,,,,,,,,,,,,,,,,,,,,,,,,,,,,,,,,,,
0,15,28,"{'x': 126.85765137146306, 'y': 262.8389085837608, 'elapsedTime': 83044.39999997616}",936774531840,5232934848,POINT (0.066071693422637 0.2433693597997786),,,,,,,,,,,,,,,,,,,,,,,,,,,,,,,,,,,,,,,,,,,,,,,,,,,,,,,,,,,,,,,,,,,,,,,,,,,,,,,,,,,,,,,,,,,,,,,,,,,,,
0,15,28,"{'x': 91.27538665894511, 'y': 344.504170990832, 'elapsedTime': 83091.80000007153}",936774548514,5232951522,POINT (0.0475392638848672 0.3189853435100296),,,,,,,,,,,,,,,,,,,,,,,,,,,,,,,,,,,,,,,,,,,,,,,,,,,,,,,,,,,,,,,,,,,,,,,,,,,,,,,,,,,,,,,,,,,,,,,,,,,,,
0,15,28,"{'x': 91.27538665894511, 'y': 344.504170990832, 'elapsedTime': 83091.80000007153}",936774565182,5232968189,POINT (0.0475392638848672 0.3189853435100296),,,,,,,,,,,,,,,,,,,,,,,,,,,,,,,,,,,,,,,,,,,,,,,,,,,,,,,,,,,,,,,,,,,,,,,,,,,,,,,,,,,,,,,,,,,,,,,,,,,,,
0,15,28,"{'x': 91.27538665894511, 'y': 344.504170990832, 'elapsedTime': 83091.80000007153}",936774581849,5232984856,POINT (0.0475392638848672 0.3189853435100296),,,,,,,,,,,,,,,,,,,,,,,,,,,,,,,,,,,,,,,,,,,,,,,,,,,,,,,,,,,,,,,,,,,,,,,,,,,,,,,,,,,,,,,,,,,,,,,,,,,,,
0,15,28,"{'x': 121.61395905136493, 'y': 298.1377360492593, 'elapsedTime': 83136.5}",936774598515,5233001522,POINT (0.0633406036725859 0.2760534593048697),,,,,,,,,,,,,,,,,,,,,,,,,,,,,,,,,,,,,,,,,,,,,,,,,,,,,,,,,,,,,,,,,,,,,,,,,,,,,,,,,,,,,,,,,,,,,,,,,,,,,
0,15,28,"{'x': 121.61395905136493, 'y': 298.1377360492593, 'elapsedTime': 83136.5}",936774615182,5233018189,POINT (0.0633406036725859 0.2760534593048697),,,,,,,,,,,,,,,,,,,,,,,,,,,,,,,,,,,,,,,,,,,,,,,,,,,,,,,,,,,,,,,,,,,,,,,,,,,,,,,,,,,,,,,,,,,,,,,,,,,,,
0,15,28,"{'x': 121.61395905136493, 'y': 298.1377360492593, 'elapsedTime': 83136.5}",936774631849,5233034856,POINT (0.0633406036725859 0.2760534593048697),,,,,,,,,,,,,,,,,,,,,,,,,,,,,,,,,,,,,,,,,,,,,,,,,,,,,,,,,,,,,,,,,,,,,,,,,,,,,,,,,,,,,,,,,,,,,,,,,,,,,
0,15,28,"{'x': 113.43991813997167, 'y': 381.32577975291423, 'elapsedTime': 83183.20000004768}",936774648517,5233051523,POINT (0.0590832906979019 0.3530794256971428),,,,,,,,,,,,,,,,,,,,,,,,,,,,,,,,,,,,,,,,,,,,,,,,,,,,,,,,,,,,,,,,,,,,,,,,,,,,,,,,,,,,,,,,,,,,,,,,,,,,,
0,15,28,"{'x': 113.43991813997167, 'y': 381.32577975291423, 'elapsedTime': 83183.20000004768}",936774665183,5233068189,POINT (0.0590832906979019 0.3530794256971428),,,,,,,,,,,,,,,,,,,,,,,,,,,,,,,,,,,,,,,,,,,,,,,,,,,,,,,,,,,,,,,,,,,,,,,,,,,,,,,,,,,,,,,,,,,,,,,,,,,,,
0,15,28,"{'x': 113.43991813997167, 'y': 381.32577975291423, 'elapsedTime': 83183.20000004768}",936774681853,5233084859,POINT (0.0590832906979019 0.3530794256971428),,,,,,,,,,,,,,,,,,,,,,,,,,,,,,,,,,,,,,,,,,,,,,,,,,,,,,,,,,,,,,,,,,,,,,,,,,,,,,,,,,,,,,,,,,,,,,,,,,,,,
0,15,28,"{'x': 81.60180119002277, 'y': 361.533449886826, 'elapsedTime': 83229.70000004768}",936774698521,5233101527,POINT (0.0425009381198035 0.3347531943396537),,,,,,,,,,,,,,,,,,,,,,,,,,,,,,,,,,,,,,,,,,,,,,,,,,,,,,,,,,,,,,,,,,,,,,,,,,,,,,,,,,,,,,,,,,,,,,,,,,,,,
0,15,28,"{'x': 81.60180119002277, 'y': 361.533449886826, 'elapsedTime': 83229.70000004768}",936774715187,5233118193,POINT (0.0425009381198035 0.3347531943396537),,,,,,,,,,,,,,,,,,,,,,,,,,,,,,,,,,,,,,,,,,,,,,,,,,,,,,,,,,,,,,,,,,,,,,,,,,,,,,,,,,,,,,,,,,,,,,,,,,,,,
0,15,28,"{'x': 53.45660701954602, 'y': 373.7180918123682, 'elapsedTime': 83276.10000002384}",936774731855,5233134860,POINT (0.0278419828226802 0.3460352701966372),,,,,,,,,,,,,,,,,,,,,,,,,,,,,,,,,,,,,,,,,,,,,,,,,,,,,,,,,,,,,,,,,,,,,,,,,,,,,,,,,,,,,,,,,,,,,,,,,,,,,
0,15,28,"{'x': 53.45660701954602, 'y': 373.7180918123682, 'elapsedTime': 83276.10000002384}",936774748521,5233151526,POINT (0.0278419828226802 0.3460352701966372),,,,,,,,,,,,,,,,,,,,,,,,,,,,,,,,,,,,,,,,,,,,,,,,,,,,,,,,,,,,,,,,,,,,,,,,,,,,,,,,,,,,,,,,,,,,,,,,,,,,,
0,15,28,"{'x': 53.45660701954602, 'y': 373.7180918123682, 'elapsedTime': 83276.10000002384}",936774765188,5233168193,POINT (0.0278419828226802 0.3460352701966372),,,,,,,,,,,,,,,,,,,,,,,,,,,,,,,,,,,,,,,,,,,,,,,,,,,,,,,,,,,,,,,,,,,,,,,,,,,,,,,,,,,,,,,,,,,,,,,,,,,,,
0,15,28,"{'x': 137.0167326504963, 'y': 403.91722068917187, 'elapsedTime': 83322.10000002384}",936774781855,5233184860,POINT (0.0713628815888002 0.373997426564048),,,,,,,,,,,,,,,,,,,,,,,,,,,,,,,,,,,,,,,,,,,,,,,,,,,,,,,,,,,,,,,,,,,,,,,,,,,,,,,,,,,,,,,,,,,,,,,,,,,,,
0,15,28,"{'x': 137.0167326504963, 'y': 403.91722068917187, 'elapsedTime': 83322.10000002384}",936774798521,5233201526,POINT (0.0713628815888002 0.373997426564048),,,,,,,,,,,,,,,,,,,,,,,,,,,,,,,,,,,,,,,,,,,,,,,,,,,,,,,,,,,,,,,,,,,,,,,,,,,,,,,,,,,,,,,,,,,,,,,,,,,,,
0,15,28,"{'x': 137.0167326504963, 'y': 403.91722068917187, 'elapsedTime': 83322.10000002384}",936774815192,5233218197,POINT (0.0713628815888002 0.373997426564048),,,,,,,,,,,,,,,,,,,,,,,,,,,,,,,,,,,,,,,,,,,,,,,,,,,,,,,,,,,,,,,,,,,,,,,,,,,,,,,,,,,,,,,,,,,,,,,,,,,,,
0,15,28,"{'x': 254.97013835229765, 'y': 453.2124426384219, 'elapsedTime': 83368.5}",936774831859,5233234864,POINT (0.1327969470584884 0.4196411505911314),,,,,,,,,,,,,,,,,,,,,,,,,,,,,,,,,,,,,,,,,,,,,,,,,,,,,,,,,,,,,,,,,,,,,,,,,,,,,,,,,,,,,,,,,,,,,,,,,,,,,
0,15,28,"{'x': 254.97013835229765, 'y': 453.2124426384219, 'elapsedTime': 83368.5}",936774848526,5233251530,POINT (0.1327969470584884 0.4196411505911314),,,,,,,,,,,,,,,,,,,,,,,,,,,,,,,,,,,,,,,,,,,,,,,,,,,,,,,,,,,,,,,,,,,,,,,,,,,,,,,,,,,,,,,,,,,,,,,,,,,,,
0,15,28,"{'x': 254.97013835229765, 'y': 453.2124426384219, 'elapsedTime': 83368.5}",936774865193,5233268197,POINT (0.1327969470584884 0.4196411505911314),,,,,,,,,,,,,,,,,,,,,,,,,,,,,,,,,,,,,,,,,,,,,,,,,,,,,,,,,,,,,,,,,,,,,,,,,,,,,,,,,,,,,,,,,,,,,,,,,,,,,
0,15,28,"{'x': 326.63466860592683, 'y': 437.6626591429592, 'elapsedTime': 83414.80000007153}",936774881859,5233284863,POINT (0.1701222232322536 0.4052432029101474),,,,,,,,,,,,,,,,,,,,,,,,,,,,,,,,,,,,,,,,,,,,,,,,,,,,,,,,,,,,,,,,,,,,,,,,,,,,,,,,,,,,,,,,,,,,,,,,,,,,,
0,15,28,"{'x': 326.63466860592683, 'y': 437.6626591429592, 'elapsedTime': 83414.80000007153}",936774898526,5233301530,POINT (0.1701222232322536 0.4052432029101474),,,,,,,,,,,,,,,,,,,,,,,,,,,,,,,,,,,,,,,,,,,,,,,,,,,,,,,,,,,,,,,,,,,,,,,,,,,,,,,,,,,,,,,,,,,,,,,,,,,,,
0,15,28,"{'x': 326.63466860592683, 'y': 437.6626591429592, 'elapsedTime': 83414.80000007153}",936774915194,5233318197,POINT (0.1701222232322536 0.4052432029101474),,,,,,,,,,,,,,,,,,,,,,,,,,,,,,,,,,,,,,,,,,,,,,,,,,,,,,,,,,,,,,,,,,,,,,,,,,,,,,,,,,,,,,,,,,,,,,,,,,,,,
0,15,28,"{'x': 348.0506177874185, 'y': 499.7119612166741, 'elapsedTime': 83462.10000002384}",936774931860,5233334864,POINT (0.1812763634309471 0.4626962603858094),,,,,,,,,,,,,,,,,,,,,,,,,,,,,,,,,,,,,,,,,,,,,,,,,,,,,,,,,,,,,,,,,,,,,,,,,,,,,,,,,,,,,,,,,,,,,,,,,,,,,
0,15,28,"{'x': 348.0506177874185, 'y': 499.7119612166741, 'elapsedTime': 83462.10000002384}",936774948532,5233351535,POINT (0.1812763634309471 0.4626962603858094),,,,,,,,,,,,,,,,,,,,,,,,,,,,,,,,,,,,,,,,,,,,,,,,,,,,,,,,,,,,,,,,,,,,,,,,,,,,,,,,,,,,,,,,,,,,,,,,,,,,,
0,15,28,"{'x': 398.1134584130612, 'y': 513.5041953598585, 'elapsedTime': 83509.20000004768}",936774965199,5233368202,POINT (0.207350759590136 0.4754668475554245),,,,,,,,,,,,,,,,,,,,,,,,,,,,,,,,,,,,,,,,,,,,,,,,,,,,,,,,,,,,,,,,,,,,,,,,,,,,,,,,,,,,,,,,,,,,,,,,,,,,,
0,15,28,"{'x': 398.1134584130612, 'y': 513.5041953598585, 'elapsedTime': 83509.20000004768}",936774981866,5233384869,POINT (0.207350759590136 0.4754668475554245),,,,,,,,,,,,,,,,,,,,,,,,,,,,,,,,,,,,,,,,,,,,,,,,,,,,,,,,,,,,,,,,,,,,,,,,,,,,,,,,,,,,,,,,,,,,,,,,,,,,,
0,15,28,"{'x': 398.1134584130612, 'y': 513.5041953598585, 'elapsedTime': 83509.20000004768}",936774998532,5233401535,POINT (0.207350759590136 0.4754668475554245),,,,,,,,,,,,,,,,,,,,,,,,,,,,,,,,,,,,,,,,,,,,,,,,,,,,,,,,,,,,,,,,,,,,,,,,,,,,,,,,,,,,,,,,,,,,,,,,,,,,,
0,15,28,"{'x': 398.1134584130612, 'y': 513.5041953598585, 'elapsedTime': 83509.20000004768}",936775015200,5233418202,POINT (0.207350759590136 0.4754668475554245),,,,,,,,,,,,,,,,,,,,,,,,,,,,,,,,,,,,,,,,,,,,,,,,,,,,,,,,,,,,,,,,,,,,,,,,,,,,,,,,,,,,,,,,,,,,,,,,,,,,,
0,15,28,"{'x': 348.0943782182932, 'y': 524.5318348359126, 'elapsedTime': 83557.89999997616}",936775031867,5233434869,POINT (0.1812991553220277 0.4856776248480672),,,,,,,,,,,,,,,,,,,,,,,,,,,,,,,,,,,,,,,,,,,,,,,,,,,,,,,,,,,,,,,,,,,,,,,,,,,,,,,,,,,,,,,,,,,,,,,,,,,,,
0,15,28,"{'x': 348.0943782182932, 'y': 524.5318348359126, 'elapsedTime': 83557.89999997616}",936775048533,5233451535,POINT (0.1812991553220277 0.4856776248480672),,,,,,,,,,,,,,,,,,,,,,,,,,,,,,,,,,,,,,,,,,,,,,,,,,,,,,,,,,,,,,,,,,,,,,,,,,,,,,,,,,,,,,,,,,,,,,,,,,,,,
0,15,28,"{'x': 348.0943782182932, 'y': 524.5318348359126, 'elapsedTime': 83557.89999997616}",936775065200,5233468202,POINT (0.1812991553220277 0.4856776248480672),,,,,,,,,,,,,,,,,,,,,,,,,,,,,,,,,,,,,,,,,,,,,,,,,,,,,,,,,,,,,,,,,,,,,,,,,,,,,,,,,,,,,,,,,,,,,,,,,,,,,
0,15,28,"{'x': 355.5815143571715, 'y': 572.9191467039025, 'elapsedTime': 83611.70000004768}",936775081873,5233484874,POINT (0.1851987053943602 0.5304806913925023),,,,,,,,,,,,,,,,,,,,,,,,,,,,,,,,,,,,,,,,,,,,,,,,,,,,,,,,,,,,,,,,,,,,,,,,,,,,,,,,,,,,,,,,,,,,,,,,,,,,,
0,15,28,"{'x': 355.5815143571715, 'y': 572.9191467039025, 'elapsedTime': 83611.70000004768}",936775098538,5233501540,POINT (0.1851987053943602 0.5304806913925023),,,,,,,,,,,,,,,,,,,,,,,,,,,,,,,,,,,,,,,,,,,,,,,,,,,,,,,,,,,,,,,,,,,,,,,,,,,,,,,,,,,,,,,,,,,,,,,,,,,,,
0,15,28,"{'x': 221.57011477422608, 'y': 597.786048597142, 'elapsedTime': 83659.60000002384}",936775115206,5233518207,POINT (0.1154011014449094 0.5535056005529092),,,,,,,,,,,,,,,,,,,,,,,,,,,,,,,,,,,,,,,,,,,,,,,,,,,,,,,,,,,,,,,,,,,,,,,,,,,,,,,,,,,,,,,,,,,,,,,,,,,,,
0,15,28,"{'x': 221.57011477422608, 'y': 597.786048597142, 'elapsedTime': 83659.60000002384}",936775131873,5233534874,POINT (0.1154011014449094 0.5535056005529092),,,,,,,,,,,,,,,,,,,,,,,,,,,,,,,,,,,,,,,,,,,,,,,,,,,,,,,,,,,,,,,,,,,,,,,,,,,,,,,,,,,,,,,,,,,,,,,,,,,,,
0,15,28,"{'x': 221.57011477422608, 'y': 597.786048597142, 'elapsedTime': 83659.60000002384}",936775148539,5233551540,POINT (0.1154011014449094 0.5535056005529092),,,,,,,,,,,,,,,,,,,,,,,,,,,,,,,,,,,,,,,,,,,,,,,,,,,,,,,,,,,,,,,,,,,,,,,,,,,,,,,,,,,,,,,,,,,,,,,,,,,,,
0,15,28,"{'x': 237.68393452935447, 'y': 596.1826269176755, 'elapsedTime': 83705.70000004768}",936775165206,5233568207,POINT (0.1237937159007054 0.5520209508496996),,,,,,,,,,,,,,,,,,,,,,,,,,,,,,,,,,,,,,,,,,,,,,,,,,,,,,,,,,,,,,,,,,,,,,,,,,,,,,,,,,,,,,,,,,,,,,,,,,,,,
0,15,28,"{'x': 237.68393452935447, 'y': 596.1826269176755, 'elapsedTime': 83705.70000004768}",936775181873,5233584874,POINT (0.1237937159007054 0.5520209508496996),,,,,,,,,,,,,,,,,,,,,,,,,,,,,,,,,,,,,,,,,,,,,,,,,,,,,,,,,,,,,,,,,,,,,,,,,,,,,,,,,,,,,,,,,,,,,,,,,,,,,
0,15,28,"{'x': 237.68393452935447, 'y': 596.1826269176755, 'elapsedTime': 83705.70000004768}",936775198543,5233601544,POINT (0.1237937159007054 0.5520209508496996),,,,,,,,,,,,,,,,,,,,,,,,,,,,,,,,,,,,,,,,,,,,,,,,,,,,,,,,,,,,,,,,,,,,,,,,,,,,,,,,,,,,,,,,,,,,,,,,,,,,,
0,15,28,"{'x': 219.4846353062556, 'y': 524.7157988248002, 'elapsedTime': 83750.5}",936775215210,5233618211,POINT (0.1143149142220081 0.485847961874815),,,,,,,,,,,,,,,,,,,,,,,,,,,,,,,,,,,,,,,,,,,,,,,,,,,,,,,,,,,,,,,,,,,,,,,,,,,,,,,,,,,,,,,,,,,,,,,,,,,,,
0,15,28,"{'x': 219.4846353062556, 'y': 524.7157988248002, 'elapsedTime': 83750.5}",936775231877,5233634877,POINT (0.1143149142220081 0.485847961874815),,,,,,,,,,,,,,,,,,,,,,,,,,,,,,,,,,,,,,,,,,,,,,,,,,,,,,,,,,,,,,,,,,,,,,,,,,,,,,,,,,,,,,,,,,,,,,,,,,,,,
0,15,28,"{'x': 219.4846353062556, 'y': 524.7157988248002, 'elapsedTime': 83750.5}",936775248544,5233651544,POINT (0.1143149142220081 0.485847961874815),,,,,,,,,,,,,,,,,,,,,,,,,,,,,,,,,,,,,,,,,,,,,,,,,,,,,,,,,,,,,,,,,,,,,,,,,,,,,,,,,,,,,,,,,,,,,,,,,,,,,
0,15,28,"{'x': 240.99825291407473, 'y': 532.2472245586636, 'elapsedTime': 83798.30000007153}",936775265211,5233668211,POINT (0.1255199233927473 0.4928215042209848),,,,,,,,,,,,,,,,,,,,,,,,,,,,,,,,,,,,,,,,,,,,,,,,,,,,,,,,,,,,,,,,,,,,,,,,,,,,,,,,,,,,,,,,,,,,,,,,,,,,,
0,15,28,"{'x': 240.99825291407473, 'y': 532.2472245586636, 'elapsedTime': 83798.30000007153}",936775281877,5233684877,POINT (0.1255199233927473 0.4928215042209848),,,,,,,,,,,,,,,,,,,,,,,,,,,,,,,,,,,,,,,,,,,,,,,,,,,,,,,,,,,,,,,,,,,,,,,,,,,,,,,,,,,,,,,,,,,,,,,,,,,,,
0,15,28,"{'x': 242.79367745933544, 'y': 478.42540659665127, 'elapsedTime': 83844}",936775298545,5233701544,POINT (0.1264550403434039 0.4429864875894919),,,,,,,,,,,,,,,,,,,,,,,,,,,,,,,,,,,,,,,,,,,,,,,,,,,,,,,,,,,,,,,,,,,,,,,,,,,,,,,,,,,,,,,,,,,,,,,,,,,,,
0,15,28,"{'x': 242.79367745933544, 'y': 478.42540659665127, 'elapsedTime': 83844}",936775315211,5233718210,POINT (0.1264550403434039 0.4429864875894919),,,,,,,,,,,,,,,,,,,,,,,,,,,,,,,,,,,,,,,,,,,,,,,,,,,,,,,,,,,,,,,,,,,,,,,,,,,,,,,,,,,,,,,,,,,,,,,,,,,,,
0,15,28,"{'x': 242.79367745933544, 'y': 478.42540659665127, 'elapsedTime': 83844}",936775331883,5233734882,POINT (0.1264550403434039 0.4429864875894919),,,,,,,,,,,,,,,,,,,,,,,,,,,,,,,,,,,,,,,,,,,,,,,,,,,,,,,,,,,,,,,,,,,,,,,,,,,,,,,,,,,,,,,,,,,,,,,,,,,,,
0,15,28,"{'x': 177.57706877175508, 'y': 518.226132553158, 'elapsedTime': 83889.89999997616}",936775348549,5233751548,POINT (0.0924880566519558 0.4798390116232944),,,,,,,,,,,,,,,,,,,,,,,,,,,,,,,,,,,,,,,,,,,,,,,,,,,,,,,,,,,,,,,,,,,,,,,,,,,,,,,,,,,,,,,,,,,,,,,,,,,,,
0,15,28,"{'x': 177.57706877175508, 'y': 518.226132553158, 'elapsedTime': 83889.89999997616}",936775365215,5233768214,POINT (0.0924880566519558 0.4798390116232944),,,,,,,,,,,,,,,,,,,,,,,,,,,,,,,,,,,,,,,,,,,,,,,,,,,,,,,,,,,,,,,,,,,,,,,,,,,,,,,,,,,,,,,,,,,,,,,,,,,,,
0,15,28,"{'x': 177.57706877175508, 'y': 518.226132553158, 'elapsedTime': 83889.89999997616}",936775381883,5233784882,POINT (0.0924880566519558 0.4798390116232944),,,,,,,,,,,,,,,,,,,,,,,,,,,,,,,,,,,,,,,,,,,,,,,,,,,,,,,,,,,,,,,,,,,,,,,,,,,,,,,,,,,,,,,,,,,,,,,,,,,,,
0,15,28,"{'x': 215.2011129847598, 'y': 429.266283300191, 'elapsedTime': 83937.30000007153}",936775398550,5233801548,POINT (0.1120839130128957 0.3974687808335102),,,,,,,,,,,,,,,,,,,,,,,,,,,,,,,,,,,,,,,,,,,,,,,,,,,,,,,,,,,,,,,,,,,,,,,,,,,,,,,,,,,,,,,,,,,,,,,,,,,,,
0,15,28,"{'x': 215.2011129847598, 'y': 429.266283300191, 'elapsedTime': 83937.30000007153}",936775415216,5233818214,POINT (0.1120839130128957 0.3974687808335102),,,,,,,,,,,,,,,,,,,,,,,,,,,,,,,,,,,,,,,,,,,,,,,,,,,,,,,,,,,,,,,,,,,,,,,,,,,,,,,,,,,,,,,,,,,,,,,,,,,,,
0,15,28,"{'x': 215.2011129847598, 'y': 429.266283300191, 'elapsedTime': 83937.30000007153}",936775431883,5233834881,POINT (0.1120839130128957 0.3974687808335102),,,,,,,,,,,,,,,,,,,,,,,,,,,,,,,,,,,,,,,,,,,,,,,,,,,,,,,,,,,,,,,,,,,,,,,,,,,,,,,,,,,,,,,,,,,,,,,,,,,,,
0,15,28,"{'x': 318.5184974377818, 'y': 341.11606377510833, 'elapsedTime': 83986.80000007153}",936775448550,5233851548,POINT (0.1658950507488447 0.3158482071991744),,,,,,,,,,,,,,,,,,,,,,,,,,,,,,,,,,,,,,,,,,,,,,,,,,,,,,,,,,,,,,,,,,,,,,,,,,,,,,,,,,,,,,,,,,,,,,,,,,,,,
0,15,28,"{'x': 318.5184974377818, 'y': 341.11606377510833, 'elapsedTime': 83986.80000007153}",936775465222,5233868220,POINT (0.1658950507488447 0.3158482071991744),,,,,,,,,,,,,,,,,,,,,,,,,,,,,,,,,,,,,,,,,,,,,,,,,,,,,,,,,,,,,,,,,,,,,,,,,,,,,,,,,,,,,,,,,,,,,,,,,,,,,
0,15,28,"{'x': 318.5184974377818, 'y': 341.11606377510833, 'elapsedTime': 83986.80000007153}",936775481889,5233884886,POINT (0.1658950507488447 0.3158482071991744),,,,,,,,,,,,,,,,,,,,,,,,,,,,,,,,,,,,,,,,,,,,,,,,,,,,,,,,,,,,,,,,,,,,,,,,,,,,,,,,,,,,,,,,,,,,,,,,,,,,,
0,15,28,"{'x': 205.15075140141812, 'y': 521.1482010381503, 'elapsedTime': 84036.80000007153}",936775498555,5233901553,POINT (0.1068493496882386 0.4825446305908799),,,,,,,,,,,,,,,,,,,,,,,,,,,,,,,,,,,,,,,,,,,,,,,,,,,,,,,,,,,,,,,,,,,,,,,,,,,,,,,,,,,,,,,,,,,,,,,,,,,,,
0,15,28,"{'x': 205.15075140141812, 'y': 521.1482010381503, 'elapsedTime': 84036.80000007153}",936775515222,5233918219,POINT (0.1068493496882386 0.4825446305908799),,,,,,,,,,,,,,,,,,,,,,,,,,,,,,,,,,,,,,,,,,,,,,,,,,,,,,,,,,,,,,,,,,,,,,,,,,,,,,,,,,,,,,,,,,,,,,,,,,,,,
0,15,28,"{'x': 205.15075140141812, 'y': 521.1482010381503, 'elapsedTime': 84036.80000007153}",936775531889,5233934886,POINT (0.1068493496882386 0.4825446305908799),,,,,,,,,,,,,,,,,,,,,,,,,,,,,,,,,,,,,,,,,,,,,,,,,,,,,,,,,,,,,,,,,,,,,,,,,,,,,,,,,,,,,,,,,,,,,,,,,,,,,
0,15,28,"{'x': 407.9990672260619, 'y': 402.31728793639184, 'elapsedTime': 84088.70000004768}",936775548556,5233951553,POINT (0.2124995141802406 0.372516007348511),,,,,,,,,,,,,,,,,,,,,,,,,,,,,,,,,,,,,,,,,,,,,,,,,,,,,,,,,,,,,,,,,,,,,,,,,,,,,,,,,,,,,,,,,,,,,,,,,,,,,
0,15,28,"{'x': 407.9990672260619, 'y': 402.31728793639184, 'elapsedTime': 84088.70000004768}",936775565222,5233968219,POINT (0.2124995141802406 0.372516007348511),,,,,,,,,,,,,,,,,,,,,,,,,,,,,,,,,,,,,,,,,,,,,,,,,,,,,,,,,,,,,,,,,,,,,,,,,,,,,,,,,,,,,,,,,,,,,,,,,,,,,
0,15,28,"{'x': 407.9990672260619, 'y': 402.31728793639184, 'elapsedTime': 84088.70000004768}",936775581890,5233984886,POINT (0.2124995141802406 0.372516007348511),,,,,,,,,,,,,,,,,,,,,,,,,,,,,,,,,,,,,,,,,,,,,,,,,,,,,,,,,,,,,,,,,,,,,,,,,,,,,,,,,,,,,,,,,,,,,,,,,,,,,
0,15,28,"{'x': 752.2061770478381, 'y': 441.90103421403677, 'elapsedTime': 84135.10000002384}",936775598562,5234001559,POINT (0.391774050545749 0.4091676242722563),,,,,,,,,,,,,,,,,,,,,,,,,,,,,,,,,,,,,,,,,,,,,,,,,,,,,,,,,,,,,,,,,,,,,,,,,,,,,,,,,,,,,,,,,,,,,,,,,,,,,
0,15,28,"{'x': 752.2061770478381, 'y': 441.90103421403677, 'elapsedTime': 84135.10000002384}",936775615231,5234018227,POINT (0.391774050545749 0.4091676242722563),,,,,,,,,,,,,,,,,,,,,,,,,,,,,,,,,,,,,,,,,,,,,,,,,,,,,,,,,,,,,,,,,,,,,,,,,,,,,,,,,,,,,,,,,,,,,,,,,,,,,
0,15,28,"{'x': 752.2061770478381, 'y': 441.90103421403677, 'elapsedTime': 84135.10000002384}",936775631897,5234034893,POINT (0.391774050545749 0.4091676242722563),,,,,,,,,,,,,,,,,,,,,,,,,,,,,,,,,,,,,,,,,,,,,,,,,,,,,,,,,,,,,,,,,,,,,,,,,,,,,,,,,,,,,,,,,,,,,,,,,,,,,
0,15,28,"{'x': 784.567004925032, 'y': 549.4768324532931, 'elapsedTime': 84184.80000007153}",936775648564,5234051560,POINT (0.4086286483984542 0.5087748448641604),,,,,,,,,,,,,,,,,,,,,,,,,,,,,,,,,,,,,,,,,,,,,,,,,,,,,,,,,,,,,,,,,,,,,,,,,,,,,,,,,,,,,,,,,,,,,,,,,,,,1,
0,15,28,"{'x': 784.567004925032, 'y': 549.4768324532931, 'elapsedTime': 84184.80000007153}",936775665230,5234068226,POINT (0.4086286483984542 0.5087748448641604),,,,,,,,,,,,,,,,,,,,,,,,,,,,,,,,,,,,,,,,,,,,,,,,,,,,,,,,,,,,,,,,,,,,,,,,,,,,,,,,,,,,,,,,,,,,,,,,,,,,1,
0,15,28,"{'x': 784.567004925032, 'y': 549.4768324532931, 'elapsedTime': 84184.80000007153}",936775681898,5234084893,POINT (0.4086286483984542 0.5087748448641604),,,,,,,,,,,,,,,,,,,,,,,,,,,,,,,,,,,,,,,,,,,,,,,,,,,,,,,,,,,,,,,,,,,,,,,,,,,,,,,,,,,,,,,,,,,,,,,,,,,,1,
0,15,28,"{'x': 801.3398536060944, 'y': 527.6545935690217, 'elapsedTime': 84235.89999997616}",936775698565,5234101560,POINT (0.4173645070865075 0.4885690681194645),,,,,,,,,,,,,,,,,,,,,,,,,,,,,,,,,,,,,,,,,,,,,,,,,,,,,,,,,,,,,,,,,,,,,,,,,,,,,,,,,,,,,,,,,,,,,,,,,,,,1,
0,15,28,"{'x': 801.3398536060944, 'y': 527.6545935690217, 'elapsedTime': 84235.89999997616}",936775715232,5234118227,POINT (0.4173645070865075 0.4885690681194645),,,,,,,,,,,,,,,,,,,,,,,,,,,,,,,,,,,,,,,,,,,,,,,,,,,,,,,,,,,,,,,,,,,,,,,,,,,,,,,,,,,,,,,,,,,,,,,,,,,,1,
0,15,28,"{'x': 801.3398536060944, 'y': 527.6545935690217, 'elapsedTime': 84235.89999997616}",936775731900,5234134895,POINT (0.4173645070865075 0.4885690681194645),,,,,,,,,,,,,,,,,,,,,,,,,,,,,,,,,,,,,,,,,,,,,,,,,,,,,,,,,,,,,,,,,,,,,,,,,,,,,,,,,,,,,,,,,,,,,,,,,,,,1,
0,15,28,"{'x': 792.1953653262505, 'y': 339.2644323486896, 'elapsedTime': 84287.70000004768}",936775748568,5234151562,POINT (0.4126017527740888 0.3141337336561941),,,,,,,,,,,,,,,,,,,,,,,,,,,,,,,,,,,,,,,,,,,,,,,,,,,,,,,,,,,,,,,,,,,,,,,,,,,,,,,,,,,,,,,,,,,,,,,,,,,,1,
0,15,28,"{'x': 792.1953653262505, 'y': 339.2644323486896, 'elapsedTime': 84287.70000004768}",936775765234,5234168229,POINT (0.4126017527740888 0.3141337336561941),,,,,,,,,,,,,,,,,,,,,,,,,,,,,,,,,,,,,,,,,,,,,,,,,,,,,,,,,,,,,,,,,,,,,,,,,,,,,,,,,,,,,,,,,,,,,,,,,,,,1,
0,15,28,"{'x': 792.1953653262505, 'y': 339.2644323486896, 'elapsedTime': 84287.70000004768}",936775781900,5234184895,POINT (0.4126017527740888 0.3141337336561941),,,,,,,,,,,,,,,,,,,,,,,,,,,,,,,,,,,,,,,,,,,,,,,,,,,,,,,,,,,,,,,,,,,,,,,,,,,,,,,,,,,,,,,,,,,,,,,,,,,,1,
0,15,28,"{'x': 792.1953653262505, 'y': 339.2644323486896, 'elapsedTime': 84287.70000004768}",936775798568,5234201562,POINT (0.4126017527740888 0.3141337336561941),,,,,,,,,,,,,,,,,,,,,,,,,,,,,,,,,,,,,,,,,,,,,,,,,,,,,,,,,,,,,,,,,,,,,,,,,,,,,,,,,,,,,,,,,,,,,,,,,,,,1,
0,15,28,"{'x': 853.9893023216598, 'y': 302.7558167771239, 'elapsedTime': 84340.89999997616}",936775815235,5234218229,POINT (0.4447860949591978 0.2803294599788185),,,,,,,,,,,,,,,,,,,,,,,,,,,,,,,,,,,,,,,,,,,,,,,,,,,,,,,,,,,,,,,,,,,,,,,,,,,,,,,,,,,,,,,,,,,,,,,,,,,1,1,
0,15,28,"{'x': 853.9893023216598, 'y': 302.7558167771239, 'elapsedTime': 84340.89999997616}",936775831901,5234234895,POINT (0.4447860949591978 0.2803294599788185),,,,,,,,,,,,,,,,,,,,,,,,,,,,,,,,,,,,,,,,,,,,,,,,,,,,,,,,,,,,,,,,,,,,,,,,,,,,,,,,,,,,,,,,,,,,,,,,,,,1,1,
0,15,28,"{'x': 853.9893023216598, 'y': 302.7558167771239, 'elapsedTime': 84340.89999997616}",936775848568,5234251562,POINT (0.4447860949591978 0.2803294599788185),,,,,,,,,,,,,,,,,,,,,,,,,,,,,,,,,,,,,,,,,,,,,,,,,,,,,,,,,,,,,,,,,,,,,,,,,,,,,,,,,,,,,,,,,,,,,,,,,,,1,1,
0,15,28,"{'x': 692.481001000339, 'y': 168.37043180662863, 'elapsedTime': 84394.60000002384}",936775865239,5234268233,POINT (0.3606671880210099 0.1558985479691006),,,,,,,,,,,,,,,,,,,,,,,,,,,,,,,,,,,,,,,,,,,,,,,,,,,,,,,,,,,,,,,,,,,,,,,,,,,,,,,,,,,,,,,,,,,,,,,,,,,1,,
0,15,28,"{'x': 692.481001000339, 'y': 168.37043180662863, 'elapsedTime': 84394.60000002384}",936775881905,5234284899,POINT (0.3606671880210099 0.1558985479691006),,,,,,,,,,,,,,,,,,,,,,,,,,,,,,,,,,,,,,,,,,,,,,,,,,,,,,,,,,,,,,,,,,,,,,,,,,,,,,,,,,,,,,,,,,,,,,,,,,,1,,
0,15,28,"{'x': 692.481001000339, 'y': 168.37043180662863, 'elapsedTime': 84394.60000002384}",936775898572,5234301565,POINT (0.3606671880210099 0.1558985479691006),,,,,,,,,,,,,,,,,,,,,,,,,,,,,,,,,,,,,,,,,,,,,,,,,,,,,,,,,,,,,,,,,,,,,,,,,,,,,,,,,,,,,,,,,,,,,,,,,,,1,,
0,15,28,"{'x': 512.3587890464877, 'y': 251.50148325464465, 'elapsedTime': 84450.30000007153}",936775915239,5234318232,POINT (0.2668535359617124 0.2328717437543006),,,,,,,,,,,,,,,,,,,,,,,,,,,,,,,,,,,,,,,,,,,,,,,,,,,,,,,,,,,,,,,,,,,,,,,,,,,,,,,,,,,,,,,,,,,,,,,,,,,,1,
0,15,28,"{'x': 512.3587890464877, 'y': 251.50148325464465, 'elapsedTime': 84450.30000007153}",936775931906,5234334899,POINT (0.2668535359617124 0.2328717437543006),,,,,,,,,,,,,,,,,,,,,,,,,,,,,,,,,,,,,,,,,,,,,,,,,,,,,,,,,,,,,,,,,,,,,,,,,,,,,,,,,,,,,,,,,,,,,,,,,,,,1,
0,15,28,"{'x': 512.3587890464877, 'y': 251.50148325464465, 'elapsedTime': 84450.30000007153}",936775948573,5234351566,POINT (0.2668535359617124 0.2328717437543006),,,,,,,,,,,,,,,,,,,,,,,,,,,,,,,,,,,,,,,,,,,,,,,,,,,,,,,,,,,,,,,,,,,,,,,,,,,,,,,,,,,,,,,,,,,,,,,,,,,,1,
0,15,28,"{'x': 422.340370482484, 'y': 111.02447044728162, 'elapsedTime': 84504.10000002384}",936775965240,5234368232,POINT (0.2199689429596271 0.1028004355993348),,,,,,,,,,,,,,,,,,,,,,,,,,,,,,,,,,,,,,,,,,,,,,,,,,,,,,,,,,,,,,,,,,,,,,,,,,,,,,,,,,,,,,,,,,,,,,,,,,,,,
0,15,28,"{'x': 422.340370482484, 'y': 111.02447044728162, 'elapsedTime': 84504.10000002384}",936775981906,5234384899,POINT (0.2199689429596271 0.1028004355993348),,,,,,,,,,,,,,,,,,,,,,,,,,,,,,,,,,,,,,,,,,,,,,,,,,,,,,,,,,,,,,,,,,,,,,,,,,,,,,,,,,,,,,,,,,,,,,,,,,,,,
0,15,28,"{'x': 422.340370482484, 'y': 111.02447044728162, 'elapsedTime': 84504.10000002384}",936775998581,5234401573,POINT (0.2199689429596271 0.1028004355993348),,,,,,,,,,,,,,,,,,,,,,,,,,,,,,,,,,,,,,,,,,,,,,,,,,,,,,,,,,,,,,,,,,,,,,,,,,,,,,,,,,,,,,,,,,,,,,,,,,,,,
0,15,28,"{'x': 422.340370482484, 'y': 111.02447044728162, 'elapsedTime': 84504.10000002384}",936776015247,5234418239,POINT (0.2199689429596271 0.1028004355993348),,,,,,,,,,,,,,,,,,,,,,,,,,,,,,,,,,,,,,,,,,,,,,,,,,,,,,,,,,,,,,,,,,,,,,,,,,,,,,,,,,,,,,,,,,,,,,,,,,,,,
0,15,28,"{'x': 402.5957229485738, 'y': 26.22825242813049, 'elapsedTime': 84556.70000004768}",936776031914,5234434906,POINT (0.2096852723690488 0.0242854189149356),,,,,,,,,,,,,,,,,,,,,,,,,,,,,,,,,,,,,,,,,,,,,,,,,,,,,,,,,,,,,,,,,,,,,,,,,,,,,,,,,,,,,,,,,,,,,,,,,,,,,
0,15,28,"{'x': 402.5957229485738, 'y': 26.22825242813049, 'elapsedTime': 84556.70000004768}",936776048580,5234451572,POINT (0.2096852723690488 0.0242854189149356),,,,,,,,,,,,,,,,,,,,,,,,,,,,,,,,,,,,,,,,,,,,,,,,,,,,,,,,,,,,,,,,,,,,,,,,,,,,,,,,,,,,,,,,,,,,,,,,,,,,,
0,15,28,"{'x': 402.5957229485738, 'y': 26.22825242813049, 'elapsedTime': 84556.70000004768}",936776065248,5234468239,POINT (0.2096852723690488 0.0242854189149356),,,,,,,,,,,,,,,,,,,,,,,,,,,,,,,,,,,,,,,,,,,,,,,,,,,,,,,,,,,,,,,,,,,,,,,,,,,,,,,,,,,,,,,,,,,,,,,,,,,,,
0,15,28,"{'x': 357.8091321361678, 'y': 63.79701327185073, 'elapsedTime': 84620.30000007153}",936776081915,5234484906,POINT (0.1863589229875874 0.059071308585047),,,,,,,,,,,,,,,,,,,,,,,,,,,,,,,,,,,,,,,,,,,,,,,,,,,,,,,,,,,,,,,,,,,,,,,,,,,,,,,,,,,,,,,,,,,,,,,,,,,,,
0,15,28,"{'x': 357.8091321361678, 'y': 63.79701327185073, 'elapsedTime': 84620.30000007153}",936776098580,5234501572,POINT (0.1863589229875874 0.059071308585047),,,,,,,,,,,,,,,,,,,,,,,,,,,,,,,,,,,,,,,,,,,,,,,,,,,,,,,,,,,,,,,,,,,,,,,,,,,,,,,,,,,,,,,,,,,,,,,,,,,,,
0,15,28,"{'x': 357.8091321361678, 'y': 63.79701327185073, 'elapsedTime': 84620.30000007153}",936776115251,5234518242,POINT (0.1863589229875874 0.059071308585047),,,,,,,,,,,,,,,,,,,,,,,,,,,,,,,,,,,,,,,,,,,,,,,,,,,,,,,,,,,,,,,,,,,,,,,,,,,,,,,,,,,,,,,,,,,,,,,,,,,,,
0,15,28,"{'x': 357.8091321361678, 'y': 63.79701327185073, 'elapsedTime': 84620.30000007153}",936776131918,5234534909,POINT (0.1863589229875874 0.059071308585047),,,,,,,,,,,,,,,,,,,,,,,,,,,,,,,,,,,,,,,,,,,,,,,,,,,,,,,,,,,,,,,,,,,,,,,,,,,,,,,,,,,,,,,,,,,,,,,,,,,,,
0,15,28,"{'x': 402.6447016444327, 'y': 125.53644837435908, 'elapsedTime': 84673}",936776148584,5234551575,POINT (0.2097107821064754 0.1162374521984806),,,,,,,,,,,,,,,,,,,,,,,,,,,,,,,,,,,,,,,,,,,,,,,,,,,,,,,,,,,,,,,,,,,,,,,,,,,,,,,,,,,,,,,,,,,,,,,,,,,,,
0,15,28,"{'x': 402.6447016444327, 'y': 125.53644837435908, 'elapsedTime': 84673}",936776165251,5234568242,POINT (0.2097107821064754 0.1162374521984806),,,,,,,,,,,,,,,,,,,,,,,,,,,,,,,,,,,,,,,,,,,,,,,,,,,,,,,,,,,,,,,,,,,,,,,,,,,,,,,,,,,,,,,,,,,,,,,,,,,,,
0,15,28,"{'x': 402.6447016444327, 'y': 125.53644837435908, 'elapsedTime': 84673}",936776181919,5234584909,POINT (0.2097107821064754 0.1162374521984806),,,,,,,,,,,,,,,,,,,,,,,,,,,,,,,,,,,,,,,,,,,,,,,,,,,,,,,,,,,,,,,,,,,,,,,,,,,,,,,,,,,,,,,,,,,,,,,,,,,,,
0,15,28,"{'x': 374.0671117814064, 'y': 111.91579374866357, 'elapsedTime': 84726.80000007153}",936776198584,5234601575,POINT (0.1948266207194825 0.1036257349524663),,,,,,,,,,,,,,,,,,,,,,,,,,,,,,,,,,,,,,,,,,,,,,,,,,,,,,,,,,,,,,,,,,,,,,,,,,,,,,,,,,,,,,,,,,,,,,,,,,,,,
0,15,28,"{'x': 374.0671117814064, 'y': 111.91579374866357, 'elapsedTime': 84726.80000007153}",936776215252,5234618242,POINT (0.1948266207194825 0.1036257349524663),,,,,,,,,,,,,,,,,,,,,,,,,,,,,,,,,,,,,,,,,,,,,,,,,,,,,,,,,,,,,,,,,,,,,,,,,,,,,,,,,,,,,,,,,,,,,,,,,,,,,
0,15,28,"{'x': 374.0671117814064, 'y': 111.91579374866357, 'elapsedTime': 84726.80000007153}",936776231919,5234634909,POINT (0.1948266207194825 0.1036257349524663),,,,,,,,,,,,,,,,,,,,,,,,,,,,,,,,,,,,,,,,,,,,,,,,,,,,,,,,,,,,,,,,,,,,,,,,,,,,,,,,,,,,,,,,,,,,,,,,,,,,,
0,15,28,"{'x': 347.5740461454422, 'y': 121.86525186247165, 'elapsedTime': 84782.70000004768}",936776248592,5234651582,POINT (0.1810281490340845 0.1128381961689552),,,,,,,,,,,,,,,,,,,,,,,,,,,,,,,,,,,,,,,,,,,,,,,,,,,,,,,,,,,,,,,,,,,,,,,,,,,,,,,,,,,,,,,,,,,,,,,,,,,,,
0,15,28,"{'x': 347.5740461454422, 'y': 121.86525186247165, 'elapsedTime': 84782.70000004768}",936776265258,5234668248,POINT (0.1810281490340845 0.1128381961689552),,,,,,,,,,,,,,,,,,,,,,,,,,,,,,,,,,,,,,,,,,,,,,,,,,,,,,,,,,,,,,,,,,,,,,,,,,,,,,,,,,,,,,,,,,,,,,,,,,,,,
0,15,28,"{'x': 347.5740461454422, 'y': 121.86525186247165, 'elapsedTime': 84782.70000004768}",936776281926,5234684915,POINT (0.1810281490340845 0.1128381961689552),,,,,,,,,,,,,,,,,,,,,,,,,,,,,,,,,,,,,,,,,,,,,,,,,,,,,,,,,,,,,,,,,,,,,,,,,,,,,,,,,,,,,,,,,,,,,,,,,,,,,
0,15,28,"{'x': 295.59415941167396, 'y': 211.9515166660104, 'elapsedTime': 84837.70000004768}",936776298593,5234701582,POINT (0.1539552913602468 0.19625140432038),,,,,,,,,,,,,,,,,,,,,,,,,,,,,,,,,,,,,,,,,,,,,,,,,,,,,,,,,,,,,,,,,,,,,,,,,,,,,,,,,,,,,,,,,,,,,,,,,,,,,
0,15,28,"{'x': 295.59415941167396, 'y': 211.9515166660104, 'elapsedTime': 84837.70000004768}",936776315259,5234718248,POINT (0.1539552913602468 0.19625140432038),,,,,,,,,,,,,,,,,,,,,,,,,,,,,,,,,,,,,,,,,,,,,,,,,,,,,,,,,,,,,,,,,,,,,,,,,,,,,,,,,,,,,,,,,,,,,,,,,,,,,
0,15,28,"{'x': 295.59415941167396, 'y': 211.9515166660104, 'elapsedTime': 84837.70000004768}",936776331926,5234734915,POINT (0.1539552913602468 0.19625140432038),,,,,,,,,,,,,,,,,,,,,,,,,,,,,,,,,,,,,,,,,,,,,,,,,,,,,,,,,,,,,,,,,,,,,,,,,,,,,,,,,,,,,,,,,,,,,,,,,,,,,
0,15,28,"{'x': 295.59415941167396, 'y': 211.9515166660104, 'elapsedTime': 84837.70000004768}",936776348593,5234751581,POINT (0.1539552913602468 0.19625140432038),,,,,,,,,,,,,,,,,,,,,,,,,,,,,,,,,,,,,,,,,,,,,,,,,,,,,,,,,,,,,,,,,,,,,,,,,,,,,,,,,,,,,,,,,,,,,,,,,,,,,
0,15,28,"{'x': 368.9307097642231, 'y': 246.4056028195646, 'elapsedTime': 84891.39999997616}",936776365259,5234768248,POINT (0.1921514113355328 0.2281533359440413),,,,,,,,,,,,,,,,,,,,,,,,,,,,,,,,,,,,,,,,,,,,,,,,,,1,,,,,,,,,,,,,,,,,,,,,,,,,,,,,,,,,,,,,,,,,,,,,,,,,,1,
0,15,28,"{'x': 368.9307097642231, 'y': 246.4056028195646, 'elapsedTime': 84891.39999997616}",936776381930,5234784919,POINT (0.1921514113355328 0.2281533359440413),,,,,,,,,,,,,,,,,,,,,,,,,,,,,,,,,,,,,,,,,,,,,,,,,,1,,,,,,,,,,,,,,,,,,,,,,,,,,,,,,,,,,,,,,,,,,,,,,,,,,1,
0,15,28,"{'x': 368.9307097642231, 'y': 246.4056028195646, 'elapsedTime': 84891.39999997616}",936776398598,5234801586,POINT (0.1921514113355328 0.2281533359440413),,,,,,,,,,,,,,,,,,,,,,,,,,,,,,,,,,,,,,,,,,,,,,,,,,1,,,,,,,,,,,,,,,,,,,,,,,,,,,,,,,,,,,,,,,,,,,,,,,,,,1,
0,15,28,"{'x': 425.5601558491277, 'y': 177.10281328611458, 'elapsedTime': 84949.89999997616}",936776415264,5234818252,POINT (0.221645914504754 0.163984086376032),,,,,,,,,,,,,,,,,,,,,,,,,,,,,,,,,,,,,,,,,,,,,,,,,,,,,,,,,,,,,,,,,,,,,,,,,,,,,,,,,,,,,,,,,,,,,,,,,,,,,
0,15,28,"{'x': 425.5601558491277, 'y': 177.10281328611458, 'elapsedTime': 84949.89999997616}",936776431931,5234834918,POINT (0.221645914504754 0.163984086376032),,,,,,,,,,,,,,,,,,,,,,,,,,,,,,,,,,,,,,,,,,,,,,,,,,,,,,,,,,,,,,,,,,,,,,,,,,,,,,,,,,,,,,,,,,,,,,,,,,,,,
0,15,28,"{'x': 425.5601558491277, 'y': 177.10281328611458, 'elapsedTime': 84949.89999997616}",936776448598,5234851585,POINT (0.221645914504754 0.163984086376032),,,,,,,,,,,,,,,,,,,,,,,,,,,,,,,,,,,,,,,,,,,,,,,,,,,,,,,,,,,,,,,,,,,,,,,,,,,,,,,,,,,,,,,,,,,,,,,,,,,,,
0,15,28,"{'x': 425.5601558491277, 'y': 177.10281328611458, 'elapsedTime': 84949.89999997616}",936776465266,5234868252,POINT (0.221645914504754 0.163984086376032),,,,,,,,,,,,,,,,,,,,,,,,,,,,,,,,,,,,,,,,,,,,,,,,,,,,,,,,,,,,,,,,,,,,,,,,,,,,,,,,,,,,,,,,,,,,,,,,,,,,,
0,15,28,"{'x': 415.3058568233641, 'y': 191.52139287534973, 'elapsedTime': 85005.80000007153}",936776481932,5234884918,POINT (0.2163051337621688 0.1773346230327312),,,,,,,,,,,,,,,,,,,,,,,,,,,,,,,,,,,,,,,,,,,,,,,,,,,,,,,,,,,,,,,,,,,,,,,,,,,,,,,,,,,,,,,,,,,,,,,,,,,,,
0,15,28,"{'x': 415.3058568233641, 'y': 191.52139287534973, 'elapsedTime': 85005.80000007153}",936776498601,5234901586,POINT (0.2163051337621688 0.1773346230327312),,,,,,,,,,,,,,,,,,,,,,,,,,,,,,,,,,,,,,,,,,,,,,,,,,,,,,,,,,,,,,,,,,,,,,,,,,,,,,,,,,,,,,,,,,,,,,,,,,,,,
0,15,28,"{'x': 415.3058568233641, 'y': 191.52139287534973, 'elapsedTime': 85005.80000007153}",936776515273,5234918258,POINT (0.2163051337621688 0.1773346230327312),,,,,,,,,,,,,,,,,,,,,,,,,,,,,,,,,,,,,,,,,,,,,,,,,,,,,,,,,,,,,,,,,,,,,,,,,,,,,,,,,,,,,,,,,,,,,,,,,,,,,
0,15,28,"{'x': 399.951464798593, 'y': 222.3845385779128, 'elapsedTime': 85064.30000007153}",936776531941,5234934925,POINT (0.2083080545826005 0.2059116097943637),,,,,,,,,,,,,,,,,,,,,,,,,,,,,,,,,,,,,,,,,,,,,,,,,,,,,,,,,,,,,,,,,,,,,,,,,,,,,,,,,,,,,,,,,,,,,,,,,,,,,
0,15,28,"{'x': 399.951464798593, 'y': 222.3845385779128, 'elapsedTime': 85064.30000007153}",936776548607,5234951591,POINT (0.2083080545826005 0.2059116097943637),,,,,,,,,,,,,,,,,,,,,,,,,,,,,,,,,,,,,,,,,,,,,,,,,,,,,,,,,,,,,,,,,,,,,,,,,,,,,,,,,,,,,,,,,,,,,,,,,,,,,
0,15,28,"{'x': 399.951464798593, 'y': 222.3845385779128, 'elapsedTime': 85064.30000007153}",936776565275,5234968258,POINT (0.2083080545826005 0.2059116097943637),,,,,,,,,,,,,,,,,,,,,,,,,,,,,,,,,,,,,,,,,,,,,,,,,,,,,,,,,,,,,,,,,,,,,,,,,,,,,,,,,,,,,,,,,,,,,,,,,,,,,
0,15,28,"{'x': 375.21499311083113, 'y': 205.91749600516644, 'elapsedTime': 85118.80000007153}",936776581941,5234984924,POINT (0.1954244755785579 0.1906643481529319),,,,,,,,,,,,,,,1,,,,,,,,,,,,,,,,,,,,,,,,,,,,,,,,,,,,,,,,,,,,,,,,,,,,,,,,,,,,,,,,,,,,,,,,,,,,,,,,,,,,,,
0,15,28,"{'x': 375.21499311083113, 'y': 205.91749600516644, 'elapsedTime': 85118.80000007153}",936776598610,5235001592,POINT (0.1954244755785579 0.1906643481529319),,,,,,,,,,,,,,,1,,,,,,,,,,,,,,,,,,,,,,,,,,,,,,,,,,,,,,,,,,,,,,,,,,,,,,,,,,,,,,,,,,,,,,,,,,,,,,,,,,,,,,
0,15,28,"{'x': 375.21499311083113, 'y': 205.91749600516644, 'elapsedTime': 85118.80000007153}",936776615276,5235018258,POINT (0.1954244755785579 0.1906643481529319),,,,,,,,,,,,,,,1,,,,,,,,,,,,,,,,,,,,,,,,,,,,,,,,,,,,,,,,,,,,,,,,,,,,,,,,,,,,,,,,,,,,,,,,,,,,,,,,,,,,,,
0,15,28,"{'x': 375.21499311083113, 'y': 205.91749600516644, 'elapsedTime': 85118.80000007153}",936776631943,5235034924,POINT (0.1954244755785579 0.1906643481529319),,,,,,,,,,,,,,,1,,,,,,,,,,,,,,,,,,,,,,,,,,,,,,,,,,,,,,,,,,,,,,,,,,,,,,,,,,,,,,,,,,,,,,,,,,,,,,,,,,,,,,
0,15,28,"{'x': 355.05001404116194, 'y': 207.54906882539993, 'elapsedTime': 85175.5}",936776648612,5235051593,POINT (0.1849218823131052 0.1921750637272222),,,,,,,,,,,,,,,,,,,,,,,,,,,,,,,,,,,,,,,,,,,,,,,,,,,,,,,,,,,,,,,,,,,,,,,,,,,,,,,,,,,,,,,,,,,,,,,,,,,,,
0,15,28,"{'x': 355.05001404116194, 'y': 207.54906882539993, 'elapsedTime': 85175.5}",936776665279,5235068259,POINT (0.1849218823131052 0.1921750637272222),,,,,,,,,,,,,,,,,,,,,,,,,,,,,,,,,,,,,,,,,,,,,,,,,,,,,,,,,,,,,,,,,,,,,,,,,,,,,,,,,,,,,,,,,,,,,,,,,,,,,
0,15,28,"{'x': 355.05001404116194, 'y': 207.54906882539993, 'elapsedTime': 85175.5}",936776681947,5235084927,POINT (0.1849218823131052 0.1921750637272222),,,,,,,,,,,,,,,,,,,,,,,,,,,,,,,,,,,,,,,,,,,,,,,,,,,,,,,,,,,,,,,,,,,,,,,,,,,,,,,,,,,,,,,,,,,,,,,,,,,,,
0,15,28,"{'x': 353.7951987434234, 'y': 220.9694376870595, 'elapsedTime': 85231.30000007153}",936776698613,5235101593,POINT (0.1842683326788664 0.2046013311917218),,,,,,,,,,,,,,,,,,,,,,,,,,,,1,,,,,,,,,,,,,,,,,,,,,,,,,,,,,,,,,,,,,,,,,,,,,,,,,,,,,,,,,,,,,,,,,,,,,,,,,
0,15,28,"{'x': 353.7951987434234, 'y': 220.9694376870595, 'elapsedTime': 85231.30000007153}",936776715281,5235118260,POINT (0.1842683326788664 0.2046013311917218),,,,,,,,,,,,,,,,,,,,,,,,,,,,1,,,,,,,,,,,,,,,,,,,,,,,,,,,,,,,,,,,,,,,,,,,,,,,,,,,,,,,,,,,,,,,,,,,,,,,,,
0,15,28,"{'x': 353.7951987434234, 'y': 220.9694376870595, 'elapsedTime': 85231.30000007153}",936776731947,5235134926,POINT (0.1842683326788664 0.2046013311917218),,,,,,,,,,,,,,,,,,,,,,,,,,,,1,,,,,,,,,,,,,,,,,,,,,,,,,,,,,,,,,,,,,,,,,,,,,,,,,,,,,,,,,,,,,,,,,,,,,,,,,
0,15,28,"{'x': 370.42007693160235, 'y': 228.15735936317094, 'elapsedTime': 85287.39999997616}",936776748615,5235151593,POINT (0.1929271234018762 0.2112568142251583),,,,,,,,,,,,,,,,,,,,,,,,,,,,1,,,,,,,,,,,,,,,,,,,,,,,,,,,,,,,,,,,,,,,,,,,,,,,,,,,,,,,,,,,,,,,,,,,,,,,,,
0,15,28,"{'x': 370.42007693160235, 'y': 228.15735936317094, 'elapsedTime': 85287.39999997616}",936776765281,5235168259,POINT (0.1929271234018762 0.2112568142251583),,,,,,,,,,,,,,,,,,,,,,,,,,,,1,,,,,,,,,,,,,,,,,,,,,,,,,,,,,,,,,,,,,,,,,,,,,,,,,,,,,,,,,,,,,,,,,,,,,,,,,
0,15,28,"{'x': 370.42007693160235, 'y': 228.15735936317094, 'elapsedTime': 85287.39999997616}",936776781956,5235184933,POINT (0.1929271234018762 0.2112568142251583),,,,,,,,,,,,,,,,,,,,,,,,,,,,1,,,,,,,,,,,,,,,,,,,,,,,,,,,,,,,,,,,,,,,,,,,,,,,,,,,,,,,,,,,,,,,,,,,,,,,,,
0,15,28,"{'x': 370.42007693160235, 'y': 228.15735936317094, 'elapsedTime': 85287.39999997616}",936776798623,5235201600,POINT (0.1929271234018762 0.2112568142251583),,,,,,,,,,,,,,,,,,,,,,,,,,,,1,,,,,,,,,,,,,,,,,,,,,,,,,,,,,,,,,,,,,,,,,,,,,,,,,,,,,,,,,,,,,,,,,,,,,,,,,
0,15,28,"{'x': 511.2626217436018, 'y': 327.44898508804084, 'elapsedTime': 85341.10000002384}",936776815291,5235218267,POINT (0.2662826154914593 0.3031935047111489),,,,,,,,,,,,,,,,,,,,,,,,,,,,,,,,,,,,,,,,,,,,,,,,,,,,,,,,,,,,,,,,,,,,,,,,,,,,,,,,,,,,,,,,,,,,,,,,,,,,,
0,15,28,"{'x': 511.2626217436018, 'y': 327.44898508804084, 'elapsedTime': 85341.10000002384}",936776831957,5235234933,POINT (0.2662826154914593 0.3031935047111489),,,,,,,,,,,,,,,,,,,,,,,,,,,,,,,,,,,,,,,,,,,,,,,,,,,,,,,,,,,,,,,,,,,,,,,,,,,,,,,,,,,,,,,,,,,,,,,,,,,,,
0,15,28,"{'x': 511.2626217436018, 'y': 327.44898508804084, 'elapsedTime': 85341.10000002384}",936776848625,5235251600,POINT (0.2662826154914593 0.3031935047111489),,,,,,,,,,,,,,,,,,,,,,,,,,,,,,,,,,,,,,,,,,,,,,,,,,,,,,,,,,,,,,,,,,,,,,,,,,,,,,,,,,,,,,,,,,,,,,,,,,,,,
0,15,28,"{'x': 549.2207985750318, 'y': 272.01561529704196, 'elapsedTime': 85396.30000007153}",936776865291,5235268266,POINT (0.2860524992578291 0.2518663104602241),,,,,,,,,,,,,,,,,,,,,,,,,,,,,,,,,,,,,,,,,,,,,,,,,,,,,,,,,,,,,,,,,,,,,,,,,,,,,,,,,,,,,,,,,,,,,,,,,,,,1,
0,15,28,"{'x': 549.2207985750318, 'y': 272.01561529704196, 'elapsedTime': 85396.30000007153}",936776881959,5235284933,POINT (0.2860524992578291 0.2518663104602241),,,,,,,,,,,,,,,,,,,,,,,,,,,,,,,,,,,,,,,,,,,,,,,,,,,,,,,,,,,,,,,,,,,,,,,,,,,,,,,,,,,,,,,,,,,,,,,,,,,,1,
0,15,28,"{'x': 549.2207985750318, 'y': 272.01561529704196, 'elapsedTime': 85396.30000007153}",936776898626,5235301600,POINT (0.2860524992578291 0.2518663104602241),,,,,,,,,,,,,,,,,,,,,,,,,,,,,,,,,,,,,,,,,,,,,,,,,,,,,,,,,,,,,,,,,,,,,,,,,,,,,,,,,,,,,,,,,,,,,,,,,,,,1,
0,15,28,"{'x': 517.6875842007631, 'y': 203.81952456614732, 'elapsedTime': 85449.60000002384}",936776915297,5235318270,POINT (0.2696289501045641 0.188721782005692),,,,,,,,,,,,,,,,,1,,,,,,,,,,,,,,,,,,,,,,,,,,,,,,,,,,,,,,,,,,,,,,,,,,,,,,,,,,,,,,,,,,,,,,,,,,,,,,,,,,,,
0,15,28,"{'x': 517.6875842007631, 'y': 203.81952456614732, 'elapsedTime': 85449.60000002384}",936776931964,5235334937,POINT (0.2696289501045641 0.188721782005692),,,,,,,,,,,,,,,,,1,,,,,,,,,,,,,,,,,,,,,,,,,,,,,,,,,,,,,,,,,,,,,,,,,,,,,,,,,,,,,,,,,,,,,,,,,,,,,,,,,,,,
0,15,28,"{'x': 517.6875842007631, 'y': 203.81952456614732, 'elapsedTime': 85449.60000002384}",936776948632,5235351604,POINT (0.2696289501045641 0.188721782005692),,,,,,,,,,,,,,,,,1,,,,,,,,,,,,,,,,,,,,,,,,,,,,,,,,,,,,,,,,,,,,,,,,,,,,,,,,,,,,,,,,,,,,,,,,,,,,,,,,,,,,
0,15,28,"{'x': 570.9583068479774, 'y': 145.90187062672257, 'elapsedTime': 85503.20000004768}",936776965298,5235368270,POINT (0.2973741181499882 0.1350943246543727),,,,,,1,,,,,,,,,,,,,,,,,,,,,,,,,,,,,,,,,,,,,,,,,,,,,,,,,,,,,,,,,,,,,,,,,,,,,,,,,,,,,,,,,,,,,,,,,,,,,,,
0,15,28,"{'x': 570.9583068479774, 'y': 145.90187062672257, 'elapsedTime': 85503.20000004768}",936776981966,5235384937,POINT (0.2973741181499882 0.1350943246543727),,,,,,1,,,,,,,,,,,,,,,,,,,,,,,,,,,,,,,,,,,,,,,,,,,,,,,,,,,,,,,,,,,,,,,,,,,,,,,,,,,,,,,,,,,,,,,,,,,,,,,
0,15,28,"{'x': 570.9583068479774, 'y': 145.90187062672257, 'elapsedTime': 85503.20000004768}",936776998633,5235401604,POINT (0.2973741181499882 0.1350943246543727),,,,,,1,,,,,,,,,,,,,,,,,,,,,,,,,,,,,,,,,,,,,,,,,,,,,,,,,,,,,,,,,,,,,,,,,,,,,,,,,,,,,,,,,,,,,,,,,,,,,,,
0,15,28,"{'x': 570.9583068479774, 'y': 145.90187062672257, 'elapsedTime': 85503.20000004768}",936777015299,5235418270,POINT (0.2973741181499882 0.1350943246543727),,,,,,1,,,,,,,,,,,,,,,,,,,,,,,,,,,,,,,,,,,,,,,,,,,,,,,,,,,,,,,,,,,,,,,,,,,,,,,,,,,,,,,,,,,,,,,,,,,,,,,
0,15,28,"{'x': 570.9583068479774, 'y': 145.90187062672257, 'elapsedTime': 85503.20000004768}",936777031970,5235434940,POINT (0.2973741181499882 0.1350943246543727),,,,,,1,,,,,,,,,,,,,,,,,,,,,,,,,,,,,,,,,,,,,,,,,,,,,,,,,,,,,,,,,,,,,,,,,,,,,,,,,,,,,,,,,,,,,,,,,,,,,,,
0,15,28,"{'x': 673.917060997507, 'y': 171.793739771805, 'elapsedTime': 85557.70000004768}",936777048637,5235451607,POINT (0.3509984692695349 0.1590682775664861),,,,,,,,,,,,,,,,,,,,,,,,,,,,,,,,,,,,,,,,,,,,,,,,,,,,,,,,,,,,,,,,,,,,,,,,,,,,,,,,,,,,,,,,,,,,,,,,,,,1,,
0,15,28,"{'x': 673.917060997507, 'y': 171.793739771805, 'elapsedTime': 85557.70000004768}",936777065304,5235468273,POINT (0.3509984692695349 0.1590682775664861),,,,,,,,,,,,,,,,,,,,,,,,,,,,,,,,,,,,,,,,,,,,,,,,,,,,,,,,,,,,,,,,,,,,,,,,,,,,,,,,,,,,,,,,,,,,,,,,,,,1,,
0,15,28,"{'x': 673.917060997507, 'y': 171.793739771805, 'elapsedTime': 85557.70000004768}",936777081971,5235484940,POINT (0.3509984692695349 0.1590682775664861),,,,,,,,,,,,,,,,,,,,,,,,,,,,,,,,,,,,,,,,,,,,,,,,,,,,,,,,,,,,,,,,,,,,,,,,,,,,,,,,,,,,,,,,,,,,,,,,,,,1,,
0,15,28,"{'x': 754.5744441758989, 'y': 156.76343229959497, 'elapsedTime': 85628.39999997616}",936777098639,5235501607,POINT (0.3930075230082807 0.1451513262033287),,,,,,,,,,,,,,,,,,,,,,,,,,,,,,,,,,,,,,,,,,,,,,,,,,,,,,,,,,,,,,,,,,,,,,,,,,,,,,,,,,,,,,,,,,,,,,,,,,,1,,
0,15,28,"{'x': 754.5744441758989, 'y': 156.76343229959497, 'elapsedTime': 85628.39999997616}",936777115305,5235518273,POINT (0.3930075230082807 0.1451513262033287),,,,,,,,,,,,,,,,,,,,,,,,,,,,,,,,,,,,,,,,,,,,,,,,,,,,,,,,,,,,,,,,,,,,,,,,,,,,,,,,,,,,,,,,,,,,,,,,,,,1,,
0,15,28,"{'x': 754.5744441758989, 'y': 156.76343229959497, 'elapsedTime': 85628.39999997616}",936777131973,5235534940,POINT (0.3930075230082807 0.1451513262033287),,,,,,,,,,,,,,,,,,,,,,,,,,,,,,,,,,,,,,,,,,,,,,,,,,,,,,,,,,,,,,,,,,,,,,,,,,,,,,,,,,,,,,,,,,,,,,,,,,,1,,
0,15,28,"{'x': 869.819757622155, 'y': 143.45613276327452, 'elapsedTime': 85682.10000002384}",936777148640,5235551607,POINT (0.453031123761539 0.1328297525585875),,,,,,,,,,,,,,,,,,,,,,,,,,,,,,,,,,,,,,,,,,,,,,,,,,,,,,,,,,,,,,,,,,,,,,,,,,,,,,,,,,,,,,,,,,,,,,,,,,,,,
0,15,28,"{'x': 869.819757622155, 'y': 143.45613276327452, 'elapsedTime': 85682.10000002384}",936777165314,5235568280,POINT (0.453031123761539 0.1328297525585875),,,,,,,,,,,,,,,,,,,,,,,,,,,,,,,,,,,,,,,,,,,,,,,,,,,,,,,,,,,,,,,,,,,,,,,,,,,,,,,,,,,,,,,,,,,,,,,,,,,,,
0,15,28,"{'x': 869.819757622155, 'y': 143.45613276327452, 'elapsedTime': 85682.10000002384}",936777181981,5235584947,POINT (0.453031123761539 0.1328297525585875),,,,,,,,,,,,,,,,,,,,,,,,,,,,,,,,,,,,,,,,,,,,,,,,,,,,,,,,,,,,,,,,,,,,,,,,,,,,,,,,,,,,,,,,,,,,,,,,,,,,,
0,15,28,"{'x': 869.4311862190974, 'y': 199.01382863821527, 'elapsedTime': 85736}",936777198649,5235601614,POINT (0.4528287428224466 0.184272063553903),,,,,,,,,,,,,,,,,,,,,,,,,,,,,,,,,,,,,,,,,,,,,,,,,,,,,,,,,,,,,,,,,,,,,,,,,,,,,,,,,,,,,,,,,,,,,,,,,,,1,,
0,15,28,"{'x': 869.4311862190974, 'y': 199.01382863821527, 'elapsedTime': 85736}",936777215315,5235618280,POINT (0.4528287428224466 0.184272063553903),,,,,,,,,,,,,,,,,,,,,,,,,,,,,,,,,,,,,,,,,,,,,,,,,,,,,,,,,,,,,,,,,,,,,,,,,,,,,,,,,,,,,,,,,,,,,,,,,,,1,,
0,15,28,"{'x': 869.4311862190974, 'y': 199.01382863821527, 'elapsedTime': 85736}",936777231983,5235634947,POINT (0.4528287428224466 0.184272063553903),,,,,,,,,,,,,,,,,,,,,,,,,,,,,,,,,,,,,,,,,,,,,,,,,,,,,,,,,,,,,,,,,,,,,,,,,,,,,,,,,,,,,,,,,,,,,,,,,,,1,,
0,15,28,"{'x': 869.4311862190974, 'y': 199.01382863821527, 'elapsedTime': 85736}",936777248650,5235651614,POINT (0.4528287428224466 0.184272063553903),,,,,,,,,,,,,,,,,,,,,,,,,,,,,,,,,,,,,,,,,,,,,,,,,,,,,,,,,,,,,,,,,,,,,,,,,,,,,,,,,,,,,,,,,,,,,,,,,,,1,,
0,15,28,"{'x': 902.4172782167718, 'y': 124.75532884959368, 'elapsedTime': 85790.10000002384}",936777265317,5235668280,POINT (0.4700089990712353 0.1155141933792534),,,,,,,,,,,,,,,,,,,,,,,,,,,,,,,,,,,,,,,,,,,,,,,,,,,,,,,,,,,,,,,,,,,,,,,,,,,,,,,,,,,,,,,,,,,,,,,,,,,,,
0,15,28,"{'x': 902.4172782167718, 'y': 124.75532884959368, 'elapsedTime': 85790.10000002384}",936777281984,5235684947,POINT (0.4700089990712353 0.1155141933792534),,,,,,,,,,,,,,,,,,,,,,,,,,,,,,,,,,,,,,,,,,,,,,,,,,,,,,,,,,,,,,,,,,,,,,,,,,,,,,,,,,,,,,,,,,,,,,,,,,,,,
0,15,28,"{'x': 902.4172782167718, 'y': 124.75532884959368, 'elapsedTime': 85790.10000002384}",936777298654,5235701616,POINT (0.4700089990712353 0.1155141933792534),,,,,,,,,,,,,,,,,,,,,,,,,,,,,,,,,,,,,,,,,,,,,,,,,,,,,,,,,,,,,,,,,,,,,,,,,,,,,,,,,,,,,,,,,,,,,,,,,,,,,
0,15,28,"{'x': 1091.0548876428247, 'y': 98.96657341076201, 'elapsedTime': 85843.10000002384}",936777315320,5235718282,POINT (0.5682577539806378 0.0916357161210759),,,,,,,,,,,,,,,,,,,,,,,,,,,,,,,,,,,,,,,,,,,,,,,,,,,,,,,,,,,,,,,,,,,,,,,,,,,,,,,,,,,,,,,,,,,,,,,,,,,,,
0,15,28,"{'x': 1091.0548876428247, 'y': 98.96657341076201, 'elapsedTime': 85843.10000002384}",936777331987,5235734949,POINT (0.5682577539806378 0.0916357161210759),,,,,,,,,,,,,,,,,,,,,,,,,,,,,,,,,,,,,,,,,,,,,,,,,,,,,,,,,,,,,,,,,,,,,,,,,,,,,,,,,,,,,,,,,,,,,,,,,,,,,
0,15,28,"{'x': 1091.0548876428247, 'y': 98.96657341076201, 'elapsedTime': 85843.10000002384}",936777348655,5235751616,POINT (0.5682577539806378 0.0916357161210759),,,,,,,,,,,,,,,,,,,,,,,,,,,,,,,,,,,,,,,,,,,,,,,,,,,,,,,,,,,,,,,,,,,,,,,,,,,,,,,,,,,,,,,,,,,,,,,,,,,,,
0,15,28,"{'x': 1009.3807744186407, 'y': 80.05659760313578, 'elapsedTime': 85899.30000007153}",936777365321,5235768282,POINT (0.5257191533430421 0.0741264792621628),,,,,,,,,,,,,,,,,,,,,,,,,,,,,,,,,,,,,,,,,,,,,,,,,,,,,,,,,,,,,,,,,,,,,,,,,,,,,,,,,,,,,,,,,,,,,,,,,,,,,
0,15,28,"{'x': 1009.3807744186407, 'y': 80.05659760313578, 'elapsedTime': 85899.30000007153}",936777381989,5235784949,POINT (0.5257191533430421 0.0741264792621628),,,,,,,,,,,,,,,,,,,,,,,,,,,,,,,,,,,,,,,,,,,,,,,,,,,,,,,,,,,,,,,,,,,,,,,,,,,,,,,,,,,,,,,,,,,,,,,,,,,,,
0,15,28,"{'x': 1009.3807744186407, 'y': 80.05659760313578, 'elapsedTime': 85899.30000007153}",936777398655,5235801615,POINT (0.5257191533430421 0.0741264792621628),,,,,,,,,,,,,,,,,,,,,,,,,,,,,,,,,,,,,,,,,,,,,,,,,,,,,,,,,,,,,,,,,,,,,,,,,,,,,,,,,,,,,,,,,,,,,,,,,,,,,
0,15,28,"{'x': 1009.3807744186407, 'y': 80.05659760313578, 'elapsedTime': 85899.30000007153}",936777415324,5235818283,POINT (0.5257191533430421 0.0741264792621628),,,,,,,,,,,,,,,,,,,,,,,,,,,,,,,,,,,,,,,,,,,,,,,,,,,,,,,,,,,,,,,,,,,,,,,,,,,,,,,,,,,,,,,,,,,,,,,,,,,,,
0,15,28,"{'x': 1026.7780094131151, 'y': -5.508015024228769, 'elapsedTime': 85957.60000002384}",936777431996,5235834955,POINT (0.5347802132359974 -0.0051000139113229),,,,,,,,,,,,,,,,,,,,,,,,,,,,,,,,,,,,,,,,,,,,,,,,,,,,,,,,,,,,,,,,,,,,,,,,,,,,,,,,,,,,,,,,,,,,,,,,,,,,,
0,15,28,"{'x': 1026.7780094131151, 'y': -5.508015024228769, 'elapsedTime': 85957.60000002384}",936777448663,5235851621,POINT (0.5347802132359974 -0.0051000139113229),,,,,,,,,,,,,,,,,,,,,,,,,,,,,,,,,,,,,,,,,,,,,,,,,,,,,,,,,,,,,,,,,,,,,,,,,,,,,,,,,,,,,,,,,,,,,,,,,,,,,
0,15,28,"{'x': 1026.7780094131151, 'y': -5.508015024228769, 'elapsedTime': 85957.60000002384}",936777465330,5235868288,POINT (0.5347802132359974 -0.0051000139113229),,,,,,,,,,,,,,,,,,,,,,,,,,,,,,,,,,,,,,,,,,,,,,,,,,,,,,,,,,,,,,,,,,,,,,,,,,,,,,,,,,,,,,,,,,,,,,,,,,,,,
0,15,28,"{'x': 1044.486098683499, 'y': -59.16784859129349, 'elapsedTime': 86011.80000007153}",936777481998,5235884955,POINT (0.5440031763976557 -0.0547850449919384),,,,,,,,,,,,,,,,,,,,,,,,,,,,,,,,,,,,,,,,,,,,,,,,,,,,,,,,,,,,,,,,,,,,,,,,,,,,,,,,,,,,,,,,,,,,,,,,,,,,,
0,15,28,"{'x': 1044.486098683499, 'y': -59.16784859129349, 'elapsedTime': 86011.80000007153}",936777498664,5235901621,POINT (0.5440031763976557 -0.0547850449919384),,,,,,,,,,,,,,,,,,,,,,,,,,,,,,,,,,,,,,,,,,,,,,,,,,,,,,,,,,,,,,,,,,,,,,,,,,,,,,,,,,,,,,,,,,,,,,,,,,,,,
0,15,28,"{'x': 1044.486098683499, 'y': -59.16784859129349, 'elapsedTime': 86011.80000007153}",936777515332,5235918288,POINT (0.5440031763976557 -0.0547850449919384),,,,,,,,,,,,,,,,,,,,,,,,,,,,,,,,,,,,,,,,,,,,,,,,,,,,,,,,,,,,,,,,,,,,,,,,,,,,,,,,,,,,,,,,,,,,,,,,,,,,,
0,15,28,"{'x': 1065.7502096063301, 'y': -12.254584485696185, 'elapsedTime': 86069}",936777531999,5235934955,POINT (0.5550782341699636 -0.0113468374867557),,,,,,,,,,,,,,,,,,,,,,,,,,,,,,,,,,,,,,,,,,,,,,,,,,,,,,,,,,,,,,,,,,,,,,,,,,,,,,,,,,,,,,,,,,,,,,,,,,,,,
0,15,28,"{'x': 1065.7502096063301, 'y': -12.254584485696185, 'elapsedTime': 86069}",936777548666,5235951621,POINT (0.5550782341699636 -0.0113468374867557),,,,,,,,,,,,,,,,,,,,,,,,,,,,,,,,,,,,,,,,,,,,,,,,,,,,,,,,,,,,,,,,,,,,,,,,,,,,,,,,,,,,,,,,,,,,,,,,,,,,,
0,15,28,"{'x': 1065.7502096063301, 'y': -12.254584485696185, 'elapsedTime': 86069}",936777565336,5235968291,POINT (0.5550782341699636 -0.0113468374867557),,,,,,,,,,,,,,,,,,,,,,,,,,,,,,,,,,,,,,,,,,,,,,,,,,,,,,,,,,,,,,,,,,,,,,,,,,,,,,,,,,,,,,,,,,,,,,,,,,,,,
0,15,28,"{'x': 1065.7502096063301, 'y': -12.254584485696185, 'elapsedTime': 86069}",936777582004,5235984958,POINT (0.5550782341699636 -0.0113468374867557),,,,,,,,,,,,,,,,,,,,,,,,,,,,,,,,,,,,,,,,,,,,,,,,,,,,,,,,,,,,,,,,,,,,,,,,,,,,,,,,,,,,,,,,,,,,,,,,,,,,,
0,15,28,"{'x': 1064.2095559838617, 'y': -33.251137908989975, 'elapsedTime': 86122.60000002384}",936777598670,5236001624,POINT (0.5542758104082613 -0.0307880906564722),,,,,,,,,,,,,,,,,,,,,,,,,,,,,,,,,,,,,,,,,,,,,,,,,,,,,,,,,,,,,,,,,,,,,,,,,,,,,,,,,,,,,,,,,,,,,,,,,,,,,
0,15,28,"{'x': 1064.2095559838617, 'y': -33.251137908989975, 'elapsedTime': 86122.60000002384}",936777615338,5236018291,POINT (0.5542758104082613 -0.0307880906564722),,,,,,,,,,,,,,,,,,,,,,,,,,,,,,,,,,,,,,,,,,,,,,,,,,,,,,,,,,,,,,,,,,,,,,,,,,,,,,,,,,,,,,,,,,,,,,,,,,,,,
0,15,28,"{'x': 1064.2095559838617, 'y': -33.251137908989975, 'elapsedTime': 86122.60000002384}",936777632005,5236034958,POINT (0.5542758104082613 -0.0307880906564722),,,,,,,,,,,,,,,,,,,,,,,,,,,,,,,,,,,,,,,,,,,,,,,,,,,,,,,,,,,,,,,,,,,,,,,,,,,,,,,,,,,,,,,,,,,,,,,,,,,,,
0,15,28,"{'x': 1068.118100674048, 'y': -13.282192629591556, 'elapsedTime': 86177.30000007153}",936777648671,5236051624,POINT (0.5563115107677333 -0.0122983265088811),,,,,,,,,,,,,,,,,,,,,,,,,,,,,,,,,,,,,,,,,,,,,,,,,,,,,,,,,,,,,,,,,,,,,,,,,,,,,,,,,,,,,,,,,,,,,,,,,,,,,
0,15,28,"{'x': 1068.118100674048, 'y': -13.282192629591556, 'elapsedTime': 86177.30000007153}",936777665339,5236068291,POINT (0.5563115107677333 -0.0122983265088811),,,,,,,,,,,,,,,,,,,,,,,,,,,,,,,,,,,,,,,,,,,,,,,,,,,,,,,,,,,,,,,,,,,,,,,,,,,,,,,,,,,,,,,,,,,,,,,,,,,,,
0,15,28,"{'x': 1068.118100674048, 'y': -13.282192629591556, 'elapsedTime': 86177.30000007153}",936777682006,5236084958,POINT (0.5563115107677333 -0.0122983265088811),,,,,,,,,,,,,,,,,,,,,,,,,,,,,,,,,,,,,,,,,,,,,,,,,,,,,,,,,,,,,,,,,,,,,,,,,,,,,,,,,,,,,,,,,,,,,,,,,,,,,
0,15,28,"{'x': 1003.958859203384, 'y': 43.13917678065452, 'elapsedTime': 86234.20000004768}",936777698679,5236101630,POINT (0.5228952391684292 0.0399436822043097),,,,,,,,,,,,,,,,,,,,,,,,,,,,,,,,,,,,,,,,,,,,,,,,,,,,,,,,,,,,,,,,,,,,,,,,,,,,,,,,,,,,,,,,,,,,,,,,,,,,,
0,15,28,"{'x': 1003.958859203384, 'y': 43.13917678065452, 'elapsedTime': 86234.20000004768}",936777715346,5236118297,POINT (0.5228952391684292 0.0399436822043097),,,,,,,,,,,,,,,,,,,,,,,,,,,,,,,,,,,,,,,,,,,,,,,,,,,,,,,,,,,,,,,,,,,,,,,,,,,,,,,,,,,,,,,,,,,,,,,,,,,,,
0,15,28,"{'x': 1003.958859203384, 'y': 43.13917678065452, 'elapsedTime': 86234.20000004768}",936777732014,5236134964,POINT (0.5228952391684292 0.0399436822043097),,,,,,,,,,,,,,,,,,,,,,,,,,,,,,,,,,,,,,,,,,,,,,,,,,,,,,,,,,,,,,,,,,,,,,,,,,,,,,,,,,,,,,,,,,,,,,,,,,,,,
0,15,28,"{'x': 1003.958859203384, 'y': 43.13917678065452, 'elapsedTime': 86234.20000004768}",936777748680,5236151630,POINT (0.5228952391684292 0.0399436822043097),,,,,,,,,,,,,,,,,,,,,,,,,,,,,,,,,,,,,,,,,,,,,,,,,,,,,,,,,,,,,,,,,,,,,,,,,,,,,,,,,,,,,,,,,,,,,,,,,,,,,
0,15,28,"{'x': 1013.4649850148361, 'y': 102.68424806937496, 'elapsedTime': 86290.20000004768}",936777765348,5236168297,POINT (0.5278463463618938 0.0950780074716435),,,,,,,,,,,,,,,,,,,,,,,,,,,,,,,,,,,,,,,,,,,,,,,,,,,,,,,,,,,,,,,,,,,,,,,,,,,,,,,,,,,,,,,,,,,,,,,,,,,,,
0,15,28,"{'x': 1013.4649850148361, 'y': 102.68424806937496, 'elapsedTime': 86290.20000004768}",936777782015,5236184964,POINT (0.5278463463618938 0.0950780074716435),,,,,,,,,,,,,,,,,,,,,,,,,,,,,,,,,,,,,,,,,,,,,,,,,,,,,,,,,,,,,,,,,,,,,,,,,,,,,,,,,,,,,,,,,,,,,,,,,,,,,
0,15,28,"{'x': 1013.4649850148361, 'y': 102.68424806937496, 'elapsedTime': 86290.20000004768}",936777798682,5236201630,POINT (0.5278463463618938 0.0950780074716435),,,,,,,,,,,,,,,,,,,,,,,,,,,,,,,,,,,,,,,,,,,,,,,,,,,,,,,,,,,,,,,,,,,,,,,,,,,,,,,,,,,,,,,,,,,,,,,,,,,,,
0,15,28,"{'x': 1014.0643426687842, 'y': 135.1930142092046, 'elapsedTime': 86348.89999997616}",936777815349,5236218297,POINT (0.5281585118066584 0.1251787168603746),,,,,,,,,,,,,,,,,,,,,,,,,,,,,,,,,,,,,,,,,,,,,,,,,,,,,,,,,,,,,,,,,,,,,,,,,,,,,,,,,,,,,,,,,,,,,,,,,,,,,
0,15,28,"{'x': 1014.0643426687842, 'y': 135.1930142092046, 'elapsedTime': 86348.89999997616}",936777832022,5236234969,POINT (0.5281585118066584 0.1251787168603746),,,,,,,,,,,,,,,,,,,,,,,,,,,,,,,,,,,,,,,,,,,,,,,,,,,,,,,,,,,,,,,,,,,,,,,,,,,,,,,,,,,,,,,,,,,,,,,,,,,,,
0,15,28,"{'x': 1014.0643426687842, 'y': 135.1930142092046, 'elapsedTime': 86348.89999997616}",936777848688,5236251635,POINT (0.5281585118066584 0.1251787168603746),,,,,,,,,,,,,,,,,,,,,,,,,,,,,,,,,,,,,,,,,,,,,,,,,,,,,,,,,,,,,,,,,,,,,,,,,,,,,,,,,,,,,,,,,,,,,,,,,,,,,
0,15,28,"{'x': 1063.1225778073997, 'y': 128.23697475290496, 'elapsedTime': 86405.20000004768}",936777865356,5236268302,POINT (0.553709675941354 0.1187379395860231),,,,,,,,,,,,,,,,,,,,,,,,,,,,,,,,,,,,,,,,,,,,,,,,,,,,,,,,,,,,,,,,,,,,,,,,,,,,,,,,,,,,,,,,,,,,,,,,,,,,,
0,15,28,"{'x': 1063.1225778073997, 'y': 128.23697475290496, 'elapsedTime': 86405.20000004768}",936777882022,5236284968,POINT (0.553709675941354 0.1187379395860231),,,,,,,,,,,,,,,,,,,,,,,,,,,,,,,,,,,,,,,,,,,,,,,,,,,,,,,,,,,,,,,,,,,,,,,,,,,,,,,,,,,,,,,,,,,,,,,,,,,,,
0,15,28,"{'x': 1063.1225778073997, 'y': 128.23697475290496, 'elapsedTime': 86405.20000004768}",936777898690,5236301635,POINT (0.553709675941354 0.1187379395860231),,,,,,,,,,,,,,,,,,,,,,,,,,,,,,,,,,,,,,,,,,,,,,,,,,,,,,,,,,,,,,,,,,,,,,,,,,,,,,,,,,,,,,,,,,,,,,,,,,,,,
0,15,28,"{'x': 1063.1225778073997, 'y': 128.23697475290496, 'elapsedTime': 86405.20000004768}",936777915357,5236318302,POINT (0.553709675941354 0.1187379395860231),,,,,,,,,,,,,,,,,,,,,,,,,,,,,,,,,,,,,,,,,,,,,,,,,,,,,,,,,,,,,,,,,,,,,,,,,,,,,,,,,,,,,,,,,,,,,,,,,,,,,
0,15,28,"{'x': 983.4205051705346, 'y': 63.49100674648213, 'elapsedTime': 86459.60000002384}",936777932023,5236334968,POINT (0.5121981797763201 0.0587879692097057),,,,,,,,,,,,,,,,,,,,,,,,,,,,,,,,,,,,,,,,,,,,,,,,,,,,,,,,,,,,,,,,,,,,,,,,,,,,,,,,,,,,,,,,,,,,,,,,,,,,,
0,15,28,"{'x': 983.4205051705346, 'y': 63.49100674648213, 'elapsedTime': 86459.60000002384}",936777948691,5236351635,POINT (0.5121981797763201 0.0587879692097057),,,,,,,,,,,,,,,,,,,,,,,,,,,,,,,,,,,,,,,,,,,,,,,,,,,,,,,,,,,,,,,,,,,,,,,,,,,,,,,,,,,,,,,,,,,,,,,,,,,,,
0,15,28,"{'x': 983.4205051705346, 'y': 63.49100674648213, 'elapsedTime': 86459.60000002384}",936777965363,5236368307,POINT (0.5121981797763201 0.0587879692097057),,,,,,,,,,,,,,,,,,,,,,,,,,,,,,,,,,,,,,,,,,,,,,,,,,,,,,,,,,,,,,,,,,,,,,,,,,,,,,,,,,,,,,,,,,,,,,,,,,,,,
0,15,28,"{'x': 999.5643795815322, 'y': 64.30150174829762, 'elapsedTime': 86516}",936777982030,5236384973,POINT (0.5206064476987147 0.05953842754472),,,,,,,,,,,,,,,,,,,,,,,,,,,,,,,,,,,,,,,,,,,,,,,,,,,,,,,,,,,,,,,,,,,,,,,,,,,,,,,,,,,,,,,,,,,,,,,,,,,,,
0,15,28,"{'x': 999.5643795815322, 'y': 64.30150174829762, 'elapsedTime': 86516}",936777998697,5236401640,POINT (0.5206064476987147 0.05953842754472),,,,,,,,,,,,,,,,,,,,,,,,,,,,,,,,,,,,,,,,,,,,,,,,,,,,,,,,,,,,,,,,,,,,,,,,,,,,,,,,,,,,,,,,,,,,,,,,,,,,,
0,15,28,"{'x': 999.5643795815322, 'y': 64.30150174829762, 'elapsedTime': 86516}",936778015365,5236418307,POINT (0.5206064476987147 0.05953842754472),,,,,,,,,,,,,,,,,,,,,,,,,,,,,,,,,,,,,,,,,,,,,,,,,,,,,,,,,,,,,,,,,,,,,,,,,,,,,,,,,,,,,,,,,,,,,,,,,,,,,
0,15,28,"{'x': 999.5643795815322, 'y': 64.30150174829762, 'elapsedTime': 86516}",936778032031,5236434973,POINT (0.5206064476987147 0.05953842754472),,,,,,,,,,,,,,,,,,,,,,,,,,,,,,,,,,,,,,,,,,,,,,,,,,,,,,,,,,,,,,,,,,,,,,,,,,,,,,,,,,,,,,,,,,,,,,,,,,,,,
0,15,28,"{'x': 1037.2833037819871, 'y': 53.244834877036034, 'elapsedTime': 86571.60000002384}",936778048699,5236451640,POINT (0.540251720719785 0.0493007730342926),,,,,,,,,,,,,,,,,,,,,,,,,,,,,,,,,,,,,,,,,,,,,,,,,,,,,,,,,,,,,,,,,,,,,,,,,,,,,,,,,,,,,,,,,,,,,,,,,,,,,
0,15,28,"{'x': 1037.2833037819871, 'y': 53.244834877036034, 'elapsedTime': 86571.60000002384}",936778065366,5236468307,POINT (0.540251720719785 0.0493007730342926),,,,,,,,,,,,,,,,,,,,,,,,,,,,,,,,,,,,,,,,,,,,,,,,,,,,,,,,,,,,,,,,,,,,,,,,,,,,,,,,,,,,,,,,,,,,,,,,,,,,,
0,15,28,"{'x': 1037.2833037819871, 'y': 53.244834877036034, 'elapsedTime': 86571.60000002384}",936778082037,5236484977,POINT (0.540251720719785 0.0493007730342926),,,,,,,,,,,,,,,,,,,,,,,,,,,,,,,,,,,,,,,,,,,,,,,,,,,,,,,,,,,,,,,,,,,,,,,,,,,,,,,,,,,,,,,,,,,,,,,,,,,,,
0,15,28,"{'x': 1037.2833037819871, 'y': 53.244834877036034, 'elapsedTime': 86571.60000002384}",936778098704,5236501644,POINT (0.540251720719785 0.0493007730342926),,,,,,,,,,,,,,,,,,,,,,,,,,,,,,,,,,,,,,,,,,,,,,,,,,,,,,,,,,,,,,,,,,,,,,,,,,,,,,,,,,,,,,,,,,,,,,,,,,,,,
0,15,28,"{'x': 1033.931673285276, 'y': 102.44645474918062, 'elapsedTime': 86634.10000002384}",936778115372,5236518311,POINT (0.5385060798360812 0.0948578284714635),,,,,,,,,,,,,,,,,,,,,,,,,,,,,,,,,,,,,,,,,,,,,,,,,,,,,,,,,,,,,,,,,,,,,,,,,,,,,,,,,,,,,,,,,,,,,,,,,,,,,
0,15,28,"{'x': 1033.931673285276, 'y': 102.44645474918062, 'elapsedTime': 86634.10000002384}",936778132038,5236534977,POINT (0.5385060798360812 0.0948578284714635),,,,,,,,,,,,,,,,,,,,,,,,,,,,,,,,,,,,,,,,,,,,,,,,,,,,,,,,,,,,,,,,,,,,,,,,,,,,,,,,,,,,,,,,,,,,,,,,,,,,,
0,15,28,"{'x': 1033.931673285276, 'y': 102.44645474918062, 'elapsedTime': 86634.10000002384}",936778148706,5236551644,POINT (0.5385060798360812 0.0948578284714635),,,,,,,,,,,,,,,,,,,,,,,,,,,,,,,,,,,,,,,,,,,,,,,,,,,,,,,,,,,,,,,,,,,,,,,,,,,,,,,,,,,,,,,,,,,,,,,,,,,,,
0,15,28,"{'x': 1093.7515923609765, 'y': 163.76440059153614, 'elapsedTime': 86694.60000002384}",936778165373,5236568311,POINT (0.5696622876880085 0.1516337042514224),,,,,,,,,,,,,,,,,,,,,,,,,,,,,,,,,,,,,,,,,,,,,,,,,,,,,,,,,,,,,,,,,,,,,,,,,,,,,,,,,,,,,,,,,,,,,,,,,,,1,,
0,15,28,"{'x': 1093.7515923609765, 'y': 163.76440059153614, 'elapsedTime': 86694.60000002384}",936778182040,5236584977,POINT (0.5696622876880085 0.1516337042514224),,,,,,,,,,,,,,,,,,,,,,,,,,,,,,,,,,,,,,,,,,,,,,,,,,,,,,,,,,,,,,,,,,,,,,,,,,,,,,,,,,,,,,,,,,,,,,,,,,,1,,
0,15,28,"{'x': 1093.7515923609765, 'y': 163.76440059153614, 'elapsedTime': 86694.60000002384}",936778198707,5236601644,POINT (0.5696622876880085 0.1516337042514224),,,,,,,,,,,,,,,,,,,,,,,,,,,,,,,,,,,,,,,,,,,,,,,,,,,,,,,,,,,,,,,,,,,,,,,,,,,,,,,,,,,,,,,,,,,,,,,,,,,1,,
0,15,28,"{'x': 1069.801302540807, 'y': 150.21458867417545, 'elapsedTime': 86748.70000004768}",936778215379,5236618315,POINT (0.5571881784066703 0.139087582105718),,,,,,,,,,,,,,,,,,,,,,,,,,,,,,,,,,,,,,,,,,,,,,,,,,,,,,,,,,,,,,,,,,,,,,,,,,,,,,,,,,,,,,,,,,,,,,,,,,,1,,
0,15,28,"{'x': 1069.801302540807, 'y': 150.21458867417545, 'elapsedTime': 86748.70000004768}",936778232045,5236634981,POINT (0.5571881784066703 0.139087582105718),,,,,,,,,,,,,,,,,,,,,,,,,,,,,,,,,,,,,,,,,,,,,,,,,,,,,,,,,,,,,,,,,,,,,,,,,,,,,,,,,,,,,,,,,,,,,,,,,,,1,,
0,15,28,"{'x': 1069.801302540807, 'y': 150.21458867417545, 'elapsedTime': 86748.70000004768}",936778248712,5236651648,POINT (0.5571881784066703 0.139087582105718),,,,,,,,,,,,,,,,,,,,,,,,,,,,,,,,,,,,,,,,,,,,,,,,,,,,,,,,,,,,,,,,,,,,,,,,,,,,,,,,,,,,,,,,,,,,,,,,,,,1,,
0,15,28,"{'x': 1061.1553367779873, 'y': 138.27702796146963, 'elapsedTime': 86802.30000007153}",936778265380,5236668315,POINT (0.552685071238535 0.1280342851495089),,,,,,,,,,,,,,,,,,,,,,,,,,,,,,,,,,,,,,,,,,,,,,,,,,,,,,,,,,,,,,,,,,,,,,,,,,,,,,,,,,,,,,,,,,,,,,,,,,,,,
0,15,28,"{'x': 1061.1553367779873, 'y': 138.27702796146963, 'elapsedTime': 86802.30000007153}",936778282046,5236684981,POINT (0.552685071238535 0.1280342851495089),,,,,,,,,,,,,,,,,,,,,,,,,,,,,,,,,,,,,,,,,,,,,,,,,,,,,,,,,,,,,,,,,,,,,,,,,,,,,,,,,,,,,,,,,,,,,,,,,,,,,
0,15,28,"{'x': 1061.1553367779873, 'y': 138.27702796146963, 'elapsedTime': 86802.30000007153}",936778298714,5236701648,POINT (0.552685071238535 0.1280342851495089),,,,,,,,,,,,,,,,,,,,,,,,,,,,,,,,,,,,,,,,,,,,,,,,,,,,,,,,,,,,,,,,,,,,,,,,,,,,,,,,,,,,,,,,,,,,,,,,,,,,,
0,15,28,"{'x': 1103.8607217831527, 'y': 95.9690530827767, 'elapsedTime': 86856}",936778315381,5236718315,POINT (0.5749274592620587 0.0888602343359043),,,,,,,,,,,,,,,,,,,,,,,,,,,,,,,,,,,,,,,,,,,,,,,,,,,,,,,,,,,,,,,,,,,,,,,,,,,,,,,,,,,,,,,,,,,,,,,,,,,,,
0,15,28,"{'x': 1103.8607217831527, 'y': 95.9690530827767, 'elapsedTime': 86856}",936778332048,5236734981,POINT (0.5749274592620587 0.0888602343359043),,,,,,,,,,,,,,,,,,,,,,,,,,,,,,,,,,,,,,,,,,,,,,,,,,,,,,,,,,,,,,,,,,,,,,,,,,,,,,,,,,,,,,,,,,,,,,,,,,,,,
0,15,28,"{'x': 1103.8607217831527, 'y': 95.9690530827767, 'elapsedTime': 86856}",936778348720,5236751653,POINT (0.5749274592620587 0.0888602343359043),,,,,,,,,,,,,,,,,,,,,,,,,,,,,,,,,,,,,,,,,,,,,,,,,,,,,,,,,,,,,,,,,,,,,,,,,,,,,,,,,,,,,,,,,,,,,,,,,,,,,
0,15,28,"{'x': 1103.8607217831527, 'y': 95.9690530827767, 'elapsedTime': 86856}",936778365388,5236768320,POINT (0.5749274592620587 0.0888602343359043),,,,,,,,,,,,,,,,,,,,,,,,,,,,,,,,,,,,,,,,,,,,,,,,,,,,,,,,,,,,,,,,,,,,,,,,,,,,,,,,,,,,,,,,,,,,,,,,,,,,,
0,15,28,"{'x': 1056.2477102345024, 'y': 84.73276467960666, 'elapsedTime': 86908}",936778382054,5236784986,POINT (0.5501290157471367 0.0784562635922284),,,,,,,,,,,,,,,,,,,,,,,,,,,,,,,,,,,,,,,,,,,,,,,,,,,,,,,,,,,,,,,,,,,,,,,,,,,,,,,,,,,,,,,,,,,,,,,,,,,,,
0,15,28,"{'x': 1056.2477102345024, 'y': 84.73276467960666, 'elapsedTime': 86908}",936778398722,5236801653,POINT (0.5501290157471367 0.0784562635922284),,,,,,,,,,,,,,,,,,,,,,,,,,,,,,,,,,,,,,,,,,,,,,,,,,,,,,,,,,,,,,,,,,,,,,,,,,,,,,,,,,,,,,,,,,,,,,,,,,,,,
0,15,28,"{'x': 1056.2477102345024, 'y': 84.73276467960666, 'elapsedTime': 86908}",936778415389,5236818320,POINT (0.5501290157471367 0.0784562635922284),,,,,,,,,,,,,,,,,,,,,,,,,,,,,,,,,,,,,,,,,,,,,,,,,,,,,,,,,,,,,,,,,,,,,,,,,,,,,,,,,,,,,,,,,,,,,,,,,,,,,
0,15,28,"{'x': 1032.7885643728248, 'y': 29.797767352317962, 'elapsedTime': 86959.30000007153}",936778432056,5236834986,POINT (0.5379107106108463 0.0275905253262203),,,,,,,,,,,,,,,,,,,,,,,,,,,,,,,,,,,,,,,,,,,,,,,,,,,,,,,,,,,,,,,,,,,,,,,,,,,,,,,,,,,,,,,,,,,,,,,,,,,,,
0,15,28,"{'x': 1032.7885643728248, 'y': 29.797767352317962, 'elapsedTime': 86959.30000007153}",936778448723,5236851653,POINT (0.5379107106108463 0.0275905253262203),,,,,,,,,,,,,,,,,,,,,,,,,,,,,,,,,,,,,,,,,,,,,,,,,,,,,,,,,,,,,,,,,,,,,,,,,,,,,,,,,,,,,,,,,,,,,,,,,,,,,
0,15,28,"{'x': 1032.7885643728248, 'y': 29.797767352317962, 'elapsedTime': 86959.30000007153}",936778465390,5236868319,POINT (0.5379107106108463 0.0275905253262203),,,,,,,,,,,,,,,,,,,,,,,,,,,,,,,,,,,,,,,,,,,,,,,,,,,,,,,,,,,,,,,,,,,,,,,,,,,,,,,,,,,,,,,,,,,,,,,,,,,,,
0,15,28,"{'x': 1057.0383140671959, 'y': 115.07104586260874, 'elapsedTime': 87022.5}",936778482063,5236884992,POINT (0.5505407885766646 0.1065472646876007),,,,,,,,,,,,,,,,,,,,,,,,,,,,,,,,,,,,,,,,,,,,,,,,,,,,,,,,,,,,,,,,,,,,,,,,,,,,,,,,,,,,,,,,,,,,,,,,,,,,,
0,15,28,"{'x': 1057.0383140671959, 'y': 115.07104586260874, 'elapsedTime': 87022.5}",936778498731,5236901659,POINT (0.5505407885766646 0.1065472646876007),,,,,,,,,,,,,,,,,,,,,,,,,,,,,,,,,,,,,,,,,,,,,,,,,,,,,,,,,,,,,,,,,,,,,,,,,,,,,,,,,,,,,,,,,,,,,,,,,,,,,
0,15,28,"{'x': 1057.0383140671959, 'y': 115.07104586260874, 'elapsedTime': 87022.5}",936778515397,5236918325,POINT (0.5505407885766646 0.1065472646876007),,,,,,,,,,,,,,,,,,,,,,,,,,,,,,,,,,,,,,,,,,,,,,,,,,,,,,,,,,,,,,,,,,,,,,,,,,,,,,,,,,,,,,,,,,,,,,,,,,,,,
0,15,28,"{'x': 1106.3215220667519, 'y': 186.14658283348808, 'elapsedTime': 87074.5}",936778532065,5236934992,POINT (0.5762091260764333 0.1723579470680445),,,,,,,,,,,,,,,,,,,,,,,,,,,,,,,,,,,,,,,,,,,,,,,,,,,,,,,,,,,,,,,,,,,,,,,,,,,,,,,,,,,,,,,,,,,,,,,,,,,1,,
0,15,28,"{'x': 1037.9997461468902, 'y': 252.42571499254663, 'elapsedTime': 87126.39999997616}",936778548732,5236951659,POINT (0.5406248677848386 0.2337275138819876),,,,,,,,,,,,,,,,,,,,,,,,,,,,,,,,,,,,,,,,,,,,,,,,,,,,,,,,,,,,,,,1,,,,,,,,,,,,,,,,,,,,,,,,,,,,,,,,,,,,1,1,
0,15,28,"{'x': 1037.9997461468902, 'y': 252.42571499254663, 'elapsedTime': 87126.39999997616}",936778565398,5236968325,POINT (0.5406248677848386 0.2337275138819876),,,,,,,,,,,,,,,,,,,,,,,,,,,,,,,,,,,,,,,,,,,,,,,,,,,,,,,,,,,,,,,1,,,,,,,,,,,,,,,,,,,,,,,,,,,,,,,,,,,,1,1,
0,15,28,"{'x': 1037.9997461468902, 'y': 252.42571499254663, 'elapsedTime': 87126.39999997616}",936778582066,5236984992,POINT (0.5406248677848386 0.2337275138819876),,,,,,,,,,,,,,,,,,,,,,,,,,,,,,,,,,,,,,,,,,,,,,,,,,,,,,,,,,,,,,,1,,,,,,,,,,,,,,,,,,,,,,,,,,,,,,,,,,,,1,1,
0,15,28,"{'x': 1097.4023648442937, 'y': 278.94023675286456, 'elapsedTime': 87177.30000007153}",936778598733,5237001659,POINT (0.5715637316897363 0.2582779969933931),,,,,,,,,,,,,,,,,,,,,,,,,,,,,,,,,,,,,,,,,,,,,,,,,,,,,,,,,,,,,,,,,,,,,,,,,,,,,,,,,,,,,,,,,1,,,,,,,,,,1,1,
0,15,28,"{'x': 1097.4023648442937, 'y': 278.94023675286456, 'elapsedTime': 87177.30000007153}",936778615403,5237018328,POINT (0.5715637316897363 0.2582779969933931),,,,,,,,,,,,,,,,,,,,,,,,,,,,,,,,,,,,,,,,,,,,,,,,,,,,,,,,,,,,,,,,,,,,,,,,,,,,,,,,,,,,,,,,,1,,,,,,,,,,1,1,
0,15,28,"{'x': 1097.4023648442937, 'y': 278.94023675286456, 'elapsedTime': 87177.30000007153}",936778632070,5237034995,POINT (0.5715637316897363 0.2582779969933931),,,,,,,,,,,,,,,,,,,,,,,,,,,,,,,,,,,,,,,,,,,,,,,,,,,,,,,,,,,,,,,,,,,,,,,,,,,,,,,,,,,,,,,,,1,,,,,,,,,,1,1,
0,15,28,"{'x': 1097.4023648442937, 'y': 278.94023675286456, 'elapsedTime': 87177.30000007153}",936778648738,5237051662,POINT (0.5715637316897363 0.2582779969933931),,,,,,,,,,,,,,,,,,,,,,,,,,,,,,,,,,,,,,,,,,,,,,,,,,,,,,,,,,,,,,,,,,,,,,,,,,,,,,,,,,,,,,,,,1,,,,,,,,,,1,1,
0,15,28,"{'x': 1097.4023648442937, 'y': 278.94023675286456, 'elapsedTime': 87177.30000007153}",936778665404,5237068328,POINT (0.5715637316897363 0.2582779969933931),,,,,,,,,,,,,,,,,,,,,,,,,,,,,,,,,,,,,,,,,,,,,,,,,,,,,,,,,,,,,,,,,,,,,,,,,,,,,,,,,,,,,,,,,1,,,,,,,,,,1,1,
0,15,28,"{'x': 1097.4023648442937, 'y': 278.94023675286456, 'elapsedTime': 87177.30000007153}",936778682072,5237084995,POINT (0.5715637316897363 0.2582779969933931),,,,,,,,,,,,,,,,,,,,,,,,,,,,,,,,,,,,,,,,,,,,,,,,,,,,,,,,,,,,,,,,,,,,,,,,,,,,,,,,,,,,,,,,,1,,,,,,,,,,1,1,
0,15,28,"{'x': 1051.2991974636886, 'y': 342.21767270366286, 'elapsedTime': 87227.89999997616}",936778698739,5237101662,POINT (0.5475516653456711 0.3168682154663545),,,,,,,,,,,,,,,,,,,,,,,,,,,,,,,,,,,,,,,,,,,,,,,,,,,,,,,,,,,,,,,,,,,,,,,,,,,,,,,,,,,,,,,,,,,,,,,,,,,,1,
0,15,28,"{'x': 1051.2991974636886, 'y': 342.21767270366286, 'elapsedTime': 87227.89999997616}",936778715406,5237118328,POINT (0.5475516653456711 0.3168682154663545),,,,,,,,,,,,,,,,,,,,,,,,,,,,,,,,,,,,,,,,,,,,,,,,,,,,,,,,,,,,,,,,,,,,,,,,,,,,,,,,,,,,,,,,,,,,,,,,,,,,1,
0,15,28,"{'x': 1051.2991974636886, 'y': 342.21767270366286, 'elapsedTime': 87227.89999997616}",936778732073,5237134995,POINT (0.5475516653456711 0.3168682154663545),,,,,,,,,,,,,,,,,,,,,,,,,,,,,,,,,,,,,,,,,,,,,,,,,,,,,,,,,,,,,,,,,,,,,,,,,,,,,,,,,,,,,,,,,,,,,,,,,,,,1,
0,15,28,"{'x': 1026.2240103955687, 'y': 317.58225478907184, 'elapsedTime': 87286.70000004768}",936778748746,5237151667,POINT (0.5344916720810253 0.2940576433232147),,,,,,,,,,,,,,,,,,,,,,,,,,,,,,,,,,,,,,,,,,,,,,,,,,,,,,,,,,,,,,,,,,,,,,,,,,,,,,,,,,,,,,,,,,,,,,,,,,,1,1,
0,15,28,"{'x': 1026.2240103955687, 'y': 317.58225478907184, 'elapsedTime': 87286.70000004768}",936778765412,5237168333,POINT (0.5344916720810253 0.2940576433232147),,,,,,,,,,,,,,,,,,,,,,,,,,,,,,,,,,,,,,,,,,,,,,,,,,,,,,,,,,,,,,,,,,,,,,,,,,,,,,,,,,,,,,,,,,,,,,,,,,,1,1,
0,15,28,"{'x': 1026.2240103955687, 'y': 317.58225478907184, 'elapsedTime': 87286.70000004768}",936778782080,5237185000,POINT (0.5344916720810253 0.2940576433232147),,,,,,,,,,,,,,,,,,,,,,,,,,,,,,,,,,,,,,,,,,,,,,,,,,,,,,,,,,,,,,,,,,,,,,,,,,,,,,,,,,,,,,,,,,,,,,,,,,,1,1,
0,15,28,"{'x': 995.8472977292294, 'y': 348.9125212602992, 'elapsedTime': 87336.60000002384}",936778798747,5237201667,POINT (0.518670467567307 0.3230671493150918),,,,,,,,,,,,,,,,,,,,,,,,,,,,,,,,,,,,,,,,,,,,,,,,,,,,,,,,,,,,,,,,,,,,,,,,,,,,,,,,,,,,,,,,,,,,,,,,,,,,1,
0,15,28,"{'x': 995.8472977292294, 'y': 348.9125212602992, 'elapsedTime': 87336.60000002384}",936778815414,5237218333,POINT (0.518670467567307 0.3230671493150918),,,,,,,,,,,,,,,,,,,,,,,,,,,,,,,,,,,,,,,,,,,,,,,,,,,,,,,,,,,,,,,,,,,,,,,,,,,,,,,,,,,,,,,,,,,,,,,,,,,,1,
0,15,28,"{'x': 995.8472977292294, 'y': 348.9125212602992, 'elapsedTime': 87336.60000002384}",936778832081,5237235000,POINT (0.518670467567307 0.3230671493150918),,,,,,,,,,,,,,,,,,,,,,,,,,,,,,,,,,,,,,,,,,,,,,,,,,,,,,,,,,,,,,,,,,,,,,,,,,,,,,,,,,,,,,,,,,,,,,,,,,,,1,
0,15,28,"{'x': 1062.3997846641928, 'y': 308.3271319926526, 'elapsedTime': 87387.5}",936778848748,5237251666,POINT (0.5533332211792671 0.285488085178382),,,,,,,,,,,,,,,,,,,,,,,,,,,,,,,,,,,,,,,,,,,,,,,,,,,,,,,,,,,,,,,,,,,,,,,,,,,,,,,,,,,,,,,,,,,,,,,,,,,1,1,
0,15,28,"{'x': 1062.3997846641928, 'y': 308.3271319926526, 'elapsedTime': 87387.5}",936778865415,5237268333,POINT (0.5533332211792671 0.285488085178382),,,,,,,,,,,,,,,,,,,,,,,,,,,,,,,,,,,,,,,,,,,,,,,,,,,,,,,,,,,,,,,,,,,,,,,,,,,,,,,,,,,,,,,,,,,,,,,,,,,1,1,
0,15,28,"{'x': 1062.3997846641928, 'y': 308.3271319926526, 'elapsedTime': 87387.5}",936778882088,5237285006,POINT (0.5533332211792671 0.285488085178382),,,,,,,,,,,,,,,,,,,,,,,,,,,,,,,,,,,,,,,,,,,,,,,,,,,,,,,,,,,,,,,,,,,,,,,,,,,,,,,,,,,,,,,,,,,,,,,,,,,1,1,
0,15,28,"{'x': 985.3927322294799, 'y': 332.0564991733292, 'elapsedTime': 87436.39999997616}",936778898756,5237301673,POINT (0.5132253813695208 0.3074597214567863),,,,,,,,,,,,,,,,,,,,,,,,,,,,,,,,,,,,,,,,,,,,,,,,,,,,,,,,,,,,,,,,,,,,,,,,,,,,,,,,,,,,,,,,,,,,,,,,,,,,1,
0,15,28,"{'x': 985.3927322294799, 'y': 332.0564991733292, 'elapsedTime': 87436.39999997616}",936778915422,5237318339,POINT (0.5132253813695208 0.3074597214567863),,,,,,,,,,,,,,,,,,,,,,,,,,,,,,,,,,,,,,,,,,,,,,,,,,,,,,,,,,,,,,,,,,,,,,,,,,,,,,,,,,,,,,,,,,,,,,,,,,,,1,
0,15,28,"{'x': 985.3927322294799, 'y': 332.0564991733292, 'elapsedTime': 87436.39999997616}",936778932090,5237335006,POINT (0.5132253813695208 0.3074597214567863),,,,,,,,,,,,,,,,,,,,,,,,,,,,,,,,,,,,,,,,,,,,,,,,,,,,,,,,,,,,,,,,,,,,,,,,,,,,,,,,,,,,,,,,,,,,,,,,,,,,1,
0,15,28,"{'x': 985.3927322294799, 'y': 332.0564991733292, 'elapsedTime': 87436.39999997616}",936778948757,5237351673,POINT (0.5132253813695208 0.3074597214567863),,,,,,,,,,,,,,,,,,,,,,,,,,,,,,,,,,,,,,,,,,,,,,,,,,,,,,,,,,,,,,,,,,,,,,,,,,,,,,,,,,,,,,,,,,,,,,,,,,,,1,
0,15,28,"{'x': 985.3927322294799, 'y': 332.0564991733292, 'elapsedTime': 87436.39999997616}",936778965424,5237368339,POINT (0.5132253813695208 0.3074597214567863),,,,,,,,,,,,,,,,,,,,,,,,,,,,,,,,,,,,,,,,,,,,,,,,,,,,,,,,,,,,,,,,,,,,,,,,,,,,,,,,,,,,,,,,,,,,,,,,,,,,1,
0,15,28,"{'x': 1070.1001269665608, 'y': 339.2856907946103, 'elapsedTime': 87486.30000007153}",936778982091,5237385006,POINT (0.5573438161284171 0.3141534174024169),,,,,,,,,,,,,,,,,,,,,,,,,,,,,,,,,,,,,,,,,,,,,,,,,,,,,,,,,,,,,,,,,,,,,,,,,,,,,,,,,,,,,,,,,,,,,,,,,,,,1,
0,15,28,"{'x': 1070.1001269665608, 'y': 339.2856907946103, 'elapsedTime': 87486.30000007153}",936778998762,5237401676,POINT (0.5573438161284171 0.3141534174024169),,,,,,,,,,,,,,,,,,,,,,,,,,,,,,,,,,,,,,,,,,,,,,,,,,,,,,,,,,,,,,,,,,,,,,,,,,,,,,,,,,,,,,,,,,,,,,,,,,,,1,
0,15,28,"{'x': 1070.1001269665608, 'y': 339.2856907946103, 'elapsedTime': 87486.30000007153}",936779015429,5237418343,POINT (0.5573438161284171 0.3141534174024169),,,,,,,,,,,,,,,,,,,,,,,,,,,,,,,,,,,,,,,,,,,,,,,,,,,,,,,,,,,,,,,,,,,,,,,,,,,,,,,,,,,,,,,,,,,,,,,,,,,,1,
0,15,28,"{'x': 1070.1001269665608, 'y': 339.2856907946103, 'elapsedTime': 87486.30000007153}",936779032096,5237435009,POINT (0.5573438161284171 0.3141534174024169),,,,,,,,,,,,,,,,,,,,,,,,,,,,,,,,,,,,,,,,,,,,,,,,,,,,,,,,,,,,,,,,,,,,,,,,,,,,,,,,,,,,,,,,,,,,,,,,,,,,1,
0,15,28,"{'x': 1146.5386432830762, 'y': 369.2062899283213, 'elapsedTime': 87560.70000004768}",936779048762,5237451675,POINT (0.5971555433766021 0.3418576758595568),,,,,,,,,,,,,,,,,,,,,,,,,,,,,,,,,,,,,,,,,,,,,,,,,,,,,,,,,,,,,,,,,,,,,,,,,,,,,,,,,,,,,,,,,,,,,,,,,,,,1,
0,15,28,"{'x': 1146.5386432830762, 'y': 369.2062899283213, 'elapsedTime': 87560.70000004768}",936779065430,5237468342,POINT (0.5971555433766021 0.3418576758595568),,,,,,,,,,,,,,,,,,,,,,,,,,,,,,,,,,,,,,,,,,,,,,,,,,,,,,,,,,,,,,,,,,,,,,,,,,,,,,,,,,,,,,,,,,,,,,,,,,,,1,
0,15,28,"{'x': 1146.5386432830762, 'y': 369.2062899283213, 'elapsedTime': 87560.70000004768}",936779082097,5237485009,POINT (0.5971555433766021 0.3418576758595568),,,,,,,,,,,,,,,,,,,,,,,,,,,,,,,,,,,,,,,,,,,,,,,,,,,,,,,,,,,,,,,,,,,,,,,,,,,,,,,,,,,,,,,,,,,,,,,,,,,,1,
0,15,28,"{'x': 1029.5793134140313, 'y': 374.044432477413, 'elapsedTime': 87625.70000004768}",936779098763,5237501674,POINT (0.5362392257364746 0.3463374374790861),,,,,,,,,,,,,,,,,,,,,,,,,,,,,,,,,,,,,,,,,,,,,,,,,,,,,,,,,,,,,,,,,,,,,,,,,,,,,,,,,,,,,,,,,,,,,,,,,,,,1,
0,15,28,"{'x': 1029.5793134140313, 'y': 374.044432477413, 'elapsedTime': 87625.70000004768}",936779115431,5237518342,POINT (0.5362392257364746 0.3463374374790861),,,,,,,,,,,,,,,,,,,,,,,,,,,,,,,,,,,,,,,,,,,,,,,,,,,,,,,,,,,,,,,,,,,,,,,,,,,,,,,,,,,,,,,,,,,,,,,,,,,,1,
0,15,28,"{'x': 1029.5793134140313, 'y': 374.044432477413, 'elapsedTime': 87625.70000004768}",936779132102,5237535012,POINT (0.5362392257364746 0.3463374374790861),,,,,,,,,,,,,,,,,,,,,,,,,,,,,,,,,,,,,,,,,,,,,,,,,,,,,,,,,,,,,,,,,,,,,,,,,,,,,,,,,,,,,,,,,,,,,,,,,,,,1,
0,15,28,"{'x': 1092.4880247368492, 'y': 313.30983762176527, 'elapsedTime': 87679.60000002384}",936779148768,5237551678,POINT (0.5690041795504422 0.2901017015016345),,,,,,,,,,,,,,,,,,,,,,,,,,,,,,,,,,,,,,,,,,,,,,,,,,,,,,,,,,,,,,,,,,,,,,,,,,,,,,,,,,,,,,,,,,,,,,,,,,,1,1,
0,15,28,"{'x': 1092.4880247368492, 'y': 313.30983762176527, 'elapsedTime': 87679.60000002384}",936779165435,5237568344,POINT (0.5690041795504422 0.2901017015016345),,,,,,,,,,,,,,,,,,,,,,,,,,,,,,,,,,,,,,,,,,,,,,,,,,,,,,,,,,,,,,,,,,,,,,,,,,,,,,,,,,,,,,,,,,,,,,,,,,,1,1,
0,15,28,"{'x': 1092.4880247368492, 'y': 313.30983762176527, 'elapsedTime': 87679.60000002384}",936779182101,5237585010,POINT (0.5690041795504422 0.2901017015016345),,,,,,,,,,,,,,,,,,,,,,,,,,,,,,,,,,,,,,,,,,,,,,,,,,,,,,,,,,,,,,,,,,,,,,,,,,,,,,,,,,,,,,,,,,,,,,,,,,,1,1,
0,15,28,"{'x': 1191.983241364633, 'y': 316.36738444484996, 'elapsedTime': 87728.70000004768}",936779198768,5237601677,POINT (0.620824604877413 0.2929327633748611),,,,,,,,,,,,,,,,,,,,,,,,,,,,,,,,,,,,,,,,,,,,,,,,,,,,,,,,,,,,,,,,,,,,,,,,,,,,,,,,,,,,,,,,,,,,,,,,,,,1,1,
0,15,28,"{'x': 1191.983241364633, 'y': 316.36738444484996, 'elapsedTime': 87728.70000004768}",936779215435,5237618343,POINT (0.620824604877413 0.2929327633748611),,,,,,,,,,,,,,,,,,,,,,,,,,,,,,,,,,,,,,,,,,,,,,,,,,,,,,,,,,,,,,,,,,,,,,,,,,,,,,,,,,,,,,,,,,,,,,,,,,,1,1,
0,15,28,"{'x': 1191.983241364633, 'y': 316.36738444484996, 'elapsedTime': 87728.70000004768}",936779232102,5237635010,POINT (0.620824604877413 0.2929327633748611),,,,,,,,,,,,,,,,,,,,,,,,,,,,,,,,,,,,,,,,,,,,,,,,,,,,,,,,,,,,,,,,,,,,,,,,,,,,,,,,,,,,,,,,,,,,,,,,,,,1,1,
0,15,28,"{'x': 1199.4776459100003, 'y': 243.27254395911436, 'elapsedTime': 87779}",936779248771,5237651678,POINT (0.6247279405781252 0.2252523555176985),,,,,,,,,,,,,,,,,,,,,,,,,,,,,,,,,,,,,,,,,,,,,,,,,,,,,,,,,,,,,,,,,,,,,,,,,,,,,,,,,,,,,,,,,,,,,,,,,,,,1,
0,15,28,"{'x': 1199.4776459100003, 'y': 243.27254395911436, 'elapsedTime': 87779}",936779265445,5237668352,POINT (0.6247279405781252 0.2252523555176985),,,,,,,,,,,,,,,,,,,,,,,,,,,,,,,,,,,,,,,,,,,,,,,,,,,,,,,,,,,,,,,,,,,,,,,,,,,,,,,,,,,,,,,,,,,,,,,,,,,,1,
0,15,28,"{'x': 1315.0999418065148, 'y': 200.96917594685561, 'elapsedTime': 87828.80000007153}",936779282113,5237685019,POINT (0.6849478863575598 0.1860825703211626),,,,,,,,,,,,,,,,,,,,,,,,,,,,,,,,,,,,,,,,,,,,,,,,,,,,,,,,,,,,,,,,,,,,,,,,,,,,,,,,,,,,,,,,,,,,,,,,,,,1,,
0,15,28,"{'x': 1315.0999418065148, 'y': 200.96917594685561, 'elapsedTime': 87828.80000007153}",936779298779,5237701685,POINT (0.6849478863575598 0.1860825703211626),,,,,,,,,,,,,,,,,,,,,,,,,,,,,,,,,,,,,,,,,,,,,,,,,,,,,,,,,,,,,,,,,,,,,,,,,,,,,,,,,,,,,,,,,,,,,,,,,,,1,,
0,15,28,"{'x': 1315.0999418065148, 'y': 200.96917594685561, 'elapsedTime': 87828.80000007153}",936779315447,5237718352,POINT (0.6849478863575598 0.1860825703211626),,,,,,,,,,,,,,,,,,,,,,,,,,,,,,,,,,,,,,,,,,,,,,,,,,,,,,,,,,,,,,,,,,,,,,,,,,,,,,,,,,,,,,,,,,,,,,,,,,,1,,
0,15,28,"{'x': 1315.0999418065148, 'y': 200.96917594685561, 'elapsedTime': 87828.80000007153}",936779332114,5237735019,POINT (0.6849478863575598 0.1860825703211626),,,,,,,,,,,,,,,,,,,,,,,,,,,,,,,,,,,,,,,,,,,,,,,,,,,,,,,,,,,,,,,,,,,,,,,,,,,,,,,,,,,,,,,,,,,,,,,,,,,1,,
0,15,28,"{'x': 1354.5613670266032, 'y': 109.17914033234383, 'elapsedTime': 87878.30000007153}",936779348781,5237751685,POINT (0.7055007119930224 0.1010917966040221),,,,,,,,,,,,,,,,,,,,,,,,,,,,,,,,,,,,,,,,,,,,,,,,,,,,,,,,,,,,,,,,,,,,,,,,,,,,,,,,,,,,,,,,,,,,,,,,,,,,,
0,15,28,"{'x': 1354.5613670266032, 'y': 109.17914033234383, 'elapsedTime': 87878.30000007153}",936779365448,5237768352,POINT (0.7055007119930224 0.1010917966040221),,,,,,,,,,,,,,,,,,,,,,,,,,,,,,,,,,,,,,,,,,,,,,,,,,,,,,,,,,,,,,,,,,,,,,,,,,,,,,,,,,,,,,,,,,,,,,,,,,,,,
0,15,28,"{'x': 1358.7762837424643, 'y': 52.05432734147015, 'elapsedTime': 87925.39999997616}",936779382116,5237785019,POINT (0.7076959811158668 0.048198451242102),,,,,,,,,,,,,,,,,,,,,,,,,,,,,,,,,,,,,,,,,,,,,,,,,,,,,,,,,,,,,,,,,,,,,,,,,,,,,,,,,,,,,,,,,,,,,,,,,,,,,
0,15,28,"{'x': 1358.7762837424643, 'y': 52.05432734147015, 'elapsedTime': 87925.39999997616}",936779398786,5237801689,POINT (0.7076959811158668 0.048198451242102),,,,,,,,,,,,,,,,,,,,,,,,,,,,,,,,,,,,,,,,,,,,,,,,,,,,,,,,,,,,,,,,,,,,,,,,,,,,,,,,,,,,,,,,,,,,,,,,,,,,,
0,15,28,"{'x': 1358.7762837424643, 'y': 52.05432734147015, 'elapsedTime': 87925.39999997616}",936779415454,5237818356,POINT (0.7076959811158668 0.048198451242102),,,,,,,,,,,,,,,,,,,,,,,,,,,,,,,,,,,,,,,,,,,,,,,,,,,,,,,,,,,,,,,,,,,,,,,,,,,,,,,,,,,,,,,,,,,,,,,,,,,,,
0,15,28,"{'x': 1313.0273153998576, 'y': 32.26199546341848, 'elapsedTime': 87973.30000007153}",936779432121,5237835023,POINT (0.6838683934374258 0.0298722180216838),,,,,,,,,,,,,,,,,,,,,,,,,,,,,,,,,,,,,,,,,,,,,,,,,,,,,,,,,,,,,,,,,,,,,,,,,,,,,,,,,,,,,,,,,,,,,,,,,,,,,
0,15,28,"{'x': 1313.0273153998576, 'y': 32.26199546341848, 'elapsedTime': 87973.30000007153}",936779448789,5237851690,POINT (0.6838683934374258 0.0298722180216838),,,,,,,,,,,,,,,,,,,,,,,,,,,,,,,,,,,,,,,,,,,,,,,,,,,,,,,,,,,,,,,,,,,,,,,,,,,,,,,,,,,,,,,,,,,,,,,,,,,,,
0,15,28,"{'x': 1313.0273153998576, 'y': 32.26199546341848, 'elapsedTime': 87973.30000007153}",936779465455,5237868356,POINT (0.6838683934374258 0.0298722180216838),,,,,,,,,,,,,,,,,,,,,,,,,,,,,,,,,,,,,,,,,,,,,,,,,,,,,,,,,,,,,,,,,,,,,,,,,,,,,,,,,,,,,,,,,,,,,,,,,,,,,
0,15,28,"{'x': 1266.3993803022875, 'y': 43.9541939901944, 'elapsedTime': 88024.39999997616}",936779482122,5237885023,POINT (0.6595830105741081 0.0406983277686985),,,,,,,,,,,,,,,,,,,,,,,,,,,,,,,,,,,,,,,,,,,,,,,,,,,,,,,,,,,,,,,,,,,,,,,,,,,,,,,,,,,,,,,,,,,,,,,,,,,,,
0,15,28,"{'x': 1266.3993803022875, 'y': 43.9541939901944, 'elapsedTime': 88024.39999997616}",936779498790,5237901690,POINT (0.6595830105741081 0.0406983277686985),,,,,,,,,,,,,,,,,,,,,,,,,,,,,,,,,,,,,,,,,,,,,,,,,,,,,,,,,,,,,,,,,,,,,,,,,,,,,,,,,,,,,,,,,,,,,,,,,,,,,
0,15,28,"{'x': 1266.3993803022875, 'y': 43.9541939901944, 'elapsedTime': 88024.39999997616}",936779515456,5237918356,POINT (0.6595830105741081 0.0406983277686985),,,,,,,,,,,,,,,,,,,,,,,,,,,,,,,,,,,,,,,,,,,,,,,,,,,,,,,,,,,,,,,,,,,,,,,,,,,,,,,,,,,,,,,,,,,,,,,,,,,,,
0,15,28,"{'x': 1266.3993803022875, 'y': 43.9541939901944, 'elapsedTime': 88024.39999997616}",936779532128,5237935027,POINT (0.6595830105741081 0.0406983277686985),,,,,,,,,,,,,,,,,,,,,,,,,,,,,,,,,,,,,,,,,,,,,,,,,,,,,,,,,,,,,,,,,,,,,,,,,,,,,,,,,,,,,,,,,,,,,,,,,,,,,
0,15,28,"{'x': 1246.2076978043476, 'y': 66.26666710072655, 'elapsedTime': 88074.30000007153}",936779548795,5237951694,POINT (0.6490665092730977 0.0613580250932653),,,,,,,,,,,,,,,,,,,,,,,,,,,,,,,,,,,,,,,,,,,,,,,,,,,,,,,,,,,,,,,,,,,,,,,,,,,,,,,,,,,,,,,,,,,,,,,,,,,,,
0,15,28,"{'x': 1246.2076978043476, 'y': 66.26666710072655, 'elapsedTime': 88074.30000007153}",936779565462,5237968360,POINT (0.6490665092730977 0.0613580250932653),,,,,,,,,,,,,,,,,,,,,,,,,,,,,,,,,,,,,,,,,,,,,,,,,,,,,,,,,,,,,,,,,,,,,,,,,,,,,,,,,,,,,,,,,,,,,,,,,,,,,
0,15,28,"{'x': 1238.06742606184, 'y': 67.6092929895977, 'elapsedTime': 88122.5}",936779582128,5237985026,POINT (0.6448267844072083 0.0626011972125905),,,,,,,,,,,,,,,,,,,,,,,,,,,,,,,,,,,,,,,,,,,,,,,,,,,,,,,,,,,,,,,,,,,,,,,,,,,,,,,,,,,,,,,,,,,,,,,,,,,,,
0,15,28,"{'x': 1238.06742606184, 'y': 67.6092929895977, 'elapsedTime': 88122.5}",936779598796,5238001693,POINT (0.6448267844072083 0.0626011972125905),,,,,,,,,,,,,,,,,,,,,,,,,,,,,,,,,,,,,,,,,,,,,,,,,,,,,,,,,,,,,,,,,,,,,,,,,,,,,,,,,,,,,,,,,,,,,,,,,,,,,
0,15,28,"{'x': 1238.06742606184, 'y': 67.6092929895977, 'elapsedTime': 88122.5}",936779615463,5238018360,POINT (0.6448267844072083 0.0626011972125905),,,,,,,,,,,,,,,,,,,,,,,,,,,,,,,,,,,,,,,,,,,,,,,,,,,,,,,,,,,,,,,,,,,,,,,,,,,,,,,,,,,,,,,,,,,,,,,,,,,,,
0,15,28,"{'x': 1238.06742606184, 'y': 67.6092929895977, 'elapsedTime': 88122.5}",936779632128,5238035024,POINT (0.6448267844072083 0.0626011972125905),,,,,,,,,,,,,,,,,,,,,,,,,,,,,,,,,,,,,,,,,,,,,,,,,,,,,,,,,,,,,,,,,,,,,,,,,,,,,,,,,,,,,,,,,,,,,,,,,,,,,
0,15,28,"{'x': 1219.7149647458675, 'y': 23.931090334201993, 'elapsedTime': 88176.20000004768}",936779648795,5238051691,POINT (0.6352682108051393 0.022158416976113),,,,,,,,,,,,,,,,,,,,,,,,,,,,,,,,,,,,,,,,,,,,,,,,,,,,,,,,,,,,,,,,,,,,,,,,,,,,,,,,,,,,,,,,,,,,,,,,,,,,,
0,15,28,"{'x': 1219.7149647458675, 'y': 23.931090334201993, 'elapsedTime': 88176.20000004768}",936779665469,5238068364,POINT (0.6352682108051393 0.022158416976113),,,,,,,,,,,,,,,,,,,,,,,,,,,,,,,,,,,,,,,,,,,,,,,,,,,,,,,,,,,,,,,,,,,,,,,,,,,,,,,,,,,,,,,,,,,,,,,,,,,,,
0,15,28,"{'x': 1219.7149647458675, 'y': 23.931090334201993, 'elapsedTime': 88176.20000004768}",936779682135,5238085030,POINT (0.6352682108051393 0.022158416976113),,,,,,,,,,,,,,,,,,,,,,,,,,,,,,,,,,,,,,,,,,,,,,,,,,,,,,,,,,,,,,,,,,,,,,,,,,,,,,,,,,,,,,,,,,,,,,,,,,,,,
0,15,28,"{'x': 1171.6860422851812, 'y': 34.34275621346846, 'elapsedTime': 88227.10000002384}",936779698803,5238101697,POINT (0.6102531470235318 0.0317988483458041),,,,,,,,,,,,,,,,,,,,,,,,,,,,,,,,,,,,,,,,,,,,,,,,,,,,,,,,,,,,,,,,,,,,,,,,,,,,,,,,,,,,,,,,,,,,,,,,,,,,,
0,15,28,"{'x': 1171.6860422851812, 'y': 34.34275621346846, 'elapsedTime': 88227.10000002384}",936779715470,5238118364,POINT (0.6102531470235318 0.0317988483458041),,,,,,,,,,,,,,,,,,,,,,,,,,,,,,,,,,,,,,,,,,,,,,,,,,,,,,,,,,,,,,,,,,,,,,,,,,,,,,,,,,,,,,,,,,,,,,,,,,,,,
0,15,28,"{'x': 1171.6860422851812, 'y': 34.34275621346846, 'elapsedTime': 88227.10000002384}",936779732137,5238135030,POINT (0.6102531470235318 0.0317988483458041),,,,,,,,,,,,,,,,,,,,,,,,,,,,,,,,,,,,,,,,,,,,,,,,,,,,,,,,,,,,,,,,,,,,,,,,,,,,,,,,,,,,,,,,,,,,,,,,,,,,,
0,15,28,"{'x': 1215.506424851199, 'y': 24.24837302422411, 'elapsedTime': 88276.39999997616}",936779748804,5238151697,POINT (0.6330762629433327 0.022452197244652),,,,,,,,,,,,,,,,,,,,,,,,,,,,,,,,,,,,,,,,,,,,,,,,,,,,,,,,,,,,,,,,,,,,,,,,,,,,,,,,,,,,,,,,,,,,,,,,,,,,,
0,15,28,"{'x': 1215.506424851199, 'y': 24.24837302422411, 'elapsedTime': 88276.39999997616}",936779765472,5238168364,POINT (0.6330762629433327 0.022452197244652),,,,,,,,,,,,,,,,,,,,,,,,,,,,,,,,,,,,,,,,,,,,,,,,,,,,,,,,,,,,,,,,,,,,,,,,,,,,,,,,,,,,,,,,,,,,,,,,,,,,,
0,15,28,"{'x': 1203.1506652125495, 'y': -18.935805120093647, 'elapsedTime': 88325.70000004768}",936779782139,5238185031,POINT (0.6266409714648695 -0.0175331528889756),,,,,,,,,,,,,,,,,,,,,,,,,,,,,,,,,,,,,,,,,,,,,,,,,,,,,,,,,,,,,,,,,,,,,,,,,,,,,,,,,,,,,,,,,,,,,,,,,,,,,
0,15,28,"{'x': 1203.1506652125495, 'y': -18.935805120093647, 'elapsedTime': 88325.70000004768}",936779798810,5238201702,POINT (0.6266409714648695 -0.0175331528889756),,,,,,,,,,,,,,,,,,,,,,,,,,,,,,,,,,,,,,,,,,,,,,,,,,,,,,,,,,,,,,,,,,,,,,,,,,,,,,,,,,,,,,,,,,,,,,,,,,,,,
0,15,28,"{'x': 1203.1506652125495, 'y': -18.935805120093647, 'elapsedTime': 88325.70000004768}",936779815478,5238218369,POINT (0.6266409714648695 -0.0175331528889756),,,,,,,,,,,,,,,,,,,,,,,,,,,,,,,,,,,,,,,,,,,,,,,,,,,,,,,,,,,,,,,,,,,,,,,,,,,,,,,,,,,,,,,,,,,,,,,,,,,,,
0,15,28,"{'x': 1203.1506652125495, 'y': -18.935805120093647, 'elapsedTime': 88325.70000004768}",936779832145,5238235036,POINT (0.6266409714648695 -0.0175331528889756),,,,,,,,,,,,,,,,,,,,,,,,,,,,,,,,,,,,,,,,,,,,,,,,,,,,,,,,,,,,,,,,,,,,,,,,,,,,,,,,,,,,,,,,,,,,,,,,,,,,,
0,15,28,"{'x': 1256.7982142406606, 'y': -43.45812754703406, 'elapsedTime': 88374.39999997616}",936779848812,5238251702,POINT (0.6545824032503441 -0.0402390069879945),,,,,,,,,,,,,,,,,,,,,,,,,,,,,,,,,,,,,,,,,,,,,,,,,,,,,,,,,,,,,,,,,,,,,,,,,,,,,,,,,,,,,,,,,,,,,,,,,,,,,
0,15,28,"{'x': 1256.7982142406606, 'y': -43.45812754703406, 'elapsedTime': 88374.39999997616}",936779865479,5238268369,POINT (0.6545824032503441 -0.0402390069879945),,,,,,,,,,,,,,,,,,,,,,,,,,,,,,,,,,,,,,,,,,,,,,,,,,,,,,,,,,,,,,,,,,,,,,,,,,,,,,,,,,,,,,,,,,,,,,,,,,,,,
0,15,28,"{'x': 1218.6210066126205, 'y': -12.085338087154298, 'elapsedTime': 88424.80000007153}",936779882146,5238285035,POINT (0.6346984409440731 -0.0111901278584762),,,,,,,,,,,,,,,,,,,,,,,,,,,,,,,,,,,,,,,,,,,,,,,,,,,,,,,,,,,,,,,,,,,,,,,,,,,,,,,,,,,,,,,,,,,,,,,,,,,,,
0,15,28,"{'x': 1218.6210066126205, 'y': -12.085338087154298, 'elapsedTime': 88424.80000007153}",936779898813,5238301702,POINT (0.6346984409440731 -0.0111901278584762),,,,,,,,,,,,,,,,,,,,,,,,,,,,,,,,,,,,,,,,,,,,,,,,,,,,,,,,,,,,,,,,,,,,,,,,,,,,,,,,,,,,,,,,,,,,,,,,,,,,,
0,15,28,"{'x': 1218.6210066126205, 'y': -12.085338087154298, 'elapsedTime': 88424.80000007153}",936779915481,5238318369,POINT (0.6346984409440731 -0.0111901278584762),,,,,,,,,,,,,,,,,,,,,,,,,,,,,,,,,,,,,,,,,,,,,,,,,,,,,,,,,,,,,,,,,,,,,,,,,,,,,,,,,,,,,,,,,,,,,,,,,,,,,
0,15,28,"{'x': 1218.6210066126205, 'y': -12.085338087154298, 'elapsedTime': 88424.80000007153}",936779932150,5238335038,POINT (0.6346984409440731 -0.0111901278584762),,,,,,,,,,,,,,,,,,,,,,,,,,,,,,,,,,,,,,,,,,,,,,,,,,,,,,,,,,,,,,,,,,,,,,,,,,,,,,,,,,,,,,,,,,,,,,,,,,,,,
0,15,28,"{'x': 1199.5902435758642, 'y': -46.93149519377584, 'elapsedTime': 88475}",936779948818,5238351705,POINT (0.6247865851957626 -0.043455088142385),,,,,,,,,,,,,,,,,,,,,,,,,,,,,,,,,,,,,,,,,,,,,,,,,,,,,,,,,,,,,,,,,,,,,,,,,,,,,,,,,,,,,,,,,,,,,,,,,,,,,
0,15,28,"{'x': 1199.5902435758642, 'y': -46.93149519377584, 'elapsedTime': 88475}",936779965485,5238368372,POINT (0.6247865851957626 -0.043455088142385),,,,,,,,,,,,,,,,,,,,,,,,,,,,,,,,,,,,,,,,,,,,,,,,,,,,,,,,,,,,,,,,,,,,,,,,,,,,,,,,,,,,,,,,,,,,,,,,,,,,,
0,15,28,"{'x': 1199.5902435758642, 'y': -46.93149519377584, 'elapsedTime': 88475}",936779982153,5238385039,POINT (0.6247865851957626 -0.043455088142385),,,,,,,,,,,,,,,,,,,,,,,,,,,,,,,,,,,,,,,,,,,,,,,,,,,,,,,,,,,,,,,,,,,,,,,,,,,,,,,,,,,,,,,,,,,,,,,,,,,,,
0,15,28,"{'x': 1189.9991736071463, 'y': -32.65422201950719, 'elapsedTime': 88523.10000002384}",936779998819,5238401705,POINT (0.619791236253722 -0.030235390758803),,,,,,,,,,,,,,,,,,,,,,,,,,,,,,,,,,,,,,,,,,,,,,,,,,,,,,,,,,,,,,,,,,,,,,,,,,,,,,,,,,,,,,,,,,,,,,,,,,,,,
0,15,28,"{'x': 1189.9991736071463, 'y': -32.65422201950719, 'elapsedTime': 88523.10000002384}",936780015487,5238418372,POINT (0.619791236253722 -0.030235390758803),,,,,,,,,,,,,,,,,,,,,,,,,,,,,,,,,,,,,,,,,,,,,,,,,,,,,,,,,,,,,,,,,,,,,,,,,,,,,,,,,,,,,,,,,,,,,,,,,,,,,
0,15,28,"{'x': 1189.9991736071463, 'y': -32.65422201950719, 'elapsedTime': 88523.10000002384}",936780032154,5238435039,POINT (0.619791236253722 -0.030235390758803),,,,,,,,,,,,,,,,,,,,,,,,,,,,,,,,,,,,,,,,,,,,,,,,,,,,,,,,,,,,,,,,,,,,,,,,,,,,,,,,,,,,,,,,,,,,,,,,,,,,,
0,15,28,"{'x': 1136.1411184975427, 'y': -27.51443947952824, 'elapsedTime': 88577.10000002384}",936780048830,5238451714,POINT (0.5917401658841368 -0.025476332851415),,,,,,,,,,,,,,,,,,,,,,,,,,,,,,,,,,,,,,,,,,,,,,,,,,,,,,,,,,,,,,,,,,,,,,,,,,,,,,,,,,,,,,,,,,,,,,,,,,,,,
0,15,28,"{'x': 1136.1411184975427, 'y': -27.51443947952824, 'elapsedTime': 88577.10000002384}",936780065497,5238468381,POINT (0.5917401658841368 -0.025476332851415),,,,,,,,,,,,,,,,,,,,,,,,,,,,,,,,,,,,,,,,,,,,,,,,,,,,,,,,,,,,,,,,,,,,,,,,,,,,,,,,,,,,,,,,,,,,,,,,,,,,,
0,15,28,"{'x': 1136.1411184975427, 'y': -27.51443947952824, 'elapsedTime': 88577.10000002384}",936780082165,5238485048,POINT (0.5917401658841368 -0.025476332851415),,,,,,,,,,,,,,,,,,,,,,,,,,,,,,,,,,,,,,,,,,,,,,,,,,,,,,,,,,,,,,,,,,,,,,,,,,,,,,,,,,,,,,,,,,,,,,,,,,,,,
0,15,28,"{'x': 1056.0152742485757, 'y': -15.975546731468125, 'elapsedTime': 88633.70000004768}",936780098831,5238501714,POINT (0.5500079553377998 -0.0147921728995075),,,,,,,,,,,,,,,,,,,,,,,,,,,,,,,,,,,,,,,,,,,,,,,,,,,,,,,,,,,,,,,,,,,,,,,,,,,,,,,,,,,,,,,,,,,,,,,,,,,,,
0,15,28,"{'x': 1056.0152742485757, 'y': -15.975546731468125, 'elapsedTime': 88633.70000004768}",936780115498,5238518381,POINT (0.5500079553377998 -0.0147921728995075),,,,,,,,,,,,,,,,,,,,,,,,,,,,,,,,,,,,,,,,,,,,,,,,,,,,,,,,,,,,,,,,,,,,,,,,,,,,,,,,,,,,,,,,,,,,,,,,,,,,,
0,15,28,"{'x': 1056.0152742485757, 'y': -15.975546731468125, 'elapsedTime': 88633.70000004768}",936780132165,5238535047,POINT (0.5500079553377998 -0.0147921728995075),,,,,,,,,,,,,,,,,,,,,,,,,,,,,,,,,,,,,,,,,,,,,,,,,,,,,,,,,,,,,,,,,,,,,,,,,,,,,,,,,,,,,,,,,,,,,,,,,,,,,
0,15,28,"{'x': 904.6730149335033, 'y': 26.39107334993838, 'elapsedTime': 88681.70000004768}",936780148832,5238551714,POINT (0.4711838619445329 0.0244361790277207),,,,,,,,,,,,,,,,,,,,,,,,,,,,,,,,,,,,,,,,,,,,,,,,,,,,,,,,,,,,,,,,,,,,,,,,,,,,,,,,,,,,,,,,,,,,,,,,,,,,,
0,15,28,"{'x': 904.6730149335033, 'y': 26.39107334993838, 'elapsedTime': 88681.70000004768}",936780165500,5238568381,POINT (0.4711838619445329 0.0244361790277207),,,,,,,,,,,,,,,,,,,,,,,,,,,,,,,,,,,,,,,,,,,,,,,,,,,,,,,,,,,,,,,,,,,,,,,,,,,,,,,,,,,,,,,,,,,,,,,,,,,,,
0,15,28,"{'x': 892.6005849849998, 'y': 2.5057735002082744, 'elapsedTime': 88728.5}",936780182166,5238585047,POINT (0.4648961380130208 0.002320160648341),,,,,,,,,,,,,,,,,,,,,,,,,,,,,,,,,,,,,,,,,,,,,,,,,,,,,,,,,,,,,,,,,,,,,,,,,,,,,,,,,,,,,,,,,,,,,,,,,,,,,
0,15,28,"{'x': 892.6005849849998, 'y': 2.5057735002082744, 'elapsedTime': 88728.5}",936780198834,5238601714,POINT (0.4648961380130208 0.002320160648341),,,,,,,,,,,,,,,,,,,,,,,,,,,,,,,,,,,,,,,,,,,,,,,,,,,,,,,,,,,,,,,,,,,,,,,,,,,,,,,,,,,,,,,,,,,,,,,,,,,,,
0,15,28,"{'x': 892.6005849849998, 'y': 2.5057735002082744, 'elapsedTime': 88728.5}",936780215500,5238618380,POINT (0.4648961380130208 0.002320160648341),,,,,,,,,,,,,,,,,,,,,,,,,,,,,,,,,,,,,,,,,,,,,,,,,,,,,,,,,,,,,,,,,,,,,,,,,,,,,,,,,,,,,,,,,,,,,,,,,,,,,
0,15,28,"{'x': 892.6005849849998, 'y': 2.5057735002082744, 'elapsedTime': 88728.5}",936780232168,5238635047,POINT (0.4648961380130208 0.002320160648341),,,,,,,,,,,,,,,,,,,,,,,,,,,,,,,,,,,,,,,,,,,,,,,,,,,,,,,,,,,,,,,,,,,,,,,,,,,,,,,,,,,,,,,,,,,,,,,,,,,,,
0,15,28,"{'x': 882.0204168357633, 'y': -9.92786433902184, 'elapsedTime': 88776.20000004768}",936780248835,5238651714,POINT (0.4593856337686267 -0.0091924669805758),,,,,,,,,,,,,,,,,,,,,,,,,,,,,,,,,,,,,,,,,,,,,,,,,,,,,,,,,,,,,,,,,,,,,,,,,,,,,,,,,,,,,,,,,,,,,,,,,,,,,
0,15,28,"{'x': 882.0204168357633, 'y': -9.92786433902184, 'elapsedTime': 88776.20000004768}",936780265502,5238668380,POINT (0.4593856337686267 -0.0091924669805758),,,,,,,,,,,,,,,,,,,,,,,,,,,,,,,,,,,,,,,,,,,,,,,,,,,,,,,,,,,,,,,,,,,,,,,,,,,,,,,,,,,,,,,,,,,,,,,,,,,,,
0,15,28,"{'x': 898.3808862624053, 'y': 114.22825105532256, 'elapsedTime': 88823.80000007153}",936780282170,5238685048,POINT (0.4679067115950027 0.1057668991252987),,,,,,,,,,,,,,,,,,,,,,,,,,,,,,,,,,,,,,,,,,,,,,,,,,,,,,,,,,,,,,,,,,,,,,,,,,,,,,,,,,,,,,,,,,,,,,,,,,,,,
0,15,28,"{'x': 898.3808862624053, 'y': 114.22825105532256, 'elapsedTime': 88823.80000007153}",936780298837,5238701714,POINT (0.4679067115950027 0.1057668991252987),,,,,,,,,,,,,,,,,,,,,,,,,,,,,,,,,,,,,,,,,,,,,,,,,,,,,,,,,,,,,,,,,,,,,,,,,,,,,,,,,,,,,,,,,,,,,,,,,,,,,
0,15,28,"{'x': 898.3808862624053, 'y': 114.22825105532256, 'elapsedTime': 88823.80000007153}",936780315509,5238718386,POINT (0.4679067115950027 0.1057668991252987),,,,,,,,,,,,,,,,,,,,,,,,,,,,,,,,,,,,,,,,,,,,,,,,,,,,,,,,,,,,,,,,,,,,,,,,,,,,,,,,,,,,,,,,,,,,,,,,,,,,,
0,15,28,"{'x': 895.8400107090038, 'y': 120.16884560690647, 'elapsedTime': 88871.20000004768}",936780332177,5238735053,POINT (0.4665833389109394 0.1112674496360245),,,,,,,,,,,,,,,,,,,,,,,,,,,,,,,,,,,,,,,,,,,,,,,,,,,,,,,,,,,,,,,,,,,,,,,,,,,,,,,,,,,,,,,,,,,,,,,,,,,,,
0,15,28,"{'x': 895.8400107090038, 'y': 120.16884560690647, 'elapsedTime': 88871.20000004768}",936780348844,5238751720,POINT (0.4665833389109394 0.1112674496360245),,,,,,,,,,,,,,,,,,,,,,,,,,,,,,,,,,,,,,,,,,,,,,,,,,,,,,,,,,,,,,,,,,,,,,,,,,,,,,,,,,,,,,,,,,,,,,,,,,,,,
0,15,28,"{'x': 895.8400107090038, 'y': 120.16884560690647, 'elapsedTime': 88871.20000004768}",936780365512,5238768387,POINT (0.4665833389109394 0.1112674496360245),,,,,,,,,,,,,,,,,,,,,,,,,,,,,,,,,,,,,,,,,,,,,,,,,,,,,,,,,,,,,,,,,,,,,,,,,,,,,,,,,,,,,,,,,,,,,,,,,,,,,
0,15,28,"{'x': 815.6731772902881, 'y': 174.99831803814013, 'elapsedTime': 88922.70000004768}",936780382178,5238785053,POINT (0.4248297798386917 0.1620354796649446),,,,,,,,,,,,,,,,,,,,,,,,,,,,,,,,,,,,,,,,,,,,,,,,,,,,,,,,,,,,,,,,,,,,,,,,,,,,,,,,,,,,,,,,,,,,,,,,,,,1,,
0,15,28,"{'x': 815.6731772902881, 'y': 174.99831803814013, 'elapsedTime': 88922.70000004768}",936780398846,5238801720,POINT (0.4248297798386917 0.1620354796649446),,,,,,,,,,,,,,,,,,,,,,,,,,,,,,,,,,,,,,,,,,,,,,,,,,,,,,,,,,,,,,,,,,,,,,,,,,,,,,,,,,,,,,,,,,,,,,,,,,,1,,
0,15,28,"{'x': 815.6731772902881, 'y': 174.99831803814013, 'elapsedTime': 88922.70000004768}",936780415513,5238818387,POINT (0.4248297798386917 0.1620354796649446),,,,,,,,,,,,,,,,,,,,,,,,,,,,,,,,,,,,,,,,,,,,,,,,,,,,,,,,,,,,,,,,,,,,,,,,,,,,,,,,,,,,,,,,,,,,,,,,,,,1,,
0,15,28,"{'x': 812.5538472117103, 'y': 242.24247324595254, 'elapsedTime': 88970.89999997616}",936780432179,5238835053,POINT (0.4232051287560991 0.224298586338845),,,,,,,,,,,,,,,,,,,,,,,,,,,,,,,,,,,,,,,,,,,,,,,,,,,,,,,,,,,,,,,,,,,,,,,,,,,,,,,,,,,,,,,,,,,,,,,,,,,,1,
0,15,28,"{'x': 812.5538472117103, 'y': 242.24247324595254, 'elapsedTime': 88970.89999997616}",936780448851,5238851724,POINT (0.4232051287560991 0.224298586338845),,,,,,,,,,,,,,,,,,,,,,,,,,,,,,,,,,,,,,,,,,,,,,,,,,,,,,,,,,,,,,,,,,,,,,,,,,,,,,,,,,,,,,,,,,,,,,,,,,,,1,
0,15,28,"{'x': 812.5538472117103, 'y': 242.24247324595254, 'elapsedTime': 88970.89999997616}",936780465517,5238868390,POINT (0.4232051287560991 0.224298586338845),,,,,,,,,,,,,,,,,,,,,,,,,,,,,,,,,,,,,,,,,,,,,,,,,,,,,,,,,,,,,,,,,,,,,,,,,,,,,,,,,,,,,,,,,,,,,,,,,,,,1,
0,15,28,"{'x': 730.9161712751193, 'y': 224.087352605991, 'elapsedTime': 89020.30000007153}",936780482185,5238885057,POINT (0.380685505872458 0.2074882894499916),,,,,,,,,,,,,,,,,,,,,,,,,,,,,,,,,,,,,,,,,,,,,,,,,,,,,,,,,,,,,,,,,,,,,,,,,,,,,,,,,,,,,,,,,,,,,,,,,,,,,
0,15,28,"{'x': 730.9161712751193, 'y': 224.087352605991, 'elapsedTime': 89020.30000007153}",936780498852,5238901724,POINT (0.380685505872458 0.2074882894499916),,,,,,,,,,,,,,,,,,,,,,,,,,,,,,,,,,,,,,,,,,,,,,,,,,,,,,,,,,,,,,,,,,,,,,,,,,,,,,,,,,,,,,,,,,,,,,,,,,,,,
0,15,28,"{'x': 730.9161712751193, 'y': 224.087352605991, 'elapsedTime': 89020.30000007153}",936780515519,5238918390,POINT (0.380685505872458 0.2074882894499916),,,,,,,,,,,,,,,,,,,,,,,,,,,,,,,,,,,,,,,,,,,,,,,,,,,,,,,,,,,,,,,,,,,,,,,,,,,,,,,,,,,,,,,,,,,,,,,,,,,,,
0,15,28,"{'x': 670.7868378973527, 'y': 210.80228467080042, 'elapsedTime': 89067.39999997616}",936780532186,5238935057,POINT (0.3493681447382045 0.1951873006211115),,,,,,,,,,,,,,,,,,,,,,,,,,,,,,,,,,,,,,,,,,,,,,,,,,,,,,,,,,,,,,,,,,,,,,,,,,,,,,,,,,,,,,,,,,,,,,,,,,,,,
0,15,28,"{'x': 670.7868378973527, 'y': 210.80228467080042, 'elapsedTime': 89067.39999997616}",936780548854,5238951724,POINT (0.3493681447382045 0.1951873006211115),,,,,,,,,,,,,,,,,,,,,,,,,,,,,,,,,,,,,,,,,,,,,,,,,,,,,,,,,,,,,,,,,,,,,,,,,,,,,,,,,,,,,,,,,,,,,,,,,,,,,
0,15,28,"{'x': 670.7868378973527, 'y': 210.80228467080042, 'elapsedTime': 89067.39999997616}",936780565520,5238968390,POINT (0.3493681447382045 0.1951873006211115),,,,,,,,,,,,,,,,,,,,,,,,,,,,,,,,,,,,,,,,,,,,,,,,,,,,,,,,,,,,,,,,,,,,,,,,,,,,,,,,,,,,,,,,,,,,,,,,,,,,,
0,15,28,"{'x': 637.984384122081, 'y': 187.51343540991397, 'elapsedTime': 89114.10000002384}",936780582192,5238985061,POINT (0.3322835333969172 0.1736235513054759),,,,,,,,,,,,,,,,,,,1,,,,,,,,,,,,,,,,,,,,,,,,,,,,,,,,,,,,,,,,,,,,,,,,,,,,,,,,,,,,,,,,,,,,,,,,,,,,,,,,1,,
0,15,28,"{'x': 637.984384122081, 'y': 187.51343540991397, 'elapsedTime': 89114.10000002384}",936780598858,5239001727,POINT (0.3322835333969172 0.1736235513054759),,,,,,,,,,,,,,,,,,,1,,,,,,,,,,,,,,,,,,,,,,,,,,,,,,,,,,,,,,,,,,,,,,,,,,,,,,,,,,,,,,,,,,,,,,,,,,,,,,,,1,,
0,15,28,"{'x': 685.1077273449487, 'y': 199.21878014865638, 'elapsedTime': 89160.20000004768}",936780615527,5239018395,POINT (0.3568269413254941 0.1844618334709781),,,,,,,,,,,,,,,,,,,,,,,,,,,,,,,,,,,,,,,,,,,,,,,,,,,,,,,,,,,,,,,,,,,,,,,,,,,,,,,,,,,,,,,,,,,,,,,,,,,,,
0,15,28,"{'x': 685.1077273449487, 'y': 199.21878014865638, 'elapsedTime': 89160.20000004768}",936780632193,5239035061,POINT (0.3568269413254941 0.1844618334709781),,,,,,,,,,,,,,,,,,,,,,,,,,,,,,,,,,,,,,,,,,,,,,,,,,,,,,,,,,,,,,,,,,,,,,,,,,,,,,,,,,,,,,,,,,,,,,,,,,,,,
0,15,28,"{'x': 685.1077273449487, 'y': 199.21878014865638, 'elapsedTime': 89160.20000004768}",936780648860,5239051727,POINT (0.3568269413254941 0.1844618334709781),,,,,,,,,,,,,,,,,,,,,,,,,,,,,,,,,,,,,,,,,,,,,,,,,,,,,,,,,,,,,,,,,,,,,,,,,,,,,,,,,,,,,,,,,,,,,,,,,,,,,
0,15,28,"{'x': 719.1980244918507, 'y': 195.00333230784906, 'elapsedTime': 89207.80000007153}",936780665528,5239068395,POINT (0.3745823044228389 0.1805586410257862),,,,,,,,,,,,,,,,,,,,1,,,,,,,,,,,,,,,,,,,,,,,,,,,,,,,,,,,,,,,,,,,,,,,,,,,,,,,,,,,,,,,,,,,,,,,,,,,,,,,1,,
0,15,28,"{'x': 719.1980244918507, 'y': 195.00333230784906, 'elapsedTime': 89207.80000007153}",936780682195,5239085061,POINT (0.3745823044228389 0.1805586410257862),,,,,,,,,,,,,,,,,,,,1,,,,,,,,,,,,,,,,,,,,,,,,,,,,,,,,,,,,,,,,,,,,,,,,,,,,,,,,,,,,,,,,,,,,,,,,,,,,,,,1,,
0,15,28,"{'x': 719.1980244918507, 'y': 195.00333230784906, 'elapsedTime': 89207.80000007153}",936780698862,5239101728,POINT (0.3745823044228389 0.1805586410257862),,,,,,,,,,,,,,,,,,,,1,,,,,,,,,,,,,,,,,,,,,,,,,,,,,,,,,,,,,,,,,,,,,,,,,,,,,,,,,,,,,,,,,,,,,,,,,,,,,,,1,,
0,15,28,"{'x': 733.179495046249, 'y': 147.90603077483283, 'elapsedTime': 89252.5}",936780715537,5239118402,POINT (0.381864320336588 0.1369500284952156),,,,,,,,,,,,,,,,,,,,,,,,,,,,,,,,,,,,,,,,,,,,,,,,,,,,,,,,,,,,,,,,,,,,,,,,,,,,,,,,,,,,,,,,,,,,,,,,,,,,,
0,15,28,"{'x': 733.179495046249, 'y': 147.90603077483283, 'elapsedTime': 89252.5}",936780732203,5239135068,POINT (0.381864320336588 0.1369500284952156),,,,,,,,,,,,,,,,,,,,,,,,,,,,,,,,,,,,,,,,,,,,,,,,,,,,,,,,,,,,,,,,,,,,,,,,,,,,,,,,,,,,,,,,,,,,,,,,,,,,,
0,15,28,"{'x': 733.179495046249, 'y': 147.90603077483283, 'elapsedTime': 89252.5}",936780748870,5239151735,POINT (0.381864320336588 0.1369500284952156),,,,,,,,,,,,,,,,,,,,,,,,,,,,,,,,,,,,,,,,,,,,,,,,,,,,,,,,,,,,,,,,,,,,,,,,,,,,,,,,,,,,,,,,,,,,,,,,,,,,,
0,15,28,"{'x': 709.436474384975, 'y': 151.7511328359417, 'elapsedTime': 89298.5}",936780765537,5239168401,POINT (0.3694981637421745 0.1405103081814275),,,,,,,,,,,,,,,,,,,,,,,,,,,,,,,,,,,,,,,,,,,,,,,,,,,,,,,,,,,,,,,,,,,,,,,,,,,,,,,,,,,,,,,,,,,,,,,,,,,1,,
0,15,28,"{'x': 709.436474384975, 'y': 151.7511328359417, 'elapsedTime': 89298.5}",936780782204,5239185068,POINT (0.3694981637421745 0.1405103081814275),,,,,,,,,,,,,,,,,,,,,,,,,,,,,,,,,,,,,,,,,,,,,,,,,,,,,,,,,,,,,,,,,,,,,,,,,,,,,,,,,,,,,,,,,,,,,,,,,,,1,,
0,15,28,"{'x': 742.8880918288171, 'y': 130.21131920015534, 'elapsedTime': 89344}",936780798872,5239201735,POINT (0.3869208811608422 0.1205660362964401),,,,,,,,,,,,,,,,,,,,,,,,,,,,,,,,,,,,,,,,,,,,,,,,,,,,,,,,,,,,,,,,,,,,,,,,,,,,,,,,,,,,,,,,,,,,,,,,,,,,,
0,15,28,"{'x': 742.8880918288171, 'y': 130.21131920015534, 'elapsedTime': 89344}",936780815538,5239218401,POINT (0.3869208811608422 0.1205660362964401),,,,,,,,,,,,,,,,,,,,,,,,,,,,,,,,,,,,,,,,,,,,,,,,,,,,,,,,,,,,,,,,,,,,,,,,,,,,,,,,,,,,,,,,,,,,,,,,,,,,,
0,15,28,"{'x': 742.8880918288171, 'y': 130.21131920015534, 'elapsedTime': 89344}",936780832206,5239235068,POINT (0.3869208811608422 0.1205660362964401),,,,,,,,,,,,,,,,,,,,,,,,,,,,,,,,,,,,,,,,,,,,,,,,,,,,,,,,,,,,,,,,,,,,,,,,,,,,,,,,,,,,,,,,,,,,,,,,,,,,,
0,15,28,"{'x': 733.2998660624971, 'y': 108.7423234422691, 'elapsedTime': 89389.10000002384}",936780848877,5239251739,POINT (0.3819270135742173 0.1006873365206195),,,,,,,,,,,,,,,,,,,,,,,,,,,,,,,,,,,,,,,,,,,,,,,,,,,,,,,,,,,,,,,,,,,,,,,,,,,,,,,,,,,,,,,,,,,,,,,,,,,,,
0,15,28,"{'x': 733.2998660624971, 'y': 108.7423234422691, 'elapsedTime': 89389.10000002384}",936780865544,5239268405,POINT (0.3819270135742173 0.1006873365206195),,,,,,,,,,,,,,,,,,,,,,,,,,,,,,,,,,,,,,,,,,,,,,,,,,,,,,,,,,,,,,,,,,,,,,,,,,,,,,,,,,,,,,,,,,,,,,,,,,,,,
0,15,28,"{'x': 733.2998660624971, 'y': 108.7423234422691, 'elapsedTime': 89389.10000002384}",936780882211,5239285072,POINT (0.3819270135742173 0.1006873365206195),,,,,,,,,,,,,,,,,,,,,,,,,,,,,,,,,,,,,,,,,,,,,,,,,,,,,,,,,,,,,,,,,,,,,,,,,,,,,,,,,,,,,,,,,,,,,,,,,,,,,
0,15,28,"{'x': 677.4331545180734, 'y': 93.45887976793531, 'elapsedTime': 89433.30000007153}",936780898878,5239301738,POINT (0.3528297679781632 0.0865359997851253),,,,,,,,,,,,,,,,,,,,,,,,,,,,,,,,,,,,,,,,,,,,,,,,,,,,,,,,,,,,,,,,,,,,,,,,,,,,,,,,,,,,,,,,,,,,,,,,,,,,,
0,15,28,"{'x': 677.4331545180734, 'y': 93.45887976793531, 'elapsedTime': 89433.30000007153}",936780915545,5239318405,POINT (0.3528297679781632 0.0865359997851253),,,,,,,,,,,,,,,,,,,,,,,,,,,,,,,,,,,,,,,,,,,,,,,,,,,,,,,,,,,,,,,,,,,,,,,,,,,,,,,,,,,,,,,,,,,,,,,,,,,,,
0,15,28,"{'x': 762.6118163455105, 'y': 87.93175396826425, 'elapsedTime': 89477.80000007153}",936780932213,5239335072,POINT (0.3971936543466201 0.0814182907113558),,,,,,,,,,,,,,,,,,,,,,,,,,,,,,,,,,,,,,,,,,,,,,,,,,,,,,,,,,,,,,,,,,,,,,,,,,,,,,,,,,,,,,,,,,,,,,,,,,,,,
0,15,28,"{'x': 762.6118163455105, 'y': 87.93175396826425, 'elapsedTime': 89477.80000007153}",936780948879,5239351738,POINT (0.3971936543466201 0.0814182907113558),,,,,,,,,,,,,,,,,,,,,,,,,,,,,,,,,,,,,,,,,,,,,,,,,,,,,,,,,,,,,,,,,,,,,,,,,,,,,,,,,,,,,,,,,,,,,,,,,,,,,
0,15,28,"{'x': 762.6118163455105, 'y': 87.93175396826425, 'elapsedTime': 89477.80000007153}",936780965550,5239368408,POINT (0.3971936543466201 0.0814182907113558),,,,,,,,,,,,,,,,,,,,,,,,,,,,,,,,,,,,,,,,,,,,,,,,,,,,,,,,,,,,,,,,,,,,,,,,,,,,,,,,,,,,,,,,,,,,,,,,,,,,,
0,15,28,"{'x': 788.9754501087846, 'y': -4.411447489219697, 'elapsedTime': 89525.30000007153}",936780982217,5239385075,POINT (0.4109247135983253 -0.0040846736011293),,,,,,,,,,,,,,,,,,,,,,,,,,,,,,,,,,,,,,,,,,,,,,,,,,,,,,,,,,,,,,,,,,,,,,,,,,,,,,,,,,,,,,,,,,,,,,,,,,,,,
0,15,28,"{'x': 788.9754501087846, 'y': -4.411447489219697, 'elapsedTime': 89525.30000007153}",936780998885,5239401742,POINT (0.4109247135983253 -0.0040846736011293),,,,,,,,,,,,,,,,,,,,,,,,,,,,,,,,,,,,,,,,,,,,,,,,,,,,,,,,,,,,,,,,,,,,,,,,,,,,,,,,,,,,,,,,,,,,,,,,,,,,,
0,15,28,"{'x': 788.9754501087846, 'y': -4.411447489219697, 'elapsedTime': 89525.30000007153}",936781015551,5239418408,POINT (0.4109247135983253 -0.0040846736011293),,,,,,,,,,,,,,,,,,,,,,,,,,,,,,,,,,,,,,,,,,,,,,,,,,,,,,,,,,,,,,,,,,,,,,,,,,,,,,,,,,,,,,,,,,,,,,,,,,,,,
0,15,28,"{'x': 917.8162578770773, 'y': -87.3558263599099, 'elapsedTime': 89570.70000004768}",936781032218,5239435075,POINT (0.4780293009776445 -0.080885024407324),,,,,,,,,,,,,,,,,,,,,,,,,,,,,,,,,,,,,,,,,,,,,,,,,,,,,,,,,,,,,,,,,,,,,,,,,,,,,,,,,,,,,,,,,,,,,,,,,,,,,
0,15,28,"{'x': 917.8162578770773, 'y': -87.3558263599099, 'elapsedTime': 89570.70000004768}",936781048886,5239451742,POINT (0.4780293009776445 -0.080885024407324),,,,,,,,,,,,,,,,,,,,,,,,,,,,,,,,,,,,,,,,,,,,,,,,,,,,,,,,,,,,,,,,,,,,,,,,,,,,,,,,,,,,,,,,,,,,,,,,,,,,,
0,15,28,"{'x': 917.8162578770773, 'y': -87.3558263599099, 'elapsedTime': 89570.70000004768}",936781065552,5239468408,POINT (0.4780293009776445 -0.080885024407324),,,,,,,,,,,,,,,,,,,,,,,,,,,,,,,,,,,,,,,,,,,,,,,,,,,,,,,,,,,,,,,,,,,,,,,,,,,,,,,,,,,,,,,,,,,,,,,,,,,,,
0,15,28,"{'x': 920.5539980515928, 'y': -83.13385551591969, 'elapsedTime': 89625.10000002384}",936781082219,5239485074,POINT (0.4794552073185379 -0.0769757921443701),,,,,,,,,,,,,,,,,,,,,,,,,,,,,,,,,,,,,,,,,,,,,,,,,,,,,,,,,,,,,,,,,,,,,,,,,,,,,,,,,,,,,,,,,,,,,,,,,,,,,
0,15,28,"{'x': 920.5539980515928, 'y': -83.13385551591969, 'elapsedTime': 89625.10000002384}",936781098890,5239501745,POINT (0.4794552073185379 -0.0769757921443701),,,,,,,,,,,,,,,,,,,,,,,,,,,,,,,,,,,,,,,,,,,,,,,,,,,,,,,,,,,,,,,,,,,,,,,,,,,,,,,,,,,,,,,,,,,,,,,,,,,,,
0,15,28,"{'x': 920.5539980515928, 'y': -83.13385551591969, 'elapsedTime': 89625.10000002384}",936781115557,5239518411,POINT (0.4794552073185379 -0.0769757921443701),,,,,,,,,,,,,,,,,,,,,,,,,,,,,,,,,,,,,,,,,,,,,,,,,,,,,,,,,,,,,,,,,,,,,,,,,,,,,,,,,,,,,,,,,,,,,,,,,,,,,
0,15,28,"{'x': 1070.4854989032015, 'y': -190.35915629507164, 'elapsedTime': 89672.30000007153}",936781132223,5239535077,POINT (0.5575445306787508 -0.1762584780509923),,,,,,,,,,,,,,,,,,,,,,,,,,,,,,,,,,,,,,,,,,,,,,,,,,,,,,,,,,,,,,,,,,,,,,,,,,,,,,,,,,,,,,,,,,,,,,,,,,,,,
0,15,28,"{'x': 1070.4854989032015, 'y': -190.35915629507164, 'elapsedTime': 89672.30000007153}",936781148892,5239551745,POINT (0.5575445306787508 -0.1762584780509923),,,,,,,,,,,,,,,,,,,,,,,,,,,,,,,,,,,,,,,,,,,,,,,,,,,,,,,,,,,,,,,,,,,,,,,,,,,,,,,,,,,,,,,,,,,,,,,,,,,,,
0,15,28,"{'x': 1244.343609023612, 'y': -151.05819596240775, 'elapsedTime': 89718.30000007153}",936781165558,5239568411,POINT (0.648095629699798 -0.1398686999651924),,,,,,,,,,,,,,,,,,,,,,,,,,,,,,,,,,,,,,,,,,,,,,,,,,,,,,,,,,,,,,,,,,,,,,,,,,,,,,,,,,,,,,,,,,,,,,,,,,,,,
0,15,28,"{'x': 1244.343609023612, 'y': -151.05819596240775, 'elapsedTime': 89718.30000007153}",936781182226,5239585078,POINT (0.648095629699798 -0.1398686999651924),,,,,,,,,,,,,,,,,,,,,,,,,,,,,,,,,,,,,,,,,,,,,,,,,,,,,,,,,,,,,,,,,,,,,,,,,,,,,,,,,,,,,,,,,,,,,,,,,,,,,
0,15,28,"{'x': 1244.343609023612, 'y': -151.05819596240775, 'elapsedTime': 89718.30000007153}",936781198892,5239601744,POINT (0.648095629699798 -0.1398686999651924),,,,,,,,,,,,,,,,,,,,,,,,,,,,,,,,,,,,,,,,,,,,,,,,,,,,,,,,,,,,,,,,,,,,,,,,,,,,,,,,,,,,,,,,,,,,,,,,,,,,,
0,15,28,"{'x': 1300.7730207151417, 'y': -107.76189866448092, 'elapsedTime': 89763.20000004768}",936781215560,5239618411,POINT (0.6774859482891363 -0.0997795358004453),,,,,,,,,,,,,,,,,,,,,,,,,,,,,,,,,,,,,,,,,,,,,,,,,,,,,,,,,,,,,,,,,,,,,,,,,,,,,,,,,,,,,,,,,,,,,,,,,,,,,
0,15,28,"{'x': 1300.7730207151417, 'y': -107.76189866448092, 'elapsedTime': 89763.20000004768}",936781232235,5239635086,POINT (0.6774859482891363 -0.0997795358004453),,,,,,,,,,,,,,,,,,,,,,,,,,,,,,,,,,,,,,,,,,,,,,,,,,,,,,,,,,,,,,,,,,,,,,,,,,,,,,,,,,,,,,,,,,,,,,,,,,,,,
0,15,28,"{'x': 1300.7730207151417, 'y': -107.76189866448092, 'elapsedTime': 89763.20000004768}",936781248902,5239651752,POINT (0.6774859482891363 -0.0997795358004453),,,,,,,,,,,,,,,,,,,,,,,,,,,,,,,,,,,,,,,,,,,,,,,,,,,,,,,,,,,,,,,,,,,,,,,,,,,,,,,,,,,,,,,,,,,,,,,,,,,,,
0,15,28,"{'x': 1540.1333190787796, 'y': -85.1301929114683, 'elapsedTime': 89808.70000004768}",936781265569,5239668419,POINT (0.802152770353531 -0.078824252695804),,,,,,,,,,,,,,,,,,,,,,,,,,,,,,,,,,,,,,,,,,,,,,,,,,,,,,,,,,,,,,,,,,,,,,,,,,,,,,,,,,,,,,,,,,,,,,,,,,,,,
0,15,28,"{'x': 1540.1333190787796, 'y': -85.1301929114683, 'elapsedTime': 89808.70000004768}",936781282236,5239685085,POINT (0.802152770353531 -0.078824252695804),,,,,,,,,,,,,,,,,,,,,,,,,,,,,,,,,,,,,,,,,,,,,,,,,,,,,,,,,,,,,,,,,,,,,,,,,,,,,,,,,,,,,,,,,,,,,,,,,,,,,
0,15,28,"{'x': 1540.1333190787796, 'y': -85.1301929114683, 'elapsedTime': 89808.70000004768}",936781298903,5239701752,POINT (0.802152770353531 -0.078824252695804),,,,,,,,,,,,,,,,,,,,,,,,,,,,,,,,,,,,,,,,,,,,,,,,,,,,,,,,,,,,,,,,,,,,,,,,,,,,,,,,,,,,,,,,,,,,,,,,,,,,,
0,15,28,"{'x': 1421.816818926585, 'y': -99.02513695448957, 'elapsedTime': 89854.89999997616}",936781315571,5239718419,POINT (0.7405295931909297 -0.0916899416245274),,,,,,,,,,,,,,,,,,,,,,,,,,,,,,,,,,,,,,,,,,,,,,,,,,,,,,,,,,,,,,,,,,,,,,,,,,,,,,,,,,,,,,,,,,,,,,,,,,,,,
0,15,28,"{'x': 1421.816818926585, 'y': -99.02513695448957, 'elapsedTime': 89854.89999997616}",936781332237,5239735085,POINT (0.7405295931909297 -0.0916899416245274),,,,,,,,,,,,,,,,,,,,,,,,,,,,,,,,,,,,,,,,,,,,,,,,,,,,,,,,,,,,,,,,,,,,,,,,,,,,,,,,,,,,,,,,,,,,,,,,,,,,,
0,15,28,"{'x': 1421.816818926585, 'y': -99.02513695448957, 'elapsedTime': 89854.89999997616}",936781348904,5239751752,POINT (0.7405295931909297 -0.0916899416245274),,,,,,,,,,,,,,,,,,,,,,,,,,,,,,,,,,,,,,,,,,,,,,,,,,,,,,,,,,,,,,,,,,,,,,,,,,,,,,,,,,,,,,,,,,,,,,,,,,,,,
0,15,28,"{'x': 1334.5584112920883, 'y': -84.6719029094943, 'elapsedTime': 89901.60000002384}",936781365575,5239768422,POINT (0.6950825058812959 -0.0783999101013836),,,,,,,,,,,,,,,,,,,,,,,,,,,,,,,,,,,,,,,,,,,,,,,,,,,,,,,,,,,,,,,,,,,,,,,,,,,,,,,,,,,,,,,,,,,,,,,,,,,,,
0,15,28,"{'x': 1334.5584112920883, 'y': -84.6719029094943, 'elapsedTime': 89901.60000002384}",936781382241,5239785088,POINT (0.6950825058812959 -0.0783999101013836),,,,,,,,,,,,,,,,,,,,,,,,,,,,,,,,,,,,,,,,,,,,,,,,,,,,,,,,,,,,,,,,,,,,,,,,,,,,,,,,,,,,,,,,,,,,,,,,,,,,,
0,15,28,"{'x': 1268.5384595924654, 'y': -163.48131114598277, 'elapsedTime': 89949.10000002384}",936781398909,5239801755,POINT (0.6606971143710757 -0.1513715843944285),,,,,,,,,,,,,,,,,,,,,,,,,,,,,,,,,,,,,,,,,,,,,,,,,,,,,,,,,,,,,,,,,,,,,,,,,,,,,,,,,,,,,,,,,,,,,,,,,,,,,
0,15,28,"{'x': 1268.5384595924654, 'y': -163.48131114598277, 'elapsedTime': 89949.10000002384}",936781415576,5239818422,POINT (0.6606971143710757 -0.1513715843944285),,,,,,,,,,,,,,,,,,,,,,,,,,,,,,,,,,,,,,,,,,,,,,,,,,,,,,,,,,,,,,,,,,,,,,,,,,,,,,,,,,,,,,,,,,,,,,,,,,,,,
0,15,28,"{'x': 1268.5384595924654, 'y': -163.48131114598277, 'elapsedTime': 89949.10000002384}",936781432243,5239835088,POINT (0.6606971143710757 -0.1513715843944285),,,,,,,,,,,,,,,,,,,,,,,,,,,,,,,,,,,,,,,,,,,,,,,,,,,,,,,,,,,,,,,,,,,,,,,,,,,,,,,,,,,,,,,,,,,,,,,,,,,,,
0,15,28,"{'x': 1268.5384595924654, 'y': -163.48131114598277, 'elapsedTime': 89949.10000002384}",936781448910,5239851755,POINT (0.6606971143710757 -0.1513715843944285),,,,,,,,,,,,,,,,,,,,,,,,,,,,,,,,,,,,,,,,,,,,,,,,,,,,,,,,,,,,,,,,,,,,,,,,,,,,,,,,,,,,,,,,,,,,,,,,,,,,,
0,15,28,"{'x': 1245.5031875886846, 'y': -256.7277782327998, 'elapsedTime': 89994.20000004768}",936781465578,5239868422,POINT (0.6486995768691065 -0.2377109057711109),,,,,,,,,,,,,,,,,,,,,,,,,,,,,,,,,,,,,,,,,,,,,,,,,,,,,,,,,,,,,,,,,,,,,,,,,,,,,,,,,,,,,,,,,,,,,,,,,,,,,
0,15,28,"{'x': 1245.5031875886846, 'y': -256.7277782327998, 'elapsedTime': 89994.20000004768}",936781482244,5239885088,POINT (0.6486995768691065 -0.2377109057711109),,,,,,,,,,,,,,,,,,,,,,,,,,,,,,,,,,,,,,,,,,,,,,,,,,,,,,,,,,,,,,,,,,,,,,,,,,,,,,,,,,,,,,,,,,,,,,,,,,,,,
0,15,28,"{'x': 1285.3059057181345, 'y': -281.45446586857986, 'elapsedTime': 90040.30000007153}",936781498917,5239901760,POINT (0.669430159228195 -0.2606059869153517),,,,,,,,,,,,,,,,,,,,,,,,,,,,,,,,,,,,,,,,,,,,,,,,,,,,,,,,,,,,,,,,,,,,,,,,,,,,,,,,,,,,,,,,,,,,,,,,,,,,,
0,15,28,"{'x': 1285.3059057181345, 'y': -281.45446586857986, 'elapsedTime': 90040.30000007153}",936781515583,5239918426,POINT (0.669430159228195 -0.2606059869153517),,,,,,,,,,,,,,,,,,,,,,,,,,,,,,,,,,,,,,,,,,,,,,,,,,,,,,,,,,,,,,,,,,,,,,,,,,,,,,,,,,,,,,,,,,,,,,,,,,,,,
0,15,28,"{'x': 1285.3059057181345, 'y': -281.45446586857986, 'elapsedTime': 90040.30000007153}",936781532252,5239935094,POINT (0.669430159228195 -0.2606059869153517),,,,,,,,,,,,,,,,,,,,,,,,,,,,,,,,,,,,,,,,,,,,,,,,,,,,,,,,,,,,,,,,,,,,,,,,,,,,,,,,,,,,,,,,,,,,,,,,,,,,,
0,15,28,"{'x': 1289.4643788715596, 'y': -346.366309351889, 'elapsedTime': 90087.80000007153}",936781548919,5239951760,POINT (0.6715960306622706 -0.3207095456961935),,,,,,,,,,,,,,,,,,,,,,,,,,,,,,,,,,,,,,,,,,,,,,,,,,,,,,,,,,,,,,,,,,,,,,,,,,,,,,,,,,,,,,,,,,,,,,,,,,,,,
0,15,28,"{'x': 1289.4643788715596, 'y': -346.366309351889, 'elapsedTime': 90087.80000007153}",936781565586,5239968426,POINT (0.6715960306622706 -0.3207095456961935),,,,,,,,,,,,,,,,,,,,,,,,,,,,,,,,,,,,,,,,,,,,,,,,,,,,,,,,,,,,,,,,,,,,,,,,,,,,,,,,,,,,,,,,,,,,,,,,,,,,,
0,15,28,"{'x': 1289.4643788715596, 'y': -346.366309351889, 'elapsedTime': 90087.80000007153}",936781582254,5239985094,POINT (0.6715960306622706 -0.3207095456961935),,,,,,,,,,,,,,,,,,,,,,,,,,,,,,,,,,,,,,,,,,,,,,,,,,,,,,,,,,,,,,,,,,,,,,,,,,,,,,,,,,,,,,,,,,,,,,,,,,,,,
0,15,28,"{'x': 1311.281837905727, 'y': -359.39910468915014, 'elapsedTime': 90131.80000007153}",936781598921,5240001760,POINT (0.6829592905758994 -0.3327769487862501),,,,,,,,,,,,,,,,,,,,,,,,,,,,,,,,,,,,,,,,,,,,,,,,,,,,,,,,,,,,,,,,,,,,,,,,,,,,,,,,,,,,,,,,,,,,,,,,,,,,,
0,15,28,"{'x': 1311.281837905727, 'y': -359.39910468915014, 'elapsedTime': 90131.80000007153}",936781615588,5240018427,POINT (0.6829592905758994 -0.3327769487862501),,,,,,,,,,,,,,,,,,,,,,,,,,,,,,,,,,,,,,,,,,,,,,,,,,,,,,,,,,,,,,,,,,,,,,,,,,,,,,,,,,,,,,,,,,,,,,,,,,,,,
0,15,28,"{'x': 1311.281837905727, 'y': -359.39910468915014, 'elapsedTime': 90131.80000007153}",936781632261,5240035098,POINT (0.6829592905758994 -0.3327769487862501),,,,,,,,,,,,,,,,,,,,,,,,,,,,,,,,,,,,,,,,,,,,,,,,,,,,,,,,,,,,,,,,,,,,,,,,,,,,,,,,,,,,,,,,,,,,,,,,,,,,,
0,15,28,"{'x': 1369.5233655305592, 'y': -359.63971190471045, 'elapsedTime': 90178.60000002384}",936781648928,5240051765,POINT (0.7132934195471663 -0.3329997332451023),,,,,,,,,,,,,,,,,,,,,,,,,,,,,,,,,,,,,,,,,,,,,,,,,,,,,,,,,,,,,,,,,,,,,,,,,,,,,,,,,,,,,,,,,,,,,,,,,,,,,
0,15,28,"{'x': 1369.5233655305592, 'y': -359.63971190471045, 'elapsedTime': 90178.60000002384}",936781665595,5240068432,POINT (0.7132934195471663 -0.3329997332451023),,,,,,,,,,,,,,,,,,,,,,,,,,,,,,,,,,,,,,,,,,,,,,,,,,,,,,,,,,,,,,,,,,,,,,,,,,,,,,,,,,,,,,,,,,,,,,,,,,,,,
0,15,28,"{'x': 1369.5233655305592, 'y': -359.63971190471045, 'elapsedTime': 90178.60000002384}",936781682262,5240085098,POINT (0.7132934195471663 -0.3329997332451023),,,,,,,,,,,,,,,,,,,,,,,,,,,,,,,,,,,,,,,,,,,,,,,,,,,,,,,,,,,,,,,,,,,,,,,,,,,,,,,,,,,,,,,,,,,,,,,,,,,,,
0,15,28,"{'x': 1401.8149314869272, 'y': -375.5291966545552, 'elapsedTime': 90231.39999997616}",936781698930,5240101765,POINT (0.7301119434827746 -0.3477122191245882),,,,,,,,,,,,,,,,,,,,,,,,,,,,,,,,,,,,,,,,,,,,,,,,,,,,,,,,,,,,,,,,,,,,,,,,,,,,,,,,,,,,,,,,,,,,,,,,,,,,,
0,15,28,"{'x': 1401.8149314869272, 'y': -375.5291966545552, 'elapsedTime': 90231.39999997616}",936781715598,5240118432,POINT (0.7301119434827746 -0.3477122191245882),,,,,,,,,,,,,,,,,,,,,,,,,,,,,,,,,,,,,,,,,,,,,,,,,,,,,,,,,,,,,,,,,,,,,,,,,,,,,,,,,,,,,,,,,,,,,,,,,,,,,
0,15,28,"{'x': 1394.841378817251, 'y': -350.7962065881232, 'elapsedTime': 90279.60000002384}",936781732264,5240135098,POINT (0.7264798848006516 -0.3248113023964104),,,,,,,,,,,,,,,,,,,,,,,,,,,,,,,,,,,,,,,,,,,,,,,,,,,,,,,,,,,,,,,,,,,,,,,,,,,,,,,,,,,,,,,,,,,,,,,,,,,,,
0,15,28,"{'x': 1394.841378817251, 'y': -350.7962065881232, 'elapsedTime': 90279.60000002384}",936781748932,5240151765,POINT (0.7264798848006516 -0.3248113023964104),,,,,,,,,,,,,,,,,,,,,,,,,,,,,,,,,,,,,,,,,,,,,,,,,,,,,,,,,,,,,,,,,,,,,,,,,,,,,,,,,,,,,,,,,,,,,,,,,,,,,
0,15,28,"{'x': 1394.841378817251, 'y': -350.7962065881232, 'elapsedTime': 90279.60000002384}",936781765603,5240168436,POINT (0.7264798848006516 -0.3248113023964104),,,,,,,,,,,,,,,,,,,,,,,,,,,,,,,,,,,,,,,,,,,,,,,,,,,,,,,,,,,,,,,,,,,,,,,,,,,,,,,,,,,,,,,,,,,,,,,,,,,,,
0,15,28,"{'x': 1440.166832715545, 'y': -300.8629036063404, 'elapsedTime': 90324.60000002384}",936781782272,5240185103,POINT (0.7500868920393464 -0.2785767625984634),,,,,,,,,,,,,,,,,,,,,,,,,,,,,,,,,,,,,,,,,,,,,,,,,,,,,,,,,,,,,,,,,,,,,,,,,,,,,,,,,,,,,,,,,,,,,,,,,,,,,
0,15,28,"{'x': 1440.166832715545, 'y': -300.8629036063404, 'elapsedTime': 90324.60000002384}",936781798939,5240201770,POINT (0.7500868920393464 -0.2785767625984634),,,,,,,,,,,,,,,,,,,,,,,,,,,,,,,,,,,,,,,,,,,,,,,,,,,,,,,,,,,,,,,,,,,,,,,,,,,,,,,,,,,,,,,,,,,,,,,,,,,,,
0,15,28,"{'x': 1440.166832715545, 'y': -300.8629036063404, 'elapsedTime': 90324.60000002384}",936781815606,5240218436,POINT (0.7500868920393464 -0.2785767625984634),,,,,,,,,,,,,,,,,,,,,,,,,,,,,,,,,,,,,,,,,,,,,,,,,,,,,,,,,,,,,,,,,,,,,,,,,,,,,,,,,,,,,,,,,,,,,,,,,,,,,
0,15,28,"{'x': 1470.0125035008814, 'y': -293.4166458288493, 'elapsedTime': 90370.70000004768}",936781832274,5240235104,POINT (0.7656315122400424 -0.2716820794711568),,,,,,,,,,,,,,,,,,,,,,,,,,,,,,,,,,,,,,,,,,,,,,,,,,,,,,,,,,,,,,,,,,,,,,,,,,,,,,,,,,,,,,,,,,,,,,,,,,,,,
0,15,28,"{'x': 1470.0125035008814, 'y': -293.4166458288493, 'elapsedTime': 90370.70000004768}",936781848941,5240251770,POINT (0.7656315122400424 -0.2716820794711568),,,,,,,,,,,,,,,,,,,,,,,,,,,,,,,,,,,,,,,,,,,,,,,,,,,,,,,,,,,,,,,,,,,,,,,,,,,,,,,,,,,,,,,,,,,,,,,,,,,,,
0,15,28,"{'x': 1470.0125035008814, 'y': -293.4166458288493, 'elapsedTime': 90370.70000004768}",936781865609,5240268437,POINT (0.7656315122400424 -0.2716820794711568),,,,,,,,,,,,,,,,,,,,,,,,,,,,,,,,,,,,,,,,,,,,,,,,,,,,,,,,,,,,,,,,,,,,,,,,,,,,,,,,,,,,,,,,,,,,,,,,,,,,,
0,15,28,"{'x': 1451.9699819611471, 'y': -222.45617252372574, 'elapsedTime': 90416.30000007153}",936781882280,5240285107,POINT (0.7562343656047641 -0.2059779375219683),,,,,,,,,,,,,,,,,,,,,,,,,,,,,,,,,,,,,,,,,,,,,,,,,,,,,,,,,,,,,,,,,,,,,,,,,,,,,,,,,,,,,,,,,,,,,,,,,,,,,
0,15,28,"{'x': 1451.9699819611471, 'y': -222.45617252372574, 'elapsedTime': 90416.30000007153}",936781898947,5240301774,POINT (0.7562343656047641 -0.2059779375219683),,,,,,,,,,,,,,,,,,,,,,,,,,,,,,,,,,,,,,,,,,,,,,,,,,,,,,,,,,,,,,,,,,,,,,,,,,,,,,,,,,,,,,,,,,,,,,,,,,,,,
0,15,28,"{'x': 1525.8004838716813, 'y': -256.09122000294764, 'elapsedTime': 90461.30000007153}",936781915615,5240318441,POINT (0.7946877520165007 -0.2371215000027293),,,,,,,,,,,,,,,,,,,,,,,,,,,,,,,,,,,,,,,,,,,,,,,,,,,,,,,,,,,,,,,,,,,,,,,,,,,,,,,,,,,,,,,,,,,,,,,,,,,,,
0,15,28,"{'x': 1525.8004838716813, 'y': -256.09122000294764, 'elapsedTime': 90461.30000007153}",936781932282,5240335107,POINT (0.7946877520165007 -0.2371215000027293),,,,,,,,,,,,,,,,,,,,,,,,,,,,,,,,,,,,,,,,,,,,,,,,,,,,,,,,,,,,,,,,,,,,,,,,,,,,,,,,,,,,,,,,,,,,,,,,,,,,,
0,15,28,"{'x': 1525.8004838716813, 'y': -256.09122000294764, 'elapsedTime': 90461.30000007153}",936781948950,5240351774,POINT (0.7946877520165007 -0.2371215000027293),,,,,,,,,,,,,,,,,,,,,,,,,,,,,,,,,,,,,,,,,,,,,,,,,,,,,,,,,,,,,,,,,,,,,,,,,,,,,,,,,,,,,,,,,,,,,,,,,,,,,
0,15,28,"{'x': 1627.145152282291, 'y': -288.3166522918232, 'elapsedTime': 90508}",936781965617,5240368441,POINT (0.8474714334803599 -0.2669598632331696),,,,,,,,,,,,,,,,,,,,,,,,,,,,,,,,,,,,,,,,,,,,,,,,,,,,,,,,,,,,,,,,,,,,,,,,,,,,,,,,,,,,,,,,,,,,,,,,,,,,,
0,15,28,"{'x': 1627.145152282291, 'y': -288.3166522918232, 'elapsedTime': 90508}",936781982283,5240385107,POINT (0.8474714334803599 -0.2669598632331696),,,,,,,,,,,,,,,,,,,,,,,,,,,,,,,,,,,,,,,,,,,,,,,,,,,,,,,,,,,,,,,,,,,,,,,,,,,,,,,,,,,,,,,,,,,,,,,,,,,,,
0,15,28,"{'x': 1627.145152282291, 'y': -288.3166522918232, 'elapsedTime': 90508}",936781998951,5240401774,POINT (0.8474714334803599 -0.2669598632331696),,,,,,,,,,,,,,,,,,,,,,,,,,,,,,,,,,,,,,,,,,,,,,,,,,,,,,,,,,,,,,,,,,,,,,,,,,,,,,,,,,,,,,,,,,,,,,,,,,,,,
0,15,28,"{'x': 1627.145152282291, 'y': -288.3166522918232, 'elapsedTime': 90508}",936782015622,5240418444,POINT (0.8474714334803599 -0.2669598632331696),,,,,,,,,,,,,,,,,,,,,,,,,,,,,,,,,,,,,,,,,,,,,,,,,,,,,,,,,,,,,,,,,,,,,,,,,,,,,,,,,,,,,,,,,,,,,,,,,,,,,
0,15,28,"{'x': 1512.234810357739, 'y': -364.2005732044128, 'elapsedTime': 90554.30000007153}",936782032289,5240435110,POINT (0.7876222970613224 -0.3372227529670489),,,,,,,,,,,,,,,,,,,,,,,,,,,,,,,,,,,,,,,,,,,,,,,,,,,,,,,,,,,,,,,,,,,,,,,,,,,,,,,,,,,,,,,,,,,,,,,,,,,,,
0,15,28,"{'x': 1512.234810357739, 'y': -364.2005732044128, 'elapsedTime': 90554.30000007153}",936782048956,5240451777,POINT (0.7876222970613224 -0.3372227529670489),,,,,,,,,,,,,,,,,,,,,,,,,,,,,,,,,,,,,,,,,,,,,,,,,,,,,,,,,,,,,,,,,,,,,,,,,,,,,,,,,,,,,,,,,,,,,,,,,,,,,
0,15,28,"{'x': 1512.234810357739, 'y': -364.2005732044128, 'elapsedTime': 90554.30000007153}",936782065623,5240468443,POINT (0.7876222970613224 -0.3372227529670489),,,,,,,,,,,,,,,,,,,,,,,,,,,,,,,,,,,,,,,,,,,,,,,,,,,,,,,,,,,,,,,,,,,,,,,,,,,,,,,,,,,,,,,,,,,,,,,,,,,,,
0,15,28,"{'x': 1215.885183554506, 'y': -118.33750964869387, 'elapsedTime': 90615.5}",936782082290,5240485110,POINT (0.6332735331013052 -0.1095717681932351),,,,,,,,,,,,,,,,,,,,,,,,,,,,,,,,,,,,,,,,,,,,,,,,,,,,,,,,,,,,,,,,,,,,,,,,,,,,,,,,,,,,,,,,,,,,,,,,,,,,,
0,15,28,"{'x': 1215.885183554506, 'y': -118.33750964869387, 'elapsedTime': 90615.5}",936782098959,5240501777,POINT (0.6332735331013052 -0.1095717681932351),,,,,,,,,,,,,,,,,,,,,,,,,,,,,,,,,,,,,,,,,,,,,,,,,,,,,,,,,,,,,,,,,,,,,,,,,,,,,,,,,,,,,,,,,,,,,,,,,,,,,
0,15,28,"{'x': 1215.885183554506, 'y': -118.33750964869387, 'elapsedTime': 90615.5}",936782115625,5240518443,POINT (0.6332735331013052 -0.1095717681932351),,,,,,,,,,,,,,,,,,,,,,,,,,,,,,,,,,,,,,,,,,,,,,,,,,,,,,,,,,,,,,,,,,,,,,,,,,,,,,,,,,,,,,,,,,,,,,,,,,,,,
0,15,28,"{'x': 1038.7684061555278, 'y': 158.31520364961276, 'elapsedTime': 90661.30000007153}",936782132293,5240535110,POINT (0.5410252115393374 0.1465881515274192),,,,,,,,,,,,,,,,,,,,,,,,,,,,,,,,,,,,,,,,,,,,,,,,,,,,,,,,,,,,,,,,,,,,,,,,,,,,,,,,,,,,,,,,,,,,,,,,,,,1,,
0,15,28,"{'x': 1038.7684061555278, 'y': 158.31520364961276, 'elapsedTime': 90661.30000007153}",936782148965,5240551782,POINT (0.5410252115393374 0.1465881515274192),,,,,,,,,,,,,,,,,,,,,,,,,,,,,,,,,,,,,,,,,,,,,,,,,,,,,,,,,,,,,,,,,,,,,,,,,,,,,,,,,,,,,,,,,,,,,,,,,,,1,,
0,15,28,"{'x': 720.415758439025, 'y': 417.20133888001754, 'elapsedTime': 90708.5}",936782165634,5240568450,POINT (0.3752165408536588 0.3862975360000163),,,,,,,,,,,,,,,,,,,,,,,,,,,,,,,,,,,,,,,,,,,,,,,,,,,,,,,,,,,,,,,,,,,,,,,,,,,,,,,,,,,,,,,,,,,,,,,,,,,,,
0,15,28,"{'x': 720.415758439025, 'y': 417.20133888001754, 'elapsedTime': 90708.5}",936782182301,5240585116,POINT (0.3752165408536588 0.3862975360000163),,,,,,,,,,,,,,,,,,,,,,,,,,,,,,,,,,,,,,,,,,,,,,,,,,,,,,,,,,,,,,,,,,,,,,,,,,,,,,,,,,,,,,,,,,,,,,,,,,,,,
0,15,28,"{'x': 720.415758439025, 'y': 417.20133888001754, 'elapsedTime': 90708.5}",936782198968,5240601782,POINT (0.3752165408536588 0.3862975360000163),,,,,,,,,,,,,,,,,,,,,,,,,,,,,,,,,,,,,,,,,,,,,,,,,,,,,,,,,,,,,,,,,,,,,,,,,,,,,,,,,,,,,,,,,,,,,,,,,,,,,
0,15,28,"{'x': 672.0668540374445, 'y': 511.19342936629107, 'elapsedTime': 90754.20000004768}",936782215635,5240618449,POINT (0.350034819811169 0.4733272494132324),,,,,,,,,,,,,,,,,,,,,,,,,,,,,,,,,,,,,,,,,,,,,,,,,,,,,,,,,,,,,,,,,,,,,,,,,,,,,,,,,,,,,,,,,,,,,,,,,,,,,
0,15,28,"{'x': 672.0668540374445, 'y': 511.19342936629107, 'elapsedTime': 90754.20000004768}",936782232303,5240635116,POINT (0.350034819811169 0.4733272494132324),,,,,,,,,,,,,,,,,,,,,,,,,,,,,,,,,,,,,,,,,,,,,,,,,,,,,,,,,,,,,,,,,,,,,,,,,,,,,,,,,,,,,,,,,,,,,,,,,,,,,
0,15,28,"{'x': 672.0668540374445, 'y': 511.19342936629107, 'elapsedTime': 90754.20000004768}",936782248971,5240651783,POINT (0.350034819811169 0.4733272494132324),,,,,,,,,,,,,,,,,,,,,,,,,,,,,,,,,,,,,,,,,,,,,,,,,,,,,,,,,,,,,,,,,,,,,,,,,,,,,,,,,,,,,,,,,,,,,,,,,,,,,
0,15,28,"{'x': 672.1438055191994, 'y': 540.9933820916467, 'elapsedTime': 90802.89999997616}",936782265639,5240668450,POINT (0.3500748987079164 0.5009197982330063),,,,,,,,,,,,,,,,,,,,,,,,,,,,,,,,,,,,,,,,,,,,,,,,,,,,,,,,,,,,,,,,,,,,,,,,,,,,,,,,,,,,,,,,,,,,,,,,,,,,1,
0,15,28,"{'x': 672.1438055191994, 'y': 540.9933820916467, 'elapsedTime': 90802.89999997616}",936782282310,5240685121,POINT (0.3500748987079164 0.5009197982330063),,,,,,,,,,,,,,,,,,,,,,,,,,,,,,,,,,,,,,,,,,,,,,,,,,,,,,,,,,,,,,,,,,,,,,,,,,,,,,,,,,,,,,,,,,,,,,,,,,,,1,
0,15,28,"{'x': 672.1438055191994, 'y': 540.9933820916467, 'elapsedTime': 90802.89999997616}",936782298976,5240701787,POINT (0.3500748987079164 0.5009197982330063),,,,,,,,,,,,,,,,,,,,,,,,,,,,,,,,,,,,,,,,,,,,,,,,,,,,,,,,,,,,,,,,,,,,,,,,,,,,,,,,,,,,,,,,,,,,,,,,,,,,1,
0,15,28,"{'x': 582.0048250791779, 'y': 542.1075731526217, 'elapsedTime': 90847.70000004768}",936782315644,5240718454,POINT (0.3031275130620718 0.5019514566227979),,,,,,,,,,,,,,,,,,,,,,,,,,,,,,,,,,,,,,,,,,,,,,,,,,,,,,,,,,,,,,,,,,,,,,,,,,,,,,,,,,,,,,,,,,,,,,,,,,,,,
0,15,28,"{'x': 582.0048250791779, 'y': 542.1075731526217, 'elapsedTime': 90847.70000004768}",936782332312,5240735121,POINT (0.3031275130620718 0.5019514566227979),,,,,,,,,,,,,,,,,,,,,,,,,,,,,,,,,,,,,,,,,,,,,,,,,,,,,,,,,,,,,,,,,,,,,,,,,,,,,,,,,,,,,,,,,,,,,,,,,,,,,
0,15,28,"{'x': 582.0048250791779, 'y': 542.1075731526217, 'elapsedTime': 90847.70000004768}",936782348980,5240751788,POINT (0.3031275130620718 0.5019514566227979),,,,,,,,,,,,,,,,,,,,,,,,,,,,,,,,,,,,,,,,,,,,,,,,,,,,,,,,,,,,,,,,,,,,,,,,,,,,,,,,,,,,,,,,,,,,,,,,,,,,,
0,15,28,"{'x': 409.5067837296647, 'y': 495.82026995274475, 'elapsedTime': 90898.70000004768}",936782365646,5240768454,POINT (0.2132847831925337 0.4590928425488378),,,,,,,,,,,,,,,,,,,,,,,,,,,,,,,,,,,,,,,,,,,,,,,,,,,,,,,,,,,,,,,,,,,,,,,,,,,,,,,,,,,,,,,,,,,,,,,,,,,,,
0,15,28,"{'x': 409.5067837296647, 'y': 495.82026995274475, 'elapsedTime': 90898.70000004768}",936782382314,5240785121,POINT (0.2132847831925337 0.4590928425488378),,,,,,,,,,,,,,,,,,,,,,,,,,,,,,,,,,,,,,,,,,,,,,,,,,,,,,,,,,,,,,,,,,,,,,,,,,,,,,,,,,,,,,,,,,,,,,,,,,,,,
0,15,28,"{'x': 409.5067837296647, 'y': 495.82026995274475, 'elapsedTime': 90898.70000004768}",936782398981,5240801787,POINT (0.2132847831925337 0.4590928425488378),,,,,,,,,,,,,,,,,,,,,,,,,,,,,,,,,,,,,,,,,,,,,,,,,,,,,,,,,,,,,,,,,,,,,,,,,,,,,,,,,,,,,,,,,,,,,,,,,,,,,
0,15,28,"{'x': 395.49331897432495, 'y': 491.49886680183056, 'elapsedTime': 90945.5}",936782415653,5240818458,POINT (0.2059861036324609 0.4550915433350283),,,,,,,,,,,,,,,,,,,,,,,,,,,,,,,,,,,,,,,,,,,,,,,,,,,,,,,,,,,,,,,,,,,,,,,,,,,,,,,,,,,,,,,,,,,,,,,,,,,,,
0,15,28,"{'x': 395.49331897432495, 'y': 491.49886680183056, 'elapsedTime': 90945.5}",936782432319,5240835124,POINT (0.2059861036324609 0.4550915433350283),,,,,,,,,,,,,,,,,,,,,,,,,,,,,,,,,,,,,,,,,,,,,,,,,,,,,,,,,,,,,,,,,,,,,,,,,,,,,,,,,,,,,,,,,,,,,,,,,,,,,
0,15,28,"{'x': 400.57293391001826, 'y': 434.5352753140148, 'elapsedTime': 90993.60000002384}",936782448987,5240851791,POINT (0.2086317364114678 0.4023474771426063),,,,,,,,,,,,,,,,,,,,,,,,,,,,,,,,,,,,,,,,,,,,,,,,,,,,,,,,,,,,,,,,,,,,,,,,,,,,,,,,,,,,,,,,,,,,,,,,,,,,,
0,15,28,"{'x': 400.57293391001826, 'y': 434.5352753140148, 'elapsedTime': 90993.60000002384}",936782465654,5240868457,POINT (0.2086317364114678 0.4023474771426063),,,,,,,,,,,,,,,,,,,,,,,,,,,,,,,,,,,,,,,,,,,,,,,,,,,,,,,,,,,,,,,,,,,,,,,,,,,,,,,,,,,,,,,,,,,,,,,,,,,,,
0,15,28,"{'x': 400.57293391001826, 'y': 434.5352753140148, 'elapsedTime': 90993.60000002384}",936782482322,5240885124,POINT (0.2086317364114678 0.4023474771426063),,,,,,,,,,,,,,,,,,,,,,,,,,,,,,,,,,,,,,,,,,,,,,,,,,,,,,,,,,,,,,,,,,,,,,,,,,,,,,,,,,,,,,,,,,,,,,,,,,,,,
0,15,28,"{'x': 419.0072486679038, 'y': 331.9592972277685, 'elapsedTime': 91040.30000007153}",936782498988,5240901790,POINT (0.2182329420145332 0.3073697196553412),,,,,,,,,,,,,,,,,,,,,,,,,,,,,,,,,,,,,,,,,,,,,,,,,,,,,,,,,,,,,,,,,,,,,,,,,,,,,,,,,,,,,,,,,,,,,,,,,,,,,
0,15,28,"{'x': 419.0072486679038, 'y': 331.9592972277685, 'elapsedTime': 91040.30000007153}",936782515656,5240918457,POINT (0.2182329420145332 0.3073697196553412),,,,,,,,,,,,,,,,,,,,,,,,,,,,,,,,,,,,,,,,,,,,,,,,,,,,,,,,,,,,,,,,,,,,,,,,,,,,,,,,,,,,,,,,,,,,,,,,,,,,,
0,15,28,"{'x': 419.0072486679038, 'y': 331.9592972277685, 'elapsedTime': 91040.30000007153}",936782532323,5240935124,POINT (0.2182329420145332 0.3073697196553412),,,,,,,,,,,,,,,,,,,,,,,,,,,,,,,,,,,,,,,,,,,,,,,,,,,,,,,,,,,,,,,,,,,,,,,,,,,,,,,,,,,,,,,,,,,,,,,,,,,,,
0,15,28,"{'x': 450.50375566595136, 'y': 343.0777069424792, 'elapsedTime': 91088.5}",936782548997,5240951797,POINT (0.234637372742683 0.3176645434652585),,,,,,,,,,,,,,,,,,,,,,,,,,,,,,,,,,,,,,,,,,,,,,,,,,,,,,,,,,,,,,,,,,,,,,,,,,,,,,,,,,,,,,,,,,,,,,,,,,,,,
0,15,28,"{'x': 450.50375566595136, 'y': 343.0777069424792, 'elapsedTime': 91088.5}",936782565664,5240968463,POINT (0.234637372742683 0.3176645434652585),,,,,,,,,,,,,,,,,,,,,,,,,,,,,,,,,,,,,,,,,,,,,,,,,,,,,,,,,,,,,,,,,,,,,,,,,,,,,,,,,,,,,,,,,,,,,,,,,,,,,
0,15,28,"{'x': 450.50375566595136, 'y': 343.0777069424792, 'elapsedTime': 91088.5}",936782582331,5240985130,POINT (0.234637372742683 0.3176645434652585),,,,,,,,,,,,,,,,,,,,,,,,,,,,,,,,,,,,,,,,,,,,,,,,,,,,,,,,,,,,,,,,,,,,,,,,,,,,,,,,,,,,,,,,,,,,,,,,,,,,,
0,15,28,"{'x': 389.85209771857274, 'y': 329.79755867699197, 'elapsedTime': 91135.70000004768}",936782598999,5241001797,POINT (0.2030479675617566 0.3053681098861037),,,,,,,,,,,,,,,,,,,,,,,,,,,,,,,,,,,,,,,,,,,,,,,,,,,,,,,,,,,,,,,,,,,,,,,,,,,,,,,,,,,,,,,,,,,,,,,,,,,,,
0,15,28,"{'x': 389.85209771857274, 'y': 329.79755867699197, 'elapsedTime': 91135.70000004768}",936782615665,5241018463,POINT (0.2030479675617566 0.3053681098861037),,,,,,,,,,,,,,,,,,,,,,,,,,,,,,,,,,,,,,,,,,,,,,,,,,,,,,,,,,,,,,,,,,,,,,,,,,,,,,,,,,,,,,,,,,,,,,,,,,,,,
0,15,28,"{'x': 389.85209771857274, 'y': 329.79755867699197, 'elapsedTime': 91135.70000004768}",936782632333,5241035130,POINT (0.2030479675617566 0.3053681098861037),,,,,,,,,,,,,,,,,,,,,,,,,,,,,,,,,,,,,,,,,,,,,,,,,,,,,,,,,,,,,,,,,,,,,,,,,,,,,,,,,,,,,,,,,,,,,,,,,,,,,
0,15,28,"{'x': 366.9398167076892, 'y': 289.72166750132095, 'elapsedTime': 91181.20000004768}",936782649001,5241051797,POINT (0.1911144878685881 0.2682608032419638),,,,,,,,,,,,,,,,,,,,,,,,,,,,,,,,,,,,,,,,,,,,,,,,,,,,,,,,,,,,,,,,,,,,,,,,,,,1,,,,,,,,,,,,,,,,,,,,,,,,,,
0,15,28,"{'x': 366.9398167076892, 'y': 289.72166750132095, 'elapsedTime': 91181.20000004768}",936782665668,5241068463,POINT (0.1911144878685881 0.2682608032419638),,,,,,,,,,,,,,,,,,,,,,,,,,,,,,,,,,,,,,,,,,,,,,,,,,,,,,,,,,,,,,,,,,,,,,,,,,,1,,,,,,,,,,,,,,,,,,,,,,,,,,
0,15,28,"{'x': 366.9398167076892, 'y': 289.72166750132095, 'elapsedTime': 91181.20000004768}",936782682341,5241085136,POINT (0.1911144878685881 0.2682608032419638),,,,,,,,,,,,,,,,,,,,,,,,,,,,,,,,,,,,,,,,,,,,,,,,,,,,,,,,,,,,,,,,,,,,,,,,,,,1,,,,,,,,,,,,,,,,,,,,,,,,,,
0,15,28,"{'x': 297.4024774493624, 'y': 293.72892086567776, 'elapsedTime': 91228.89999997616}",936782699008,5241101802,POINT (0.1548971236715429 0.2719712230237757),,,,,,,,,,,,,,,,,,,,,,,,,,,,,,,,,,,,,,,,,,,,,,,,,,,,,,,,,,,,,,,,,,,,,,,,,,,,,,,,,,,,,,,,,,,,,,,,,,,,,
0,15,28,"{'x': 297.4024774493624, 'y': 293.72892086567776, 'elapsedTime': 91228.89999997616}",936782715676,5241118469,POINT (0.1548971236715429 0.2719712230237757),,,,,,,,,,,,,,,,,,,,,,,,,,,,,,,,,,,,,,,,,,,,,,,,,,,,,,,,,,,,,,,,,,,,,,,,,,,,,,,,,,,,,,,,,,,,,,,,,,,,,
0,15,28,"{'x': 398.04244226069295, 'y': 287.0456475650179, 'elapsedTime': 91274.30000007153}",936782732343,5241135135,POINT (0.2073137720107776 0.2657830070046462),,,,,,,,,,,,,,,,,,,,,,,,,,,,,,,,,,,,,,,,,,,,,,,,,,,,,,,,,,,,,,,,,,,,,,,,,,,,,,,,,,,,,,,,,,,,,,,,,,,,,
0,15,28,"{'x': 398.04244226069295, 'y': 287.0456475650179, 'elapsedTime': 91274.30000007153}",936782749010,5241151802,POINT (0.2073137720107776 0.2657830070046462),,,,,,,,,,,,,,,,,,,,,,,,,,,,,,,,,,,,,,,,,,,,,,,,,,,,,,,,,,,,,,,,,,,,,,,,,,,,,,,,,,,,,,,,,,,,,,,,,,,,,
0,15,28,"{'x': 398.04244226069295, 'y': 287.0456475650179, 'elapsedTime': 91274.30000007153}",936782765678,5241168469,POINT (0.2073137720107776 0.2657830070046462),,,,,,,,,,,,,,,,,,,,,,,,,,,,,,,,,,,,,,,,,,,,,,,,,,,,,,,,,,,,,,,,,,,,,,,,,,,,,,,,,,,,,,,,,,,,,,,,,,,,,
0,15,28,"{'x': 362.21597313562125, 'y': 330.8626559586285, 'elapsedTime': 91321.60000002384}",936782782345,5241185135,POINT (0.1886541526748027 0.3063543110728042),,,,,,,,,,,,,,,,,,,,,,,,,,,,,,,,,,,,,,,,,,,,,,,,,,,,,,,,,,,,,,,,,,,,,,,,,,,,,,,,,,,,,,,,,,,,,,,,,,,,,
0,15,28,"{'x': 362.21597313562125, 'y': 330.8626559586285, 'elapsedTime': 91321.60000002384}",936782799014,5241201803,POINT (0.1886541526748027 0.3063543110728042),,,,,,,,,,,,,,,,,,,,,,,,,,,,,,,,,,,,,,,,,,,,,,,,,,,,,,,,,,,,,,,,,,,,,,,,,,,,,,,,,,,,,,,,,,,,,,,,,,,,,
0,15,28,"{'x': 362.21597313562125, 'y': 330.8626559586285, 'elapsedTime': 91321.60000002384}",936782815682,5241218471,POINT (0.1886541526748027 0.3063543110728042),,,,,,,,,,,,,,,,,,,,,,,,,,,,,,,,,,,,,,,,,,,,,,,,,,,,,,,,,,,,,,,,,,,,,,,,,,,,,,,,,,,,,,,,,,,,,,,,,,,,,
0,15,28,"{'x': 381.44164382158567, 'y': 282.40418342445247, 'elapsedTime': 91369.80000007153}",936782832350,5241235138,POINT (0.1986675228237425 0.2614853550226412),,,,,,,,,,,,,,,,,,,,,,,,,,,,,,,,,,,,,,,,,,,,,,,,,,,,,,,,,,,,,,,,,,,,,,,,,,,1,,,,,,,,,,,,,,,,,,,,,,,,,,
0,15,28,"{'x': 381.44164382158567, 'y': 282.40418342445247, 'elapsedTime': 91369.80000007153}",936782849017,5241251804,POINT (0.1986675228237425 0.2614853550226412),,,,,,,,,,,,,,,,,,,,,,,,,,,,,,,,,,,,,,,,,,,,,,,,,,,,,,,,,,,,,,,,,,,,,,,,,,,1,,,,,,,,,,,,,,,,,,,,,,,,,,
0,15,28,"{'x': 381.44164382158567, 'y': 282.40418342445247, 'elapsedTime': 91369.80000007153}",936782865684,5241268471,POINT (0.1986675228237425 0.2614853550226412),,,,,,,,,,,,,,,,,,,,,,,,,,,,,,,,,,,,,,,,,,,,,,,,,,,,,,,,,,,,,,,,,,,,,,,,,,,1,,,,,,,,,,,,,,,,,,,,,,,,,,
0,15,28,"{'x': 356.07860342615146, 'y': 308.1137268773355, 'elapsedTime': 91416.20000004768}",936782882352,5241285138,POINT (0.1854576059511205 0.2852904878493848),,,,,,,,,,,,,,,,,,,,,,,,,,,,,,,,,,,,,,,,,,,,,,,,,,,,,,,,,,,,,,,,,,,,,,,,,,,,,,,,,,,,,,,,,,,,,,,,,,,1,,
0,15,28,"{'x': 356.07860342615146, 'y': 308.1137268773355, 'elapsedTime': 91416.20000004768}",936782899019,5241301805,POINT (0.1854576059511205 0.2852904878493848),,,,,,,,,,,,,,,,,,,,,,,,,,,,,,,,,,,,,,,,,,,,,,,,,,,,,,,,,,,,,,,,,,,,,,,,,,,,,,,,,,,,,,,,,,,,,,,,,,,1,,
0,15,28,"{'x': 356.07860342615146, 'y': 308.1137268773355, 'elapsedTime': 91416.20000004768}",936782915686,5241318471,POINT (0.1854576059511205 0.2852904878493848),,,,,,,,,,,,,,,,,,,,,,,,,,,,,,,,,,,,,,,,,,,,,,,,,,,,,,,,,,,,,,,,,,,,,,,,,,,,,,,,,,,,,,,,,,,,,,,,,,,1,,
0,15,28,"{'x': 427.11531472131765, 'y': 293.35712542056865, 'elapsedTime': 91462.5}",936782932360,5241335144,POINT (0.2224558930840196 0.271626967982008),,,,,,,,,,,,,,,,,,,,,,,,,,,,,,,,,,,,,,,,,,,,,,,,,,,,,,,,,,,,,,,,,,,,,,,,,,,,1,,,,,,,,,,,,,,,,,,,,,,,,,
0,15,28,"{'x': 427.11531472131765, 'y': 293.35712542056865, 'elapsedTime': 91462.5}",936782949029,5241351812,POINT (0.2224558930840196 0.271626967982008),,,,,,,,,,,,,,,,,,,,,,,,,,,,,,,,,,,,,,,,,,,,,,,,,,,,,,,,,,,,,,,,,,,,,,,,,,,,1,,,,,,,,,,,,,,,,,,,,,,,,,
0,15,28,"{'x': 441.7658074622567, 'y': 252.88242902430554, 'elapsedTime': 91510}",936782965695,5241368478,POINT (0.2300863580532587 0.2341503972447274),,,,,,,,,,,,,,,,,,,,,,,,,,,,,,,,,,,,,,,,,,,,,,,,,,,,1,,,,,,,,,,,,,,,,,,,,,,,,,,,,,,,,,,,,,,,,,,,,,,,,1,
0,15,28,"{'x': 441.7658074622567, 'y': 252.88242902430554, 'elapsedTime': 91510}",936782982363,5241385145,POINT (0.2300863580532587 0.2341503972447274),,,,,,,,,,,,,,,,,,,,,,,,,,,,,,,,,,,,,,,,,,,,,,,,,,,,1,,,,,,,,,,,,,,,,,,,,,,,,,,,,,,,,,,,,,,,,,,,,,,,,1,
0,15,28,"{'x': 441.7658074622567, 'y': 252.88242902430554, 'elapsedTime': 91510}",936782999029,5241401811,POINT (0.2300863580532587 0.2341503972447274),,,,,,,,,,,,,,,,,,,,,,,,,,,,,,,,,,,,,,,,,,,,,,,,,,,,1,,,,,,,,,,,,,,,,,,,,,,,,,,,,,,,,,,,,,,,,,,,,,,,,1,
0,15,28,"{'x': 441.7658074622567, 'y': 252.88242902430554, 'elapsedTime': 91510}",936783015698,5241418478,POINT (0.2300863580532587 0.2341503972447274),,,,,,,,,,,,,,,,,,,,,,,,,,,,,,,,,,,,,,,,,,,,,,,,,,,,1,,,,,,,,,,,,,,,,,,,,,,,,,,,,,,,,,,,,,,,,,,,,,,,,1,
0,15,28,"{'x': 388.3717363700833, 'y': 357.5435143564706, 'elapsedTime': 91555.30000007153}",936783032365,5241435145,POINT (0.202276946026085 0.3310588095893246),,,,,,,,,,,,,,,,,,,,,,,,,,,,,,,,,,,,,,,,,,,,,,,,,,,,,,,,,,,,,,,,,,,,,,,,,,,,,,,,,,,,,,,,,,,,,,,,,,,,,
0,15,28,"{'x': 388.3717363700833, 'y': 357.5435143564706, 'elapsedTime': 91555.30000007153}",936783049032,5241451811,POINT (0.202276946026085 0.3310588095893246),,,,,,,,,,,,,,,,,,,,,,,,,,,,,,,,,,,,,,,,,,,,,,,,,,,,,,,,,,,,,,,,,,,,,,,,,,,,,,,,,,,,,,,,,,,,,,,,,,,,,
0,15,28,"{'x': 388.3717363700833, 'y': 357.5435143564706, 'elapsedTime': 91555.30000007153}",936783065702,5241468481,POINT (0.202276946026085 0.3310588095893246),,,,,,,,,,,,,,,,,,,,,,,,,,,,,,,,,,,,,,,,,,,,,,,,,,,,,,,,,,,,,,,,,,,,,,,,,,,,,,,,,,,,,,,,,,,,,,,,,,,,,
0,15,28,"{'x': 374.67719245634055, 'y': 359.07314311283267, 'elapsedTime': 91612.20000004768}",936783082370,5241485147,POINT (0.1951443710710107 0.3324751325118821),,,,,,,,,,,,,,,,,,,,,,,,,,,,,,,,,,,,,,,,,,,,,,,,,,,,,,,,,,,,,,,,,,,,,,,,,,,,,,,,,,,,,,,,,,,,,,,,,,,,,
0,15,28,"{'x': 374.67719245634055, 'y': 359.07314311283267, 'elapsedTime': 91612.20000004768}",936783099037,5241501814,POINT (0.1951443710710107 0.3324751325118821),,,,,,,,,,,,,,,,,,,,,,,,,,,,,,,,,,,,,,,,,,,,,,,,,,,,,,,,,,,,,,,,,,,,,,,,,,,,,,,,,,,,,,,,,,,,,,,,,,,,,
0,15,28,"{'x': 347.9562941445537, 'y': 414.4726125738301, 'elapsedTime': 91659.60000002384}",936783115705,5241518481,POINT (0.1812272365336217 0.3837709375683612),,,,,,,,,,,,,,,,,,,,,,,,,,,,,,,,,,,,,,,,,,,,,,,,,,,,,,,,,,,,,,,,,,,,,,,,,,,,,,,,,,,,,,,,,,,,,,,,,,,,,
0,15,28,"{'x': 347.9562941445537, 'y': 414.4726125738301, 'elapsedTime': 91659.60000002384}",936783132371,5241535147,POINT (0.1812272365336217 0.3837709375683612),,,,,,,,,,,,,,,,,,,,,,,,,,,,,,,,,,,,,,,,,,,,,,,,,,,,,,,,,,,,,,,,,,,,,,,,,,,,,,,,,,,,,,,,,,,,,,,,,,,,,
0,15,28,"{'x': 347.9562941445537, 'y': 414.4726125738301, 'elapsedTime': 91659.60000002384}",936783149039,5241551814,POINT (0.1812272365336217 0.3837709375683612),,,,,,,,,,,,,,,,,,,,,,,,,,,,,,,,,,,,,,,,,,,,,,,,,,,,,,,,,,,,,,,,,,,,,,,,,,,,,,,,,,,,,,,,,,,,,,,,,,,,,
0,15,28,"{'x': 336.65452936650416, 'y': 318.9914214260756, 'elapsedTime': 91705.70000004768}",936783165707,5241568481,POINT (0.1753409007117209 0.2953624272463663),,,,,,,,,,,,,,,,,,,,,,,,,,,,,,,,,,,,,,,,,,,,,,,,,,,,,,,,,,,,,,,,,,,,,,,,,,,,,,,,,,,,,,,,,,,,,,,,,,,1,,
0,15,28,"{'x': 336.65452936650416, 'y': 318.9914214260756, 'elapsedTime': 91705.70000004768}",936783182374,5241585147,POINT (0.1753409007117209 0.2953624272463663),,,,,,,,,,,,,,,,,,,,,,,,,,,,,,,,,,,,,,,,,,,,,,,,,,,,,,,,,,,,,,,,,,,,,,,,,,,,,,,,,,,,,,,,,,,,,,,,,,,1,,
0,15,28,"{'x': 336.65452936650416, 'y': 318.9914214260756, 'elapsedTime': 91705.70000004768}",936783199045,5241601818,POINT (0.1753409007117209 0.2953624272463663),,,,,,,,,,,,,,,,,,,,,,,,,,,,,,,,,,,,,,,,,,,,,,,,,,,,,,,,,,,,,,,,,,,,,,,,,,,,,,,,,,,,,,,,,,,,,,,,,,,1,,
0,15,28,"{'x': 322.24115889174215, 'y': 369.01272149963097, 'elapsedTime': 91751.10000002384}",936783215713,5241618485,POINT (0.1678339369227824 0.3416784458329916),,,,,,,,,,,,,,,,,,,,,,,,,,,,,,,,,,,,,,,,,,,,,,,,,,,,,,,,,,,,,,,,,,,,,,,,,,,,,,,,,,,,,,,,,,,,,,,,,,,,,
0,15,28,"{'x': 322.24115889174215, 'y': 369.01272149963097, 'elapsedTime': 91751.10000002384}",936783232383,5241635154,POINT (0.1678339369227824 0.3416784458329916),,,,,,,,,,,,,,,,,,,,,,,,,,,,,,,,,,,,,,,,,,,,,,,,,,,,,,,,,,,,,,,,,,,,,,,,,,,,,,,,,,,,,,,,,,,,,,,,,,,,,
0,15,28,"{'x': 310.3851520304474, 'y': 413.2191670599731, 'elapsedTime': 91797.20000004768}",936783249047,5241651818,POINT (0.1616589333491914 0.3826103398703454),,,,,,,,,,,,,,,,,,,,,,,,,,,,,,,,,,,,,,,,,,,,,,,,,,,,,,,,,,,,,,,,,,,,,,,,,,,,,,,,,,,,,,,,,,,,,,,,,,,,,
0,15,28,"{'x': 310.3851520304474, 'y': 413.2191670599731, 'elapsedTime': 91797.20000004768}",936783265714,5241668484,POINT (0.1616589333491914 0.3826103398703454),,,,,,,,,,,,,,,,,,,,,,,,,,,,,,,,,,,,,,,,,,,,,,,,,,,,,,,,,,,,,,,,,,,,,,,,,,,,,,,,,,,,,,,,,,,,,,,,,,,,,
0,15,28,"{'x': 310.3851520304474, 'y': 413.2191670599731, 'elapsedTime': 91797.20000004768}",936783282383,5241685152,POINT (0.1616589333491914 0.3826103398703454),,,,,,,,,,,,,,,,,,,,,,,,,,,,,,,,,,,,,,,,,,,,,,,,,,,,,,,,,,,,,,,,,,,,,,,,,,,,,,,,,,,,,,,,,,,,,,,,,,,,,
0,15,28,"{'x': 326.377730767588, 'y': 456.8529427251613, 'elapsedTime': 91841.60000002384}",936783299049,5241701818,POINT (0.1699884014414521 0.423011984004779),,,,,,,,,,,,,,,,,,,,,,,,,,,,,,,,,,,,,,,,,,,,,,,,,,,,,,,,,,,,,,,,,,,,,,,,,,,,,,,,,,,,,,,,,,,,,,,,,,,,,
0,15,28,"{'x': 326.377730767588, 'y': 456.8529427251613, 'elapsedTime': 91841.60000002384}",936783315716,5241718484,POINT (0.1699884014414521 0.423011984004779),,,,,,,,,,,,,,,,,,,,,,,,,,,,,,,,,,,,,,,,,,,,,,,,,,,,,,,,,,,,,,,,,,,,,,,,,,,,,,,,,,,,,,,,,,,,,,,,,,,,,
0,15,28,"{'x': 326.377730767588, 'y': 456.8529427251613, 'elapsedTime': 91841.60000002384}",936783332390,5241735157,POINT (0.1699884014414521 0.423011984004779),,,,,,,,,,,,,,,,,,,,,,,,,,,,,,,,,,,,,,,,,,,,,,,,,,,,,,,,,,,,,,,,,,,,,,,,,,,,,,,,,,,,,,,,,,,,,,,,,,,,,
0,15,28,"{'x': 430.1448528811465, 'y': 367.9783670635294, 'elapsedTime': 91887.70000004768}",936783349057,5241751824,POINT (0.2240337775422638 0.3407207102440087),,,,,,,,,,,,,,,,,,,,,,,,,,,,,,,,,,,,,,,,,,,,,,,,,,,,,,,,,,,,,,,,,,,,,,,,,,,,,,,,,,,,,,,,,,,,,,,,,,,,,
0,15,28,"{'x': 430.1448528811465, 'y': 367.9783670635294, 'elapsedTime': 91887.70000004768}",936783365725,5241768491,POINT (0.2240337775422638 0.3407207102440087),,,,,,,,,,,,,,,,,,,,,,,,,,,,,,,,,,,,,,,,,,,,,,,,,,,,,,,,,,,,,,,,,,,,,,,,,,,,,,,,,,,,,,,,,,,,,,,,,,,,,
0,15,28,"{'x': 430.1448528811465, 'y': 367.9783670635294, 'elapsedTime': 91887.70000004768}",936783382391,5241785157,POINT (0.2240337775422638 0.3407207102440087),,,,,,,,,,,,,,,,,,,,,,,,,,,,,,,,,,,,,,,,,,,,,,,,,,,,,,,,,,,,,,,,,,,,,,,,,,,,,,,,,,,,,,,,,,,,,,,,,,,,,
0,15,28,"{'x': 444.7193346593903, 'y': 403.5809621833531, 'elapsedTime': 91934.89999997616}",936783399060,5241801824,POINT (0.2316246534684324 0.3736860760956973),,,,,,,,,,,,,,,,,,,,,,,,,,,,,,,,,,,,,,,,,,,,,,,,,,,,,,,,,,,,,,,,,,,,,,,,,,,,,,,,,,,,,,,,,,,,,,,,,,,,,
0,15,28,"{'x': 444.7193346593903, 'y': 403.5809621833531, 'elapsedTime': 91934.89999997616}",936783415727,5241818491,POINT (0.2316246534684324 0.3736860760956973),,,,,,,,,,,,,,,,,,,,,,,,,,,,,,,,,,,,,,,,,,,,,,,,,,,,,,,,,,,,,,,,,,,,,,,,,,,,,,,,,,,,,,,,,,,,,,,,,,,,,
0,15,28,"{'x': 444.7193346593903, 'y': 403.5809621833531, 'elapsedTime': 91934.89999997616}",936783432394,5241835157,POINT (0.2316246534684324 0.3736860760956973),,,,,,,,,,,,,,,,,,,,,,,,,,,,,,,,,,,,,,,,,,,,,,,,,,,,,,,,,,,,,,,,,,,,,,,,,,,,,,,,,,,,,,,,,,,,,,,,,,,,,
0,15,28,"{'x': 545.6746255763026, 'y': 382.1663380800451, 'elapsedTime': 91980.80000007153}",936783449063,5241851826,POINT (0.2842055341543243 0.3538577204444862),,,,,,,,,,,,,,,,,,,,,,,,,,,,,,,,,,,,,,,,,,,,,,,,,,,,,,,,,,,,,,,,,,,,,,,,,,,,,,,,,,,,,,,,,,,,,,,,,,,,,
0,15,28,"{'x': 545.6746255763026, 'y': 382.1663380800451, 'elapsedTime': 91980.80000007153}",936783465735,5241868496,POINT (0.2842055341543243 0.3538577204444862),,,,,,,,,,,,,,,,,,,,,,,,,,,,,,,,,,,,,,,,,,,,,,,,,,,,,,,,,,,,,,,,,,,,,,,,,,,,,,,,,,,,,,,,,,,,,,,,,,,,,
0,15,28,"{'x': 497.4884819974438, 'y': 354.0980754178486, 'elapsedTime': 92026.39999997616}",936783482402,5241885163,POINT (0.2591085843736686 0.3278685883498598),,,,,,,,,,,,,,,,,,,,,,,,,,,,,,,,,,,,,,,,,,,,,,,,,,,,,,,,,,,,,,,,,,,,,,,,,,,,,,,,,,,,,,,,,,,,,,,,,,,,,
0,15,28,"{'x': 497.4884819974438, 'y': 354.0980754178486, 'elapsedTime': 92026.39999997616}",936783499068,5241901828,POINT (0.2591085843736686 0.3278685883498598),,,,,,,,,,,,,,,,,,,,,,,,,,,,,,,,,,,,,,,,,,,,,,,,,,,,,,,,,,,,,,,,,,,,,,,,,,,,,,,,,,,,,,,,,,,,,,,,,,,,,
0,15,28,"{'x': 497.4884819974438, 'y': 354.0980754178486, 'elapsedTime': 92026.39999997616}",936783515734,5241918494,POINT (0.2591085843736686 0.3278685883498598),,,,,,,,,,,,,,,,,,,,,,,,,,,,,,,,,,,,,,,,,,,,,,,,,,,,,,,,,,,,,,,,,,,,,,,,,,,,,,,,,,,,,,,,,,,,,,,,,,,,,
0,15,28,"{'x': 497.4884819974438, 'y': 354.0980754178486, 'elapsedTime': 92026.39999997616}",936783532403,5241935162,POINT (0.2591085843736686 0.3278685883498598),,,,,,,,,,,,,,,,,,,,,,,,,,,,,,,,,,,,,,,,,,,,,,,,,,,,,,,,,,,,,,,,,,,,,,,,,,,,,,,,,,,,,,,,,,,,,,,,,,,,,
0,15,28,"{'x': 484.2885516639581, 'y': 383.39550286400686, 'elapsedTime': 92076.10000002384}",936783549070,5241951828,POINT (0.2522336206583115 0.3549958359851915),,,,,,,,,,,,,,,,,,,,,,,,,,,,,,,,,,,,,,,,,,,,,,,,,,,,,,,,,,,,,,,,,,,,,,,,,,,,,,,,,,,,,,,,,,,,,,,,,,,,,
0,15,28,"{'x': 484.2885516639581, 'y': 383.39550286400686, 'elapsedTime': 92076.10000002384}",936783565736,5241968494,POINT (0.2522336206583115 0.3549958359851915),,,,,,,,,,,,,,,,,,,,,,,,,,,,,,,,,,,,,,,,,,,,,,,,,,,,,,,,,,,,,,,,,,,,,,,,,,,,,,,,,,,,,,,,,,,,,,,,,,,,,
0,15,28,"{'x': 484.2885516639581, 'y': 383.39550286400686, 'elapsedTime': 92076.10000002384}",936783582406,5241985163,POINT (0.2522336206583115 0.3549958359851915),,,,,,,,,,,,,,,,,,,,,,,,,,,,,,,,,,,,,,,,,,,,,,,,,,,,,,,,,,,,,,,,,,,,,,,,,,,,,,,,,,,,,,,,,,,,,,,,,,,,,
0,15,28,"{'x': 422.47378828117536, 'y': 453.8550129369145, 'elapsedTime': 92127.10000002384}",936783599077,5242001833,POINT (0.2200384313964455 0.4202361230897356),,,,,,,,,,,,,,,,,,,,,,,,,,,,,,,,,,,,,,,,,,,,,,,,,,,,,,,,,,,,,,,,,,,,,,,,,,,,,,,,,,,,,,,,,,,,,,,,,,,,,
0,15,28,"{'x': 422.47378828117536, 'y': 453.8550129369145, 'elapsedTime': 92127.10000002384}",936783615744,5242018500,POINT (0.2200384313964455 0.4202361230897356),,,,,,,,,,,,,,,,,,,,,,,,,,,,,,,,,,,,,,,,,,,,,,,,,,,,,,,,,,,,,,,,,,,,,,,,,,,,,,,,,,,,,,,,,,,,,,,,,,,,,
0,15,28,"{'x': 422.47378828117536, 'y': 453.8550129369145, 'elapsedTime': 92127.10000002384}",936783632411,5242035166,POINT (0.2200384313964455 0.4202361230897356),,,,,,,,,,,,,,,,,,,,,,,,,,,,,,,,,,,,,,,,,,,,,,,,,,,,,,,,,,,,,,,,,,,,,,,,,,,,,,,,,,,,,,,,,,,,,,,,,,,,,
0,15,28,"{'x': 410.3242017198019, 'y': 473.1828621204638, 'elapsedTime': 92185.20000004768}",936783649079,5242051833,POINT (0.2137105217290635 0.4381322797411702),,,,,,,,,,,,,,,,,,,,,,,,,,,,,,,,,,,,,,,,,,,,,,,,,,,,,,,,,,,,,,,,,,,,,,,,,,,,,,,,,,,,,,,,,,,,,,,,,,,,,
0,15,28,"{'x': 410.3242017198019, 'y': 473.1828621204638, 'elapsedTime': 92185.20000004768}",936783665746,5242068499,POINT (0.2137105217290635 0.4381322797411702),,,,,,,,,,,,,,,,,,,,,,,,,,,,,,,,,,,,,,,,,,,,,,,,,,,,,,,,,,,,,,,,,,,,,,,,,,,,,,,,,,,,,,,,,,,,,,,,,,,,,
0,15,28,"{'x': 410.3242017198019, 'y': 473.1828621204638, 'elapsedTime': 92185.20000004768}",936783682413,5242085166,POINT (0.2137105217290635 0.4381322797411702),,,,,,,,,,,,,,,,,,,,,,,,,,,,,,,,,,,,,,,,,,,,,,,,,,,,,,,,,,,,,,,,,,,,,,,,,,,,,,,,,,,,,,,,,,,,,,,,,,,,,
0,15,28,"{'x': 617.2031342815186, 'y': 377.74932225315655, 'elapsedTime': 92232.89999997616}",936783699081,5242101833,POINT (0.3214599657716243 0.3497678909751449),,,,,,,,,,,,,,,,,,,,,,,,,,,,,,,,,,,,,,,,,,,,,,,,,,,,,,,,,,,,,,,,,,,,,,,,,,,,,,,,,,,,,,,,,,,,,,,,,,,,,
0,15,28,"{'x': 617.2031342815186, 'y': 377.74932225315655, 'elapsedTime': 92232.89999997616}",936783715748,5242118499,POINT (0.3214599657716243 0.3497678909751449),,,,,,,,,,,,,,,,,,,,,,,,,,,,,,,,,,,,,,,,,,,,,,,,,,,,,,,,,,,,,,,,,,,,,,,,,,,,,,,,,,,,,,,,,,,,,,,,,,,,,
0,15,28,"{'x': 617.2031342815186, 'y': 377.74932225315655, 'elapsedTime': 92232.89999997616}",936783732422,5242135173,POINT (0.3214599657716243 0.3497678909751449),,,,,,,,,,,,,,,,,,,,,,,,,,,,,,,,,,,,,,,,,,,,,,,,,,,,,,,,,,,,,,,,,,,,,,,,,,,,,,,,,,,,,,,,,,,,,,,,,,,,,
0,15,28,"{'x': 457.41371069779007, 'y': 577.4990024910777, 'elapsedTime': 92279.39999997616}",936783749089,5242151839,POINT (0.238236307655099 0.5347212986028497),,,,,,,,,,,,,,,,,,,,,,,,,,,,,,,,,,,,,,,,,,,,,,,,,,,,,,,,,,,,,,,,,,,,,,,,,,,,,,,,,,,,,,,,,,,,,,,,,,,,,
0,15,28,"{'x': 457.41371069779007, 'y': 577.4990024910777, 'elapsedTime': 92279.39999997616}",936783765758,5242168507,POINT (0.238236307655099 0.5347212986028497),,,,,,,,,,,,,,,,,,,,,,,,,,,,,,,,,,,,,,,,,,,,,,,,,,,,,,,,,,,,,,,,,,,,,,,,,,,,,,,,,,,,,,,,,,,,,,,,,,,,,
0,15,28,"{'x': 457.41371069779007, 'y': 577.4990024910777, 'elapsedTime': 92279.39999997616}",936783782425,5242185173,POINT (0.238236307655099 0.5347212986028497),,,,,,,,,,,,,,,,,,,,,,,,,,,,,,,,,,,,,,,,,,,,,,,,,,,,,,,,,,,,,,,,,,,,,,,,,,,,,,,,,,,,,,,,,,,,,,,,,,,,,
0,15,28,"{'x': 420.2349764584783, 'y': 572.5243525306395, 'elapsedTime': 92325.70000004768}",936783799091,5242201839,POINT (0.2188723835721241 0.5301151412320736),,,,,,,,,,,,,,,,,,,,,,,,,,,,,,,,,,,,,,,,,,,,,,,,,,,,,,,,,,,,,,,,,,,,,,,,,,,,,,,,,,,,,,,,,,,,,,,,,,,,,
0,15,28,"{'x': 420.2349764584783, 'y': 572.5243525306395, 'elapsedTime': 92325.70000004768}",936783815759,5242218506,POINT (0.2188723835721241 0.5301151412320736),,,,,,,,,,,,,,,,,,,,,,,,,,,,,,,,,,,,,,,,,,,,,,,,,,,,,,,,,,,,,,,,,,,,,,,,,,,,,,,,,,,,,,,,,,,,,,,,,,,,,
0,15,28,"{'x': 420.2349764584783, 'y': 572.5243525306395, 'elapsedTime': 92325.70000004768}",936783832427,5242235173,POINT (0.2188723835721241 0.5301151412320736),,,,,,,,,,,,,,,,,,,,,,,,,,,,,,,,,,,,,,,,,,,,,,,,,,,,,,,,,,,,,,,,,,,,,,,,,,,,,,,,,,,,,,,,,,,,,,,,,,,,,
0,15,28,"{'x': 661.6364218252801, 'y': 514.1480002390771, 'elapsedTime': 92377.30000007153}",936783849098,5242251844,POINT (0.344602303034 0.4760629631843306),,,,,,,,,,,,,,,,,,,,,,,,,,,,,,,,,,,,,,,,,,,,,,,,,,,,,,,,,,,,,,,,,,,,,,,,,,,,,,,,,,,,,,,,,,,,,,,,,,,,,
0,15,28,"{'x': 661.6364218252801, 'y': 514.1480002390771, 'elapsedTime': 92377.30000007153}",936783865766,5242268511,POINT (0.344602303034 0.4760629631843306),,,,,,,,,,,,,,,,,,,,,,,,,,,,,,,,,,,,,,,,,,,,,,,,,,,,,,,,,,,,,,,,,,,,,,,,,,,,,,,,,,,,,,,,,,,,,,,,,,,,,
0,15,28,"{'x': 674.0796598713595, 'y': 541.009792322575, 'elapsedTime': 92429.10000002384}",936783882432,5242285177,POINT (0.3510831561829997 0.5009349928912731),,,,,,,,,,,,,,,,,,,,,,,,,,,,,,,,,,,,,,,,,,,,,,,,,,,,,,,,,,,,,,,,,,,,,,,,,,,,,,,,,,,,,,,,,,,,,,,,,,,,1,
0,15,28,"{'x': 674.0796598713595, 'y': 541.009792322575, 'elapsedTime': 92429.10000002384}",936783899100,5242301843,POINT (0.3510831561829997 0.5009349928912731),,,,,,,,,,,,,,,,,,,,,,,,,,,,,,,,,,,,,,,,,,,,,,,,,,,,,,,,,,,,,,,,,,,,,,,,,,,,,,,,,,,,,,,,,,,,,,,,,,,,1,
0,15,28,"{'x': 674.0796598713595, 'y': 541.009792322575, 'elapsedTime': 92429.10000002384}",936783915768,5242318511,POINT (0.3510831561829997 0.5009349928912731),,,,,,,,,,,,,,,,,,,,,,,,,,,,,,,,,,,,,,,,,,,,,,,,,,,,,,,,,,,,,,,,,,,,,,,,,,,,,,,,,,,,,,,,,,,,,,,,,,,,1,
0,15,28,"{'x': 643.6959374104699, 'y': 490.16565631982473, 'elapsedTime': 92474.70000004768}",936783932435,5242335177,POINT (0.3352583007346198 0.4538570891850229),,,,,,,,,,,,,,,,,,,,,,,,,,,,,,,,,,,,,,,,,,,,,,,,,,,,,,,,,,,,,,,,,,,,,,,,,,,,,,,,,,,,,,,,,,,,,,,,,,,,,
0,15,28,"{'x': 643.6959374104699, 'y': 490.16565631982473, 'elapsedTime': 92474.70000004768}",936783949102,5242351844,POINT (0.3352583007346198 0.4538570891850229),,,,,,,,,,,,,,,,,,,,,,,,,,,,,,,,,,,,,,,,,,,,,,,,,,,,,,,,,,,,,,,,,,,,,,,,,,,,,,,,,,,,,,,,,,,,,,,,,,,,,
0,15,28,"{'x': 633.7637677990763, 'y': 378.22452574785785, 'elapsedTime': 92522.89999997616}",936783965771,5242368511,POINT (0.3300852957286856 0.3502078942109795),,,,,,,,,,,,,,,,,,,,,,,,,,,,,,,,,,,,,,,,,,,,,,,,,,,,,,,,,,,,,,,,,,,,,,,,,,,,,,,,,,,,,,,,,,,,,,,,,,,,,
0,15,28,"{'x': 633.7637677990763, 'y': 378.22452574785785, 'elapsedTime': 92522.89999997616}",936783982438,5242385178,POINT (0.3300852957286856 0.3502078942109795),,,,,,,,,,,,,,,,,,,,,,,,,,,,,,,,,,,,,,,,,,,,,,,,,,,,,,,,,,,,,,,,,,,,,,,,,,,,,,,,,,,,,,,,,,,,,,,,,,,,,
0,15,28,"{'x': 633.7637677990763, 'y': 378.22452574785785, 'elapsedTime': 92522.89999997616}",936783999105,5242401845,POINT (0.3300852957286856 0.3502078942109795),,,,,,,,,,,,,,,,,,,,,,,,,,,,,,,,,,,,,,,,,,,,,,,,,,,,,,,,,,,,,,,,,,,,,,,,,,,,,,,,,,,,,,,,,,,,,,,,,,,,,
0,15,28,"{'x': 633.7637677990763, 'y': 378.22452574785785, 'elapsedTime': 92522.89999997616}",936784015772,5242418511,POINT (0.3300852957286856 0.3502078942109795),,,,,,,,,,,,,,,,,,,,,,,,,,,,,,,,,,,,,,,,,,,,,,,,,,,,,,,,,,,,,,,,,,,,,,,,,,,,,,,,,,,,,,,,,,,,,,,,,,,,,
0,15,28,"{'x': 633.7637677990763, 'y': 378.22452574785785, 'elapsedTime': 92522.89999997616}",936784032440,5242435178,POINT (0.3300852957286856 0.3502078942109795),,,,,,,,,,,,,,,,,,,,,,,,,,,,,,,,,,,,,,,,,,,,,,,,,,,,,,,,,,,,,,,,,,,,,,,,,,,,,,,,,,,,,,,,,,,,,,,,,,,,,
0,15,28,"{'x': 669.9603145327137, 'y': 308.0791105299035, 'elapsedTime': 92569}",936784049107,5242451844,POINT (0.3489376638191217 0.2852584356758366),,,,,,,,,,,,,,,,,,,,,,,,,,,,,,,,,,,,,,,,,,,,,,,,,,,,,,,,,,,,,,,,,,,,,,,,,,,,,,,,,,,,,,,,,,,,,,,,,,,1,1,
0,15,28,"{'x': 669.9603145327137, 'y': 308.0791105299035, 'elapsedTime': 92569}",936784065774,5242468511,POINT (0.3489376638191217 0.2852584356758366),,,,,,,,,,,,,,,,,,,,,,,,,,,,,,,,,,,,,,,,,,,,,,,,,,,,,,,,,,,,,,,,,,,,,,,,,,,,,,,,,,,,,,,,,,,,,,,,,,,1,1,
0,15,28,"{'x': 669.9603145327137, 'y': 308.0791105299035, 'elapsedTime': 92569}",936784082442,5242485178,POINT (0.3489376638191217 0.2852584356758366),,,,,,,,,,,,,,,,,,,,,,,,,,,,,,,,,,,,,,,,,,,,,,,,,,,,,,,,,,,,,,,,,,,,,,,,,,,,,,,,,,,,,,,,,,,,,,,,,,,1,1,
0,15,28,"{'x': 866.7898598576047, 'y': 197.6821257276526, 'elapsedTime': 92631.70000004768}",936784099109,5242501844,POINT (0.4514530520091691 0.183039005303382),,,,,,,,,,,,,,,,,,,,,,,,,,,,,,,,,,,,,,,,,,,,,,,,,,,,,,,,,,,,,,,,,,,,,,,,,,,,,,,,,,,,,,,,,,,,,,,,,,,1,,
0,15,28,"{'x': 866.7898598576047, 'y': 197.6821257276526, 'elapsedTime': 92631.70000004768}",936784115784,5242518518,POINT (0.4514530520091691 0.183039005303382),,,,,,,,,,,,,,,,,,,,,,,,,,,,,,,,,,,,,,,,,,,,,,,,,,,,,,,,,,,,,,,,,,,,,,,,,,,,,,,,,,,,,,,,,,,,,,,,,,,1,,
0,15,28,"{'x': 866.7898598576047, 'y': 197.6821257276526, 'elapsedTime': 92631.70000004768}",936784132451,5242535185,POINT (0.4514530520091691 0.183039005303382),,,,,,,,,,,,,,,,,,,,,,,,,,,,,,,,,,,,,,,,,,,,,,,,,,,,,,,,,,,,,,,,,,,,,,,,,,,,,,,,,,,,,,,,,,,,,,,,,,,1,,
0,15,28,"{'x': 1078.373343588854, 'y': 10.30889496721349, 'elapsedTime': 92677.80000007153}",936784149119,5242551852,POINT (0.5616527831191948 0.0095452731177903),,,,,,,,,,,,,,,,,,,,,,,,,,,,,,,,,,,,,,,,,,,,,,,,,,,,,,,,,,,,,,,,,,,,,,,,,,,,,,,,,,,,,,,,,,,,,,,,,,,,,
0,15,28,"{'x': 1078.373343588854, 'y': 10.30889496721349, 'elapsedTime': 92677.80000007153}",936784165787,5242568520,POINT (0.5616527831191948 0.0095452731177903),,,,,,,,,,,,,,,,,,,,,,,,,,,,,,,,,,,,,,,,,,,,,,,,,,,,,,,,,,,,,,,,,,,,,,,,,,,,,,,,,,,,,,,,,,,,,,,,,,,,,
0,15,28,"{'x': 1328.7919767120077, 'y': -36.86642017205287, 'elapsedTime': 92724.30000007153}",936784182453,5242585185,POINT (0.692079154537504 -0.0341355742333823),,,,,,,,,,,,,,,,,,,,,,,,,,,,,,,,,,,,,,,,,,,,,,,,,,,,,,,,,,,,,,,,,,,,,,,,,,,,,,,,,,,,,,,,,,,,,,,,,,,,,
0,15,28,"{'x': 1328.7919767120077, 'y': -36.86642017205287, 'elapsedTime': 92724.30000007153}",936784199120,5242601851,POINT (0.692079154537504 -0.0341355742333823),,,,,,,,,,,,,,,,,,,,,,,,,,,,,,,,,,,,,,,,,,,,,,,,,,,,,,,,,,,,,,,,,,,,,,,,,,,,,,,,,,,,,,,,,,,,,,,,,,,,,
0,15,28,"{'x': 1328.7919767120077, 'y': -36.86642017205287, 'elapsedTime': 92724.30000007153}",936784215788,5242618518,POINT (0.692079154537504 -0.0341355742333823),,,,,,,,,,,,,,,,,,,,,,,,,,,,,,,,,,,,,,,,,,,,,,,,,,,,,,,,,,,,,,,,,,,,,,,,,,,,,,,,,,,,,,,,,,,,,,,,,,,,,
0,15,28,"{'x': 1409.4516667444436, 'y': -92.11539992054158, 'elapsedTime': 92770.60000002384}",936784232455,5242635185,POINT (0.7340894097627311 -0.0852920369634644),,,,,,,,,,,,,,,,,,,,,,,,,,,,,,,,,,,,,,,,,,,,,,,,,,,,,,,,,,,,,,,,,,,,,,,,,,,,,,,,,,,,,,,,,,,,,,,,,,,,,
0,15,28,"{'x': 1409.4516667444436, 'y': -92.11539992054158, 'elapsedTime': 92770.60000002384}",936784249127,5242651856,POINT (0.7340894097627311 -0.0852920369634644),,,,,,,,,,,,,,,,,,,,,,,,,,,,,,,,,,,,,,,,,,,,,,,,,,,,,,,,,,,,,,,,,,,,,,,,,,,,,,,,,,,,,,,,,,,,,,,,,,,,,
0,15,28,"{'x': 1409.4516667444436, 'y': -92.11539992054158, 'elapsedTime': 92770.60000002384}",936784265793,5242668522,POINT (0.7340894097627311 -0.0852920369634644),,,,,,,,,,,,,,,,,,,,,,,,,,,,,,,,,,,,,,,,,,,,,,,,,,,,,,,,,,,,,,,,,,,,,,,,,,,,,,,,,,,,,,,,,,,,,,,,,,,,,
0,15,28,"{'x': 1450.5915181963026, 'y': -185.8319904758386, 'elapsedTime': 92820}",936784282461,5242685188,POINT (0.7555164157272409 -0.1720666578479987),,,,,,,,,,,,,,,,,,,,,,,,,,,,,,,,,,,,,,,,,,,,,,,,,,,,,,,,,,,,,,,,,,,,,,,,,,,,,,,,,,,,,,,,,,,,,,,,,,,,,
0,15,28,"{'x': 1450.5915181963026, 'y': -185.8319904758386, 'elapsedTime': 92820}",936784299128,5242701855,POINT (0.7555164157272409 -0.1720666578479987),,,,,,,,,,,,,,,,,,,,,,,,,,,,,,,,,,,,,,,,,,,,,,,,,,,,,,,,,,,,,,,,,,,,,,,,,,,,,,,,,,,,,,,,,,,,,,,,,,,,,
0,15,28,"{'x': 1450.5915181963026, 'y': -185.8319904758386, 'elapsedTime': 92820}",936784315796,5242718522,POINT (0.7555164157272409 -0.1720666578479987),,,,,,,,,,,,,,,,,,,,,,,,,,,,,,,,,,,,,,,,,,,,,,,,,,,,,,,,,,,,,,,,,,,,,,,,,,,,,,,,,,,,,,,,,,,,,,,,,,,,,
0,15,28,"{'x': 1394.5662621844442, 'y': -225.90972735240993, 'elapsedTime': 92867}",936784332463,5242735189,POINT (0.7263365948877314 -0.2091756734744536),,,,,,,,,,,,,,,,,,,,,,,,,,,,,,,,,,,,,,,,,,,,,,,,,,,,,,,,,,,,,,,,,,,,,,,,,,,,,,,,,,,,,,,,,,,,,,,,,,,,,
0,15,28,"{'x': 1394.5662621844442, 'y': -225.90972735240993, 'elapsedTime': 92867}",936784349131,5242751855,POINT (0.7263365948877314 -0.2091756734744536),,,,,,,,,,,,,,,,,,,,,,,,,,,,,,,,,,,,,,,,,,,,,,,,,,,,,,,,,,,,,,,,,,,,,,,,,,,,,,,,,,,,,,,,,,,,,,,,,,,,,
0,15,28,"{'x': 1394.5662621844442, 'y': -225.90972735240993, 'elapsedTime': 92867}",936784365798,5242768522,POINT (0.7263365948877314 -0.2091756734744536),,,,,,,,,,,,,,,,,,,,,,,,,,,,,,,,,,,,,,,,,,,,,,,,,,,,,,,,,,,,,,,,,,,,,,,,,,,,,,,,,,,,,,,,,,,,,,,,,,,,,
0,15,28,"{'x': 1310.2518290146031, 'y': -272.63422718895504, 'elapsedTime': 92914.60000002384}",936784382469,5242785192,POINT (0.6824228276117724 -0.2524390992490325),,,,,,,,,,,,,,,,,,,,,,,,,,,,,,,,,,,,,,,,,,,,,,,,,,,,,,,,,,,,,,,,,,,,,,,,,,,,,,,,,,,,,,,,,,,,,,,,,,,,,
0,15,28,"{'x': 1310.2518290146031, 'y': -272.63422718895504, 'elapsedTime': 92914.60000002384}",936784399137,5242801860,POINT (0.6824228276117724 -0.2524390992490325),,,,,,,,,,,,,,,,,,,,,,,,,,,,,,,,,,,,,,,,,,,,,,,,,,,,,,,,,,,,,,,,,,,,,,,,,,,,,,,,,,,,,,,,,,,,,,,,,,,,,
0,15,28,"{'x': 1310.2518290146031, 'y': -272.63422718895504, 'elapsedTime': 92914.60000002384}",936784415804,5242818526,POINT (0.6824228276117724 -0.2524390992490325),,,,,,,,,,,,,,,,,,,,,,,,,,,,,,,,,,,,,,,,,,,,,,,,,,,,,,,,,,,,,,,,,,,,,,,,,,,,,,,,,,,,,,,,,,,,,,,,,,,,,
0,15,28,"{'x': 1388.8288256846222, 'y': -236.92296456362325, 'elapsedTime': 92967.70000004768}",936784432471,5242835192,POINT (0.7233483467107408 -0.2193731153366882),,,,,,,,,,,,,,,,,,,,,,,,,,,,,,,,,,,,,,,,,,,,,,,,,,,,,,,,,,,,,,,,,,,,,,,,,,,,,,,,,,,,,,,,,,,,,,,,,,,,,
0,15,28,"{'x': 1388.8288256846222, 'y': -236.92296456362325, 'elapsedTime': 92967.70000004768}",936784449139,5242851859,POINT (0.7233483467107408 -0.2193731153366882),,,,,,,,,,,,,,,,,,,,,,,,,,,,,,,,,,,,,,,,,,,,,,,,,,,,,,,,,,,,,,,,,,,,,,,,,,,,,,,,,,,,,,,,,,,,,,,,,,,,,
0,15,28,"{'x': 1388.8288256846222, 'y': -236.92296456362325, 'elapsedTime': 92967.70000004768}",936784465806,5242868526,POINT (0.7233483467107408 -0.2193731153366882),,,,,,,,,,,,,,,,,,,,,,,,,,,,,,,,,,,,,,,,,,,,,,,,,,,,,,,,,,,,,,,,,,,,,,,,,,,,,,,,,,,,,,,,,,,,,,,,,,,,,
0,15,28,"{'x': 1394.578698546756, 'y': -251.21408359510326, 'elapsedTime': 93014.10000002384}",936784482474,5242885193,POINT (0.7263430721597687 -0.232605632958429),,,,,,,,,,,,,,,,,,,,,,,,,,,,,,,,,,,,,,,,,,,,,,,,,,,,,,,,,,,,,,,,,,,,,,,,,,,,,,,,,,,,,,,,,,,,,,,,,,,,,
0,15,28,"{'x': 1394.578698546756, 'y': -251.21408359510326, 'elapsedTime': 93014.10000002384}",936784499141,5242901859,POINT (0.7263430721597687 -0.232605632958429),,,,,,,,,,,,,,,,,,,,,,,,,,,,,,,,,,,,,,,,,,,,,,,,,,,,,,,,,,,,,,,,,,,,,,,,,,,,,,,,,,,,,,,,,,,,,,,,,,,,,
0,15,28,"{'x': 1394.578698546756, 'y': -251.21408359510326, 'elapsedTime': 93014.10000002384}",936784515813,5242918531,POINT (0.7263430721597687 -0.232605632958429),,,,,,,,,,,,,,,,,,,,,,,,,,,,,,,,,,,,,,,,,,,,,,,,,,,,,,,,,,,,,,,,,,,,,,,,,,,,,,,,,,,,,,,,,,,,,,,,,,,,,
0,15,28,"{'x': 1369.4820979381066, 'y': -187.618191052459, 'elapsedTime': 93062.70000004768}",936784532480,5242935197,POINT (0.7132719260094305 -0.1737205472707954),,,,,,,,,,,,,,,,,,,,,,,,,,,,,,,,,,,,,,,,,,,,,,,,,,,,,,,,,,,,,,,,,,,,,,,,,,,,,,,,,,,,,,,,,,,,,,,,,,,,,
0,15,28,"{'x': 1369.4820979381066, 'y': -187.618191052459, 'elapsedTime': 93062.70000004768}",936784549148,5242951864,POINT (0.7132719260094305 -0.1737205472707954),,,,,,,,,,,,,,,,,,,,,,,,,,,,,,,,,,,,,,,,,,,,,,,,,,,,,,,,,,,,,,,,,,,,,,,,,,,,,,,,,,,,,,,,,,,,,,,,,,,,,
0,15,28,"{'x': 1336.9406215115644, 'y': -169.27229571779537, 'elapsedTime': 93110.70000004768}",936784565815,5242968531,POINT (0.6963232403706064 -0.1567336071461068),,,,,,,,,,,,,,,,,,,,,,,,,,,,,,,,,,,,,,,,,,,,,,,,,,,,,,,,,,,,,,,,,,,,,,,,,,,,,,,,,,,,,,,,,,,,,,,,,,,,,
0,15,28,"{'x': 1336.9406215115644, 'y': -169.27229571779537, 'elapsedTime': 93110.70000004768}",936784582483,5242985198,POINT (0.6963232403706064 -0.1567336071461068),,,,,,,,,,,,,,,,,,,,,,,,,,,,,,,,,,,,,,,,,,,,,,,,,,,,,,,,,,,,,,,,,,,,,,,,,,,,,,,,,,,,,,,,,,,,,,,,,,,,,
0,15,28,"{'x': 1336.9406215115644, 'y': -169.27229571779537, 'elapsedTime': 93110.70000004768}",936784599150,5243001864,POINT (0.6963232403706064 -0.1567336071461068),,,,,,,,,,,,,,,,,,,,,,,,,,,,,,,,,,,,,,,,,,,,,,,,,,,,,,,,,,,,,,,,,,,,,,,,,,,,,,,,,,,,,,,,,,,,,,,,,,,,,
0,15,28,"{'x': 1441.0574220611763, 'y': -169.92442867455858, 'elapsedTime': 93158.10000002384}",936784615818,5243018531,POINT (0.7505507406568627 -0.1573374339579246),,,,,,,,,,,,,,,,,,,,,,,,,,,,,,,,,,,,,,,,,,,,,,,,,,,,,,,,,,,,,,,,,,,,,,,,,,,,,,,,,,,,,,,,,,,,,,,,,,,,,
0,15,28,"{'x': 1441.0574220611763, 'y': -169.92442867455858, 'elapsedTime': 93158.10000002384}",936784632484,5243035197,POINT (0.7505507406568627 -0.1573374339579246),,,,,,,,,,,,,,,,,,,,,,,,,,,,,,,,,,,,,,,,,,,,,,,,,,,,,,,,,,,,,,,,,,,,,,,,,,,,,,,,,,,,,,,,,,,,,,,,,,,,,
0,15,28,"{'x': 1441.0574220611763, 'y': -169.92442867455858, 'elapsedTime': 93158.10000002384}",936784649159,5243051871,POINT (0.7505507406568627 -0.1573374339579246),,,,,,,,,,,,,,,,,,,,,,,,,,,,,,,,,,,,,,,,,,,,,,,,,,,,,,,,,,,,,,,,,,,,,,,,,,,,,,,,,,,,,,,,,,,,,,,,,,,,,
0,15,28,"{'x': 1393.897974892522, 'y': -66.25070277239924, 'elapsedTime': 93209.10000002384}",936784665827,5243068538,POINT (0.7259885285898552 -0.0613432433077771),,,,,,,,,,,,,,,,,,,,,,,,,,,,,,,,,,,,,,,,,,,,,,,,,,,,,,,,,,,,,,,,,,,,,,,,,,,,,,,,,,,,,,,,,,,,,,,,,,,,,
0,15,28,"{'x': 1393.897974892522, 'y': -66.25070277239924, 'elapsedTime': 93209.10000002384}",936784682494,5243085205,POINT (0.7259885285898552 -0.0613432433077771),,,,,,,,,,,,,,,,,,,,,,,,,,,,,,,,,,,,,,,,,,,,,,,,,,,,,,,,,,,,,,,,,,,,,,,,,,,,,,,,,,,,,,,,,,,,,,,,,,,,,
0,15,28,"{'x': 1393.897974892522, 'y': -66.25070277239924, 'elapsedTime': 93209.10000002384}",936784699161,5243101871,POINT (0.7259885285898552 -0.0613432433077771),,,,,,,,,,,,,,,,,,,,,,,,,,,,,,,,,,,,,,,,,,,,,,,,,,,,,,,,,,,,,,,,,,,,,,,,,,,,,,,,,,,,,,,,,,,,,,,,,,,,,
0,15,28,"{'x': 1308.3552916100614, 'y': -28.848615061850687, 'elapsedTime': 93256.60000002384}",936784715828,5243118538,POINT (0.6814350477135737 -0.0267116806128247),,,,,,,,,,,,,,,,,,,,,,,,,,,,,,,,,,,,,,,,,,,,,,,,,,,,,,,,,,,,,,,,,,,,,,,,,,,,,,,,,,,,,,,,,,,,,,,,,,,,,
0,15,28,"{'x': 1308.3552916100614, 'y': -28.848615061850687, 'elapsedTime': 93256.60000002384}",936784732497,5243135205,POINT (0.6814350477135737 -0.0267116806128247),,,,,,,,,,,,,,,,,,,,,,,,,,,,,,,,,,,,,,,,,,,,,,,,,,,,,,,,,,,,,,,,,,,,,,,,,,,,,,,,,,,,,,,,,,,,,,,,,,,,,
0,15,28,"{'x': 1308.3552916100614, 'y': -28.848615061850687, 'elapsedTime': 93256.60000002384}",936784749163,5243151871,POINT (0.6814350477135737 -0.0267116806128247),,,,,,,,,,,,,,,,,,,,,,,,,,,,,,,,,,,,,,,,,,,,,,,,,,,,,,,,,,,,,,,,,,,,,,,,,,,,,,,,,,,,,,,,,,,,,,,,,,,,,
0,15,28,"{'x': 1241.815407436686, 'y': -29.890931141361065, 'elapsedTime': 93302.70000004768}",936784765834,5243168541,POINT (0.6467788580399406 -0.0276767880938528),,,,,,,,,,,,,,,,,,,,,,,,,,,,,,,,,,,,,,,,,,,,,,,,,,,,,,,,,,,,,,,,,,,,,,,,,,,,,,,,,,,,,,,,,,,,,,,,,,,,,
0,15,28,"{'x': 1241.815407436686, 'y': -29.890931141361065, 'elapsedTime': 93302.70000004768}",936784782500,5243185207,POINT (0.6467788580399406 -0.0276767880938528),,,,,,,,,,,,,,,,,,,,,,,,,,,,,,,,,,,,,,,,,,,,,,,,,,,,,,,,,,,,,,,,,,,,,,,,,,,,,,,,,,,,,,,,,,,,,,,,,,,,,
0,15,28,"{'x': 1241.815407436686, 'y': -29.890931141361065, 'elapsedTime': 93302.70000004768}",936784799168,5243201874,POINT (0.6467788580399406 -0.0276767880938528),,,,,,,,,,,,,,,,,,,,,,,,,,,,,,,,,,,,,,,,,,,,,,,,,,,,,,,,,,,,,,,,,,,,,,,,,,,,,,,,,,,,,,,,,,,,,,,,,,,,,
0,15,28,"{'x': 1266.795010427741, 'y': -18.91026983109532, 'elapsedTime': 93351.70000004768}",936784815836,5243218541,POINT (0.6597890679311151 -0.017509509102866),,,,,,,,,,,,,,,,,,,,,,,,,,,,,,,,,,,,,,,,,,,,,,,,,,,,,,,,,,,,,,,,,,,,,,,,,,,,,,,,,,,,,,,,,,,,,,,,,,,,,
0,15,28,"{'x': 1266.795010427741, 'y': -18.91026983109532, 'elapsedTime': 93351.70000004768}",936784832504,5243235208,POINT (0.6597890679311151 -0.017509509102866),,,,,,,,,,,,,,,,,,,,,,,,,,,,,,,,,,,,,,,,,,,,,,,,,,,,,,,,,,,,,,,,,,,,,,,,,,,,,,,,,,,,,,,,,,,,,,,,,,,,,
0,15,28,"{'x': 1266.795010427741, 'y': -18.91026983109532, 'elapsedTime': 93351.70000004768}",936784849170,5243251874,POINT (0.6597890679311151 -0.017509509102866),,,,,,,,,,,,,,,,,,,,,,,,,,,,,,,,,,,,,,,,,,,,,,,,,,,,,,,,,,,,,,,,,,,,,,,,,,,,,,,,,,,,,,,,,,,,,,,,,,,,,
0,15,28,"{'x': 1218.994504404583, 'y': 41.18898303886226, 'elapsedTime': 93400.89999997616}",936784865838,5243268541,POINT (0.6348929710440536 0.0381379472582058),,,,,,,,,,,,,,,,,,,,,,,,,,,,,,,,,,,,,,,,,,,,,,,,,,,,,,,,,,,,,,,,,,,,,,,,,,,,,,,,,,,,,,,,,,,,,,,,,,,,,
0,15,28,"{'x': 1218.994504404583, 'y': 41.18898303886226, 'elapsedTime': 93400.89999997616}",936784882505,5243285207,POINT (0.6348929710440536 0.0381379472582058),,,,,,,,,,,,,,,,,,,,,,,,,,,,,,,,,,,,,,,,,,,,,,,,,,,,,,,,,,,,,,,,,,,,,,,,,,,,,,,,,,,,,,,,,,,,,,,,,,,,,
0,15,28,"{'x': 1218.994504404583, 'y': 41.18898303886226, 'elapsedTime': 93400.89999997616}",936784899178,5243301879,POINT (0.6348929710440536 0.0381379472582058),,,,,,,,,,,,,,,,,,,,,,,,,,,,,,,,,,,,,,,,,,,,,,,,,,,,,,,,,,,,,,,,,,,,,,,,,,,,,,,,,,,,,,,,,,,,,,,,,,,,,
0,15,28,"{'x': 1224.2357800911948, 'y': 88.0144590879307, 'elapsedTime': 93452.20000004768}",936784915845,5243318546,POINT (0.6376228021308307 0.0814948695258618),,,,,,,,,,,,,,,,,,,,,,,,,,,,,,,,,,,,,,,,,,,,,,,,,,,,,,,,,,,,,,,,,,,,,,,,,,,,,,,,,,,,,,,,,,,,,,,,,,,,,
0,15,28,"{'x': 1224.2357800911948, 'y': 88.0144590879307, 'elapsedTime': 93452.20000004768}",936784932513,5243335213,POINT (0.6376228021308307 0.0814948695258618),,,,,,,,,,,,,,,,,,,,,,,,,,,,,,,,,,,,,,,,,,,,,,,,,,,,,,,,,,,,,,,,,,,,,,,,,,,,,,,,,,,,,,,,,,,,,,,,,,,,,
0,15,28,"{'x': 1224.2357800911948, 'y': 88.0144590879307, 'elapsedTime': 93452.20000004768}",936784949180,5243351879,POINT (0.6376228021308307 0.0814948695258618),,,,,,,,,,,,,,,,,,,,,,,,,,,,,,,,,,,,,,,,,,,,,,,,,,,,,,,,,,,,,,,,,,,,,,,,,,,,,,,,,,,,,,,,,,,,,,,,,,,,,
0,15,28,"{'x': 1158.8962180761591, 'y': 127.38025480364075, 'elapsedTime': 93510.70000004768}",936784965847,5243368546,POINT (0.6035917802479995 0.1179446803737414),,,,,,,,,,,,,,,,,,,,,,,,,,,,,,,,,,,,,,,,,,,,,,,,,,,,,,,,,,,,,,,,,,,,,,,,,,,,,,,,,,,,,,,,,,,,,,,,,,,,,
0,15,28,"{'x': 1158.8962180761591, 'y': 127.38025480364075, 'elapsedTime': 93510.70000004768}",936784982514,5243385212,POINT (0.6035917802479995 0.1179446803737414),,,,,,,,,,,,,,,,,,,,,,,,,,,,,,,,,,,,,,,,,,,,,,,,,,,,,,,,,,,,,,,,,,,,,,,,,,,,,,,,,,,,,,,,,,,,,,,,,,,,,
0,15,28,"{'x': 1158.8962180761591, 'y': 127.38025480364075, 'elapsedTime': 93510.70000004768}",936784999182,5243401879,POINT (0.6035917802479995 0.1179446803737414),,,,,,,,,,,,,,,,,,,,,,,,,,,,,,,,,,,,,,,,,,,,,,,,,,,,,,,,,,,,,,,,,,,,,,,,,,,,,,,,,,,,,,,,,,,,,,,,,,,,,
0,15,28,"{'x': 1158.8962180761591, 'y': 127.38025480364075, 'elapsedTime': 93510.70000004768}",936785015849,5243418546,POINT (0.6035917802479995 0.1179446803737414),,,,,,,,,,,,,,,,,,,,,,,,,,,,,,,,,,,,,,,,,,,,,,,,,,,,,,,,,,,,,,,,,,,,,,,,,,,,,,,,,,,,,,,,,,,,,,,,,,,,,
0,15,28,"{'x': 1158.8962180761591, 'y': 127.38025480364075, 'elapsedTime': 93510.70000004768}",936785032520,5243435216,POINT (0.6035917802479995 0.1179446803737414),,,,,,,,,,,,,,,,,,,,,,,,,,,,,,,,,,,,,,,,,,,,,,,,,,,,,,,,,,,,,,,,,,,,,,,,,,,,,,,,,,,,,,,,,,,,,,,,,,,,,
0,15,28,"{'x': 1033.599058250969, 'y': 215.88619894721012, 'elapsedTime': 93562.5}",936785049187,5243451882,POINT (0.5383328428390464 0.1998946286548242),,,,,,,,,,,,,,,,,,,,,,,,,,,,,,,,,,,,,,,,,,,,,,,,,,,,,,,,,,,,,,,,,,,,,,,,,,,,,,,,,,,,,,,,,,,,,,,,,,,1,,
0,15,28,"{'x': 1033.599058250969, 'y': 215.88619894721012, 'elapsedTime': 93562.5}",936785065855,5243468549,POINT (0.5383328428390464 0.1998946286548242),,,,,,,,,,,,,,,,,,,,,,,,,,,,,,,,,,,,,,,,,,,,,,,,,,,,,,,,,,,,,,,,,,,,,,,,,,,,,,,,,,,,,,,,,,,,,,,,,,,1,,
0,15,28,"{'x': 1033.599058250969, 'y': 215.88619894721012, 'elapsedTime': 93562.5}",936785082522,5243485216,POINT (0.5383328428390464 0.1998946286548242),,,,,,,,,,,,,,,,,,,,,,,,,,,,,,,,,,,,,,,,,,,,,,,,,,,,,,,,,,,,,,,,,,,,,,,,,,,,,,,,,,,,,,,,,,,,,,,,,,,1,,
0,15,28,"{'x': 938.6914007318865, 'y': 300.8259684052914, 'elapsedTime': 93627.89999997616}",936785099189,5243501882,POINT (0.4889017712145242 0.2785425633382328),,,,,,,,,,,,,,,,,,,,,,,,,,,,,,,,,,,,,,,,,,,,,,,,,,,,,,,,,,,,,,,,,,,,,,,,,,,,,,,,,,,,,,,,,,,,,,,,,,,1,1,
0,15,28,"{'x': 938.6914007318865, 'y': 300.8259684052914, 'elapsedTime': 93627.89999997616}",936785115855,5243518548,POINT (0.4889017712145242 0.2785425633382328),,,,,,,,,,,,,,,,,,,,,,,,,,,,,,,,,,,,,,,,,,,,,,,,,,,,,,,,,,,,,,,,,,,,,,,,,,,,,,,,,,,,,,,,,,,,,,,,,,,1,1,
0,15,28,"{'x': 938.6914007318865, 'y': 300.8259684052914, 'elapsedTime': 93627.89999997616}",936785132524,5243535215,POINT (0.4889017712145242 0.2785425633382328),,,,,,,,,,,,,,,,,,,,,,,,,,,,,,,,,,,,,,,,,,,,,,,,,,,,,,,,,,,,,,,,,,,,,,,,,,,,,,,,,,,,,,,,,,,,,,,,,,,1,1,
0,15,28,"{'x': 912.5781251138899, 'y': 317.244541016563, 'elapsedTime': 93679.20000004768}",936785149191,5243551882,POINT (0.475301106830151 0.2937449453857065),,,,,,,,,,,,,,,,,,,,,,,,,,,,,,,,,,,,,,,,,,,,,,,,,,,,,,,,,,,,,,,,,,,,,,,,,,,,,,,,,,,,,,,,,,,,,,,,,,,1,1,
0,15,28,"{'x': 912.5781251138899, 'y': 317.244541016563, 'elapsedTime': 93679.20000004768}",936785165864,5243568554,POINT (0.475301106830151 0.2937449453857065),,,,,,,,,,,,,,,,,,,,,,,,,,,,,,,,,,,,,,,,,,,,,,,,,,,,,,,,,,,,,,,,,,,,,,,,,,,,,,,,,,,,,,,,,,,,,,,,,,,1,1,
0,15,28,"{'x': 912.5781251138899, 'y': 317.244541016563, 'elapsedTime': 93679.20000004768}",936785182531,5243585221,POINT (0.475301106830151 0.2937449453857065),,,,,,,,,,,,,,,,,,,,,,,,,,,,,,,,,,,,,,,,,,,,,,,,,,,,,,,,,,,,,,,,,,,,,,,,,,,,,,,,,,,,,,,,,,,,,,,,,,,1,1,
0,15,28,"{'x': 892.1017104642517, 'y': 302.0192656136847, 'elapsedTime': 93731.10000002384}",936785199200,5243601888,POINT (0.4646363075334644 0.2796474681608192),,,,,,,,,,,,,,,,,,,,,,,,,,,,,,,,,,,,,,,,,,,,,,,,,,,,,,,,,,,,,,,,,,,,,,,,,,,,,,,,,,,,,,,,,,,,,,,,,,,1,1,
0,15,28,"{'x': 892.1017104642517, 'y': 302.0192656136847, 'elapsedTime': 93731.10000002384}",936785215867,5243618555,POINT (0.4646363075334644 0.2796474681608192),,,,,,,,,,,,,,,,,,,,,,,,,,,,,,,,,,,,,,,,,,,,,,,,,,,,,,,,,,,,,,,,,,,,,,,,,,,,,,,,,,,,,,,,,,,,,,,,,,,1,1,
0,15,28,"{'x': 892.1017104642517, 'y': 302.0192656136847, 'elapsedTime': 93731.10000002384}",936785232534,5243635221,POINT (0.4646363075334644 0.2796474681608192),,,,,,,,,,,,,,,,,,,,,,,,,,,,,,,,,,,,,,,,,,,,,,,,,,,,,,,,,,,,,,,,,,,,,,,,,,,,,,,,,,,,,,,,,,,,,,,,,,,1,1,
0,15,28,"{'x': 848.6811445163559, 'y': 366.04756354257853, 'elapsedTime': 93783.39999997616}",936785249201,5243651888,POINT (0.442021429435602 0.3389329292060912),,,,,,,,,,,,,,,,,,,,,,,,,,,,,,,,,,,,,,,,,,,,,,,,,,,,,,,,,,,,,,,,,,,,,,,,,,,,,,,,,,,,,,,,,,,,,,,,,,,,1,
0,15,28,"{'x': 848.6811445163559, 'y': 366.04756354257853, 'elapsedTime': 93783.39999997616}",936785265868,5243668554,POINT (0.442021429435602 0.3389329292060912),,,,,,,,,,,,,,,,,,,,,,,,,,,,,,,,,,,,,,,,,,,,,,,,,,,,,,,,,,,,,,,,,,,,,,,,,,,,,,,,,,,,,,,,,,,,,,,,,,,,1,
0,15,28,"{'x': 848.6811445163559, 'y': 366.04756354257853, 'elapsedTime': 93783.39999997616}",936785282536,5243685221,POINT (0.442021429435602 0.3389329292060912),,,,,,,,,,,,,,,,,,,,,,,,,,,,,,,,,,,,,,,,,,,,,,,,,,,,,,,,,,,,,,,,,,,,,,,,,,,,,,,,,,,,,,,,,,,,,,,,,,,,1,
0,15,28,"{'x': 848.6811445163559, 'y': 366.04756354257853, 'elapsedTime': 93783.39999997616}",936785299208,5243701892,POINT (0.442021429435602 0.3389329292060912),,,,,,,,,,,,,,,,,,,,,,,,,,,,,,,,,,,,,,,,,,,,,,,,,,,,,,,,,,,,,,,,,,,,,,,,,,,,,,,,,,,,,,,,,,,,,,,,,,,,1,
0,15,28,"{'x': 733.0996685554211, 'y': 436.82961989673646, 'elapsedTime': 93836.20000004768}",936785315874,5243718558,POINT (0.3818227440392818 0.404471870274756),,,,,,,,,,,,,,,,,,,,,,,,,,,,,,,,,,,,,,,,,,,,,,,,,,,,,,,,,,,,,,,,,,,,,,,,,,,,,,,,,,,,,,,,,,,,,,,,,,,,,
0,15,28,"{'x': 733.0996685554211, 'y': 436.82961989673646, 'elapsedTime': 93836.20000004768}",936785332542,5243735225,POINT (0.3818227440392818 0.404471870274756),,,,,,,,,,,,,,,,,,,,,,,,,,,,,,,,,,,,,,,,,,,,,,,,,,,,,,,,,,,,,,,,,,,,,,,,,,,,,,,,,,,,,,,,,,,,,,,,,,,,,
0,15,28,"{'x': 733.0996685554211, 'y': 436.82961989673646, 'elapsedTime': 93836.20000004768}",936785349210,5243751892,POINT (0.3818227440392818 0.404471870274756),,,,,,,,,,,,,,,,,,,,,,,,,,,,,,,,,,,,,,,,,,,,,,,,,,,,,,,,,,,,,,,,,,,,,,,,,,,,,,,,,,,,,,,,,,,,,,,,,,,,,
0,15,28,"{'x': 672.2452831434679, 'y': 448.64198678829064, 'elapsedTime': 93893.10000002384}",936785365876,5243768558,POINT (0.3501277516372229 0.415409247026195),,,,,,,,,,,,,,,,,,,,,,,,,,,,,,,,,,,,,,,,,,,,,,,,,,,,,,,,,,,,,,,,,,,,,,,,,,,,,,,,,,,,,,,,,,,,,,,,,,,,,
0,15,28,"{'x': 672.2452831434679, 'y': 448.64198678829064, 'elapsedTime': 93893.10000002384}",936785382544,5243785225,POINT (0.3501277516372229 0.415409247026195),,,,,,,,,,,,,,,,,,,,,,,,,,,,,,,,,,,,,,,,,,,,,,,,,,,,,,,,,,,,,,,,,,,,,,,,,,,,,,,,,,,,,,,,,,,,,,,,,,,,,
0,15,28,"{'x': 672.2452831434679, 'y': 448.64198678829064, 'elapsedTime': 93893.10000002384}",936785399211,5243801892,POINT (0.3501277516372229 0.415409247026195),,,,,,,,,,,,,,,,,,,,,,,,,,,,,,,,,,,,,,,,,,,,,,,,,,,,,,,,,,,,,,,,,,,,,,,,,,,,,,,,,,,,,,,,,,,,,,,,,,,,,
0,15,28,"{'x': 567.3737556501019, 'y': 517.544075825328, 'elapsedTime': 93943.39999997616}",936785415878,5243818558,POINT (0.2955071644010948 0.4792074776160445),,,,,,,,,,,,,,,,,,,,,,,,,,,,,,,,,,,,,,,,,,,,,,,,,,,,,,,,,,,,,,,,,,,,,,,,,,,,,,,,,,,,,,,,,,,,,,,,,,,,,
0,15,28,"{'x': 567.3737556501019, 'y': 517.544075825328, 'elapsedTime': 93943.39999997616}",936785432549,5243835228,POINT (0.2955071644010948 0.4792074776160445),,,,,,,,,,,,,,,,,,,,,,,,,,,,,,,,,,,,,,,,,,,,,,,,,,,,,,,,,,,,,,,,,,,,,,,,,,,,,,,,,,,,,,,,,,,,,,,,,,,,,
0,15,28,"{'x': 534.6857458659252, 'y': 541.7563589091142, 'elapsedTime': 93993.20000004768}",936785449216,5243851894,POINT (0.2784821593051694 0.5016262582491798),,,,,,,,,,,,,,,,,,,,,,,,,,,,,,,,,,,,,,,,,,,,,,,,,,,,,,,,,,,,,,,,,,,,,,,,,,,,,,,,,,,,,,,,,,,,,,,,,,,,,
0,15,28,"{'x': 534.6857458659252, 'y': 541.7563589091142, 'elapsedTime': 93993.20000004768}",936785465883,5243868561,POINT (0.2784821593051694 0.5016262582491798),,,,,,,,,,,,,,,,,,,,,,,,,,,,,,,,,,,,,,,,,,,,,,,,,,,,,,,,,,,,,,,,,,,,,,,,,,,,,,,,,,,,,,,,,,,,,,,,,,,,,
0,15,28,"{'x': 534.6857458659252, 'y': 541.7563589091142, 'elapsedTime': 93993.20000004768}",936785482551,5243885228,POINT (0.2784821593051694 0.5016262582491798),,,,,,,,,,,,,,,,,,,,,,,,,,,,,,,,,,,,,,,,,,,,,,,,,,,,,,,,,,,,,,,,,,,,,,,,,,,,,,,,,,,,,,,,,,,,,,,,,,,,,
0,15,28,"{'x': 498.5799607361907, 'y': 514.8554017384629, 'elapsedTime': 94042.5}",936785499218,5243901894,POINT (0.2596770628834327 0.4767179645726508),,,,,,,,,,,,,,,,,,,,,,,,,,,,,,,,,,,,,,,,,,,,,,,,,,,,,,,,,,,,,,,,,,,,,,,,,,,,,,,,,,,,,,,,,,,,,,,,,,,,,
0,15,28,"{'x': 498.5799607361907, 'y': 514.8554017384629, 'elapsedTime': 94042.5}",936785515886,5243918561,POINT (0.2596770628834327 0.4767179645726508),,,,,,,,,,,,,,,,,,,,,,,,,,,,,,,,,,,,,,,,,,,,,,,,,,,,,,,,,,,,,,,,,,,,,,,,,,,,,,,,,,,,,,,,,,,,,,,,,,,,,
0,15,28,"{'x': 498.5799607361907, 'y': 514.8554017384629, 'elapsedTime': 94042.5}",936785532553,5243935228,POINT (0.2596770628834327 0.4767179645726508),,,,,,,,,,,,,,,,,,,,,,,,,,,,,,,,,,,,,,,,,,,,,,,,,,,,,,,,,,,,,,,,,,,,,,,,,,,,,,,,,,,,,,,,,,,,,,,,,,,,,
0,15,28,"{'x': 392.12084430141186, 'y': 591.8754780704623, 'elapsedTime': 94092.10000002384}",936785549220,5243951894,POINT (0.2042296064069853 0.5480328500652429),,,,,,,,,,,,,,,,,,,,,,,,,,,,,,,,,,,,,,,,,,,,,,,,,,,,,,,,,,,,,,,,,,,,,,,,,,,,,,,,,,,,,,,,,,,,,,,,,,,,,
0,15,28,"{'x': 392.12084430141186, 'y': 591.8754780704623, 'elapsedTime': 94092.10000002384}",936785565894,5243968568,POINT (0.2042296064069853 0.5480328500652429),,,,,,,,,,,,,,,,,,,,,,,,,,,,,,,,,,,,,,,,,,,,,,,,,,,,,,,,,,,,,,,,,,,,,,,,,,,,,,,,,,,,,,,,,,,,,,,,,,,,,
0,15,28,"{'x': 392.12084430141186, 'y': 591.8754780704623, 'elapsedTime': 94092.10000002384}",936785582563,5243985235,POINT (0.2042296064069853 0.5480328500652429),,,,,,,,,,,,,,,,,,,,,,,,,,,,,,,,,,,,,,,,,,,,,,,,,,,,,,,,,,,,,,,,,,,,,,,,,,,,,,,,,,,,,,,,,,,,,,,,,,,,,
0,15,28,"{'x': 382.83343681446877, 'y': 640.3005516772822, 'elapsedTime': 94143.30000007153}",936785599229,5244001901,POINT (0.1993924150075358 0.5928708811826687),,,,,,,,,,,,,,,,,,,,,,,,,,,,,,,,,,,,,,,,,,,,,,,,,,,,,,,,,,,,,,,,,,,,,,,,,,,,,,,,,,,,,,,,,,,,,,,,,,,,1,
0,15,28,"{'x': 382.83343681446877, 'y': 640.3005516772822, 'elapsedTime': 94143.30000007153}",936785615897,5244018568,POINT (0.1993924150075358 0.5928708811826687),,,,,,,,,,,,,,,,,,,,,,,,,,,,,,,,,,,,,,,,,,,,,,,,,,,,,,,,,,,,,,,,,,,,,,,,,,,,,,,,,,,,,,,,,,,,,,,,,,,,1,
0,15,28,"{'x': 382.83343681446877, 'y': 640.3005516772822, 'elapsedTime': 94143.30000007153}",936785632564,5244035235,POINT (0.1993924150075358 0.5928708811826687),,,,,,,,,,,,,,,,,,,,,,,,,,,,,,,,,,,,,,,,,,,,,,,,,,,,,,,,,,,,,,,,,,,,,,,,,,,,,,,,,,,,,,,,,,,,,,,,,,,,1,
0,15,28,"{'x': 382.83343681446877, 'y': 640.3005516772822, 'elapsedTime': 94143.30000007153}",936785649233,5244051902,POINT (0.1993924150075358 0.5928708811826687),,,,,,,,,,,,,,,,,,,,,,,,,,,,,,,,,,,,,,,,,,,,,,,,,,,,,,,,,,,,,,,,,,,,,,,,,,,,,,,,,,,,,,,,,,,,,,,,,,,,1,
0,15,28,"{'x': 479.0528207461344, 'y': 568.3264559985078, 'elapsedTime': 94193.60000002384}",936785665899,5244068568,POINT (0.249506677471945 0.5262281999986183),,,,,,,,,,,,,,,,,,,,,,,,,,,,,,,,,,,,,,,,,,,,,,,,,,,,,,,,,,,,,,,,,,,,,,,,,,,,,,,,,,,,,,,,,,,,,,,,,,,,,
0,15,28,"{'x': 479.0528207461344, 'y': 568.3264559985078, 'elapsedTime': 94193.60000002384}",936785682567,5244085235,POINT (0.249506677471945 0.5262281999986183),,,,,,,,,,,,,,,,,,,,,,,,,,,,,,,,,,,,,,,,,,,,,,,,,,,,,,,,,,,,,,,,,,,,,,,,,,,,,,,,,,,,,,,,,,,,,,,,,,,,,
0,15,28,"{'x': 479.0528207461344, 'y': 568.3264559985078, 'elapsedTime': 94193.60000002384}",936785699238,5244101906,POINT (0.249506677471945 0.5262281999986183),,,,,,,,,,,,,,,,,,,,,,,,,,,,,,,,,,,,,,,,,,,,,,,,,,,,,,,,,,,,,,,,,,,,,,,,,,,,,,,,,,,,,,,,,,,,,,,,,,,,,
0,15,28,"{'x': 467.27686651317987, 'y': 588.51482218531, 'elapsedTime': 94241.30000007153}",936785715906,5244118573,POINT (0.2433733679756145 0.5449211316530648),,,,,,,,,,,,,,,,,,,,,,,,,,,,,,,,,,,,,,,,,,,,,,,,,,,,,,,,,,,,,,,,,,,,,,,,,,,,,,,,,,,,,,,,,,,,,,,,,,,,1,
0,15,28,"{'x': 467.27686651317987, 'y': 588.51482218531, 'elapsedTime': 94241.30000007153}",936785732574,5244135240,POINT (0.2433733679756145 0.5449211316530648),,,,,,,,,,,,,,,,,,,,,,,,,,,,,,,,,,,,,,,,,,,,,,,,,,,,,,,,,,,,,,,,,,,,,,,,,,,,,,,,,,,,,,,,,,,,,,,,,,,,1,
0,15,28,"{'x': 467.27686651317987, 'y': 588.51482218531, 'elapsedTime': 94241.30000007153}",936785749241,5244151906,POINT (0.2433733679756145 0.5449211316530648),,,,,,,,,,,,,,,,,,,,,,,,,,,,,,,,,,,,,,,,,,,,,,,,,,,,,,,,,,,,,,,,,,,,,,,,,,,,,,,,,,,,,,,,,,,,,,,,,,,,1,
0,15,28,"{'x': 206.75828577452396, 'y': 857.1943495916001, 'elapsedTime': 94298.60000002384}",936785765908,5244168573,POINT (0.1076866071742312 0.7936984718440742),,,,,,,,,,,,,,,,,,,,,,,,,,,,,,,,,,,,,,,,,,,,,,,,,,,,,,,,,,,,,,,,,,,,,,,,,,,,,,,,,,,,,,,,,,,,,,,,,,,,,
0,15,28,"{'x': 206.75828577452396, 'y': 857.1943495916001, 'elapsedTime': 94298.60000002384}",936785782576,5244185240,POINT (0.1076866071742312 0.7936984718440742),,,,,,,,,,,,,,,,,,,,,,,,,,,,,,,,,,,,,,,,,,,,,,,,,,,,,,,,,,,,,,,,,,,,,,,,,,,,,,,,,,,,,,,,,,,,,,,,,,,,,
0,15,28,"{'x': 206.75828577452396, 'y': 857.1943495916001, 'elapsedTime': 94298.60000002384}",936785799245,5244201908,POINT (0.1076866071742312 0.7936984718440742),,,,,,,,,,,,,,,,,,,,,,,,,,,,,,,,,,,,,,,,,,,,,,,,,,,,,,,,,,,,,,,,,,,,,,,,,,,,,,,,,,,,,,,,,,,,,,,,,,,,,
0,15,28,"{'x': 350.06116956093246, 'y': 762.6343708669331, 'elapsedTime': 94345.60000002384}",936785815915,5244218577,POINT (0.1823235258129857 0.706142935987901),,,,,,,,,,,,,,,,,,,,,,,,,,,,,,,,,,,,,,,,,,,,,,,,,,,,,,,,,,,,,,,,,,,,,,,,,,,,,,,,,,,,,,,,,,,,,,,,,,,,,
0,15,28,"{'x': 350.06116956093246, 'y': 762.6343708669331, 'elapsedTime': 94345.60000002384}",936785832584,5244235246,POINT (0.1823235258129857 0.706142935987901),,,,,,,,,,,,,,,,,,,,,,,,,,,,,,,,,,,,,,,,,,,,,,,,,,,,,,,,,,,,,,,,,,,,,,,,,,,,,,,,,,,,,,,,,,,,,,,,,,,,,
0,15,28,"{'x': 350.06116956093246, 'y': 762.6343708669331, 'elapsedTime': 94345.60000002384}",936785849250,5244251911,POINT (0.1823235258129857 0.706142935987901),,,,,,,,,,,,,,,,,,,,,,,,,,,,,,,,,,,,,,,,,,,,,,,,,,,,,,,,,,,,,,,,,,,,,,,,,,,,,,,,,,,,,,,,,,,,,,,,,,,,,
0,15,28,"{'x': 522.3289850002973, 'y': 739.8391472171716, 'elapsedTime': 94395.5}",936785865916,5244268577,POINT (0.2720463463543215 0.685036247423307),,,,,,,,,,,,,,,,,,,,,,,,,,,,,,,,,,,,,,,,,,,,,,,,,,,,,,,,,,,,,,,,,,,,,,,,,,,,,,,,,,,,,,,,,,,,,,,,,,,,,
0,15,28,"{'x': 522.3289850002973, 'y': 739.8391472171716, 'elapsedTime': 94395.5}",936785882585,5244285244,POINT (0.2720463463543215 0.685036247423307),,,,,,,,,,,,,,,,,,,,,,,,,,,,,,,,,,,,,,,,,,,,,,,,,,,,,,,,,,,,,,,,,,,,,,,,,,,,,,,,,,,,,,,,,,,,,,,,,,,,,
0,15,28,"{'x': 457.4084182424695, 'y': 625.9592047830191, 'elapsedTime': 94444.20000004768}",936785899251,5244301910,POINT (0.2382335511679529 0.5795918562805733),,,,,,,,,,,,,,,,,,,,,,,,,,,,,,,,,,,,,,,,,,,,,,,,,,,,,,,,,,,,,,,,,,,,,,,,,,,,,,,,,,,,,,,,,,,,,,,,,,,,1,
0,15,28,"{'x': 457.4084182424695, 'y': 625.9592047830191, 'elapsedTime': 94444.20000004768}",936785915919,5244318577,POINT (0.2382335511679529 0.5795918562805733),,,,,,,,,,,,,,,,,,,,,,,,,,,,,,,,,,,,,,,,,,,,,,,,,,,,,,,,,,,,,,,,,,,,,,,,,,,,,,,,,,,,,,,,,,,,,,,,,,,,1,
0,15,28,"{'x': 457.4084182424695, 'y': 625.9592047830191, 'elapsedTime': 94444.20000004768}",936785932586,5244335244,POINT (0.2382335511679529 0.5795918562805733),,,,,,,,,,,,,,,,,,,,,,,,,,,,,,,,,,,,,,,,,,,,,,,,,,,,,,,,,,,,,,,,,,,,,,,,,,,,,,,,,,,,,,,,,,,,,,,,,,,,1,
0,15,28,"{'x': 457.4084182424695, 'y': 625.9592047830191, 'elapsedTime': 94444.20000004768}",936785949259,5244351915,POINT (0.2382335511679529 0.5795918562805733),,,,,,,,,,,,,,,,,,,,,,,,,,,,,,,,,,,,,,,,,,,,,,,,,,,,,,,,,,,,,,,,,,,,,,,,,,,,,,,,,,,,,,,,,,,,,,,,,,,,1,
0,15,28,"{'x': 396.531493454596, 'y': 517.031078542963, 'elapsedTime': 94493.39999997616}",936785965925,5244368581,POINT (0.2065268195076021 0.4787324801323731),,,,,,,,,,,,,,,,,,,,,,,,,,,,,,,,,,,,,,,,,,,,,,,,,,,,,,,,,,,,,,,,,,,,,,,,,,,,,,,,,,,,,,,,,,,,,,,,,,,,,
0,15,28,"{'x': 396.531493454596, 'y': 517.031078542963, 'elapsedTime': 94493.39999997616}",936785982595,5244385250,POINT (0.2065268195076021 0.4787324801323731),,,,,,,,,,,,,,,,,,,,,,,,,,,,,,,,,,,,,,,,,,,,,,,,,,,,,,,,,,,,,,,,,,,,,,,,,,,,,,,,,,,,,,,,,,,,,,,,,,,,,
0,15,28,"{'x': 396.531493454596, 'y': 517.031078542963, 'elapsedTime': 94493.39999997616}",936785999260,5244401915,POINT (0.2065268195076021 0.4787324801323731),,,,,,,,,,,,,,,,,,,,,,,,,,,,,,,,,,,,,,,,,,,,,,,,,,,,,,,,,,,,,,,,,,,,,,,,,,,,,,,,,,,,,,,,,,,,,,,,,,,,,
0,15,28,"{'x': 380.2248491810089, 'y': 472.79203236372484, 'elapsedTime': 94543.30000007153}",936786015929,5244418583,POINT (0.1980337756151088 0.4377704003367823),,,,,,,,,,,,,,,,,,,,,,,,,,,,,,,,,,,,,,,,,,,,,,,,,,,,,,,,,,,,,,,,,,,,,,,,,,,,,,,,,,,,,,,,,,,,,,,,,,,,,
0,15,28,"{'x': 380.2248491810089, 'y': 472.79203236372484, 'elapsedTime': 94543.30000007153}",936786032595,5244435248,POINT (0.1980337756151088 0.4377704003367823),,,,,,,,,,,,,,,,,,,,,,,,,,,,,,,,,,,,,,,,,,,,,,,,,,,,,,,,,,,,,,,,,,,,,,,,,,,,,,,,,,,,,,,,,,,,,,,,,,,,,
0,15,28,"{'x': 380.2248491810089, 'y': 472.79203236372484, 'elapsedTime': 94543.30000007153}",936786049264,5244451916,POINT (0.1980337756151088 0.4377704003367823),,,,,,,,,,,,,,,,,,,,,,,,,,,,,,,,,,,,,,,,,,,,,,,,,,,,,,,,,,,,,,,,,,,,,,,,,,,,,,,,,,,,,,,,,,,,,,,,,,,,,
0,15,28,"{'x': 385.9110123508839, 'y': 401.985239229243, 'elapsedTime': 94605.30000007153}",936786065931,5244468583,POINT (0.200995318932752 0.3722085548418917),,,,,,,,,,,,,,,,,,,,,,,,,,,,,,,,,,,,,,,,,,,,,,,,,,,,,,,,,,,,,,,,,,,,,,,,,,,,,,,,,,,,,,,,,,,,,,,,,,,,,
0,15,28,"{'x': 385.9110123508839, 'y': 401.985239229243, 'elapsedTime': 94605.30000007153}",936786082603,5244485255,POINT (0.200995318932752 0.3722085548418917),,,,,,,,,,,,,,,,,,,,,,,,,,,,,,,,,,,,,,,,,,,,,,,,,,,,,,,,,,,,,,,,,,,,,,,,,,,,,,,,,,,,,,,,,,,,,,,,,,,,,
0,15,28,"{'x': 385.9110123508839, 'y': 401.985239229243, 'elapsedTime': 94605.30000007153}",936786099272,5244501922,POINT (0.200995318932752 0.3722085548418917),,,,,,,,,,,,,,,,,,,,,,,,,,,,,,,,,,,,,,,,,,,,,,,,,,,,,,,,,,,,,,,,,,,,,,,,,,,,,,,,,,,,,,,,,,,,,,,,,,,,,
0,15,28,"{'x': 414.45157354999304, 'y': 360.43728066484175, 'elapsedTime': 94655.5}",936786115938,5244518588,POINT (0.215860194557288 0.3337382228378165),,,,,,,,,,,,,,,,,,,,,,,,,,,,,,,,,,,,,,,,,,,,,,,,,,,,,,,,,,,,,,,,,,,,,,,,,,,,,,,,,,,,,,,,,,,,,,,,,,,,,
0,15,28,"{'x': 414.45157354999304, 'y': 360.43728066484175, 'elapsedTime': 94655.5}",936786132606,5244535255,POINT (0.215860194557288 0.3337382228378165),,,,,,,,,,,,,,,,,,,,,,,,,,,,,,,,,,,,,,,,,,,,,,,,,,,,,,,,,,,,,,,,,,,,,,,,,,,,,,,,,,,,,,,,,,,,,,,,,,,,,
0,15,28,"{'x': 414.45157354999304, 'y': 360.43728066484175, 'elapsedTime': 94655.5}",936786149273,5244551922,POINT (0.215860194557288 0.3337382228378165),,,,,,,,,,,,,,,,,,,,,,,,,,,,,,,,,,,,,,,,,,,,,,,,,,,,,,,,,,,,,,,,,,,,,,,,,,,,,,,,,,,,,,,,,,,,,,,,,,,,,
0,15,28,"{'x': 433.75687980440193, 'y': 311.6960212859282, 'elapsedTime': 94702.5}",936786165940,5244568588,POINT (0.2259150415647927 0.2886074271166002),,,,,,,,,,,,,,,,,,,,,,,,,,,,,,,,,,,,,,,,,,,,,,,,,,,,,,,,,,,,,,,,,,,,,,,,,,,,,,,,,,,,,,,,,,,,,,,,,,,1,,
0,15,28,"{'x': 433.75687980440193, 'y': 311.6960212859282, 'elapsedTime': 94702.5}",936786182607,5244585254,POINT (0.2259150415647927 0.2886074271166002),,,,,,,,,,,,,,,,,,,,,,,,,,,,,,,,,,,,,,,,,,,,,,,,,,,,,,,,,,,,,,,,,,,,,,,,,,,,,,,,,,,,,,,,,,,,,,,,,,,1,,
0,15,28,"{'x': 433.75687980440193, 'y': 311.6960212859282, 'elapsedTime': 94702.5}",936786199275,5244601921,POINT (0.2259150415647927 0.2886074271166002),,,,,,,,,,,,,,,,,,,,,,,,,,,,,,,,,,,,,,,,,,,,,,,,,,,,,,,,,,,,,,,,,,,,,,,,,,,,,,,,,,,,,,,,,,,,,,,,,,,1,,
0,15,28,"{'x': 457.31267451425566, 'y': 267.06425647588014, 'elapsedTime': 94751.39999997616}",936786215947,5244618593,POINT (0.2381836846428415 0.2472817189591483),,,,,,,,,,,,,,,,,,,,,,,,,,,,,,,,,,,,,,,,,,,,,,,,,,,,,,,,,,,,,,,,,,,,,,,,,,,,,,,,,,,,,,,,,,,,,,,,,,,,1,
0,15,28,"{'x': 457.31267451425566, 'y': 267.06425647588014, 'elapsedTime': 94751.39999997616}",936786232614,5244635259,POINT (0.2381836846428415 0.2472817189591483),,,,,,,,,,,,,,,,,,,,,,,,,,,,,,,,,,,,,,,,,,,,,,,,,,,,,,,,,,,,,,,,,,,,,,,,,,,,,,,,,,,,,,,,,,,,,,,,,,,,1,
0,15,28,"{'x': 457.31267451425566, 'y': 267.06425647588014, 'elapsedTime': 94751.39999997616}",936786249282,5244651926,POINT (0.2381836846428415 0.2472817189591483),,,,,,,,,,,,,,,,,,,,,,,,,,,,,,,,,,,,,,,,,,,,,,,,,,,,,,,,,,,,,,,,,,,,,,,,,,,,,,,,,,,,,,,,,,,,,,,,,,,,1,
0,15,28,"{'x': 425.1356453374629, 'y': 274.70352092162216, 'elapsedTime': 94799.5}",936786265950,5244668593,POINT (0.2214248152799286 0.254355111964465),,,,,,,,,,,,,,,,,,,,,,,,,,,,,,,,,,,,,,,,,,,,,,,,,,,,,,,,,,,,,,,,,,,,,,,,,,,,,,,,,,,,,,,,,,,,,,,,,,,,1,
0,15,28,"{'x': 425.1356453374629, 'y': 274.70352092162216, 'elapsedTime': 94799.5}",936786282616,5244685259,POINT (0.2214248152799286 0.254355111964465),,,,,,,,,,,,,,,,,,,,,,,,,,,,,,,,,,,,,,,,,,,,,,,,,,,,,,,,,,,,,,,,,,,,,,,,,,,,,,,,,,,,,,,,,,,,,,,,,,,,1,
0,15,28,"{'x': 425.1356453374629, 'y': 274.70352092162216, 'elapsedTime': 94799.5}",936786299284,5244701926,POINT (0.2214248152799286 0.254355111964465),,,,,,,,,,,,,,,,,,,,,,,,,,,,,,,,,,,,,,,,,,,,,,,,,,,,,,,,,,,,,,,,,,,,,,,,,,,,,,,,,,,,,,,,,,,,,,,,,,,,1,
0,15,28,"{'x': 499.27842508504347, 'y': 214.2071862446429, 'elapsedTime': 94846.30000007153}",936786315951,5244718593,POINT (0.2600408463984602 0.1983399872635582),,,,,,,,,,,,,,,,,,,,,,,,,,,,,,,,,,,,,,,,,,,,,,,,,,,,,,,,,,,,,,,,,,,,,,,,,,,,,,,,,,,,,,,,,,,,,,,,,,,,,
0,15,28,"{'x': 499.27842508504347, 'y': 214.2071862446429, 'elapsedTime': 94846.30000007153}",936786332620,5244735260,POINT (0.2600408463984602 0.1983399872635582),,,,,,,,,,,,,,,,,,,,,,,,,,,,,,,,,,,,,,,,,,,,,,,,,,,,,,,,,,,,,,,,,,,,,,,,,,,,,,,,,,,,,,,,,,,,,,,,,,,,,
0,15,28,"{'x': 362.0594343354121, 'y': 144.30940293401667, 'elapsedTime': 94893.5}",936786349289,5244751929,POINT (0.1885726220496938 0.1336198175314969),,,,1,,,,,,,,,,,,,,,,,,,,,,,,,,,,,,,,,,,,,,,,,,,,,,,,,,,,,,,,,,,,,,,,,,,,,,,,,,,,,,,,,,,,,,,,,,,,,,,,,
0,15,28,"{'x': 362.0594343354121, 'y': 144.30940293401667, 'elapsedTime': 94893.5}",936786365959,5244768598,POINT (0.1885726220496938 0.1336198175314969),,,,1,,,,,,,,,,,,,,,,,,,,,,,,,,,,,,,,,,,,,,,,,,,,,,,,,,,,,,,,,,,,,,,,,,,,,,,,,,,,,,,,,,,,,,,,,,,,,,,,,
0,15,28,"{'x': 362.0594343354121, 'y': 144.30940293401667, 'elapsedTime': 94893.5}",936786382623,5244785262,POINT (0.1885726220496938 0.1336198175314969),,,,1,,,,,,,,,,,,,,,,,,,,,,,,,,,,,,,,,,,,,,,,,,,,,,,,,,,,,,,,,,,,,,,,,,,,,,,,,,,,,,,,,,,,,,,,,,,,,,,,,
0,15,28,"{'x': 346.9166045094987, 'y': 235.54296559001898, 'elapsedTime': 94943.5}",936786399292,5244801929,POINT (0.1806857315153639 0.2180953385092768),,,,,,,,,,,,,,,,,,,,,,,,,,,,1,,,,,,,,,,,,,,,,,,,,,,,,,,,,,,,,,,,,,,,,,,,,,,,,,,,,,,,,,,,,,,,,,,,,,,,,1,
0,15,28,"{'x': 346.9166045094987, 'y': 235.54296559001898, 'elapsedTime': 94943.5}",936786415961,5244818598,POINT (0.1806857315153639 0.2180953385092768),,,,,,,,,,,,,,,,,,,,,,,,,,,,1,,,,,,,,,,,,,,,,,,,,,,,,,,,,,,,,,,,,,,,,,,,,,,,,,,,,,,,,,,,,,,,,,,,,,,,,1,
0,15,28,"{'x': 346.9166045094987, 'y': 235.54296559001898, 'elapsedTime': 94943.5}",936786432628,5244835264,POINT (0.1806857315153639 0.2180953385092768),,,,,,,,,,,,,,,,,,,,,,,,,,,,1,,,,,,,,,,,,,,,,,,,,,,,,,,,,,,,,,,,,,,,,,,,,,,,,,,,,,,,,,,,,,,,,,,,,,,,,1,
0,15,28,"{'x': 352.1498592427901, 'y': 218.37067609257588, 'elapsedTime': 94989.20000004768}",936786449293,5244851929,POINT (0.1834113850222865 0.2021950704560888),,,,,,,,,,,,,,,,,,,,,,,,,,,,1,,,,,,,,,,,,,,,,,,,,,,,,,,,,,,,,,,,,,,,,,,,,,,,,,,,,,,,,,,,,,,,,,,,,,,,,,
0,15,28,"{'x': 352.1498592427901, 'y': 218.37067609257588, 'elapsedTime': 94989.20000004768}",936786465964,5244868598,POINT (0.1834113850222865 0.2021950704560888),,,,,,,,,,,,,,,,,,,,,,,,,,,,1,,,,,,,,,,,,,,,,,,,,,,,,,,,,,,,,,,,,,,,,,,,,,,,,,,,,,,,,,,,,,,,,,,,,,,,,,
0,15,28,"{'x': 352.1498592427901, 'y': 218.37067609257588, 'elapsedTime': 94989.20000004768}",936786482635,5244885269,POINT (0.1834113850222865 0.2021950704560888),,,,,,,,,,,,,,,,,,,,,,,,,,,,1,,,,,,,,,,,,,,,,,,,,,,,,,,,,,,,,,,,,,,,,,,,,,,,,,,,,,,,,,,,,,,,,,,,,,,,,,
0,15,28,"{'x': 386.7551391403957, 'y': 271.22865145149666, 'elapsedTime': 95036.70000004768}",936786499300,5244901933,POINT (0.2014349683022894 0.2511376402328673),,,,,,,,,,,,,,,,,,,,,,,,,,,,,,,,,,,,,,,,,,,,,,,,,,,,,,,,,,,,,,,,,,,,,,,,,,,,,,,,,,,,,,,,,,,,,,,,,,,,1,
0,15,28,"{'x': 386.7551391403957, 'y': 271.22865145149666, 'elapsedTime': 95036.70000004768}",936786515968,5244918601,POINT (0.2014349683022894 0.2511376402328673),,,,,,,,,,,,,,,,,,,,,,,,,,,,,,,,,,,,,,,,,,,,,,,,,,,,,,,,,,,,,,,,,,,,,,,,,,,,,,,,,,,,,,,,,,,,,,,,,,,,1,
0,15,28,"{'x': 386.7551391403957, 'y': 271.22865145149666, 'elapsedTime': 95036.70000004768}",936786532635,5244935267,POINT (0.2014349683022894 0.2511376402328673),,,,,,,,,,,,,,,,,,,,,,,,,,,,,,,,,,,,,,,,,,,,,,,,,,,,,,,,,,,,,,,,,,,,,,,,,,,,,,,,,,,,,,,,,,,,,,,,,,,,1,
0,15,28,"{'x': 350.98680982272566, 'y': 277.0788313562556, 'elapsedTime': 95091}",936786549301,5244951933,POINT (0.182805630116003 0.2565544734780144),,,,,,,,,,,,,,,,,,,,,,,,,,,,,,,,,,,,,,,,,,,,,,,,,,,,,,,,,,,,,,,,,,,,,,,,,,,1,,,,,,,,,,,,,,,,,,,,,,,,,,
0,15,28,"{'x': 350.98680982272566, 'y': 277.0788313562556, 'elapsedTime': 95091}",936786565970,5244968601,POINT (0.182805630116003 0.2565544734780144),,,,,,,,,,,,,,,,,,,,,,,,,,,,,,,,,,,,,,,,,,,,,,,,,,,,,,,,,,,,,,,,,,,,,,,,,,,1,,,,,,,,,,,,,,,,,,,,,,,,,,
0,15,28,"{'x': 350.98680982272566, 'y': 277.0788313562556, 'elapsedTime': 95091}",936786582636,5244985267,POINT (0.182805630116003 0.2565544734780144),,,,,,,,,,,,,,,,,,,,,,,,,,,,,,,,,,,,,,,,,,,,,,,,,,,,,,,,,,,,,,,,,,,,,,,,,,,1,,,,,,,,,,,,,,,,,,,,,,,,,,
0,15,28,"{'x': 349.8827050525159, 'y': 314.0066185881359, 'elapsedTime': 95136}",936786599303,5245001933,POINT (0.1822305755481854 0.2907468690630888),,,,,,,,,,,,,,,,,,,,,,,,,,,,,,,,,,,,,,,,,,,,,,,,,,,,,,,,,,,,,,,,,,,,,,,,,,,,,,,,,,,,,,,,,,,,,,,,,,,1,,
0,15,28,"{'x': 349.8827050525159, 'y': 314.0066185881359, 'elapsedTime': 95136}",936786615976,5245018606,POINT (0.1822305755481854 0.2907468690630888),,,,,,,,,,,,,,,,,,,,,,,,,,,,,,,,,,,,,,,,,,,,,,,,,,,,,,,,,,,,,,,,,,,,,,,,,,,,,,,,,,,,,,,,,,,,,,,,,,,1,,
0,15,28,"{'x': 349.8827050525159, 'y': 314.0066185881359, 'elapsedTime': 95136}",936786632645,5245035274,POINT (0.1822305755481854 0.2907468690630888),,,,,,,,,,,,,,,,,,,,,,,,,,,,,,,,,,,,,,,,,,,,,,,,,,,,,,,,,,,,,,,,,,,,,,,,,,,,,,,,,,,,,,,,,,,,,,,,,,,1,,
0,15,28,"{'x': 354.95658996314285, 'y': 456.17235936001384, 'elapsedTime': 95182}",936786649311,5245051940,POINT (0.1848732239391369 0.422381814222235),,,,,,,,,,,,,,,,,,,,,,,,,,,,,,,,,,,,,,,,,,,,,,,,,,,,,,,,,,,,,,,,,,,,,,,,,,,,,,,,,,,,,,,,,,,,,,,,,,,,,
0,15,28,"{'x': 354.95658996314285, 'y': 456.17235936001384, 'elapsedTime': 95182}",936786665979,5245068607,POINT (0.1848732239391369 0.422381814222235),,,,,,,,,,,,,,,,,,,,,,,,,,,,,,,,,,,,,,,,,,,,,,,,,,,,,,,,,,,,,,,,,,,,,,,,,,,,,,,,,,,,,,,,,,,,,,,,,,,,,
0,15,28,"{'x': 354.95658996314285, 'y': 456.17235936001384, 'elapsedTime': 95182}",936786682646,5245085274,POINT (0.1848732239391369 0.422381814222235),,,,,,,,,,,,,,,,,,,,,,,,,,,,,,,,,,,,,,,,,,,,,,,,,,,,,,,,,,,,,,,,,,,,,,,,,,,,,,,,,,,,,,,,,,,,,,,,,,,,,
0,15,28,"{'x': 333.9980103240245, 'y': 486.6011415172571, 'elapsedTime': 95229.30000007153}",936786699313,5245101940,POINT (0.1739572970437628 0.4505566125159788),,,,,,,,,,,,,,,,,,,,,,,,,,,,,,,,,,,,,,,,,,,,,,,,,,,,,,,,,,,,,,,,,,,,,,,,,,,,,,,,,,,,,,,,,,,,,,,,,,,,,
0,15,28,"{'x': 333.9980103240245, 'y': 486.6011415172571, 'elapsedTime': 95229.30000007153}",936786715979,5245118606,POINT (0.1739572970437628 0.4505566125159788),,,,,,,,,,,,,,,,,,,,,,,,,,,,,,,,,,,,,,,,,,,,,,,,,,,,,,,,,,,,,,,,,,,,,,,,,,,,,,,,,,,,,,,,,,,,,,,,,,,,,
0,15,28,"{'x': 412.3904837116869, 'y': 512.832637030725, 'elapsedTime': 95280.39999997616}",936786732652,5245135278,POINT (0.2147867102665036 0.4748450342877083),,,,,,,,,,,,,,,,,,,,,,,,,,,,,,,,,,,,,,,,,,,,,,,,,,,,,,,,,,,,,,,,,,,,,,,,,,,,,,,,,,,,,,,,,,,,,,,,,,,,,
0,15,28,"{'x': 412.3904837116869, 'y': 512.832637030725, 'elapsedTime': 95280.39999997616}",936786749319,5245151945,POINT (0.2147867102665036 0.4748450342877083),,,,,,,,,,,,,,,,,,,,,,,,,,,,,,,,,,,,,,,,,,,,,,,,,,,,,,,,,,,,,,,,,,,,,,,,,,,,,,,,,,,,,,,,,,,,,,,,,,,,,
0,15,28,"{'x': 412.3904837116869, 'y': 512.832637030725, 'elapsedTime': 95280.39999997616}",936786765986,5245168612,POINT (0.2147867102665036 0.4748450342877083),,,,,,,,,,,,,,,,,,,,,,,,,,,,,,,,,,,,,,,,,,,,,,,,,,,,,,,,,,,,,,,,,,,,,,,,,,,,,,,,,,,,,,,,,,,,,,,,,,,,,
0,15,28,"{'x': 429.70876453783717, 'y': 491.12994224307585, 'elapsedTime': 95324.20000004768}",936786782653,5245185278,POINT (0.2238066481967902 0.4547499465213665),,,,,,,,,,,,,,,,,,,,,,,,,,,,,,,,,,,,,,,,,,,,,,,,,,,,,,,,,,,,,,,,,,,,,,,,,,,,,,,,,,,,,,,,,,,,,,,,,,,,,
0,15,28,"{'x': 429.70876453783717, 'y': 491.12994224307585, 'elapsedTime': 95324.20000004768}",936786799320,5245201945,POINT (0.2238066481967902 0.4547499465213665),,,,,,,,,,,,,,,,,,,,,,,,,,,,,,,,,,,,,,,,,,,,,,,,,,,,,,,,,,,,,,,,,,,,,,,,,,,,,,,,,,,,,,,,,,,,,,,,,,,,,
0,15,28,"{'x': 429.70876453783717, 'y': 491.12994224307585, 'elapsedTime': 95324.20000004768}",936786815986,5245218610,POINT (0.2238066481967902 0.4547499465213665),,,,,,,,,,,,,,,,,,,,,,,,,,,,,,,,,,,,,,,,,,,,,,,,,,,,,,,,,,,,,,,,,,,,,,,,,,,,,,,,,,,,,,,,,,,,,,,,,,,,,
0,15,28,"{'x': 431.5919562123609, 'y': 463.9698686361388, 'elapsedTime': 95371.30000007153}",936786832654,5245235278,POINT (0.224787477193938 0.4296017302186471),,,,,,,,,,,,,,,,,,,,,,,,,,,,,,,,,,,,,,,,,,,,,,,,,,,,,,,,,,,,,,,,,,,,,,,,,,,,,,,,,,,,,,,,,,,,,,,,,,,,,
0,15,28,"{'x': 431.5919562123609, 'y': 463.9698686361388, 'elapsedTime': 95371.30000007153}",936786849320,5245251943,POINT (0.224787477193938 0.4296017302186471),,,,,,,,,,,,,,,,,,,,,,,,,,,,,,,,,,,,,,,,,,,,,,,,,,,,,,,,,,,,,,,,,,,,,,,,,,,,,,,,,,,,,,,,,,,,,,,,,,,,,
0,15,28,"{'x': 431.5919562123609, 'y': 463.9698686361388, 'elapsedTime': 95371.30000007153}",936786865990,5245268613,POINT (0.224787477193938 0.4296017302186471),,,,,,,,,,,,,,,,,,,,,,,,,,,,,,,,,,,,,,,,,,,,,,,,,,,,,,,,,,,,,,,,,,,,,,,,,,,,,,,,,,,,,,,,,,,,,,,,,,,,,
0,15,28,"{'x': 475.8901648853913, 'y': 486.5995571414705, 'elapsedTime': 95418.80000007153}",936786882657,5245285279,POINT (0.247859460877808 0.4505551455013616),,,,,,,,,,,,,,,,,,,,,,,,,,,,,,,,,,,,,,,,,,,,,,,,,,,,,,,,,,,,,,,,,,,,,,,,,,,,,,,,,,,,,,,,,,,,,,,,,,,,,
0,15,28,"{'x': 475.8901648853913, 'y': 486.5995571414705, 'elapsedTime': 95418.80000007153}",936786899326,5245301948,POINT (0.247859460877808 0.4505551455013616),,,,,,,,,,,,,,,,,,,,,,,,,,,,,,,,,,,,,,,,,,,,,,,,,,,,,,,,,,,,,,,,,,,,,,,,,,,,,,,,,,,,,,,,,,,,,,,,,,,,,
0,15,28,"{'x': 475.8901648853913, 'y': 486.5995571414705, 'elapsedTime': 95418.80000007153}",936786915991,5245318612,POINT (0.247859460877808 0.4505551455013616),,,,,,,,,,,,,,,,,,,,,,,,,,,,,,,,,,,,,,,,,,,,,,,,,,,,,,,,,,,,,,,,,,,,,,,,,,,,,,,,,,,,,,,,,,,,,,,,,,,,,
0,15,28,"{'x': 516.0198223929485, 'y': 501.2674150522961, 'elapsedTime': 95464.89999997616}",936786932658,5245335279,POINT (0.268760324162994 0.4641364954187926),,,,,,,,,,,,,,,,,,,,,,,,,,,,,,,,,,,,,,,,,,,,,,,,,,,,,,,,,,,,,,,,,,,,,,,,,,,,,,,,,,,,,,,,,,,,,,,,,,,,,
0,15,28,"{'x': 516.0198223929485, 'y': 501.2674150522961, 'elapsedTime': 95464.89999997616}",936786949326,5245351946,POINT (0.268760324162994 0.4641364954187926),,,,,,,,,,,,,,,,,,,,,,,,,,,,,,,,,,,,,,,,,,,,,,,,,,,,,,,,,,,,,,,,,,,,,,,,,,,,,,,,,,,,,,,,,,,,,,,,,,,,,
0,15,28,"{'x': 602.7320112729251, 'y': 497.1830063674713, 'elapsedTime': 95511.20000004768}",936786965992,5245368612,POINT (0.3139229225379818 0.4603546355254364),,,,,,,,,,,,,,,,,,,,,,,,,,,,,,,,,,,,,,,,,,,,,,,,,,,,,,,,,,,,,,,,,,,,,,,,,,,,,,,,,,,,,,,,,,,,,,,,,,,,,
0,15,28,"{'x': 602.7320112729251, 'y': 497.1830063674713, 'elapsedTime': 95511.20000004768}",936786982660,5245385279,POINT (0.3139229225379818 0.4603546355254364),,,,,,,,,,,,,,,,,,,,,,,,,,,,,,,,,,,,,,,,,,,,,,,,,,,,,,,,,,,,,,,,,,,,,,,,,,,,,,,,,,,,,,,,,,,,,,,,,,,,,
0,15,28,"{'x': 602.7320112729251, 'y': 497.1830063674713, 'elapsedTime': 95511.20000004768}",936786999331,5245401950,POINT (0.3139229225379818 0.4603546355254364),,,,,,,,,,,,,,,,,,,,,,,,,,,,,,,,,,,,,,,,,,,,,,,,,,,,,,,,,,,,,,,,,,,,,,,,,,,,,,,,,,,,,,,,,,,,,,,,,,,,,
0,15,28,"{'x': 602.7320112729251, 'y': 497.1830063674713, 'elapsedTime': 95511.20000004768}",936787015998,5245418616,POINT (0.3139229225379818 0.4603546355254364),,,,,,,,,,,,,,,,,,,,,,,,,,,,,,,,,,,,,,,,,,,,,,,,,,,,,,,,,,,,,,,,,,,,,,,,,,,,,,,,,,,,,,,,,,,,,,,,,,,,,
0,15,28,"{'x': 644.810149184396, 'y': 504.86044927829835, 'elapsedTime': 95557.20000004768}",936787032665,5245435283,POINT (0.3358386193668729 0.4674633789613873),,,,,,,,,,,,,,,,,,,,,,,,,,,,,,,,,,,,,,,,,,,,,,,,,,,,,,,,,,,,,,,,,,,,,,,,,,,,,,,,,,,,,,,,,,,,,,,,,,,,,
0,15,28,"{'x': 644.810149184396, 'y': 504.86044927829835, 'elapsedTime': 95557.20000004768}",936787049333,5245451950,POINT (0.3358386193668729 0.4674633789613873),,,,,,,,,,,,,,,,,,,,,,,,,,,,,,,,,,,,,,,,,,,,,,,,,,,,,,,,,,,,,,,,,,,,,,,,,,,,,,,,,,,,,,,,,,,,,,,,,,,,,
0,15,28,"{'x': 644.810149184396, 'y': 504.86044927829835, 'elapsedTime': 95557.20000004768}",936787065999,5245468616,POINT (0.3358386193668729 0.4674633789613873),,,,,,,,,,,,,,,,,,,,,,,,,,,,,,,,,,,,,,,,,,,,,,,,,,,,,,,,,,,,,,,,,,,,,,,,,,,,,,,,,,,,,,,,,,,,,,,,,,,,,
0,15,28,"{'x': 707.9473483074198, 'y': 434.0942019526047, 'elapsedTime': 95617.60000002384}",936787082667,5245485283,POINT (0.3687225772434478 0.4019390758820414),,,,,,,,,,,,,,,,,,,,,,,,,,,,,,,,,,,,,,,,,,,,,,,,,,,,,,,,,,,,,,,,,,,,,,,,,,,,,,,,,,,,,,,,,,,,,,,,,,,,,
0,15,28,"{'x': 707.9473483074198, 'y': 434.0942019526047, 'elapsedTime': 95617.60000002384}",936787099333,5245501949,POINT (0.3687225772434478 0.4019390758820414),,,,,,,,,,,,,,,,,,,,,,,,,,,,,,,,,,,,,,,,,,,,,,,,,,,,,,,,,,,,,,,,,,,,,,,,,,,,,,,,,,,,,,,,,,,,,,,,,,,,,
0,15,28,"{'x': 707.9473483074198, 'y': 434.0942019526047, 'elapsedTime': 95617.60000002384}",936787116001,5245518616,POINT (0.3687225772434478 0.4019390758820414),,,,,,,,,,,,,,,,,,,,,,,,,,,,,,,,,,,,,,,,,,,,,,,,,,,,,,,,,,,,,,,,,,,,,,,,,,,,,,,,,,,,,,,,,,,,,,,,,,,,,
0,15,28,"{'x': 668.8563036148721, 'y': 456.3396107490722, 'elapsedTime': 95666.30000007153}",936787132675,5245535290,POINT (0.3483626581327459 0.4225366766195113),,,,,,,,,,,,,,,,,,,,,,,,,,,,,,,,,,,,,,,,,,,,,,,,,,,,,,,,,,,,,,,,,,,,,,,,,,,,,,,,,,,,,,,,,,,,,,,,,,,,,
0,15,28,"{'x': 668.8563036148721, 'y': 456.3396107490722, 'elapsedTime': 95666.30000007153}",936787149343,5245551957,POINT (0.3483626581327459 0.4225366766195113),,,,,,,,,,,,,,,,,,,,,,,,,,,,,,,,,,,,,,,,,,,,,,,,,,,,,,,,,,,,,,,,,,,,,,,,,,,,,,,,,,,,,,,,,,,,,,,,,,,,,
0,15,28,"{'x': 668.8563036148721, 'y': 456.3396107490722, 'elapsedTime': 95666.30000007153}",936787166009,5245568623,POINT (0.3483626581327459 0.4225366766195113),,,,,,,,,,,,,,,,,,,,,,,,,,,,,,,,,,,,,,,,,,,,,,,,,,,,,,,,,,,,,,,,,,,,,,,,,,,,,,,,,,,,,,,,,,,,,,,,,,,,,
0,15,28,"{'x': 735.4417073349263, 'y': 406.9513442210861, 'elapsedTime': 95718.60000002384}",936787182677,5245585290,POINT (0.3830425559036074 0.3768068002047094),,,,,,,,,,,,,,,,,,,,,,,,,,,,,,,,,,,,,,,,,,,,,,,,,,,,,,,,,,,,,,,,,,,,,,,,,,,,,,,,,,,,,,,,,,,,,,,,,,,,,
0,15,28,"{'x': 735.4417073349263, 'y': 406.9513442210861, 'elapsedTime': 95718.60000002384}",936787199344,5245601957,POINT (0.3830425559036074 0.3768068002047094),,,,,,,,,,,,,,,,,,,,,,,,,,,,,,,,,,,,,,,,,,,,,,,,,,,,,,,,,,,,,,,,,,,,,,,,,,,,,,,,,,,,,,,,,,,,,,,,,,,,,
0,15,28,"{'x': 819.2941491249637, 'y': 384.9766037886453, 'elapsedTime': 95765.39999997616}",936787216012,5245618624,POINT (0.426715702669252 0.3564598183228198),,,,,,,,,,,,,,,,,,,,,,,,,,,,,,,,,,,,,,,,,,,,,,,,,,,,,,,,,,,,,,,,,,,,,,,,,,,,,,,,,,,,,,,,,,,,,,,,,,,,,
0,15,28,"{'x': 819.2941491249637, 'y': 384.9766037886453, 'elapsedTime': 95765.39999997616}",936787232678,5245635290,POINT (0.426715702669252 0.3564598183228198),,,,,,,,,,,,,,,,,,,,,,,,,,,,,,,,,,,,,,,,,,,,,,,,,,,,,,,,,,,,,,,,,,,,,,,,,,,,,,,,,,,,,,,,,,,,,,,,,,,,,
0,15,28,"{'x': 819.2941491249637, 'y': 384.9766037886453, 'elapsedTime': 95765.39999997616}",936787249345,5245651956,POINT (0.426715702669252 0.3564598183228198),,,,,,,,,,,,,,,,,,,,,,,,,,,,,,,,,,,,,,,,,,,,,,,,,,,,,,,,,,,,,,,,,,,,,,,,,,,,,,,,,,,,,,,,,,,,,,,,,,,,,
0,15,28,"{'x': 772.0927780858901, 'y': 334.29449151500614, 'elapsedTime': 95812.10000002384}",936787266016,5245668627,POINT (0.4021316552530678 0.3095319365879686),,,,,,,,,,,,,,,,,,,,,,,,,,,,,,,,,,,,,,,,,,,,,,,,,,,,,,,,,,,,,,,,,,,,,,,,,,,,,,,,,,,,,,,,,,,,,,,,,,,,1,
0,15,28,"{'x': 772.0927780858901, 'y': 334.29449151500614, 'elapsedTime': 95812.10000002384}",936787282684,5245685294,POINT (0.4021316552530678 0.3095319365879686),,,,,,,,,,,,,,,,,,,,,,,,,,,,,,,,,,,,,,,,,,,,,,,,,,,,,,,,,,,,,,,,,,,,,,,,,,,,,,,,,,,,,,,,,,,,,,,,,,,,1,
0,15,28,"{'x': 772.0927780858901, 'y': 334.29449151500614, 'elapsedTime': 95812.10000002384}",936787299350,5245701960,POINT (0.4021316552530678 0.3095319365879686),,,,,,,,,,,,,,,,,,,,,,,,,,,,,,,,,,,,,,,,,,,,,,,,,,,,,,,,,,,,,,,,,,,,,,,,,,,,,,,,,,,,,,,,,,,,,,,,,,,,1,
0,15,28,"{'x': 772.0927780858901, 'y': 334.29449151500614, 'elapsedTime': 95812.10000002384}",936787316018,5245718627,POINT (0.4021316552530678 0.3095319365879686),,,,,,,,,,,,,,,,,,,,,,,,,,,,,,,,,,,,,,,,,,,,,,,,,,,,,,,,,,,,,,,,,,,,,,,,,,,,,,,,,,,,,,,,,,,,,,,,,,,,1,
0,15,28,"{'x': 725.3740585455316, 'y': 457.3382263408291, 'elapsedTime': 95866.70000004768}",936787332684,5245735293,POINT (0.3777989888257977 0.4234613206859529),,,,,,,,,,,,,,,,,,,,,,,,,,,,,,,,,,,,,,,,,,,,,,,,,,,,,,,,,,,,,,,,,,,,,,,,,,,,,,,,,,,,,,,,,,,,,,,,,,,,,
0,15,28,"{'x': 725.3740585455316, 'y': 457.3382263408291, 'elapsedTime': 95866.70000004768}",936787349353,5245751961,POINT (0.3777989888257977 0.4234613206859529),,,,,,,,,,,,,,,,,,,,,,,,,,,,,,,,,,,,,,,,,,,,,,,,,,,,,,,,,,,,,,,,,,,,,,,,,,,,,,,,,,,,,,,,,,,,,,,,,,,,,
0,15,28,"{'x': 619.0008664910963, 'y': 648.1593694227349, 'elapsedTime': 95911.5}",936787366019,5245768627,POINT (0.3223962846307794 0.6001475642803101),,,,,,,,,,,,,,,,,,,,,,,,,,,,,,,,,,,,,,,,,,,,,,,,,,,,,,,,,,,,,,,,,,,,,,,,,,,,,,,,,,,,,,,,,,,,,,,,,,,,1,
0,15,28,"{'x': 619.0008664910963, 'y': 648.1593694227349, 'elapsedTime': 95911.5}",936787382687,5245785294,POINT (0.3223962846307794 0.6001475642803101),,,,,,,,,,,,,,,,,,,,,,,,,,,,,,,,,,,,,,,,,,,,,,,,,,,,,,,,,,,,,,,,,,,,,,,,,,,,,,,,,,,,,,,,,,,,,,,,,,,,1,
0,15,28,"{'x': 619.0008664910963, 'y': 648.1593694227349, 'elapsedTime': 95911.5}",936787399357,5245801964,POINT (0.3223962846307794 0.6001475642803101),,,,,,,,,,,,,,,,,,,,,,,,,,,,,,,,,,,,,,,,,,,,,,,,,,,,,,,,,,,,,,,,,,,,,,,,,,,,,,,,,,,,,,,,,,,,,,,,,,,,1,
0,15,28,"{'x': 741.346979009973, 'y': 588.8226851573801, 'elapsedTime': 95958.39999997616}",936787416024,5245818630,POINT (0.3861182182343609 0.5452061899605372),,,,,,,,,,,,,,,,,,,,,,,,,,,,,,,,,,,,,,,,,,,,,,,,,,,,,,,,,,,,,,,,,,,,,,,,,,,,,,,,,,,,,,,,,,,,,,,,,,,,1,
0,15,28,"{'x': 741.346979009973, 'y': 588.8226851573801, 'elapsedTime': 95958.39999997616}",936787432691,5245835297,POINT (0.3861182182343609 0.5452061899605372),,,,,,,,,,,,,,,,,,,,,,,,,,,,,,,,,,,,,,,,,,,,,,,,,,,,,,,,,,,,,,,,,,,,,,,,,,,,,,,,,,,,,,,,,,,,,,,,,,,,1,
0,15,28,"{'x': 741.346979009973, 'y': 588.8226851573801, 'elapsedTime': 95958.39999997616}",936787449357,5245851963,POINT (0.3861182182343609 0.5452061899605372),,,,,,,,,,,,,,,,,,,,,,,,,,,,,,,,,,,,,,,,,,,,,,,,,,,,,,,,,,,,,,,,,,,,,,,,,,,,,,,,,,,,,,,,,,,,,,,,,,,,1,
0,15,28,"{'x': 713.3736105708665, 'y': 558.4165702309028, 'elapsedTime': 96003.80000007153}",936787466025,5245868630,POINT (0.3715487555056596 0.5170523798434286),,,,,,,,,,,,,,,,,,,,,,,,,,,,,,,,,,,,,,,,,,,,,,,,,,,,,,,,,,,,,,,,,,,,,,,,,,,,,,,,,,,,,,,,,,,,,,,,,,,,1,
0,15,28,"{'x': 713.3736105708665, 'y': 558.4165702309028, 'elapsedTime': 96003.80000007153}",936787482692,5245885297,POINT (0.3715487555056596 0.5170523798434286),,,,,,,,,,,,,,,,,,,,,,,,,,,,,,,,,,,,,,,,,,,,,,,,,,,,,,,,,,,,,,,,,,,,,,,,,,,,,,,,,,,,,,,,,,,,,,,,,,,,1,
0,15,28,"{'x': 713.3736105708665, 'y': 558.4165702309028, 'elapsedTime': 96003.80000007153}",936787499360,5245901964,POINT (0.3715487555056596 0.5170523798434286),,,,,,,,,,,,,,,,,,,,,,,,,,,,,,,,,,,,,,,,,,,,,,,,,,,,,,,,,,,,,,,,,,,,,,,,,,,,,,,,,,,,,,,,,,,,,,,,,,,,1,
0,15,28,"{'x': 620.1240297840568, 'y': 537.9538084017328, 'elapsedTime': 96052.20000004768}",936787516026,5245918630,POINT (0.3229812655125296 0.4981053781497526),,,,,,,,,,,,,,,,,,,,,,,,,,,,,,,,,,,,,,,,,,,,,,,,,,,,,,,,,,,,,,,,,,,,,,,,,,,,,,,,,,,,,,,,,,,,,,,,,,,,,
0,15,28,"{'x': 620.1240297840568, 'y': 537.9538084017328, 'elapsedTime': 96052.20000004768}",936787532699,5245935302,POINT (0.3229812655125296 0.4981053781497526),,,,,,,,,,,,,,,,,,,,,,,,,,,,,,,,,,,,,,,,,,,,,,,,,,,,,,,,,,,,,,,,,,,,,,,,,,,,,,,,,,,,,,,,,,,,,,,,,,,,,
0,15,28,"{'x': 620.1240297840568, 'y': 537.9538084017328, 'elapsedTime': 96052.20000004768}",936787549366,5245951969,POINT (0.3229812655125296 0.4981053781497526),,,,,,,,,,,,,,,,,,,,,,,,,,,,,,,,,,,,,,,,,,,,,,,,,,,,,,,,,,,,,,,,,,,,,,,,,,,,,,,,,,,,,,,,,,,,,,,,,,,,,
0,15,28,"{'x': 596.4335860412039, 'y': 411.1092381921902, 'elapsedTime': 96103.89999997616}",936787566034,5245968636,POINT (0.3106424927297937 0.3806567020298058),,,,,,,,,,,,,,,,,,,,,,,,,,,,,,,,,,,,,,,,,,,,,,,,,,,,,,,,,,,,,,,,,,,,,,,,,,,,,,,,,,,,,,,,,,,,,,,,,,,,,
0,15,28,"{'x': 596.4335860412039, 'y': 411.1092381921902, 'elapsedTime': 96103.89999997616}",936787582701,5245985303,POINT (0.3106424927297937 0.3806567020298058),,,,,,,,,,,,,,,,,,,,,,,,,,,,,,,,,,,,,,,,,,,,,,,,,,,,,,,,,,,,,,,,,,,,,,,,,,,,,,,,,,,,,,,,,,,,,,,,,,,,,
0,15,28,"{'x': 596.4335860412039, 'y': 411.1092381921902, 'elapsedTime': 96103.89999997616}",936787599369,5246001970,POINT (0.3106424927297937 0.3806567020298058),,,,,,,,,,,,,,,,,,,,,,,,,,,,,,,,,,,,,,,,,,,,,,,,,,,,,,,,,,,,,,,,,,,,,,,,,,,,,,,,,,,,,,,,,,,,,,,,,,,,,
0,15,28,"{'x': 797.6990123568582, 'y': 313.73178598123667, 'elapsedTime': 96150.5}",936787616035,5246018636,POINT (0.4154682356025303 0.290492394427071),,,,,,,,,,,,,,,,,,,,,,,,,,,,,,,,,,,,,,,,,,,,,,,,,,,,,,,,,,,,,,,,,,,,,,,,,,,,,,,,,,,,,,,,,,,,,,,,,,,1,1,
0,15,28,"{'x': 797.6990123568582, 'y': 313.73178598123667, 'elapsedTime': 96150.5}",936787632702,5246035302,POINT (0.4154682356025303 0.290492394427071),,,,,,,,,,,,,,,,,,,,,,,,,,,,,,,,,,,,,,,,,,,,,,,,,,,,,,,,,,,,,,,,,,,,,,,,,,,,,,,,,,,,,,,,,,,,,,,,,,,1,1,
0,15,28,"{'x': 797.6990123568582, 'y': 313.73178598123667, 'elapsedTime': 96150.5}",936787649374,5246051974,POINT (0.4154682356025303 0.290492394427071),,,,,,,,,,,,,,,,,,,,,,,,,,,,,,,,,,,,,,,,,,,,,,,,,,,,,,,,,,,,,,,,,,,,,,,,,,,,,,,,,,,,,,,,,,,,,,,,,,,1,1,
0,15,28,"{'x': 903.3635142249228, 'y': 194.46816904113456, 'elapsedTime': 96197.89999997616}",936787666042,5246068641,POINT (0.4705018303254806 0.180063119482532),,,,,,,,,,,,,,,,,,,,,,,,,,,,,,,,,,,,,,,,,,,,,,,,,,,,,,,,,,,,,,,,,,,,,,,,,,,,,,,,,,,,,,,,,,,,,,,,,,,1,,
0,15,28,"{'x': 903.3635142249228, 'y': 194.46816904113456, 'elapsedTime': 96197.89999997616}",936787682709,5246085308,POINT (0.4705018303254806 0.180063119482532),,,,,,,,,,,,,,,,,,,,,,,,,,,,,,,,,,,,,,,,,,,,,,,,,,,,,,,,,,,,,,,,,,,,,,,,,,,,,,,,,,,,,,,,,,,,,,,,,,,1,,
0,15,28,"{'x': 1037.7829897996112, 'y': 71.63633474563026, 'elapsedTime': 96245.89999997616}",936787699376,5246101974,POINT (0.5405119738539642 0.0663299395792873),,,,,,,,,,,,,,,,,,,,,,,,,,,,,,,,,,,,,,,,,,,,,,,,,,,,,,,,,,,,,,,,,,,,,,,,,,,,,,,,,,,,,,,,,,,,,,,,,,,,,
0,15,28,"{'x': 1037.7829897996112, 'y': 71.63633474563026, 'elapsedTime': 96245.89999997616}",936787716043,5246118641,POINT (0.5405119738539642 0.0663299395792873),,,,,,,,,,,,,,,,,,,,,,,,,,,,,,,,,,,,,,,,,,,,,,,,,,,,,,,,,,,,,,,,,,,,,,,,,,,,,,,,,,,,,,,,,,,,,,,,,,,,,
0,15,28,"{'x': 1037.7829897996112, 'y': 71.63633474563026, 'elapsedTime': 96245.89999997616}",936787732710,5246135307,POINT (0.5405119738539642 0.0663299395792873),,,,,,,,,,,,,,,,,,,,,,,,,,,,,,,,,,,,,,,,,,,,,,,,,,,,,,,,,,,,,,,,,,,,,,,,,,,,,,,,,,,,,,,,,,,,,,,,,,,,,
0,15,28,"{'x': 1110.7003612712044, 'y': -114.15320429494828, 'elapsedTime': 96291.80000007153}",936787749377,5246151974,POINT (0.578489771495419 -0.1056974113842114),,,,,,,,,,,,,,,,,,,,,,,,,,,,,,,,,,,,,,,,,,,,,,,,,,,,,,,,,,,,,,,,,,,,,,,,,,,,,,,,,,,,,,,,,,,,,,,,,,,,,
0,15,28,"{'x': 1110.7003612712044, 'y': -114.15320429494828, 'elapsedTime': 96291.80000007153}",936787766045,5246168641,POINT (0.578489771495419 -0.1056974113842114),,,,,,,,,,,,,,,,,,,,,,,,,,,,,,,,,,,,,,,,,,,,,,,,,,,,,,,,,,,,,,,,,,,,,,,,,,,,,,,,,,,,,,,,,,,,,,,,,,,,,
0,15,28,"{'x': 1110.7003612712044, 'y': -114.15320429494828, 'elapsedTime': 96291.80000007153}",936787782715,5246185311,POINT (0.578489771495419 -0.1056974113842114),,,,,,,,,,,,,,,,,,,,,,,,,,,,,,,,,,,,,,,,,,,,,,,,,,,,,,,,,,,,,,,,,,,,,,,,,,,,,,,,,,,,,,,,,,,,,,,,,,,,,
0,15,28,"{'x': 1212.8838610978262, 'y': -198.94903828723602, 'elapsedTime': 96337.89999997616}",936787799383,5246201978,POINT (0.6317103443217845 -0.1842120724881815),,,,,,,,,,,,,,,,,,,,,,,,,,,,,,,,,,,,,,,,,,,,,,,,,,,,,,,,,,,,,,,,,,,,,,,,,,,,,,,,,,,,,,,,,,,,,,,,,,,,,
0,15,28,"{'x': 1212.8838610978262, 'y': -198.94903828723602, 'elapsedTime': 96337.89999997616}",936787816050,5246218645,POINT (0.6317103443217845 -0.1842120724881815),,,,,,,,,,,,,,,,,,,,,,,,,,,,,,,,,,,,,,,,,,,,,,,,,,,,,,,,,,,,,,,,,,,,,,,,,,,,,,,,,,,,,,,,,,,,,,,,,,,,,
0,15,28,"{'x': 1212.8838610978262, 'y': -198.94903828723602, 'elapsedTime': 96337.89999997616}",936787832717,5246235311,POINT (0.6317103443217845 -0.1842120724881815),,,,,,,,,,,,,,,,,,,,,,,,,,,,,,,,,,,,,,,,,,,,,,,,,,,,,,,,,,,,,,,,,,,,,,,,,,,,,,,,,,,,,,,,,,,,,,,,,,,,,
0,15,28,"{'x': 1230.6815187927161, 'y': -270.7529032965167, 'elapsedTime': 96387.20000004768}",936787849384,5246251978,POINT (0.6409799577045396 -0.2506971326819599),,,,,,,,,,,,,,,,,,,,,,,,,,,,,,,,,,,,,,,,,,,,,,,,,,,,,,,,,,,,,,,,,,,,,,,,,,,,,,,,,,,,,,,,,,,,,,,,,,,,,
0,15,28,"{'x': 1230.6815187927161, 'y': -270.7529032965167, 'elapsedTime': 96387.20000004768}",936787866052,5246268645,POINT (0.6409799577045396 -0.2506971326819599),,,,,,,,,,,,,,,,,,,,,,,,,,,,,,,,,,,,,,,,,,,,,,,,,,,,,,,,,,,,,,,,,,,,,,,,,,,,,,,,,,,,,,,,,,,,,,,,,,,,,
0,15,28,"{'x': 1230.6815187927161, 'y': -270.7529032965167, 'elapsedTime': 96387.20000004768}",936787882718,5246285311,POINT (0.6409799577045396 -0.2506971326819599),,,,,,,,,,,,,,,,,,,,,,,,,,,,,,,,,,,,,,,,,,,,,,,,,,,,,,,,,,,,,,,,,,,,,,,,,,,,,,,,,,,,,,,,,,,,,,,,,,,,,
0,15,28,"{'x': 1304.168311448359, 'y': -163.5416604979716, 'elapsedTime': 96433.60000002384}",936787899386,5246301978,POINT (0.6792543288793537 -0.1514274634240478),,,,,,,,,,,,,,,,,,,,,,,,,,,,,,,,,,,,,,,,,,,,,,,,,,,,,,,,,,,,,,,,,,,,,,,,,,,,,,,,,,,,,,,,,,,,,,,,,,,,,
0,15,28,"{'x': 1304.168311448359, 'y': -163.5416604979716, 'elapsedTime': 96433.60000002384}",936787916058,5246318650,POINT (0.6792543288793537 -0.1514274634240478),,,,,,,,,,,,,,,,,,,,,,,,,,,,,,,,,,,,,,,,,,,,,,,,,,,,,,,,,,,,,,,,,,,,,,,,,,,,,,,,,,,,,,,,,,,,,,,,,,,,,
0,15,28,"{'x': 1318.940684989964, 'y': -197.5968679774661, 'elapsedTime': 96478.80000007153}",936787932725,5246335316,POINT (0.6869482734322729 -0.1829600629420982),,,,,,,,,,,,,,,,,,,,,,,,,,,,,,,,,,,,,,,,,,,,,,,,,,,,,,,,,,,,,,,,,,,,,,,,,,,,,,,,,,,,,,,,,,,,,,,,,,,,,
0,15,28,"{'x': 1318.940684989964, 'y': -197.5968679774661, 'elapsedTime': 96478.80000007153}",936787949392,5246351983,POINT (0.6869482734322729 -0.1829600629420982),,,,,,,,,,,,,,,,,,,,,,,,,,,,,,,,,,,,,,,,,,,,,,,,,,,,,,,,,,,,,,,,,,,,,,,,,,,,,,,,,,,,,,,,,,,,,,,,,,,,,
0,15,28,"{'x': 1318.940684989964, 'y': -197.5968679774661, 'elapsedTime': 96478.80000007153}",936787966060,5246368650,POINT (0.6869482734322729 -0.1829600629420982),,,,,,,,,,,,,,,,,,,,,,,,,,,,,,,,,,,,,,,,,,,,,,,,,,,,,,,,,,,,,,,,,,,,,,,,,,,,,,,,,,,,,,,,,,,,,,,,,,,,,
0,15,28,"{'x': 1352.3126493260627, 'y': -208.24178429231154, 'elapsedTime': 96525.60000002384}",936787982726,5246385316,POINT (0.7043295048573243 -0.1928164669373255),,,,,,,,,,,,,,,,,,,,,,,,,,,,,,,,,,,,,,,,,,,,,,,,,,,,,,,,,,,,,,,,,,,,,,,,,,,,,,,,,,,,,,,,,,,,,,,,,,,,,
0,15,28,"{'x': 1352.3126493260627, 'y': -208.24178429231154, 'elapsedTime': 96525.60000002384}",936787999394,5246401983,POINT (0.7043295048573243 -0.1928164669373255),,,,,,,,,,,,,,,,,,,,,,,,,,,,,,,,,,,,,,,,,,,,,,,,,,,,,,,,,,,,,,,,,,,,,,,,,,,,,,,,,,,,,,,,,,,,,,,,,,,,,
0,15,28,"{'x': 1352.3126493260627, 'y': -208.24178429231154, 'elapsedTime': 96525.60000002384}",936788016061,5246418650,POINT (0.7043295048573243 -0.1928164669373255),,,,,,,,,,,,,,,,,,,,,,,,,,,,,,,,,,,,,,,,,,,,,,,,,,,,,,,,,,,,,,,,,,,,,,,,,,,,,,,,,,,,,,,,,,,,,,,,,,,,,
0,15,28,"{'x': 1352.3126493260627, 'y': -208.24178429231154, 'elapsedTime': 96525.60000002384}",936788032729,5246435317,POINT (0.7043295048573243 -0.1928164669373255),,,,,,,,,,,,,,,,,,,,,,,,,,,,,,,,,,,,,,,,,,,,,,,,,,,,,,,,,,,,,,,,,,,,,,,,,,,,,,,,,,,,,,,,,,,,,,,,,,,,,
0,15,28,"{'x': 1293.3372130638818, 'y': -184.54326514367062, 'elapsedTime': 96572.39999997616}",936788049400,5246451988,POINT (0.6736131318041051 -0.1708733936515469),,,,,,,,,,,,,,,,,,,,,,,,,,,,,,,,,,,,,,,,,,,,,,,,,,,,,,,,,,,,,,,,,,,,,,,,,,,,,,,,,,,,,,,,,,,,,,,,,,,,,
0,15,28,"{'x': 1293.3372130638818, 'y': -184.54326514367062, 'elapsedTime': 96572.39999997616}",936788066068,5246468655,POINT (0.6736131318041051 -0.1708733936515469),,,,,,,,,,,,,,,,,,,,,,,,,,,,,,,,,,,,,,,,,,,,,,,,,,,,,,,,,,,,,,,,,,,,,,,,,,,,,,,,,,,,,,,,,,,,,,,,,,,,,
0,15,28,"{'x': 1293.3372130638818, 'y': -184.54326514367062, 'elapsedTime': 96572.39999997616}",936788082734,5246485321,POINT (0.6736131318041051 -0.1708733936515469),,,,,,,,,,,,,,,,,,,,,,,,,,,,,,,,,,,,,,,,,,,,,,,,,,,,,,,,,,,,,,,,,,,,,,,,,,,,,,,,,,,,,,,,,,,,,,,,,,,,,
0,15,28,"{'x': 1367.6309229447352, 'y': -174.36597994906643, 'elapsedTime': 96630.60000002384}",936788099402,5246501988,POINT (0.7123077723670496 -0.1614499814343208),,,,,,,,,,,,,,,,,,,,,,,,,,,,,,,,,,,,,,,,,,,,,,,,,,,,,,,,,,,,,,,,,,,,,,,,,,,,,,,,,,,,,,,,,,,,,,,,,,,,,
0,15,28,"{'x': 1367.6309229447352, 'y': -174.36597994906643, 'elapsedTime': 96630.60000002384}",936788116068,5246518654,POINT (0.7123077723670496 -0.1614499814343208),,,,,,,,,,,,,,,,,,,,,,,,,,,,,,,,,,,,,,,,,,,,,,,,,,,,,,,,,,,,,,,,,,,,,,,,,,,,,,,,,,,,,,,,,,,,,,,,,,,,,
0,15,28,"{'x': 1367.6309229447352, 'y': -174.36597994906643, 'elapsedTime': 96630.60000002384}",936788132735,5246535321,POINT (0.7123077723670496 -0.1614499814343208),,,,,,,,,,,,,,,,,,,,,,,,,,,,,,,,,,,,,,,,,,,,,,,,,,,,,,,,,,,,,,,,,,,,,,,,,,,,,,,,,,,,,,,,,,,,,,,,,,,,,
0,15,28,"{'x': 1318.0710566722842, 'y': -117.34234666274448, 'elapsedTime': 96678.10000002384}",936788149403,5246551988,POINT (0.6864953420168146 -0.1086503209840227),,,,,,,,,,,,,,,,,,,,,,,,,,,,,,,,,,,,,,,,,,,,,,,,,,,,,,,,,,,,,,,,,,,,,,,,,,,,,,,,,,,,,,,,,,,,,,,,,,,,,
0,15,28,"{'x': 1318.0710566722842, 'y': -117.34234666274448, 'elapsedTime': 96678.10000002384}",936788166069,5246568654,POINT (0.6864953420168146 -0.1086503209840227),,,,,,,,,,,,,,,,,,,,,,,,,,,,,,,,,,,,,,,,,,,,,,,,,,,,,,,,,,,,,,,,,,,,,,,,,,,,,,,,,,,,,,,,,,,,,,,,,,,,,
0,15,28,"{'x': 1287.615769205665, 'y': -53.892213290506206, 'elapsedTime': 96726}",936788182740,5246585324,POINT (0.6706332131279505 -0.0499001974912094),,,,,,,,,,,,,,,,,,,,,,,,,,,,,,,,,,,,,,,,,,,,,,,,,,,,,,,,,,,,,,,,,,,,,,,,,,,,,,,,,,,,,,,,,,,,,,,,,,,,,
0,15,28,"{'x': 1287.615769205665, 'y': -53.892213290506206, 'elapsedTime': 96726}",936788199407,5246601991,POINT (0.6706332131279505 -0.0499001974912094),,,,,,,,,,,,,,,,,,,,,,,,,,,,,,,,,,,,,,,,,,,,,,,,,,,,,,,,,,,,,,,,,,,,,,,,,,,,,,,,,,,,,,,,,,,,,,,,,,,,,
0,15,28,"{'x': 1287.615769205665, 'y': -53.892213290506206, 'elapsedTime': 96726}",936788216075,5246618658,POINT (0.6706332131279505 -0.0499001974912094),,,,,,,,,,,,,,,,,,,,,,,,,,,,,,,,,,,,,,,,,,,,,,,,,,,,,,,,,,,,,,,,,,,,,,,,,,,,,,,,,,,,,,,,,,,,,,,,,,,,,
0,15,28,"{'x': 1272.272292895493, 'y': -49.425612869499695, 'elapsedTime': 96773.20000004768}",936788232742,5246635325,POINT (0.6626418192164025 -0.0457644563606479),,,,,,,,,,,,,,,,,,,,,,,,,,,,,,,,,,,,,,,,,,,,,,,,,,,,,,,,,,,,,,,,,,,,,,,,,,,,,,,,,,,,,,,,,,,,,,,,,,,,,
0,15,28,"{'x': 1272.272292895493, 'y': -49.425612869499695, 'elapsedTime': 96773.20000004768}",936788249409,5246651991,POINT (0.6626418192164025 -0.0457644563606479),,,,,,,,,,,,,,,,,,,,,,,,,,,,,,,,,,,,,,,,,,,,,,,,,,,,,,,,,,,,,,,,,,,,,,,,,,,,,,,,,,,,,,,,,,,,,,,,,,,,,
0,15,28,"{'x': 1272.272292895493, 'y': -49.425612869499695, 'elapsedTime': 96773.20000004768}",936788266076,5246668658,POINT (0.6626418192164025 -0.0457644563606479),,,,,,,,,,,,,,,,,,,,,,,,,,,,,,,,,,,,,,,,,,,,,,,,,,,,,,,,,,,,,,,,,,,,,,,,,,,,,,,,,,,,,,,,,,,,,,,,,,,,,
0,15,28,"{'x': 1302.6455022950227, 'y': -10.262867804697812, 'elapsedTime': 96823.60000002384}",936788282743,5246685324,POINT (0.678461199111991 -0.0095026553747202),,,,,,,,,,,,,,,,,,,,,,,,,,,,,,,,,,,,,,,,,,,,,,,,,,,,,,,,,,,,,,,,,,,,,,,,,,,,,,,,,,,,,,,,,,,,,,,,,,,,,
0,15,28,"{'x': 1302.6455022950227, 'y': -10.262867804697812, 'elapsedTime': 96823.60000002384}",936788299410,5246701991,POINT (0.678461199111991 -0.0095026553747202),,,,,,,,,,,,,,,,,,,,,,,,,,,,,,,,,,,,,,,,,,,,,,,,,,,,,,,,,,,,,,,,,,,,,,,,,,,,,,,,,,,,,,,,,,,,,,,,,,,,,
0,15,28,"{'x': 1302.6455022950227, 'y': -10.262867804697812, 'elapsedTime': 96823.60000002384}",936788316082,5246718662,POINT (0.678461199111991 -0.0095026553747202),,,,,,,,,,,,,,,,,,,,,,,,,,,,,,,,,,,,,,,,,,,,,,,,,,,,,,,,,,,,,,,,,,,,,,,,,,,,,,,,,,,,,,,,,,,,,,,,,,,,,
0,15,28,"{'x': 1274.5372008992722, 'y': 33.97290486524719, 'elapsedTime': 96871.30000007153}",936788332748,5246735328,POINT (0.6638214588017043 0.0314563933937474),,,,,,,,,,,,,,,,,,,,,,,,,,,,,,,,,,,,,,,,,,,,,,,,,,,,,,,,,,,,,,,,,,,,,,,,,,,,,,,,,,,,,,,,,,,,,,,,,,,,,
0,15,28,"{'x': 1274.5372008992722, 'y': 33.97290486524719, 'elapsedTime': 96871.30000007153}",936788349416,5246751995,POINT (0.6638214588017043 0.0314563933937474),,,,,,,,,,,,,,,,,,,,,,,,,,,,,,,,,,,,,,,,,,,,,,,,,,,,,,,,,,,,,,,,,,,,,,,,,,,,,,,,,,,,,,,,,,,,,,,,,,,,,
0,15,28,"{'x': 1274.5372008992722, 'y': 33.97290486524719, 'elapsedTime': 96871.30000007153}",936788366082,5246768661,POINT (0.6638214588017043 0.0314563933937474),,,,,,,,,,,,,,,,,,,,,,,,,,,,,,,,,,,,,,,,,,,,,,,,,,,,,,,,,,,,,,,,,,,,,,,,,,,,,,,,,,,,,,,,,,,,,,,,,,,,,
0,15,28,"{'x': 1223.6208380213716, 'y': 94.42821850289525, 'elapsedTime': 96919.5}",936788382750,5246785328,POINT (0.6373025198027977 0.0874335356508289),,,,,,,,,,,,,,,,,,,,,,,,,,,,,,,,,,,,,,,,,,,,,,,,,,,,,,,,,,,,,,,,,,,,,,,,,,,,,,,,,,,,,,,,,,,,,,,,,,,,,
0,15,28,"{'x': 1223.6208380213716, 'y': 94.42821850289525, 'elapsedTime': 96919.5}",936788399417,5246801995,POINT (0.6373025198027977 0.0874335356508289),,,,,,,,,,,,,,,,,,,,,,,,,,,,,,,,,,,,,,,,,,,,,,,,,,,,,,,,,,,,,,,,,,,,,,,,,,,,,,,,,,,,,,,,,,,,,,,,,,,,,
0,15,28,"{'x': 1223.6208380213716, 'y': 94.42821850289525, 'elapsedTime': 96919.5}",936788416084,5246818661,POINT (0.6373025198027977 0.0874335356508289),,,,,,,,,,,,,,,,,,,,,,,,,,,,,,,,,,,,,,,,,,,,,,,,,,,,,,,,,,,,,,,,,,,,,,,,,,,,,,,,,,,,,,,,,,,,,,,,,,,,,
0,15,28,"{'x': 1191.9897782393675, 'y': 127.46134167148823, 'elapsedTime': 96968.20000004768}",936788432751,5246835328,POINT (0.6208280094996705 0.1180197608069336),,,,,,,,,,,,,,,,,,,,,,,,,,,,,,,,,,,,,,,,,,,,,,,,,,,,,,,,,,,,,,,,,,,,,,,,,,,,,,,,,,,,,,,,,,,,,,,,,,,,,
0,15,28,"{'x': 1191.9897782393675, 'y': 127.46134167148823, 'elapsedTime': 96968.20000004768}",936788449423,5246851999,POINT (0.6208280094996705 0.1180197608069336),,,,,,,,,,,,,,,,,,,,,,,,,,,,,,,,,,,,,,,,,,,,,,,,,,,,,,,,,,,,,,,,,,,,,,,,,,,,,,,,,,,,,,,,,,,,,,,,,,,,,
0,15,28,"{'x': 1191.9897782393675, 'y': 127.46134167148823, 'elapsedTime': 96968.20000004768}",936788466091,5246868667,POINT (0.6208280094996705 0.1180197608069336),,,,,,,,,,,,,,,,,,,,,,,,,,,,,,,,,,,,,,,,,,,,,,,,,,,,,,,,,,,,,,,,,,,,,,,,,,,,,,,,,,,,,,,,,,,,,,,,,,,,,
0,15,28,"{'x': 1124.098662245198, 'y': 185.30686253466897, 'elapsedTime': 97015.60000002384}",936788482758,5246885333,POINT (0.5854680532527073 0.1715804282728416),,,,,,,,,,,,,,,,,,,,,,,,,,,,,,,,,,,,,,,,,,,,,,,,,,,,,,,,,,,,,,,,,,,,,,,,,,,,,,,,,,,,,,,,,,,,,,,,,,,1,,
0,15,28,"{'x': 1124.098662245198, 'y': 185.30686253466897, 'elapsedTime': 97015.60000002384}",936788499425,5246902000,POINT (0.5854680532527073 0.1715804282728416),,,,,,,,,,,,,,,,,,,,,,,,,,,,,,,,,,,,,,,,,,,,,,,,,,,,,,,,,,,,,,,,,,,,,,,,,,,,,,,,,,,,,,,,,,,,,,,,,,,1,,
0,15,28,"{'x': 1124.098662245198, 'y': 185.30686253466897, 'elapsedTime': 97015.60000002384}",936788516093,5246918667,POINT (0.5854680532527073 0.1715804282728416),,,,,,,,,,,,,,,,,,,,,,,,,,,,,,,,,,,,,,,,,,,,,,,,,,,,,,,,,,,,,,,,,,,,,,,,,,,,,,,,,,,,,,,,,,,,,,,,,,,1,,
0,15,28,"{'x': 1072.4933400105415, 'y': 322.9018233018696, 'elapsedTime': 97062.80000007153}",936788532759,5246935333,POINT (0.5585902812554904 0.2989831697239533),,,,,,,,,,,,,,,,,,,,,,,,,,,,,,,,,,,,,,,,,,,,,,,,,,,,,,,,,,,,,,,,,,,,,,,,,,,,,,,,,,,,,,,,,,,,,,,,,,,,1,
0,15,28,"{'x': 1072.4933400105415, 'y': 322.9018233018696, 'elapsedTime': 97062.80000007153}",936788549427,5246952000,POINT (0.5585902812554904 0.2989831697239533),,,,,,,,,,,,,,,,,,,,,,,,,,,,,,,,,,,,,,,,,,,,,,,,,,,,,,,,,,,,,,,,,,,,,,,,,,,,,,,,,,,,,,,,,,,,,,,,,,,,1,
0,15,28,"{'x': 954.9154990193294, 'y': 531.8607120482407, 'elapsedTime': 97109.60000002384}",936788566093,5246968666,POINT (0.4973518224059008 0.4924636222668895),,,,,,,,,,,,,,,,,,,,,,,,,,,,,,,,,,,,,,,,,,,,,,,,,,,,,,,,,,,,,,,,,,,,,,,,,,,,,,,,,,,,,,,,,,,,,,,,,,,,1,
0,15,28,"{'x': 954.9154990193294, 'y': 531.8607120482407, 'elapsedTime': 97109.60000002384}",936788582767,5246985339,POINT (0.4973518224059008 0.4924636222668895),,,,,,,,,,,,,,,,,,,,,,,,,,,,,,,,,,,,,,,,,,,,,,,,,,,,,,,,,,,,,,,,,,,,,,,,,,,,,,,,,,,,,,,,,,,,,,,,,,,,1,
0,15,28,"{'x': 954.9154990193294, 'y': 531.8607120482407, 'elapsedTime': 97109.60000002384}",936788599434,5247002006,POINT (0.4973518224059008 0.4924636222668895),,,,,,,,,,,,,,,,,,,,,,,,,,,,,,,,,,,,,,,,,,,,,,,,,,,,,,,,,,,,,,,,,,,,,,,,,,,,,,,,,,,,,,,,,,,,,,,,,,,,1,
0,15,28,"{'x': 720.3717911972882, 'y': 778.6727348933302, 'elapsedTime': 97155.80000007153}",936788616101,5247018672,POINT (0.3751936412485876 0.7209932730493799),,,,,,,,,,,,,,,,,,,,,,,,,,,,,,,,,,,,,,,,,,,,,,,,,,,,,,,,,,,,,,,,,,,,,,,,,,,,,,,,,,,,,,,,,,,,,,,,,,,,,
0,15,28,"{'x': 720.3717911972882, 'y': 778.6727348933302, 'elapsedTime': 97155.80000007153}",936788632768,5247035339,POINT (0.3751936412485876 0.7209932730493799),,,,,,,,,,,,,,,,,,,,,,,,,,,,,,,,,,,,,,,,,,,,,,,,,,,,,,,,,,,,,,,,,,,,,,,,,,,,,,,,,,,,,,,,,,,,,,,,,,,,,
0,15,28,"{'x': 720.3717911972882, 'y': 778.6727348933302, 'elapsedTime': 97155.80000007153}",936788649435,5247052005,POINT (0.3751936412485876 0.7209932730493799),,,,,,,,,,,,,,,,,,,,,,,,,,,,,,,,,,,,,,,,,,,,,,,,,,,,,,,,,,,,,,,,,,,,,,,,,,,,,,,,,,,,,,,,,,,,,,,,,,,,,
0,15,28,"{'x': 760.7412887668743, 'y': 745.5043027382821, 'elapsedTime': 97203.5}",936788666102,5247068672,POINT (0.396219421232747 0.6902817617947057),,,,,,,,,,,,,,,,,,,,,,,,,,,,,,,,,,,,,,,,,,,,,,,,,,,,,,,,,,,,,,,,,,,,,,,,,,,,,,,,,,,,,,,,,,,,,,,,,,,,,1
0,15,28,"{'x': 760.7412887668743, 'y': 745.5043027382821, 'elapsedTime': 97203.5}",936788682770,5247085339,POINT (0.396219421232747 0.6902817617947057),,,,,,,,,,,,,,,,,,,,,,,,,,,,,,,,,,,,,,,,,,,,,,,,,,,,,,,,,,,,,,,,,,,,,,,,,,,,,,,,,,,,,,,,,,,,,,,,,,,,,1
0,15,28,"{'x': 760.7412887668743, 'y': 745.5043027382821, 'elapsedTime': 97203.5}",936788699442,5247102011,POINT (0.396219421232747 0.6902817617947057),,,,,,,,,,,,,,,,,,,,,,,,,,,,,,,,,,,,,,,,,,,,,,,,,,,,,,,,,,,,,,,,,,,,,,,,,,,,,,,,,,,,,,,,,,,,,,,,,,,,,1
0,15,28,"{'x': 777.2402442589934, 'y': 699.8051807691066, 'elapsedTime': 97248.20000004768}",936788716111,5247118679,POINT (0.4048126272182257 0.647967759971395),,,,,,,,,,,,,,,,,,,,,,,,,,,,,,,,,,,,,,,,,,,,,,,,,,,,,,,,,,,,,,,,,,,,,,,,,,,,,,,,,,,,,,,,,,,,,,,,,,,,,1
0,15,28,"{'x': 777.2402442589934, 'y': 699.8051807691066, 'elapsedTime': 97248.20000004768}",936788732777,5247135345,POINT (0.4048126272182257 0.647967759971395),,,,,,,,,,,,,,,,,,,,,,,,,,,,,,,,,,,,,,,,,,,,,,,,,,,,,,,,,,,,,,,,,,,,,,,,,,,,,,,,,,,,,,,,,,,,,,,,,,,,,1
0,15,28,"{'x': 777.2402442589934, 'y': 699.8051807691066, 'elapsedTime': 97248.20000004768}",936788749445,5247152012,POINT (0.4048126272182257 0.647967759971395),,,,,,,,,,,,,,,,,,,,,,,,,,,,,,,,,,,,,,,,,,,,,,,,,,,,,,,,,,,,,,,,,,,,,,,,,,,,,,,,,,,,,,,,,,,,,,,,,,,,,1
0,15,28,"{'x': 869.2814781199426, 'y': 761.3188153977776, 'elapsedTime': 97297.89999997616}",936788766111,5247168678,POINT (0.4527507698541368 0.7049248290720163),,,,,,,,,,,,,,,,,,,,,,,,,,,,,,,,,,,,,,,,,,,,,,,,,,,,,,,,,,,,,,,,,,,,,,,,,,,,,,,,,,,,,,,,,,,,,,,,,,,,,1
0,15,28,"{'x': 869.2814781199426, 'y': 761.3188153977776, 'elapsedTime': 97297.89999997616}",936788782779,5247185345,POINT (0.4527507698541368 0.7049248290720163),,,,,,,,,,,,,,,,,,,,,,,,,,,,,,,,,,,,,,,,,,,,,,,,,,,,,,,,,,,,,,,,,,,,,,,,,,,,,,,,,,,,,,,,,,,,,,,,,,,,,1
0,15,28,"{'x': 869.2814781199426, 'y': 761.3188153977776, 'elapsedTime': 97297.89999997616}",936788799446,5247202012,POINT (0.4527507698541368 0.7049248290720163),,,,,,,,,,,,,,,,,,,,,,,,,,,,,,,,,,,,,,,,,,,,,,,,,,,,,,,,,,,,,,,,,,,,,,,,,,,,,,,,,,,,,,,,,,,,,,,,,,,,,1
0,15,28,"{'x': 824.7268101428555, 'y': 695.3988383281466, 'elapsedTime': 97348.5}",936788816112,5247218678,POINT (0.4295452136160706 0.6438878132668023),,,,,,,,,,,,,,,,,,,,,,,,,,,,,,,,,,,,,,,,,,,,,,,,,,,,,,,,,,,,,,,,,,,,,,,,,,,,,,,,,,,,,,,,,,,,,,,,,,,,,1
0,15,28,"{'x': 824.7268101428555, 'y': 695.3988383281466, 'elapsedTime': 97348.5}",936788832784,5247235349,POINT (0.4295452136160706 0.6438878132668023),,,,,,,,,,,,,,,,,,,,,,,,,,,,,,,,,,,,,,,,,,,,,,,,,,,,,,,,,,,,,,,,,,,,,,,,,,,,,,,,,,,,,,,,,,,,,,,,,,,,,1
0,15,28,"{'x': 824.7268101428555, 'y': 695.3988383281466, 'elapsedTime': 97348.5}",936788849450,5247252015,POINT (0.4295452136160706 0.6438878132668023),,,,,,,,,,,,,,,,,,,,,,,,,,,,,,,,,,,,,,,,,,,,,,,,,,,,,,,,,,,,,,,,,,,,,,,,,,,,,,,,,,,,,,,,,,,,,,,,,,,,,1
0,15,28,"{'x': 705.277678288177, 'y': 650.3800896936772, 'elapsedTime': 97399}",936788866118,5247268682,POINT (0.3673321241084255 0.6022037867534048),,,,,,,,,,,,,,,,,,,,,,,,,,,,,,,,,,,,,,,,,,,,,,,,,,,,,,,,,,,,,,,,,,,,,,,,,,,,,,,,,,,,,,,,,,,,,,,,,,,,,
0,15,28,"{'x': 705.277678288177, 'y': 650.3800896936772, 'elapsedTime': 97399}",936788882785,5247285349,POINT (0.3673321241084255 0.6022037867534048),,,,,,,,,,,,,,,,,,,,,,,,,,,,,,,,,,,,,,,,,,,,,,,,,,,,,,,,,,,,,,,,,,,,,,,,,,,,,,,,,,,,,,,,,,,,,,,,,,,,,
0,15,28,"{'x': 705.277678288177, 'y': 650.3800896936772, 'elapsedTime': 97399}",936788899453,5247302016,POINT (0.3673321241084255 0.6022037867534048),,,,,,,,,,,,,,,,,,,,,,,,,,,,,,,,,,,,,,,,,,,,,,,,,,,,,,,,,,,,,,,,,,,,,,,,,,,,,,,,,,,,,,,,,,,,,,,,,,,,,
0,15,28,"{'x': 593.2536045435435, 'y': 601.1529986670383, 'elapsedTime': 97450.5}",936788916119,5247318682,POINT (0.3089862523664289 0.5566231469139243),,,,,,,,,,,,,,,,,,,,,,,,,,,,,,,,,,,,,,,,,,,,,,,,,,,,,,,,,,,,,,,,,,,,,,,,,,,,,,,,,,,,,,,,,,,,,,,,,,,,1,
0,15,28,"{'x': 593.2536045435435, 'y': 601.1529986670383, 'elapsedTime': 97450.5}",936788932787,5247335349,POINT (0.3089862523664289 0.5566231469139243),,,,,,,,,,,,,,,,,,,,,,,,,,,,,,,,,,,,,,,,,,,,,,,,,,,,,,,,,,,,,,,,,,,,,,,,,,,,,,,,,,,,,,,,,,,,,,,,,,,,1,
0,15,28,"{'x': 593.2536045435435, 'y': 601.1529986670383, 'elapsedTime': 97450.5}",936788949454,5247352016,POINT (0.3089862523664289 0.5566231469139243),,,,,,,,,,,,,,,,,,,,,,,,,,,,,,,,,,,,,,,,,,,,,,,,,,,,,,,,,,,,,,,,,,,,,,,,,,,,,,,,,,,,,,,,,,,,,,,,,,,,1,
0,15,28,"{'x': 618.4623393585207, 'y': 562.6037945155016, 'elapsedTime': 97501.70000004768}",936788966125,5247368686,POINT (0.3221158017492296 0.5209294393662052),,,,,,,,,,,,,,,,,,,,,,,,,,,,,,,,,,,,,,,,,,,,,,,,,,,,,,,,,,,,,,,,,,,,,,,,,,,,,,,,,,,,,,,,,,,,,,,,,,,,1,
0,15,28,"{'x': 618.4623393585207, 'y': 562.6037945155016, 'elapsedTime': 97501.70000004768}",936788982792,5247385353,POINT (0.3221158017492296 0.5209294393662052),,,,,,,,,,,,,,,,,,,,,,,,,,,,,,,,,,,,,,,,,,,,,,,,,,,,,,,,,,,,,,,,,,,,,,,,,,,,,,,,,,,,,,,,,,,,,,,,,,,,1,
0,15,28,"{'x': 618.4623393585207, 'y': 562.6037945155016, 'elapsedTime': 97501.70000004768}",936788999460,5247402020,POINT (0.3221158017492296 0.5209294393662052),,,,,,,,,,,,,,,,,,,,,,,,,,,,,,,,,,,,,,,,,,,,,,,,,,,,,,,,,,,,,,,,,,,,,,,,,,,,,,,,,,,,,,,,,,,,,,,,,,,,1,
0,15,28,"{'x': 618.4623393585207, 'y': 562.6037945155016, 'elapsedTime': 97501.70000004768}",936789016126,5247418686,POINT (0.3221158017492296 0.5209294393662052),,,,,,,,,,,,,,,,,,,,,,,,,,,,,,,,,,,,,,,,,,,,,,,,,,,,,,,,,,,,,,,,,,,,,,,,,,,,,,,,,,,,,,,,,,,,,,,,,,,,1,
0,15,28,"{'x': 580.2080532946211, 'y': 599.8484339618551, 'elapsedTime': 97556.10000002384}",936789032794,5247435353,POINT (0.3021916944242818 0.5554152166313473),,,,,,,,,,,,,,,,,,,,,,,,,,,,,,,,,,,,,,,,,,,,,,,,,,,,,,,,,,,,,,,,,,,,,,,,,,,,,,,,,,,,,,,,,,,,,,,,,,,,1,
0,15,28,"{'x': 580.2080532946211, 'y': 599.8484339618551, 'elapsedTime': 97556.10000002384}",936789049460,5247452019,POINT (0.3021916944242818 0.5554152166313473),,,,,,,,,,,,,,,,,,,,,,,,,,,,,,,,,,,,,,,,,,,,,,,,,,,,,,,,,,,,,,,,,,,,,,,,,,,,,,,,,,,,,,,,,,,,,,,,,,,,1,
0,15,28,"{'x': 580.2080532946211, 'y': 599.8484339618551, 'elapsedTime': 97556.10000002384}",936789066128,5247468686,POINT (0.3021916944242818 0.5554152166313473),,,,,,,,,,,,,,,,,,,,,,,,,,,,,,,,,,,,,,,,,,,,,,,,,,,,,,,,,,,,,,,,,,,,,,,,,,,,,,,,,,,,,,,,,,,,,,,,,,,,1,
0,15,28,"{'x': 674.144301296803, 'y': 506.39993344591164, 'elapsedTime': 97619.39999997616}",936789082795,5247485353,POINT (0.3511168235920848 0.468888827264733),,,,,,,,,,,,,,,,,,,,,,,,,,,,,,,,,,,,,,,,,,,,,,,,,,,,,,,,,,,,,,,,,,,,,,,,,,,,,,,,,,,,,,,,,,,,,,,,,,,,,
0,15,28,"{'x': 674.144301296803, 'y': 506.39993344591164, 'elapsedTime': 97619.39999997616}",936789099465,5247502022,POINT (0.3511168235920848 0.468888827264733),,,,,,,,,,,,,,,,,,,,,,,,,,,,,,,,,,,,,,,,,,,,,,,,,,,,,,,,,,,,,,,,,,,,,,,,,,,,,,,,,,,,,,,,,,,,,,,,,,,,,
0,15,28,"{'x': 674.144301296803, 'y': 506.39993344591164, 'elapsedTime': 97619.39999997616}",936789116131,5247518688,POINT (0.3511168235920848 0.468888827264733),,,,,,,,,,,,,,,,,,,,,,,,,,,,,,,,,,,,,,,,,,,,,,,,,,,,,,,,,,,,,,,,,,,,,,,,,,,,,,,,,,,,,,,,,,,,,,,,,,,,,
0,15,28,"{'x': 674.144301296803, 'y': 506.39993344591164, 'elapsedTime': 97619.39999997616}",936789132799,5247535355,POINT (0.3511168235920848 0.468888827264733),,,,,,,,,,,,,,,,,,,,,,,,,,,,,,,,,,,,,,,,,,,,,,,,,,,,,,,,,,,,,,,,,,,,,,,,,,,,,,,,,,,,,,,,,,,,,,,,,,,,,
0,15,28,"{'x': 617.1622400316082, 'y': 436.13114221470823, 'elapsedTime': 97673.10000002384}",936789149465,5247552021,POINT (0.3214386666831293 0.4038251316802854),,,,,,,,,,,,,,,,,,,,,,,,,,,,,,,,,,,,,,,,,,,,,,,,,,,,,,,,,,,,,,,,,,,,,,,,,,,,,,,,,,,,,,,,,,,,,,,,,,,,,
0,15,28,"{'x': 617.1622400316082, 'y': 436.13114221470823, 'elapsedTime': 97673.10000002384}",936789166133,5247568688,POINT (0.3214386666831293 0.4038251316802854),,,,,,,,,,,,,,,,,,,,,,,,,,,,,,,,,,,,,,,,,,,,,,,,,,,,,,,,,,,,,,,,,,,,,,,,,,,,,,,,,,,,,,,,,,,,,,,,,,,,,
0,15,28,"{'x': 617.1622400316082, 'y': 436.13114221470823, 'elapsedTime': 97673.10000002384}",936789182799,5247585354,POINT (0.3214386666831293 0.4038251316802854),,,,,,,,,,,,,,,,,,,,,,,,,,,,,,,,,,,,,,,,,,,,,,,,,,,,,,,,,,,,,,,,,,,,,,,,,,,,,,,,,,,,,,,,,,,,,,,,,,,,,
0,15,28,"{'x': 602.3967047325913, 'y': 390.7480719917537, 'elapsedTime': 97734.5}",936789199467,5247602021,POINT (0.3137482837148913 0.3618037703627349),,,,,,,,,,,,,,,,,,,,,,,,,,,,,,,,,,,,,,,,,,,,,,,,,,,,,,,,,,,,,,,,,,,,,,,,,,,,,,,,,,,,,,,,,,,,,,,,,,,,,
0,15,28,"{'x': 602.3967047325913, 'y': 390.7480719917537, 'elapsedTime': 97734.5}",936789216134,5247618688,POINT (0.3137482837148913 0.3618037703627349),,,,,,,,,,,,,,,,,,,,,,,,,,,,,,,,,,,,,,,,,,,,,,,,,,,,,,,,,,,,,,,,,,,,,,,,,,,,,,,,,,,,,,,,,,,,,,,,,,,,,
0,15,28,"{'x': 602.3967047325913, 'y': 390.7480719917537, 'elapsedTime': 97734.5}",936789232809,5247635362,POINT (0.3137482837148913 0.3618037703627349),,,,,,,,,,,,,,,,,,,,,,,,,,,,,,,,,,,,,,,,,,,,,,,,,,,,,,,,,,,,,,,,,,,,,,,,,,,,,,,,,,,,,,,,,,,,,,,,,,,,,
0,15,28,"{'x': 689.6109573256069, 'y': 354.81211609926726, 'elapsedTime': 97785.89999997616}",936789249476,5247652029,POINT (0.3591723736070869 0.3285297371289512),,,,,,,,,,,,,,,,,,,,,,,,,,,,,,,,,,,,,,,,,,,,,,,,,,,,,,,,,,,,,,,,,,,,,,,,,,,,,,,,,,,,,,,,,,,,,,,,,,,,,
0,15,28,"{'x': 689.6109573256069, 'y': 354.81211609926726, 'elapsedTime': 97785.89999997616}",936789266143,5247668695,POINT (0.3591723736070869 0.3285297371289512),,,,,,,,,,,,,,,,,,,,,,,,,,,,,,,,,,,,,,,,,,,,,,,,,,,,,,,,,,,,,,,,,,,,,,,,,,,,,,,,,,,,,,,,,,,,,,,,,,,,,
0,15,28,"{'x': 689.6109573256069, 'y': 354.81211609926726, 'elapsedTime': 97785.89999997616}",936789282809,5247685361,POINT (0.3591723736070869 0.3285297371289512),,,,,,,,,,,,,,,,,,,,,,,,,,,,,,,,,,,,,,,,,,,,,,,,,,,,,,,,,,,,,,,,,,,,,,,,,,,,,,,,,,,,,,,,,,,,,,,,,,,,,
0,15,28,"{'x': 620.7411181368525, 'y': 332.9297622086388, 'elapsedTime': 97835.20000004768}",936789299477,5247702028,POINT (0.3233026656962774 0.3082682983413322),,,,,,,,,,,,,,,,,,,,,,,,,,,,,,,,,,,,,,,,,,,,,,,,,,,,,,,,,,,,,,,,,,,,,,,,,,,,,,,,,,,,,,,,,,,,,,,,,,,,,
0,15,28,"{'x': 620.7411181368525, 'y': 332.9297622086388, 'elapsedTime': 97835.20000004768}",936789316144,5247718695,POINT (0.3233026656962774 0.3082682983413322),,,,,,,,,,,,,,,,,,,,,,,,,,,,,,,,,,,,,,,,,,,,,,,,,,,,,,,,,,,,,,,,,,,,,,,,,,,,,,,,,,,,,,,,,,,,,,,,,,,,,
0,15,28,"{'x': 620.7411181368525, 'y': 332.9297622086388, 'elapsedTime': 97835.20000004768}",936789332812,5247735362,POINT (0.3233026656962774 0.3082682983413322),,,,,,,,,,,,,,,,,,,,,,,,,,,,,,,,,,,,,,,,,,,,,,,,,,,,,,,,,,,,,,,,,,,,,,,,,,,,,,,,,,,,,,,,,,,,,,,,,,,,,
0,15,28,"{'x': 648.9598827190141, 'y': 252.3530418049915, 'elapsedTime': 97887.60000002384}",936789349478,5247752028,POINT (0.3379999389161532 0.2336602238935106),,,,,,,,,,,,,,,,,,,,,,,,,,,,,,,,,,,,,,,,,,,,,,,,,,,,,,,,,,,,,,,,,,,,,,,,,,,,,,,,,,,,,,,,,,,,,,,,,,,,1,
0,15,28,"{'x': 648.9598827190141, 'y': 252.3530418049915, 'elapsedTime': 97887.60000002384}",936789366150,5247768699,POINT (0.3379999389161532 0.2336602238935106),,,,,,,,,,,,,,,,,,,,,,,,,,,,,,,,,,,,,,,,,,,,,,,,,,,,,,,,,,,,,,,,,,,,,,,,,,,,,,,,,,,,,,,,,,,,,,,,,,,,1,
0,15,28,"{'x': 648.9598827190141, 'y': 252.3530418049915, 'elapsedTime': 97887.60000002384}",936789382816,5247785365,POINT (0.3379999389161532 0.2336602238935106),,,,,,,,,,,,,,,,,,,,,,,,,,,,,,,,,,,,,,,,,,,,,,,,,,,,,,,,,,,,,,,,,,,,,,,,,,,,,,,,,,,,,,,,,,,,,,,,,,,,1,
0,15,28,"{'x': 620.2304275994138, 'y': 350.8982086967227, 'elapsedTime': 97939.70000004768}",936789399484,5247802032,POINT (0.3230366810413614 0.3249057487932617),,,,,,,,,,,,,,,,,,,,,,,,,,,,,,,,,,,,,,,,,,,,,,,,,,,,,,,,,,,,,,,,,,,,,,,,,,,,,,,,,,,,,,,,,,,,,,,,,,,,,
0,15,28,"{'x': 620.2304275994138, 'y': 350.8982086967227, 'elapsedTime': 97939.70000004768}",936789416151,5247818699,POINT (0.3230366810413614 0.3249057487932617),,,,,,,,,,,,,,,,,,,,,,,,,,,,,,,,,,,,,,,,,,,,,,,,,,,,,,,,,,,,,,,,,,,,,,,,,,,,,,,,,,,,,,,,,,,,,,,,,,,,,
0,15,28,"{'x': 617.7297525318032, 'y': 404.3193242784301, 'elapsedTime': 97990.89999997616}",936789432818,5247835365,POINT (0.3217342461103142 0.3743697447022501),,,,,,,,,,,,,,,,,,,,,,,,,,,,,,,,,,,,,,,,,,,,,,,,,,,,,,,,,,,,,,,,,,,,,,,,,,,,,,,,,,,,,,,,,,,,,,,,,,,,,
0,15,28,"{'x': 617.7297525318032, 'y': 404.3193242784301, 'elapsedTime': 97990.89999997616}",936789449485,5247852032,POINT (0.3217342461103142 0.3743697447022501),,,,,,,,,,,,,,,,,,,,,,,,,,,,,,,,,,,,,,,,,,,,,,,,,,,,,,,,,,,,,,,,,,,,,,,,,,,,,,,,,,,,,,,,,,,,,,,,,,,,,
0,15,28,"{'x': 617.7297525318032, 'y': 404.3193242784301, 'elapsedTime': 97990.89999997616}",936789466153,5247868699,POINT (0.3217342461103142 0.3743697447022501),,,,,,,,,,,,,,,,,,,,,,,,,,,,,,,,,,,,,,,,,,,,,,,,,,,,,,,,,,,,,,,,,,,,,,,,,,,,,,,,,,,,,,,,,,,,,,,,,,,,,
0,15,28,"{'x': 617.7297525318032, 'y': 404.3193242784301, 'elapsedTime': 97990.89999997616}",936789482820,5247885366,POINT (0.3217342461103142 0.3743697447022501),,,,,,,,,,,,,,,,,,,,,,,,,,,,,,,,,,,,,,,,,,,,,,,,,,,,,,,,,,,,,,,,,,,,,,,,,,,,,,,,,,,,,,,,,,,,,,,,,,,,,
0,15,28,"{'x': 617.7297525318032, 'y': 404.3193242784301, 'elapsedTime': 97990.89999997616}",936789499492,5247902038,POINT (0.3217342461103142 0.3743697447022501),,,,,,,,,,,,,,,,,,,,,,,,,,,,,,,,,,,,,,,,,,,,,,,,,,,,,,,,,,,,,,,,,,,,,,,,,,,,,,,,,,,,,,,,,,,,,,,,,,,,,
0,15,28,"{'x': 620.3271895745528, 'y': 428.97429470372583, 'elapsedTime': 98042.60000002384}",936789516160,5247918705,POINT (0.3230870779034129 0.3971984210219683),,,,,,,,,,,,,,,,,,,,,,,,,,,,,,,,,,,,,,,,,,,,,,,,,,,,,,,,,,,,,,,,,,,,,,,,,,,,,,,,,,,,,,,,,,,,,,,,,,,,,
0,15,28,"{'x': 620.3271895745528, 'y': 428.97429470372583, 'elapsedTime': 98042.60000002384}",936789532826,5247935371,POINT (0.3230870779034129 0.3971984210219683),,,,,,,,,,,,,,,,,,,,,,,,,,,,,,,,,,,,,,,,,,,,,,,,,,,,,,,,,,,,,,,,,,,,,,,,,,,,,,,,,,,,,,,,,,,,,,,,,,,,,
0,15,28,"{'x': 620.3271895745528, 'y': 428.97429470372583, 'elapsedTime': 98042.60000002384}",936789549494,5247952038,POINT (0.3230870779034129 0.3971984210219683),,,,,,,,,,,,,,,,,,,,,,,,,,,,,,,,,,,,,,,,,,,,,,,,,,,,,,,,,,,,,,,,,,,,,,,,,,,,,,,,,,,,,,,,,,,,,,,,,,,,,
0,15,28,"{'x': 549.6296846616265, 'y': 484.09509255220854, 'elapsedTime': 98095.30000007153}",936789566161,5247968705,POINT (0.2862654607612638 0.4482361968076005),,,,,,,,,,,,,,,,,,,,,,,,,,,,,,,,,,,,,,,,,,,,,,,,,,,,,,,,,,,,,,,,,,,,,,,,,,,,,,,,,,,,,,,,,,,,,,,,,,,,,
0,15,28,"{'x': 549.6296846616265, 'y': 484.09509255220854, 'elapsedTime': 98095.30000007153}",936789582829,5247985372,POINT (0.2862654607612638 0.4482361968076005),,,,,,,,,,,,,,,,,,,,,,,,,,,,,,,,,,,,,,,,,,,,,,,,,,,,,,,,,,,,,,,,,,,,,,,,,,,,,,,,,,,,,,,,,,,,,,,,,,,,,
0,15,28,"{'x': 549.6296846616265, 'y': 484.09509255220854, 'elapsedTime': 98095.30000007153}",936789599495,5248002038,POINT (0.2862654607612638 0.4482361968076005),,,,,,,,,,,,,,,,,,,,,,,,,,,,,,,,,,,,,,,,,,,,,,,,,,,,,,,,,,,,,,,,,,,,,,,,,,,,,,,,,,,,,,,,,,,,,,,,,,,,,
0,15,28,"{'x': 481.5761118154042, 'y': 528.8191868790401, 'elapsedTime': 98149}",936789616167,5248018709,POINT (0.250820891570523 0.4896473952583705),,,,,,,,,,,,,,,,,,,,,,,,,,,,,,,,,,,,,,,,,,,,,,,,,,,,,,,,,,,,,,,,,,,,,,,,,,,,,,,,,,,,,,,,,,,,,,,,,,,,,
0,15,28,"{'x': 481.5761118154042, 'y': 528.8191868790401, 'elapsedTime': 98149}",936789632833,5248035375,POINT (0.250820891570523 0.4896473952583705),,,,,,,,,,,,,,,,,,,,,,,,,,,,,,,,,,,,,,,,,,,,,,,,,,,,,,,,,,,,,,,,,,,,,,,,,,,,,,,,,,,,,,,,,,,,,,,,,,,,,
0,15,28,"{'x': 481.5761118154042, 'y': 528.8191868790401, 'elapsedTime': 98149}",936789649501,5248052042,POINT (0.250820891570523 0.4896473952583705),,,,,,,,,,,,,,,,,,,,,,,,,,,,,,,,,,,,,,,,,,,,,,,,,,,,,,,,,,,,,,,,,,,,,,,,,,,,,,,,,,,,,,,,,,,,,,,,,,,,,
0,15,28,"{'x': 505.02595327529184, 'y': 578.73608383503, 'elapsedTime': 98204.39999997616}",936789666168,5248068709,POINT (0.2630343506642145 0.5358667442916943),,,,,,,,,,,,,,,,,,,,,,,,,,,,,,,,,,,,,,,,,,,,,,,,,,,,,,,,,,,,,,,,,,,,,,,,,,,,,,,,,,,,,,,,,,,,,,,,,,,,,
0,15,28,"{'x': 505.02595327529184, 'y': 578.73608383503, 'elapsedTime': 98204.39999997616}",936789682836,5248085376,POINT (0.2630343506642145 0.5358667442916943),,,,,,,,,,,,,,,,,,,,,,,,,,,,,,,,,,,,,,,,,,,,,,,,,,,,,,,,,,,,,,,,,,,,,,,,,,,,,,,,,,,,,,,,,,,,,,,,,,,,,
0,15,28,"{'x': 505.02595327529184, 'y': 578.73608383503, 'elapsedTime': 98204.39999997616}",936789699502,5248102042,POINT (0.2630343506642145 0.5358667442916943),,,,,,,,,,,,,,,,,,,,,,,,,,,,,,,,,,,,,,,,,,,,,,,,,,,,,,,,,,,,,,,,,,,,,,,,,,,,,,,,,,,,,,,,,,,,,,,,,,,,,
0,15,28,"{'x': 564.9718678249179, 'y': 619.1419340373841, 'elapsedTime': 98254}",936789716169,5248118708,POINT (0.2942561811588114 0.5732795685531334),,,,,,,,,,,,,,,,,,,,,,,,,,,,,,,,,,,,,,,,,,,,,,,,,,,,,,,,,,,,,,,,,,,,,,,,,,,,,,,,,,,,,,,,,,,,,,,,,,,,1,
0,15,28,"{'x': 564.9718678249179, 'y': 619.1419340373841, 'elapsedTime': 98254}",936789732837,5248135376,POINT (0.2942561811588114 0.5732795685531334),,,,,,,,,,,,,,,,,,,,,,,,,,,,,,,,,,,,,,,,,,,,,,,,,,,,,,,,,,,,,,,,,,,,,,,,,,,,,,,,,,,,,,,,,,,,,,,,,,,,1,
0,15,28,"{'x': 564.9718678249179, 'y': 619.1419340373841, 'elapsedTime': 98254}",936789749509,5248152047,POINT (0.2942561811588114 0.5732795685531334),,,,,,,,,,,,,,,,,,,,,,,,,,,,,,,,,,,,,,,,,,,,,,,,,,,,,,,,,,,,,,,,,,,,,,,,,,,,,,,,,,,,,,,,,,,,,,,,,,,,1,
0,15,28,"{'x': 564.5565845784705, 'y': 618.954353975822, 'elapsedTime': 98306.5}",936789766176,5248168714,POINT (0.2940398878012867 0.5731058833109463),,,,,,,,,,,,,,,,,,,,,,,,,,,,,,,,,,,,,,,,,,,,,,,,,,,,,,,,,,,,,,,,,,,,,,,,,,,,,,,,,,,,,,,,,,,,,,,,,,,,1,
0,15,28,"{'x': 564.5565845784705, 'y': 618.954353975822, 'elapsedTime': 98306.5}",936789782843,5248185380,POINT (0.2940398878012867 0.5731058833109463),,,,,,,,,,,,,,,,,,,,,,,,,,,,,,,,,,,,,,,,,,,,,,,,,,,,,,,,,,,,,,,,,,,,,,,,,,,,,,,,,,,,,,,,,,,,,,,,,,,,1,
0,15,28,"{'x': 564.5565845784705, 'y': 618.954353975822, 'elapsedTime': 98306.5}",936789799510,5248202047,POINT (0.2940398878012867 0.5731058833109463),,,,,,,,,,,,,,,,,,,,,,,,,,,,,,,,,,,,,,,,,,,,,,,,,,,,,,,,,,,,,,,,,,,,,,,,,,,,,,,,,,,,,,,,,,,,,,,,,,,,1,
0,15,28,"{'x': 564.5565845784705, 'y': 618.954353975822, 'elapsedTime': 98306.5}",936789816178,5248218714,POINT (0.2940398878012867 0.5731058833109463),,,,,,,,,,,,,,,,,,,,,,,,,,,,,,,,,,,,,,,,,,,,,,,,,,,,,,,,,,,,,,,,,,,,,,,,,,,,,,,,,,,,,,,,,,,,,,,,,,,,1,
0,15,28,"{'x': 500.25526361753646, 'y': 660.3543873361136, 'elapsedTime': 98359}",936789832845,5248235381,POINT (0.2605496164674669 0.6114392475334386),,,,,,,,,,,,,,,,,,,,,,,,,,,,,,,,,,,,,,,,,,,,,,,,,,,,,,,,,,,,,,,,,,,,,,,,,,,,,,,,,,,,,,,,,,,,,,,,,,,,,1
0,15,28,"{'x': 500.25526361753646, 'y': 660.3543873361136, 'elapsedTime': 98359}",936789849512,5248252047,POINT (0.2605496164674669 0.6114392475334386),,,,,,,,,,,,,,,,,,,,,,,,,,,,,,,,,,,,,,,,,,,,,,,,,,,,,,,,,,,,,,,,,,,,,,,,,,,,,,,,,,,,,,,,,,,,,,,,,,,,,1
0,15,28,"{'x': 500.25526361753646, 'y': 660.3543873361136, 'elapsedTime': 98359}",936789866178,5248268713,POINT (0.2605496164674669 0.6114392475334386),,,,,,,,,,,,,,,,,,,,,,,,,,,,,,,,,,,,,,,,,,,,,,,,,,,,,,,,,,,,,,,,,,,,,,,,,,,,,,,,,,,,,,,,,,,,,,,,,,,,,1
0,15,28,"{'x': 527.3292634858337, 'y': 572.6269906717566, 'elapsedTime': 98410}",936789882851,5248285385,POINT (0.2746506580655384 0.5302101765479228),,,,,,,,,,,,,,,,,,,,,,,,,,,,,,,,,,,,,,,,,,,,,,,,,,,,,,,,,,,,,,,,,,,,,,,,,,,,,,,,,,,,,,,,,,,,,,,,,,,,,
0,15,28,"{'x': 527.3292634858337, 'y': 572.6269906717566, 'elapsedTime': 98410}",936789899518,5248302052,POINT (0.2746506580655384 0.5302101765479228),,,,,,,,,,,,,,,,,,,,,,,,,,,,,,,,,,,,,,,,,,,,,,,,,,,,,,,,,,,,,,,,,,,,,,,,,,,,,,,,,,,,,,,,,,,,,,,,,,,,,
0,15,28,"{'x': 527.3292634858337, 'y': 572.6269906717566, 'elapsedTime': 98410}",936789916186,5248318719,POINT (0.2746506580655384 0.5302101765479228),,,,,,,,,,,,,,,,,,,,,,,,,,,,,,,,,,,,,,,,,,,,,,,,,,,,,,,,,,,,,,,,,,,,,,,,,,,,,,,,,,,,,,,,,,,,,,,,,,,,,
0,15,28,"{'x': 543.3043491998872, 'y': 560.0765509160457, 'elapsedTime': 98459}",936789932852,5248335385,POINT (0.2829710152082746 0.5185893989963386),,,,,,,,,,,,,,,,,,,,,,,,,,,,,,,,,,,,,,,,,,,,,,,,,,,,,,,,,,,,,,,,,,,,,,,,,,,,,,,,,,,,,,,,,,,,,,,,,,,,,
0,15,28,"{'x': 543.3043491998872, 'y': 560.0765509160457, 'elapsedTime': 98459}",936789949520,5248352052,POINT (0.2829710152082746 0.5185893989963386),,,,,,,,,,,,,,,,,,,,,,,,,,,,,,,,,,,,,,,,,,,,,,,,,,,,,,,,,,,,,,,,,,,,,,,,,,,,,,,,,,,,,,,,,,,,,,,,,,,,,
0,15,28,"{'x': 543.3043491998872, 'y': 560.0765509160457, 'elapsedTime': 98459}",936789966186,5248368718,POINT (0.2829710152082746 0.5185893989963386),,,,,,,,,,,,,,,,,,,,,,,,,,,,,,,,,,,,,,,,,,,,,,,,,,,,,,,,,,,,,,,,,,,,,,,,,,,,,,,,,,,,,,,,,,,,,,,,,,,,,
0,15,28,"{'x': 625.0450301723603, 'y': 511.5025070139999, 'elapsedTime': 98511.39999997616}",936789982854,5248385385,POINT (0.3255442865481043 0.4736134324203703),,,,,,,,,,,,,,,,,,,,,,,,,,,,,,,,,,,,,,,,,,,,,,,,,,,,,,,,,,,,,,,,,,,,,,,,,,,,,,,,,,,,,,,,,,,,,,,,,,,,,
0,15,28,"{'x': 625.0450301723603, 'y': 511.5025070139999, 'elapsedTime': 98511.39999997616}",936789999521,5248402052,POINT (0.3255442865481043 0.4736134324203703),,,,,,,,,,,,,,,,,,,,,,,,,,,,,,,,,,,,,,,,,,,,,,,,,,,,,,,,,,,,,,,,,,,,,,,,,,,,,,,,,,,,,,,,,,,,,,,,,,,,,
0,15,28,"{'x': 625.0450301723603, 'y': 511.5025070139999, 'elapsedTime': 98511.39999997616}",936790016194,5248418724,POINT (0.3255442865481043 0.4736134324203703),,,,,,,,,,,,,,,,,,,,,,,,,,,,,,,,,,,,,,,,,,,,,,,,,,,,,,,,,,,,,,,,,,,,,,,,,,,,,,,,,,,,,,,,,,,,,,,,,,,,,
0,15,28,"{'x': 604.2020285025784, 'y': 471.6276563700311, 'elapsedTime': 98561.70000004768}",936790032860,5248435390,POINT (0.3146885565117596 0.4366922744166954),,,,,,,,,,,,,,,,,,,,,,,,,,,,,,,,,,,,,,,,,,,,,,,,,,,,,,,,,,,,,,,,,,,,,,,,,,,,,,,,,,,,,,,,,,,,,,,,,,,,,
0,15,28,"{'x': 604.2020285025784, 'y': 471.6276563700311, 'elapsedTime': 98561.70000004768}",936790049528,5248452057,POINT (0.3146885565117596 0.4366922744166954),,,,,,,,,,,,,,,,,,,,,,,,,,,,,,,,,,,,,,,,,,,,,,,,,,,,,,,,,,,,,,,,,,,,,,,,,,,,,,,,,,,,,,,,,,,,,,,,,,,,,
0,15,28,"{'x': 604.2020285025784, 'y': 471.6276563700311, 'elapsedTime': 98561.70000004768}",936790066195,5248468724,POINT (0.3146885565117596 0.4366922744166954),,,,,,,,,,,,,,,,,,,,,,,,,,,,,,,,,,,,,,,,,,,,,,,,,,,,,,,,,,,,,,,,,,,,,,,,,,,,,,,,,,,,,,,,,,,,,,,,,,,,,
0,15,28,"{'x': 578.9734633158113, 'y': 510.6991356473577, 'elapsedTime': 98619.30000007153}",936790082862,5248485390,POINT (0.3015486788103184 0.4728695700438497),,,,,,,,,,,,,,,,,,,,,,,,,,,,,,,,,,,,,,,,,,,,,,,,,,,,,,,,,,,,,,,,,,,,,,,,,,,,,,,,,,,,,,,,,,,,,,,,,,,,,
0,15,28,"{'x': 578.9734633158113, 'y': 510.6991356473577, 'elapsedTime': 98619.30000007153}",936790099529,5248502057,POINT (0.3015486788103184 0.4728695700438497),,,,,,,,,,,,,,,,,,,,,,,,,,,,,,,,,,,,,,,,,,,,,,,,,,,,,,,,,,,,,,,,,,,,,,,,,,,,,,,,,,,,,,,,,,,,,,,,,,,,,
0,15,28,"{'x': 578.9734633158113, 'y': 510.6991356473577, 'elapsedTime': 98619.30000007153}",936790116196,5248518723,POINT (0.3015486788103184 0.4728695700438497),,,,,,,,,,,,,,,,,,,,,,,,,,,,,,,,,,,,,,,,,,,,,,,,,,,,,,,,,,,,,,,,,,,,,,,,,,,,,,,,,,,,,,,,,,,,,,,,,,,,,
0,15,28,"{'x': 589.2517267214977, 'y': 609.8944159466496, 'elapsedTime': 98668.10000002384}",936790132863,5248535390,POINT (0.30690194100078 0.5647170518024534),,,,,,,,,,,,,,,,,,,,,,,,,,,,,,,,,,,,,,,,,,,,,,,,,,,,,,,,,,,,,,,,,,,,,,,,,,,,,,,,,,,,,,,,,,,,,,,,,,,,1,
0,15,28,"{'x': 589.2517267214977, 'y': 609.8944159466496, 'elapsedTime': 98668.10000002384}",936790149536,5248552062,POINT (0.30690194100078 0.5647170518024534),,,,,,,,,,,,,,,,,,,,,,,,,,,,,,,,,,,,,,,,,,,,,,,,,,,,,,,,,,,,,,,,,,,,,,,,,,,,,,,,,,,,,,,,,,,,,,,,,,,,1,
0,15,28,"{'x': 589.2517267214977, 'y': 609.8944159466496, 'elapsedTime': 98668.10000002384}",936790166202,5248568728,POINT (0.30690194100078 0.5647170518024534),,,,,,,,,,,,,,,,,,,,,,,,,,,,,,,,,,,,,,,,,,,,,,,,,,,,,,,,,,,,,,,,,,,,,,,,,,,,,,,,,,,,,,,,,,,,,,,,,,,,1,
0,15,28,"{'x': 589.2517267214977, 'y': 609.8944159466496, 'elapsedTime': 98668.10000002384}",936790182870,5248585395,POINT (0.30690194100078 0.5647170518024534),,,,,,,,,,,,,,,,,,,,,,,,,,,,,,,,,,,,,,,,,,,,,,,,,,,,,,,,,,,,,,,,,,,,,,,,,,,,,,,,,,,,,,,,,,,,,,,,,,,,1,
0,15,28,"{'x': 625.2384688530356, 'y': 593.9640035940655, 'elapsedTime': 98718.5}",936790199537,5248602062,POINT (0.325645035860956 0.549966669994505),,,,,,,,,,,,,,,,,,,,,,,,,,,,,,,,,,,,,,,,,,,,,,,,,,,,,,,,,,,,,,,,,,,,,,,,,,,,,,,,,,,,,,,,,,,,,,,,,,,,1,
0,15,28,"{'x': 625.2384688530356, 'y': 593.9640035940655, 'elapsedTime': 98718.5}",936790216203,5248618728,POINT (0.325645035860956 0.549966669994505),,,,,,,,,,,,,,,,,,,,,,,,,,,,,,,,,,,,,,,,,,,,,,,,,,,,,,,,,,,,,,,,,,,,,,,,,,,,,,,,,,,,,,,,,,,,,,,,,,,,1,
0,15,28,"{'x': 612.2345445548157, 'y': 568.4854432682291, 'elapsedTime': 98776.10000002384}",936790232871,5248635395,POINT (0.3188721586222998 0.5263754104335455),,,,,,,,,,,,,,,,,,,,,,,,,,,,,,,,,,,,,,,,,,,,,,,,,,,,,,,,,,,,,,,,,,,,,,,,,,,,,,,,,,,,,,,,,,,,,,,,,,,,1,
0,15,28,"{'x': 612.2345445548157, 'y': 568.4854432682291, 'elapsedTime': 98776.10000002384}",936790249538,5248652062,POINT (0.3188721586222998 0.5263754104335455),,,,,,,,,,,,,,,,,,,,,,,,,,,,,,,,,,,,,,,,,,,,,,,,,,,,,,,,,,,,,,,,,,,,,,,,,,,,,,,,,,,,,,,,,,,,,,,,,,,,1,
0,15,28,"{'x': 612.2345445548157, 'y': 568.4854432682291, 'elapsedTime': 98776.10000002384}",936790266205,5248668728,POINT (0.3188721586222998 0.5263754104335455),,,,,,,,,,,,,,,,,,,,,,,,,,,,,,,,,,,,,,,,,,,,,,,,,,,,,,,,,,,,,,,,,,,,,,,,,,,,,,,,,,,,,,,,,,,,,,,,,,,,1,
0,15,28,"{'x': 659.5951453845134, 'y': 590.8682144440812, 'elapsedTime': 98822.89999997616}",936790282875,5248685398,POINT (0.3435391382211008 0.5471001985593344),,,,,,,,,,,,,,,,,,,,,,,,,,,,,,,,,,,,,,,,,,,,,,,,,,,,,,,,,,,,,,,,,,,,,,,,,,,,,,,,,,,,,,,,,,,,,,,,,,,,1,
0,15,28,"{'x': 659.5951453845134, 'y': 590.8682144440812, 'elapsedTime': 98822.89999997616}",936790299542,5248702064,POINT (0.3435391382211008 0.5471001985593344),,,,,,,,,,,,,,,,,,,,,,,,,,,,,,,,,,,,,,,,,,,,,,,,,,,,,,,,,,,,,,,,,,,,,,,,,,,,,,,,,,,,,,,,,,,,,,,,,,,,1,
0,15,28,"{'x': 659.5951453845134, 'y': 590.8682144440812, 'elapsedTime': 98822.89999997616}",936790316209,5248718731,POINT (0.3435391382211008 0.5471001985593344),,,,,,,,,,,,,,,,,,,,,,,,,,,,,,,,,,,,,,,,,,,,,,,,,,,,,,,,,,,,,,,,,,,,,,,,,,,,,,,,,,,,,,,,,,,,,,,,,,,,1,
0,15,28,"{'x': 648.1527747566361, 'y': 552.4422406065057, 'elapsedTime': 98869.30000007153}",936790332877,5248735398,POINT (0.337579570185748 0.511520593154172),,,,,,,,,,,,,,,,,,,,,,,,,,,,,,,,,,,,,,,,,,,,,,,,,,,,,,,,,,,,,,,,,,,,,,,,,,,,,,,,,,,,,,,,,,,,,,,,,,,,1,
0,15,28,"{'x': 648.1527747566361, 'y': 552.4422406065057, 'elapsedTime': 98869.30000007153}",936790349543,5248752064,POINT (0.337579570185748 0.511520593154172),,,,,,,,,,,,,,,,,,,,,,,,,,,,,,,,,,,,,,,,,,,,,,,,,,,,,,,,,,,,,,,,,,,,,,,,,,,,,,,,,,,,,,,,,,,,,,,,,,,,1,
0,15,28,"{'x': 648.1527747566361, 'y': 552.4422406065057, 'elapsedTime': 98869.30000007153}",936790366212,5248768732,POINT (0.337579570185748 0.511520593154172),,,,,,,,,,,,,,,,,,,,,,,,,,,,,,,,,,,,,,,,,,,,,,,,,,,,,,,,,,,,,,,,,,,,,,,,,,,,,,,,,,,,,,,,,,,,,,,,,,,,1,
0,15,28,"{'x': 573.6819632533258, 'y': 577.6887692277663, 'elapsedTime': 98915.30000007153}",936790382878,5248785398,POINT (0.2987926891944405 0.5348970085442281),,,,,,,,,,,,,,,,,,,,,,,,,,,,,,,,,,,,,,,,,,,,,,,,,,,,,,,,,,,,,,,,,,,,,,,,,,,,,,,,,,,,,,,,,,,,,,,,,,,,1,
0,15,28,"{'x': 573.6819632533258, 'y': 577.6887692277663, 'elapsedTime': 98915.30000007153}",936790399545,5248802064,POINT (0.2987926891944405 0.5348970085442281),,,,,,,,,,,,,,,,,,,,,,,,,,,,,,,,,,,,,,,,,,,,,,,,,,,,,,,,,,,,,,,,,,,,,,,,,,,,,,,,,,,,,,,,,,,,,,,,,,,,1,
0,15,28,"{'x': 573.6819632533258, 'y': 577.6887692277663, 'elapsedTime': 98915.30000007153}",936790416218,5248818737,POINT (0.2987926891944405 0.5348970085442281),,,,,,,,,,,,,,,,,,,,,,,,,,,,,,,,,,,,,,,,,,,,,,,,,,,,,,,,,,,,,,,,,,,,,,,,,,,,,,,,,,,,,,,,,,,,,,,,,,,,1,
0,15,28,"{'x': 645.1733934606186, 'y': 457.076077699926, 'elapsedTime': 98962}",936790432885,5248835403,POINT (0.3360278090940722 0.4232185904628944),,,,,,,,,,,,,,,,,,,,,,,,,,,,,,,,,,,,,,,,,,,,,,,,,,,,,,,,,,,,,,,,,,,,,,,,,,,,,,,,,,,,,,,,,,,,,,,,,,,,,
0,15,28,"{'x': 645.1733934606186, 'y': 457.076077699926, 'elapsedTime': 98962}",936790449552,5248852070,POINT (0.3360278090940722 0.4232185904628944),,,,,,,,,,,,,,,,,,,,,,,,,,,,,,,,,,,,,,,,,,,,,,,,,,,,,,,,,,,,,,,,,,,,,,,,,,,,,,,,,,,,,,,,,,,,,,,,,,,,,
0,15,28,"{'x': 645.1733934606186, 'y': 457.076077699926, 'elapsedTime': 98962}",936790466219,5248868736,POINT (0.3360278090940722 0.4232185904628944),,,,,,,,,,,,,,,,,,,,,,,,,,,,,,,,,,,,,,,,,,,,,,,,,,,,,,,,,,,,,,,,,,,,,,,,,,,,,,,,,,,,,,,,,,,,,,,,,,,,,
0,15,28,"{'x': 676.186900148246, 'y': 586.3076300017419, 'elapsedTime': 99008.30000007153}",936790482886,5248885403,POINT (0.3521806771605448 0.5428774351867981),,,,,,,,,,,,,,,,,,,,,,,,,,,,,,,,,,,,,,,,,,,,,,,,,,,,,,,,,,,,,,,,,,,,,,,,,,,,,,,,,,,,,,,,,,,,,,,,,,,,1,
0,15,28,"{'x': 676.186900148246, 'y': 586.3076300017419, 'elapsedTime': 99008.30000007153}",936790499554,5248902070,POINT (0.3521806771605448 0.5428774351867981),,,,,,,,,,,,,,,,,,,,,,,,,,,,,,,,,,,,,,,,,,,,,,,,,,,,,,,,,,,,,,,,,,,,,,,,,,,,,,,,,,,,,,,,,,,,,,,,,,,,1,
0,15,28,"{'x': 467.3433683023444, 'y': 854.9099142475836, 'elapsedTime': 99056.89999997616}",936790516220,5248918736,POINT (0.2434080043241377 0.7915832539329478),,,,,,,,,,,,,,,,,,,,,,,,,,,,,,,,,,,,,,,,,,,,,,,,,,,,,,,,,,,,,,,,,,,,,,,,,,,,,,,,,,,,,,,,,,,,,,,,,,,,,
0,15,28,"{'x': 467.3433683023444, 'y': 854.9099142475836, 'elapsedTime': 99056.89999997616}",936790532888,5248935403,POINT (0.2434080043241377 0.7915832539329478),,,,,,,,,,,,,,,,,,,,,,,,,,,,,,,,,,,,,,,,,,,,,,,,,,,,,,,,,,,,,,,,,,,,,,,,,,,,,,,,,,,,,,,,,,,,,,,,,,,,,
0,15,28,"{'x': 467.3433683023444, 'y': 854.9099142475836, 'elapsedTime': 99056.89999997616}",936790549560,5248952075,POINT (0.2434080043241377 0.7915832539329478),,,,,,,,,,,,,,,,,,,,,,,,,,,,,,,,,,,,,,,,,,,,,,,,,,,,,,,,,,,,,,,,,,,,,,,,,,,,,,,,,,,,,,,,,,,,,,,,,,,,,
0,15,28,"{'x': 378.2028351248688, 'y': 848.2592423150522, 'elapsedTime': 99104.39999997616}",936790566227,5248968741,POINT (0.1969806432942025 0.7854252243657891),,,,,,,,,,,,,,,,,,,,,,,,,,,,,,,,,,,,,,,,,,,,,,,,,,,,,,,,,,,,,,,,,,,,,,,,,,,,,,,,,,,,,,,,,,,,,,,,,,,,,
0,15,28,"{'x': 378.2028351248688, 'y': 848.2592423150522, 'elapsedTime': 99104.39999997616}",936790582894,5248985408,POINT (0.1969806432942025 0.7854252243657891),,,,,,,,,,,,,,,,,,,,,,,,,,,,,,,,,,,,,,,,,,,,,,,,,,,,,,,,,,,,,,,,,,,,,,,,,,,,,,,,,,,,,,,,,,,,,,,,,,,,,
0,15,28,"{'x': 378.2028351248688, 'y': 848.2592423150522, 'elapsedTime': 99104.39999997616}",936790599561,5249002074,POINT (0.1969806432942025 0.7854252243657891),,,,,,,,,,,,,,,,,,,,,,,,,,,,,,,,,,,,,,,,,,,,,,,,,,,,,,,,,,,,,,,,,,,,,,,,,,,,,,,,,,,,,,,,,,,,,,,,,,,,,
0,15,28,"{'x': 538.2111849134715, 'y': 770.9550782329491, 'elapsedTime': 99151.89999997616}",936790616228,5249018741,POINT (0.2803183254757664 0.7138472946601381),,,,,,,,,,,,,,,,,,,,,,,,,,,,,,,,,,,,,,,,,,,,,,,,,,,,,,,,,,,,,,,,,,,,,,,,,,,,,,,,,,,,,,,,,,,,,,,,,,,,,
0,15,28,"{'x': 538.2111849134715, 'y': 770.9550782329491, 'elapsedTime': 99151.89999997616}",936790632896,5249035408,POINT (0.2803183254757664 0.7138472946601381),,,,,,,,,,,,,,,,,,,,,,,,,,,,,,,,,,,,,,,,,,,,,,,,,,,,,,,,,,,,,,,,,,,,,,,,,,,,,,,,,,,,,,,,,,,,,,,,,,,,,
0,15,28,"{'x': 538.2111849134715, 'y': 770.9550782329491, 'elapsedTime': 99151.89999997616}",936790649562,5249052074,POINT (0.2803183254757664 0.7138472946601381),,,,,,,,,,,,,,,,,,,,,,,,,,,,,,,,,,,,,,,,,,,,,,,,,,,,,,,,,,,,,,,,,,,,,,,,,,,,,,,,,,,,,,,,,,,,,,,,,,,,,
0,15,28,"{'x': 539.7413014929053, 'y': 672.1748887046772, 'elapsedTime': 99200}",936790666235,5249068746,POINT (0.2811152611942215 0.6223841562080344),,,,,,,,,,,,,,,,,,,,,,,,,,,,,,,,,,,,,,,,,,,,,,,,,,,,,,,,,,,,,,,,,,,,,,,,,,,,,,,,,,,,,,,,,,,,,,,,,,,,,1
0,15,28,"{'x': 539.7413014929053, 'y': 672.1748887046772, 'elapsedTime': 99200}",936790682902,5249085413,POINT (0.2811152611942215 0.6223841562080344),,,,,,,,,,,,,,,,,,,,,,,,,,,,,,,,,,,,,,,,,,,,,,,,,,,,,,,,,,,,,,,,,,,,,,,,,,,,,,,,,,,,,,,,,,,,,,,,,,,,,1
0,15,28,"{'x': 539.7413014929053, 'y': 672.1748887046772, 'elapsedTime': 99200}",936790699570,5249102080,POINT (0.2811152611942215 0.6223841562080344),,,,,,,,,,,,,,,,,,,,,,,,,,,,,,,,,,,,,,,,,,,,,,,,,,,,,,,,,,,,,,,,,,,,,,,,,,,,,,,,,,,,,,,,,,,,,,,,,,,,,1
0,15,28,"{'x': 491.22421859542214, 'y': 645.2966554692166, 'elapsedTime': 99256.20000004768}",936790716236,5249118746,POINT (0.2558459471851157 0.5974969032122376),,,,,,,,,,,,,,,,,,,,,,,,,,,,,,,,,,,,,,,,,,,,,,,,,,,,,,,,,,,,,,,,,,,,,,,,,,,,,,,,,,,,,,,,,,,,,,,,,,,,1,
0,15,28,"{'x': 491.22421859542214, 'y': 645.2966554692166, 'elapsedTime': 99256.20000004768}",936790732903,5249135412,POINT (0.2558459471851157 0.5974969032122376),,,,,,,,,,,,,,,,,,,,,,,,,,,,,,,,,,,,,,,,,,,,,,,,,,,,,,,,,,,,,,,,,,,,,,,,,,,,,,,,,,,,,,,,,,,,,,,,,,,,1,
0,15,28,"{'x': 491.22421859542214, 'y': 645.2966554692166, 'elapsedTime': 99256.20000004768}",936790749570,5249152079,POINT (0.2558459471851157 0.5974969032122376),,,,,,,,,,,,,,,,,,,,,,,,,,,,,,,,,,,,,,,,,,,,,,,,,,,,,,,,,,,,,,,,,,,,,,,,,,,,,,,,,,,,,,,,,,,,,,,,,,,,1,
0,15,28,"{'x': 394.8373884068194, 'y': 519.0316262219417, 'elapsedTime': 99303.89999997616}",936790766238,5249168746,POINT (0.2056444731285518 0.4805848390943904),,,,,,,,,,,,,,,,,,,,,,,,,,,,,,,,,,,,,,,,,,,,,,,,,,,,,,,,,,,,,,,,,,,,,,,,,,,,,,,,,,,,,,,,,,,,,,,,,,,,,
0,15,28,"{'x': 394.8373884068194, 'y': 519.0316262219417, 'elapsedTime': 99303.89999997616}",936790782905,5249185413,POINT (0.2056444731285518 0.4805848390943904),,,,,,,,,,,,,,,,,,,,,,,,,,,,,,,,,,,,,,,,,,,,,,,,,,,,,,,,,,,,,,,,,,,,,,,,,,,,,,,,,,,,,,,,,,,,,,,,,,,,,
0,15,28,"{'x': 394.8373884068194, 'y': 519.0316262219417, 'elapsedTime': 99303.89999997616}",936790799576,5249202083,POINT (0.2056444731285518 0.4805848390943904),,,,,,,,,,,,,,,,,,,,,,,,,,,,,,,,,,,,,,,,,,,,,,,,,,,,,,,,,,,,,,,,,,,,,,,,,,,,,,,,,,,,,,,,,,,,,,,,,,,,,
0,15,28,"{'x': 329.1936069690572, 'y': 534.3889509899524, 'elapsedTime': 99349.70000004768}",936790816243,5249218750,POINT (0.1714550036297173 0.4948045842499559),,,,,,,,,,,,,,,,,,,,,,,,,,,,,,,,,,,,,,,,,,,,,,,,,,,,,,,,,,,,,,,,,,,,,,,,,,,,,,,,,,,,,,,,,,,,,,,,,,,,,
0,15,28,"{'x': 329.1936069690572, 'y': 534.3889509899524, 'elapsedTime': 99349.70000004768}",936790832910,5249235416,POINT (0.1714550036297173 0.4948045842499559),,,,,,,,,,,,,,,,,,,,,,,,,,,,,,,,,,,,,,,,,,,,,,,,,,,,,,,,,,,,,,,,,,,,,,,,,,,,,,,,,,,,,,,,,,,,,,,,,,,,,
0,15,28,"{'x': 329.1936069690572, 'y': 534.3889509899524, 'elapsedTime': 99349.70000004768}",936790849578,5249252084,POINT (0.1714550036297173 0.4948045842499559),,,,,,,,,,,,,,,,,,,,,,,,,,,,,,,,,,,,,,,,,,,,,,,,,,,,,,,,,,,,,,,,,,,,,,,,,,,,,,,,,,,,,,,,,,,,,,,,,,,,,
0,15,28,"{'x': 337.9960458803607, 'y': 436.4264790435882, 'elapsedTime': 99397}",936790866245,5249268750,POINT (0.1760396072293546 0.4040985917070261),,,,,,,,,,,,,,,,,,,,,,,,,,,,,,,,,,,,,,,,,,,,,,,,,,,,,,,,,,,,,,,,,,,,,,,,,,,,,,,,,,,,,,,,,,,,,,,,,,,,,
0,15,28,"{'x': 337.9960458803607, 'y': 436.4264790435882, 'elapsedTime': 99397}",936790882912,5249285417,POINT (0.1760396072293546 0.4040985917070261),,,,,,,,,,,,,,,,,,,,,,,,,,,,,,,,,,,,,,,,,,,,,,,,,,,,,,,,,,,,,,,,,,,,,,,,,,,,,,,,,,,,,,,,,,,,,,,,,,,,,
0,15,28,"{'x': 337.9960458803607, 'y': 436.4264790435882, 'elapsedTime': 99397}",936790899578,5249302083,POINT (0.1760396072293546 0.4040985917070261),,,,,,,,,,,,,,,,,,,,,,,,,,,,,,,,,,,,,,,,,,,,,,,,,,,,,,,,,,,,,,,,,,,,,,,,,,,,,,,,,,,,,,,,,,,,,,,,,,,,,
0,15,28,"{'x': 404.52293665234424, 'y': 389.3998188563163, 'elapsedTime': 99445.80000007153}",936790916246,5249318750,POINT (0.2106890295064293 0.3605553878299225),,,,,,,,,,,,,,,,,,,,,,,,,,,,,,,,,,,,,,,,,,,,,,,,,,,,,,,,,,,,,,,,,,,,,,,,,,,,,,,,,,,,,,,,,,,,,,,,,,,,,
0,15,28,"{'x': 404.52293665234424, 'y': 389.3998188563163, 'elapsedTime': 99445.80000007153}",936790932918,5249335422,POINT (0.2106890295064293 0.3605553878299225),,,,,,,,,,,,,,,,,,,,,,,,,,,,,,,,,,,,,,,,,,,,,,,,,,,,,,,,,,,,,,,,,,,,,,,,,,,,,,,,,,,,,,,,,,,,,,,,,,,,,
0,15,28,"{'x': 404.52293665234424, 'y': 389.3998188563163, 'elapsedTime': 99445.80000007153}",936790949587,5249352090,POINT (0.2106890295064293 0.3605553878299225),,,,,,,,,,,,,,,,,,,,,,,,,,,,,,,,,,,,,,,,,,,,,,,,,,,,,,,,,,,,,,,,,,,,,,,,,,,,,,,,,,,,,,,,,,,,,,,,,,,,,
0,15,28,"{'x': 423.67958647389315, 'y': 414.03095483933566, 'elapsedTime': 99494.10000002384}",936790966253,5249368756,POINT (0.220666451288486 0.3833619952216071),,,,,,,,,,,,,,,,,,,,,,,,,,,,,,,,,,,,,,,,,,,,,,,,,,,,,,,,,,,,,,,,,,,,,,,,,,,,,,,,,,,,,,,,,,,,,,,,,,,,,
0,15,28,"{'x': 423.67958647389315, 'y': 414.03095483933566, 'elapsedTime': 99494.10000002384}",936790982921,5249385423,POINT (0.220666451288486 0.3833619952216071),,,,,,,,,,,,,,,,,,,,,,,,,,,,,,,,,,,,,,,,,,,,,,,,,,,,,,,,,,,,,,,,,,,,,,,,,,,,,,,,,,,,,,,,,,,,,,,,,,,,,
0,15,28,"{'x': 423.67958647389315, 'y': 414.03095483933566, 'elapsedTime': 99494.10000002384}",936790999587,5249402089,POINT (0.220666451288486 0.3833619952216071),,,,,,,,,,,,,,,,,,,,,,,,,,,,,,,,,,,,,,,,,,,,,,,,,,,,,,,,,,,,,,,,,,,,,,,,,,,,,,,,,,,,,,,,,,,,,,,,,,,,,
0,15,28,"{'x': 505.73149443641375, 'y': 437.87357870232296, 'elapsedTime': 99543.89999997616}",936791016255,5249418756,POINT (0.2634018200189655 0.4054384987984472),,,,,,,,,,,,,,,,,,,,,,,,,,,,,,,,,,,,,,,,,,,,,,,,,,,,,,,,,,,,,,,,,,,,,,,,,,,,,,,,,,,,,,,,,,,,,,,,,,,,,
0,15,28,"{'x': 505.73149443641375, 'y': 437.87357870232296, 'elapsedTime': 99543.89999997616}",936791032921,5249435422,POINT (0.2634018200189655 0.4054384987984472),,,,,,,,,,,,,,,,,,,,,,,,,,,,,,,,,,,,,,,,,,,,,,,,,,,,,,,,,,,,,,,,,,,,,,,,,,,,,,,,,,,,,,,,,,,,,,,,,,,,,
0,15,28,"{'x': 505.73149443641375, 'y': 437.87357870232296, 'elapsedTime': 99543.89999997616}",936791049589,5249452089,POINT (0.2634018200189655 0.4054384987984472),,,,,,,,,,,,,,,,,,,,,,,,,,,,,,,,,,,,,,,,,,,,,,,,,,,,,,,,,,,,,,,,,,,,,,,,,,,,,,,,,,,,,,,,,,,,,,,,,,,,,
0,15,28,"{'x': 535.2789757735655, 'y': 419.8039636016116, 'elapsedTime': 99603.20000004768}",936791066260,5249468760,POINT (0.2787911332153987 0.3887073737051959),,,,,,,,,,,,,,,,,,,,,,,,,,,,,,,,,,,,,,,,,,,,,,,,,,,,,,,,,,,,,,,,,,,,,,,,,,,,,,,,,,,,,,,,,,,,,,,,,,,,,
0,15,28,"{'x': 535.2789757735655, 'y': 419.8039636016116, 'elapsedTime': 99603.20000004768}",936791082928,5249485427,POINT (0.2787911332153987 0.3887073737051959),,,,,,,,,,,,,,,,,,,,,,,,,,,,,,,,,,,,,,,,,,,,,,,,,,,,,,,,,,,,,,,,,,,,,,,,,,,,,,,,,,,,,,,,,,,,,,,,,,,,,
0,15,28,"{'x': 535.2789757735655, 'y': 419.8039636016116, 'elapsedTime': 99603.20000004768}",936791099594,5249502093,POINT (0.2787911332153987 0.3887073737051959),,,,,,,,,,,,,,,,,,,,,,,,,,,,,,,,,,,,,,,,,,,,,,,,,,,,,,,,,,,,,,,,,,,,,,,,,,,,,,,,,,,,,,,,,,,,,,,,,,,,,
0,15,28,"{'x': 550.9023315477393, 'y': 428.66282346389875, 'elapsedTime': 99648.5}",936791116262,5249518760,POINT (0.2869282976811142 0.3969100217258322),,,,,,,,,,,,,,,,,,,,,,,,,,,,,,,,,,,,,,,,,,,,,,,,,,,,,,,,,,,,,,,,,,,,,,,,,,,,,,,,,,,,,,,,,,,,,,,,,,,,,
0,15,28,"{'x': 550.9023315477393, 'y': 428.66282346389875, 'elapsedTime': 99648.5}",936791132929,5249535427,POINT (0.2869282976811142 0.3969100217258322),,,,,,,,,,,,,,,,,,,,,,,,,,,,,,,,,,,,,,,,,,,,,,,,,,,,,,,,,,,,,,,,,,,,,,,,,,,,,,,,,,,,,,,,,,,,,,,,,,,,,
0,15,28,"{'x': 527.3609471379003, 'y': 439.5215019582745, 'elapsedTime': 99694.5}",936791149596,5249552093,POINT (0.2746671599676564 0.406964353665069),,,,,,,,,,,,,,,,,,,,,,,,,,,,,,,,,,,,,,,,,,,,,,,,,,,,,,,,,,,,,,,,,,,,,,,,,,,,,,,,,,,,,,,,,,,,,,,,,,,,,
0,15,28,"{'x': 527.3609471379003, 'y': 439.5215019582745, 'elapsedTime': 99694.5}",936791166263,5249568760,POINT (0.2746671599676564 0.406964353665069),,,,,,,,,,,,,,,,,,,,,,,,,,,,,,,,,,,,,,,,,,,,,,,,,,,,,,,,,,,,,,,,,,,,,,,,,,,,,,,,,,,,,,,,,,,,,,,,,,,,,
0,15,28,"{'x': 527.3609471379003, 'y': 439.5215019582745, 'elapsedTime': 99694.5}",936791182930,5249585426,POINT (0.2746671599676564 0.406964353665069),,,,,,,,,,,,,,,,,,,,,,,,,,,,,,,,,,,,,,,,,,,,,,,,,,,,,,,,,,,,,,,,,,,,,,,,,,,,,,,,,,,,,,,,,,,,,,,,,,,,,
0,15,28,"{'x': 527.3609471379003, 'y': 439.5215019582745, 'elapsedTime': 99694.5}",936791199601,5249602097,POINT (0.2746671599676564 0.406964353665069),,,,,,,,,,,,,,,,,,,,,,,,,,,,,,,,,,,,,,,,,,,,,,,,,,,,,,,,,,,,,,,,,,,,,,,,,,,,,,,,,,,,,,,,,,,,,,,,,,,,,
0,15,28,"{'x': 527.2428110690221, 'y': 486.73537337312575, 'elapsedTime': 99740.89999997616}",936791216269,5249618764,POINT (0.2746056307651157 0.4506809012714128),,,,,,,,,,,,,,,,,,,,,,,,,,,,,,,,,,,,,,,,,,,,,,,,,,,,,,,,,,,,,,,,,,,,,,,,,,,,,,,,,,,,,,,,,,,,,,,,,,,,,
0,15,28,"{'x': 527.2428110690221, 'y': 486.73537337312575, 'elapsedTime': 99740.89999997616}",936791232936,5249635431,POINT (0.2746056307651157 0.4506809012714128),,,,,,,,,,,,,,,,,,,,,,,,,,,,,,,,,,,,,,,,,,,,,,,,,,,,,,,,,,,,,,,,,,,,,,,,,,,,,,,,,,,,,,,,,,,,,,,,,,,,,
0,15,28,"{'x': 522.2449491009866, 'y': 508.9807296407887, 'elapsedTime': 99792.20000004768}",936791249603,5249652097,POINT (0.2720025776567638 0.4712784533711006),,,,,,,,,,,,,,,,,,,,,,,,,,,,,,,,,,,,,,,,,,,,,,,,,,,,,,,,,,,,,,,,,,,,,,,,,,,,,,,,,,,,,,,,,,,,,,,,,,,,,
0,15,28,"{'x': 522.2449491009866, 'y': 508.9807296407887, 'elapsedTime': 99792.20000004768}",936791266270,5249668764,POINT (0.2720025776567638 0.4712784533711006),,,,,,,,,,,,,,,,,,,,,,,,,,,,,,,,,,,,,,,,,,,,,,,,,,,,,,,,,,,,,,,,,,,,,,,,,,,,,,,,,,,,,,,,,,,,,,,,,,,,,
0,15,28,"{'x': 522.2449491009866, 'y': 508.9807296407887, 'elapsedTime': 99792.20000004768}",936791282937,5249685430,POINT (0.2720025776567638 0.4712784533711006),,,,,,,,,,,,,,,,,,,,,,,,,,,,,,,,,,,,,,,,,,,,,,,,,,,,,,,,,,,,,,,,,,,,,,,,,,,,,,,,,,,,,,,,,,,,,,,,,,,,,
0,15,28,"{'x': 581.2573423612607, 'y': 479.22042576164887, 'elapsedTime': 99838.20000004768}",936791299604,5249702097,POINT (0.30273819914649 0.4437226164459712),,,,,,,,,,,,,,,,,,,,,,,,,,,,,,,,,,,,,,,,,,,,,,,,,,,,,,,,,,,,,,,,,,,,,,,,,,,,,,,,,,,,,,,,,,,,,,,,,,,,,
0,15,28,"{'x': 581.2573423612607, 'y': 479.22042576164887, 'elapsedTime': 99838.20000004768}",936791316272,5249718764,POINT (0.30273819914649 0.4437226164459712),,,,,,,,,,,,,,,,,,,,,,,,,,,,,,,,,,,,,,,,,,,,,,,,,,,,,,,,,,,,,,,,,,,,,,,,,,,,,,,,,,,,,,,,,,,,,,,,,,,,,
0,15,28,"{'x': 581.2573423612607, 'y': 479.22042576164887, 'elapsedTime': 99838.20000004768}",936791332944,5249735436,POINT (0.30273819914649 0.4437226164459712),,,,,,,,,,,,,,,,,,,,,,,,,,,,,,,,,,,,,,,,,,,,,,,,,,,,,,,,,,,,,,,,,,,,,,,,,,,,,,,,,,,,,,,,,,,,,,,,,,,,,
0,15,28,"{'x': 623.1454257039069, 'y': 474.7543948097328, 'elapsedTime': 99889.10000002384}",936791349612,5249752103,POINT (0.3245549092207848 0.4395874026016044),,,,,,,,,,,,,,,,,,,,,,,,,,,,,,,,,,,,,,,,,,,,,,,,,,,,,,,,,,,,,,,,,,,,,,,,,,,,,,,,,,,,,,,,,,,,,,,,,,,,,
0,15,28,"{'x': 623.1454257039069, 'y': 474.7543948097328, 'elapsedTime': 99889.10000002384}",936791366278,5249768769,POINT (0.3245549092207848 0.4395874026016044),,,,,,,,,,,,,,,,,,,,,,,,,,,,,,,,,,,,,,,,,,,,,,,,,,,,,,,,,,,,,,,,,,,,,,,,,,,,,,,,,,,,,,,,,,,,,,,,,,,,,
0,15,28,"{'x': 623.1454257039069, 'y': 474.7543948097328, 'elapsedTime': 99889.10000002384}",936791382946,5249785436,POINT (0.3245549092207848 0.4395874026016044),,,,,,,,,,,,,,,,,,,,,,,,,,,,,,,,,,,,,,,,,,,,,,,,,,,,,,,,,,,,,,,,,,,,,,,,,,,,,,,,,,,,,,,,,,,,,,,,,,,,,
0,15,28,"{'x': 558.9845720137898, 'y': 442.09827391066983, 'elapsedTime': 99936}",936791399613,5249802103,POINT (0.2911377979238489 0.4093502536209906),,,,,,,,,,,,,,,,,,,,,,,,,,,,,,,,,,,,,,,,,,,,,,,,,,,,,,,,,,,,,,,,,,,,,,,,,,,,,,,,,,,,,,,,,,,,,,,,,,,,,
0,15,28,"{'x': 558.9845720137898, 'y': 442.09827391066983, 'elapsedTime': 99936}",936791416280,5249818769,POINT (0.2911377979238489 0.4093502536209906),,,,,,,,,,,,,,,,,,,,,,,,,,,,,,,,,,,,,,,,,,,,,,,,,,,,,,,,,,,,,,,,,,,,,,,,,,,,,,,,,,,,,,,,,,,,,,,,,,,,,
0,15,28,"{'x': 558.9845720137898, 'y': 442.09827391066983, 'elapsedTime': 99936}",936791432947,5249835436,POINT (0.2911377979238489 0.4093502536209906),,,,,,,,,,,,,,,,,,,,,,,,,,,,,,,,,,,,,,,,,,,,,,,,,,,,,,,,,,,,,,,,,,,,,,,,,,,,,,,,,,,,,,,,,,,,,,,,,,,,,
0,15,28,"{'x': 534.7728947501021, 'y': 472.41831560629316, 'elapsedTime': 99984.89999997616}",936791449615,5249852103,POINT (0.2785275493490115 0.4374243663021233),,,,,,,,,,,,,,,,,,,,,,,,,,,,,,,,,,,,,,,,,,,,,,,,,,,,,,,,,,,,,,,,,,,,,,,,,,,,,,,,,,,,,,,,,,,,,,,,,,,,,
0,15,28,"{'x': 534.7728947501021, 'y': 472.41831560629316, 'elapsedTime': 99984.89999997616}",936791466287,5249868775,POINT (0.2785275493490115 0.4374243663021233),,,,,,,,,,,,,,,,,,,,,,,,,,,,,,,,,,,,,,,,,,,,,,,,,,,,,,,,,,,,,,,,,,,,,,,,,,,,,,,,,,,,,,,,,,,,,,,,,,,,,
0,15,28,"{'x': 534.7728947501021, 'y': 472.41831560629316, 'elapsedTime': 99984.89999997616}",936791482953,5249885440,POINT (0.2785275493490115 0.4374243663021233),,,,,,,,,,,,,,,,,,,,,,,,,,,,,,,,,,,,,,,,,,,,,,,,,,,,,,,,,,,,,,,,,,,,,,,,,,,,,,,,,,,,,,,,,,,,,,,,,,,,,
0,15,28,"{'x': 552.9557295834072, 'y': 503.9205153195226, 'elapsedTime': 100033.5}",936791499620,5249902107,POINT (0.2879977758246913 0.4665930697402987),,,,,,,,,,,,,,,,,,,,,,,,,,,,,,,,,,,,,,,,,,,,,,,,,,,,,,,,,,,,,,,,,,,,,,,,,,,,,,,,,,,,,,,,,,,,,,,,,,,,,
0,15,28,"{'x': 552.9557295834072, 'y': 503.9205153195226, 'elapsedTime': 100033.5}",936791516287,5249918773,POINT (0.2879977758246913 0.4665930697402987),,,,,,,,,,,,,,,,,,,,,,,,,,,,,,,,,,,,,,,,,,,,,,,,,,,,,,,,,,,,,,,,,,,,,,,,,,,,,,,,,,,,,,,,,,,,,,,,,,,,,
0,15,28,"{'x': 552.9557295834072, 'y': 503.9205153195226, 'elapsedTime': 100033.5}",936791532954,5249935440,POINT (0.2879977758246913 0.4665930697402987),,,,,,,,,,,,,,,,,,,,,,,,,,,,,,,,,,,,,,,,,,,,,,,,,,,,,,,,,,,,,,,,,,,,,,,,,,,,,,,,,,,,,,,,,,,,,,,,,,,,,
0,15,28,"{'x': 590.911161146779, 'y': 541.5579501829324, 'elapsedTime': 100080.30000007153}",936791549622,5249952107,POINT (0.3077662297639474 0.5014425464656781),,,,,,,,,,,,,,,,,,,,,,,,,,,,,,,,,,,,,,,,,,,,,,,,,,,,,,,,,,,,,,,,,,,,,,,,,,,,,,,,,,,,,,,,,,,,,,,,,,,,,
0,15,28,"{'x': 590.911161146779, 'y': 541.5579501829324, 'elapsedTime': 100080.30000007153}",936791566288,5249968773,POINT (0.3077662297639474 0.5014425464656781),,,,,,,,,,,,,,,,,,,,,,,,,,,,,,,,,,,,,,,,,,,,,,,,,,,,,,,,,,,,,,,,,,,,,,,,,,,,,,,,,,,,,,,,,,,,,,,,,,,,,
0,15,28,"{'x': 521.5717271494211, 'y': 592.2333828054243, 'elapsedTime': 100127.80000007153}",936791582959,5249985444,POINT (0.2716519412236568 0.5483642433383559),,,,,,,,,,,,,,,,,,,,,,,,,,,,,,,,,,,,,,,,,,,,,,,,,,,,,,,,,,,,,,,,,,,,,,,,,,,,,,,,,,,,,,,,,,,,,,,,,,,,1,
0,15,28,"{'x': 521.5717271494211, 'y': 592.2333828054243, 'elapsedTime': 100127.80000007153}",936791599627,5250002111,POINT (0.2716519412236568 0.5483642433383559),,,,,,,,,,,,,,,,,,,,,,,,,,,,,,,,,,,,,,,,,,,,,,,,,,,,,,,,,,,,,,,,,,,,,,,,,,,,,,,,,,,,,,,,,,,,,,,,,,,,1,
0,15,28,"{'x': 521.5717271494211, 'y': 592.2333828054243, 'elapsedTime': 100127.80000007153}",936791616294,5250018778,POINT (0.2716519412236568 0.5483642433383559),,,,,,,,,,,,,,,,,,,,,,,,,,,,,,,,,,,,,,,,,,,,,,,,,,,,,,,,,,,,,,,,,,,,,,,,,,,,,,,,,,,,,,,,,,,,,,,,,,,,1,
0,15,28,"{'x': 406.49326675096216, 'y': 539.8299380342785, 'elapsedTime': 100177.89999997616}",936791632961,5250035444,POINT (0.2117152430994595 0.4998425352169245),,,,,,,,,,,,,,,,,,,,,,,,,,,,,,,,,,,,,,,,,,,,,,,,,,,,,,,,,,,,,,,,,,,,,,,,,,,,,,,,,,,,,,,,,,,,,,,,,,,,,
0,15,28,"{'x': 406.49326675096216, 'y': 539.8299380342785, 'elapsedTime': 100177.89999997616}",936791649627,5250052110,POINT (0.2117152430994595 0.4998425352169245),,,,,,,,,,,,,,,,,,,,,,,,,,,,,,,,,,,,,,,,,,,,,,,,,,,,,,,,,,,,,,,,,,,,,,,,,,,,,,,,,,,,,,,,,,,,,,,,,,,,,
0,15,28,"{'x': 406.49326675096216, 'y': 539.8299380342785, 'elapsedTime': 100177.89999997616}",936791666296,5250068778,POINT (0.2117152430994595 0.4998425352169245),,,,,,,,,,,,,,,,,,,,,,,,,,,,,,,,,,,,,,,,,,,,,,,,,,,,,,,,,,,,,,,,,,,,,,,,,,,,,,,,,,,,,,,,,,,,,,,,,,,,,
0,15,28,"{'x': 354.0864427499421, 'y': 538.8573265061999, 'elapsedTime': 100225.89999997616}",936791682962,5250085444,POINT (0.1844200222655948 0.4989419689872222),,,,,,,,,,,,,,,,,,,,,,,,,,,,,,,,,,,,,,,,,,,,,,,,,,,,,,,,,,,,,,,,,,,,,,,,,,,,,,,,,,,,,,,,,,,,,,,,,,,,,
0,15,28,"{'x': 354.0864427499421, 'y': 538.8573265061999, 'elapsedTime': 100225.89999997616}",936791699630,5250102111,POINT (0.1844200222655948 0.4989419689872222),,,,,,,,,,,,,,,,,,,,,,,,,,,,,,,,,,,,,,,,,,,,,,,,,,,,,,,,,,,,,,,,,,,,,,,,,,,,,,,,,,,,,,,,,,,,,,,,,,,,,
0,15,28,"{'x': 354.0864427499421, 'y': 538.8573265061999, 'elapsedTime': 100225.89999997616}",936791716299,5250118780,POINT (0.1844200222655948 0.4989419689872222),,,,,,,,,,,,,,,,,,,,,,,,,,,,,,,,,,,,,,,,,,,,,,,,,,,,,,,,,,,,,,,,,,,,,,,,,,,,,,,,,,,,,,,,,,,,,,,,,,,,,
0,15,28,"{'x': 444.7824913188686, 'y': 486.434503733429, 'elapsedTime': 100274.70000004768}",936791732967,5250135447,POINT (0.2316575475619107 0.4504023182716935),,,,,,,,,,,,,,,,,,,,,,,,,,,,,,,,,,,,,,,,,,,,,,,,,,,,,,,,,,,,,,,,,,,,,,,,,,,,,,,,,,,,,,,,,,,,,,,,,,,,,
0,15,28,"{'x': 444.7824913188686, 'y': 486.434503733429, 'elapsedTime': 100274.70000004768}",936791749634,5250152114,POINT (0.2316575475619107 0.4504023182716935),,,,,,,,,,,,,,,,,,,,,,,,,,,,,,,,,,,,,,,,,,,,,,,,,,,,,,,,,,,,,,,,,,,,,,,,,,,,,,,,,,,,,,,,,,,,,,,,,,,,,
0,15,28,"{'x': 444.7824913188686, 'y': 486.434503733429, 'elapsedTime': 100274.70000004768}",936791766302,5250168781,POINT (0.2316575475619107 0.4504023182716935),,,,,,,,,,,,,,,,,,,,,,,,,,,,,,,,,,,,,,,,,,,,,,,,,,,,,,,,,,,,,,,,,,,,,,,,,,,,,,,,,,,,,,,,,,,,,,,,,,,,,
0,15,28,"{'x': 474.7199261626706, 'y': 496.11404152209286, 'elapsedTime': 100322.60000002384}",936791782968,5250185447,POINT (0.2472499615430576 0.4593648532611971),,,,,,,,,,,,,,,,,,,,,,,,,,,,,,,,,,,,,,,,,,,,,,,,,,,,,,,,,,,,,,,,,,,,,,,,,,,,,,,,,,,,,,,,,,,,,,,,,,,,,
0,15,28,"{'x': 474.7199261626706, 'y': 496.11404152209286, 'elapsedTime': 100322.60000002384}",936791799635,5250202113,POINT (0.2472499615430576 0.4593648532611971),,,,,,,,,,,,,,,,,,,,,,,,,,,,,,,,,,,,,,,,,,,,,,,,,,,,,,,,,,,,,,,,,,,,,,,,,,,,,,,,,,,,,,,,,,,,,,,,,,,,,
0,15,28,"{'x': 474.7199261626706, 'y': 496.11404152209286, 'elapsedTime': 100322.60000002384}",936791816302,5250218780,POINT (0.2472499615430576 0.4593648532611971),,,,,,,,,,,,,,,,,,,,,,,,,,,,,,,,,,,,,,,,,,,,,,,,,,,,,,,,,,,,,,,,,,,,,,,,,,,,,,,,,,,,,,,,,,,,,,,,,,,,,
0,15,28,"{'x': 736.0645239743836, 'y': 321.10902711294534, 'elapsedTime': 100368.60000002384}",936791832970,5250235447,POINT (0.3833669395699915 0.2973231732527272),,,,,,,,,,,,,,,,,,,,,,,,,,,,,,,,,,,,,,,,,,,,,,,,,,,,,,,,,,,,,,,,,,,,,,,,,,,,,,,,,,,,,,,,,,,,,,,,,,,,1,
0,15,28,"{'x': 736.0645239743836, 'y': 321.10902711294534, 'elapsedTime': 100368.60000002384}",936791849643,5250252120,POINT (0.3833669395699915 0.2973231732527272),,,,,,,,,,,,,,,,,,,,,,,,,,,,,,,,,,,,,,,,,,,,,,,,,,,,,,,,,,,,,,,,,,,,,,,,,,,,,,,,,,,,,,,,,,,,,,,,,,,,1,
0,15,28,"{'x': 736.0645239743836, 'y': 321.10902711294534, 'elapsedTime': 100368.60000002384}",936791866310,5250268786,POINT (0.3833669395699915 0.2973231732527272),,,,,,,,,,,,,,,,,,,,,,,,,,,,,,,,,,,,,,,,,,,,,,,,,,,,,,,,,,,,,,,,,,,,,,,,,,,,,,,,,,,,,,,,,,,,,,,,,,,,1,
0,15,28,"{'x': 889.8809454707807, 'y': 246.6703259674636, 'elapsedTime': 100413.89999997616}",936791882978,5250285453,POINT (0.463479659099365 0.2283984499698737),,,,,,,,,,,,,,,,,,,,,,,,,,,,,,,,,,,,,,,,,,,,,,,,,,,,,,,,,,,,,1,,,,,,,,,,,,,,,,,,,,,,,,,,,,,,,,,,,,,,,1,
0,15,28,"{'x': 889.8809454707807, 'y': 246.6703259674636, 'elapsedTime': 100413.89999997616}",936791899645,5250302119,POINT (0.463479659099365 0.2283984499698737),,,,,,,,,,,,,,,,,,,,,,,,,,,,,,,,,,,,,,,,,,,,,,,,,,,,,,,,,,,,,1,,,,,,,,,,,,,,,,,,,,,,,,,,,,,,,,,,,,,,,1,
0,15,28,"{'x': 889.8809454707807, 'y': 246.6703259674636, 'elapsedTime': 100413.89999997616}",936791916312,5250318786,POINT (0.463479659099365 0.2283984499698737),,,,,,,,,,,,,,,,,,,,,,,,,,,,,,,,,,,,,,,,,,,,,,,,,,,,,,,,,,,,,1,,,,,,,,,,,,,,,,,,,,,,,,,,,,,,,,,,,,,,,1,
0,15,28,"{'x': 928.7259702259238, 'y': 162.4961114380288, 'elapsedTime': 100460.5}",936791932980,5250335453,POINT (0.483711442826002 0.1504593624426193),,,,,,,,,,,,,,,,,,,,,,,,,,,,,,,,,,,,,,,,,,,,,,,,,,,,,,,,,,,,,,,,,,,,,,,,,,,,,,,,,,,,,,,,,,,,,,,,,,,1,,
0,15,28,"{'x': 928.7259702259238, 'y': 162.4961114380288, 'elapsedTime': 100460.5}",936791949646,5250352119,POINT (0.483711442826002 0.1504593624426193),,,,,,,,,,,,,,,,,,,,,,,,,,,,,,,,,,,,,,,,,,,,,,,,,,,,,,,,,,,,,,,,,,,,,,,,,,,,,,,,,,,,,,,,,,,,,,,,,,,1,,
0,15,28,"{'x': 1037.734428999205, 'y': 50.1478736487382, 'elapsedTime': 100508.70000004768}",936791966315,5250368787,POINT (0.5404866817704193 0.0464332163414243),,,,,,,,,,,,,,,,,,,,,,,,,,,,,,,,,,,,,,,,,,,,,,,,,,,,,,,,,,,,,,,,,,,,,,,,,,,,,,,,,,,,,,,,,,,,,,,,,,,,,
0,15,28,"{'x': 1037.734428999205, 'y': 50.1478736487382, 'elapsedTime': 100508.70000004768}",936791982986,5250385458,POINT (0.5404866817704193 0.0464332163414243),,,,,,,,,,,,,,,,,,,,,,,,,,,,,,,,,,,,,,,,,,,,,,,,,,,,,,,,,,,,,,,,,,,,,,,,,,,,,,,,,,,,,,,,,,,,,,,,,,,,,
0,15,28,"{'x': 1037.734428999205, 'y': 50.1478736487382, 'elapsedTime': 100508.70000004768}",936791999654,5250402125,POINT (0.5404866817704193 0.0464332163414243),,,,,,,,,,,,,,,,,,,,,,,,,,,,,,,,,,,,,,,,,,,,,,,,,,,,,,,,,,,,,,,,,,,,,,,,,,,,,,,,,,,,,,,,,,,,,,,,,,,,,
0,15,28,"{'x': 1037.734428999205, 'y': 50.1478736487382, 'elapsedTime': 100508.70000004768}",936792016321,5250418792,POINT (0.5404866817704193 0.0464332163414243),,,,,,,,,,,,,,,,,,,,,,,,,,,,,,,,,,,,,,,,,,,,,,,,,,,,,,,,,,,,,,,,,,,,,,,,,,,,,,,,,,,,,,,,,,,,,,,,,,,,,
0,15,28,"{'x': 1148.0404507265255, 'y': -1.0491418262645111, 'elapsedTime': 100555.70000004768}",936792032988,5250435458,POINT (0.5979377347533987 -0.0009714276169116),,,,,,,,,,,,,,,,,,,,,,,,,,,,,,,,,,,,,,,,,,,,,,,,,,,,,,,,,,,,,,,,,,,,,,,,,,,,,,,,,,,,,,,,,,,,,,,,,,,,,
0,15,28,"{'x': 1148.0404507265255, 'y': -1.0491418262645111, 'elapsedTime': 100555.70000004768}",936792049655,5250452125,POINT (0.5979377347533987 -0.0009714276169116),,,,,,,,,,,,,,,,,,,,,,,,,,,,,,,,,,,,,,,,,,,,,,,,,,,,,,,,,,,,,,,,,,,,,,,,,,,,,,,,,,,,,,,,,,,,,,,,,,,,,
0,15,28,"{'x': 1148.0404507265255, 'y': -1.0491418262645111, 'elapsedTime': 100555.70000004768}",936792066322,5250468791,POINT (0.5979377347533987 -0.0009714276169116),,,,,,,,,,,,,,,,,,,,,,,,,,,,,,,,,,,,,,,,,,,,,,,,,,,,,,,,,,,,,,,,,,,,,,,,,,,,,,,,,,,,,,,,,,,,,,,,,,,,,
0,15,28,"{'x': 1221.0727520904545, 'y': -65.04116871680279, 'elapsedTime': 100617.80000007153}",936792082989,5250485458,POINT (0.6359753917137784 -0.06022330436741),,,,,,,,,,,,,,,,,,,,,,,,,,,,,,,,,,,,,,,,,,,,,,,,,,,,,,,,,,,,,,,,,,,,,,,,,,,,,,,,,,,,,,,,,,,,,,,,,,,,,
0,15,28,"{'x': 1221.0727520904545, 'y': -65.04116871680279, 'elapsedTime': 100617.80000007153}",936792099657,5250502125,POINT (0.6359753917137784 -0.06022330436741),,,,,,,,,,,,,,,,,,,,,,,,,,,,,,,,,,,,,,,,,,,,,,,,,,,,,,,,,,,,,,,,,,,,,,,,,,,,,,,,,,,,,,,,,,,,,,,,,,,,,
0,15,28,"{'x': 1221.0727520904545, 'y': -65.04116871680279, 'elapsedTime': 100617.80000007153}",936792116328,5250518796,POINT (0.6359753917137784 -0.06022330436741),,,,,,,,,,,,,,,,,,,,,,,,,,,,,,,,,,,,,,,,,,,,,,,,,,,,,,,,,,,,,,,,,,,,,,,,,,,,,,,,,,,,,,,,,,,,,,,,,,,,,
0,15,28,"{'x': 1369.6848075474818, 'y': -81.84288741793526, 'elapsedTime': 100664.60000002384}",936792132996,5250535463,POINT (0.7133775039309801 -0.075780451312903),,,,,,,,,,,,,,,,,,,,,,,,,,,,,,,,,,,,,,,,,,,,,,,,,,,,,,,,,,,,,,,,,,,,,,,,,,,,,,,,,,,,,,,,,,,,,,,,,,,,,
0,15,28,"{'x': 1369.6848075474818, 'y': -81.84288741793526, 'elapsedTime': 100664.60000002384}",936792149663,5250552130,POINT (0.7133775039309801 -0.075780451312903),,,,,,,,,,,,,,,,,,,,,,,,,,,,,,,,,,,,,,,,,,,,,,,,,,,,,,,,,,,,,,,,,,,,,,,,,,,,,,,,,,,,,,,,,,,,,,,,,,,,,
0,15,28,"{'x': 1515.2096890410169, 'y': -24.05755396117354, 'elapsedTime': 100709.80000007153}",936792166330,5250568796,POINT (0.7891717130421962 -0.0222755129270125),,,,,,,,,,,,,,,,,,,,,,,,,,,,,,,,,,,,,,,,,,,,,,,,,,,,,,,,,,,,,,,,,,,,,,,,,,,,,,,,,,,,,,,,,,,,,,,,,,,,,
0,15,28,"{'x': 1515.2096890410169, 'y': -24.05755396117354, 'elapsedTime': 100709.80000007153}",936792182997,5250585463,POINT (0.7891717130421962 -0.0222755129270125),,,,,,,,,,,,,,,,,,,,,,,,,,,,,,,,,,,,,,,,,,,,,,,,,,,,,,,,,,,,,,,,,,,,,,,,,,,,,,,,,,,,,,,,,,,,,,,,,,,,,
0,15,28,"{'x': 1515.2096890410169, 'y': -24.05755396117354, 'elapsedTime': 100709.80000007153}",936792199665,5250602130,POINT (0.7891717130421962 -0.0222755129270125),,,,,,,,,,,,,,,,,,,,,,,,,,,,,,,,,,,,,,,,,,,,,,,,,,,,,,,,,,,,,,,,,,,,,,,,,,,,,,,,,,,,,,,,,,,,,,,,,,,,,
0,15,28,"{'x': 1538.9930875282887, 'y': -54.78710496823442, 'elapsedTime': 100758.30000007153}",936792216331,5250618796,POINT (0.801558899754317 -0.0507288008965134),,,,,,,,,,,,,,,,,,,,,,,,,,,,,,,,,,,,,,,,,,,,,,,,,,,,,,,,,,,,,,,,,,,,,,,,,,,,,,,,,,,,,,,,,,,,,,,,,,,,,
0,15,28,"{'x': 1538.9930875282887, 'y': -54.78710496823442, 'elapsedTime': 100758.30000007153}",936792233000,5250635463,POINT (0.801558899754317 -0.0507288008965134),,,,,,,,,,,,,,,,,,,,,,,,,,,,,,,,,,,,,,,,,,,,,,,,,,,,,,,,,,,,,,,,,,,,,,,,,,,,,,,,,,,,,,,,,,,,,,,,,,,,,
0,15,28,"{'x': 1538.9930875282887, 'y': -54.78710496823442, 'elapsedTime': 100758.30000007153}",936792249670,5250652133,POINT (0.801558899754317 -0.0507288008965134),,,,,,,,,,,,,,,,,,,,,,,,,,,,,,,,,,,,,,,,,,,,,,,,,,,,,,,,,,,,,,,,,,,,,,,,,,,,,,,,,,,,,,,,,,,,,,,,,,,,,
0,15,28,"{'x': 1672.818310455783, 'y': -33.797966205167256, 'elapsedTime': 100808.60000002384}",936792266337,5250668800,POINT (0.8712595366957203 -0.0312944131529326),,,,,,,,,,,,,,,,,,,,,,,,,,,,,,,,,,,,,,,,,,,,,,,,,,,,,,,,,,,,,,,,,,,,,,,,,,,,,,,,,,,,,,,,,,,,,,,,,,,,,
0,15,28,"{'x': 1672.818310455783, 'y': -33.797966205167256, 'elapsedTime': 100808.60000002384}",936792283005,5250685467,POINT (0.8712595366957203 -0.0312944131529326),,,,,,,,,,,,,,,,,,,,,,,,,,,,,,,,,,,,,,,,,,,,,,,,,,,,,,,,,,,,,,,,,,,,,,,,,,,,,,,,,,,,,,,,,,,,,,,,,,,,,
0,15,28,"{'x': 1672.818310455783, 'y': -33.797966205167256, 'elapsedTime': 100808.60000002384}",936792299672,5250702134,POINT (0.8712595366957203 -0.0312944131529326),,,,,,,,,,,,,,,,,,,,,,,,,,,,,,,,,,,,,,,,,,,,,,,,,,,,,,,,,,,,,,,,,,,,,,,,,,,,,,,,,,,,,,,,,,,,,,,,,,,,,
0,15,28,"{'x': 1676.2423498363514, 'y': -62.053652757272985, 'elapsedTime': 100857.5}",936792316339,5250718800,POINT (0.8730428905397664 -0.0574570858863639),,,,,,,,,,,,,,,,,,,,,,,,,,,,,,,,,,,,,,,,,,,,,,,,,,,,,,,,,,,,,,,,,,,,,,,,,,,,,,,,,,,,,,,,,,,,,,,,,,,,,
0,15,28,"{'x': 1676.2423498363514, 'y': -62.053652757272985, 'elapsedTime': 100857.5}",936792333006,5250735467,POINT (0.8730428905397664 -0.0574570858863639),,,,,,,,,,,,,,,,,,,,,,,,,,,,,,,,,,,,,,,,,,,,,,,,,,,,,,,,,,,,,,,,,,,,,,,,,,,,,,,,,,,,,,,,,,,,,,,,,,,,,
0,15,28,"{'x': 1676.2423498363514, 'y': -62.053652757272985, 'elapsedTime': 100857.5}",936792349674,5250752134,POINT (0.8730428905397664 -0.0574570858863639),,,,,,,,,,,,,,,,,,,,,,,,,,,,,,,,,,,,,,,,,,,,,,,,,,,,,,,,,,,,,,,,,,,,,,,,,,,,,,,,,,,,,,,,,,,,,,,,,,,,,
0,15,28,"{'x': 1651.4116094036751, 'y': -39.11614710028485, 'elapsedTime': 100904.80000007153}",936792366340,5250768800,POINT (0.8601102132310808 -0.036218654722486),,,,,,,,,,,,,,,,,,,,,,,,,,,,,,,,,,,,,,,,,,,,,,,,,,,,,,,,,,,,,,,,,,,,,,,,,,,,,,,,,,,,,,,,,,,,,,,,,,,,,
0,15,28,"{'x': 1651.4116094036751, 'y': -39.11614710028485, 'elapsedTime': 100904.80000007153}",936792383013,5250785472,POINT (0.8601102132310808 -0.036218654722486),,,,,,,,,,,,,,,,,,,,,,,,,,,,,,,,,,,,,,,,,,,,,,,,,,,,,,,,,,,,,,,,,,,,,,,,,,,,,,,,,,,,,,,,,,,,,,,,,,,,,
0,15,28,"{'x': 1651.4116094036751, 'y': -39.11614710028485, 'elapsedTime': 100904.80000007153}",936792399680,5250802139,POINT (0.8601102132310808 -0.036218654722486),,,,,,,,,,,,,,,,,,,,,,,,,,,,,,,,,,,,,,,,,,,,,,,,,,,,,,,,,,,,,,,,,,,,,,,,,,,,,,,,,,,,,,,,,,,,,,,,,,,,,
0,15,28,"{'x': 1717.076002855559, 'y': -74.9301739882117, 'elapsedTime': 100950.5}",936792416347,5250818805,POINT (0.894310418153937 -0.0693797907298256),,,,,,,,,,,,,,,,,,,,,,,,,,,,,,,,,,,,,,,,,,,,,,,,,,,,,,,,,,,,,,,,,,,,,,,,,,,,,,,,,,,,,,,,,,,,,,,,,,,,,
0,15,28,"{'x': 1717.076002855559, 'y': -74.9301739882117, 'elapsedTime': 100950.5}",936792433014,5250835472,POINT (0.894310418153937 -0.0693797907298256),,,,,,,,,,,,,,,,,,,,,,,,,,,,,,,,,,,,,,,,,,,,,,,,,,,,,,,,,,,,,,,,,,,,,,,,,,,,,,,,,,,,,,,,,,,,,,,,,,,,,
0,15,28,"{'x': 1717.076002855559, 'y': -74.9301739882117, 'elapsedTime': 100950.5}",936792449682,5250852139,POINT (0.894310418153937 -0.0693797907298256),,,,,,,,,,,,,,,,,,,,,,,,,,,,,,,,,,,,,,,,,,,,,,,,,,,,,,,,,,,,,,,,,,,,,,,,,,,,,,,,,,,,,,,,,,,,,,,,,,,,,
0,15,28,"{'x': 1827.611857616437, 'y': -23.56821717213778, 'elapsedTime': 100998.30000007153}",936792466348,5250868805,POINT (0.9518811758418942 -0.021822423307535),,,,,,,,,,,,,,,,,,,,,,,,,,,,,,,,,,,,,,,,,,,,,,,,,,,,,,,,,,,,,,,,,,,,,,,,,,,,,,,,,,,,,,,,,,,,,,,,,,,,,
0,15,28,"{'x': 1827.611857616437, 'y': -23.56821717213778, 'elapsedTime': 100998.30000007153}",936792483016,5250885472,POINT (0.9518811758418942 -0.021822423307535),,,,,,,,,,,,,,,,,,,,,,,,,,,,,,,,,,,,,,,,,,,,,,,,,,,,,,,,,,,,,,,,,,,,,,,,,,,,,,,,,,,,,,,,,,,,,,,,,,,,,
0,15,28,"{'x': 1827.611857616437, 'y': -23.56821717213778, 'elapsedTime': 100998.30000007153}",936792499688,5250902143,POINT (0.9518811758418942 -0.021822423307535),,,,,,,,,,,,,,,,,,,,,,,,,,,,,,,,,,,,,,,,,,,,,,,,,,,,,,,,,,,,,,,,,,,,,,,,,,,,,,,,,,,,,,,,,,,,,,,,,,,,,
0,15,28,"{'x': 1649.8351548546855, 'y': -24.73136764174192, 'elapsedTime': 101046.5}",936792516355,5250918810,POINT (0.859289143153482 -0.0228994144830944),,,,,,,,,,,,,,,,,,,,,,,,,,,,,,,,,,,,,,,,,,,,,,,,,,,,,,,,,,,,,,,,,,,,,,,,,,,,,,,,,,,,,,,,,,,,,,,,,,,,,
0,15,28,"{'x': 1649.8351548546855, 'y': -24.73136764174192, 'elapsedTime': 101046.5}",936792533023,5250935477,POINT (0.859289143153482 -0.0228994144830944),,,,,,,,,,,,,,,,,,,,,,,,,,,,,,,,,,,,,,,,,,,,,,,,,,,,,,,,,,,,,,,,,,,,,,,,,,,,,,,,,,,,,,,,,,,,,,,,,,,,,
0,15,28,"{'x': 1649.8351548546855, 'y': -24.73136764174192, 'elapsedTime': 101046.5}",936792549689,5250952143,POINT (0.859289143153482 -0.0228994144830944),,,,,,,,,,,,,,,,,,,,,,,,,,,,,,,,,,,,,,,,,,,,,,,,,,,,,,,,,,,,,,,,,,,,,,,,,,,,,,,,,,,,,,,,,,,,,,,,,,,,,
0,15,28,"{'x': 1680.2373341927428, 'y': 7.281087951398376, 'elapsedTime': 101098.30000007153}",936792566357,5250968810,POINT (0.8751236115587202 0.0067417481031466),,,,,,,,,,,,,,,,,,,,,,,,,,,,,,,,,,,,,,,,,,,,,,,,,,,,,,,,,,,,,,,,,,,,,,,,,,,,,,,,,,,,,,,,,,,,,,,,,,,,,
0,15,28,"{'x': 1680.2373341927428, 'y': 7.281087951398376, 'elapsedTime': 101098.30000007153}",936792583025,5250985477,POINT (0.8751236115587202 0.0067417481031466),,,,,,,,,,,,,,,,,,,,,,,,,,,,,,,,,,,,,,,,,,,,,,,,,,,,,,,,,,,,,,,,,,,,,,,,,,,,,,,,,,,,,,,,,,,,,,,,,,,,,
0,15,28,"{'x': 1642.357068180469, 'y': 91.43154885020476, 'elapsedTime': 101145.30000007153}",936792599691,5251002143,POINT (0.8553943063439943 0.0846588415279674),,,,,,,,,,,,,,,,,,,,,,,,,,,,,,,,,,,,,,,,,,,,,,,,,,,,,,,,,,,,,,,,,,,,,,,,,,,,,,,,,,,,,,,,,,,,,,,,,,,,,
0,15,28,"{'x': 1642.357068180469, 'y': 91.43154885020476, 'elapsedTime': 101145.30000007153}",936792616359,5251018810,POINT (0.8553943063439943 0.0846588415279674),,,,,,,,,,,,,,,,,,,,,,,,,,,,,,,,,,,,,,,,,,,,,,,,,,,,,,,,,,,,,,,,,,,,,,,,,,,,,,,,,,,,,,,,,,,,,,,,,,,,,
0,15,28,"{'x': 1642.357068180469, 'y': 91.43154885020476, 'elapsedTime': 101145.30000007153}",936792633029,5251035480,POINT (0.8553943063439943 0.0846588415279674),,,,,,,,,,,,,,,,,,,,,,,,,,,,,,,,,,,,,,,,,,,,,,,,,,,,,,,,,,,,,,,,,,,,,,,,,,,,,,,,,,,,,,,,,,,,,,,,,,,,,
0,15,28,"{'x': 1595.6559226055665, 'y': 93.59178106243307, 'elapsedTime': 101190}",936792649697,5251052147,POINT (0.8310707930237325 0.0866590565392899),,,,,,,,,,,,,,,,,,,,,,,,,,,,,,,,,,,,,,,,,,,,,,,,,,,,,,,,,,,,,,,,,,,,,,,,,,,,,,,,,,,,,,,,,,,,,,,,,,,,,
0,15,28,"{'x': 1595.6559226055665, 'y': 93.59178106243307, 'elapsedTime': 101190}",936792666364,5251068814,POINT (0.8310707930237325 0.0866590565392899),,,,,,,,,,,,,,,,,,,,,,,,,,,,,,,,,,,,,,,,,,,,,,,,,,,,,,,,,,,,,,,,,,,,,,,,,,,,,,,,,,,,,,,,,,,,,,,,,,,,,
0,15,28,"{'x': 1595.6559226055665, 'y': 93.59178106243307, 'elapsedTime': 101190}",936792683031,5251085480,POINT (0.8310707930237325 0.0866590565392899),,,,,,,,,,,,,,,,,,,,,,,,,,,,,,,,,,,,,,,,,,,,,,,,,,,,,,,,,,,,,,,,,,,,,,,,,,,,,,,,,,,,,,,,,,,,,,,,,,,,,
0,15,28,"{'x': 1312.8330492384498, 'y': 148.65107369811167, 'elapsedTime': 101238.5}",936792699698,5251102147,POINT (0.683767213145026 0.1376398830538071),,,,,,,,,,,,,,,,,,,,,,,,,,,,,,,,,,,,,,,,,,,,,,,,,,,,,,,,,,,,,,,,,,,,,,,,,,,,,,,,,,,,,,,,,,,,,,,,,,,,,
0,15,28,"{'x': 1312.8330492384498, 'y': 148.65107369811167, 'elapsedTime': 101238.5}",936792716365,5251118813,POINT (0.683767213145026 0.1376398830538071),,,,,,,,,,,,,,,,,,,,,,,,,,,,,,,,,,,,,,,,,,,,,,,,,,,,,,,,,,,,,,,,,,,,,,,,,,,,,,,,,,,,,,,,,,,,,,,,,,,,,
0,15,28,"{'x': 1312.8330492384498, 'y': 148.65107369811167, 'elapsedTime': 101238.5}",936792733033,5251135481,POINT (0.683767213145026 0.1376398830538071),,,,,,,,,,,,,,,,,,,,,,,,,,,,,,,,,,,,,,,,,,,,,,,,,,,,,,,,,,,,,,,,,,,,,,,,,,,,,,,,,,,,,,,,,,,,,,,,,,,,,
0,15,28,"{'x': 1048.7142117441113, 'y': 302.2180778280402, 'elapsedTime': 101285.70000004768}",936792749700,5251152147,POINT (0.5462053186167246 0.2798315535444816),,,,,,,,,,,,,,,,,,,,,,,,,,,,,,,,,,,,,,,,,,,,,,,,,,,,,,,,,,,,,,,,,,,,,,,,,,,,,,,,,,,,,,,,,,,,,,,,,,,1,1,
0,15,28,"{'x': 1048.7142117441113, 'y': 302.2180778280402, 'elapsedTime': 101285.70000004768}",936792766368,5251168815,POINT (0.5462053186167246 0.2798315535444816),,,,,,,,,,,,,,,,,,,,,,,,,,,,,,,,,,,,,,,,,,,,,,,,,,,,,,,,,,,,,,,,,,,,,,,,,,,,,,,,,,,,,,,,,,,,,,,,,,,1,1,
0,15,28,"{'x': 1048.7142117441113, 'y': 302.2180778280402, 'elapsedTime': 101285.70000004768}",936792783036,5251185482,POINT (0.5462053186167246 0.2798315535444816),,,,,,,,,,,,,,,,,,,,,,,,,,,,,,,,,,,,,,,,,,,,,,,,,,,,,,,,,,,,,,,,,,,,,,,,,,,,,,,,,,,,,,,,,,,,,,,,,,,1,1,
0,15,28,"{'x': 946.5340573725884, 'y': 363.6582613803412, 'elapsedTime': 101333.89999997616}",936792799702,5251202148,POINT (0.4929864882148898 0.3367206123892048),,,,,,,,,,,,,,,,,,,,,,,,,,,,,,,,,,,,,,,,,,,,,,,,,,,,,,,,,,,,,,,,,,,,,,,,,,,,,,,,,,,,,,,,,,,,,,,,,,,,1,
0,15,28,"{'x': 946.5340573725884, 'y': 363.6582613803412, 'elapsedTime': 101333.89999997616}",936792816370,5251218815,POINT (0.4929864882148898 0.3367206123892048),,,,,,,,,,,,,,,,,,,,,,,,,,,,,,,,,,,,,,,,,,,,,,,,,,,,,,,,,,,,,,,,,,,,,,,,,,,,,,,,,,,,,,,,,,,,,,,,,,,,1,
0,15,28,"{'x': 946.5340573725884, 'y': 363.6582613803412, 'elapsedTime': 101333.89999997616}",936792833038,5251235482,POINT (0.4929864882148898 0.3367206123892048),,,,,,,,,,,,,,,,,,,,,,,,,,,,,,,,,,,,,,,,,,,,,,,,,,,,,,,,,,,,,,,,,,,,,,,,,,,,,,,,,,,,,,,,,,,,,,,,,,,,1,
0,15,28,"{'x': 885.4095857127676, 'y': 440.2547125362722, 'elapsedTime': 101381.39999997616}",936792849704,5251252148,POINT (0.4611508258920665 0.4076432523484002),,,,,,,,,,,,,,,,,,,,,,,,,,,,,,,,,,,,,,,,,,,,,,,,,,,,,,,,,,,,,,,,,,,,,,,,,,,,,,,,,,,,,,,,,,,,,,,,,,,,,
0,15,28,"{'x': 885.4095857127676, 'y': 440.2547125362722, 'elapsedTime': 101381.39999997616}",936792866372,5251268815,POINT (0.4611508258920665 0.4076432523484002),,,,,,,,,,,,,,,,,,,,,,,,,,,,,,,,,,,,,,,,,,,,,,,,,,,,,,,,,,,,,,,,,,,,,,,,,,,,,,,,,,,,,,,,,,,,,,,,,,,,,
0,15,28,"{'x': 855.303344899275, 'y': 406.05173287893354, 'elapsedTime': 101427.80000007153}",936792883039,5251285482,POINT (0.445470492135039 0.3759738267397533),,,,,,,,,,,,,,,,,,,,,,,,,,,,,,,,,,,,,,,,,,,,,,,,,,,,,,,,,,,,,,,,,,,,,,,,,,,,,,,,,,,,,,,,,,,,,,,,,,,,,
0,15,28,"{'x': 855.303344899275, 'y': 406.05173287893354, 'elapsedTime': 101427.80000007153}",936792899715,5251302157,POINT (0.445470492135039 0.3759738267397533),,,,,,,,,,,,,,,,,,,,,,,,,,,,,,,,,,,,,,,,,,,,,,,,,,,,,,,,,,,,,,,,,,,,,,,,,,,,,,,,,,,,,,,,,,,,,,,,,,,,,
0,15,28,"{'x': 855.303344899275, 'y': 406.05173287893354, 'elapsedTime': 101427.80000007153}",936792916383,5251318824,POINT (0.445470492135039 0.3759738267397533),,,,,,,,,,,,,,,,,,,,,,,,,,,,,,,,,,,,,,,,,,,,,,,,,,,,,,,,,,,,,,,,,,,,,,,,,,,,,,,,,,,,,,,,,,,,,,,,,,,,,
0,15,28,"{'x': 708.1868099158664, 'y': 465.76157630114767, 'elapsedTime': 101475.30000007153}",936792933049,5251335490,POINT (0.3688472968311804 0.4312607187973589),,,,,,,,,,,,,,,,,,,,,,,,,,,,,,,,,,,,,,,,,,,,,,,,,,,,,,,,,,,,,,,,,,,,,,,,,,,,,,,,,,,,,,,,,,,,,,,,,,,,,
0,15,28,"{'x': 708.1868099158664, 'y': 465.76157630114767, 'elapsedTime': 101475.30000007153}",936792949716,5251352157,POINT (0.3688472968311804 0.4312607187973589),,,,,,,,,,,,,,,,,,,,,,,,,,,,,,,,,,,,,,,,,,,,,,,,,,,,,,,,,,,,,,,,,,,,,,,,,,,,,,,,,,,,,,,,,,,,,,,,,,,,,
0,15,28,"{'x': 708.1868099158664, 'y': 465.76157630114767, 'elapsedTime': 101475.30000007153}",936792966384,5251368824,POINT (0.3688472968311804 0.4312607187973589),,,,,,,,,,,,,,,,,,,,,,,,,,,,,,,,,,,,,,,,,,,,,,,,,,,,,,,,,,,,,,,,,,,,,,,,,,,,,,,,,,,,,,,,,,,,,,,,,,,,,
0,15,28,"{'x': 628.1401214446087, 'y': 458.00598874282207, 'elapsedTime': 101520.60000002384}",936792983050,5251385490,POINT (0.3271563132524004 0.4240796192063167),,,,,,,,,,,,,,,,,,,,,,,,,,,,,,,,,,,,,,,,,,,,,,,,,,,,,,,,,,,,,,,,,,,,,,,,,,,,,,,,,,,,,,,,,,,,,,,,,,,,,
0,15,28,"{'x': 628.1401214446087, 'y': 458.00598874282207, 'elapsedTime': 101520.60000002384}",936792999718,5251402157,POINT (0.3271563132524004 0.4240796192063167),,,,,,,,,,,,,,,,,,,,,,,,,,,,,,,,,,,,,,,,,,,,,,,,,,,,,,,,,,,,,,,,,,,,,,,,,,,,,,,,,,,,,,,,,,,,,,,,,,,,,
0,15,28,"{'x': 628.1401214446087, 'y': 458.00598874282207, 'elapsedTime': 101520.60000002384}",936793016385,5251418824,POINT (0.3271563132524004 0.4240796192063167),,,,,,,,,,,,,,,,,,,,,,,,,,,,,,,,,,,,,,,,,,,,,,,,,,,,,,,,,,,,,,,,,,,,,,,,,,,,,,,,,,,,,,,,,,,,,,,,,,,,,
0,15,28,"{'x': 628.1401214446087, 'y': 458.00598874282207, 'elapsedTime': 101520.60000002384}",936793033057,5251435495,POINT (0.3271563132524004 0.4240796192063167),,,,,,,,,,,,,,,,,,,,,,,,,,,,,,,,,,,,,,,,,,,,,,,,,,,,,,,,,,,,,,,,,,,,,,,,,,,,,,,,,,,,,,,,,,,,,,,,,,,,,
0,15,28,"{'x': 570.8942276292836, 'y': 482.2386615433584, 'elapsedTime': 101567.30000007153}",936793049723,5251452161,POINT (0.2973407435569185 0.4465172792068133),,,,,,,,,,,,,,,,,,,,,,,,,,,,,,,,,,,,,,,,,,,,,,,,,,,,,,,,,,,,,,,,,,,,,,,,,,,,,,,,,,,,,,,,,,,,,,,,,,,,,
0,15,28,"{'x': 570.8942276292836, 'y': 482.2386615433584, 'elapsedTime': 101567.30000007153}",936793066390,5251468827,POINT (0.2973407435569185 0.4465172792068133),,,,,,,,,,,,,,,,,,,,,,,,,,,,,,,,,,,,,,,,,,,,,,,,,,,,,,,,,,,,,,,,,,,,,,,,,,,,,,,,,,,,,,,,,,,,,,,,,,,,,
0,15,28,"{'x': 570.8942276292836, 'y': 482.2386615433584, 'elapsedTime': 101567.30000007153}",936793083058,5251485495,POINT (0.2973407435569185 0.4465172792068133),,,,,,,,,,,,,,,,,,,,,,,,,,,,,,,,,,,,,,,,,,,,,,,,,,,,,,,,,,,,,,,,,,,,,,,,,,,,,,,,,,,,,,,,,,,,,,,,,,,,,
0,15,28,"{'x': 535.6847289080388, 'y': 527.8946956404367, 'elapsedTime': 101630.10000002384}",936793099725,5251502161,POINT (0.2790024629729368 0.4887913848522562),,,,,,,,,,,,,,,,,,,,,,,,,,,,,,,,,,,,,,,,,,,,,,,,,,,,,,,,,,,,,,,,,,,,,,,,,,,,,,,,,,,,,,,,,,,,,,,,,,,,,
0,15,28,"{'x': 535.6847289080388, 'y': 527.8946956404367, 'elapsedTime': 101630.10000002384}",936793116391,5251518827,POINT (0.2790024629729368 0.4887913848522562),,,,,,,,,,,,,,,,,,,,,,,,,,,,,,,,,,,,,,,,,,,,,,,,,,,,,,,,,,,,,,,,,,,,,,,,,,,,,,,,,,,,,,,,,,,,,,,,,,,,,
0,15,28,"{'x': 535.6847289080388, 'y': 527.8946956404367, 'elapsedTime': 101630.10000002384}",936793133059,5251535494,POINT (0.2790024629729368 0.4887913848522562),,,,,,,,,,,,,,,,,,,,,,,,,,,,,,,,,,,,,,,,,,,,,,,,,,,,,,,,,,,,,,,,,,,,,,,,,,,,,,,,,,,,,,,,,,,,,,,,,,,,,
0,15,28,"{'x': 451.5892843332716, 'y': 604.4404279201228, 'elapsedTime': 101678.70000004768}",936793149727,5251552161,POINT (0.2352027522569123 0.5596670628890026),,,,,,,,,,,,,,,,,,,,,,,,,,,,,,,,,,,,,,,,,,,,,,,,,,,,,,,,,,,,,,,,,,,,,,,,,,,,,,,,,,,,,,,,,,,,,,,,,,,,1,
0,15,28,"{'x': 451.5892843332716, 'y': 604.4404279201228, 'elapsedTime': 101678.70000004768}",936793166398,5251568832,POINT (0.2352027522569123 0.5596670628890026),,,,,,,,,,,,,,,,,,,,,,,,,,,,,,,,,,,,,,,,,,,,,,,,,,,,,,,,,,,,,,,,,,,,,,,,,,,,,,,,,,,,,,,,,,,,,,,,,,,,1,
0,15,28,"{'x': 533.3357994087032, 'y': 575.3314647149042, 'elapsedTime': 101726.60000002384}",936793183065,5251585498,POINT (0.2777790621920329 0.5327143191804669),,,,,,,,,,,,,,,,,,,,,,,,,,,,,,,,,,,,,,,,,,,,,,,,,,,,,,,,,,,,,,,,,,,,,,,,,,,,,,,,,,,,,,,,,,,,,,,,,,,,1,
0,15,28,"{'x': 533.3357994087032, 'y': 575.3314647149042, 'elapsedTime': 101726.60000002384}",936793199732,5251602165,POINT (0.2777790621920329 0.5327143191804669),,,,,,,,,,,,,,,,,,,,,,,,,,,,,,,,,,,,,,,,,,,,,,,,,,,,,,,,,,,,,,,,,,,,,,,,,,,,,,,,,,,,,,,,,,,,,,,,,,,,1,
0,15,28,"{'x': 533.3357994087032, 'y': 575.3314647149042, 'elapsedTime': 101726.60000002384}",936793216400,5251618832,POINT (0.2777790621920329 0.5327143191804669),,,,,,,,,,,,,,,,,,,,,,,,,,,,,,,,,,,,,,,,,,,,,,,,,,,,,,,,,,,,,,,,,,,,,,,,,,,,,,,,,,,,,,,,,,,,,,,,,,,,1,
0,15,28,"{'x': 549.5513550796576, 'y': 611.6499793172242, 'elapsedTime': 101774.60000002384}",936793233067,5251635498,POINT (0.2862246641039883 0.5663425734418742),,,,,,,,,,,,,,,,,,,,,,,,,,,,,,,,,,,,,,,,,,,,,,,,,,,,,,,,,,,,,,,,,,,,,,,,,,,,,,,,,,,,,,,,,,,,,,,,,,,,1,
0,15,28,"{'x': 549.5513550796576, 'y': 611.6499793172242, 'elapsedTime': 101774.60000002384}",936793249734,5251652165,POINT (0.2862246641039883 0.5663425734418742),,,,,,,,,,,,,,,,,,,,,,,,,,,,,,,,,,,,,,,,,,,,,,,,,,,,,,,,,,,,,,,,,,,,,,,,,,,,,,,,,,,,,,,,,,,,,,,,,,,,1,
0,15,28,"{'x': 549.5513550796576, 'y': 611.6499793172242, 'elapsedTime': 101774.60000002384}",936793266402,5251668832,POINT (0.2862246641039883 0.5663425734418742),,,,,,,,,,,,,,,,,,,,,,,,,,,,,,,,,,,,,,,,,,,,,,,,,,,,,,,,,,,,,,,,,,,,,,,,,,,,,,,,,,,,,,,,,,,,,,,,,,,,1,
0,15,28,"{'x': 565.5735535167958, 'y': 595.0773777338081, 'elapsedTime': 101822.80000007153}",936793283068,5251685498,POINT (0.2945695591233311 0.5509975719757483),,,,,,,,,,,,,,,,,,,,,,,,,,,,,,,,,,,,,,,,,,,,,,,,,,,,,,,,,,,,,,,,,,,,,,,,,,,,,,,,,,,,,,,,,,,,,,,,,,,,1,
0,15,28,"{'x': 565.5735535167958, 'y': 595.0773777338081, 'elapsedTime': 101822.80000007153}",936793299742,5251702171,POINT (0.2945695591233311 0.5509975719757483),,,,,,,,,,,,,,,,,,,,,,,,,,,,,,,,,,,,,,,,,,,,,,,,,,,,,,,,,,,,,,,,,,,,,,,,,,,,,,,,,,,,,,,,,,,,,,,,,,,,1,
0,15,28,"{'x': 565.5735535167958, 'y': 595.0773777338081, 'elapsedTime': 101822.80000007153}",936793316409,5251718838,POINT (0.2945695591233311 0.5509975719757483),,,,,,,,,,,,,,,,,,,,,,,,,,,,,,,,,,,,,,,,,,,,,,,,,,,,,,,,,,,,,,,,,,,,,,,,,,,,,,,,,,,,,,,,,,,,,,,,,,,,1,
0,15,28,"{'x': 513.340418059833, 'y': 534.7241028684206, 'elapsedTime': 101870.39999997616}",936793333076,5251735504,POINT (0.2673648010728297 0.4951149100633524),,,,,,,,,,,,,,,,,,,,,,,,,,,,,,,,,,,,,,,,,,,,,,,,,,,,,,,,,,,,,,,,,,,,,,,,,,,,,,,,,,,,,,,,,,,,,,,,,,,,,
0,15,28,"{'x': 513.340418059833, 'y': 534.7241028684206, 'elapsedTime': 101870.39999997616}",936793349743,5251752171,POINT (0.2673648010728297 0.4951149100633524),,,,,,,,,,,,,,,,,,,,,,,,,,,,,,,,,,,,,,,,,,,,,,,,,,,,,,,,,,,,,,,,,,,,,,,,,,,,,,,,,,,,,,,,,,,,,,,,,,,,,
0,15,28,"{'x': 513.340418059833, 'y': 534.7241028684206, 'elapsedTime': 101870.39999997616}",936793366410,5251768837,POINT (0.2673648010728297 0.4951149100633524),,,,,,,,,,,,,,,,,,,,,,,,,,,,,,,,,,,,,,,,,,,,,,,,,,,,,,,,,,,,,,,,,,,,,,,,,,,,,,,,,,,,,,,,,,,,,,,,,,,,,
0,15,28,"{'x': 612.8544287079038, 'y': 552.838771942367, 'elapsedTime': 101919.60000002384}",936793383077,5251785504,POINT (0.3191950149520332 0.5118877517984879),,,,,,,,,,,,,,,,,,,,,,,,,,,,,,,,,,,,,,,,,,,,,,,,,,,,,,,,,,,,,,,,,,,,,,,,,,,,,,,,,,,,,,,,,,,,,,,,,,,,,
0,15,28,"{'x': 612.8544287079038, 'y': 552.838771942367, 'elapsedTime': 101919.60000002384}",936793399745,5251802171,POINT (0.3191950149520332 0.5118877517984879),,,,,,,,,,,,,,,,,,,,,,,,,,,,,,,,,,,,,,,,,,,,,,,,,,,,,,,,,,,,,,,,,,,,,,,,,,,,,,,,,,,,,,,,,,,,,,,,,,,,,
0,15,28,"{'x': 612.8544287079038, 'y': 552.838771942367, 'elapsedTime': 101919.60000002384}",936793416412,5251818838,POINT (0.3191950149520332 0.5118877517984879),,,,,,,,,,,,,,,,,,,,,,,,,,,,,,,,,,,,,,,,,,,,,,,,,,,,,,,,,,,,,,,,,,,,,,,,,,,,,,,,,,,,,,,,,,,,,,,,,,,,,
0,15,28,"{'x': 471.39540216482067, 'y': 519.194733205412, 'elapsedTime': 101966.39999997616}",936793433081,5251835506,POINT (0.2455184386275108 0.4807358640790852),,,,,,,,,,,,,,,,,,,,,,,,,,,,,,,,,,,,,,,,,,,,,,,,,,,,,,,,,,,,,,,,,,,,,,,,,,,,,,,,,,,,,,,,,,,,,,,,,,,,,
0,15,28,"{'x': 471.39540216482067, 'y': 519.194733205412, 'elapsedTime': 101966.39999997616}",936793449749,5251852173,POINT (0.2455184386275108 0.4807358640790852),,,,,,,,,,,,,,,,,,,,,,,,,,,,,,,,,,,,,,,,,,,,,,,,,,,,,,,,,,,,,,,,,,,,,,,,,,,,,,,,,,,,,,,,,,,,,,,,,,,,,
0,15,28,"{'x': 471.39540216482067, 'y': 519.194733205412, 'elapsedTime': 101966.39999997616}",936793466415,5251868839,POINT (0.2455184386275108 0.4807358640790852),,,,,,,,,,,,,,,,,,,,,,,,,,,,,,,,,,,,,,,,,,,,,,,,,,,,,,,,,,,,,,,,,,,,,,,,,,,,,,,,,,,,,,,,,,,,,,,,,,,,,
0,15,28,"{'x': 426.4435299038153, 'y': 570.9737423127631, 'elapsedTime': 102012.39999997616}",936793483083,5251885506,POINT (0.2221060051582371 0.5286793910303362),,,,,,,,,,,,,,,,,,,,,,,,,,,,,,,,,,,,,,,,,,,,,,,,,,,,,,,,,,,,,,,,,,,,,,,,,,,,,,,,,,,,,,,,,,,,,,,,,,,,,
0,15,28,"{'x': 426.4435299038153, 'y': 570.9737423127631, 'elapsedTime': 102012.39999997616}",936793499750,5251902173,POINT (0.2221060051582371 0.5286793910303362),,,,,,,,,,,,,,,,,,,,,,,,,,,,,,,,,,,,,,,,,,,,,,,,,,,,,,,,,,,,,,,,,,,,,,,,,,,,,,,,,,,,,,,,,,,,,,,,,,,,,
0,15,28,"{'x': 402.3607008631409, 'y': 540.142765096524, 'elapsedTime': 102059.80000007153}",936793516417,5251918839,POINT (0.2095628650328859 0.500132189904189),,,,,,,,,,,,,,,,,,,,,,,,,,,,,,,,,,,,,,,,,,,,,,,,,,,,,,,,,,,,,,,,,,,,,,,,,,,,,,,,,,,,,,,,,,,,,,,,,,,,,
0,15,28,"{'x': 402.3607008631409, 'y': 540.142765096524, 'elapsedTime': 102059.80000007153}",936793533084,5251935506,POINT (0.2095628650328859 0.500132189904189),,,,,,,,,,,,,,,,,,,,,,,,,,,,,,,,,,,,,,,,,,,,,,,,,,,,,,,,,,,,,,,,,,,,,,,,,,,,,,,,,,,,,,,,,,,,,,,,,,,,,
0,15,28,"{'x': 402.3607008631409, 'y': 540.142765096524, 'elapsedTime': 102059.80000007153}",936793549755,5251952176,POINT (0.2095628650328859 0.500132189904189),,,,,,,,,,,,,,,,,,,,,,,,,,,,,,,,,,,,,,,,,,,,,,,,,,,,,,,,,,,,,,,,,,,,,,,,,,,,,,,,,,,,,,,,,,,,,,,,,,,,,
0,15,28,"{'x': 472.1254172859009, 'y': 498.7479194813379, 'elapsedTime': 102104.5}",936793566424,5251968844,POINT (0.2458986548364067 0.4618036291493869),,,,,,,,,,,,,,,,,,,,,,,,,,,,,,,,,,,,,,,,,,,,,,,,,,,,,,,,,,,,,,,,,,,,,,,,,,,,,,,,,,,,,,,,,,,,,,,,,,,,,
0,15,28,"{'x': 472.1254172859009, 'y': 498.7479194813379, 'elapsedTime': 102104.5}",936793583090,5251985510,POINT (0.2458986548364067 0.4618036291493869),,,,,,,,,,,,,,,,,,,,,,,,,,,,,,,,,,,,,,,,,,,,,,,,,,,,,,,,,,,,,,,,,,,,,,,,,,,,,,,,,,,,,,,,,,,,,,,,,,,,,
0,15,28,"{'x': 472.1254172859009, 'y': 498.7479194813379, 'elapsedTime': 102104.5}",936793599757,5252002176,POINT (0.2458986548364067 0.4618036291493869),,,,,,,,,,,,,,,,,,,,,,,,,,,,,,,,,,,,,,,,,,,,,,,,,,,,,,,,,,,,,,,,,,,,,,,,,,,,,,,,,,,,,,,,,,,,,,,,,,,,,
0,15,28,"{'x': 477.53971450154404, 'y': 460.0866103779064, 'elapsedTime': 102149.10000002384}",936793616425,5252018844,POINT (0.2487186013028875 0.4260061207202837),,,,,,,,,,,,,,,,,,,,,,,,,,,,,,,,,,,,,,,,,,,,,,,,,,,,,,,,,,,,,,,,,,,,,,,,,,,,,,,,,,,,,,,,,,,,,,,,,,,,,
0,15,28,"{'x': 477.53971450154404, 'y': 460.0866103779064, 'elapsedTime': 102149.10000002384}",936793633092,5252035510,POINT (0.2487186013028875 0.4260061207202837),,,,,,,,,,,,,,,,,,,,,,,,,,,,,,,,,,,,,,,,,,,,,,,,,,,,,,,,,,,,,,,,,,,,,,,,,,,,,,,,,,,,,,,,,,,,,,,,,,,,,
0,15,28,"{'x': 477.53971450154404, 'y': 460.0866103779064, 'elapsedTime': 102149.10000002384}",936793649759,5252052177,POINT (0.2487186013028875 0.4260061207202837),,,,,,,,,,,,,,,,,,,,,,,,,,,,,,,,,,,,,,,,,,,,,,,,,,,,,,,,,,,,,,,,,,,,,,,,,,,,,,,,,,,,,,,,,,,,,,,,,,,,,
0,15,28,"{'x': 477.53971450154404, 'y': 460.0866103779064, 'elapsedTime': 102149.10000002384}",936793666425,5252068843,POINT (0.2487186013028875 0.4260061207202837),,,,,,,,,,,,,,,,,,,,,,,,,,,,,,,,,,,,,,,,,,,,,,,,,,,,,,,,,,,,,,,,,,,,,,,,,,,,,,,,,,,,,,,,,,,,,,,,,,,,,
0,15,28,"{'x': 537.7456409997554, 'y': 384.75728548411064, 'elapsedTime': 102199.20000004768}",936793683096,5252085513,POINT (0.2800758546873726 0.3562567458186209),,,,,,,,,,,,,,,,,,,,,,,,,,,,,,,,,,,,,,,,,,,,,,,,,,,,,,,,,,,,,,,,,,,,,,,,,,,,,,,,,,,,,,,,,,,,,,,,,,,,,
0,15,28,"{'x': 537.7456409997554, 'y': 384.75728548411064, 'elapsedTime': 102199.20000004768}",936793699763,5252102180,POINT (0.2800758546873726 0.3562567458186209),,,,,,,,,,,,,,,,,,,,,,,,,,,,,,,,,,,,,,,,,,,,,,,,,,,,,,,,,,,,,,,,,,,,,,,,,,,,,,,,,,,,,,,,,,,,,,,,,,,,,
0,15,28,"{'x': 537.7456409997554, 'y': 384.75728548411064, 'elapsedTime': 102199.20000004768}",936793716430,5252118846,POINT (0.2800758546873726 0.3562567458186209),,,,,,,,,,,,,,,,,,,,,,,,,,,,,,,,,,,,,,,,,,,,,,,,,,,,,,,,,,,,,,,,,,,,,,,,,,,,,,,,,,,,,,,,,,,,,,,,,,,,,
0,15,28,"{'x': 593.6282322867113, 'y': 328.08683403326194, 'elapsedTime': 102258.39999997616}",936793733097,5252135513,POINT (0.3091813709826621 0.3037841055863537),,,,,,,,,,,,,,,,,,,,,,,,,,,,,,,,,,,,,,,,,,,,,,,,,,,,,,,,,,,,,,,,,,,,,,,,,,,,,,,,,,,,,,,,,,,,,,,,,,,,,
0,15,28,"{'x': 593.6282322867113, 'y': 328.08683403326194, 'elapsedTime': 102258.39999997616}",936793749766,5252152180,POINT (0.3091813709826621 0.3037841055863537),,,,,,,,,,,,,,,,,,,,,,,,,,,,,,,,,,,,,,,,,,,,,,,,,,,,,,,,,,,,,,,,,,,,,,,,,,,,,,,,,,,,,,,,,,,,,,,,,,,,,
0,15,28,"{'x': 520.7831965002274, 'y': 349.9343178420221, 'elapsedTime': 102312.70000004768}",936793766432,5252168846,POINT (0.2712412481772018 0.3240132572611316),,,,,,,,,,,,,,,,,,,,,,,,,,,,,,,,,,,,,,,,,,,,,,,,,,,,,,,,,,,,,,,,,,,,,,,,,,,,,,,,,,,,,,,,,,,,,,,,,,,,,
0,15,28,"{'x': 520.7831965002274, 'y': 349.9343178420221, 'elapsedTime': 102312.70000004768}",936793783100,5252185513,POINT (0.2712412481772018 0.3240132572611316),,,,,,,,,,,,,,,,,,,,,,,,,,,,,,,,,,,,,,,,,,,,,,,,,,,,,,,,,,,,,,,,,,,,,,,,,,,,,,,,,,,,,,,,,,,,,,,,,,,,,
0,15,28,"{'x': 520.7831965002274, 'y': 349.9343178420221, 'elapsedTime': 102312.70000004768}",936793799767,5252202180,POINT (0.2712412481772018 0.3240132572611316),,,,,,,,,,,,,,,,,,,,,,,,,,,,,,,,,,,,,,,,,,,,,,,,,,,,,,,,,,,,,,,,,,,,,,,,,,,,,,,,,,,,,,,,,,,,,,,,,,,,,
0,15,28,"{'x': 572.2867451731177, 'y': 334.49769310355697, 'elapsedTime': 102359.10000002384}",936793816443,5252218855,POINT (0.2980660131109988 0.3097200862069972),,,,,,,,,,,,,,,,,,,,,,,,,,,,,,,,,,,,,,,,,,,,,,,,,,,,,,,,,,,,,,,,,,,,,,,,,,,,,,,,,,,,,,,,,,,,,,,,,,,,,
0,15,28,"{'x': 572.2867451731177, 'y': 334.49769310355697, 'elapsedTime': 102359.10000002384}",936793833110,5252235522,POINT (0.2980660131109988 0.3097200862069972),,,,,,,,,,,,,,,,,,,,,,,,,,,,,,,,,,,,,,,,,,,,,,,,,,,,,,,,,,,,,,,,,,,,,,,,,,,,,,,,,,,,,,,,,,,,,,,,,,,,,
0,15,28,"{'x': 572.2867451731177, 'y': 334.49769310355697, 'elapsedTime': 102359.10000002384}",936793849778,5252252189,POINT (0.2980660131109988 0.3097200862069972),,,,,,,,,,,,,,,,,,,,,,,,,,,,,,,,,,,,,,,,,,,,,,,,,,,,,,,,,,,,,,,,,,,,,,,,,,,,,,,,,,,,,,,,,,,,,,,,,,,,,
0,15,28,"{'x': 525.3771422600481, 'y': 324.0252286162314, 'elapsedTime': 102405.70000004768}",936793866444,5252268855,POINT (0.2736339282604418 0.3000233598298439),,,,,,,,,,,,,,,,,,,,,,,,,,,,,,,,,,,,,,,,,,,,,,,,,,,,,,,,,,,,,,,,,,,,,,,,,,,,,,,,,,,,,,,,,,,,,,,,,,,,,
0,15,28,"{'x': 525.3771422600481, 'y': 324.0252286162314, 'elapsedTime': 102405.70000004768}",936793883112,5252285522,POINT (0.2736339282604418 0.3000233598298439),,,,,,,,,,,,,,,,,,,,,,,,,,,,,,,,,,,,,,,,,,,,,,,,,,,,,,,,,,,,,,,,,,,,,,,,,,,,,,,,,,,,,,,,,,,,,,,,,,,,,
0,15,28,"{'x': 525.3771422600481, 'y': 324.0252286162314, 'elapsedTime': 102405.70000004768}",936793899779,5252302189,POINT (0.2736339282604418 0.3000233598298439),,,,,,,,,,,,,,,,,,,,,,,,,,,,,,,,,,,,,,,,,,,,,,,,,,,,,,,,,,,,,,,,,,,,,,,,,,,,,,,,,,,,,,,,,,,,,,,,,,,,,
0,15,28,"{'x': 584.8991999102195, 'y': 303.8801278015883, 'elapsedTime': 102453.30000007153}",936793916446,5252318855,POINT (0.3046349999532393 0.2813704887051743),,,,,,,,,,,,,,,,,,,,,,,,,,,,,,,,,,,,,,,,,,,,,,,,,,,,,,,,,,,,,,,,,,,,,,,,,,,,,,,,,,,,,,,,,,,,,,,,,,,1,1,
0,15,28,"{'x': 584.8991999102195, 'y': 303.8801278015883, 'elapsedTime': 102453.30000007153}",936793933113,5252335522,POINT (0.3046349999532393 0.2813704887051743),,,,,,,,,,,,,,,,,,,,,,,,,,,,,,,,,,,,,,,,,,,,,,,,,,,,,,,,,,,,,,,,,,,,,,,,,,,,,,,,,,,,,,,,,,,,,,,,,,,1,1,
0,15,28,"{'x': 584.8991999102195, 'y': 303.8801278015883, 'elapsedTime': 102453.30000007153}",936793949784,5252352192,POINT (0.3046349999532393 0.2813704887051743),,,,,,,,,,,,,,,,,,,,,,,,,,,,,,,,,,,,,,,,,,,,,,,,,,,,,,,,,,,,,,,,,,,,,,,,,,,,,,,,,,,,,,,,,,,,,,,,,,,1,1,
0,15,28,"{'x': 820.2757986206711, 'y': 178.31021389771158, 'elapsedTime': 102501}",936793966450,5252368858,POINT (0.4272269784482662 0.1651020499052885),,,,,,,,,,,,,,,,,,,,,,,,,,,,,,,,,,,,,,,,,,,,,,,,,,,,,,,,,,,,,,,,,,,,,,,,,,,,,,,,,,,,,,,,,,,,,,,,,,,1,,
0,15,28,"{'x': 820.2757986206711, 'y': 178.31021389771158, 'elapsedTime': 102501}",936793983118,5252385525,POINT (0.4272269784482662 0.1651020499052885),,,,,,,,,,,,,,,,,,,,,,,,,,,,,,,,,,,,,,,,,,,,,,,,,,,,,,,,,,,,,,,,,,,,,,,,,,,,,,,,,,,,,,,,,,,,,,,,,,,1,,
0,15,28,"{'x': 820.2757986206711, 'y': 178.31021389771158, 'elapsedTime': 102501}",936793999785,5252402192,POINT (0.4272269784482662 0.1651020499052885),,,,,,,,,,,,,,,,,,,,,,,,,,,,,,,,,,,,,,,,,,,,,,,,,,,,,,,,,,,,,,,,,,,,,,,,,,,,,,,,,,,,,,,,,,,,,,,,,,,1,,
0,15,28,"{'x': 820.2757986206711, 'y': 178.31021389771158, 'elapsedTime': 102501}",936794016452,5252418858,POINT (0.4272269784482662 0.1651020499052885),,,,,,,,,,,,,,,,,,,,,,,,,,,,,,,,,,,,,,,,,,,,,,,,,,,,,,,,,,,,,,,,,,,,,,,,,,,,,,,,,,,,,,,,,,,,,,,,,,,1,,
0,15,28,"{'x': 1049.3738879061716, 'y': 62.91687337231089, 'elapsedTime': 102546.60000002384}",936794033119,5252435525,POINT (0.5465488999511311 0.0582563642336212),,,,,,,,,,,,,,,,,,,,,,,,,,,,,,,,,,,,,,,,,,,,,,,,,,,,,,,,,,,,,,,,,,,,,,,,,,,,,,,,,,,,,,,,,,,,,,,,,,,,,
0,15,28,"{'x': 1049.3738879061716, 'y': 62.91687337231089, 'elapsedTime': 102546.60000002384}",936794049787,5252452192,POINT (0.5465488999511311 0.0582563642336212),,,,,,,,,,,,,,,,,,,,,,,,,,,,,,,,,,,,,,,,,,,,,,,,,,,,,,,,,,,,,,,,,,,,,,,,,,,,,,,,,,,,,,,,,,,,,,,,,,,,,
0,15,28,"{'x': 1049.3738879061716, 'y': 62.91687337231089, 'elapsedTime': 102546.60000002384}",936794066454,5252468858,POINT (0.5465488999511311 0.0582563642336212),,,,,,,,,,,,,,,,,,,,,,,,,,,,,,,,,,,,,,,,,,,,,,,,,,,,,,,,,,,,,,,,,,,,,,,,,,,,,,,,,,,,,,,,,,,,,,,,,,,,,
0,15,28,"{'x': 1165.3299721647936, 'y': 19.530428039834863, 'elapsedTime': 102616.39999997616}",936794083126,5252485530,POINT (0.60694269383583 0.0180837296665138),,,,,,,,,,,,,,,,,,,,,,,,,,,,,,,,,,,,,,,,,,,,,,,,,,,,,,,,,,,,,,,,,,,,,,,,,,,,,,,,,,,,,,,,,,,,,,,,,,,,,
0,15,28,"{'x': 1165.3299721647936, 'y': 19.530428039834863, 'elapsedTime': 102616.39999997616}",936794099794,5252502197,POINT (0.60694269383583 0.0180837296665138),,,,,,,,,,,,,,,,,,,,,,,,,,,,,,,,,,,,,,,,,,,,,,,,,,,,,,,,,,,,,,,,,,,,,,,,,,,,,,,,,,,,,,,,,,,,,,,,,,,,,
0,15,28,"{'x': 1165.3299721647936, 'y': 19.530428039834863, 'elapsedTime': 102616.39999997616}",936794116460,5252518863,POINT (0.60694269383583 0.0180837296665138),,,,,,,,,,,,,,,,,,,,,,,,,,,,,,,,,,,,,,,,,,,,,,,,,,,,,,,,,,,,,,,,,,,,,,,,,,,,,,,,,,,,,,,,,,,,,,,,,,,,,
0,15,28,"{'x': 1125.6335586178104, 'y': 189.76896340407345, 'elapsedTime': 102664.5}",936794133128,5252535530,POINT (0.5862674784467763 0.1757120031519199),,,,,,,,,,,,,,,,,,,,,,,,,,,,,,,,,,,,,,,,,,,,,,,,,,,,,,,,,,,,,,,,,,,,,,,,,,,,,,,,,,,,,,,,,,,,,,,,,,,1,,
0,15,28,"{'x': 1125.6335586178104, 'y': 189.76896340407345, 'elapsedTime': 102664.5}",936794149795,5252552197,POINT (0.5862674784467763 0.1757120031519199),,,,,,,,,,,,,,,,,,,,,,,,,,,,,,,,,,,,,,,,,,,,,,,,,,,,,,,,,,,,,,,,,,,,,,,,,,,,,,,,,,,,,,,,,,,,,,,,,,,1,,
0,15,28,"{'x': 1197.271837223285, 'y': 204.20553474861356, 'elapsedTime': 102709.5}",936794166462,5252568863,POINT (0.6235790818871276 0.1890791988413089),,,,,,,,,,,,,,,,,,,,,,,,,,,,,,,,,,,,,,,,,,,,,,,,,,,,,,,,,,,,,,,,,,,,,,,,,,,,,,,,,,,,,,,,,,,,,,,,,,,1,,
0,15,28,"{'x': 1197.271837223285, 'y': 204.20553474861356, 'elapsedTime': 102709.5}",936794183129,5252585530,POINT (0.6235790818871276 0.1890791988413089),,,,,,,,,,,,,,,,,,,,,,,,,,,,,,,,,,,,,,,,,,,,,,,,,,,,,,,,,,,,,,,,,,,,,,,,,,,,,,,,,,,,,,,,,,,,,,,,,,,1,,
0,15,28,"{'x': 1197.271837223285, 'y': 204.20553474861356, 'elapsedTime': 102709.5}",936794199796,5252602196,POINT (0.6235790818871276 0.1890791988413089),,,,,,,,,,,,,,,,,,,,,,,,,,,,,,,,,,,,,,,,,,,,,,,,,,,,,,,,,,,,,,,,,,,,,,,,,,,,,,,,,,,,,,,,,,,,,,,,,,,1,,
0,15,28,"{'x': 1111.3703931034263, 'y': 356.32094938003115, 'elapsedTime': 102758.89999997616}",936794216468,5252618868,POINT (0.5788387464080346 0.3299268049815103),,,,,,,,,,,,,,,,,,,,,,,,,,,,,,,,,,,,,,,,,,,,,,,,,,,,,,,,,,,,,,,,,,,,,,,,,,,,,,,,,,,,,,,,,,,,,,,,,,,,1,
0,15,28,"{'x': 1111.3703931034263, 'y': 356.32094938003115, 'elapsedTime': 102758.89999997616}",936794233136,5252635535,POINT (0.5788387464080346 0.3299268049815103),,,,,,,,,,,,,,,,,,,,,,,,,,,,,,,,,,,,,,,,,,,,,,,,,,,,,,,,,,,,,,,,,,,,,,,,,,,,,,,,,,,,,,,,,,,,,,,,,,,,1,
0,15,28,"{'x': 1111.3703931034263, 'y': 356.32094938003115, 'elapsedTime': 102758.89999997616}",936794249803,5252652201,POINT (0.5788387464080346 0.3299268049815103),,,,,,,,,,,,,,,,,,,,,,,,,,,,,,,,,,,,,,,,,,,,,,,,,,,,,,,,,,,,,,,,,,,,,,,,,,,,,,,,,,,,,,,,,,,,,,,,,,,,1,
0,15,28,"{'x': 1111.3703931034263, 'y': 356.32094938003115, 'elapsedTime': 102758.89999997616}",936794266470,5252668868,POINT (0.5788387464080346 0.3299268049815103),,,,,,,,,,,,,,,,,,,,,,,,,,,,,,,,,,,,,,,,,,,,,,,,,,,,,,,,,,,,,,,,,,,,,,,,,,,,,,,,,,,,,,,,,,,,,,,,,,,,1,
0,15,28,"{'x': 1065.8942147374748, 'y': 371.1435126848223, 'elapsedTime': 102811.39999997616}",936794283138,5252685535,POINT (0.5551532368424348 0.3436514006340948),,,,,,,,,,,,,,,,,,,,,,,,,,,,,,,,,,,,,,,,,,,,,,,,,,,,,,,,,,,,,,,,,,,,,,,,,,,,,,,,,,,,,,,,,,,,,,,,,,,,1,
0,15,28,"{'x': 1065.8942147374748, 'y': 371.1435126848223, 'elapsedTime': 102811.39999997616}",936794299804,5252702201,POINT (0.5551532368424348 0.3436514006340948),,,,,,,,,,,,,,,,,,,,,,,,,,,,,,,,,,,,,,,,,,,,,,,,,,,,,,,,,,,,,,,,,,,,,,,,,,,,,,,,,,,,,,,,,,,,,,,,,,,,1,
0,15,28,"{'x': 1065.8942147374748, 'y': 371.1435126848223, 'elapsedTime': 102811.39999997616}",936794316472,5252718868,POINT (0.5551532368424348 0.3436514006340948),,,,,,,,,,,,,,,,,,,,,,,,,,,,,,,,,,,,,,,,,,,,,,,,,,,,,,,,,,,,,,,,,,,,,,,,,,,,,,,,,,,,,,,,,,,,,,,,,,,,1,
0,15,28,"{'x': 1004.6502482799605, 'y': 425.40862293200104, 'elapsedTime': 102866.80000007153}",936794333139,5252735535,POINT (0.5232553376458128 0.3938968730851862),,,,,,,,,,,,,,,,,,,,,,,,,,,,,,,,,,,,,,,,,,,,,,,,,,,,,,,,,,,,,,,,,,,,,,,,,,,,,,,,,,,,,,,,,,,,,,,,,,,,,
0,15,28,"{'x': 1004.6502482799605, 'y': 425.40862293200104, 'elapsedTime': 102866.80000007153}",936794349811,5252752207,POINT (0.5232553376458128 0.3938968730851862),,,,,,,,,,,,,,,,,,,,,,,,,,,,,,,,,,,,,,,,,,,,,,,,,,,,,,,,,,,,,,,,,,,,,,,,,,,,,,,,,,,,,,,,,,,,,,,,,,,,,
0,15,28,"{'x': 1004.6502482799605, 'y': 425.40862293200104, 'elapsedTime': 102866.80000007153}",936794366479,5252768874,POINT (0.5232553376458128 0.3938968730851862),,,,,,,,,,,,,,,,,,,,,,,,,,,,,,,,,,,,,,,,,,,,,,,,,,,,,,,,,,,,,,,,,,,,,,,,,,,,,,,,,,,,,,,,,,,,,,,,,,,,,
0,15,28,"{'x': 1053.1211124741312, 'y': 471.86875945210113, 'elapsedTime': 102917.60000002384}",936794383147,5252785541,POINT (0.54850057941361 0.4369155180112048),,,,,,,,,,,,,,,,,,,,,,,,,,,,,,,,,,,,,,,,,,,,,,,,,,,,,,,,,,,,,,,,,,,,,,,,,,,,,,,,,,,,,,,,,,,,,,,,,,,,1,
0,15,28,"{'x': 1053.1211124741312, 'y': 471.86875945210113, 'elapsedTime': 102917.60000002384}",936794399814,5252802207,POINT (0.54850057941361 0.4369155180112048),,,,,,,,,,,,,,,,,,,,,,,,,,,,,,,,,,,,,,,,,,,,,,,,,,,,,,,,,,,,,,,,,,,,,,,,,,,,,,,,,,,,,,,,,,,,,,,,,,,,1,
0,15,28,"{'x': 1053.1211124741312, 'y': 471.86875945210113, 'elapsedTime': 102917.60000002384}",936794416481,5252818874,POINT (0.54850057941361 0.4369155180112048),,,,,,,,,,,,,,,,,,,,,,,,,,,,,,,,,,,,,,,,,,,,,,,,,,,,,,,,,,,,,,,,,,,,,,,,,,,,,,,,,,,,,,,,,,,,,,,,,,,,1,
0,15,28,"{'x': 1160.9925392724974, 'y': 529.8866947701812, 'elapsedTime': 102970.30000007153}",936794433149,5252835541,POINT (0.6046836142044257 0.4906358284909085),,,,,,,,,,,,,,,,,,,,,,,,,,,,,,,,,,,,,,,,,,,,,,,,,,,,,,,,,,,,,,,,,,,,,,,,,,,,,,,,,,,,,,,,,,,,,,,,,,,,1,
0,15,28,"{'x': 1160.9925392724974, 'y': 529.8866947701812, 'elapsedTime': 102970.30000007153}",936794449815,5252852207,POINT (0.6046836142044257 0.4906358284909085),,,,,,,,,,,,,,,,,,,,,,,,,,,,,,,,,,,,,,,,,,,,,,,,,,,,,,,,,,,,,,,,,,,,,,,,,,,,,,,,,,,,,,,,,,,,,,,,,,,,1,
0,15,28,"{'x': 1160.9925392724974, 'y': 529.8866947701812, 'elapsedTime': 102970.30000007153}",936794466486,5252868877,POINT (0.6046836142044257 0.4906358284909085),,,,,,,,,,,,,,,,,,,,,,,,,,,,,,,,,,,,,,,,,,,,,,,,,,,,,,,,,,,,,,,,,,,,,,,,,,,,,,,,,,,,,,,,,,,,,,,,,,,,1,
0,15,28,"{'x': 1160.9925392724974, 'y': 529.8866947701812, 'elapsedTime': 102970.30000007153}",936794483153,5252885544,POINT (0.6046836142044257 0.4906358284909085),,,,,,,,,,,,,,,,,,,,,,,,,,,,,,,,,,,,,,,,,,,,,,,,,,,,,,,,,,,,,,,,,,,,,,,,,,,,,,,,,,,,,,,,,,,,,,,,,,,,1,
0,15,28,"{'x': 1148.1015316571882, 'y': 619.293690137098, 'elapsedTime': 103023}",936794499820,5252902210,POINT (0.5979695477381188 0.573420083460276),,,,,,,,,,,,,,,,,,,,,,,,,,,,,,,,,,,,,,,,,,,,,,,,,,,,,,,,,,,,,,,,,,,,,,,,,,,,,,,,,,,,,,,,,,,,,,,,,,,,1,
0,15,28,"{'x': 1148.1015316571882, 'y': 619.293690137098, 'elapsedTime': 103023}",936794516487,5252918877,POINT (0.5979695477381188 0.573420083460276),,,,,,,,,,,,,,,,,,,,,,,,,,,,,,,,,,,,,,,,,,,,,,,,,,,,,,,,,,,,,,,,,,,,,,,,,,,,,,,,,,,,,,,,,,,,,,,,,,,,1,
0,15,28,"{'x': 1148.1015316571882, 'y': 619.293690137098, 'elapsedTime': 103023}",936794533155,5252935544,POINT (0.5979695477381188 0.573420083460276),,,,,,,,,,,,,,,,,,,,,,,,,,,,,,,,,,,,,,,,,,,,,,,,,,,,,,,,,,,,,,,,,,,,,,,,,,,,,,,,,,,,,,,,,,,,,,,,,,,,1,
0,15,28,"{'x': 1173.4086822135735, 'y': 349.8311463408657, 'elapsedTime': 103078.5}",936794549821,5252952210,POINT (0.6111503553195695 0.3239177280933941),,,,,,,,,,,,,,,,,,,,,,,,,,,,,,,,,,,,,,,,,,,,,,,,,,,,,,,,,,,,,,,,,,,,,,,,,,,,,,,,,,,,,,,,,,,,,,,,,,,,1,
0,15,28,"{'x': 1173.4086822135735, 'y': 349.8311463408657, 'elapsedTime': 103078.5}",936794566489,5252968877,POINT (0.6111503553195695 0.3239177280933941),,,,,,,,,,,,,,,,,,,,,,,,,,,,,,,,,,,,,,,,,,,,,,,,,,,,,,,,,,,,,,,,,,,,,,,,,,,,,,,,,,,,,,,,,,,,,,,,,,,,1,
0,15,28,"{'x': 1173.4086822135735, 'y': 349.8311463408657, 'elapsedTime': 103078.5}",936794583155,5252985543,POINT (0.6111503553195695 0.3239177280933941),,,,,,,,,,,,,,,,,,,,,,,,,,,,,,,,,,,,,,,,,,,,,,,,,,,,,,,,,,,,,,,,,,,,,,,,,,,,,,,,,,,,,,,,,,,,,,,,,,,,1,
0,15,28,"{'x': 1120.965755319559, 'y': 394.8571554547856, 'elapsedTime': 103133.89999997616}",936794599827,5253002214,POINT (0.5838363308956037 0.3656084772729496),,,,,,,,,,,,,,,,,,,,,,,,,,,,,,,,,,,,,,,,,,,,,,,,,,,,,,,,,,,,,,,,,,,,,,,,,,,,,,,,,,,,,,,,,,,,,,,,,,,,1,
0,15,28,"{'x': 1120.965755319559, 'y': 394.8571554547856, 'elapsedTime': 103133.89999997616}",936794616494,5253018881,POINT (0.5838363308956037 0.3656084772729496),,,,,,,,,,,,,,,,,,,,,,,,,,,,,,,,,,,,,,,,,,,,,,,,,,,,,,,,,,,,,,,,,,,,,,,,,,,,,,,,,,,,,,,,,,,,,,,,,,,,1,
0,15,28,"{'x': 1120.965755319559, 'y': 394.8571554547856, 'elapsedTime': 103133.89999997616}",936794633162,5253035548,POINT (0.5838363308956037 0.3656084772729496),,,,,,,,,,,,,,,,,,,,,,,,,,,,,,,,,,,,,,,,,,,,,,,,,,,,,,,,,,,,,,,,,,,,,,,,,,,,,,,,,,,,,,,,,,,,,,,,,,,,1,
0,15,28,"{'x': 1120.965755319559, 'y': 394.8571554547856, 'elapsedTime': 103133.89999997616}",936794649828,5253052214,POINT (0.5838363308956037 0.3656084772729496),,,,,,,,,,,,,,,,,,,,,,,,,,,,,,,,,,,,,,,,,,,,,,,,,,,,,,,,,,,,,,,,,,,,,,,,,,,,,,,,,,,,,,,,,,,,,,,,,,,,1,
0,15,28,"{'x': 1161.5499266210768, 'y': 414.0788391447419, 'elapsedTime': 103191.39999997616}",936794666496,5253068881,POINT (0.6049739201151442 0.3834063325414277),,,,,,,,,,,,,,,,,,,,,,,,,,,,,,,,,,,,,,,,,,,,,,,,,,,,,,,,,,,,,,,,,,,,,,,,,,,,,,,,,,,,,,,,,,,,,,,,,,,,1,
0,15,28,"{'x': 1161.5499266210768, 'y': 414.0788391447419, 'elapsedTime': 103191.39999997616}",936794683163,5253085548,POINT (0.6049739201151442 0.3834063325414277),,,,,,,,,,,,,,,,,,,,,,,,,,,,,,,,,,,,,,,,,,,,,,,,,,,,,,,,,,,,,,,,,,,,,,,,,,,,,,,,,,,,,,,,,,,,,,,,,,,,1,
0,15,28,"{'x': 1161.5499266210768, 'y': 414.0788391447419, 'elapsedTime': 103191.39999997616}",936794699831,5253102214,POINT (0.6049739201151442 0.3834063325414277),,,,,,,,,,,,,,,,,,,,,,,,,,,,,,,,,,,,,,,,,,,,,,,,,,,,,,,,,,,,,,,,,,,,,,,,,,,,,,,,,,,,,,,,,,,,,,,,,,,,1,
0,15,28,"{'x': 1185.94477201179, 'y': 406.55003008148253, 'elapsedTime': 103249}",936794716498,5253118881,POINT (0.6176795687561406 0.3764352130384098),,,,,,,,,,,,,,,,,,,,,,,,,,,,,,,,,,,,,,,,,,,,,,,,,,,,,,,,,,,,,,,,,,,,,,,,,,,,,,,,,,,,,,,,,,,,,,,,,,,,1,
0,15,28,"{'x': 1185.94477201179, 'y': 406.55003008148253, 'elapsedTime': 103249}",936794733171,5253135553,POINT (0.6176795687561406 0.3764352130384098),,,,,,,,,,,,,,,,,,,,,,,,,,,,,,,,,,,,,,,,,,,,,,,,,,,,,,,,,,,,,,,,,,,,,,,,,,,,,,,,,,,,,,,,,,,,,,,,,,,,1,
0,15,28,"{'x': 1185.94477201179, 'y': 406.55003008148253, 'elapsedTime': 103249}",936794749838,5253152220,POINT (0.6176795687561406 0.3764352130384098),,,,,,,,,,,,,,,,,,,,,,,,,,,,,,,,,,,,,,,,,,,,,,,,,,,,,,,,,,,,,,,,,,,,,,,,,,,,,,,,,,,,,,,,,,,,,,,,,,,,1,
0,15,28,"{'x': 1185.94477201179, 'y': 406.55003008148253, 'elapsedTime': 103249}",936794766506,5253168887,POINT (0.6176795687561406 0.3764352130384098),,,,,,,,,,,,,,,,,,,,,,,,,,,,,,,,,,,,,,,,,,,,,,,,,,,,,,,,,,,,,,,,,,,,,,,,,,,,,,,,,,,,,,,,,,,,,,,,,,,,1,
0,15,28,"{'x': 1262.0677885699777, 'y': 281.74228125008676, 'elapsedTime': 103305.30000007153}",936794783172,5253185553,POINT (0.6573269732135301 0.2608724826389692),,,,,,,,,,,,,,,,,,,,,,,,,,,,,,,,,,,,,,,,,,,,,,,,,,,,,,,,,,,,,,,,,,,,,,,,,,,,,,,,,,,,,,,,,,,,,,,,,,,1,1,
0,15,28,"{'x': 1262.0677885699777, 'y': 281.74228125008676, 'elapsedTime': 103305.30000007153}",936794799840,5253202220,POINT (0.6573269732135301 0.2608724826389692),,,,,,,,,,,,,,,,,,,,,,,,,,,,,,,,,,,,,,,,,,,,,,,,,,,,,,,,,,,,,,,,,,,,,,,,,,,,,,,,,,,,,,,,,,,,,,,,,,,1,1,
0,15,28,"{'x': 1262.0677885699777, 'y': 281.74228125008676, 'elapsedTime': 103305.30000007153}",936794816507,5253218887,POINT (0.6573269732135301 0.2608724826389692),,,,,,,,,,,,,,,,,,,,,,,,,,,,,,,,,,,,,,,,,,,,,,,,,,,,,,,,,,,,,,,,,,,,,,,,,,,,,,,,,,,,,,,,,,,,,,,,,,,1,1,
0,15,28,"{'x': 1230.2416812457643, 'y': 335.11430236424223, 'elapsedTime': 103368}",936794833174,5253235553,POINT (0.6407508756488356 0.3102910207076317),,,,,,,,,,,,,,,,,,,,,,,,,,,,,,,,,,,,,,,,,,,,,,,,,,,,,,,,,,,,,,,,,,,,,,,,,,,,,,,,,,,,,,,,,,,,,,,,,,,,1,
0,15,28,"{'x': 1230.2416812457643, 'y': 335.11430236424223, 'elapsedTime': 103368}",936794849841,5253252220,POINT (0.6407508756488356 0.3102910207076317),,,,,,,,,,,,,,,,,,,,,,,,,,,,,,,,,,,,,,,,,,,,,,,,,,,,,,,,,,,,,,,,,,,,,,,,,,,,,,,,,,,,,,,,,,,,,,,,,,,,1,
0,15,28,"{'x': 1230.2416812457643, 'y': 335.11430236424223, 'elapsedTime': 103368}",936794866515,5253268893,POINT (0.6407508756488356 0.3102910207076317),,,,,,,,,,,,,,,,,,,,,,,,,,,,,,,,,,,,,,,,,,,,,,,,,,,,,,,,,,,,,,,,,,,,,,,,,,,,,,,,,,,,,,,,,,,,,,,,,,,,1,
0,15,28,"{'x': 1114.572058710865, 'y': 419.86645716751957, 'elapsedTime': 103420.10000002384}",936794883181,5253285559,POINT (0.5805062805785755 0.3887652381180737),,,,,,,,,,,,,,,,,,,,,,,,,,,,,,,,,,,,,,,,,,,,,,,,,,,,,,,,,,,,,,,,,,,,,,,,,,,,,,,,,,,,,,,,,,,,,,,,,,,,1,
0,15,28,"{'x': 1114.572058710865, 'y': 419.86645716751957, 'elapsedTime': 103420.10000002384}",936794899849,5253302226,POINT (0.5805062805785755 0.3887652381180737),,,,,,,,,,,,,,,,,,,,,,,,,,,,,,,,,,,,,,,,,,,,,,,,,,,,,,,,,,,,,,,,,,,,,,,,,,,,,,,,,,,,,,,,,,,,,,,,,,,,1,
0,15,28,"{'x': 1114.572058710865, 'y': 419.86645716751957, 'elapsedTime': 103420.10000002384}",936794916516,5253318893,POINT (0.5805062805785755 0.3887652381180737),,,,,,,,,,,,,,,,,,,,,,,,,,,,,,,,,,,,,,,,,,,,,,,,,,,,,,,,,,,,,,,,,,,,,,,,,,,,,,,,,,,,,,,,,,,,,,,,,,,,1,
0,15,28,"{'x': 1114.572058710865, 'y': 419.86645716751957, 'elapsedTime': 103420.10000002384}",936794933183,5253335559,POINT (0.5805062805785755 0.3887652381180737),,,,,,,,,,,,,,,,,,,,,,,,,,,,,,,,,,,,,,,,,,,,,,,,,,,,,,,,,,,,,,,,,,,,,,,,,,,,,,,,,,,,,,,,,,,,,,,,,,,,1,
0,15,28,"{'x': 1110.265436315092, 'y': 397.39897345459525, 'elapsedTime': 103474.39999997616}",936794949850,5253352226,POINT (0.5782632480807771 0.3679620124579586),,,,,,,,,,,,,,,,,,,,,,,,,,,,,,,,,,,,,,,,,,,,,,,,,,,,,,,,,,,,,,,,,,,,,,,,,,,,,,,,,,,,,,,,,,,,,,,,,,,,1,
0,15,28,"{'x': 1110.265436315092, 'y': 397.39897345459525, 'elapsedTime': 103474.39999997616}",936794966518,5253368893,POINT (0.5782632480807771 0.3679620124579586),,,,,,,,,,,,,,,,,,,,,,,,,,,,,,,,,,,,,,,,,,,,,,,,,,,,,,,,,,,,,,,,,,,,,,,,,,,,,,,,,,,,,,,,,,,,,,,,,,,,1,
0,15,28,"{'x': 1110.265436315092, 'y': 397.39897345459525, 'elapsedTime': 103474.39999997616}",936794983184,5253385559,POINT (0.5782632480807771 0.3679620124579586),,,,,,,,,,,,,,,,,,,,,,,,,,,,,,,,,,,,,,,,,,,,,,,,,,,,,,,,,,,,,,,,,,,,,,,,,,,,,,,,,,,,,,,,,,,,,,,,,,,,1,
0,15,28,"{'x': 1049.2578312138148, 'y': 304.223044565184, 'elapsedTime': 103528.30000007153}",936794999856,5253402230,POINT (0.5464884537571952 0.2816880042270222),,,,,,,,,,,,,,,,,,,,,,,,,,,,,,,,,,,,,,,,,,,,,,,,,,,,,,,,,,,,,,,,,,,,,,,,,,,,,,,,,,,,,,,,,,,,,,,,,,,1,1,
0,15,28,"{'x': 1049.2578312138148, 'y': 304.223044565184, 'elapsedTime': 103528.30000007153}",936795016524,5253418897,POINT (0.5464884537571952 0.2816880042270222),,,,,,,,,,,,,,,,,,,,,,,,,,,,,,,,,,,,,,,,,,,,,,,,,,,,,,,,,,,,,,,,,,,,,,,,,,,,,,,,,,,,,,,,,,,,,,,,,,,1,1,
0,15,28,"{'x': 1049.2578312138148, 'y': 304.223044565184, 'elapsedTime': 103528.30000007153}",936795033190,5253435563,POINT (0.5464884537571952 0.2816880042270222),,,,,,,,,,,,,,,,,,,,,,,,,,,,,,,,,,,,,,,,,,,,,,,,,,,,,,,,,,,,,,,,,,,,,,,,,,,,,,,,,,,,,,,,,,,,,,,,,,,1,1,
0,15,28,"{'x': 1049.2578312138148, 'y': 304.223044565184, 'elapsedTime': 103528.30000007153}",936795049858,5253452230,POINT (0.5464884537571952 0.2816880042270222),,,,,,,,,,,,,,,,,,,,,,,,,,,,,,,,,,,,,,,,,,,,,,,,,,,,,,,,,,,,,,,,,,,,,,,,,,,,,,,,,,,,,,,,,,,,,,,,,,,1,1,
0,15,28,"{'x': 1033.2626226930977, 'y': 288.58515783903124, 'elapsedTime': 103592.30000007153}",936795066525,5253468897,POINT (0.5381576159859883 0.2672084794805845),,,,,,,,,,,,,,,,,,,,,,,,,,,,,,,,,,,,,,,,,,,,,,,,,,,,,,,,,,,,,,,,,,,,,,,,,,,,,,,,,,,,,,,,,,,,,,,,,,,1,1,
0,15,28,"{'x': 1033.2626226930977, 'y': 288.58515783903124, 'elapsedTime': 103592.30000007153}",936795083192,5253485563,POINT (0.5381576159859883 0.2672084794805845),,,,,,,,,,,,,,,,,,,,,,,,,,,,,,,,,,,,,,,,,,,,,,,,,,,,,,,,,,,,,,,,,,,,,,,,,,,,,,,,,,,,,,,,,,,,,,,,,,,1,1,
0,15,28,"{'x': 1033.2626226930977, 'y': 288.58515783903124, 'elapsedTime': 103592.30000007153}",936795099859,5253502230,POINT (0.5381576159859883 0.2672084794805845),,,,,,,,,,,,,,,,,,,,,,,,,,,,,,,,,,,,,,,,,,,,,,,,,,,,,,,,,,,,,,,,,,,,,,,,,,,,,,,,,,,,,,,,,,,,,,,,,,,1,1,
0,15,28,"{'x': 973.8173806146732, 'y': 254.89729976349366, 'elapsedTime': 103649.10000002384}",936795116527,5253518897,POINT (0.5071965524034756 0.2360160182995312),,,,,,,,,,,,,,,,,,,,,,,,,,,,,,,,,,,,,,,,,,,,,,,,,,,,,,,,,,,,,,,,,,,,,,,,,,,,,,,,,,,,,,,,,,,,,,,,,,,1,1,
0,15,28,"{'x': 973.8173806146732, 'y': 254.89729976349366, 'elapsedTime': 103649.10000002384}",936795133197,5253535567,POINT (0.5071965524034756 0.2360160182995312),,,,,,,,,,,,,,,,,,,,,,,,,,,,,,,,,,,,,,,,,,,,,,,,,,,,,,,,,,,,,,,,,,,,,,,,,,,,,,,,,,,,,,,,,,,,,,,,,,,1,1,
0,15,28,"{'x': 973.8173806146732, 'y': 254.89729976349366, 'elapsedTime': 103649.10000002384}",936795149865,5253552234,POINT (0.5071965524034756 0.2360160182995312),,,,,,,,,,,,,,,,,,,,,,,,,,,,,,,,,,,,,,,,,,,,,,,,,,,,,,,,,,,,,,,,,,,,,,,,,,,,,,,,,,,,,,,,,,,,,,,,,,,1,1,
0,15,28,"{'x': 1071.7171805437022, 'y': 246.75855170939357, 'elapsedTime': 103703.39999997616}",936795166532,5253568901,POINT (0.5581860315331783 0.2284801404716607),,,,,,,,,,,,,,,,,,,,,,,,,,,,,,,,,,,,,,,,,,,,,,,,,,,,,,,,,,,,,,,,,,,,,,,,,,,,,,,,,,,,,,,,,,,,,,,,,,,1,1,
0,15,28,"{'x': 1071.7171805437022, 'y': 246.75855170939357, 'elapsedTime': 103703.39999997616}",936795183199,5253585567,POINT (0.5581860315331783 0.2284801404716607),,,,,,,,,,,,,,,,,,,,,,,,,,,,,,,,,,,,,,,,,,,,,,,,,,,,,,,,,,,,,,,,,,,,,,,,,,,,,,,,,,,,,,,,,,,,,,,,,,,1,1,
0,15,28,"{'x': 1071.7171805437022, 'y': 246.75855170939357, 'elapsedTime': 103703.39999997616}",936795199866,5253602234,POINT (0.5581860315331783 0.2284801404716607),,,,,,,,,,,,,,,,,,,,,,,,,,,,,,,,,,,,,,,,,,,,,,,,,,,,,,,,,,,,,,,,,,,,,,,,,,,,,,,,,,,,,,,,,,,,,,,,,,,1,1,
0,15,28,"{'x': 1071.7171805437022, 'y': 246.75855170939357, 'elapsedTime': 103703.39999997616}",936795216533,5253618900,POINT (0.5581860315331783 0.2284801404716607),,,,,,,,,,,,,,,,,,,,,,,,,,,,,,,,,,,,,,,,,,,,,,,,,,,,,,,,,,,,,,,,,,,,,,,,,,,,,,,,,,,,,,,,,,,,,,,,,,,1,1,
0,15,28,"{'x': 1058.6750485115074, 'y': 146.5850938814085, 'elapsedTime': 103757.80000007153}",936795233200,5253635567,POINT (0.5513932544330767 0.135726938779082),,,,,,,,,,,,,,,,,,,,,,,,,,,,,,,,,,,,,,,,,,,,,,,,,,,,,,,,,,,,,,,,,,,,,,,,,,,,,,,,,,,,,,,,,,,,,,,,,,,,,
0,15,28,"{'x': 1058.6750485115074, 'y': 146.5850938814085, 'elapsedTime': 103757.80000007153}",936795249868,5253652234,POINT (0.5513932544330767 0.135726938779082),,,,,,,,,,,,,,,,,,,,,,,,,,,,,,,,,,,,,,,,,,,,,,,,,,,,,,,,,,,,,,,,,,,,,,,,,,,,,,,,,,,,,,,,,,,,,,,,,,,,,
0,15,28,"{'x': 1058.6750485115074, 'y': 146.5850938814085, 'elapsedTime': 103757.80000007153}",936795266540,5253668906,POINT (0.5513932544330767 0.135726938779082),,,,,,,,,,,,,,,,,,,,,,,,,,,,,,,,,,,,,,,,,,,,,,,,,,,,,,,,,,,,,,,,,,,,,,,,,,,,,,,,,,,,,,,,,,,,,,,,,,,,,
0,15,28,"{'x': 1020.2700912115913, 'y': 90.53615457575756, 'elapsedTime': 103810.30000007153}",936795283207,5253685572,POINT (0.5313906725060371 0.0838297727553311),,,,,,,,,,,,,,,,,,,,,,,,,,,,,,,,,,,,,,,,,,,,,,,,,,,,,,,,,,,,,,,,,,,,,,,,,,,,,,,,,,,,,,,,,,,,,,,,,,,,,
0,15,28,"{'x': 1020.2700912115913, 'y': 90.53615457575756, 'elapsedTime': 103810.30000007153}",936795299874,5253702239,POINT (0.5313906725060371 0.0838297727553311),,,,,,,,,,,,,,,,,,,,,,,,,,,,,,,,,,,,,,,,,,,,,,,,,,,,,,,,,,,,,,,,,,,,,,,,,,,,,,,,,,,,,,,,,,,,,,,,,,,,,
0,15,28,"{'x': 1020.2700912115913, 'y': 90.53615457575756, 'elapsedTime': 103810.30000007153}",936795316542,5253718905,POINT (0.5313906725060371 0.0838297727553311),,,,,,,,,,,,,,,,,,,,,,,,,,,,,,,,,,,,,,,,,,,,,,,,,,,,,,,,,,,,,,,,,,,,,,,,,,,,,,,,,,,,,,,,,,,,,,,,,,,,,
0,15,28,"{'x': 912.0816586164487, 'y': 200.12167761109612, 'elapsedTime': 103862.5}",936795333209,5253735572,POINT (0.4750425305294004 0.1852978496399038),,,,,,,,,,,,,,,,,,,,,,,,,,,,,,,,,,,,,,,,,,,,,,,,,,,,,,,,,,,,,,,,,,,,,,,,,,,,,,,,,,,,,,,,,,,,,,,,,,,1,,
0,15,28,"{'x': 912.0816586164487, 'y': 200.12167761109612, 'elapsedTime': 103862.5}",936795349877,5253752239,POINT (0.4750425305294004 0.1852978496399038),,,,,,,,,,,,,,,,,,,,,,,,,,,,,,,,,,,,,,,,,,,,,,,,,,,,,,,,,,,,,,,,,,,,,,,,,,,,,,,,,,,,,,,,,,,,,,,,,,,1,,
0,15,28,"{'x': 912.0816586164487, 'y': 200.12167761109612, 'elapsedTime': 103862.5}",936795366543,5253768905,POINT (0.4750425305294004 0.1852978496399038),,,,,,,,,,,,,,,,,,,,,,,,,,,,,,,,,,,,,,,,,,,,,,,,,,,,,,,,,,,,,,,,,,,,,,,,,,,,,,,,,,,,,,,,,,,,,,,,,,,1,,
0,15,28,"{'x': 873.6758377935746, 'y': 160.7368592388128, 'elapsedTime': 103916.30000007153}",936795383214,5253785575,POINT (0.4550394988508201 0.148830425221123),,,,,,,,,,,,,,,,,,,,,,,,,,,,,,,,,,,,,,,,,,,,,,,,,,,,,,,,,,,,,,,,,,,,,,,,,,,,,,,,,,,,,,,,,,,,,,,,,,,1,,
0,15,28,"{'x': 873.6758377935746, 'y': 160.7368592388128, 'elapsedTime': 103916.30000007153}",936795399881,5253802242,POINT (0.4550394988508201 0.148830425221123),,,,,,,,,,,,,,,,,,,,,,,,,,,,,,,,,,,,,,,,,,,,,,,,,,,,,,,,,,,,,,,,,,,,,,,,,,,,,,,,,,,,,,,,,,,,,,,,,,,1,,
0,15,28,"{'x': 873.6758377935746, 'y': 160.7368592388128, 'elapsedTime': 103916.30000007153}",936795416548,5253818908,POINT (0.4550394988508201 0.148830425221123),,,,,,,,,,,,,,,,,,,,,,,,,,,,,,,,,,,,,,,,,,,,,,,,,,,,,,,,,,,,,,,,,,,,,,,,,,,,,,,,,,,,,,,,,,,,,,,,,,,1,,
0,15,28,"{'x': 911.4572391004907, 'y': 157.73395505897105, 'elapsedTime': 103970.5}",936795433215,5253835575,POINT (0.4747173120315056 0.1460499583879362),,,,,,,,,,,,,,,,,,,,,,,,,,,,,,,,,,,,,,,,,,,,,,,,,,,,,,,,,,,,,,,,,,,,,,,,,,,,,,,,,,,,,,,,,,,,,,,,,,,1,,
0,15,28,"{'x': 911.4572391004907, 'y': 157.73395505897105, 'elapsedTime': 103970.5}",936795449883,5253852242,POINT (0.4747173120315056 0.1460499583879362),,,,,,,,,,,,,,,,,,,,,,,,,,,,,,,,,,,,,,,,,,,,,,,,,,,,,,,,,,,,,,,,,,,,,,,,,,,,,,,,,,,,,,,,,,,,,,,,,,,1,,
0,15,28,"{'x': 911.4572391004907, 'y': 157.73395505897105, 'elapsedTime': 103970.5}",936795466549,5253868908,POINT (0.4747173120315056 0.1460499583879362),,,,,,,,,,,,,,,,,,,,,,,,,,,,,,,,,,,,,,,,,,,,,,,,,,,,,,,,,,,,,,,,,,,,,,,,,,,,,,,,,,,,,,,,,,,,,,,,,,,1,,
0,15,28,"{'x': 909.3009553168082, 'y': 185.8870684355104, 'elapsedTime': 104023.20000004768}",936795483217,5253885575,POINT (0.4735942475608376 0.1721176559588059),,,,,,,,,,,,,,,,,,,,,,,,,,,,,,,,,,,,,,,,,,,,,,,,,,,,,,,,,,,,,,,,,,,,,,,,,,,,,,,,,,,,,,,,,,,,,,,,,,,1,,
0,15,28,"{'x': 909.3009553168082, 'y': 185.8870684355104, 'elapsedTime': 104023.20000004768}",936795499884,5253902242,POINT (0.4735942475608376 0.1721176559588059),,,,,,,,,,,,,,,,,,,,,,,,,,,,,,,,,,,,,,,,,,,,,,,,,,,,,,,,,,,,,,,,,,,,,,,,,,,,,,,,,,,,,,,,,,,,,,,,,,,1,,
0,15,28,"{'x': 909.3009553168082, 'y': 185.8870684355104, 'elapsedTime': 104023.20000004768}",936795516556,5253918913,POINT (0.4735942475608376 0.1721176559588059),,,,,,,,,,,,,,,,,,,,,,,,,,,,,,,,,,,,,,,,,,,,,,,,,,,,,,,,,,,,,,,,,,,,,,,,,,,,,,,,,,,,,,,,,,,,,,,,,,,1,,
0,15,28,"{'x': 909.3009553168082, 'y': 185.8870684355104, 'elapsedTime': 104023.20000004768}",936795533222,5253935579,POINT (0.4735942475608376 0.1721176559588059),,,,,,,,,,,,,,,,,,,,,,,,,,,,,,,,,,,,,,,,,,,,,,,,,,,,,,,,,,,,,,,,,,,,,,,,,,,,,,,,,,,,,,,,,,,,,,,,,,,1,,
0,15,28,"{'x': 791.767252061958, 'y': 232.2118168911425, 'elapsedTime': 104074.89999997616}",936795549890,5253952246,POINT (0.4123787771156031 0.2150109415658727),,,,,,,,,,,,,,,,,,,,,,,,,,,,,,,,,,,,,,,,,,,,,,,,,,,,,,,,,,,,,,,,,,,,,,,,,,,,,,,,,,,,,,,,,,,,,,,,,,,,1,
0,15,28,"{'x': 791.767252061958, 'y': 232.2118168911425, 'elapsedTime': 104074.89999997616}",936795566557,5253968913,POINT (0.4123787771156031 0.2150109415658727),,,,,,,,,,,,,,,,,,,,,,,,,,,,,,,,,,,,,,,,,,,,,,,,,,,,,,,,,,,,,,,,,,,,,,,,,,,,,,,,,,,,,,,,,,,,,,,,,,,,1,
0,15,28,"{'x': 791.767252061958, 'y': 232.2118168911425, 'elapsedTime': 104074.89999997616}",936795583225,5253985580,POINT (0.4123787771156031 0.2150109415658727),,,,,,,,,,,,,,,,,,,,,,,,,,,,,,,,,,,,,,,,,,,,,,,,,,,,,,,,,,,,,,,,,,,,,,,,,,,,,,,,,,,,,,,,,,,,,,,,,,,,1,
0,15,28,"{'x': 385.6412318171426, 'y': 395.62190646625265, 'elapsedTime': 104129.20000004768}",936795599891,5254002246,POINT (0.2008548082380951 0.366316580061345),,,,,,,,,,,,,,,,,,,,,,,,,,,,,,,,,,,,,,,,,,,,,,,,,,,,,,,,,,,,,,,,,,,,,,,,,,,,,,,,,,,,,,,,,,,,,,,,,,,,,
0,15,28,"{'x': 385.6412318171426, 'y': 395.62190646625265, 'elapsedTime': 104129.20000004768}",936795616559,5254018913,POINT (0.2008548082380951 0.366316580061345),,,,,,,,,,,,,,,,,,,,,,,,,,,,,,,,,,,,,,,,,,,,,,,,,,,,,,,,,,,,,,,,,,,,,,,,,,,,,,,,,,,,,,,,,,,,,,,,,,,,,
0,15,28,"{'x': 385.6412318171426, 'y': 395.62190646625265, 'elapsedTime': 104129.20000004768}",936795633226,5254035579,POINT (0.2008548082380951 0.366316580061345),,,,,,,,,,,,,,,,,,,,,,,,,,,,,,,,,,,,,,,,,,,,,,,,,,,,,,,,,,,,,,,,,,,,,,,,,,,,,,,,,,,,,,,,,,,,,,,,,,,,,
0,15,28,"{'x': 260.9657967617412, 'y': 656.3551624955376, 'elapsedTime': 104180.70000004768}",936795649899,5254052251,POINT (0.1359196858134069 0.6077362615699422),,,,,,,,,,,,,,,,,,,,,,,,,,,,,,,,,,,,,,,,,,,,,,,,,,,,,,,,,,,,,,,,,,,,,,,,,,,,,,,,,,,,,,,,,,,,,,,,,,,,,
0,15,28,"{'x': 260.9657967617412, 'y': 656.3551624955376, 'elapsedTime': 104180.70000004768}",936795666566,5254068918,POINT (0.1359196858134069 0.6077362615699422),,,,,,,,,,,,,,,,,,,,,,,,,,,,,,,,,,,,,,,,,,,,,,,,,,,,,,,,,,,,,,,,,,,,,,,,,,,,,,,,,,,,,,,,,,,,,,,,,,,,,
0,15,28,"{'x': 260.9657967617412, 'y': 656.3551624955376, 'elapsedTime': 104180.70000004768}",936795683233,5254085584,POINT (0.1359196858134069 0.6077362615699422),,,,,,,,,,,,,,,,,,,,,,,,,,,,,,,,,,,,,,,,,,,,,,,,,,,,,,,,,,,,,,,,,,,,,,,,,,,,,,,,,,,,,,,,,,,,,,,,,,,,,
0,15,28,"{'x': 166.2521775443312, 'y': 640.0800419441264, 'elapsedTime': 104230}",936795699900,5254102251,POINT (0.0865896758043392 0.5926667055038207),,,,,,,,,,,,,,,,,,,,,,,,,,,,,,,,,,,,,,,,,,,,,,,,,,,,,,,,,,,,,,,,,,,,,,,,,,,,,,,,,,,,,,,,,,,,,,,,,,,,,
0,15,28,"{'x': 166.2521775443312, 'y': 640.0800419441264, 'elapsedTime': 104230}",936795716568,5254118918,POINT (0.0865896758043392 0.5926667055038207),,,,,,,,,,,,,,,,,,,,,,,,,,,,,,,,,,,,,,,,,,,,,,,,,,,,,,,,,,,,,,,,,,,,,,,,,,,,,,,,,,,,,,,,,,,,,,,,,,,,,
0,15,28,"{'x': 166.2521775443312, 'y': 640.0800419441264, 'elapsedTime': 104230}",936795733235,5254135585,POINT (0.0865896758043392 0.5926667055038207),,,,,,,,,,,,,,,,,,,,,,,,,,,,,,,,,,,,,,,,,,,,,,,,,,,,,,,,,,,,,,,,,,,,,,,,,,,,,,,,,,,,,,,,,,,,,,,,,,,,,
0,15,28,"{'x': 324.04356626112747, 'y': 706.2748792262172, 'elapsedTime': 104282.39999997616}",936795749902,5254152251,POINT (0.1687726907610039 0.6539582215057567),,,,,,,,,,,,,,,,,,,,,,,,,,,,,,,,,,,,,,,,,,,,,,,,,,,,,,,,,,,,,,,,,,,,,,,,,,,,,,,,,,,,,,,,,,,,,,,,,,,,,
0,15,28,"{'x': 324.04356626112747, 'y': 706.2748792262172, 'elapsedTime': 104282.39999997616}",936795766569,5254168918,POINT (0.1687726907610039 0.6539582215057567),,,,,,,,,,,,,,,,,,,,,,,,,,,,,,,,,,,,,,,,,,,,,,,,,,,,,,,,,,,,,,,,,,,,,,,,,,,,,,,,,,,,,,,,,,,,,,,,,,,,,
0,15,28,"{'x': 324.04356626112747, 'y': 706.2748792262172, 'elapsedTime': 104282.39999997616}",936795783241,5254185589,POINT (0.1687726907610039 0.6539582215057567),,,,,,,,,,,,,,,,,,,,,,,,,,,,,,,,,,,,,,,,,,,,,,,,,,,,,,,,,,,,,,,,,,,,,,,,,,,,,,,,,,,,,,,,,,,,,,,,,,,,,
0,15,28,"{'x': 251.8462529673306, 'y': 761.9694476064303, 'elapsedTime': 104333.39999997616}",936795799908,5254202256,POINT (0.1311699234204847 0.7055272663022503),,,,,,,,,,,,,,,,,,,,,,,,,,,,,,,,,,,,,,,,,,,,,,,,,,,,,,,,,,,,,,,,,,,,,,,,,,,,,,,,,,,,,,,,,,,,,,,,,,,,,
0,15,28,"{'x': 251.8462529673306, 'y': 761.9694476064303, 'elapsedTime': 104333.39999997616}",936795816576,5254218923,POINT (0.1311699234204847 0.7055272663022503),,,,,,,,,,,,,,,,,,,,,,,,,,,,,,,,,,,,,,,,,,,,,,,,,,,,,,,,,,,,,,,,,,,,,,,,,,,,,,,,,,,,,,,,,,,,,,,,,,,,,
0,15,28,"{'x': 251.8462529673306, 'y': 761.9694476064303, 'elapsedTime': 104333.39999997616}",936795833243,5254235590,POINT (0.1311699234204847 0.7055272663022503),,,,,,,,,,,,,,,,,,,,,,,,,,,,,,,,,,,,,,,,,,,,,,,,,,,,,,,,,,,,,,,,,,,,,,,,,,,,,,,,,,,,,,,,,,,,,,,,,,,,,
0,15,28,"{'x': 313.86240244286523, 'y': 740.4087418214463, 'elapsedTime': 104383.10000002384}",936795849910,5254252256,POINT (0.1634700012723256 0.6855636498346724),,,,,,,,,,,,,,,,,,,,,,,,,,,,,,,,,,,,,,,,,,,,,,,,,,,,,,,,,,,,,,,,,,,,,,,,,,,,,,,,,,,,,,,,,,,,,,,,,,,,,
0,15,28,"{'x': 313.86240244286523, 'y': 740.4087418214463, 'elapsedTime': 104383.10000002384}",936795866577,5254268923,POINT (0.1634700012723256 0.6855636498346724),,,,,,,,,,,,,,,,,,,,,,,,,,,,,,,,,,,,,,,,,,,,,,,,,,,,,,,,,,,,,,,,,,,,,,,,,,,,,,,,,,,,,,,,,,,,,,,,,,,,,
0,15,28,"{'x': 391.85344956453173, 'y': 671.4362695957725, 'elapsedTime': 104433.89999997616}",936795883245,5254285590,POINT (0.2040903383148603 0.6217002496257152),,,,,,,,,,,,,,,,,,,,,,,,,,,,,,,,,,,,,,,,,,,,,,,,,,,,,,,,,,,,,,,,,,,,,,,,,,,,,,,,,,,,,,,,,,,,,,,,,,,,,1
0,15,28,"{'x': 391.85344956453173, 'y': 671.4362695957725, 'elapsedTime': 104433.89999997616}",936795899911,5254302256,POINT (0.2040903383148603 0.6217002496257152),,,,,,,,,,,,,,,,,,,,,,,,,,,,,,,,,,,,,,,,,,,,,,,,,,,,,,,,,,,,,,,,,,,,,,,,,,,,,,,,,,,,,,,,,,,,,,,,,,,,,1
0,15,28,"{'x': 391.85344956453173, 'y': 671.4362695957725, 'elapsedTime': 104433.89999997616}",936795916583,5254318927,POINT (0.2040903383148603 0.6217002496257152),,,,,,,,,,,,,,,,,,,,,,,,,,,,,,,,,,,,,,,,,,,,,,,,,,,,,,,,,,,,,,,,,,,,,,,,,,,,,,,,,,,,,,,,,,,,,,,,,,,,,1
0,15,28,"{'x': 391.85344956453173, 'y': 671.4362695957725, 'elapsedTime': 104433.89999997616}",936795933250,5254335594,POINT (0.2040903383148603 0.6217002496257152),,,,,,,,,,,,,,,,,,,,,,,,,,,,,,,,,,,,,,,,,,,,,,,,,,,,,,,,,,,,,,,,,,,,,,,,,,,,,,,,,,,,,,,,,,,,,,,,,,,,,1
0,15,28,"{'x': 431.4111434153986, 'y': 609.2193912387968, 'elapsedTime': 104481.60000002384}",936795949917,5254352260,POINT (0.2246933038621868 0.5640920289248118),,,,,,,,,,,,,,,,,,,,,,,,,,,,,,,,,,,,,,,,,,,,,,,,,,,,,,,,,,,,,,,,,,,,,,,,,,,,,,,,,,,,,,,,,,,,,,,,,,,,1,
0,15,28,"{'x': 431.4111434153986, 'y': 609.2193912387968, 'elapsedTime': 104481.60000002384}",936795966585,5254368927,POINT (0.2246933038621868 0.5640920289248118),,,,,,,,,,,,,,,,,,,,,,,,,,,,,,,,,,,,,,,,,,,,,,,,,,,,,,,,,,,,,,,,,,,,,,,,,,,,,,,,,,,,,,,,,,,,,,,,,,,,1,
0,15,28,"{'x': 431.4111434153986, 'y': 609.2193912387968, 'elapsedTime': 104481.60000002384}",936795983251,5254385593,POINT (0.2246933038621868 0.5640920289248118),,,,,,,,,,,,,,,,,,,,,,,,,,,,,,,,,,,,,,,,,,,,,,,,,,,,,,,,,,,,,,,,,,,,,,,,,,,,,,,,,,,,,,,,,,,,,,,,,,,,1,
0,15,28,"{'x': 501.2185128692738, 'y': 559.5871820810557, 'elapsedTime': 104532.10000002384}",936795999919,5254402260,POINT (0.2610513087860801 0.5181362797046812),,,,,,,,,,,,,,,,,,,,,,,,,,,,,,,,,,,,,,,,,,,,,,,,,,,,,,,,,,,,,,,,,,,,,,,,,,,,,,,,,,,,,,,,,,,,,,,,,,,,,
0,15,28,"{'x': 501.2185128692738, 'y': 559.5871820810557, 'elapsedTime': 104532.10000002384}",936796016586,5254418927,POINT (0.2610513087860801 0.5181362797046812),,,,,,,,,,,,,,,,,,,,,,,,,,,,,,,,,,,,,,,,,,,,,,,,,,,,,,,,,,,,,,,,,,,,,,,,,,,,,,,,,,,,,,,,,,,,,,,,,,,,,
0,15,28,"{'x': 501.2185128692738, 'y': 559.5871820810557, 'elapsedTime': 104532.10000002384}",936796033254,5254435594,POINT (0.2610513087860801 0.5181362797046812),,,,,,,,,,,,,,,,,,,,,,,,,,,,,,,,,,,,,,,,,,,,,,,,,,,,,,,,,,,,,,,,,,,,,,,,,,,,,,,,,,,,,,,,,,,,,,,,,,,,,
0,15,28,"{'x': 501.2185128692738, 'y': 559.5871820810557, 'elapsedTime': 104532.10000002384}",936796049925,5254452265,POINT (0.2610513087860801 0.5181362797046812),,,,,,,,,,,,,,,,,,,,,,,,,,,,,,,,,,,,,,,,,,,,,,,,,,,,,,,,,,,,,,,,,,,,,,,,,,,,,,,,,,,,,,,,,,,,,,,,,,,,,
0,15,28,"{'x': 577.3835622460172, 'y': 532.5936102167988, 'elapsedTime': 104581.70000004768}",936796066592,5254468931,POINT (0.3007206053364673 0.4931422316822211),,,,,,,,,,,,,,,,,,,,,,,,,,,,,,,,,,,,,,,,,,,,,,,,,,,,,,,,,,,,,,,,,,,,,,,,,,,,,,,,,,,,,,,,,,,,,,,,,,,,,
0,15,28,"{'x': 577.3835622460172, 'y': 532.5936102167988, 'elapsedTime': 104581.70000004768}",936796083259,5254485598,POINT (0.3007206053364673 0.4931422316822211),,,,,,,,,,,,,,,,,,,,,,,,,,,,,,,,,,,,,,,,,,,,,,,,,,,,,,,,,,,,,,,,,,,,,,,,,,,,,,,,,,,,,,,,,,,,,,,,,,,,,
0,15,28,"{'x': 772.6105868217237, 'y': 406.1257144809015, 'elapsedTime': 104691.89999997616}",936796099927,5254502265,POINT (0.4024013473029811 0.3760423282230569),,,,,,,,,,,,,,,,,,,,,,,,,,,,,,,,,,,,,,,,,,,,,,,,,,,,,,,,,,,,,,,,,,,,,,,,,,,,,,,,,,,,,,,,,,,,,,,,,,,,,
0,15,28,"{'x': 772.6105868217237, 'y': 406.1257144809015, 'elapsedTime': 104691.89999997616}",936796116594,5254518932,POINT (0.4024013473029811 0.3760423282230569),,,,,,,,,,,,,,,,,,,,,,,,,,,,,,,,,,,,,,,,,,,,,,,,,,,,,,,,,,,,,,,,,,,,,,,,,,,,,,,,,,,,,,,,,,,,,,,,,,,,,
0,15,28,"{'x': 772.6105868217237, 'y': 406.1257144809015, 'elapsedTime': 104691.89999997616}",936796133261,5254535598,POINT (0.4024013473029811 0.3760423282230569),,,,,,,,,,,,,,,,,,,,,,,,,,,,,,,,,,,,,,,,,,,,,,,,,,,,,,,,,,,,,,,,,,,,,,,,,,,,,,,,,,,,,,,,,,,,,,,,,,,,,
0,15,28,"{'x': 772.6105868217237, 'y': 406.1257144809015, 'elapsedTime': 104691.89999997616}",936796149928,5254552265,POINT (0.4024013473029811 0.3760423282230569),,,,,,,,,,,,,,,,,,,,,,,,,,,,,,,,,,,,,,,,,,,,,,,,,,,,,,,,,,,,,,,,,,,,,,,,,,,,,,,,,,,,,,,,,,,,,,,,,,,,,
0,15,28,"{'x': 772.6105868217237, 'y': 406.1257144809015, 'elapsedTime': 104691.89999997616}",936796166595,5254568931,POINT (0.4024013473029811 0.3760423282230569),,,,,,,,,,,,,,,,,,,,,,,,,,,,,,,,,,,,,,,,,,,,,,,,,,,,,,,,,,,,,,,,,,,,,,,,,,,,,,,,,,,,,,,,,,,,,,,,,,,,,
0,15,28,"{'x': 772.6105868217237, 'y': 406.1257144809015, 'elapsedTime': 104691.89999997616}",936796183268,5254585604,POINT (0.4024013473029811 0.3760423282230569),,,,,,,,,,,,,,,,,,,,,,,,,,,,,,,,,,,,,,,,,,,,,,,,,,,,,,,,,,,,,,,,,,,,,,,,,,,,,,,,,,,,,,,,,,,,,,,,,,,,,
0,15,28,"{'x': 781.2466540722365, 'y': 350.24200050879267, 'elapsedTime': 104739.70000004768}",936796199935,5254602270,POINT (0.4068992989959565 0.3242981486192525),,,,,,,,,,,,,,,,,,,,,,,,,,,,,,,,,,,,,,,,,,,,,,,,,,,,,,,,,,,,,,,,,,,,,,,,,,,,,,,,,,,,,,,,,,,,,,,,,,,,1,
0,15,28,"{'x': 781.2466540722365, 'y': 350.24200050879267, 'elapsedTime': 104739.70000004768}",936796216601,5254618936,POINT (0.4068992989959565 0.3242981486192525),,,,,,,,,,,,,,,,,,,,,,,,,,,,,,,,,,,,,,,,,,,,,,,,,,,,,,,,,,,,,,,,,,,,,,,,,,,,,,,,,,,,,,,,,,,,,,,,,,,,1,
0,15,28,"{'x': 781.2466540722365, 'y': 350.24200050879267, 'elapsedTime': 104739.70000004768}",936796233270,5254635604,POINT (0.4068992989959565 0.3242981486192525),,,,,,,,,,,,,,,,,,,,,,,,,,,,,,,,,,,,,,,,,,,,,,,,,,,,,,,,,,,,,,,,,,,,,,,,,,,,,,,,,,,,,,,,,,,,,,,,,,,,1,
0,15,28,"{'x': 797.5440271467813, 'y': 262.45339755713786, 'elapsedTime': 104786.20000004768}",936796249937,5254652270,POINT (0.4153875141389486 0.243012405145498),,,,,,,,,,,,,,,,,,,,,,,,,,,,,,,,,,,,,,,,,,,,,,,,,,,,,,,,,,,1,,,,,,,,,,,,,,,,,,,,,,,,,,,,,,,,,,,,,,,,1,1,
0,15,28,"{'x': 797.5440271467813, 'y': 262.45339755713786, 'elapsedTime': 104786.20000004768}",936796266605,5254668937,POINT (0.4153875141389486 0.243012405145498),,,,,,,,,,,,,,,,,,,,,,,,,,,,,,,,,,,,,,,,,,,,,,,,,,,,,,,,,,,1,,,,,,,,,,,,,,,,,,,,,,,,,,,,,,,,,,,,,,,,1,1,
0,15,28,"{'x': 797.5440271467813, 'y': 262.45339755713786, 'elapsedTime': 104786.20000004768}",936796283271,5254685603,POINT (0.4153875141389486 0.243012405145498),,,,,,,,,,,,,,,,,,,,,,,,,,,,,,,,,,,,,,,,,,,,,,,,,,,,,,,,,,,1,,,,,,,,,,,,,,,,,,,,,,,,,,,,,,,,,,,,,,,,1,1,
0,15,28,"{'x': 797.5440271467813, 'y': 262.45339755713786, 'elapsedTime': 104786.20000004768}",936796299939,5254702270,POINT (0.4153875141389486 0.243012405145498),,,,,,,,,,,,,,,,,,,,,,,,,,,,,,,,,,,,,,,,,,,,,,,,,,,,,,,,,,,1,,,,,,,,,,,,,,,,,,,,,,,,,,,,,,,,,,,,,,,,1,1,
0,15,28,"{'x': 814.5122162128454, 'y': 271.703906753278, 'elapsedTime': 104833.5}",936796316612,5254718943,POINT (0.424225112610857 0.2515776914382203),,,,,,,,,,,,,,,,,,,,,,,,,,,,,,,,,,,,,,,,,,,,,,,,,,,,,,,,,,,,,,,,,,,,,,,,,,,,,,,,,,,,,,,,,,,,,,,,,,,1,1,
0,15,28,"{'x': 814.5122162128454, 'y': 271.703906753278, 'elapsedTime': 104833.5}",936796333279,5254735609,POINT (0.424225112610857 0.2515776914382203),,,,,,,,,,,,,,,,,,,,,,,,,,,,,,,,,,,,,,,,,,,,,,,,,,,,,,,,,,,,,,,,,,,,,,,,,,,,,,,,,,,,,,,,,,,,,,,,,,,1,1,
0,15,28,"{'x': 814.5122162128454, 'y': 271.703906753278, 'elapsedTime': 104833.5}",936796349946,5254752276,POINT (0.424225112610857 0.2515776914382203),,,,,,,,,,,,,,,,,,,,,,,,,,,,,,,,,,,,,,,,,,,,,,,,,,,,,,,,,,,,,,,,,,,,,,,,,,,,,,,,,,,,,,,,,,,,,,,,,,,1,1,
0,15,28,"{'x': 858.9900761838475, 'y': 211.14380345588532, 'elapsedTime': 104894.5}",936796366614,5254768943,POINT (0.4473906646790872 0.1955035217184123),,,,,,,,,,,,,,,,,,,,,,,,,,,,,,,,,,,,,,,,,,,,,,,,,,,,,,,,,,,,,,,,,,,,,,,,,,,,,,,,,,,,,,,,,,,,,,,,,,,1,,
0,15,28,"{'x': 858.9900761838475, 'y': 211.14380345588532, 'elapsedTime': 104894.5}",936796383280,5254785609,POINT (0.4473906646790872 0.1955035217184123),,,,,,,,,,,,,,,,,,,,,,,,,,,,,,,,,,,,,,,,,,,,,,,,,,,,,,,,,,,,,,,,,,,,,,,,,,,,,,,,,,,,,,,,,,,,,,,,,,,1,,
0,15,28,"{'x': 858.9900761838475, 'y': 211.14380345588532, 'elapsedTime': 104894.5}",936796399948,5254802276,POINT (0.4473906646790872 0.1955035217184123),,,,,,,,,,,,,,,,,,,,,,,,,,,,,,,,,,,,,,,,,,,,,,,,,,,,,,,,,,,,,,,,,,,,,,,,,,,,,,,,,,,,,,,,,,,,,,,,,,,1,,
0,15,28,"{'x': 955.314676441518, 'y': 176.87551790830378, 'elapsedTime': 104952.30000007153}",936796416615,5254818943,POINT (0.4975597273132906 0.1637736276928739),,,,,,,,,,,,,,,,,,,,,,,,,,,,,,,,,,,,,,,,,,,,,,,,,,,,,,,,,,,,,,,,,,,,,,,,,,,,,,,,,,,,,,,,,,,,,,,,,,,1,,
0,15,28,"{'x': 955.314676441518, 'y': 176.87551790830378, 'elapsedTime': 104952.30000007153}",936796433284,5254835611,POINT (0.4975597273132906 0.1637736276928739),,,,,,,,,,,,,,,,,,,,,,,,,,,,,,,,,,,,,,,,,,,,,,,,,,,,,,,,,,,,,,,,,,,,,,,,,,,,,,,,,,,,,,,,,,,,,,,,,,,1,,
0,15,28,"{'x': 880.7968176371081, 'y': 182.79009121413324, 'elapsedTime': 104999.30000007153}",936796449951,5254852278,POINT (0.4587483425193272 0.1692500844575308),,,,,,,,,,,,,,,,,,,,,,,,,,,,,,,,,,,,,,,,,,,,,,,,,,,,,,,,,,,,,,,,,,,,,,,,,,,,,,,,,,,,,,,,,,,,,,,,,,,1,,
0,15,28,"{'x': 880.7968176371081, 'y': 182.79009121413324, 'elapsedTime': 104999.30000007153}",936796466618,5254868944,POINT (0.4587483425193272 0.1692500844575308),,,,,,,,,,,,,,,,,,,,,,,,,,,,,,,,,,,,,,,,,,,,,,,,,,,,,,,,,,,,,,,,,,,,,,,,,,,,,,,,,,,,,,,,,,,,,,,,,,,1,,
0,15,28,"{'x': 880.7968176371081, 'y': 182.79009121413324, 'elapsedTime': 104999.30000007153}",936796483285,5254885611,POINT (0.4587483425193272 0.1692500844575308),,,,,,,,,,,,,,,,,,,,,,,,,,,,,,,,,,,,,,,,,,,,,,,,,,,,,,,,,,,,,,,,,,,,,,,,,,,,,,,,,,,,,,,,,,,,,,,,,,,1,,
0,15,28,"{'x': 801.7741614625222, 'y': 235.1933261863968, 'elapsedTime': 105045.60000002384}",936796499953,5254902278,POINT (0.4175907090950636 0.2177715983207378),,,,,,,,,,,,,,,,,,,,,,,,,,,,,,,,,,,,,,,,,,,,,,,,,,,,,,,,,,,,,,,,,,,,,,,,,,,,,,,,,,,,,,,,,,,,,,,,,,,,1,
0,15,28,"{'x': 801.7741614625222, 'y': 235.1933261863968, 'elapsedTime': 105045.60000002384}",936796516620,5254918945,POINT (0.4175907090950636 0.2177715983207378),,,,,,,,,,,,,,,,,,,,,,,,,,,,,,,,,,,,,,,,,,,,,,,,,,,,,,,,,,,,,,,,,,,,,,,,,,,,,,,,,,,,,,,,,,,,,,,,,,,,1,
0,15,28,"{'x': 801.7741614625222, 'y': 235.1933261863968, 'elapsedTime': 105045.60000002384}",936796533287,5254935611,POINT (0.4175907090950636 0.2177715983207378),,,,,,,,,,,,,,,,,,,,,,,,,,,,,,,,,,,,,,,,,,,,,,,,,,,,,,,,,,,,,,,,,,,,,,,,,,,,,,,,,,,,,,,,,,,,,,,,,,,,1,
0,15,28,"{'x': 666.4143249916732, 'y': 304.7364570781741, 'elapsedTime': 105091.89999997616}",936796549954,5254952278,POINT (0.3470907942664965 0.2821633861834946),,,,,,,,,,,,,,,,,,,,,,,,,,,,,,,,,,,,,,,,,,,,,,,,,,,,,,,,,,,,,,,,,,,,,,,,,,,,,,,,,,,,,,,,,,,,,,,,,,,1,1,
0,15,28,"{'x': 666.4143249916732, 'y': 304.7364570781741, 'elapsedTime': 105091.89999997616}",936796566626,5254968948,POINT (0.3470907942664965 0.2821633861834946),,,,,,,,,,,,,,,,,,,,,,,,,,,,,,,,,,,,,,,,,,,,,,,,,,,,,,,,,,,,,,,,,,,,,,,,,,,,,,,,,,,,,,,,,,,,,,,,,,,1,1,
0,15,28,"{'x': 666.4143249916732, 'y': 304.7364570781741, 'elapsedTime': 105091.89999997616}",936796583292,5254985614,POINT (0.3470907942664965 0.2821633861834946),,,,,,,,,,,,,,,,,,,,,,,,,,,,,,,,,,,,,,,,,,,,,,,,,,,,,,,,,,,,,,,,,,,,,,,,,,,,,,,,,,,,,,,,,,,,,,,,,,,1,1,
0,15,28,"{'x': 736.6598924780258, 'y': 285.69490146676026, 'elapsedTime': 105137.70000004768}",936796599959,5255002280,POINT (0.3836770273323051 0.2645323161729262),,,,,,,,,,,,,,,,,,,,,,,,,,,,,,,,,,,,,,,,,,,,,,,,,,,,,,,,,,,,,,,,,,,,,,,,,,,,,,,,,,,1,,,,,,,,,,,,,,,,1,1,
0,15,28,"{'x': 736.6598924780258, 'y': 285.69490146676026, 'elapsedTime': 105137.70000004768}",936796616627,5255018948,POINT (0.3836770273323051 0.2645323161729262),,,,,,,,,,,,,,,,,,,,,,,,,,,,,,,,,,,,,,,,,,,,,,,,,,,,,,,,,,,,,,,,,,,,,,,,,,,,,,,,,,,1,,,,,,,,,,,,,,,,1,1,
0,15,28,"{'x': 736.6598924780258, 'y': 285.69490146676026, 'elapsedTime': 105137.70000004768}",936796633294,5255035614,POINT (0.3836770273323051 0.2645323161729262),,,,,,,,,,,,,,,,,,,,,,,,,,,,,,,,,,,,,,,,,,,,,,,,,,,,,,,,,,,,,,,,,,,,,,,,,,,,,,,,,,,1,,,,,,,,,,,,,,,,1,1,
0,15,28,"{'x': 687.2958732929494, 'y': 340.15113697205777, 'elapsedTime': 105186.30000007153}",936796649961,5255052281,POINT (0.3579666006734111 0.314954756455609),,,,,,,,,,,,,,,,,,,,,,,,,,,,,,,,,,,,,,,,,,,,,,,,,,,,,,,,,,,,,,,,,,,,,,,,,,,,,,,,,,,,,,,,,,,,,,,,,,,,1,
0,15,28,"{'x': 687.2958732929494, 'y': 340.15113697205777, 'elapsedTime': 105186.30000007153}",936796666629,5255068948,POINT (0.3579666006734111 0.314954756455609),,,,,,,,,,,,,,,,,,,,,,,,,,,,,,,,,,,,,,,,,,,,,,,,,,,,,,,,,,,,,,,,,,,,,,,,,,,,,,,,,,,,,,,,,,,,,,,,,,,,1,
0,15,28,"{'x': 687.2958732929494, 'y': 340.15113697205777, 'elapsedTime': 105186.30000007153}",936796683295,5255085614,POINT (0.3579666006734111 0.314954756455609),,,,,,,,,,,,,,,,,,,,,,,,,,,,,,,,,,,,,,,,,,,,,,,,,,,,,,,,,,,,,,,,,,,,,,,,,,,,,,,,,,,,,,,,,,,,,,,,,,,,1,
0,15,28,"{'x': 736.3482213462066, 'y': 392.4637538332584, 'elapsedTime': 105232.5}",936796699971,5255102289,POINT (0.383514698617816 0.3633923646604245),,,,,,,,,,,,,,,,,,,,,,,,,,,,,,,,,,,,,,,,,,,,,,,,,,,,,,,,,,,,,,,,,,,,,,,,,,,,,,,,,,,,,,,,,,,,,,,,,,,,,
0,15,28,"{'x': 736.3482213462066, 'y': 392.4637538332584, 'elapsedTime': 105232.5}",936796716637,5255118955,POINT (0.383514698617816 0.3633923646604245),,,,,,,,,,,,,,,,,,,,,,,,,,,,,,,,,,,,,,,,,,,,,,,,,,,,,,,,,,,,,,,,,,,,,,,,,,,,,,,,,,,,,,,,,,,,,,,,,,,,,
0,15,28,"{'x': 736.3482213462066, 'y': 392.4637538332584, 'elapsedTime': 105232.5}",936796733305,5255135622,POINT (0.383514698617816 0.3633923646604245),,,,,,,,,,,,,,,,,,,,,,,,,,,,,,,,,,,,,,,,,,,,,,,,,,,,,,,,,,,,,,,,,,,,,,,,,,,,,,,,,,,,,,,,,,,,,,,,,,,,,
0,15,28,"{'x': 925.8768658882742, 'y': 247.2282903840312, 'elapsedTime': 105279.10000002384}",936796749972,5255152289,POINT (0.4822275343168095 0.2289150836889178),,,,,,,,,,,,,,,,,,,,,,,,,,,,,,,,,,,,,,,,,,,,,,,,,,,,,,,,,,,,,1,,,,,,,,,,,,,,,,,,,,,,,,,,,,,,,,,,,,,,,1,
0,15,28,"{'x': 925.8768658882742, 'y': 247.2282903840312, 'elapsedTime': 105279.10000002384}",936796766640,5255168956,POINT (0.4822275343168095 0.2289150836889178),,,,,,,,,,,,,,,,,,,,,,,,,,,,,,,,,,,,,,,,,,,,,,,,,,,,,,,,,,,,,1,,,,,,,,,,,,,,,,,,,,,,,,,,,,,,,,,,,,,,,1,
0,15,28,"{'x': 925.8768658882742, 'y': 247.2282903840312, 'elapsedTime': 105279.10000002384}",936796783306,5255185622,POINT (0.4822275343168095 0.2289150836889178),,,,,,,,,,,,,,,,,,,,,,,,,,,,,,,,,,,,,,,,,,,,,,,,,,,,,,,,,,,,,1,,,,,,,,,,,,,,,,,,,,,,,,,,,,,,,,,,,,,,,1,
0,15,28,"{'x': 1021.0544543131388, 'y': 144.20113977880078, 'elapsedTime': 105327.20000004768}",936796799974,5255202289,POINT (0.5317991949547598 0.13351957386926),,,,,,,,,,,,,,,,,,,,,,,,,,,,,,,,,,,,,,,,,,,,,,,,,,,,,,,,,,,,,,,,,,,,,,,,,,,,,,,,,,,,,,,,,,,,,,,,,,,,,
0,15,28,"{'x': 1021.0544543131388, 'y': 144.20113977880078, 'elapsedTime': 105327.20000004768}",936796816641,5255218956,POINT (0.5317991949547598 0.13351957386926),,,,,,,,,,,,,,,,,,,,,,,,,,,,,,,,,,,,,,,,,,,,,,,,,,,,,,,,,,,,,,,,,,,,,,,,,,,,,,,,,,,,,,,,,,,,,,,,,,,,,
0,15,28,"{'x': 1021.0544543131388, 'y': 144.20113977880078, 'elapsedTime': 105327.20000004768}",936796833311,5255235625,POINT (0.5317991949547598 0.13351957386926),,,,,,,,,,,,,,,,,,,,,,,,,,,,,,,,,,,,,,,,,,,,,,,,,,,,,,,,,,,,,,,,,,,,,,,,,,,,,,,,,,,,,,,,,,,,,,,,,,,,,
0,15,28,"{'x': 1226.4929533925974, 'y': 55.89102372772077, 'elapsedTime': 105379.89999997616}",936796849978,5255252292,POINT (0.6387984132253112 0.0517509478960378),,,,,,,,,,,,,,,,,,,,,,,,,,,,,,,,,,,,,,,,,,,,,,,,,,,,,,,,,,,,,,,,,,,,,,,,,,,,,,,,,,,,,,,,,,,,,,,,,,,,,
0,15,28,"{'x': 1226.4929533925974, 'y': 55.89102372772077, 'elapsedTime': 105379.89999997616}",936796866645,5255268958,POINT (0.6387984132253112 0.0517509478960378),,,,,,,,,,,,,,,,,,,,,,,,,,,,,,,,,,,,,,,,,,,,,,,,,,,,,,,,,,,,,,,,,,,,,,,,,,,,,,,,,,,,,,,,,,,,,,,,,,,,,
0,15,28,"{'x': 1226.4929533925974, 'y': 55.89102372772077, 'elapsedTime': 105379.89999997616}",936796883312,5255285625,POINT (0.6387984132253112 0.0517509478960378),,,,,,,,,,,,,,,,,,,,,,,,,,,,,,,,,,,,,,,,,,,,,,,,,,,,,,,,,,,,,,,,,,,,,,,,,,,,,,,,,,,,,,,,,,,,,,,,,,,,,
0,15,28,"{'x': 1367.758850907027, 'y': 8.32515453760576, 'elapsedTime': 105427.30000007153}",936796899980,5255302292,POINT (0.7123744015140765 0.007708476423709),,,,,,,,,,,,,,,,,,,,,,,,,,,,,,,,,,,,,,,,,,,,,,,,,,,,,,,,,,,,,,,,,,,,,,,,,,,,,,,,,,,,,,,,,,,,,,,,,,,,,
0,15,28,"{'x': 1367.758850907027, 'y': 8.32515453760576, 'elapsedTime': 105427.30000007153}",936796916646,5255318958,POINT (0.7123744015140765 0.007708476423709),,,,,,,,,,,,,,,,,,,,,,,,,,,,,,,,,,,,,,,,,,,,,,,,,,,,,,,,,,,,,,,,,,,,,,,,,,,,,,,,,,,,,,,,,,,,,,,,,,,,,
0,15,28,"{'x': 1367.758850907027, 'y': 8.32515453760576, 'elapsedTime': 105427.30000007153}",936796933314,5255335625,POINT (0.7123744015140765 0.007708476423709),,,,,,,,,,,,,,,,,,,,,,,,,,,,,,,,,,,,,,,,,,,,,,,,,,,,,,,,,,,,,,,,,,,,,,,,,,,,,,,,,,,,,,,,,,,,,,,,,,,,,
0,15,28,"{'x': 1415.0079924292118, 'y': -51.70726682746654, 'elapsedTime': 105489.60000002384}",936796949981,5255352292,POINT (0.7369833293902145 -0.0478770989143209),,,,,,,,,,,,,,,,,,,,,,,,,,,,,,,,,,,,,,,,,,,,,,,,,,,,,,,,,,,,,,,,,,,,,,,,,,,,,,,,,,,,,,,,,,,,,,,,,,,,,
0,15,28,"{'x': 1415.0079924292118, 'y': -51.70726682746654, 'elapsedTime': 105489.60000002384}",936796966653,5255368963,POINT (0.7369833293902145 -0.0478770989143209),,,,,,,,,,,,,,,,,,,,,,,,,,,,,,,,,,,,,,,,,,,,,,,,,,,,,,,,,,,,,,,,,,,,,,,,,,,,,,,,,,,,,,,,,,,,,,,,,,,,,
0,15,28,"{'x': 1415.0079924292118, 'y': -51.70726682746654, 'elapsedTime': 105489.60000002384}",936796983320,5255385630,POINT (0.7369833293902145 -0.0478770989143209),,,,,,,,,,,,,,,,,,,,,,,,,,,,,,,,,,,,,,,,,,,,,,,,,,,,,,,,,,,,,,,,,,,,,,,,,,,,,,,,,,,,,,,,,,,,,,,,,,,,,
0,15,28,"{'x': 1460.8530351691957, 'y': -94.12639581802533, 'elapsedTime': 105535.80000007153}",936796999988,5255402297,POINT (0.7608609558172894 -0.0871540702018753),,,,,,,,,,,,,,,,,,,,,,,,,,,,,,,,,,,,,,,,,,,,,,,,,,,,,,,,,,,,,,,,,,,,,,,,,,,,,,,,,,,,,,,,,,,,,,,,,,,,,
0,15,28,"{'x': 1460.8530351691957, 'y': -94.12639581802533, 'elapsedTime': 105535.80000007153}",936797016654,5255418963,POINT (0.7608609558172894 -0.0871540702018753),,,,,,,,,,,,,,,,,,,,,,,,,,,,,,,,,,,,,,,,,,,,,,,,,,,,,,,,,,,,,,,,,,,,,,,,,,,,,,,,,,,,,,,,,,,,,,,,,,,,,
0,15,28,"{'x': 1460.8530351691957, 'y': -94.12639581802533, 'elapsedTime': 105535.80000007153}",936797033321,5255435630,POINT (0.7608609558172894 -0.0871540702018753),,,,,,,,,,,,,,,,,,,,,,,,,,,,,,,,,,,,,,,,,,,,,,,,,,,,,,,,,,,,,,,,,,,,,,,,,,,,,,,,,,,,,,,,,,,,,,,,,,,,,
0,15,28,"{'x': 1632.398554160508, 'y': -120.1402177903958, 'elapsedTime': 105581.60000002384}",936797049989,5255452297,POINT (0.8502075802919312 -0.1112409423985146),,,,,,,,,,,,,,,,,,,,,,,,,,,,,,,,,,,,,,,,,,,,,,,,,,,,,,,,,,,,,,,,,,,,,,,,,,,,,,,,,,,,,,,,,,,,,,,,,,,,,
0,15,28,"{'x': 1632.398554160508, 'y': -120.1402177903958, 'elapsedTime': 105581.60000002384}",936797066655,5255468963,POINT (0.8502075802919312 -0.1112409423985146),,,,,,,,,,,,,,,,,,,,,,,,,,,,,,,,,,,,,,,,,,,,,,,,,,,,,,,,,,,,,,,,,,,,,,,,,,,,,,,,,,,,,,,,,,,,,,,,,,,,,
0,15,28,"{'x': 1632.398554160508, 'y': -120.1402177903958, 'elapsedTime': 105581.60000002384}",936797083323,5255485630,POINT (0.8502075802919312 -0.1112409423985146),,,,,,,,,,,,,,,,,,,,,,,,,,,,,,,,,,,,,,,,,,,,,,,,,,,,,,,,,,,,,,,,,,,,,,,,,,,,,,,,,,,,,,,,,,,,,,,,,,,,,
0,15,28,"{'x': 1608.4120510285861, 'y': -127.99150159314097, 'elapsedTime': 105637.39999997616}",936797099995,5255502302,POINT (0.8377146099107219 -0.1185106496232787),,,,,,,,,,,,,,,,,,,,,,,,,,,,,,,,,,,,,,,,,,,,,,,,,,,,,,,,,,,,,,,,,,,,,,,,,,,,,,,,,,,,,,,,,,,,,,,,,,,,,
0,15,28,"{'x': 1608.4120510285861, 'y': -127.99150159314097, 'elapsedTime': 105637.39999997616}",936797116662,5255518968,POINT (0.8377146099107219 -0.1185106496232787),,,,,,,,,,,,,,,,,,,,,,,,,,,,,,,,,,,,,,,,,,,,,,,,,,,,,,,,,,,,,,,,,,,,,,,,,,,,,,,,,,,,,,,,,,,,,,,,,,,,,
0,15,28,"{'x': 1608.4120510285861, 'y': -127.99150159314097, 'elapsedTime': 105637.39999997616}",936797133329,5255535635,POINT (0.8377146099107219 -0.1185106496232787),,,,,,,,,,,,,,,,,,,,,,,,,,,,,,,,,,,,,,,,,,,,,,,,,,,,,,,,,,,,,,,,,,,,,,,,,,,,,,,,,,,,,,,,,,,,,,,,,,,,,
0,15,28,"{'x': 1671.8924948410154, 'y': -147.61408651904313, 'elapsedTime': 105687}",936797149997,5255552302,POINT (0.8707773410630288 -0.1366797097398547),,,,,,,,,,,,,,,,,,,,,,,,,,,,,,,,,,,,,,,,,,,,,,,,,,,,,,,,,,,,,,,,,,,,,,,,,,,,,,,,,,,,,,,,,,,,,,,,,,,,,
0,15,28,"{'x': 1671.8924948410154, 'y': -147.61408651904313, 'elapsedTime': 105687}",936797166663,5255568968,POINT (0.8707773410630288 -0.1366797097398547),,,,,,,,,,,,,,,,,,,,,,,,,,,,,,,,,,,,,,,,,,,,,,,,,,,,,,,,,,,,,,,,,,,,,,,,,,,,,,,,,,,,,,,,,,,,,,,,,,,,,
0,15,28,"{'x': 1671.8924948410154, 'y': -147.61408651904313, 'elapsedTime': 105687}",936797183331,5255585635,POINT (0.8707773410630288 -0.1366797097398547),,,,,,,,,,,,,,,,,,,,,,,,,,,,,,,,,,,,,,,,,,,,,,,,,,,,,,,,,,,,,,,,,,,,,,,,,,,,,,,,,,,,,,,,,,,,,,,,,,,,,
0,15,28,"{'x': 1626.2386432312567, 'y': -134.58033442981468, 'elapsedTime': 105733.60000002384}",936797199998,5255602302,POINT (0.8469992933496129 -0.1246114207683469),,,,,,,,,,,,,,,,,,,,,,,,,,,,,,,,,,,,,,,,,,,,,,,,,,,,,,,,,,,,,,,,,,,,,,,,,,,,,,,,,,,,,,,,,,,,,,,,,,,,,
0,15,28,"{'x': 1626.2386432312567, 'y': -134.58033442981468, 'elapsedTime': 105733.60000002384}",936797216665,5255618968,POINT (0.8469992933496129 -0.1246114207683469),,,,,,,,,,,,,,,,,,,,,,,,,,,,,,,,,,,,,,,,,,,,,,,,,,,,,,,,,,,,,,,,,,,,,,,,,,,,,,,,,,,,,,,,,,,,,,,,,,,,,
0,15,28,"{'x': 1626.2386432312567, 'y': -134.58033442981468, 'elapsedTime': 105733.60000002384}",936797233337,5255635640,POINT (0.8469992933496129 -0.1246114207683469),,,,,,,,,,,,,,,,,,,,,,,,,,,,,,,,,,,,,,,,,,,,,,,,,,,,,,,,,,,,,,,,,,,,,,,,,,,,,,,,,,,,,,,,,,,,,,,,,,,,,
0,15,28,"{'x': 1560.6322884029198, 'y': -34.356518823105304, 'elapsedTime': 105779.89999997616}",936797250004,5255652306,POINT (0.8128293168765207 -0.0318115915028753),,,,,,,,,,,,,,,,,,,,,,,,,,,,,,,,,,,,,,,,,,,,,,,,,,,,,,,,,,,,,,,,,,,,,,,,,,,,,,,,,,,,,,,,,,,,,,,,,,,,,
0,15,28,"{'x': 1560.6322884029198, 'y': -34.356518823105304, 'elapsedTime': 105779.89999997616}",936797266671,5255668973,POINT (0.8128293168765207 -0.0318115915028753),,,,,,,,,,,,,,,,,,,,,,,,,,,,,,,,,,,,,,,,,,,,,,,,,,,,,,,,,,,,,,,,,,,,,,,,,,,,,,,,,,,,,,,,,,,,,,,,,,,,,
0,15,28,"{'x': 1500.377524312352, 'y': -78.53111847864184, 'elapsedTime': 105825.80000007153}",936797283339,5255685640,POINT (0.7814466272460167 -0.072713998591335),,,,,,,,,,,,,,,,,,,,,,,,,,,,,,,,,,,,,,,,,,,,,,,,,,,,,,,,,,,,,,,,,,,,,,,,,,,,,,,,,,,,,,,,,,,,,,,,,,,,,
0,15,28,"{'x': 1500.377524312352, 'y': -78.53111847864184, 'elapsedTime': 105825.80000007153}",936797300006,5255702307,POINT (0.7814466272460167 -0.072713998591335),,,,,,,,,,,,,,,,,,,,,,,,,,,,,,,,,,,,,,,,,,,,,,,,,,,,,,,,,,,,,,,,,,,,,,,,,,,,,,,,,,,,,,,,,,,,,,,,,,,,,
0,15,28,"{'x': 1500.377524312352, 'y': -78.53111847864184, 'elapsedTime': 105825.80000007153}",936797316673,5255718973,POINT (0.7814466272460167 -0.072713998591335),,,,,,,,,,,,,,,,,,,,,,,,,,,,,,,,,,,,,,,,,,,,,,,,,,,,,,,,,,,,,,,,,,,,,,,,,,,,,,,,,,,,,,,,,,,,,,,,,,,,,
0,15,28,"{'x': 1520.95063664664, 'y': -148.64265796368386, 'elapsedTime': 105872.10000002384}",936797333340,5255735640,POINT (0.7921617899201251 -0.1376320907071147),,,,,,,,,,,,,,,,,,,,,,,,,,,,,,,,,,,,,,,,,,,,,,,,,,,,,,,,,,,,,,,,,,,,,,,,,,,,,,,,,,,,,,,,,,,,,,,,,,,,,
0,15,28,"{'x': 1520.95063664664, 'y': -148.64265796368386, 'elapsedTime': 105872.10000002384}",936797350013,5255752312,POINT (0.7921617899201251 -0.1376320907071147),,,,,,,,,,,,,,,,,,,,,,,,,,,,,,,,,,,,,,,,,,,,,,,,,,,,,,,,,,,,,,,,,,,,,,,,,,,,,,,,,,,,,,,,,,,,,,,,,,,,,
0,15,28,"{'x': 1520.95063664664, 'y': -148.64265796368386, 'elapsedTime': 105872.10000002384}",936797366679,5255768978,POINT (0.7921617899201251 -0.1376320907071147),,,,,,,,,,,,,,,,,,,,,,,,,,,,,,,,,,,,,,,,,,,,,,,,,,,,,,,,,,,,,,,,,,,,,,,,,,,,,,,,,,,,,,,,,,,,,,,,,,,,,
0,15,28,"{'x': 1538.512422066006, 'y': -156.40496314674934, 'elapsedTime': 105921.5}",936797383347,5255785645,POINT (0.8013085531593781 -0.1448194103210642),,,,,,,,,,,,,,,,,,,,,,,,,,,,,,,,,,,,,,,,,,,,,,,,,,,,,,,,,,,,,,,,,,,,,,,,,,,,,,,,,,,,,,,,,,,,,,,,,,,,,
0,15,28,"{'x': 1538.512422066006, 'y': -156.40496314674934, 'elapsedTime': 105921.5}",936797400013,5255802311,POINT (0.8013085531593781 -0.1448194103210642),,,,,,,,,,,,,,,,,,,,,,,,,,,,,,,,,,,,,,,,,,,,,,,,,,,,,,,,,,,,,,,,,,,,,,,,,,,,,,,,,,,,,,,,,,,,,,,,,,,,,
0,15,28,"{'x': 1538.512422066006, 'y': -156.40496314674934, 'elapsedTime': 105921.5}",936797416681,5255818978,POINT (0.8013085531593781 -0.1448194103210642),,,,,,,,,,,,,,,,,,,,,,,,,,,,,,,,,,,,,,,,,,,,,,,,,,,,,,,,,,,,,,,,,,,,,,,,,,,,,,,,,,,,,,,,,,,,,,,,,,,,,
0,15,28,"{'x': 1537.7684725259364, 'y': -123.26593752143242, 'elapsedTime': 105969.70000004768}",936797433348,5255835645,POINT (0.8009210794405919 -0.1141351273346596),,,,,,,,,,,,,,,,,,,,,,,,,,,,,,,,,,,,,,,,,,,,,,,,,,,,,,,,,,,,,,,,,,,,,,,,,,,,,,,,,,,,,,,,,,,,,,,,,,,,,
0,15,28,"{'x': 1537.7684725259364, 'y': -123.26593752143242, 'elapsedTime': 105969.70000004768}",936797450015,5255852311,POINT (0.8009210794405919 -0.1141351273346596),,,,,,,,,,,,,,,,,,,,,,,,,,,,,,,,,,,,,,,,,,,,,,,,,,,,,,,,,,,,,,,,,,,,,,,,,,,,,,,,,,,,,,,,,,,,,,,,,,,,,
0,15,28,"{'x': 1537.7684725259364, 'y': -123.26593752143242, 'elapsedTime': 105969.70000004768}",936797466682,5255868978,POINT (0.8009210794405919 -0.1141351273346596),,,,,,,,,,,,,,,,,,,,,,,,,,,,,,,,,,,,,,,,,,,,,,,,,,,,,,,,,,,,,,,,,,,,,,,,,,,,,,,,,,,,,,,,,,,,,,,,,,,,,
0,15,28,"{'x': 1421.4989333082951, 'y': -112.10930783817247, 'elapsedTime': 106018.5}",936797483354,5255885649,POINT (0.7403640277647371 -0.1038049146649745),,,,,,,,,,,,,,,,,,,,,,,,,,,,,,,,,,,,,,,,,,,,,,,,,,,,,,,,,,,,,,,,,,,,,,,,,,,,,,,,,,,,,,,,,,,,,,,,,,,,,
0,15,28,"{'x': 1421.4989333082951, 'y': -112.10930783817247, 'elapsedTime': 106018.5}",936797500020,5255902315,POINT (0.7403640277647371 -0.1038049146649745),,,,,,,,,,,,,,,,,,,,,,,,,,,,,,,,,,,,,,,,,,,,,,,,,,,,,,,,,,,,,,,,,,,,,,,,,,,,,,,,,,,,,,,,,,,,,,,,,,,,,
0,15,28,"{'x': 1421.4989333082951, 'y': -112.10930783817247, 'elapsedTime': 106018.5}",936797516688,5255918982,POINT (0.7403640277647371 -0.1038049146649745),,,,,,,,,,,,,,,,,,,,,,,,,,,,,,,,,,,,,,,,,,,,,,,,,,,,,,,,,,,,,,,,,,,,,,,,,,,,,,,,,,,,,,,,,,,,,,,,,,,,,
0,15,28,"{'x': 1427.1974377582808, 'y': -74.1915180374115, 'elapsedTime': 106068}",936797533355,5255935649,POINT (0.743331998832438 -0.0686958500346403),,,,,,,,,,,,,,,,,,,,,,,,,,,,,,,,,,,,,,,,,,,,,,,,,,,,,,,,,,,,,,,,,,,,,,,,,,,,,,,,,,,,,,,,,,,,,,,,,,,,,
0,15,28,"{'x': 1427.1974377582808, 'y': -74.1915180374115, 'elapsedTime': 106068}",936797550022,5255952315,POINT (0.743331998832438 -0.0686958500346403),,,,,,,,,,,,,,,,,,,,,,,,,,,,,,,,,,,,,,,,,,,,,,,,,,,,,,,,,,,,,,,,,,,,,,,,,,,,,,,,,,,,,,,,,,,,,,,,,,,,,
0,15,28,"{'x': 1427.1974377582808, 'y': -74.1915180374115, 'elapsedTime': 106068}",936797566689,5255968982,POINT (0.743331998832438 -0.0686958500346403),,,,,,,,,,,,,,,,,,,,,,,,,,,,,,,,,,,,,,,,,,,,,,,,,,,,,,,,,,,,,,,,,,,,,,,,,,,,,,,,,,,,,,,,,,,,,,,,,,,,,
0,15,28,"{'x': 1457.6717717652773, 'y': -5.784098600139842, 'elapsedTime': 106115.5}",936797583357,5255985649,POINT (0.7592040477944153 -0.0053556468519813),,,,,,,,,,,,,,,,,,,,,,,,,,,,,,,,,,,,,,,,,,,,,,,,,,,,,,,,,,,,,,,,,,,,,,,,,,,,,,,,,,,,,,,,,,,,,,,,,,,,,
0,15,28,"{'x': 1457.6717717652773, 'y': -5.784098600139842, 'elapsedTime': 106115.5}",936797600023,5256002315,POINT (0.7592040477944153 -0.0053556468519813),,,,,,,,,,,,,,,,,,,,,,,,,,,,,,,,,,,,,,,,,,,,,,,,,,,,,,,,,,,,,,,,,,,,,,,,,,,,,,,,,,,,,,,,,,,,,,,,,,,,,
0,15,28,"{'x': 1457.6717717652773, 'y': -5.784098600139842, 'elapsedTime': 106115.5}",936797616694,5256018985,POINT (0.7592040477944153 -0.0053556468519813),,,,,,,,,,,,,,,,,,,,,,,,,,,,,,,,,,,,,,,,,,,,,,,,,,,,,,,,,,,,,,,,,,,,,,,,,,,,,,,,,,,,,,,,,,,,,,,,,,,,,
0,15,28,"{'x': 1312.7395993909363, 'y': 95.8858085209431, 'elapsedTime': 106165}",936797633362,5256035653,POINT (0.683718541349446 0.0887831560379103),,,,,,,,,,,,,,,,,,,,,,,,,,,,,,,,,,,,,,,,,,,,,,,,,,,,,,,,,,,,,,,,,,,,,,,,,,,,,,,,,,,,,,,,,,,,,,,,,,,,,
0,15,28,"{'x': 1312.7395993909363, 'y': 95.8858085209431, 'elapsedTime': 106165}",936797650029,5256052319,POINT (0.683718541349446 0.0887831560379103),,,,,,,,,,,,,,,,,,,,,,,,,,,,,,,,,,,,,,,,,,,,,,,,,,,,,,,,,,,,,,,,,,,,,,,,,,,,,,,,,,,,,,,,,,,,,,,,,,,,,
0,15,28,"{'x': 1312.7395993909363, 'y': 95.8858085209431, 'elapsedTime': 106165}",936797666696,5256068986,POINT (0.683718541349446 0.0887831560379103),,,,,,,,,,,,,,,,,,,,,,,,,,,,,,,,,,,,,,,,,,,,,,,,,,,,,,,,,,,,,,,,,,,,,,,,,,,,,,,,,,,,,,,,,,,,,,,,,,,,,
0,15,28,"{'x': 1010.5433623142358, 'y': 290.6172078662939, 'elapsedTime': 106212.39999997616}",936797683363,5256085652,POINT (0.5263246678719978 0.2690900072836054),,,,,,,,,,,,,,,,,,,,,,,,,,,,,,,,,,,,,,,,,,,,,,,,,,,,,,,,,,,,,,,,,,,,,,,,,,,,,,,,,,,,,,,,,,,,,,,,,,,1,1,
0,15,28,"{'x': 1010.5433623142358, 'y': 290.6172078662939, 'elapsedTime': 106212.39999997616}",936797700030,5256102319,POINT (0.5263246678719978 0.2690900072836054),,,,,,,,,,,,,,,,,,,,,,,,,,,,,,,,,,,,,,,,,,,,,,,,,,,,,,,,,,,,,,,,,,,,,,,,,,,,,,,,,,,,,,,,,,,,,,,,,,,1,1,
0,15,28,"{'x': 864.0029292881336, 'y': 585.9342340497187, 'elapsedTime': 106260.10000002384}",936797716698,5256118986,POINT (0.4500015256709029 0.542531698194184),,,,,,,,,,,,,,,,,,,,,,,,,,,,,,,,,,,,,,,,,,,,,,,,,,,,,,,,,,,,,,,,,,,,,,,,,,,,,,,,,,,,,,,,,,,,,,,,,,,,1,
0,15,28,"{'x': 864.0029292881336, 'y': 585.9342340497187, 'elapsedTime': 106260.10000002384}",936797733365,5256135653,POINT (0.4500015256709029 0.542531698194184),,,,,,,,,,,,,,,,,,,,,,,,,,,,,,,,,,,,,,,,,,,,,,,,,,,,,,,,,,,,,,,,,,,,,,,,,,,,,,,,,,,,,,,,,,,,,,,,,,,,1,
0,15,28,"{'x': 864.0029292881336, 'y': 585.9342340497187, 'elapsedTime': 106260.10000002384}",936797750037,5256152324,POINT (0.4500015256709029 0.542531698194184),,,,,,,,,,,,,,,,,,,,,,,,,,,,,,,,,,,,,,,,,,,,,,,,,,,,,,,,,,,,,,,,,,,,,,,,,,,,,,,,,,,,,,,,,,,,,,,,,,,,1,
0,15,28,"{'x': 758.5018573314152, 'y': 637.226403431848, 'elapsedTime': 106305.10000002384}",936797766703,5256168990,POINT (0.3950530506934454 0.5900244476220815),,,,,,,,,,,,,,,,,,,,,,,,,,,,,,,,,,,,,,,,,,,,,,,,,,,,,,,,,,,,,,,,,,,,,,,,,,,,,,,,,,,,,,,,,,,,,,,,,,,,1,
0,15,28,"{'x': 758.5018573314152, 'y': 637.226403431848, 'elapsedTime': 106305.10000002384}",936797783371,5256185657,POINT (0.3950530506934454 0.5900244476220815),,,,,,,,,,,,,,,,,,,,,,,,,,,,,,,,,,,,,,,,,,,,,,,,,,,,,,,,,,,,,,,,,,,,,,,,,,,,,,,,,,,,,,,,,,,,,,,,,,,,1,
0,15,28,"{'x': 758.5018573314152, 'y': 637.226403431848, 'elapsedTime': 106305.10000002384}",936797800038,5256202324,POINT (0.3950530506934454 0.5900244476220815),,,,,,,,,,,,,,,,,,,,,,,,,,,,,,,,,,,,,,,,,,,,,,,,,,,,,,,,,,,,,,,,,,,,,,,,,,,,,,,,,,,,,,,,,,,,,,,,,,,,1,
0,15,28,"{'x': 682.7603789613811, 'y': 632.1245149173124, 'elapsedTime': 106353.10000002384}",936797816706,5256218991,POINT (0.355604364042386 0.5853004767752892),,,,,,,,,,,,,,,,,,,,,,,,,,,,,,,,,,,,,,,,,,,,,,,,,,,,,,,,,,,,,,,,,,,,,,,,,,,,,,,,,,,,,,,,,,,,,,,,,,,,1,
0,15,28,"{'x': 682.7603789613811, 'y': 632.1245149173124, 'elapsedTime': 106353.10000002384}",936797833373,5256235658,POINT (0.355604364042386 0.5853004767752892),,,,,,,,,,,,,,,,,,,,,,,,,,,,,,,,,,,,,,,,,,,,,,,,,,,,,,,,,,,,,,,,,,,,,,,,,,,,,,,,,,,,,,,,,,,,,,,,,,,,1,
0,15,28,"{'x': 682.7603789613811, 'y': 632.1245149173124, 'elapsedTime': 106353.10000002384}",936797850040,5256252324,POINT (0.355604364042386 0.5853004767752892),,,,,,,,,,,,,,,,,,,,,,,,,,,,,,,,,,,,,,,,,,,,,,,,,,,,,,,,,,,,,,,,,,,,,,,,,,,,,,,,,,,,,,,,,,,,,,,,,,,,1,
0,15,28,"{'x': 628.1127245863971, 'y': 612.9244948222582, 'elapsedTime': 106400.80000007153}",936797866706,5256268990,POINT (0.3271420440554152 0.5675226803909799),,,,,,,,,,,,,,,,,,,,,,,,,,,,,,,,,,,,,,,,,,,,,,,,,,,,,,,,,,,,,,,,,,,,,,,,,,,,,,,,,,,,,,,,,,,,,,,,,,,,1,
0,15,28,"{'x': 628.1127245863971, 'y': 612.9244948222582, 'elapsedTime': 106400.80000007153}",936797883379,5256285662,POINT (0.3271420440554152 0.5675226803909799),,,,,,,,,,,,,,,,,,,,,,,,,,,,,,,,,,,,,,,,,,,,,,,,,,,,,,,,,,,,,,,,,,,,,,,,,,,,,,,,,,,,,,,,,,,,,,,,,,,,1,
0,15,28,"{'x': 441.3535878292941, 'y': 571.6892608152172, 'elapsedTime': 106446.20000004768}",936797900046,5256302329,POINT (0.2298716603277574 0.5293419081622381),,,,,,,,,,,,,,,,,,,,,,,,,,,,,,,,,,,,,,,,,,,,,,,,,,,,,,,,,,,,,,,,,,,,,,,,,,,,,,,,,,,,,,,,,,,,,,,,,,,,,
0,15,28,"{'x': 441.3535878292941, 'y': 571.6892608152172, 'elapsedTime': 106446.20000004768}",936797916714,5256318996,POINT (0.2298716603277574 0.5293419081622381),,,,,,,,,,,,,,,,,,,,,,,,,,,,,,,,,,,,,,,,,,,,,,,,,,,,,,,,,,,,,,,,,,,,,,,,,,,,,,,,,,,,,,,,,,,,,,,,,,,,,
0,15,28,"{'x': 441.3535878292941, 'y': 571.6892608152172, 'elapsedTime': 106446.20000004768}",936797933381,5256335663,POINT (0.2298716603277574 0.5293419081622381),,,,,,,,,,,,,,,,,,,,,,,,,,,,,,,,,,,,,,,,,,,,,,,,,,,,,,,,,,,,,,,,,,,,,,,,,,,,,,,,,,,,,,,,,,,,,,,,,,,,,
0,15,28,"{'x': 360.93599918802124, 'y': 598.7890538455773, 'elapsedTime': 106493.70000004768}",936797950048,5256352329,POINT (0.1879874995770944 0.5544343091162753),,,,,,,,,,,,,,,,,,,,,,,,,,,,,,,,,,,,,,,,,,,,,,,,,,,,,,,,,,,,,,,,,,,,,,,,,,,,,,,,,,,,,,,,,,,,,,,,,,,,,
0,15,28,"{'x': 360.93599918802124, 'y': 598.7890538455773, 'elapsedTime': 106493.70000004768}",936797966715,5256368996,POINT (0.1879874995770944 0.5544343091162753),,,,,,,,,,,,,,,,,,,,,,,,,,,,,,,,,,,,,,,,,,,,,,,,,,,,,,,,,,,,,,,,,,,,,,,,,,,,,,,,,,,,,,,,,,,,,,,,,,,,,
0,15,28,"{'x': 360.93599918802124, 'y': 598.7890538455773, 'elapsedTime': 106493.70000004768}",936797983382,5256385662,POINT (0.1879874995770944 0.5544343091162753),,,,,,,,,,,,,,,,,,,,,,,,,,,,,,,,,,,,,,,,,,,,,,,,,,,,,,,,,,,,,,,,,,,,,,,,,,,,,,,,,,,,,,,,,,,,,,,,,,,,,
0,15,28,"{'x': 447.65061771234116, 'y': 552.3902501363411, 'elapsedTime': 106538.89999997616}",936798000049,5256402329,POINT (0.2331513633918444 0.5114724538299456),,,,,,,,,,,,,,,,,,,,,,,,,,,,,,,,,,,,,,,,,,,,,,,,,,,,,,,,,,,,,,,,,,,,,,,,,,,,,,,,,,,,,,,,,,,,,,,,,,,,,
0,15,28,"{'x': 447.65061771234116, 'y': 552.3902501363411, 'elapsedTime': 106538.89999997616}",936798016721,5256419000,POINT (0.2331513633918444 0.5114724538299456),,,,,,,,,,,,,,,,,,,,,,,,,,,,,,,,,,,,,,,,,,,,,,,,,,,,,,,,,,,,,,,,,,,,,,,,,,,,,,,,,,,,,,,,,,,,,,,,,,,,,
0,15,28,"{'x': 447.65061771234116, 'y': 552.3902501363411, 'elapsedTime': 106538.89999997616}",936798033388,5256435667,POINT (0.2331513633918444 0.5114724538299456),,,,,,,,,,,,,,,,,,,,,,,,,,,,,,,,,,,,,,,,,,,,,,,,,,,,,,,,,,,,,,,,,,,,,,,,,,,,,,,,,,,,,,,,,,,,,,,,,,,,,
0,15,28,"{'x': 447.65061771234116, 'y': 552.3902501363411, 'elapsedTime': 106538.89999997616}",936798050055,5256452334,POINT (0.2331513633918444 0.5114724538299456),,,,,,,,,,,,,,,,,,,,,,,,,,,,,,,,,,,,,,,,,,,,,,,,,,,,,,,,,,,,,,,,,,,,,,,,,,,,,,,,,,,,,,,,,,,,,,,,,,,,,
0,15,28,"{'x': 424.1923538667624, 'y': 534.2966189734514, 'elapsedTime': 106584.30000007153}",936798066722,5256469000,POINT (0.2209335176389388 0.4947190916420846),,,,,,,,,,,,,,,,,,,,,,,,,,,,,,,,,,,,,,,,,,,,,,,,,,,,,,,,,,,,,,,,,,,,,,,,,,,,,,,,,,,,,,,,,,,,,,,,,,,,,
0,15,28,"{'x': 424.1923538667624, 'y': 534.2966189734514, 'elapsedTime': 106584.30000007153}",936798083389,5256485667,POINT (0.2209335176389388 0.4947190916420846),,,,,,,,,,,,,,,,,,,,,,,,,,,,,,,,,,,,,,,,,,,,,,,,,,,,,,,,,,,,,,,,,,,,,,,,,,,,,,,,,,,,,,,,,,,,,,,,,,,,,
0,15,28,"{'x': 440.69766849383814, 'y': 560.5454209510972, 'elapsedTime': 106647}",936798100057,5256502334,POINT (0.229530035673874 0.5190235379176826),,,,,,,,,,,,,,,,,,,,,,,,,,,,,,,,,,,,,,,,,,,,,,,,,,,,,,,,,,,,,,,,,,,,,,,,,,,,,,,,,,,,,,,,,,,,,,,,,,,,,
0,15,28,"{'x': 440.69766849383814, 'y': 560.5454209510972, 'elapsedTime': 106647}",936798116724,5256519001,POINT (0.229530035673874 0.5190235379176826),,,,,,,,,,,,,,,,,,,,,,,,,,,,,,,,,,,,,,,,,,,,,,,,,,,,,,,,,,,,,,,,,,,,,,,,,,,,,,,,,,,,,,,,,,,,,,,,,,,,,
0,15,28,"{'x': 440.69766849383814, 'y': 560.5454209510972, 'elapsedTime': 106647}",936798133391,5256535667,POINT (0.229530035673874 0.5190235379176826),,,,,,,,,,,,,,,,,,,,,,,,,,,,,,,,,,,,,,,,,,,,,,,,,,,,,,,,,,,,,,,,,,,,,,,,,,,,,,,,,,,,,,,,,,,,,,,,,,,,,
0,15,28,"{'x': 487.3510834781767, 'y': 537.2883070305038, 'elapsedTime': 106692.80000007153}",936798150062,5256552338,POINT (0.2538286893115503 0.4974891731763924),,,,,,,,,,,,,,,,,,,,,,,,,,,,,,,,,,,,,,,,,,,,,,,,,,,,,,,,,,,,,,,,,,,,,,,,,,,,,,,,,,,,,,,,,,,,,,,,,,,,,
0,15,28,"{'x': 487.3510834781767, 'y': 537.2883070305038, 'elapsedTime': 106692.80000007153}",936798166729,5256569004,POINT (0.2538286893115503 0.4974891731763924),,,,,,,,,,,,,,,,,,,,,,,,,,,,,,,,,,,,,,,,,,,,,,,,,,,,,,,,,,,,,,,,,,,,,,,,,,,,,,,,,,,,,,,,,,,,,,,,,,,,,
0,15,28,"{'x': 487.3510834781767, 'y': 537.2883070305038, 'elapsedTime': 106692.80000007153}",936798183396,5256585671,POINT (0.2538286893115503 0.4974891731763924),,,,,,,,,,,,,,,,,,,,,,,,,,,,,,,,,,,,,,,,,,,,,,,,,,,,,,,,,,,,,,,,,,,,,,,,,,,,,,,,,,,,,,,,,,,,,,,,,,,,,
0,15,28,"{'x': 502.8903336592723, 'y': 494.07166877391563, 'elapsedTime': 106739.5}",936798200063,5256602337,POINT (0.261922048780871 0.4574737673832552),,,,,,,,,,,,,,,,,,,,,,,,,,,,,,,,,,,,,,,,,,,,,,,,,,,,,,,,,,,,,,,,,,,,,,,,,,,,,,,,,,,,,,,,,,,,,,,,,,,,,
0,15,28,"{'x': 502.8903336592723, 'y': 494.07166877391563, 'elapsedTime': 106739.5}",936798216730,5256619004,POINT (0.261922048780871 0.4574737673832552),,,,,,,,,,,,,,,,,,,,,,,,,,,,,,,,,,,,,,,,,,,,,,,,,,,,,,,,,,,,,,,,,,,,,,,,,,,,,,,,,,,,,,,,,,,,,,,,,,,,,
0,15,28,"{'x': 502.8903336592723, 'y': 494.07166877391563, 'elapsedTime': 106739.5}",936798233398,5256635671,POINT (0.261922048780871 0.4574737673832552),,,,,,,,,,,,,,,,,,,,,,,,,,,,,,,,,,,,,,,,,,,,,,,,,,,,,,,,,,,,,,,,,,,,,,,,,,,,,,,,,,,,,,,,,,,,,,,,,,,,,
0,15,28,"{'x': 564.7343368775623, 'y': 466.81431813853794, 'elapsedTime': 106787.5}",936798250064,5256652337,POINT (0.2941324671237304 0.4322354797579055),,,,,,,,,,,,,,,,,,,,,,,,,,,,,,,,,,,,,,,,,,,,,,,,,,,,,,,,,,,,,,,,,,,,,,,,,,,,,,,,,,,,,,,,,,,,,,,,,,,,,
0,15,28,"{'x': 564.7343368775623, 'y': 466.81431813853794, 'elapsedTime': 106787.5}",936798266736,5256669008,POINT (0.2941324671237304 0.4322354797579055),,,,,,,,,,,,,,,,,,,,,,,,,,,,,,,,,,,,,,,,,,,,,,,,,,,,,,,,,,,,,,,,,,,,,,,,,,,,,,,,,,,,,,,,,,,,,,,,,,,,,
0,15,28,"{'x': 564.7343368775623, 'y': 466.81431813853794, 'elapsedTime': 106787.5}",936798283403,5256685675,POINT (0.2941324671237304 0.4322354797579055),,,,,,,,,,,,,,,,,,,,,,,,,,,,,,,,,,,,,,,,,,,,,,,,,,,,,,,,,,,,,,,,,,,,,,,,,,,,,,,,,,,,,,,,,,,,,,,,,,,,,
0,15,28,"{'x': 532.6961685953248, 'y': 448.8496523810679, 'elapsedTime': 106832.10000002384}",936798300071,5256702342,POINT (0.2774459211433983 0.4156015299824703),,,,,,,,,,,,,,,,,,,,,,,,,,,,,,,,,,,,,,,,,,,,,,,,,,,,,,,,,,,,,,,,,,,,,,,,,,,,,,,,,,,,,,,,,,,,,,,,,,,,,
0,15,28,"{'x': 532.6961685953248, 'y': 448.8496523810679, 'elapsedTime': 106832.10000002384}",936798316738,5256719009,POINT (0.2774459211433983 0.4156015299824703),,,,,,,,,,,,,,,,,,,,,,,,,,,,,,,,,,,,,,,,,,,,,,,,,,,,,,,,,,,,,,,,,,,,,,,,,,,,,,,,,,,,,,,,,,,,,,,,,,,,,
0,15,28,"{'x': 532.6961685953248, 'y': 448.8496523810679, 'elapsedTime': 106832.10000002384}",936798333405,5256735675,POINT (0.2774459211433983 0.4156015299824703),,,,,,,,,,,,,,,,,,,,,,,,,,,,,,,,,,,,,,,,,,,,,,,,,,,,,,,,,,,,,,,,,,,,,,,,,,,,,,,,,,,,,,,,,,,,,,,,,,,,,
0,15,28,"{'x': 548.9341421530554, 'y': 458.17376451473467, 'elapsedTime': 106878.60000002384}",936798350072,5256752342,POINT (0.2859031990380497 0.4242349671432729),,,,,,,,,,,,,,,,,,,,,,,,,,,,,,,,,,,,,,,,,,,,,,,,,,,,,,,,,,,,,,,,,,,,,,,,,,,,,,,,,,,,,,,,,,,,,,,,,,,,,
0,15,28,"{'x': 548.9341421530554, 'y': 458.17376451473467, 'elapsedTime': 106878.60000002384}",936798366740,5256769009,POINT (0.2859031990380497 0.4242349671432729),,,,,,,,,,,,,,,,,,,,,,,,,,,,,,,,,,,,,,,,,,,,,,,,,,,,,,,,,,,,,,,,,,,,,,,,,,,,,,,,,,,,,,,,,,,,,,,,,,,,,
0,15,28,"{'x': 575.4050560260014, 'y': 440.4872345554322, 'elapsedTime': 106928.80000007153}",936798383406,5256785675,POINT (0.2996901333468757 0.4078585505142891),,,,,,,,,,,,,,,,,,,,,,,,,,,,,,,,,,,,,,,,,,,,,,,,,,,,,,,,,,,,,,,,,,,,,,,,,,,,,,,,,,,,,,,,,,,,,,,,,,,,,
0,15,28,"{'x': 575.4050560260014, 'y': 440.4872345554322, 'elapsedTime': 106928.80000007153}",936798400078,5256802346,POINT (0.2996901333468757 0.4078585505142891),,,,,,,,,,,,,,,,,,,,,,,,,,,,,,,,,,,,,,,,,,,,,,,,,,,,,,,,,,,,,,,,,,,,,,,,,,,,,,,,,,,,,,,,,,,,,,,,,,,,,
0,15,28,"{'x': 575.4050560260014, 'y': 440.4872345554322, 'elapsedTime': 106928.80000007153}",936798416745,5256819013,POINT (0.2996901333468757 0.4078585505142891),,,,,,,,,,,,,,,,,,,,,,,,,,,,,,,,,,,,,,,,,,,,,,,,,,,,,,,,,,,,,,,,,,,,,,,,,,,,,,,,,,,,,,,,,,,,,,,,,,,,,
0,15,28,"{'x': 570.5254525273914, 'y': 409.3206235737285, 'elapsedTime': 106975.89999997616}",936798433413,5256835680,POINT (0.2971486731913497 0.3790005773830819),,,,,,,,,,,,,,,,,,,,,,,,,,,,,,,,,,,,,,,,,,,,,,,,,,,,,,,,,,,,,,,,,,,,,,,,,,,,,,,,,,,,,,,,,,,,,,,,,,,,,
0,15,28,"{'x': 570.5254525273914, 'y': 409.3206235737285, 'elapsedTime': 106975.89999997616}",936798450080,5256852347,POINT (0.2971486731913497 0.3790005773830819),,,,,,,,,,,,,,,,,,,,,,,,,,,,,,,,,,,,,,,,,,,,,,,,,,,,,,,,,,,,,,,,,,,,,,,,,,,,,,,,,,,,,,,,,,,,,,,,,,,,,
0,15,28,"{'x': 570.5254525273914, 'y': 409.3206235737285, 'elapsedTime': 106975.89999997616}",936798466747,5256869013,POINT (0.2971486731913497 0.3790005773830819),,,,,,,,,,,,,,,,,,,,,,,,,,,,,,,,,,,,,,,,,,,,,,,,,,,,,,,,,,,,,,,,,,,,,,,,,,,,,,,,,,,,,,,,,,,,,,,,,,,,,
0,15,28,"{'x': 566.6404185059723, 'y': 422.9894592304876, 'elapsedTime': 107022.5}",936798483414,5256885680,POINT (0.2951252179718606 0.391656906694896),,,,,,,,,,,,,,,,,,,,,,,,,,,,,,,,,,,,,,,,,,,,,,,,,,,,,,,,,,,,,,,,,,,,,,,,,,,,,,,,,,,,,,,,,,,,,,,,,,,,,
0,15,28,"{'x': 566.6404185059723, 'y': 422.9894592304876, 'elapsedTime': 107022.5}",936798500082,5256902347,POINT (0.2951252179718606 0.391656906694896),,,,,,,,,,,,,,,,,,,,,,,,,,,,,,,,,,,,,,,,,,,,,,,,,,,,,,,,,,,,,,,,,,,,,,,,,,,,,,,,,,,,,,,,,,,,,,,,,,,,,
0,15,28,"{'x': 561.7719069179872, 'y': 404.3137638163848, 'elapsedTime': 107069.89999997616}",936798516748,5256919013,POINT (0.2925895348531183 0.3743645961262822),,,,,,,,,,,,,,,,,,,,,,,,,,,,,,,,,,,,,,,,,,,,,,,,,,,,,,,,,,,,,,,,,,,,,,,,,,,,,,,,,,,,,,,,,,,,,,,,,,,,,
0,15,28,"{'x': 561.7719069179872, 'y': 404.3137638163848, 'elapsedTime': 107069.89999997616}",936798533421,5256935685,POINT (0.2925895348531183 0.3743645961262822),,,,,,,,,,,,,,,,,,,,,,,,,,,,,,,,,,,,,,,,,,,,,,,,,,,,,,,,,,,,,,,,,,,,,,,,,,,,,,,,,,,,,,,,,,,,,,,,,,,,,
0,15,28,"{'x': 561.7719069179872, 'y': 404.3137638163848, 'elapsedTime': 107069.89999997616}",936798550087,5256952351,POINT (0.2925895348531183 0.3743645961262822),,,,,,,,,,,,,,,,,,,,,,,,,,,,,,,,,,,,,,,,,,,,,,,,,,,,,,,,,,,,,,,,,,,,,,,,,,,,,,,,,,,,,,,,,,,,,,,,,,,,,
0,15,28,"{'x': 561.7719069179872, 'y': 404.3137638163848, 'elapsedTime': 107069.89999997616}",936798566755,5256969018,POINT (0.2925895348531183 0.3743645961262822),,,,,,,,,,,,,,,,,,,,,,,,,,,,,,,,,,,,,,,,,,,,,,,,,,,,,,,,,,,,,,,,,,,,,,,,,,,,,,,,,,,,,,,,,,,,,,,,,,,,,
0,15,28,"{'x': 574.3740606343564, 'y': 391.8072173440446, 'elapsedTime': 107119.10000002384}",936798583422,5256985685,POINT (0.2991531565803939 0.362784460503745),,,,,,,,,,,,,,,,,,,,,,,,,,,,,,,,,,,,,,,,,,,,,,,,,,,,,,,,,,,,,,,,,,,,,,,,,,,,,,,,,,,,,,,,,,,,,,,,,,,,,
0,15,28,"{'x': 574.3740606343564, 'y': 391.8072173440446, 'elapsedTime': 107119.10000002384}",936798600089,5257002351,POINT (0.2991531565803939 0.362784460503745),,,,,,,,,,,,,,,,,,,,,,,,,,,,,,,,,,,,,,,,,,,,,,,,,,,,,,,,,,,,,,,,,,,,,,,,,,,,,,,,,,,,,,,,,,,,,,,,,,,,,
0,15,28,"{'x': 574.3740606343564, 'y': 391.8072173440446, 'elapsedTime': 107119.10000002384}",936798616756,5257019018,POINT (0.2991531565803939 0.362784460503745),,,,,,,,,,,,,,,,,,,,,,,,,,,,,,,,,,,,,,,,,,,,,,,,,,,,,,,,,,,,,,,,,,,,,,,,,,,,,,,,,,,,,,,,,,,,,,,,,,,,,
0,15,28,"{'x': 701.549921061699, 'y': 402.0607772719766, 'elapsedTime': 107173.70000004768}",936798633424,5257035685,POINT (0.3653905838863016 0.3722784974740524),,,,,,,,,,,,,,,,,,,,,,,,,,,,,,,,,,,,,,,,,,,,,,,,,,,,,,,,,,,,,,,,,,,,,,,,,,,,,,,,,,,,,,,,,,,,,,,,,,,,,
0,15,28,"{'x': 701.549921061699, 'y': 402.0607772719766, 'elapsedTime': 107173.70000004768}",936798650090,5257052351,POINT (0.3653905838863016 0.3722784974740524),,,,,,,,,,,,,,,,,,,,,,,,,,,,,,,,,,,,,,,,,,,,,,,,,,,,,,,,,,,,,,,,,,,,,,,,,,,,,,,,,,,,,,,,,,,,,,,,,,,,,
0,15,28,"{'x': 701.549921061699, 'y': 402.0607772719766, 'elapsedTime': 107173.70000004768}",936798666763,5257069023,POINT (0.3653905838863016 0.3722784974740524),,,,,,,,,,,,,,,,,,,,,,,,,,,,,,,,,,,,,,,,,,,,,,,,,,,,,,,,,,,,,,,,,,,,,,,,,,,,,,,,,,,,,,,,,,,,,,,,,,,,,
0,15,28,"{'x': 649.7082462796706, 'y': 440.399873225547, 'elapsedTime': 107222.70000004768}",936798683430,5257085690,POINT (0.3383897116039951 0.407777660394025),,,,,,,,,,,,,,,,,,,,,,,,,,,,,,,,,,,,,,,,,,,,,,,,,,,,,,,,,,,,,,,,,,,,,,,,,,,,,,,,,,,,,,,,,,,,,,,,,,,,,
0,15,28,"{'x': 649.7082462796706, 'y': 440.399873225547, 'elapsedTime': 107222.70000004768}",936798700097,5257102356,POINT (0.3383897116039951 0.407777660394025),,,,,,,,,,,,,,,,,,,,,,,,,,,,,,,,,,,,,,,,,,,,,,,,,,,,,,,,,,,,,,,,,,,,,,,,,,,,,,,,,,,,,,,,,,,,,,,,,,,,,
0,15,28,"{'x': 649.7082462796706, 'y': 440.399873225547, 'elapsedTime': 107222.70000004768}",936798716764,5257119023,POINT (0.3383897116039951 0.407777660394025),,,,,,,,,,,,,,,,,,,,,,,,,,,,,,,,,,,,,,,,,,,,,,,,,,,,,,,,,,,,,,,,,,,,,,,,,,,,,,,,,,,,,,,,,,,,,,,,,,,,,
0,15,28,"{'x': 658.3791838248162, 'y': 437.40577136345513, 'elapsedTime': 107268.20000004768}",936798733431,5257135689,POINT (0.3429058249087584 0.405005343855051),,,,,,,,,,,,,,,,,,,,,,,,,,,,,,,,,,,,,,,,,,,,,,,,,,,,,,,,,,,,,,,,,,,,,,,,,,,,,,,,,,,,,,,,,,,,,,,,,,,,,
0,15,28,"{'x': 658.3791838248162, 'y': 437.40577136345513, 'elapsedTime': 107268.20000004768}",936798750099,5257152357,POINT (0.3429058249087584 0.405005343855051),,,,,,,,,,,,,,,,,,,,,,,,,,,,,,,,,,,,,,,,,,,,,,,,,,,,,,,,,,,,,,,,,,,,,,,,,,,,,,,,,,,,,,,,,,,,,,,,,,,,,
0,15,28,"{'x': 658.3791838248162, 'y': 437.40577136345513, 'elapsedTime': 107268.20000004768}",936798766766,5257169023,POINT (0.3429058249087584 0.405005343855051),,,,,,,,,,,,,,,,,,,,,,,,,,,,,,,,,,,,,,,,,,,,,,,,,,,,,,,,,,,,,,,,,,,,,,,,,,,,,,,,,,,,,,,,,,,,,,,,,,,,,
0,15,28,"{'x': 644.2874556611054, 'y': 382.58042629534, 'elapsedTime': 107313.5}",936798783432,5257185689,POINT (0.3355663831568257 0.3542411354586481),,,,,,,,,,,,,,,,,,,,,,,,,,,,,,,,,,,,,,,,,,,,,,,,,,,,,,,,,,,,,,,,,,,,,,,,,,,,,,,,,,,,,,,,,,,,,,,,,,,,,
0,15,28,"{'x': 644.2874556611054, 'y': 382.58042629534, 'elapsedTime': 107313.5}",936798800106,5257202362,POINT (0.3355663831568257 0.3542411354586481),,,,,,,,,,,,,,,,,,,,,,,,,,,,,,,,,,,,,,,,,,,,,,,,,,,,,,,,,,,,,,,,,,,,,,,,,,,,,,,,,,,,,,,,,,,,,,,,,,,,,
0,15,28,"{'x': 644.2874556611054, 'y': 382.58042629534, 'elapsedTime': 107313.5}",936798816773,5257219029,POINT (0.3355663831568257 0.3542411354586481),,,,,,,,,,,,,,,,,,,,,,,,,,,,,,,,,,,,,,,,,,,,,,,,,,,,,,,,,,,,,,,,,,,,,,,,,,,,,,,,,,,,,,,,,,,,,,,,,,,,,
0,15,28,"{'x': 671.0152122458069, 'y': 380.35239680924593, 'elapsedTime': 107363}",936798833440,5257235695,POINT (0.3494870897113577 0.3521781451937462),,,,,,,,,,,,,,,,,,,,,,,,,,,,,,,,,,,,,,,,,,,,,,,,,,,,,,,,,,,,,,,,,,,,,,,,,,,,,,,,,,,,,,,,,,,,,,,,,,,,,
0,15,28,"{'x': 671.0152122458069, 'y': 380.35239680924593, 'elapsedTime': 107363}",936798850107,5257252362,POINT (0.3494870897113577 0.3521781451937462),,,,,,,,,,,,,,,,,,,,,,,,,,,,,,,,,,,,,,,,,,,,,,,,,,,,,,,,,,,,,,,,,,,,,,,,,,,,,,,,,,,,,,,,,,,,,,,,,,,,,
0,15,28,"{'x': 608.7458882040838, 'y': 415.1445580818631, 'elapsedTime': 107411.80000007153}",936798866775,5257269029,POINT (0.3170551501062936 0.3843931093350584),,,,,,,,,,,,,,,,,,,,,,,,,,,,,,,,,,,,,,,,,,,,,,,,,,,,,,,,,,,,,,,,,,,,,,,,,,,,,,,,,,,,,,,,,,,,,,,,,,,,,
0,15,28,"{'x': 608.7458882040838, 'y': 415.1445580818631, 'elapsedTime': 107411.80000007153}",936798883441,5257285695,POINT (0.3170551501062936 0.3843931093350584),,,,,,,,,,,,,,,,,,,,,,,,,,,,,,,,,,,,,,,,,,,,,,,,,,,,,,,,,,,,,,,,,,,,,,,,,,,,,,,,,,,,,,,,,,,,,,,,,,,,,
0,15,28,"{'x': 608.7458882040838, 'y': 415.1445580818631, 'elapsedTime': 107411.80000007153}",936798900109,5257302362,POINT (0.3170551501062936 0.3843931093350584),,,,,,,,,,,,,,,,,,,,,,,,,,,,,,,,,,,,,,,,,,,,,,,,,,,,,,,,,,,,,,,,,,,,,,,,,,,,,,,,,,,,,,,,,,,,,,,,,,,,,
0,15,28,"{'x': 526.1865039040516, 'y': 504.6122304895896, 'elapsedTime': 107456.89999997616}",936798916776,5257319029,POINT (0.2740554707833602 0.46723354674962),,,,,,,,,,,,,,,,,,,,,,,,,,,,,,,,,,,,,,,,,,,,,,,,,,,,,,,,,,,,,,,,,,,,,,,,,,,,,,,,,,,,,,,,,,,,,,,,,,,,,
0,15,28,"{'x': 526.1865039040516, 'y': 504.6122304895896, 'elapsedTime': 107456.89999997616}",936798933445,5257335697,POINT (0.2740554707833602 0.46723354674962),,,,,,,,,,,,,,,,,,,,,,,,,,,,,,,,,,,,,,,,,,,,,,,,,,,,,,,,,,,,,,,,,,,,,,,,,,,,,,,,,,,,,,,,,,,,,,,,,,,,,
0,15,28,"{'x': 526.1865039040516, 'y': 504.6122304895896, 'elapsedTime': 107456.89999997616}",936798950112,5257352364,POINT (0.2740554707833602 0.46723354674962),,,,,,,,,,,,,,,,,,,,,,,,,,,,,,,,,,,,,,,,,,,,,,,,,,,,,,,,,,,,,,,,,,,,,,,,,,,,,,,,,,,,,,,,,,,,,,,,,,,,,
0,15,28,"{'x': 526.1865039040516, 'y': 504.6122304895896, 'elapsedTime': 107456.89999997616}",936798966780,5257369031,POINT (0.2740554707833602 0.46723354674962),,,,,,,,,,,,,,,,,,,,,,,,,,,,,,,,,,,,,,,,,,,,,,,,,,,,,,,,,,,,,,,,,,,,,,,,,,,,,,,,,,,,,,,,,,,,,,,,,,,,,
0,15,28,"{'x': 485.92494346981493, 'y': 424.19400777611054, 'elapsedTime': 107505.20000004768}",936798983447,5257385698,POINT (0.2530859080571953 0.3927722294223246),,,,,,,,,,,,,,,,,,,,,,,,,,,,,,,,,,,,,,,,,,,,,,,,,,,,,,,,,,,,,,,,,,,,,,,,,,,,,,,,,,,,,,,,,,,,,,,,,,,,,
0,15,28,"{'x': 485.92494346981493, 'y': 424.19400777611054, 'elapsedTime': 107505.20000004768}",936799000114,5257402364,POINT (0.2530859080571953 0.3927722294223246),,,,,,,,,,,,,,,,,,,,,,,,,,,,,,,,,,,,,,,,,,,,,,,,,,,,,,,,,,,,,,,,,,,,,,,,,,,,,,,,,,,,,,,,,,,,,,,,,,,,,
0,15,28,"{'x': 485.92494346981493, 'y': 424.19400777611054, 'elapsedTime': 107505.20000004768}",936799016781,5257419031,POINT (0.2530859080571953 0.3927722294223246),,,,,,,,,,,,,,,,,,,,,,,,,,,,,,,,,,,,,,,,,,,,,,,,,,,,,,,,,,,,,,,,,,,,,,,,,,,,,,,,,,,,,,,,,,,,,,,,,,,,,
0,15,28,"{'x': 540.806548220148, 'y': 406.9595107943051, 'elapsedTime': 107558.60000002384}",936799033449,5257435698,POINT (0.2816700771979938 0.3768143618465788),,,,,,,,,,,,,,,,,,,,,,,,,,,,,,,,,,,,,,,,,,,,,,,,,,,,,,,,,,,,,,,,,,,,,,,,,,,,,,,,,,,,,,,,,,,,,,,,,,,,,
0,15,28,"{'x': 540.806548220148, 'y': 406.9595107943051, 'elapsedTime': 107558.60000002384}",936799050115,5257452364,POINT (0.2816700771979938 0.3768143618465788),,,,,,,,,,,,,,,,,,,,,,,,,,,,,,,,,,,,,,,,,,,,,,,,,,,,,,,,,,,,,,,,,,,,,,,,,,,,,,,,,,,,,,,,,,,,,,,,,,,,,
0,15,28,"{'x': 506.6082827264957, 'y': 538.1958480890033, 'elapsedTime': 107607.60000002384}",936799066788,5257469037,POINT (0.2638584805867165 0.4983294889712994),,,,,,,,,,,,,,,,,,,,,,,,,,,,,,,,,,,,,,,,,,,,,,,,,,,,,,,,,,,,,,,,,,,,,,,,,,,,,,,,,,,,,,,,,,,,,,,,,,,,,
0,15,28,"{'x': 506.6082827264957, 'y': 538.1958480890033, 'elapsedTime': 107607.60000002384}",936799083455,5257485703,POINT (0.2638584805867165 0.4983294889712994),,,,,,,,,,,,,,,,,,,,,,,,,,,,,,,,,,,,,,,,,,,,,,,,,,,,,,,,,,,,,,,,,,,,,,,,,,,,,,,,,,,,,,,,,,,,,,,,,,,,,
0,15,28,"{'x': 506.6082827264957, 'y': 538.1958480890033, 'elapsedTime': 107607.60000002384}",936799100122,5257502370,POINT (0.2638584805867165 0.4983294889712994),,,,,,,,,,,,,,,,,,,,,,,,,,,,,,,,,,,,,,,,,,,,,,,,,,,,,,,,,,,,,,,,,,,,,,,,,,,,,,,,,,,,,,,,,,,,,,,,,,,,,
0,15,28,"{'x': 616.5952072726245, 'y': 623.7026663117229, 'elapsedTime': 107658.60000002384}",936799116790,5257519037,POINT (0.3211433371211586 0.5775024688071508),,,,,,,,,,,,,,,,,,,,,,,,,,,,,,,,,,,,,,,,,,,,,,,,,,,,,,,,,,,,,,,,,,,,,,,,,,,,,,,,,,,,,,,,,,,,,,,,,,,,1,
0,15,28,"{'x': 616.5952072726245, 'y': 623.7026663117229, 'elapsedTime': 107658.60000002384}",936799133457,5257535704,POINT (0.3211433371211586 0.5775024688071508),,,,,,,,,,,,,,,,,,,,,,,,,,,,,,,,,,,,,,,,,,,,,,,,,,,,,,,,,,,,,,,,,,,,,,,,,,,,,,,,,,,,,,,,,,,,,,,,,,,,1,
0,15,28,"{'x': 616.5952072726245, 'y': 623.7026663117229, 'elapsedTime': 107658.60000002384}",936799150124,5257552370,POINT (0.3211433371211586 0.5775024688071508),,,,,,,,,,,,,,,,,,,,,,,,,,,,,,,,,,,,,,,,,,,,,,,,,,,,,,,,,,,,,,,,,,,,,,,,,,,,,,,,,,,,,,,,,,,,,,,,,,,,1,
0,15,28,"{'x': 679.2135391794586, 'y': 603.6720104634039, 'elapsedTime': 107703.80000007153}",936799166791,5257569037,POINT (0.353757051655968 0.5589555652438926),,,,,,,,,,,,,,,,,,,,,,,,,,,,,,,,,,,,,,,,,,,,,,,,,,,,,,,,,,,,,,,,,,,,,,,,,,,,,,,,,,,,,,,,,,,,,,,,,,,,1,
0,15,28,"{'x': 679.2135391794586, 'y': 603.6720104634039, 'elapsedTime': 107703.80000007153}",936799183458,5257585703,POINT (0.353757051655968 0.5589555652438926),,,,,,,,,,,,,,,,,,,,,,,,,,,,,,,,,,,,,,,,,,,,,,,,,,,,,,,,,,,,,,,,,,,,,,,,,,,,,,,,,,,,,,,,,,,,,,,,,,,,1,
0,15,28,"{'x': 679.2135391794586, 'y': 603.6720104634039, 'elapsedTime': 107703.80000007153}",936799200128,5257602373,POINT (0.353757051655968 0.5589555652438926),,,,,,,,,,,,,,,,,,,,,,,,,,,,,,,,,,,,,,,,,,,,,,,,,,,,,,,,,,,,,,,,,,,,,,,,,,,,,,,,,,,,,,,,,,,,,,,,,,,,1,
0,15,28,"{'x': 625.6973735866435, 'y': 606.3562520771954, 'elapsedTime': 107747.89999997616}",936799216798,5257619042,POINT (0.3258840487430435 0.5614409741455514),,,,,,,,,,,,,,,,,,,,,,,,,,,,,,,,,,,,,,,,,,,,,,,,,,,,,,,,,,,,,,,,,,,,,,,,,,,,,,,,,,,,,,,,,,,,,,,,,,,,1,
0,15,28,"{'x': 625.6973735866435, 'y': 606.3562520771954, 'elapsedTime': 107747.89999997616}",936799233465,5257635709,POINT (0.3258840487430435 0.5614409741455514),,,,,,,,,,,,,,,,,,,,,,,,,,,,,,,,,,,,,,,,,,,,,,,,,,,,,,,,,,,,,,,,,,,,,,,,,,,,,,,,,,,,,,,,,,,,,,,,,,,,1,
0,15,28,"{'x': 625.6973735866435, 'y': 606.3562520771954, 'elapsedTime': 107747.89999997616}",936799250132,5257652375,POINT (0.3258840487430435 0.5614409741455514),,,,,,,,,,,,,,,,,,,,,,,,,,,,,,,,,,,,,,,,,,,,,,,,,,,,,,,,,,,,,,,,,,,,,,,,,,,,,,,,,,,,,,,,,,,,,,,,,,,,1,
0,15,28,"{'x': 602.8515075156362, 'y': 567.1228395576205, 'elapsedTime': 107796}",936799266799,5257669042,POINT (0.3139851601643938 0.5251137403311301),,,,,,,,,,,,,,,,,,,,,,,,,,,,,,,,,,,,,,,,,,,,,,,,,,,,,,,,,,,,,,,,,,,,,,,,,,,,,,,,,,,,,,,,,,,,,,,,,,,,1,
0,15,28,"{'x': 602.8515075156362, 'y': 567.1228395576205, 'elapsedTime': 107796}",936799283467,5257685709,POINT (0.3139851601643938 0.5251137403311301),,,,,,,,,,,,,,,,,,,,,,,,,,,,,,,,,,,,,,,,,,,,,,,,,,,,,,,,,,,,,,,,,,,,,,,,,,,,,,,,,,,,,,,,,,,,,,,,,,,,1,
0,15,28,"{'x': 546.7812496700758, 'y': 485.48607740533424, 'elapsedTime': 107844.60000002384}",936799300133,5257702375,POINT (0.2847819008698311 0.4495241457456798),,,,,,,,,,,,,,,,,,,,,,,,,,,,,,,,,,,,,,,,,,,,,,,,,,,,,,,,,,,,,,,,,,,,,,,,,,,,,,,,,,,,,,,,,,,,,,,,,,,,,
0,15,28,"{'x': 546.7812496700758, 'y': 485.48607740533424, 'elapsedTime': 107844.60000002384}",936799316805,5257719046,POINT (0.2847819008698311 0.4495241457456798),,,,,,,,,,,,,,,,,,,,,,,,,,,,,,,,,,,,,,,,,,,,,,,,,,,,,,,,,,,,,,,,,,,,,,,,,,,,,,,,,,,,,,,,,,,,,,,,,,,,,
0,15,28,"{'x': 546.7812496700758, 'y': 485.48607740533424, 'elapsedTime': 107844.60000002384}",936799333471,5257735712,POINT (0.2847819008698311 0.4495241457456798),,,,,,,,,,,,,,,,,,,,,,,,,,,,,,,,,,,,,,,,,,,,,,,,,,,,,,,,,,,,,,,,,,,,,,,,,,,,,,,,,,,,,,,,,,,,,,,,,,,,,
0,15,28,"{'x': 546.7812496700758, 'y': 485.48607740533424, 'elapsedTime': 107844.60000002384}",936799350139,5257752379,POINT (0.2847819008698311 0.4495241457456798),,,,,,,,,,,,,,,,,,,,,,,,,,,,,,,,,,,,,,,,,,,,,,,,,,,,,,,,,,,,,,,,,,,,,,,,,,,,,,,,,,,,,,,,,,,,,,,,,,,,,
0,15,28,"{'x': 668.6521536982643, 'y': 489.9438372756342, 'elapsedTime': 107895}",936799366805,5257769045,POINT (0.3482563300511793 0.4536517011811428),,,,,,,,,,,,,,,,,,,,,,,,,,,,,,,,,,,,,,,,,,,,,,,,,,,,,,,,,,,,,,,,,,,,,,,,,,,,,,,,,,,,,,,,,,,,,,,,,,,,,
0,15,28,"{'x': 668.6521536982643, 'y': 489.9438372756342, 'elapsedTime': 107895}",936799383473,5257785712,POINT (0.3482563300511793 0.4536517011811428),,,,,,,,,,,,,,,,,,,,,,,,,,,,,,,,,,,,,,,,,,,,,,,,,,,,,,,,,,,,,,,,,,,,,,,,,,,,,,,,,,,,,,,,,,,,,,,,,,,,,
0,15,28,"{'x': 668.6521536982643, 'y': 489.9438372756342, 'elapsedTime': 107895}",936799400140,5257802379,POINT (0.3482563300511793 0.4536517011811428),,,,,,,,,,,,,,,,,,,,,,,,,,,,,,,,,,,,,,,,,,,,,,,,,,,,,,,,,,,,,,,,,,,,,,,,,,,,,,,,,,,,,,,,,,,,,,,,,,,,,
0,15,28,"{'x': 665.0527491824937, 'y': 489.29477131402183, 'elapsedTime': 107951.39999997616}",936799416808,5257819046,POINT (0.3463816401992155 0.4530507141796498),,,,,,,,,,,,,,,,,,,,,,,,,,,,,,,,,,,,,,,,,,,,,,,,,,,,,,,,,,,,,,,,,,,,,,,,,,,,,,,,,,,,,,,,,,,,,,,,,,,,,
0,15,28,"{'x': 665.0527491824937, 'y': 489.29477131402183, 'elapsedTime': 107951.39999997616}",936799433474,5257835712,POINT (0.3463816401992155 0.4530507141796498),,,,,,,,,,,,,,,,,,,,,,,,,,,,,,,,,,,,,,,,,,,,,,,,,,,,,,,,,,,,,,,,,,,,,,,,,,,,,,,,,,,,,,,,,,,,,,,,,,,,,
0,15,28,"{'x': 665.0527491824937, 'y': 489.29477131402183, 'elapsedTime': 107951.39999997616}",936799450144,5257852381,POINT (0.3463816401992155 0.4530507141796498),,,,,,,,,,,,,,,,,,,,,,,,,,,,,,,,,,,,,,,,,,,,,,,,,,,,,,,,,,,,,,,,,,,,,,,,,,,,,,,,,,,,,,,,,,,,,,,,,,,,,
0,15,28,"{'x': 687.6469083934588, 'y': 387.8328282944747, 'elapsedTime': 108000}",936799466811,5257869048,POINT (0.3581494314549264 0.3591044706430321),,,,,,,,,,,,,,,,,,,,,,,,,,,,,,,,,,,,,,,,,,,,,,,,,,,,,,,,,,,,,,,,,,,,,,,,,,,,,,,,,,,,,,,,,,,,,,,,,,,,,
0,15,28,"{'x': 687.6469083934588, 'y': 387.8328282944747, 'elapsedTime': 108000}",936799483479,5257885715,POINT (0.3581494314549264 0.3591044706430321),,,,,,,,,,,,,,,,,,,,,,,,,,,,,,,,,,,,,,,,,,,,,,,,,,,,,,,,,,,,,,,,,,,,,,,,,,,,,,,,,,,,,,,,,,,,,,,,,,,,,
0,15,28,"{'x': 687.6469083934588, 'y': 387.8328282944747, 'elapsedTime': 108000}",936799500145,5257902381,POINT (0.3581494314549264 0.3591044706430321),,,,,,,,,,,,,,,,,,,,,,,,,,,,,,,,,,,,,,,,,,,,,,,,,,,,,,,,,,,,,,,,,,,,,,,,,,,,,,,,,,,,,,,,,,,,,,,,,,,,,
0,15,28,"{'x': 747.945962206551, 'y': 379.3857717135493, 'elapsedTime': 108049.20000004768}",936799516811,5257919046,POINT (0.3895551886492453 0.3512831219569901),,,,,,,,,,,,,,,,,,,,,,,,,,,,,,,,,,,,,,,,,,,,,,,,,,,,,,,,,,,,,,,,,,,,,,,,,,,,,,,,,,,,,,,,,,,,,,,,,,,,,
0,15,28,"{'x': 747.945962206551, 'y': 379.3857717135493, 'elapsedTime': 108049.20000004768}",936799533477,5257935712,POINT (0.3895551886492453 0.3512831219569901),,,,,,,,,,,,,,,,,,,,,,,,,,,,,,,,,,,,,,,,,,,,,,,,,,,,,,,,,,,,,,,,,,,,,,,,,,,,,,,,,,,,,,,,,,,,,,,,,,,,,
0,15,28,"{'x': 747.945962206551, 'y': 379.3857717135493, 'elapsedTime': 108049.20000004768}",936799550147,5257952381,POINT (0.3895551886492453 0.3512831219569901),,,,,,,,,,,,,,,,,,,,,,,,,,,,,,,,,,,,,,,,,,,,,,,,,,,,,,,,,,,,,,,,,,,,,,,,,,,,,,,,,,,,,,,,,,,,,,,,,,,,,
0,15,28,"{'x': 781.969375339818, 'y': 355.62176345804863, 'elapsedTime': 108101.20000004768}",936799566813,5257969047,POINT (0.4072757163228219 0.3292794106093043),,,,,,,,,,,,,,,,,,,,,,,,,,,,,,,,,,,,,,,,,,,,,,,,,,,,,,,,,,,,,,,,,,,,,,,,,,,,,,,,,,,,,,,,,,,,,,,,,,,,1,
0,15,28,"{'x': 781.969375339818, 'y': 355.62176345804863, 'elapsedTime': 108101.20000004768}",936799583487,5257985720,POINT (0.4072757163228219 0.3292794106093043),,,,,,,,,,,,,,,,,,,,,,,,,,,,,,,,,,,,,,,,,,,,,,,,,,,,,,,,,,,,,,,,,,,,,,,,,,,,,,,,,,,,,,,,,,,,,,,,,,,,1,
0,15,28,"{'x': 781.969375339818, 'y': 355.62176345804863, 'elapsedTime': 108101.20000004768}",936799600154,5258002387,POINT (0.4072757163228219 0.3292794106093043),,,,,,,,,,,,,,,,,,,,,,,,,,,,,,,,,,,,,,,,,,,,,,,,,,,,,,,,,,,,,,,,,,,,,,,,,,,,,,,,,,,,,,,,,,,,,,,,,,,,1,
0,15,28,"{'x': 833.3956915867275, 'y': 339.09220244673645, 'elapsedTime': 108150.30000007153}",936799616821,5258019053,POINT (0.4340602560347539 0.313974261524756),,,,,,,,,,,,,,,,,,,,,,,,,,,,,,,,,,,,,,,,,,,,,,,,,,,,,,,,,,,,,,,,,,,,,,,,,,,,,,,,,,,,,,,,,,,,,,,,,,,,1,
0,15,28,"{'x': 833.3956915867275, 'y': 339.09220244673645, 'elapsedTime': 108150.30000007153}",936799633488,5258035720,POINT (0.4340602560347539 0.313974261524756),,,,,,,,,,,,,,,,,,,,,,,,,,,,,,,,,,,,,,,,,,,,,,,,,,,,,,,,,,,,,,,,,,,,,,,,,,,,,,,,,,,,,,,,,,,,,,,,,,,,1,
0,15,28,"{'x': 833.3956915867275, 'y': 339.09220244673645, 'elapsedTime': 108150.30000007153}",936799650156,5258052387,POINT (0.4340602560347539 0.313974261524756),,,,,,,,,,,,,,,,,,,,,,,,,,,,,,,,,,,,,,,,,,,,,,,,,,,,,,,,,,,,,,,,,,,,,,,,,,,,,,,,,,,,,,,,,,,,,,,,,,,,1,
0,15,28,"{'x': 834.972736484511, 'y': 344.2780563462314, 'elapsedTime': 108197.80000007153}",936799666822,5258069053,POINT (0.4348816335856828 0.3187759780983624),,,,,,,,,,,,,,,,,,,,,,,,,,,,,,,,,,,,,,,,,,,,,,,,,,,,,,,,,,,,,,,,,,,,,,,,,,,,,,,,,,,,,,,,,,,,,,,,,,,,1,
0,15,28,"{'x': 834.972736484511, 'y': 344.2780563462314, 'elapsedTime': 108197.80000007153}",936799683490,5258085720,POINT (0.4348816335856828 0.3187759780983624),,,,,,,,,,,,,,,,,,,,,,,,,,,,,,,,,,,,,,,,,,,,,,,,,,,,,,,,,,,,,,,,,,,,,,,,,,,,,,,,,,,,,,,,,,,,,,,,,,,,1,
0,15,28,"{'x': 834.972736484511, 'y': 344.2780563462314, 'elapsedTime': 108197.80000007153}",936799700157,5258102387,POINT (0.4348816335856828 0.3187759780983624),,,,,,,,,,,,,,,,,,,,,,,,,,,,,,,,,,,,,,,,,,,,,,,,,,,,,,,,,,,,,,,,,,,,,,,,,,,,,,,,,,,,,,,,,,,,,,,,,,,,1,
0,15,28,"{'x': 883.6945256748107, 'y': 277.8721885490264, 'elapsedTime': 108248.20000004768}",936799716831,5258119060,POINT (0.4602575654556306 0.2572890634713207),,,,,,,,,,,,,,,,,,,,,,,,,,,,,,,,,,,,,,,,,,,,,,,,,,,,,,,,,,,,,,,,,,,,,,,,,,,,,,,,,,,,,,1,,,,,,,,,,,,,1,1,
0,15,28,"{'x': 883.6945256748107, 'y': 277.8721885490264, 'elapsedTime': 108248.20000004768}",936799733498,5258135727,POINT (0.4602575654556306 0.2572890634713207),,,,,,,,,,,,,,,,,,,,,,,,,,,,,,,,,,,,,,,,,,,,,,,,,,,,,,,,,,,,,,,,,,,,,,,,,,,,,,,,,,,,,,1,,,,,,,,,,,,,1,1,
0,15,28,"{'x': 883.6945256748107, 'y': 277.8721885490264, 'elapsedTime': 108248.20000004768}",936799750165,5258152393,POINT (0.4602575654556306 0.2572890634713207),,,,,,,,,,,,,,,,,,,,,,,,,,,,,,,,,,,,,,,,,,,,,,,,,,,,,,,,,,,,,,,,,,,,,,,,,,,,,,,,,,,,,,1,,,,,,,,,,,,,1,1,
0,15,28,"{'x': 1046.9692007579185, 'y': 154.15177954048934, 'elapsedTime': 108299.20000004768}",936799766833,5258169061,POINT (0.5452964587280825 0.1427331292041568),,,,,,,,,,,,,,,,,,,,,,,,,,,,,,,,,,,,,,,,,,,,,,,,,,,,,,,,,,,,,,,,,,,,,,,,,,,,,,,,,,,,,,,,,,,,,,,,,,,1,,
0,15,28,"{'x': 1046.9692007579185, 'y': 154.15177954048934, 'elapsedTime': 108299.20000004768}",936799783500,5258185727,POINT (0.5452964587280825 0.1427331292041568),,,,,,,,,,,,,,,,,,,,,,,,,,,,,,,,,,,,,,,,,,,,,,,,,,,,,,,,,,,,,,,,,,,,,,,,,,,,,,,,,,,,,,,,,,,,,,,,,,,1,,
0,15,28,"{'x': 1046.9692007579185, 'y': 154.15177954048934, 'elapsedTime': 108299.20000004768}",936799800166,5258202393,POINT (0.5452964587280825 0.1427331292041568),,,,,,,,,,,,,,,,,,,,,,,,,,,,,,,,,,,,,,,,,,,,,,,,,,,,,,,,,,,,,,,,,,,,,,,,,,,,,,,,,,,,,,,,,,,,,,,,,,,1,,
0,15,28,"{'x': 998.0709864865856, 'y': 142.51232166882608, 'elapsedTime': 108348.70000004768}",936799816835,5258219061,POINT (0.5198286387950967 0.1319558533970612),,,,,,,,,,,,,,,,,,,,,,,,,,,,,,,,,,,,,,,,,,,,,,,,,,,,,,,,,,,,,,,,,,,,,,,,,,,,,,,,,,,,,,,,,,,,,,,,,,,,,
0,15,28,"{'x': 998.0709864865856, 'y': 142.51232166882608, 'elapsedTime': 108348.70000004768}",936799833501,5258235727,POINT (0.5198286387950967 0.1319558533970612),,,,,,,,,,,,,,,,,,,,,,,,,,,,,,,,,,,,,,,,,,,,,,,,,,,,,,,,,,,,,,,,,,,,,,,,,,,,,,,,,,,,,,,,,,,,,,,,,,,,,
0,15,28,"{'x': 998.0709864865856, 'y': 142.51232166882608, 'elapsedTime': 108348.70000004768}",936799850172,5258252397,POINT (0.5198286387950967 0.1319558533970612),,,,,,,,,,,,,,,,,,,,,,,,,,,,,,,,,,,,,,,,,,,,,,,,,,,,,,,,,,,,,,,,,,,,,,,,,,,,,,,,,,,,,,,,,,,,,,,,,,,,,
0,15,28,"{'x': 1191.793548756651, 'y': 156.68335094629185, 'elapsedTime': 108396.89999997616}",936799866838,5258269063,POINT (0.620725806644089 0.1450771768021221),,,,,,,,,,,,,,,,,,,,,,,,,,,,,,,,,,,,,,,,,,,,,,,,,,,,,,,,,,,,,,,,,,,,,,,,,,,,,,,,,,,,,,,,,,,,,,,,,,,1,,
0,15,28,"{'x': 1191.793548756651, 'y': 156.68335094629185, 'elapsedTime': 108396.89999997616}",936799883506,5258285730,POINT (0.620725806644089 0.1450771768021221),,,,,,,,,,,,,,,,,,,,,,,,,,,,,,,,,,,,,,,,,,,,,,,,,,,,,,,,,,,,,,,,,,,,,,,,,,,,,,,,,,,,,,,,,,,,,,,,,,,1,,
0,15,28,"{'x': 1252.0904190348924, 'y': 59.40302421242214, 'elapsedTime': 108445.80000007153}",936799900172,5258302396,POINT (0.6521304265806731 0.0550028001966872),,,,,,,,,,,,,,,,,,,,,,,,,,,,,,,,,,,,,,,,,,,,,,,,,,,,,,,,,,,,,,,,,,,,,,,,,,,,,,,,,,,,,,,,,,,,,,,,,,,,,
0,15,28,"{'x': 1252.0904190348924, 'y': 59.40302421242214, 'elapsedTime': 108445.80000007153}",936799916841,5258319064,POINT (0.6521304265806731 0.0550028001966872),,,,,,,,,,,,,,,,,,,,,,,,,,,,,,,,,,,,,,,,,,,,,,,,,,,,,,,,,,,,,,,,,,,,,,,,,,,,,,,,,,,,,,,,,,,,,,,,,,,,,
0,15,28,"{'x': 1252.0904190348924, 'y': 59.40302421242214, 'elapsedTime': 108445.80000007153}",936799933507,5258335730,POINT (0.6521304265806731 0.0550028001966872),,,,,,,,,,,,,,,,,,,,,,,,,,,,,,,,,,,,,,,,,,,,,,,,,,,,,,,,,,,,,,,,,,,,,,,,,,,,,,,,,,,,,,,,,,,,,,,,,,,,,
0,15,28,"{'x': 1280.5099854803454, 'y': 90.87465204890695, 'elapsedTime': 108493.70000004768}",936799950175,5258352397,POINT (0.6669322841043466 0.0841431963415805),,,,,,,,,,,,,,,,,,,,,,,,,,,,,,,,,,,,,,,,,,,,,,,,,,,,,,,,,,,,,,,,,,,,,,,,,,,,,,,,,,,,,,,,,,,,,,,,,,,,,
0,15,28,"{'x': 1280.5099854803454, 'y': 90.87465204890695, 'elapsedTime': 108493.70000004768}",936799966841,5258369063,POINT (0.6669322841043466 0.0841431963415805),,,,,,,,,,,,,,,,,,,,,,,,,,,,,,,,,,,,,,,,,,,,,,,,,,,,,,,,,,,,,,,,,,,,,,,,,,,,,,,,,,,,,,,,,,,,,,,,,,,,,
0,15,28,"{'x': 1280.5099854803454, 'y': 90.87465204890695, 'elapsedTime': 108493.70000004768}",936799983513,5258385734,POINT (0.6669322841043466 0.0841431963415805),,,,,,,,,,,,,,,,,,,,,,,,,,,,,,,,,,,,,,,,,,,,,,,,,,,,,,,,,,,,,,,,,,,,,,,,,,,,,,,,,,,,,,,,,,,,,,,,,,,,,
0,15,28,"{'x': 1236.7551767202367, 'y': 44.03075103166645, 'elapsedTime': 108543.10000002384}",936800000179,5258402400,POINT (0.6441433212084566 0.0407692139182097),,,,,,,,,,,,,,,,,,,,,,,,,,,,,,,,,,,,,,,,,,,,,,,,,,,,,,,,,,,,,,,,,,,,,,,,,,,,,,,,,,,,,,,,,,,,,,,,,,,,,
0,15,28,"{'x': 1236.7551767202367, 'y': 44.03075103166645, 'elapsedTime': 108543.10000002384}",936800016848,5258419068,POINT (0.6441433212084566 0.0407692139182097),,,,,,,,,,,,,,,,,,,,,,,,,,,,,,,,,,,,,,,,,,,,,,,,,,,,,,,,,,,,,,,,,,,,,,,,,,,,,,,,,,,,,,,,,,,,,,,,,,,,,
0,15,28,"{'x': 1236.7551767202367, 'y': 44.03075103166645, 'elapsedTime': 108543.10000002384}",936800033514,5258435734,POINT (0.6441433212084566 0.0407692139182097),,,,,,,,,,,,,,,,,,,,,,,,,,,,,,,,,,,,,,,,,,,,,,,,,,,,,,,,,,,,,,,,,,,,,,,,,,,,,,,,,,,,,,,,,,,,,,,,,,,,,
0,15,28,"{'x': 1236.7551767202367, 'y': 44.03075103166645, 'elapsedTime': 108543.10000002384}",936800050181,5258452400,POINT (0.6441433212084566 0.0407692139182097),,,,,,,,,,,,,,,,,,,,,,,,,,,,,,,,,,,,,,,,,,,,,,,,,,,,,,,,,,,,,,,,,,,,,,,,,,,,,,,,,,,,,,,,,,,,,,,,,,,,,
0,15,28,"{'x': 1121.405482333138, 'y': 56.39139748994022, 'elapsedTime': 108591}",936800066848,5258469067,POINT (0.5840653553818427 0.0522142569351298),,,,,,,,,,,,,,,,,,,,,,,,,,,,,,,,,,,,,,,,,,,,,,,,,,,,,,,,,,,,,,,,,,,,,,,,,,,,,,,,,,,,,,,,,,,,,,,,,,,,,
0,15,28,"{'x': 1121.405482333138, 'y': 56.39139748994022, 'elapsedTime': 108591}",936800083515,5258485734,POINT (0.5840653553818427 0.0522142569351298),,,,,,,,,,,,,,,,,,,,,,,,,,,,,,,,,,,,,,,,,,,,,,,,,,,,,,,,,,,,,,,,,,,,,,,,,,,,,,,,,,,,,,,,,,,,,,,,,,,,,
0,15,28,"{'x': 1121.405482333138, 'y': 56.39139748994022, 'elapsedTime': 108591}",936800100183,5258502401,POINT (0.5840653553818427 0.0522142569351298),,,,,,,,,,,,,,,,,,,,,,,,,,,,,,,,,,,,,,,,,,,,,,,,,,,,,,,,,,,,,,,,,,,,,,,,,,,,,,,,,,,,,,,,,,,,,,,,,,,,,
0,15,28,"{'x': 1096.5396158947958, 'y': 138.52838531709943, 'elapsedTime': 108653.30000007153}",936800116855,5258519073,POINT (0.5711143832785395 0.1282670234417588),,,,,,,,,,,,,,,,,,,,,,,,,,,,,,,,,,,,,,,,,,,,,,,,,,,,,,,,,,,,,,,,,,,,,,,,,,,,,,,,,,,,,,,,,,,,,,,,,,,,,
0,15,28,"{'x': 1096.5396158947958, 'y': 138.52838531709943, 'elapsedTime': 108653.30000007153}",936800133523,5258535740,POINT (0.5711143832785395 0.1282670234417588),,,,,,,,,,,,,,,,,,,,,,,,,,,,,,,,,,,,,,,,,,,,,,,,,,,,,,,,,,,,,,,,,,,,,,,,,,,,,,,,,,,,,,,,,,,,,,,,,,,,,
0,15,28,"{'x': 1096.5396158947958, 'y': 138.52838531709943, 'elapsedTime': 108653.30000007153}",936800150190,5258552407,POINT (0.5711143832785395 0.1282670234417588),,,,,,,,,,,,,,,,,,,,,,,,,,,,,,,,,,,,,,,,,,,,,,,,,,,,,,,,,,,,,,,,,,,,,,,,,,,,,,,,,,,,,,,,,,,,,,,,,,,,,
0,15,28,"{'x': 1021.1144759640895, 'y': 101.55606021234622, 'elapsedTime': 108704.10000002384}",936800166857,5258569073,POINT (0.5318304562312967 0.0940333890855058),,,,,,,,,,,,,,,,,,,,,,,,,,,,,,,,,,,,,,,,,,,,,,,,,,,,,,,,,,,,,,,,,,,,,,,,,,,,,,,,,,,,,,,,,,,,,,,,,,,,,
0,15,28,"{'x': 1021.1144759640895, 'y': 101.55606021234622, 'elapsedTime': 108704.10000002384}",936800183524,5258585740,POINT (0.5318304562312967 0.0940333890855058),,,,,,,,,,,,,,,,,,,,,,,,,,,,,,,,,,,,,,,,,,,,,,,,,,,,,,,,,,,,,,,,,,,,,,,,,,,,,,,,,,,,,,,,,,,,,,,,,,,,,
0,15,28,"{'x': 1021.1144759640895, 'y': 101.55606021234622, 'elapsedTime': 108704.10000002384}",936800200192,5258602407,POINT (0.5318304562312967 0.0940333890855058),,,,,,,,,,,,,,,,,,,,,,,,,,,,,,,,,,,,,,,,,,,,,,,,,,,,,,,,,,,,,,,,,,,,,,,,,,,,,,,,,,,,,,,,,,,,,,,,,,,,,
0,15,28,"{'x': 947.879319049975, 'y': 187.41704464033955, 'elapsedTime': 108754.30000007153}",936800216858,5258619073,POINT (0.4936871453385286 0.173534300592907),,,,,,,,,,,,,,,,,,,,,,,,,,,,,,,,,,,,,,,,,,,,,,,,,,,,,,,,,,,,,,,,,,,,,,,,,,,,,,,,,,,,,,,,,,,,,,,,,,,1,,
0,15,28,"{'x': 947.879319049975, 'y': 187.41704464033955, 'elapsedTime': 108754.30000007153}",936800233529,5258635743,POINT (0.4936871453385286 0.173534300592907),,,,,,,,,,,,,,,,,,,,,,,,,,,,,,,,,,,,,,,,,,,,,,,,,,,,,,,,,,,,,,,,,,,,,,,,,,,,,,,,,,,,,,,,,,,,,,,,,,,1,,
0,15,28,"{'x': 947.879319049975, 'y': 187.41704464033955, 'elapsedTime': 108754.30000007153}",936800250196,5258652410,POINT (0.4936871453385286 0.173534300592907),,,,,,,,,,,,,,,,,,,,,,,,,,,,,,,,,,,,,,,,,,,,,,,,,,,,,,,,,,,,,,,,,,,,,,,,,,,,,,,,,,,,,,,,,,,,,,,,,,,1,,
0,15,28,"{'x': 948.8627546343904, 'y': 173.78809823309382, 'elapsedTime': 108806.5}",936800266863,5258669076,POINT (0.4941993513720783 0.1609149057713832),,,,,,,,,,,,,,,,,,,,,,,,,,,,,,,,,,,,,,,,,,,,,,,,,,,,,,,,,,,,,,,,,,,,,,,,,,,,,,,,,,,,,,,,,,,,,,,,,,,1,,
0,15,28,"{'x': 948.8627546343904, 'y': 173.78809823309382, 'elapsedTime': 108806.5}",936800283530,5258685743,POINT (0.4941993513720783 0.1609149057713832),,,,,,,,,,,,,,,,,,,,,,,,,,,,,,,,,,,,,,,,,,,,,,,,,,,,,,,,,,,,,,,,,,,,,,,,,,,,,,,,,,,,,,,,,,,,,,,,,,,1,,
0,15,28,"{'x': 948.8627546343904, 'y': 173.78809823309382, 'elapsedTime': 108806.5}",936800300198,5258702410,POINT (0.4941993513720783 0.1609149057713832),,,,,,,,,,,,,,,,,,,,,,,,,,,,,,,,,,,,,,,,,,,,,,,,,,,,,,,,,,,,,,,,,,,,,,,,,,,,,,,,,,,,,,,,,,,,,,,,,,,1,,
0,15,28,"{'x': 948.8627546343904, 'y': 173.78809823309382, 'elapsedTime': 108806.5}",936800316864,5258719076,POINT (0.4941993513720783 0.1609149057713832),,,,,,,,,,,,,,,,,,,,,,,,,,,,,,,,,,,,,,,,,,,,,,,,,,,,,,,,,,,,,,,,,,,,,,,,,,,,,,,,,,,,,,,,,,,,,,,,,,,1,,
0,15,28,"{'x': 939.2590515585426, 'y': 239.08114731493754, 'elapsedTime': 108861.10000002384}",936800333532,5258735743,POINT (0.4891974226867409 0.2213714326990162),,,,,,,,,,,,,,,,,,,,,,,,,,,,,,,,,,,,,,,,,,,,,,,,,,,,,,,,,,,,,,,,,,,,,,,,,,,,,,,,,,,,,,,,,,,,,,,,,,,,1,
0,15,28,"{'x': 939.2590515585426, 'y': 239.08114731493754, 'elapsedTime': 108861.10000002384}",936800350199,5258752410,POINT (0.4891974226867409 0.2213714326990162),,,,,,,,,,,,,,,,,,,,,,,,,,,,,,,,,,,,,,,,,,,,,,,,,,,,,,,,,,,,,,,,,,,,,,,,,,,,,,,,,,,,,,,,,,,,,,,,,,,,1,
0,15,28,"{'x': 939.2590515585426, 'y': 239.08114731493754, 'elapsedTime': 108861.10000002384}",936800366869,5258769079,POINT (0.4891974226867409 0.2213714326990162),,,,,,,,,,,,,,,,,,,,,,,,,,,,,,,,,,,,,,,,,,,,,,,,,,,,,,,,,,,,,,,,,,,,,,,,,,,,,,,,,,,,,,,,,,,,,,,,,,,,1,
0,15,28,"{'x': 981.9023573499531, 'y': 328.5593865161121, 'elapsedTime': 108918.60000002384}",936800383536,5258785746,POINT (0.5114074777864339 0.3042216541815853),,,,,,,,,,,,,,,,,,,,,,,,,,,,,,,,,,,,,,,,,,,,,,,,,,,,,,,,,,,,,,,,,,,,,,,,,,,,,,,,,,,,,,,,,,,,,,,,,,,,1,
0,15,28,"{'x': 981.9023573499531, 'y': 328.5593865161121, 'elapsedTime': 108918.60000002384}",936800400203,5258802412,POINT (0.5114074777864339 0.3042216541815853),,,,,,,,,,,,,,,,,,,,,,,,,,,,,,,,,,,,,,,,,,,,,,,,,,,,,,,,,,,,,,,,,,,,,,,,,,,,,,,,,,,,,,,,,,,,,,,,,,,,1,
0,15,28,"{'x': 981.9023573499531, 'y': 328.5593865161121, 'elapsedTime': 108918.60000002384}",936800416870,5258819079,POINT (0.5114074777864339 0.3042216541815853),,,,,,,,,,,,,,,,,,,,,,,,,,,,,,,,,,,,,,,,,,,,,,,,,,,,,,,,,,,,,,,,,,,,,,,,,,,,,,,,,,,,,,,,,,,,,,,,,,,,1,
0,15,28,"{'x': 894.8707469933219, 'y': 377.04010988134274, 'elapsedTime': 108971.70000004768}",936800433538,5258835746,POINT (0.4660785140590218 0.3491112128530952),,,,,,,,,,,,,,,,,,,,,,,,,,,,,,,,,,,,,,,,,,,,,,,,,,,,,,,,,,,,,,,,,,,,,,,,,,,,,,,,,,,,,,,,,,,,,,,,,,,,1,
0,15,28,"{'x': 894.8707469933219, 'y': 377.04010988134274, 'elapsedTime': 108971.70000004768}",936800450204,5258852412,POINT (0.4660785140590218 0.3491112128530952),,,,,,,,,,,,,,,,,,,,,,,,,,,,,,,,,,,,,,,,,,,,,,,,,,,,,,,,,,,,,,,,,,,,,,,,,,,,,,,,,,,,,,,,,,,,,,,,,,,,1,
0,15,28,"{'x': 894.8707469933219, 'y': 377.04010988134274, 'elapsedTime': 108971.70000004768}",936800466872,5258869079,POINT (0.4660785140590218 0.3491112128530952),,,,,,,,,,,,,,,,,,,,,,,,,,,,,,,,,,,,,,,,,,,,,,,,,,,,,,,,,,,,,,,,,,,,,,,,,,,,,,,,,,,,,,,,,,,,,,,,,,,,1,
0,15,28,"{'x': 894.8707469933219, 'y': 377.04010988134274, 'elapsedTime': 108971.70000004768}",936800483538,5258885745,POINT (0.4660785140590218 0.3491112128530952),,,,,,,,,,,,,,,,,,,,,,,,,,,,,,,,,,,,,,,,,,,,,,,,,,,,,,,,,,,,,,,,,,,,,,,,,,,,,,,,,,,,,,,,,,,,,,,,,,,,1,
0,15,28,"{'x': 867.5948689246079, 'y': 338.55411223864553, 'elapsedTime': 109026.10000002384}",936800500213,5258902419,POINT (0.4518723275649 0.3134760298505977),,,,,,,,,,,,,,,,,,,,,,,,,,,,,,,,,,,,,,,,,,,,,,,,,,,,,,,,,,,,,,,,,,,,,,,,,,,,,,,,,,,,,,,,,,,,,,,,,,,,1,
0,15,28,"{'x': 867.5948689246079, 'y': 338.55411223864553, 'elapsedTime': 109026.10000002384}",936800516879,5258919085,POINT (0.4518723275649 0.3134760298505977),,,,,,,,,,,,,,,,,,,,,,,,,,,,,,,,,,,,,,,,,,,,,,,,,,,,,,,,,,,,,,,,,,,,,,,,,,,,,,,,,,,,,,,,,,,,,,,,,,,,1,
0,15,28,"{'x': 892.7929112662177, 'y': 392.1544260753913, 'elapsedTime': 109078.70000004768}",936800533546,5258935751,POINT (0.4649963079511551 0.3631059500698068),,,,,,,,,,,,,,,,,,,,,,,,,,,,,,,,,,,,,,,,,,,,,,,,,,,,,,,,,,,,,,,,,,,,,,,,,,,,,,,,,,,,,,,,,,,,,,,,,,,,,
0,15,28,"{'x': 892.7929112662177, 'y': 392.1544260753913, 'elapsedTime': 109078.70000004768}",936800550213,5258952418,POINT (0.4649963079511551 0.3631059500698068),,,,,,,,,,,,,,,,,,,,,,,,,,,,,,,,,,,,,,,,,,,,,,,,,,,,,,,,,,,,,,,,,,,,,,,,,,,,,,,,,,,,,,,,,,,,,,,,,,,,,
0,15,28,"{'x': 892.7929112662177, 'y': 392.1544260753913, 'elapsedTime': 109078.70000004768}",936800566881,5258969085,POINT (0.4649963079511551 0.3631059500698068),,,,,,,,,,,,,,,,,,,,,,,,,,,,,,,,,,,,,,,,,,,,,,,,,,,,,,,,,,,,,,,,,,,,,,,,,,,,,,,,,,,,,,,,,,,,,,,,,,,,,
0,15,28,"{'x': 892.7929112662177, 'y': 392.1544260753913, 'elapsedTime': 109078.70000004768}",936800583548,5258985752,POINT (0.4649963079511551 0.3631059500698068),,,,,,,,,,,,,,,,,,,,,,,,,,,,,,,,,,,,,,,,,,,,,,,,,,,,,,,,,,,,,,,,,,,,,,,,,,,,,,,,,,,,,,,,,,,,,,,,,,,,,
0,15,28,"{'x': 828.5214281637626, 'y': 396.3607962878185, 'elapsedTime': 109133.5}",936800600216,5259002419,POINT (0.4315215771686264 0.3670007373035357),,,,,,,,,,,,,,,,,,,,,,,,,,,,,,,,,,,,,,,,,,,,,,,,,,,,,,,,,,,,,,,,,,,,,,,,,,,,,,,,,,,,,,,,,,,,,,,,,,,,,
0,15,28,"{'x': 828.5214281637626, 'y': 396.3607962878185, 'elapsedTime': 109133.5}",936800616882,5259019085,POINT (0.4315215771686264 0.3670007373035357),,,,,,,,,,,,,,,,,,,,,,,,,,,,,,,,,,,,,,,,,,,,,,,,,,,,,,,,,,,,,,,,,,,,,,,,,,,,,,,,,,,,,,,,,,,,,,,,,,,,,
0,15,28,"{'x': 828.5214281637626, 'y': 396.3607962878185, 'elapsedTime': 109133.5}",936800633556,5259035758,POINT (0.4315215771686264 0.3670007373035357),,,,,,,,,,,,,,,,,,,,,,,,,,,,,,,,,,,,,,,,,,,,,,,,,,,,,,,,,,,,,,,,,,,,,,,,,,,,,,,,,,,,,,,,,,,,,,,,,,,,,
0,15,28,"{'x': 828.5214281637626, 'y': 396.3607962878185, 'elapsedTime': 109133.5}",936800650222,5259052424,POINT (0.4315215771686264 0.3670007373035357),,,,,,,,,,,,,,,,,,,,,,,,,,,,,,,,,,,,,,,,,,,,,,,,,,,,,,,,,,,,,,,,,,,,,,,,,,,,,,,,,,,,,,,,,,,,,,,,,,,,,
0,15,28,"{'x': 812.8340813503025, 'y': 395.8999272047495, 'elapsedTime': 109191}",936800666890,5259069091,POINT (0.4233510840366159 0.3665740066710643),,,,,,,,,,,,,,,,,,,,,,,,,,,,,,,,,,,,,,,,,,,,,,,,,,,,,,,,,,,,,,,,,,,,,,,,,,,,,,,,,,,,,,,,,,,,,,,,,,,,,
0,15,28,"{'x': 812.8340813503025, 'y': 395.8999272047495, 'elapsedTime': 109191}",936800683557,5259085758,POINT (0.4233510840366159 0.3665740066710643),,,,,,,,,,,,,,,,,,,,,,,,,,,,,,,,,,,,,,,,,,,,,,,,,,,,,,,,,,,,,,,,,,,,,,,,,,,,,,,,,,,,,,,,,,,,,,,,,,,,,
0,15,28,"{'x': 812.8340813503025, 'y': 395.8999272047495, 'elapsedTime': 109191}",936800700224,5259102424,POINT (0.4233510840366159 0.3665740066710643),,,,,,,,,,,,,,,,,,,,,,,,,,,,,,,,,,,,,,,,,,,,,,,,,,,,,,,,,,,,,,,,,,,,,,,,,,,,,,,,,,,,,,,,,,,,,,,,,,,,,
0,15,28,"{'x': 797.4678133567872, 'y': 402.5046096957719, 'elapsedTime': 109246.10000002384}",936800716891,5259119091,POINT (0.41534781945666 0.372689453422011),,,,,,,,,,,,,,,,,,,,,,,,,,,,,,,,,,,,,,,,,,,,,,,,,,,,,,,,,,,,,,,,,,,,,,,,,,,,,,,,,,,,,,,,,,,,,,,,,,,,,
0,15,28,"{'x': 797.4678133567872, 'y': 402.5046096957719, 'elapsedTime': 109246.10000002384}",936800733558,5259135757,POINT (0.41534781945666 0.372689453422011),,,,,,,,,,,,,,,,,,,,,,,,,,,,,,,,,,,,,,,,,,,,,,,,,,,,,,,,,,,,,,,,,,,,,,,,,,,,,,,,,,,,,,,,,,,,,,,,,,,,,
0,15,28,"{'x': 797.4678133567872, 'y': 402.5046096957719, 'elapsedTime': 109246.10000002384}",936800750225,5259152424,POINT (0.41534781945666 0.372689453422011),,,,,,,,,,,,,,,,,,,,,,,,,,,,,,,,,,,,,,,,,,,,,,,,,,,,,,,,,,,,,,,,,,,,,,,,,,,,,,,,,,,,,,,,,,,,,,,,,,,,,
0,15,28,"{'x': 717.143585213879, 'y': 449.2137135005499, 'elapsedTime': 109300.80000007153}",936800766899,5259169097,POINT (0.373512283965562 0.4159386236116203),,,,,,,,,,,,,,,,,,,,,,,,,,,,,,,,,,,,,,,,,,,,,,,,,,,,,,,,,,,,,,,,,,,,,,,,,,,,,,,,,,,,,,,,,,,,,,,,,,,,,
0,15,28,"{'x': 717.143585213879, 'y': 449.2137135005499, 'elapsedTime': 109300.80000007153}",936800783565,5259185763,POINT (0.373512283965562 0.4159386236116203),,,,,,,,,,,,,,,,,,,,,,,,,,,,,,,,,,,,,,,,,,,,,,,,,,,,,,,,,,,,,,,,,,,,,,,,,,,,,,,,,,,,,,,,,,,,,,,,,,,,,
0,15,28,"{'x': 717.143585213879, 'y': 449.2137135005499, 'elapsedTime': 109300.80000007153}",936800800233,5259202430,POINT (0.373512283965562 0.4159386236116203),,,,,,,,,,,,,,,,,,,,,,,,,,,,,,,,,,,,,,,,,,,,,,,,,,,,,,,,,,,,,,,,,,,,,,,,,,,,,,,,,,,,,,,,,,,,,,,,,,,,,
0,15,28,"{'x': 717.143585213879, 'y': 449.2137135005499, 'elapsedTime': 109300.80000007153}",936800816900,5259219097,POINT (0.373512283965562 0.4159386236116203),,,,,,,,,,,,,,,,,,,,,,,,,,,,,,,,,,,,,,,,,,,,,,,,,,,,,,,,,,,,,,,,,,,,,,,,,,,,,,,,,,,,,,,,,,,,,,,,,,,,,
0,15,28,"{'x': 651.6860018179914, 'y': 405.0742249386199, 'elapsedTime': 109355.20000004768}",936800833567,5259235763,POINT (0.3394197926135372 0.3750687267950185),,,,,,,,,,,,,,,,,,,,,,,,,,,,,,,,,,,,,,,,,,,,,,,,,,,,,,,,,,,,,,,,,,,,,,,,,,,,,,,,,,,,,,,,,,,,,,,,,,,,,
0,15,28,"{'x': 651.6860018179914, 'y': 405.0742249386199, 'elapsedTime': 109355.20000004768}",936800850234,5259252430,POINT (0.3394197926135372 0.3750687267950185),,,,,,,,,,,,,,,,,,,,,,,,,,,,,,,,,,,,,,,,,,,,,,,,,,,,,,,,,,,,,,,,,,,,,,,,,,,,,,,,,,,,,,,,,,,,,,,,,,,,,
0,15,28,"{'x': 651.6860018179914, 'y': 405.0742249386199, 'elapsedTime': 109355.20000004768}",936800866902,5259269097,POINT (0.3394197926135372 0.3750687267950185),,,,,,,,,,,,,,,,,,,,,,,,,,,,,,,,,,,,,,,,,,,,,,,,,,,,,,,,,,,,,,,,,,,,,,,,,,,,,,,,,,,,,,,,,,,,,,,,,,,,,
0,15,28,"{'x': 626.8750905551055, 'y': 432.35225332222194, 'elapsedTime': 109410.89999997616}",936800883569,5259285764,POINT (0.3264974429974508 0.4003261604835388),,,,,,,,,,,,,,,,,,,,,,,,,,,,,,,,,,,,,,,,,,,,,,,,,,,,,,,,,,,,,,,,,,,,,,,,,,,,,,,,,,,,,,,,,,,,,,,,,,,,,
0,15,28,"{'x': 626.8750905551055, 'y': 432.35225332222194, 'elapsedTime': 109410.89999997616}",936800900238,5259302432,POINT (0.3264974429974508 0.4003261604835388),,,,,,,,,,,,,,,,,,,,,,,,,,,,,,,,,,,,,,,,,,,,,,,,,,,,,,,,,,,,,,,,,,,,,,,,,,,,,,,,,,,,,,,,,,,,,,,,,,,,,
0,15,28,"{'x': 626.8750905551055, 'y': 432.35225332222194, 'elapsedTime': 109410.89999997616}",936800916904,5259319098,POINT (0.3264974429974508 0.4003261604835388),,,,,,,,,,,,,,,,,,,,,,,,,,,,,,,,,,,,,,,,,,,,,,,,,,,,,,,,,,,,,,,,,,,,,,,,,,,,,,,,,,,,,,,,,,,,,,,,,,,,,
0,15,28,"{'x': 646.6791563966586, 'y': 460.96212988506886, 'elapsedTime': 109471.39999997616}",936800933572,5259335765,POINT (0.3368120606232597 0.4268167869306193),,,,,,,,,,,,,,,,,,,,,,,,,,,,,,,,,,,,,,,,,,,,,,,,,,,,,,,,,,,,,,,,,,,,,,,,,,,,,,,,,,,,,,,,,,,,,,,,,,,,,
0,15,28,"{'x': 646.6791563966586, 'y': 460.96212988506886, 'elapsedTime': 109471.39999997616}",936800950239,5259352432,POINT (0.3368120606232597 0.4268167869306193),,,,,,,,,,,,,,,,,,,,,,,,,,,,,,,,,,,,,,,,,,,,,,,,,,,,,,,,,,,,,,,,,,,,,,,,,,,,,,,,,,,,,,,,,,,,,,,,,,,,,
0,15,28,"{'x': 646.6791563966586, 'y': 460.96212988506886, 'elapsedTime': 109471.39999997616}",936800966907,5259369099,POINT (0.3368120606232597 0.4268167869306193),,,,,,,,,,,,,,,,,,,,,,,,,,,,,,,,,,,,,,,,,,,,,,,,,,,,,,,,,,,,,,,,,,,,,,,,,,,,,,,,,,,,,,,,,,,,,,,,,,,,,
0,15,28,"{'x': 646.6791563966586, 'y': 460.96212988506886, 'elapsedTime': 109471.39999997616}",936800983573,5259385765,POINT (0.3368120606232597 0.4268167869306193),,,,,,,,,,,,,,,,,,,,,,,,,,,,,,,,,,,,,,,,,,,,,,,,,,,,,,,,,,,,,,,,,,,,,,,,,,,,,,,,,,,,,,,,,,,,,,,,,,,,,
0,15,28,"{'x': 696.150781868099, 'y': 441.73108294813574, 'elapsedTime': 109525.5}",936801000241,5259402432,POINT (0.3625785322229682 0.4090102619890146),,,,,,,,,,,,,,,,,,,,,,,,,,,,,,,,,,,,,,,,,,,,,,,,,,,,,,,,,,,,,,,,,,,,,,,,,,,,,,,,,,,,,,,,,,,,,,,,,,,,,
0,15,28,"{'x': 696.150781868099, 'y': 441.73108294813574, 'elapsedTime': 109525.5}",936801016908,5259419099,POINT (0.3625785322229682 0.4090102619890146),,,,,,,,,,,,,,,,,,,,,,,,,,,,,,,,,,,,,,,,,,,,,,,,,,,,,,,,,,,,,,,,,,,,,,,,,,,,,,,,,,,,,,,,,,,,,,,,,,,,,
0,15,28,"{'x': 696.150781868099, 'y': 441.73108294813574, 'elapsedTime': 109525.5}",936801033582,5259435772,POINT (0.3625785322229682 0.4090102619890146),,,,,,,,,,,,,,,,,,,,,,,,,,,,,,,,,,,,,,,,,,,,,,,,,,,,,,,,,,,,,,,,,,,,,,,,,,,,,,,,,,,,,,,,,,,,,,,,,,,,,
0,15,28,"{'x': 735.9393122744635, 'y': 434.9537797908103, 'elapsedTime': 109576.39999997616}",936801050249,5259452439,POINT (0.3833017251429498 0.4027349812877873),,,,,,,,,,,,,,,,,,,,,,,,,,,,,,,,,,,,,,,,,,,,,,,,,,,,,,,,,,,,,,,,,,,,,,,,,,,,,,,,,,,,,,,,,,,,,,,,,,,,,
0,15,28,"{'x': 735.9393122744635, 'y': 434.9537797908103, 'elapsedTime': 109576.39999997616}",936801066917,5259469106,POINT (0.3833017251429498 0.4027349812877873),,,,,,,,,,,,,,,,,,,,,,,,,,,,,,,,,,,,,,,,,,,,,,,,,,,,,,,,,,,,,,,,,,,,,,,,,,,,,,,,,,,,,,,,,,,,,,,,,,,,,
0,15,28,"{'x': 735.9393122744635, 'y': 434.9537797908103, 'elapsedTime': 109576.39999997616}",936801083583,5259485772,POINT (0.3833017251429498 0.4027349812877873),,,,,,,,,,,,,,,,,,,,,,,,,,,,,,,,,,,,,,,,,,,,,,,,,,,,,,,,,,,,,,,,,,,,,,,,,,,,,,,,,,,,,,,,,,,,,,,,,,,,,
0,15,28,"{'x': 780.9057705146099, 'y': 427.5658921996719, 'elapsedTime': 109636.70000004768}",936801100250,5259502439,POINT (0.4067217554763593 0.3958943446293258),,,,,,,,,,,,,,,,,,,,,,,,,,,,,,,,,,,,,,,,,,,,,,,,,,,,,,,,,,,,,,,,,,,,,,,,,,,,,,,,,,,,,,,,,,,,,,,,,,,,,
0,15,28,"{'x': 780.9057705146099, 'y': 427.5658921996719, 'elapsedTime': 109636.70000004768}",936801116918,5259519106,POINT (0.4067217554763593 0.3958943446293258),,,,,,,,,,,,,,,,,,,,,,,,,,,,,,,,,,,,,,,,,,,,,,,,,,,,,,,,,,,,,,,,,,,,,,,,,,,,,,,,,,,,,,,,,,,,,,,,,,,,,
0,15,28,"{'x': 780.9057705146099, 'y': 427.5658921996719, 'elapsedTime': 109636.70000004768}",936801133584,5259535772,POINT (0.4067217554763593 0.3958943446293258),,,,,,,,,,,,,,,,,,,,,,,,,,,,,,,,,,,,,,,,,,,,,,,,,,,,,,,,,,,,,,,,,,,,,,,,,,,,,,,,,,,,,,,,,,,,,,,,,,,,,
0,15,28,"{'x': 753.2168208387997, 'y': 453.1800255691648, 'elapsedTime': 109689}",936801150252,5259552439,POINT (0.3923004275202082 0.4196111347862637),,,,,,,,,,,,,,,,,,,,,,,,,,,,,,,,,,,,,,,,,,,,,,,,,,,,,,,,,,,,,,,,,,,,,,,,,,,,,,,,,,,,,,,,,,,,,,,,,,,,,
0,15,28,"{'x': 753.2168208387997, 'y': 453.1800255691648, 'elapsedTime': 109689}",936801166923,5259569110,POINT (0.3923004275202082 0.4196111347862637),,,,,,,,,,,,,,,,,,,,,,,,,,,,,,,,,,,,,,,,,,,,,,,,,,,,,,,,,,,,,,,,,,,,,,,,,,,,,,,,,,,,,,,,,,,,,,,,,,,,,
0,15,28,"{'x': 753.2168208387997, 'y': 453.1800255691648, 'elapsedTime': 109689}",936801183591,5259585777,POINT (0.3923004275202082 0.4196111347862637),,,,,,,,,,,,,,,,,,,,,,,,,,,,,,,,,,,,,,,,,,,,,,,,,,,,,,,,,,,,,,,,,,,,,,,,,,,,,,,,,,,,,,,,,,,,,,,,,,,,,
0,15,28,"{'x': 753.2168208387997, 'y': 453.1800255691648, 'elapsedTime': 109689}",936801200258,5259602444,POINT (0.3923004275202082 0.4196111347862637),,,,,,,,,,,,,,,,,,,,,,,,,,,,,,,,,,,,,,,,,,,,,,,,,,,,,,,,,,,,,,,,,,,,,,,,,,,,,,,,,,,,,,,,,,,,,,,,,,,,,
0,15,28,"{'x': 726.7801173977676, 'y': 456.3227309214369, 'elapsedTime': 109742.5}",936801216925,5259619110,POINT (0.3785313111446706 0.4225210471494786),,,,,,,,,,,,,,,,,,,,,,,,,,,,,,,,,,,,,,,,,,,,,,,,,,,,,,,,,,,,,,,,,,,,,,,,,,,,,,,,,,,,,,,,,,,,,,,,,,,,,
0,15,28,"{'x': 726.7801173977676, 'y': 456.3227309214369, 'elapsedTime': 109742.5}",936801233592,5259635777,POINT (0.3785313111446706 0.4225210471494786),,,,,,,,,,,,,,,,,,,,,,,,,,,,,,,,,,,,,,,,,,,,,,,,,,,,,,,,,,,,,,,,,,,,,,,,,,,,,,,,,,,,,,,,,,,,,,,,,,,,,
0,15,28,"{'x': 726.7801173977676, 'y': 456.3227309214369, 'elapsedTime': 109742.5}",936801250259,5259652443,POINT (0.3785313111446706 0.4225210471494786),,,,,,,,,,,,,,,,,,,,,,,,,,,,,,,,,,,,,,,,,,,,,,,,,,,,,,,,,,,,,,,,,,,,,,,,,,,,,,,,,,,,,,,,,,,,,,,,,,,,,
0,15,28,"{'x': 701.9193542566096, 'y': 449.96173061459376, 'elapsedTime': 109794.39999997616}",936801266927,5259669111,POINT (0.3655829970086508 0.4166312320505498),,,,,,,,,,,,,,,,,,,,,,,,,,,,,,,,,,,,,,,,,,,,,,,,,,,,,,,,,,,,,,,,,,,,,,,,,,,,,,,,,,,,,,,,,,,,,,,,,,,,,
0,15,28,"{'x': 701.9193542566096, 'y': 449.96173061459376, 'elapsedTime': 109794.39999997616}",936801283597,5259685780,POINT (0.3655829970086508 0.4166312320505498),,,,,,,,,,,,,,,,,,,,,,,,,,,,,,,,,,,,,,,,,,,,,,,,,,,,,,,,,,,,,,,,,,,,,,,,,,,,,,,,,,,,,,,,,,,,,,,,,,,,,
0,15,28,"{'x': 701.9193542566096, 'y': 449.96173061459376, 'elapsedTime': 109794.39999997616}",936801300264,5259702447,POINT (0.3655829970086508 0.4166312320505498),,,,,,,,,,,,,,,,,,,,,,,,,,,,,,,,,,,,,,,,,,,,,,,,,,,,,,,,,,,,,,,,,,,,,,,,,,,,,,,,,,,,,,,,,,,,,,,,,,,,,
0,15,28,"{'x': 688.494925372774, 'y': 479.8396430104335, 'elapsedTime': 109851.80000007153}",936801316932,5259719114,POINT (0.3585911069649865 0.4442959657504014),,,,,,,,,,,,,,,,,,,,,,,,,,,,,,,,,,,,,,,,,,,,,,,,,,,,,,,,,,,,,,,,,,,,,,,,,,,,,,,,,,,,,,,,,,,,,,,,,,,,,
0,15,28,"{'x': 688.494925372774, 'y': 479.8396430104335, 'elapsedTime': 109851.80000007153}",936801333598,5259735780,POINT (0.3585911069649865 0.4442959657504014),,,,,,,,,,,,,,,,,,,,,,,,,,,,,,,,,,,,,,,,,,,,,,,,,,,,,,,,,,,,,,,,,,,,,,,,,,,,,,,,,,,,,,,,,,,,,,,,,,,,,
0,15,28,"{'x': 688.494925372774, 'y': 479.8396430104335, 'elapsedTime': 109851.80000007153}",936801350266,5259752447,POINT (0.3585911069649865 0.4442959657504014),,,,,,,,,,,,,,,,,,,,,,,,,,,,,,,,,,,,,,,,,,,,,,,,,,,,,,,,,,,,,,,,,,,,,,,,,,,,,,,,,,,,,,,,,,,,,,,,,,,,,
0,15,28,"{'x': 688.494925372774, 'y': 479.8396430104335, 'elapsedTime': 109851.80000007153}",936801366933,5259769114,POINT (0.3585911069649865 0.4442959657504014),,,,,,,,,,,,,,,,,,,,,,,,,,,,,,,,,,,,,,,,,,,,,,,,,,,,,,,,,,,,,,,,,,,,,,,,,,,,,,,,,,,,,,,,,,,,,,,,,,,,,
0,15,28,"{'x': 708.1477191946976, 'y': 455.17246527949976, 'elapsedTime': 109906.89999997616}",936801383600,5259785780,POINT (0.3688269370805717 0.4214559863699072),,,,,,,,,,,,,,,,,,,,,,,,,,,,,,,,,,,,,,,,,,,,,,,,,,,,,,,,,,,,,,,,,,,,,,,,,,,,,,,,,,,,,,,,,,,,,,,,,,,,,
0,15,28,"{'x': 708.1477191946976, 'y': 455.17246527949976, 'elapsedTime': 109906.89999997616}",936801400267,5259802447,POINT (0.3688269370805717 0.4214559863699072),,,,,,,,,,,,,,,,,,,,,,,,,,,,,,,,,,,,,,,,,,,,,,,,,,,,,,,,,,,,,,,,,,,,,,,,,,,,,,,,,,,,,,,,,,,,,,,,,,,,,
0,15,28,"{'x': 708.1477191946976, 'y': 455.17246527949976, 'elapsedTime': 109906.89999997616}",936801416939,5259819118,POINT (0.3688269370805717 0.4214559863699072),,,,,,,,,,,,,,,,,,,,,,,,,,,,,,,,,,,,,,,,,,,,,,,,,,,,,,,,,,,,,,,,,,,,,,,,,,,,,,,,,,,,,,,,,,,,,,,,,,,,,
0,15,28,"{'x': 804.6805920926888, 'y': 486.84326936334617, 'elapsedTime': 109962.60000002384}",936801433605,5259835784,POINT (0.4191044750482754 0.4507808049660613),,,,,,,,,,,,,,,,,,,,,,,,,,,,,,,,,,,,,,,,,,,,,,,,,,,,,,,,,,,,,,,,,,,,,,,,,,,,,,,,,,,,,,,,,,,,,,,,,,,,,
0,15,28,"{'x': 804.6805920926888, 'y': 486.84326936334617, 'elapsedTime': 109962.60000002384}",936801450272,5259852450,POINT (0.4191044750482754 0.4507808049660613),,,,,,,,,,,,,,,,,,,,,,,,,,,,,,,,,,,,,,,,,,,,,,,,,,,,,,,,,,,,,,,,,,,,,,,,,,,,,,,,,,,,,,,,,,,,,,,,,,,,,
0,15,28,"{'x': 804.6805920926888, 'y': 486.84326936334617, 'elapsedTime': 109962.60000002384}",936801466940,5259869118,POINT (0.4191044750482754 0.4507808049660613),,,,,,,,,,,,,,,,,,,,,,,,,,,,,,,,,,,,,,,,,,,,,,,,,,,,,,,,,,,,,,,,,,,,,,,,,,,,,,,,,,,,,,,,,,,,,,,,,,,,,
0,15,28,"{'x': 731.0453344166176, 'y': 570.1172324080487, 'elapsedTime': 110022.80000007153}",936801483607,5259885784,POINT (0.3807527783419883 0.5278863263037488),,,,,,,,,,,,,,,,,,,,,,,,,,,,,,,,,,,,,,,,,,,,,,,,,,,,,,,,,,,,,,,,,,,,,,,,,,,,,,,,,,,,,,,,,,,,,,,,,,,,1,
0,15,28,"{'x': 731.0453344166176, 'y': 570.1172324080487, 'elapsedTime': 110022.80000007153}",936801500273,5259902450,POINT (0.3807527783419883 0.5278863263037488),,,,,,,,,,,,,,,,,,,,,,,,,,,,,,,,,,,,,,,,,,,,,,,,,,,,,,,,,,,,,,,,,,,,,,,,,,,,,,,,,,,,,,,,,,,,,,,,,,,,1,
0,15,28,"{'x': 731.0453344166176, 'y': 570.1172324080487, 'elapsedTime': 110022.80000007153}",936801516941,5259919117,POINT (0.3807527783419883 0.5278863263037488),,,,,,,,,,,,,,,,,,,,,,,,,,,,,,,,,,,,,,,,,,,,,,,,,,,,,,,,,,,,,,,,,,,,,,,,,,,,,,,,,,,,,,,,,,,,,,,,,,,,1,
0,15,28,"{'x': 731.0453344166176, 'y': 570.1172324080487, 'elapsedTime': 110022.80000007153}",936801533608,5259935784,POINT (0.3807527783419883 0.5278863263037488),,,,,,,,,,,,,,,,,,,,,,,,,,,,,,,,,,,,,,,,,,,,,,,,,,,,,,,,,,,,,,,,,,,,,,,,,,,,,,,,,,,,,,,,,,,,,,,,,,,,1,
0,15,28,"{'x': 731.1487488936774, 'y': 543.9401907643954, 'elapsedTime': 110077.20000004768}",936801550282,5259952457,POINT (0.3808066400487903 0.5036483247818476),,,,,,,,,,,,,,,,,,,,,,,,,,,,,,,,,,,,,,,,,,,,,,,,,,,,,,,,,,,,,,,,,,,,,,,,,,,,,,,,,,,,,,,,,,,,,,,,,,,,1,
0,15,28,"{'x': 731.1487488936774, 'y': 543.9401907643954, 'elapsedTime': 110077.20000004768}",936801566948,5259969123,POINT (0.3808066400487903 0.5036483247818476),,,,,,,,,,,,,,,,,,,,,,,,,,,,,,,,,,,,,,,,,,,,,,,,,,,,,,,,,,,,,,,,,,,,,,,,,,,,,,,,,,,,,,,,,,,,,,,,,,,,1,
0,15,28,"{'x': 731.1487488936774, 'y': 543.9401907643954, 'elapsedTime': 110077.20000004768}",936801583616,5259985790,POINT (0.3808066400487903 0.5036483247818476),,,,,,,,,,,,,,,,,,,,,,,,,,,,,,,,,,,,,,,,,,,,,,,,,,,,,,,,,,,,,,,,,,,,,,,,,,,,,,,,,,,,,,,,,,,,,,,,,,,,1,
0,15,28,"{'x': 773.3728672323466, 'y': 471.86983937103736, 'elapsedTime': 110130.80000007153}",936801600283,5260002457,POINT (0.4027983683501805 0.4369165179361457),,,,,,,,,,,,,,,,,,,,,,,,,,,,,,,,,,,,,,,,,,,,,,,,,,,,,,,,,,,,,,,,,,,,,,,,,,,,,,,,,,,,,,,,,,,,,,,,,,,,,
0,15,28,"{'x': 773.3728672323466, 'y': 471.86983937103736, 'elapsedTime': 110130.80000007153}",936801616950,5260019123,POINT (0.4027983683501805 0.4369165179361457),,,,,,,,,,,,,,,,,,,,,,,,,,,,,,,,,,,,,,,,,,,,,,,,,,,,,,,,,,,,,,,,,,,,,,,,,,,,,,,,,,,,,,,,,,,,,,,,,,,,,
0,15,28,"{'x': 773.3728672323466, 'y': 471.86983937103736, 'elapsedTime': 110130.80000007153}",936801633617,5260035790,POINT (0.4027983683501805 0.4369165179361457),,,,,,,,,,,,,,,,,,,,,,,,,,,,,,,,,,,,,,,,,,,,,,,,,,,,,,,,,,,,,,,,,,,,,,,,,,,,,,,,,,,,,,,,,,,,,,,,,,,,,
0,15,28,"{'x': 706.6266986980486, 'y': 436.67629444942435, 'elapsedTime': 110185.60000002384}",936801650284,5260052456,POINT (0.3680347389052336 0.4043299022679855),,,,,,,,,,,,,,,,,,,,,,,,,,,,,,,,,,,,,,,,,,,,,,,,,,,,,,,,,,,,,,,,,,,,,,,,,,,,,,,,,,,,,,,,,,,,,,,,,,,,,
0,15,28,"{'x': 706.6266986980486, 'y': 436.67629444942435, 'elapsedTime': 110185.60000002384}",936801666951,5260069123,POINT (0.3680347389052336 0.4043299022679855),,,,,,,,,,,,,,,,,,,,,,,,,,,,,,,,,,,,,,,,,,,,,,,,,,,,,,,,,,,,,,,,,,,,,,,,,,,,,,,,,,,,,,,,,,,,,,,,,,,,,
0,15,28,"{'x': 706.6266986980486, 'y': 436.67629444942435, 'elapsedTime': 110185.60000002384}",936801683621,5260085792,POINT (0.3680347389052336 0.4043299022679855),,,,,,,,,,,,,,,,,,,,,,,,,,,,,,,,,,,,,,,,,,,,,,,,,,,,,,,,,,,,,,,,,,,,,,,,,,,,,,,,,,,,,,,,,,,,,,,,,,,,,
0,15,28,"{'x': 666.6325922189338, 'y': 504.4069363961354, 'elapsedTime': 110236.10000002384}",936801700287,5260102458,POINT (0.347204475114028 0.4670434596260513),,,,,,,,,,,,,,,,,,,,,,,,,,,,,,,,,,,,,,,,,,,,,,,,,,,,,,,,,,,,,,,,,,,,,,,,,,,,,,,,,,,,,,,,,,,,,,,,,,,,,
0,15,28,"{'x': 666.6325922189338, 'y': 504.4069363961354, 'elapsedTime': 110236.10000002384}",936801716955,5260119125,POINT (0.347204475114028 0.4670434596260513),,,,,,,,,,,,,,,,,,,,,,,,,,,,,,,,,,,,,,,,,,,,,,,,,,,,,,,,,,,,,,,,,,,,,,,,,,,,,,,,,,,,,,,,,,,,,,,,,,,,,
0,15,28,"{'x': 666.6325922189338, 'y': 504.4069363961354, 'elapsedTime': 110236.10000002384}",936801733622,5260135792,POINT (0.347204475114028 0.4670434596260513),,,,,,,,,,,,,,,,,,,,,,,,,,,,,,,,,,,,,,,,,,,,,,,,,,,,,,,,,,,,,,,,,,,,,,,,,,,,,,,,,,,,,,,,,,,,,,,,,,,,,
0,15,28,"{'x': 480.72924743970077, 'y': 514.4409650641909, 'elapsedTime': 110288.30000007153}",936801750289,5260152458,POINT (0.2503798163748441 0.4763342269112878),,,,,,,,,,,,,,,,,,,,,,,,,,,,,,,,,,,,,,,,,,,,,,,,,,,,,,,,,,,,,,,,,,,,,,,,,,,,,,,,,,,,,,,,,,,,,,,,,,,,,
0,15,28,"{'x': 480.72924743970077, 'y': 514.4409650641909, 'elapsedTime': 110288.30000007153}",936801766956,5260169125,POINT (0.2503798163748441 0.4763342269112878),,,,,,,,,,,,,,,,,,,,,,,,,,,,,,,,,,,,,,,,,,,,,,,,,,,,,,,,,,,,,,,,,,,,,,,,,,,,,,,,,,,,,,,,,,,,,,,,,,,,,
0,15,28,"{'x': 480.72924743970077, 'y': 514.4409650641909, 'elapsedTime': 110288.30000007153}",936801783624,5260185792,POINT (0.2503798163748441 0.4763342269112878),,,,,,,,,,,,,,,,,,,,,,,,,,,,,,,,,,,,,,,,,,,,,,,,,,,,,,,,,,,,,,,,,,,,,,,,,,,,,,,,,,,,,,,,,,,,,,,,,,,,,
0,15,28,"{'x': 480.72924743970077, 'y': 514.4409650641909, 'elapsedTime': 110288.30000007153}",936801800290,5260202458,POINT (0.2503798163748441 0.4763342269112878),,,,,,,,,,,,,,,,,,,,,,,,,,,,,,,,,,,,,,,,,,,,,,,,,,,,,,,,,,,,,,,,,,,,,,,,,,,,,,,,,,,,,,,,,,,,,,,,,,,,,
0,15,28,"{'x': 432.83146819109743, 'y': 521.0379461194054, 'elapsedTime': 110341.60000002384}",936801816964,5260219131,POINT (0.2254330563495299 0.4824425427031532),,,,,,,,,,,,,,,,,,,,,,,,,,,,,,,,,,,,,,,,,,,,,,,,,,,,,,,,,,,,,,,,,,,,,,,,,,,,,,,,,,,,,,,,,,,,,,,,,,,,,
0,15,28,"{'x': 432.83146819109743, 'y': 521.0379461194054, 'elapsedTime': 110341.60000002384}",936801833631,5260235798,POINT (0.2254330563495299 0.4824425427031532),,,,,,,,,,,,,,,,,,,,,,,,,,,,,,,,,,,,,,,,,,,,,,,,,,,,,,,,,,,,,,,,,,,,,,,,,,,,,,,,,,,,,,,,,,,,,,,,,,,,,
0,15,28,"{'x': 432.83146819109743, 'y': 521.0379461194054, 'elapsedTime': 110341.60000002384}",936801850299,5260252464,POINT (0.2254330563495299 0.4824425427031532),,,,,,,,,,,,,,,,,,,,,,,,,,,,,,,,,,,,,,,,,,,,,,,,,,,,,,,,,,,,,,,,,,,,,,,,,,,,,,,,,,,,,,,,,,,,,,,,,,,,,
0,15,28,"{'x': 364.919945424681, 'y': 562.0647028202706, 'elapsedTime': 110393.89999997616}",936801866966,5260269131,POINT (0.1900624715753547 0.5204302803891394),,,,,,,,,,,,,,,,,,,,,,,,,,,,,,,,,,,,,,,,,,,,,,,,,,,,,,,,,,,,,,,,,,,,,,,,,,,,,,,,,,,,,,,,,,,,,,,,,,,,,
0,15,28,"{'x': 364.919945424681, 'y': 562.0647028202706, 'elapsedTime': 110393.89999997616}",936801883633,5260285797,POINT (0.1900624715753547 0.5204302803891394),,,,,,,,,,,,,,,,,,,,,,,,,,,,,,,,,,,,,,,,,,,,,,,,,,,,,,,,,,,,,,,,,,,,,,,,,,,,,,,,,,,,,,,,,,,,,,,,,,,,,
0,15,28,"{'x': 364.919945424681, 'y': 562.0647028202706, 'elapsedTime': 110393.89999997616}",936801900300,5260302464,POINT (0.1900624715753547 0.5204302803891394),,,,,,,,,,,,,,,,,,,,,,,,,,,,,,,,,,,,,,,,,,,,,,,,,,,,,,,,,,,,,,,,,,,,,,,,,,,,,,,,,,,,,,,,,,,,,,,,,,,,,
0,15,28,"{'x': 372.8195345218854, 'y': 492.329763760971, 'elapsedTime': 110446}",936801916968,5260319131,POINT (0.1941768408968153 0.4558608923712694),,,,,,,,,,,,,,,,,,,,,,,,,,,,,,,,,,,,,,,,,,,,,,,,,,,,,,,,,,,,,,,,,,,,,,,,,,,,,,,,,,,,,,,,,,,,,,,,,,,,,
0,15,28,"{'x': 372.8195345218854, 'y': 492.329763760971, 'elapsedTime': 110446}",936801933635,5260335798,POINT (0.1941768408968153 0.4558608923712694),,,,,,,,,,,,,,,,,,,,,,,,,,,,,,,,,,,,,,,,,,,,,,,,,,,,,,,,,,,,,,,,,,,,,,,,,,,,,,,,,,,,,,,,,,,,,,,,,,,,,
0,15,28,"{'x': 372.8195345218854, 'y': 492.329763760971, 'elapsedTime': 110446}",936801950305,5260352467,POINT (0.1941768408968153 0.4558608923712694),,,,,,,,,,,,,,,,,,,,,,,,,,,,,,,,,,,,,,,,,,,,,,,,,,,,,,,,,,,,,,,,,,,,,,,,,,,,,,,,,,,,,,,,,,,,,,,,,,,,,
0,15,28,"{'x': 414.2423822151834, 'y': 449.81634383782125, 'elapsedTime': 110498.60000002384}",936801966972,5260369134,POINT (0.2157512407370747 0.4164966146646493),,,,,,,,,,,,,,,,,,,,,,,,,,,,,,,,,,,,,,,,,,,,,,,,,,,,,,,,,,,,,,,,,,,,,,,,,,,,,,,,,,,,,,,,,,,,,,,,,,,,,
0,15,28,"{'x': 414.2423822151834, 'y': 449.81634383782125, 'elapsedTime': 110498.60000002384}",936801983640,5260385801,POINT (0.2157512407370747 0.4164966146646493),,,,,,,,,,,,,,,,,,,,,,,,,,,,,,,,,,,,,,,,,,,,,,,,,,,,,,,,,,,,,,,,,,,,,,,,,,,,,,,,,,,,,,,,,,,,,,,,,,,,,
0,15,28,"{'x': 414.2423822151834, 'y': 449.81634383782125, 'elapsedTime': 110498.60000002384}",936802000306,5260402467,POINT (0.2157512407370747 0.4164966146646493),,,,,,,,,,,,,,,,,,,,,,,,,,,,,,,,,,,,,,,,,,,,,,,,,,,,,,,,,,,,,,,,,,,,,,,,,,,,,,,,,,,,,,,,,,,,,,,,,,,,,
0,15,28,"{'x': 444.81724466298937, 'y': 371.0989534276847, 'elapsedTime': 110549.60000002384}",936802016974,5260419134,POINT (0.2316756482619736 0.343610142062671),,,,,,,,,,,,,,,,,,,,,,,,,,,,,,,,,,,,,,,,,,,,,,,,,,,,,,,,,,,,,,,,,,,,,,,,,,,,,,,,,,,,,,,,,,,,,,,,,,,,,
0,15,28,"{'x': 444.81724466298937, 'y': 371.0989534276847, 'elapsedTime': 110549.60000002384}",936802033641,5260435801,POINT (0.2316756482619736 0.343610142062671),,,,,,,,,,,,,,,,,,,,,,,,,,,,,,,,,,,,,,,,,,,,,,,,,,,,,,,,,,,,,,,,,,,,,,,,,,,,,,,,,,,,,,,,,,,,,,,,,,,,,
0,15,28,"{'x': 444.81724466298937, 'y': 371.0989534276847, 'elapsedTime': 110549.60000002384}",936802050308,5260452467,POINT (0.2316756482619736 0.343610142062671),,,,,,,,,,,,,,,,,,,,,,,,,,,,,,,,,,,,,,,,,,,,,,,,,,,,,,,,,,,,,,,,,,,,,,,,,,,,,,,,,,,,,,,,,,,,,,,,,,,,,
0,15,28,"{'x': 500.7201722830933, 'y': 344.49484221674703, 'elapsedTime': 110606.10000002384}",936802066975,5260469134,POINT (0.2607917563974444 0.3189767057562473),,,,,,,,,,,,,,,,,,,,,,,,,,,,,,,,,,,,,,,,,,,,,,,,,,,,,,,,,,,,,,,,,,,,,,,,,,,,,,,,,,,,,,,,,,,,,,,,,,,,,
0,15,28,"{'x': 500.7201722830933, 'y': 344.49484221674703, 'elapsedTime': 110606.10000002384}",936802083649,5260485807,POINT (0.2607917563974444 0.3189767057562473),,,,,,,,,,,,,,,,,,,,,,,,,,,,,,,,,,,,,,,,,,,,,,,,,,,,,,,,,,,,,,,,,,,,,,,,,,,,,,,,,,,,,,,,,,,,,,,,,,,,,
0,15,28,"{'x': 500.7201722830933, 'y': 344.49484221674703, 'elapsedTime': 110606.10000002384}",936802100317,5260502474,POINT (0.2607917563974444 0.3189767057562473),,,,,,,,,,,,,,,,,,,,,,,,,,,,,,,,,,,,,,,,,,,,,,,,,,,,,,,,,,,,,,,,,,,,,,,,,,,,,,,,,,,,,,,,,,,,,,,,,,,,,
0,15,28,"{'x': 500.7201722830933, 'y': 344.49484221674703, 'elapsedTime': 110606.10000002384}",936802116985,5260519141,POINT (0.2607917563974444 0.3189767057562473),,,,,,,,,,,,,,,,,,,,,,,,,,,,,,,,,,,,,,,,,,,,,,,,,,,,,,,,,,,,,,,,,,,,,,,,,,,,,,,,,,,,,,,,,,,,,,,,,,,,,
0,15,28,"{'x': 509.1795055337194, 'y': 331.9964405355174, 'elapsedTime': 110661}",936802133651,5260535807,POINT (0.2651976591321456 0.3074041116069606),,,,,,,,,,,,,,,,,,,,,,,,,,,,,,,,,,,,,,,,,,,,,,,,,,,,,,,,,,,,,,,,,,,,,,,,,,,,,,,,,,,,,,,,,,,,,,,,,,,,,
0,15,28,"{'x': 509.1795055337194, 'y': 331.9964405355174, 'elapsedTime': 110661}",936802150318,5260552474,POINT (0.2651976591321456 0.3074041116069606),,,,,,,,,,,,,,,,,,,,,,,,,,,,,,,,,,,,,,,,,,,,,,,,,,,,,,,,,,,,,,,,,,,,,,,,,,,,,,,,,,,,,,,,,,,,,,,,,,,,,
0,15,28,"{'x': 509.1795055337194, 'y': 331.9964405355174, 'elapsedTime': 110661}",936802166986,5260569141,POINT (0.2651976591321456 0.3074041116069606),,,,,,,,,,,,,,,,,,,,,,,,,,,,,,,,,,,,,,,,,,,,,,,,,,,,,,,,,,,,,,,,,,,,,,,,,,,,,,,,,,,,,,,,,,,,,,,,,,,,,
0,15,28,"{'x': 537.6001466653341, 'y': 327.9717238416531, 'elapsedTime': 110719.70000004768}",936802183652,5260585807,POINT (0.2800000763881948 0.3036775220756047),,,,,,,,,,,,,,,,,,,,,,,,,,,,,,,,,,,,,,,,,,,,,,,,,,,,,,,,,,,,,,,,,,,,,,,,,,,,,,,,,,,,,,,,,,,,,,,,,,,,,
0,15,28,"{'x': 537.6001466653341, 'y': 327.9717238416531, 'elapsedTime': 110719.70000004768}",936802200325,5260602479,POINT (0.2800000763881948 0.3036775220756047),,,,,,,,,,,,,,,,,,,,,,,,,,,,,,,,,,,,,,,,,,,,,,,,,,,,,,,,,,,,,,,,,,,,,,,,,,,,,,,,,,,,,,,,,,,,,,,,,,,,,
0,15,28,"{'x': 537.6001466653341, 'y': 327.9717238416531, 'elapsedTime': 110719.70000004768}",936802216992,5260619146,POINT (0.2800000763881948 0.3036775220756047),,,,,,,,,,,,,,,,,,,,,,,,,,,,,,,,,,,,,,,,,,,,,,,,,,,,,,,,,,,,,,,,,,,,,,,,,,,,,,,,,,,,,,,,,,,,,,,,,,,,,
0,15,28,"{'x': 539.0539998980878, 'y': 350.9273931052194, 'elapsedTime': 110768.5}",936802233659,5260635812,POINT (0.2807572916135874 0.3249327713937217),,,,,,,,,,,,,,,,,,,,,,,,,,,,,,,,,,,,,,,,,,,,,,,,,,,,,,,,,,,,,,,,,,,,,,,,,,,,,,,,,,,,,,,,,,,,,,,,,,,,,
0,15,28,"{'x': 539.0539998980878, 'y': 350.9273931052194, 'elapsedTime': 110768.5}",936802250326,5260652479,POINT (0.2807572916135874 0.3249327713937217),,,,,,,,,,,,,,,,,,,,,,,,,,,,,,,,,,,,,,,,,,,,,,,,,,,,,,,,,,,,,,,,,,,,,,,,,,,,,,,,,,,,,,,,,,,,,,,,,,,,,
0,15,28,"{'x': 539.0539998980878, 'y': 350.9273931052194, 'elapsedTime': 110768.5}",936802266994,5260669146,POINT (0.2807572916135874 0.3249327713937217),,,,,,,,,,,,,,,,,,,,,,,,,,,,,,,,,,,,,,,,,,,,,,,,,,,,,,,,,,,,,,,,,,,,,,,,,,,,,,,,,,,,,,,,,,,,,,,,,,,,,
0,15,28,"{'x': 526.9992450847682, 'y': 328.0057210652669, 'elapsedTime': 110820.39999997616}",936802283661,5260685813,POINT (0.2744787734816501 0.3037090009863583),,,,,,,,,,,,,,,,,,,,,,,,,,,,,,,,,,,,,,,,,,,,,,,,,,,,,,,,,,,,,,,,,,,,,,,,,,,,,,,,,,,,,,,,,,,,,,,,,,,,,
0,15,28,"{'x': 526.9992450847682, 'y': 328.0057210652669, 'elapsedTime': 110820.39999997616}",936802300328,5260702479,POINT (0.2744787734816501 0.3037090009863583),,,,,,,,,,,,,,,,,,,,,,,,,,,,,,,,,,,,,,,,,,,,,,,,,,,,,,,,,,,,,,,,,,,,,,,,,,,,,,,,,,,,,,,,,,,,,,,,,,,,,
0,15,28,"{'x': 526.9992450847682, 'y': 328.0057210652669, 'elapsedTime': 110820.39999997616}",936802316995,5260719146,POINT (0.2744787734816501 0.3037090009863583),,,,,,,,,,,,,,,,,,,,,,,,,,,,,,,,,,,,,,,,,,,,,,,,,,,,,,,,,,,,,,,,,,,,,,,,,,,,,,,,,,,,,,,,,,,,,,,,,,,,,
0,15,28,"{'x': 575.1805974632344, 'y': 294.2143722796349, 'elapsedTime': 110871.70000004768}",936802333667,5260735817,POINT (0.2995732278454346 0.272420715073736),,,,,,,,,,,,,,,,,,,,,,,,,,,,,,,,,,,,,,,,,,,,,,,,,,,,,,,,,,,,,,,,,,,,,,,,,,,,,,,,,,,,,,,,,,,,,,,,,,,1,1,
0,15,28,"{'x': 575.1805974632344, 'y': 294.2143722796349, 'elapsedTime': 110871.70000004768}",936802350334,5260752483,POINT (0.2995732278454346 0.272420715073736),,,,,,,,,,,,,,,,,,,,,,,,,,,,,,,,,,,,,,,,,,,,,,,,,,,,,,,,,,,,,,,,,,,,,,,,,,,,,,,,,,,,,,,,,,,,,,,,,,,1,1,
0,15,28,"{'x': 575.1805974632344, 'y': 294.2143722796349, 'elapsedTime': 110871.70000004768}",936802367002,5260769150,POINT (0.2995732278454346 0.272420715073736),,,,,,,,,,,,,,,,,,,,,,,,,,,,,,,,,,,,,,,,,,,,,,,,,,,,,,,,,,,,,,,,,,,,,,,,,,,,,,,,,,,,,,,,,,,,,,,,,,,1,1,
0,15,28,"{'x': 586.8608503853771, 'y': 321.8035442338072, 'elapsedTime': 110920.30000007153}",936802383668,5260785816,POINT (0.3056566929090506 0.2979662446609326),,,,,,,,,,,,,,,,,,,,,,,,,,,,,,,,,,,,,,,,,,,,,,,,,,,,,,,,,,,,,,,,,,,,,,,,,,,,,,,,,,,,,,,,,,,,,,,,,,,,,
0,15,28,"{'x': 586.8608503853771, 'y': 321.8035442338072, 'elapsedTime': 110920.30000007153}",936802400336,5260802483,POINT (0.3056566929090506 0.2979662446609326),,,,,,,,,,,,,,,,,,,,,,,,,,,,,,,,,,,,,,,,,,,,,,,,,,,,,,,,,,,,,,,,,,,,,,,,,,,,,,,,,,,,,,,,,,,,,,,,,,,,,
0,15,28,"{'x': 586.8608503853771, 'y': 321.8035442338072, 'elapsedTime': 110920.30000007153}",936802417003,5260819150,POINT (0.3056566929090506 0.2979662446609326),,,,,,,,,,,,,,,,,,,,,,,,,,,,,,,,,,,,,,,,,,,,,,,,,,,,,,,,,,,,,,,,,,,,,,,,,,,,,,,,,,,,,,,,,,,,,,,,,,,,,
0,15,28,"{'x': 563.8124654025327, 'y': 362.1554442500342, 'elapsedTime': 110970.20000004768}",936802433670,5260835816,POINT (0.2936523257304858 0.335329115046328),,,,,,,,,,,,,,,,,,,,,,,,,,,,,,,,,,,,,,,,,,,,,,,,,,,,,,,,,,,,,,,,,,,,,,,,,,,,,,,,,,,,,,,,,,,,,,,,,,,,,
0,15,28,"{'x': 563.8124654025327, 'y': 362.1554442500342, 'elapsedTime': 110970.20000004768}",936802450337,5260852483,POINT (0.2936523257304858 0.335329115046328),,,,,,,,,,,,,,,,,,,,,,,,,,,,,,,,,,,,,,,,,,,,,,,,,,,,,,,,,,,,,,,,,,,,,,,,,,,,,,,,,,,,,,,,,,,,,,,,,,,,,
0,15,28,"{'x': 563.8124654025327, 'y': 362.1554442500342, 'elapsedTime': 110970.20000004768}",936802467011,5260869156,POINT (0.2936523257304858 0.335329115046328),,,,,,,,,,,,,,,,,,,,,,,,,,,,,,,,,,,,,,,,,,,,,,,,,,,,,,,,,,,,,,,,,,,,,,,,,,,,,,,,,,,,,,,,,,,,,,,,,,,,,
0,15,28,"{'x': 325.0759286300538, 'y': 541.3985962197933, 'elapsedTime': 111020}",936802483677,5260885822,POINT (0.1693103794948197 0.5012949964998086),,,,,,,,,,,,,,,,,,,,,,,,,,,,,,,,,,,,,,,,,,,,,,,,,,,,,,,,,,,,,,,,,,,,,,,,,,,,,,,,,,,,,,,,,,,,,,,,,,,,,
0,15,28,"{'x': 325.0759286300538, 'y': 541.3985962197933, 'elapsedTime': 111020}",936802500345,5260902489,POINT (0.1693103794948197 0.5012949964998086),,,,,,,,,,,,,,,,,,,,,,,,,,,,,,,,,,,,,,,,,,,,,,,,,,,,,,,,,,,,,,,,,,,,,,,,,,,,,,,,,,,,,,,,,,,,,,,,,,,,,
0,15,28,"{'x': 325.0759286300538, 'y': 541.3985962197933, 'elapsedTime': 111020}",936802517011,5260919155,POINT (0.1693103794948197 0.5012949964998086),,,,,,,,,,,,,,,,,,,,,,,,,,,,,,,,,,,,,,,,,,,,,,,,,,,,,,,,,,,,,,,,,,,,,,,,,,,,,,,,,,,,,,,,,,,,,,,,,,,,,
0,15,28,"{'x': 257.62620129492757, 'y': 722.7161450730413, 'elapsedTime': 111068.39999997616}",936802533679,5260935822,POINT (0.1341803131744414 0.6691816158083715),,,,,,,,,,,,,,,,,,,,,,,,,,,,,,,,,,,,,,,,,,,,,,,,,,,,,,,,,,,,,,,,,,,,,,,,,,,,,,,,,,,,,,,,,,,,,,,,,,,,,
0,15,28,"{'x': 257.62620129492757, 'y': 722.7161450730413, 'elapsedTime': 111068.39999997616}",936802550346,5260952489,POINT (0.1341803131744414 0.6691816158083715),,,,,,,,,,,,,,,,,,,,,,,,,,,,,,,,,,,,,,,,,,,,,,,,,,,,,,,,,,,,,,,,,,,,,,,,,,,,,,,,,,,,,,,,,,,,,,,,,,,,,
0,15,28,"{'x': 257.62620129492757, 'y': 722.7161450730413, 'elapsedTime': 111068.39999997616}",936802567013,5260969155,POINT (0.1341803131744414 0.6691816158083715),,,,,,,,,,,,,,,,,,,,,,,,,,,,,,,,,,,,,,,,,,,,,,,,,,,,,,,,,,,,,,,,,,,,,,,,,,,,,,,,,,,,,,,,,,,,,,,,,,,,,
0,15,28,"{'x': 229.68906710097403, 'y': 742.8237557953474, 'elapsedTime': 111119.80000007153}",936802583681,5260985823,POINT (0.119629722448424 0.6877997738845809),,,,,,,,,,,,,,,,,,,,,,,,,,,,,,,,,,,,,,,,,,,,,,,,,,,,,,,,,,,,,,,,,,,,,,,,,,,,,,,,,,,,,,,,,,,,,,,,,,,,,
0,15,28,"{'x': 229.68906710097403, 'y': 742.8237557953474, 'elapsedTime': 111119.80000007153}",936802600352,5261002492,POINT (0.119629722448424 0.6877997738845809),,,,,,,,,,,,,,,,,,,,,,,,,,,,,,,,,,,,,,,,,,,,,,,,,,,,,,,,,,,,,,,,,,,,,,,,,,,,,,,,,,,,,,,,,,,,,,,,,,,,,
0,15,28,"{'x': 229.68906710097403, 'y': 742.8237557953474, 'elapsedTime': 111119.80000007153}",936802617018,5261019158,POINT (0.119629722448424 0.6877997738845809),,,,,,,,,,,,,,,,,,,,,,,,,,,,,,,,,,,,,,,,,,,,,,,,,,,,,,,,,,,,,,,,,,,,,,,,,,,,,,,,,,,,,,,,,,,,,,,,,,,,,
0,15,28,"{'x': 287.9978980117704, 'y': 722.1937439818431, 'elapsedTime': 111174.60000002384}",936802633687,5261035826,POINT (0.1499989052144638 0.6686979110942992),,,,,,,,,,,,,,,,,,,,,,,,,,,,,,,,,,,,,,,,,,,,,,,,,,,,,,,,,,,,,,,,,,,,,,,,,,,,,,,,,,,,,,,,,,,,,,,,,,,,,
0,15,28,"{'x': 287.9978980117704, 'y': 722.1937439818431, 'elapsedTime': 111174.60000002384}",936802650353,5261052492,POINT (0.1499989052144638 0.6686979110942992),,,,,,,,,,,,,,,,,,,,,,,,,,,,,,,,,,,,,,,,,,,,,,,,,,,,,,,,,,,,,,,,,,,,,,,,,,,,,,,,,,,,,,,,,,,,,,,,,,,,,
0,15,28,"{'x': 287.9978980117704, 'y': 722.1937439818431, 'elapsedTime': 111174.60000002384}",936802667021,5261069159,POINT (0.1499989052144638 0.6686979110942992),,,,,,,,,,,,,,,,,,,,,,,,,,,,,,,,,,,,,,,,,,,,,,,,,,,,,,,,,,,,,,,,,,,,,,,,,,,,,,,,,,,,,,,,,,,,,,,,,,,,,
0,15,28,"{'x': 382.0130678585962, 'y': 575.3032553297726, 'elapsedTime': 111220}",936802683688,5261085826,POINT (0.1989651395096855 0.532688199379419),,,,,,,,,,,,,,,,,,,,,,,,,,,,,,,,,,,,,,,,,,,,,,,,,,,,,,,,,,,,,,,,,,,,,,,,,,,,,,,,,,,,,,,,,,,,,,,,,,,,,
0,15,28,"{'x': 382.0130678585962, 'y': 575.3032553297726, 'elapsedTime': 111220}",936802700355,5261102492,POINT (0.1989651395096855 0.532688199379419),,,,,,,,,,,,,,,,,,,,,,,,,,,,,,,,,,,,,,,,,,,,,,,,,,,,,,,,,,,,,,,,,,,,,,,,,,,,,,,,,,,,,,,,,,,,,,,,,,,,,
0,15,28,"{'x': 382.0130678585962, 'y': 575.3032553297726, 'elapsedTime': 111220}",936802717022,5261119159,POINT (0.1989651395096855 0.532688199379419),,,,,,,,,,,,,,,,,,,,,,,,,,,,,,,,,,,,,,,,,,,,,,,,,,,,,,,,,,,,,,,,,,,,,,,,,,,,,,,,,,,,,,,,,,,,,,,,,,,,,
0,15,28,"{'x': 472.0508702358038, 'y': 435.25977797753933, 'elapsedTime': 111267.20000004768}",936802733695,5261135831,POINT (0.2458598282478145 0.4030183129421661),,,,,,,,,,,,,,,,,,,,,,,,,,,,,,,,,,,,,,,,,,,,,,,,,,,,,,,,,,,,,,,,,,,,,,,,,,,,,,,,,,,,,,,,,,,,,,,,,,,,,
0,15,28,"{'x': 472.0508702358038, 'y': 435.25977797753933, 'elapsedTime': 111267.20000004768}",936802750361,5261152497,POINT (0.2458598282478145 0.4030183129421661),,,,,,,,,,,,,,,,,,,,,,,,,,,,,,,,,,,,,,,,,,,,,,,,,,,,,,,,,,,,,,,,,,,,,,,,,,,,,,,,,,,,,,,,,,,,,,,,,,,,,
0,15,28,"{'x': 472.0508702358038, 'y': 435.25977797753933, 'elapsedTime': 111267.20000004768}",936802767029,5261169164,POINT (0.2458598282478145 0.4030183129421661),,,,,,,,,,,,,,,,,,,,,,,,,,,,,,,,,,,,,,,,,,,,,,,,,,,,,,,,,,,,,,,,,,,,,,,,,,,,,,,,,,,,,,,,,,,,,,,,,,,,,
0,15,28,"{'x': 431.6279152672056, 'y': 350.44299919037235, 'elapsedTime': 111313.10000002384}",936802783695,5261185830,POINT (0.2248062058683362 0.324484258509604),,,,,,,,,,,,,,,,,,,,,,,,,,,,,,,,,,,,,,,,,,,,,,,,,,,,,,,,,,,,,,,,,,,,,,,,,,,,,,,,,,,,,,,,,,,,,,,,,,,,,
0,15,28,"{'x': 431.6279152672056, 'y': 350.44299919037235, 'elapsedTime': 111313.10000002384}",936802800363,5261202497,POINT (0.2248062058683362 0.324484258509604),,,,,,,,,,,,,,,,,,,,,,,,,,,,,,,,,,,,,,,,,,,,,,,,,,,,,,,,,,,,,,,,,,,,,,,,,,,,,,,,,,,,,,,,,,,,,,,,,,,,,
0,15,28,"{'x': 431.6279152672056, 'y': 350.44299919037235, 'elapsedTime': 111313.10000002384}",936802817030,5261219164,POINT (0.2248062058683362 0.324484258509604),,,,,,,,,,,,,,,,,,,,,,,,,,,,,,,,,,,,,,,,,,,,,,,,,,,,,,,,,,,,,,,,,,,,,,,,,,,,,,,,,,,,,,,,,,,,,,,,,,,,,
0,15,28,"{'x': 446.2009280968238, 'y': 230.53340682516824, 'elapsedTime': 111361.10000002384}",936802833697,5261235830,POINT (0.2323963167170957 0.2134568581714521),,,,,,,,,,,,,,,,,,,,,,,,,,,,,,1,,,,,,,,,,,,,,,,,,,,,,,,,,,,,,,,,,,,,,,,,,,,,,,,,,,,,,,,,,,,,,,,,,,,,,1,
0,15,28,"{'x': 446.2009280968238, 'y': 230.53340682516824, 'elapsedTime': 111361.10000002384}",936802850365,5261252497,POINT (0.2323963167170957 0.2134568581714521),,,,,,,,,,,,,,,,,,,,,,,,,,,,,,1,,,,,,,,,,,,,,,,,,,,,,,,,,,,,,,,,,,,,,,,,,,,,,,,,,,,,,,,,,,,,,,,,,,,,,1,
0,15,28,"{'x': 616.4614104294461, 'y': 178.5545028227084, 'elapsedTime': 111409.20000004768}",936802867037,5261269168,POINT (0.3210736512653366 0.1653282433543596),,,,,,,,,,,,,,,,,,,,,,,,,,,,,,,,,,,,,,,,,,,,,,,,,,,,,,,,,,,,,,,,,,,,,,,,,,,,,,,,,,,,,,,,,,,,,,,,,,,1,,
0,15,28,"{'x': 616.4614104294461, 'y': 178.5545028227084, 'elapsedTime': 111409.20000004768}",936802883703,5261285834,POINT (0.3210736512653366 0.1653282433543596),,,,,,,,,,,,,,,,,,,,,,,,,,,,,,,,,,,,,,,,,,,,,,,,,,,,,,,,,,,,,,,,,,,,,,,,,,,,,,,,,,,,,,,,,,,,,,,,,,,1,,
0,15,28,"{'x': 616.4614104294461, 'y': 178.5545028227084, 'elapsedTime': 111409.20000004768}",936802900371,5261302501,POINT (0.3210736512653366 0.1653282433543596),,,,,,,,,,,,,,,,,,,,,,,,,,,,,,,,,,,,,,,,,,,,,,,,,,,,,,,,,,,,,,,,,,,,,,,,,,,,,,,,,,,,,,,,,,,,,,,,,,,1,,
0,15,28,"{'x': 639.5902135613657, 'y': 265.747676389767, 'elapsedTime': 111458.39999997616}",936802917037,5261319167,POINT (0.3331199028965446 0.2460626633238583),,,,,,,,,,,,,,,,,,,,,,,,,,,,,,,,,,,,,,,,,,,,,,,,,,,,,,,,1,,,,,,,,,,,,,,,,,,,,,,,,,,,,,,,,,,,,,,,,,,,,1,
0,15,28,"{'x': 639.5902135613657, 'y': 265.747676389767, 'elapsedTime': 111458.39999997616}",936802933705,5261335834,POINT (0.3331199028965446 0.2460626633238583),,,,,,,,,,,,,,,,,,,,,,,,,,,,,,,,,,,,,,,,,,,,,,,,,,,,,,,,1,,,,,,,,,,,,,,,,,,,,,,,,,,,,,,,,,,,,,,,,,,,,1,
0,15,28,"{'x': 639.5902135613657, 'y': 265.747676389767, 'elapsedTime': 111458.39999997616}",936802950372,5261352501,POINT (0.3331199028965446 0.2460626633238583),,,,,,,,,,,,,,,,,,,,,,,,,,,,,,,,,,,,,,,,,,,,,,,,,,,,,,,,1,,,,,,,,,,,,,,,,,,,,,,,,,,,,,,,,,,,,,,,,,,,,1,
0,15,28,"{'x': 646.3241940697795, 'y': 328.5516473858929, 'elapsedTime': 111510.5}",936802967039,5261369167,POINT (0.3366271844113435 0.3042144883202712),,,,,,,,,,,,,,,,,,,,,,,,,,,,,,,,,,,,,,,,,,,,,,,,,,,,,,,,,,,,,,,,,,,,,,,,,,,,,,,,,,,,,,,,,,,,,,,,,,,,1,
0,15,28,"{'x': 646.3241940697795, 'y': 328.5516473858929, 'elapsedTime': 111510.5}",936802983706,5261385834,POINT (0.3366271844113435 0.3042144883202712),,,,,,,,,,,,,,,,,,,,,,,,,,,,,,,,,,,,,,,,,,,,,,,,,,,,,,,,,,,,,,,,,,,,,,,,,,,,,,,,,,,,,,,,,,,,,,,,,,,,1,
0,15,28,"{'x': 646.3241940697795, 'y': 328.5516473858929, 'elapsedTime': 111510.5}",936803000380,5261402507,POINT (0.3366271844113435 0.3042144883202712),,,,,,,,,,,,,,,,,,,,,,,,,,,,,,,,,,,,,,,,,,,,,,,,,,,,,,,,,,,,,,,,,,,,,,,,,,,,,,,,,,,,,,,,,,,,,,,,,,,,1,
0,15,28,"{'x': 646.3241940697795, 'y': 328.5516473858929, 'elapsedTime': 111510.5}",936803017047,5261419174,POINT (0.3366271844113435 0.3042144883202712),,,,,,,,,,,,,,,,,,,,,,,,,,,,,,,,,,,,,,,,,,,,,,,,,,,,,,,,,,,,,,,,,,,,,,,,,,,,,,,,,,,,,,,,,,,,,,,,,,,,1,
0,15,28,"{'x': 646.3241940697795, 'y': 328.5516473858929, 'elapsedTime': 111510.5}",936803033714,5261435840,POINT (0.3366271844113435 0.3042144883202712),,,,,,,,,,,,,,,,,,,,,,,,,,,,,,,,,,,,,,,,,,,,,,,,,,,,,,,,,,,,,,,,,,,,,,,,,,,,,,,,,,,,,,,,,,,,,,,,,,,,1,
0,15,28,"{'x': 736.8449585299301, 'y': 309.55450881493744, 'elapsedTime': 111568.89999997616}",936803050380,5261452506,POINT (0.3837734159010052 0.2866245451990162),,,,,,,,,,,,,,,,,,,,,,,,,,,,,,,,,,,,,,,,,,,,,,,,,,,,,,,,,,,,,,,,,,,,,,,,,,,,,,,,,,,,,,,,,,,,,,,,,,,1,1,
0,15,28,"{'x': 736.8449585299301, 'y': 309.55450881493744, 'elapsedTime': 111568.89999997616}",936803067048,5261469173,POINT (0.3837734159010052 0.2866245451990162),,,,,,,,,,,,,,,,,,,,,,,,,,,,,,,,,,,,,,,,,,,,,,,,,,,,,,,,,,,,,,,,,,,,,,,,,,,,,,,,,,,,,,,,,,,,,,,,,,,1,1,
0,15,28,"{'x': 736.8449585299301, 'y': 309.55450881493744, 'elapsedTime': 111568.89999997616}",936803083715,5261485840,POINT (0.3837734159010052 0.2866245451990162),,,,,,,,,,,,,,,,,,,,,,,,,,,,,,,,,,,,,,,,,,,,,,,,,,,,,,,,,,,,,,,,,,,,,,,,,,,,,,,,,,,,,,,,,,,,,,,,,,,1,1,
0,15,28,"{'x': 652.9295620874664, 'y': 276.9016766631497, 'elapsedTime': 111636.30000007153}",936803100383,5261502506,POINT (0.3400674802538887 0.2563904413547682),,,,,,,,,,,,,,,,,,,,,,,,,,,,,,,,,,,,,,,,,,,,,,,,,,,,,,,,,,,,,,,,,,,,,,,,,,,,,,,,,,,,,,,,,,,,,,,,,,,1,1,
0,15,28,"{'x': 652.9295620874664, 'y': 276.9016766631497, 'elapsedTime': 111636.30000007153}",936803117056,5261519179,POINT (0.3400674802538887 0.2563904413547682),,,,,,,,,,,,,,,,,,,,,,,,,,,,,,,,,,,,,,,,,,,,,,,,,,,,,,,,,,,,,,,,,,,,,,,,,,,,,,,,,,,,,,,,,,,,,,,,,,,1,1,
0,15,28,"{'x': 652.9295620874664, 'y': 276.9016766631497, 'elapsedTime': 111636.30000007153}",936803133720,5261535843,POINT (0.3400674802538887 0.2563904413547682),,,,,,,,,,,,,,,,,,,,,,,,,,,,,,,,,,,,,,,,,,,,,,,,,,,,,,,,,,,,,,,,,,,,,,,,,,,,,,,,,,,,,,,,,,,,,,,,,,,1,1,
0,15,28,"{'x': 643.6577633126547, 'y': 420.72551186036435, 'elapsedTime': 111687.30000007153}",936803150387,5261552509,POINT (0.3352384183920076 0.389560659129967),,,,,,,,,,,,,,,,,,,,,,,,,,,,,,,,,,,,,,,,,,,,,,,,,,,,,,,,,,,,,,,,,,,,,,,,,,,,,,,,,,,,,,,,,,,,,,,,,,,,,
0,15,28,"{'x': 643.6577633126547, 'y': 420.72551186036435, 'elapsedTime': 111687.30000007153}",936803167054,5261569176,POINT (0.3352384183920076 0.389560659129967),,,,,,,,,,,,,,,,,,,,,,,,,,,,,,,,,,,,,,,,,,,,,,,,,,,,,,,,,,,,,,,,,,,,,,,,,,,,,,,,,,,,,,,,,,,,,,,,,,,,,
0,15,28,"{'x': 643.6577633126547, 'y': 420.72551186036435, 'elapsedTime': 111687.30000007153}",936803183722,5261585843,POINT (0.3352384183920076 0.389560659129967),,,,,,,,,,,,,,,,,,,,,,,,,,,,,,,,,,,,,,,,,,,,,,,,,,,,,,,,,,,,,,,,,,,,,,,,,,,,,,,,,,,,,,,,,,,,,,,,,,,,,
0,15,28,"{'x': 669.7498670931079, 'y': 500.58447672712265, 'elapsedTime': 111741.20000004768}",936803200388,5261602509,POINT (0.3488280557776604 0.4635041451177062),,,,,,,,,,,,,,,,,,,,,,,,,,,,,,,,,,,,,,,,,,,,,,,,,,,,,,,,,,,,,,,,,,,,,,,,,,,,,,,,,,,,,,,,,,,,,,,,,,,,,
0,15,28,"{'x': 669.7498670931079, 'y': 500.58447672712265, 'elapsedTime': 111741.20000004768}",936803217056,5261619176,POINT (0.3488280557776604 0.4635041451177062),,,,,,,,,,,,,,,,,,,,,,,,,,,,,,,,,,,,,,,,,,,,,,,,,,,,,,,,,,,,,,,,,,,,,,,,,,,,,,,,,,,,,,,,,,,,,,,,,,,,,
0,15,28,"{'x': 669.7498670931079, 'y': 500.58447672712265, 'elapsedTime': 111741.20000004768}",936803233723,5261635843,POINT (0.3488280557776604 0.4635041451177062),,,,,,,,,,,,,,,,,,,,,,,,,,,,,,,,,,,,,,,,,,,,,,,,,,,,,,,,,,,,,,,,,,,,,,,,,,,,,,,,,,,,,,,,,,,,,,,,,,,,,
0,15,28,"{'x': 669.7498670931079, 'y': 500.58447672712265, 'elapsedTime': 111741.20000004768}",936803250394,5261652513,POINT (0.3488280557776604 0.4635041451177062),,,,,,,,,,,,,,,,,,,,,,,,,,,,,,,,,,,,,,,,,,,,,,,,,,,,,,,,,,,,,,,,,,,,,,,,,,,,,,,,,,,,,,,,,,,,,,,,,,,,,
0,15,28,"{'x': 741.787706179459, 'y': 397.24426155627106, 'elapsedTime': 111793.39999997616}",936803267060,5261669179,POINT (0.3863477636351348 0.367818760700251),,,,,,,,,,,,,,,,,,,,,,,,,,,,,,,,,,,,,,,,,,,,,,,,,,,,,,,,,,,,,,,,,,,,,,,,,,,,,,,,,,,,,,,,,,,,,,,,,,,,,
0,15,28,"{'x': 741.787706179459, 'y': 397.24426155627106, 'elapsedTime': 111793.39999997616}",936803283730,5261685848,POINT (0.3863477636351348 0.367818760700251),,,,,,,,,,,,,,,,,,,,,,,,,,,,,,,,,,,,,,,,,,,,,,,,,,,,,,,,,,,,,,,,,,,,,,,,,,,,,,,,,,,,,,,,,,,,,,,,,,,,,
0,15,28,"{'x': 741.787706179459, 'y': 397.24426155627106, 'elapsedTime': 111793.39999997616}",936803300397,5261702515,POINT (0.3863477636351348 0.367818760700251),,,,,,,,,,,,,,,,,,,,,,,,,,,,,,,,,,,,,,,,,,,,,,,,,,,,,,,,,,,,,,,,,,,,,,,,,,,,,,,,,,,,,,,,,,,,,,,,,,,,,
0,15,28,"{'x': 756.8672073692678, 'y': 380.65436207959783, 'elapsedTime': 111847.30000007153}",936803317064,5261719181,POINT (0.394201670504827 0.3524577426662943),,,,,,,,,,,,,,,,,,,,,,,,,,,,,,,,,,,,,,,,,,,,,,,,,,,,,,,,,,,,,,,,,,,,,,,,,,,,,,,,,,,,,,,,,,,,,,,,,,,,,
0,15,28,"{'x': 756.8672073692678, 'y': 380.65436207959783, 'elapsedTime': 111847.30000007153}",936803333731,5261735848,POINT (0.394201670504827 0.3524577426662943),,,,,,,,,,,,,,,,,,,,,,,,,,,,,,,,,,,,,,,,,,,,,,,,,,,,,,,,,,,,,,,,,,,,,,,,,,,,,,,,,,,,,,,,,,,,,,,,,,,,,
0,15,28,"{'x': 756.8672073692678, 'y': 380.65436207959783, 'elapsedTime': 111847.30000007153}",936803350400,5261752515,POINT (0.394201670504827 0.3524577426662943),,,,,,,,,,,,,,,,,,,,,,,,,,,,,,,,,,,,,,,,,,,,,,,,,,,,,,,,,,,,,,,,,,,,,,,,,,,,,,,,,,,,,,,,,,,,,,,,,,,,,
0,15,28,"{'x': 741.1431500501524, 'y': 387.55909061099595, 'elapsedTime': 111903.89999997616}",936803367066,5261769181,POINT (0.3860120573177877 0.3588510098249962),,,,,,,,,,,,,,,,,,,,,,,,,,,,,,,,,,,,,,,,,,,,,,,,,,,,,,,,,,,,,,,,,,,,,,,,,,,,,,,,,,,,,,,,,,,,,,,,,,,,,
0,15,28,"{'x': 741.1431500501524, 'y': 387.55909061099595, 'elapsedTime': 111903.89999997616}",936803383739,5261785853,POINT (0.3860120573177877 0.3588510098249962),,,,,,,,,,,,,,,,,,,,,,,,,,,,,,,,,,,,,,,,,,,,,,,,,,,,,,,,,,,,,,,,,,,,,,,,,,,,,,,,,,,,,,,,,,,,,,,,,,,,,
0,15,28,"{'x': 741.1431500501524, 'y': 387.55909061099595, 'elapsedTime': 111903.89999997616}",936803400406,5261802520,POINT (0.3860120573177877 0.3588510098249962),,,,,,,,,,,,,,,,,,,,,,,,,,,,,,,,,,,,,,,,,,,,,,,,,,,,,,,,,,,,,,,,,,,,,,,,,,,,,,,,,,,,,,,,,,,,,,,,,,,,,
0,15,28,"{'x': 770.5667396020115, 'y': 327.3292821634702, 'elapsedTime': 111958.30000007153}",936803417073,5261819186,POINT (0.4013368435427143 0.3030826686698798),,,,,,,,,,,,,,,,,,,,,,,,,,,,,,,,,,,,,,,,,,,,,,,,,,,,,,,,,,,,,,,,,,,,,,,,,,,,,,,,,,,,,,,,,,,,,,,,,,,,1,
0,15,28,"{'x': 770.5667396020115, 'y': 327.3292821634702, 'elapsedTime': 111958.30000007153}",936803433740,5261835853,POINT (0.4013368435427143 0.3030826686698798),,,,,,,,,,,,,,,,,,,,,,,,,,,,,,,,,,,,,,,,,,,,,,,,,,,,,,,,,,,,,,,,,,,,,,,,,,,,,,,,,,,,,,,,,,,,,,,,,,,,1,
0,15,28,"{'x': 770.5667396020115, 'y': 327.3292821634702, 'elapsedTime': 111958.30000007153}",936803450408,5261852520,POINT (0.4013368435427143 0.3030826686698798),,,,,,,,,,,,,,,,,,,,,,,,,,,,,,,,,,,,,,,,,,,,,,,,,,,,,,,,,,,,,,,,,,,,,,,,,,,,,,,,,,,,,,,,,,,,,,,,,,,,1,
0,15,28,"{'x': 770.5667396020115, 'y': 327.3292821634702, 'elapsedTime': 111958.30000007153}",936803467074,5261869186,POINT (0.4013368435427143 0.3030826686698798),,,,,,,,,,,,,,,,,,,,,,,,,,,,,,,,,,,,,,,,,,,,,,,,,,,,,,,,,,,,,,,,,,,,,,,,,,,,,,,,,,,,,,,,,,,,,,,,,,,,1,
0,15,28,"{'x': 680.4058110095636, 'y': 413.51889321715066, 'elapsedTime': 112011.80000007153}",936803483742,5261885853,POINT (0.3543780265674811 0.3828878640899543),,,,,,,,,,,,,,,,,,,,,,,,,,,,,,,,,,,,,,,,,,,,,,,,,,,,,,,,,,,,,,,,,,,,,,,,,,,,,,,,,,,,,,,,,,,,,,,,,,,,,
0,15,28,"{'x': 680.4058110095636, 'y': 413.51889321715066, 'elapsedTime': 112011.80000007153}",936803500409,5261902520,POINT (0.3543780265674811 0.3828878640899543),,,,,,,,,,,,,,,,,,,,,,,,,,,,,,,,,,,,,,,,,,,,,,,,,,,,,,,,,,,,,,,,,,,,,,,,,,,,,,,,,,,,,,,,,,,,,,,,,,,,,
0,15,28,"{'x': 680.4058110095636, 'y': 413.51889321715066, 'elapsedTime': 112011.80000007153}",936803517081,5261919191,POINT (0.3543780265674811 0.3828878640899543),,,,,,,,,,,,,,,,,,,,,,,,,,,,,,,,,,,,,,,,,,,,,,,,,,,,,,,,,,,,,,,,,,,,,,,,,,,,,,,,,,,,,,,,,,,,,,,,,,,,,
0,15,28,"{'x': 644.0982091816885, 'y': 348.2909821609224, 'elapsedTime': 112068}",936803533748,5261935858,POINT (0.3354678172821294 0.3224916501490022),,,,,,,,,,,,,,,,,,,,,,,,,,,,,,,,,,,,,,,,,,,,,,,,,,,,,,,,,,,,,,,,,,,,,,,,,,,,,,,,,,,,,,,,,,,,,,,,,,,,,
0,15,28,"{'x': 644.0982091816885, 'y': 348.2909821609224, 'elapsedTime': 112068}",936803550415,5261952524,POINT (0.3354678172821294 0.3224916501490022),,,,,,,,,,,,,,,,,,,,,,,,,,,,,,,,,,,,,,,,,,,,,,,,,,,,,,,,,,,,,,,,,,,,,,,,,,,,,,,,,,,,,,,,,,,,,,,,,,,,,
0,15,28,"{'x': 644.0982091816885, 'y': 348.2909821609224, 'elapsedTime': 112068}",936803567082,5261969191,POINT (0.3354678172821294 0.3224916501490022),,,,,,,,,,,,,,,,,,,,,,,,,,,,,,,,,,,,,,,,,,,,,,,,,,,,,,,,,,,,,,,,,,,,,,,,,,,,,,,,,,,,,,,,,,,,,,,,,,,,,
0,15,28,"{'x': 644.0982091816885, 'y': 348.2909821609224, 'elapsedTime': 112068}",936803583749,5261985857,POINT (0.3354678172821294 0.3224916501490022),,,,,,,,,,,,,,,,,,,,,,,,,,,,,,,,,,,,,,,,,,,,,,,,,,,,,,,,,,,,,,,,,,,,,,,,,,,,,,,,,,,,,,,,,,,,,,,,,,,,,
0,15,28,"{'x': 621.6459565637343, 'y': 415.7712777745028, 'elapsedTime': 112130.39999997616}",936803600417,5262002524,POINT (0.3237739357102783 0.3849734053467618),,,,,,,,,,,,,,,,,,,,,,,,,,,,,,,,,,,,,,,,,,,,,,,,,,,,,,,,,,,,,,,,,,,,,,,,,,,,,,,,,,,,,,,,,,,,,,,,,,,,,
0,15,28,"{'x': 621.6459565637343, 'y': 415.7712777745028, 'elapsedTime': 112130.39999997616}",936803617085,5262019191,POINT (0.3237739357102783 0.3849734053467618),,,,,,,,,,,,,,,,,,,,,,,,,,,,,,,,,,,,,,,,,,,,,,,,,,,,,,,,,,,,,,,,,,,,,,,,,,,,,,,,,,,,,,,,,,,,,,,,,,,,,
0,15,28,"{'x': 621.6459565637343, 'y': 415.7712777745028, 'elapsedTime': 112130.39999997616}",936803633752,5262035858,POINT (0.3237739357102783 0.3849734053467618),,,,,,,,,,,,,,,,,,,,,,,,,,,,,,,,,,,,,,,,,,,,,,,,,,,,,,,,,,,,,,,,,,,,,,,,,,,,,,,,,,,,,,,,,,,,,,,,,,,,,
0,15,28,"{'x': 621.6459565637343, 'y': 415.7712777745028, 'elapsedTime': 112130.39999997616}",936803650421,5262052526,POINT (0.3237739357102783 0.3849734053467618),,,,,,,,,,,,,,,,,,,,,,,,,,,,,,,,,,,,,,,,,,,,,,,,,,,,,,,,,,,,,,,,,,,,,,,,,,,,,,,,,,,,,,,,,,,,,,,,,,,,,
0,15,28,"{'x': 699.2988573193707, 'y': 365.89277734760606, 'elapsedTime': 112190}",936803667088,5262069193,POINT (0.3642181548538389 0.3387896086551908),,,,,,,,,,,,,,,,,,,,,,,,,,,,,,,,,,,,,,,,,,,,,,,,,,,,,,,,,,,,,,,,,,,,,,,,,,,,,,,,,,,,,,,,,,,,,,,,,,,,,
0,15,28,"{'x': 699.2988573193707, 'y': 365.89277734760606, 'elapsedTime': 112190}",936803683756,5262085860,POINT (0.3642181548538389 0.3387896086551908),,,,,,,,,,,,,,,,,,,,,,,,,,,,,,,,,,,,,,,,,,,,,,,,,,,,,,,,,,,,,,,,,,,,,,,,,,,,,,,,,,,,,,,,,,,,,,,,,,,,,
0,15,28,"{'x': 699.2988573193707, 'y': 365.89277734760606, 'elapsedTime': 112190}",936803700423,5262102527,POINT (0.3642181548538389 0.3387896086551908),,,,,,,,,,,,,,,,,,,,,,,,,,,,,,,,,,,,,,,,,,,,,,,,,,,,,,,,,,,,,,,,,,,,,,,,,,,,,,,,,,,,,,,,,,,,,,,,,,,,,
0,15,28,"{'x': 582.8402907914499, 'y': 367.34412615652076, 'elapsedTime': 112244.70000004768}",936803717090,5262119193,POINT (0.3035626514538802 0.3401334501449266),,,,,,,,,,,,,,,,,,,,,,,,,,,,,,,,,,,,,,,,,,,,,,,,,,,,,,,,,,,,,,,,,,,,,,,,,,,,,,,,,,,,,,,,,,,,,,,,,,,,,
0,15,28,"{'x': 582.8402907914499, 'y': 367.34412615652076, 'elapsedTime': 112244.70000004768}",936803733756,5262135859,POINT (0.3035626514538802 0.3401334501449266),,,,,,,,,,,,,,,,,,,,,,,,,,,,,,,,,,,,,,,,,,,,,,,,,,,,,,,,,,,,,,,,,,,,,,,,,,,,,,,,,,,,,,,,,,,,,,,,,,,,,
0,15,28,"{'x': 582.8402907914499, 'y': 367.34412615652076, 'elapsedTime': 112244.70000004768}",936803750424,5262152526,POINT (0.3035626514538802 0.3401334501449266),,,,,,,,,,,,,,,,,,,,,,,,,,,,,,,,,,,,,,,,,,,,,,,,,,,,,,,,,,,,,,,,,,,,,,,,,,,,,,,,,,,,,,,,,,,,,,,,,,,,,
0,15,28,"{'x': 493.36256788731805, 'y': 358.4085205899442, 'elapsedTime': 112300.30000007153}",936803767091,5262169193,POINT (0.2569596707746448 0.3318597412869854),,,,,,,,,,,,,,,,,,,,,,,,,,,,,,,,,,,,,,,,,,,,,,,,,,,,,,,,,,,,,,,,,,,,,,,,,,,,,,,,,,,,,,,,,,,,,,,,,,,,,
0,15,28,"{'x': 493.36256788731805, 'y': 358.4085205899442, 'elapsedTime': 112300.30000007153}",936803783764,5262185865,POINT (0.2569596707746448 0.3318597412869854),,,,,,,,,,,,,,,,,,,,,,,,,,,,,,,,,,,,,,,,,,,,,,,,,,,,,,,,,,,,,,,,,,,,,,,,,,,,,,,,,,,,,,,,,,,,,,,,,,,,,
0,15,28,"{'x': 493.36256788731805, 'y': 358.4085205899442, 'elapsedTime': 112300.30000007153}",936803800431,5262202532,POINT (0.2569596707746448 0.3318597412869854),,,,,,,,,,,,,,,,,,,,,,,,,,,,,,,,,,,,,,,,,,,,,,,,,,,,,,,,,,,,,,,,,,,,,,,,,,,,,,,,,,,,,,,,,,,,,,,,,,,,,
0,15,28,"{'x': 471.0340374537093, 'y': 328.01044853913356, 'elapsedTime': 112355.20000004768}",936803817099,5262219199,POINT (0.2453302278404736 0.3037133782769755),,,,,,,,,,,,,,,,,,,,,,,,,,,,,,,,,,,,,,,,,,,,,,,,,,,,,,,,,,,,,,,,,,,,,,,,,,,,,,,,,,,,,,,,,,,,,,,,,,,,,
0,15,28,"{'x': 471.0340374537093, 'y': 328.01044853913356, 'elapsedTime': 112355.20000004768}",936803833766,5262235866,POINT (0.2453302278404736 0.3037133782769755),,,,,,,,,,,,,,,,,,,,,,,,,,,,,,,,,,,,,,,,,,,,,,,,,,,,,,,,,,,,,,,,,,,,,,,,,,,,,,,,,,,,,,,,,,,,,,,,,,,,,
0,15,28,"{'x': 471.0340374537093, 'y': 328.01044853913356, 'elapsedTime': 112355.20000004768}",936803850434,5262252532,POINT (0.2453302278404736 0.3037133782769755),,,,,,,,,,,,,,,,,,,,,,,,,,,,,,,,,,,,,,,,,,,,,,,,,,,,,,,,,,,,,,,,,,,,,,,,,,,,,,,,,,,,,,,,,,,,,,,,,,,,,
0,15,28,"{'x': 471.0340374537093, 'y': 328.01044853913356, 'elapsedTime': 112355.20000004768}",936803867101,5262269199,POINT (0.2453302278404736 0.3037133782769755),,,,,,,,,,,,,,,,,,,,,,,,,,,,,,,,,,,,,,,,,,,,,,,,,,,,,,,,,,,,,,,,,,,,,,,,,,,,,,,,,,,,,,,,,,,,,,,,,,,,,
0,15,28,"{'x': 447.41795064810714, 'y': 268.2300159003723, 'elapsedTime': 112410.70000004768}",936803883768,5262285865,POINT (0.2330301826292224 0.248361125833678),,,,,,,,,,,,,,,,,,,,,,,,,,,,,,,,,,,,,,,,,,,,,,,,,,,,,,,,,,,,,,,,,,,,,,,,,,,,,,,,,,,,,,,,,,,,,,,,,,,,1,
0,15,28,"{'x': 447.41795064810714, 'y': 268.2300159003723, 'elapsedTime': 112410.70000004768}",936803900435,5262302532,POINT (0.2330301826292224 0.248361125833678),,,,,,,,,,,,,,,,,,,,,,,,,,,,,,,,,,,,,,,,,,,,,,,,,,,,,,,,,,,,,,,,,,,,,,,,,,,,,,,,,,,,,,,,,,,,,,,,,,,,1,
0,15,28,"{'x': 447.41795064810714, 'y': 268.2300159003723, 'elapsedTime': 112410.70000004768}",936803917109,5262319205,POINT (0.2330301826292224 0.248361125833678),,,,,,,,,,,,,,,,,,,,,,,,,,,,,,,,,,,,,,,,,,,,,,,,,,,,,,,,,,,,,,,,,,,,,,,,,,,,,,,,,,,,,,,,,,,,,,,,,,,,1,
0,15,28,"{'x': 417.4430171933756, 'y': 319.24727780521494, 'elapsedTime': 112463.39999997616}",936803933775,5262335871,POINT (0.2174182381215498 0.2955993313011249),,,,,,,,,,,,,,,,,,,,,,,,,,,,,,,,,,,,,,,,,,,,,,,,,,,,,,,,,,,,,,,,,,,,,,,,,,,,,,,,,,,,,,,,,,,,,,,,,,,1,,
0,15,28,"{'x': 417.4430171933756, 'y': 319.24727780521494, 'elapsedTime': 112463.39999997616}",936803950443,5262352538,POINT (0.2174182381215498 0.2955993313011249),,,,,,,,,,,,,,,,,,,,,,,,,,,,,,,,,,,,,,,,,,,,,,,,,,,,,,,,,,,,,,,,,,,,,,,,,,,,,,,,,,,,,,,,,,,,,,,,,,,1,,
0,15,28,"{'x': 417.4430171933756, 'y': 319.24727780521494, 'elapsedTime': 112463.39999997616}",936803967109,5262369204,POINT (0.2174182381215498 0.2955993313011249),,,,,,,,,,,,,,,,,,,,,,,,,,,,,,,,,,,,,,,,,,,,,,,,,,,,,,,,,,,,,,,,,,,,,,,,,,,,,,,,,,,,,,,,,,,,,,,,,,,1,,
0,15,28,"{'x': 446.44383137228107, 'y': 269.0451609671871, 'elapsedTime': 112518}",936803983778,5262385872,POINT (0.2325228288397297 0.2491158897844325),,,,,,,,,,,,,,,,,,,,,,,,,,,,,,,,,,,,,,,,,,,,,,,,,,,,,,,,,,,,,,,,,,,,,,,,,,,,,,,,,,,,,,,,,,,,,,,,,,,,1,
0,15,28,"{'x': 446.44383137228107, 'y': 269.0451609671871, 'elapsedTime': 112518}",936804000444,5262402538,POINT (0.2325228288397297 0.2491158897844325),,,,,,,,,,,,,,,,,,,,,,,,,,,,,,,,,,,,,,,,,,,,,,,,,,,,,,,,,,,,,,,,,,,,,,,,,,,,,,,,,,,,,,,,,,,,,,,,,,,,1,
0,15,28,"{'x': 446.44383137228107, 'y': 269.0451609671871, 'elapsedTime': 112518}",936804017112,5262419205,POINT (0.2325228288397297 0.2491158897844325),,,,,,,,,,,,,,,,,,,,,,,,,,,,,,,,,,,,,,,,,,,,,,,,,,,,,,,,,,,,,,,,,,,,,,,,,,,,,,,,,,,,,,,,,,,,,,,,,,,,1,
0,15,28,"{'x': 446.44383137228107, 'y': 269.0451609671871, 'elapsedTime': 112518}",936804033779,5262435872,POINT (0.2325228288397297 0.2491158897844325),,,,,,,,,,,,,,,,,,,,,,,,,,,,,,,,,,,,,,,,,,,,,,,,,,,,,,,,,,,,,,,,,,,,,,,,,,,,,,,,,,,,,,,,,,,,,,,,,,,,1,
0,15,28,"{'x': 351.63477483394104, 'y': 254.95178382208863, 'elapsedTime': 112572.60000002384}",936804050451,5262452543,POINT (0.1831431118926776 0.2360664665019339),,,,,,,,,,,,,,,,,,,,,,,,,,,,,,,,,,,,,,,,,,,,,,,,,,,,,,,,,,,,,,,,,,,,,,,,,,,,,,,,,,,,,,,,,,,,,,,,,,,,1,
0,15,28,"{'x': 351.63477483394104, 'y': 254.95178382208863, 'elapsedTime': 112572.60000002384}",936804067117,5262469209,POINT (0.1831431118926776 0.2360664665019339),,,,,,,,,,,,,,,,,,,,,,,,,,,,,,,,,,,,,,,,,,,,,,,,,,,,,,,,,,,,,,,,,,,,,,,,,,,,,,,,,,,,,,,,,,,,,,,,,,,,1,
0,15,28,"{'x': 351.63477483394104, 'y': 254.95178382208863, 'elapsedTime': 112572.60000002384}",936804083786,5262485877,POINT (0.1831431118926776 0.2360664665019339),,,,,,,,,,,,,,,,,,,,,,,,,,,,,,,,,,,,,,,,,,,,,,,,,,,,,,,,,,,,,,,,,,,,,,,,,,,,,,,,,,,,,,,,,,,,,,,,,,,,1,
0,15,28,"{'x': 277.86808526224337, 'y': 252.16292140818263, 'elapsedTime': 112636.30000007153}",936804100453,5262502543,POINT (0.1447229610740851 0.233484186489058),,,,,,,,,,,,,,,,,,,,,,,,,,,,,,,,,,,,,,,,,,,,,,,,,,,,,,,,,,,,,,,,,,,,,,,,,,,,,,,,,,,,,,,,,,,,,,,,,,,,,
0,15,28,"{'x': 277.86808526224337, 'y': 252.16292140818263, 'elapsedTime': 112636.30000007153}",936804117121,5262519210,POINT (0.1447229610740851 0.233484186489058),,,,,,,,,,,,,,,,,,,,,,,,,,,,,,,,,,,,,,,,,,,,,,,,,,,,,,,,,,,,,,,,,,,,,,,,,,,,,,,,,,,,,,,,,,,,,,,,,,,,,
0,15,28,"{'x': 277.86808526224337, 'y': 252.16292140818263, 'elapsedTime': 112636.30000007153}",936804133787,5262535876,POINT (0.1447229610740851 0.233484186489058),,,,,,,,,,,,,,,,,,,,,,,,,,,,,,,,,,,,,,,,,,,,,,,,,,,,,,,,,,,,,,,,,,,,,,,,,,,,,,,,,,,,,,,,,,,,,,,,,,,,,
0,15,28,"{'x': 280.63115790143587, 'y': 198.56060135575234, 'elapsedTime': 112688.30000007153}",936804150455,5262552543,POINT (0.1461620614069979 0.1838524086627336),,,,,,,,,,,,,,,,,,,,,,,,,,,,,,,,,,,,,,,,,,,,,,,,,,,,,,,,,,,,,,,,,,,,,,,,,,,,,,,,,,,,,,,,,,,,,,,,,,,,,
0,15,28,"{'x': 280.63115790143587, 'y': 198.56060135575234, 'elapsedTime': 112688.30000007153}",936804167125,5262569213,POINT (0.1461620614069979 0.1838524086627336),,,,,,,,,,,,,,,,,,,,,,,,,,,,,,,,,,,,,,,,,,,,,,,,,,,,,,,,,,,,,,,,,,,,,,,,,,,,,,,,,,,,,,,,,,,,,,,,,,,,,
0,15,28,"{'x': 280.63115790143587, 'y': 198.56060135575234, 'elapsedTime': 112688.30000007153}",936804183791,5262585879,POINT (0.1461620614069979 0.1838524086627336),,,,,,,,,,,,,,,,,,,,,,,,,,,,,,,,,,,,,,,,,,,,,,,,,,,,,,,,,,,,,,,,,,,,,,,,,,,,,,,,,,,,,,,,,,,,,,,,,,,,,
0,15,28,"{'x': 280.63115790143587, 'y': 198.56060135575234, 'elapsedTime': 112688.30000007153}",936804200459,5262602546,POINT (0.1461620614069979 0.1838524086627336),,,,,,,,,,,,,,,,,,,,,,,,,,,,,,,,,,,,,,,,,,,,,,,,,,,,,,,,,,,,,,,,,,,,,,,,,,,,,,,,,,,,,,,,,,,,,,,,,,,,,
0,15,28,"{'x': 328.2792177470825, 'y': 193.72991234267658, 'elapsedTime': 112740.20000004768}",936804217127,5262619213,POINT (0.1709787592432721 0.1793795484654413),,,,,,,,,,,,,,,,,,,,,,,,,,,,,,,,,,,,,,,,,,,,,,,,,,,,,,,,,,,,,,,,,,,,,,,,,,,,,,,,,,,,,,,,,,,,,,,,,,,,,
0,15,28,"{'x': 328.2792177470825, 'y': 193.72991234267658, 'elapsedTime': 112740.20000004768}",936804233793,5262635879,POINT (0.1709787592432721 0.1793795484654413),,,,,,,,,,,,,,,,,,,,,,,,,,,,,,,,,,,,,,,,,,,,,,,,,,,,,,,,,,,,,,,,,,,,,,,,,,,,,,,,,,,,,,,,,,,,,,,,,,,,,
0,15,28,"{'x': 328.2792177470825, 'y': 193.72991234267658, 'elapsedTime': 112740.20000004768}",936804250461,5262652546,POINT (0.1709787592432721 0.1793795484654413),,,,,,,,,,,,,,,,,,,,,,,,,,,,,,,,,,,,,,,,,,,,,,,,,,,,,,,,,,,,,,,,,,,,,,,,,,,,,,,,,,,,,,,,,,,,,,,,,,,,,
0,15,28,"{'x': 389.09772231399256, 'y': 212.7612536146528, 'elapsedTime': 112797.5}",936804267127,5262669212,POINT (0.2026550637052044 0.1970011607543081),,,,,,,,,,,,,,,,,,,,,,,,,,,,,,,,,,,,,,,,,,,,,,,,,,,,,,,,,,,,,,,,,,,,,,,,,,,,,,,,,,,,,,,,,,,,,,,,,,,,,
0,15,28,"{'x': 389.09772231399256, 'y': 212.7612536146528, 'elapsedTime': 112797.5}",936804283796,5262685880,POINT (0.2026550637052044 0.1970011607543081),,,,,,,,,,,,,,,,,,,,,,,,,,,,,,,,,,,,,,,,,,,,,,,,,,,,,,,,,,,,,,,,,,,,,,,,,,,,,,,,,,,,,,,,,,,,,,,,,,,,,
0,15,28,"{'x': 389.09772231399256, 'y': 212.7612536146528, 'elapsedTime': 112797.5}",936804300466,5262702550,POINT (0.2026550637052044 0.1970011607543081),,,,,,,,,,,,,,,,,,,,,,,,,,,,,,,,,,,,,,,,,,,,,,,,,,,,,,,,,,,,,,,,,,,,,,,,,,,,,,,,,,,,,,,,,,,,,,,,,,,,,
0,15,28,"{'x': 338.6259954133234, 'y': 194.5472264945292, 'elapsedTime': 112852.39999997616}",936804317134,5262719217,POINT (0.1763677059444393 0.1801363208282678),,,,,,,,,,,,,,,,,,,,,,,,,,,,,,,,,,,,,,,,,,,,,,,,,,,,,,,,,,,,,,,,,,,,,,,,,,,,,,,,,,,,,,,,,,,,,,,,,,,,,
0,15,28,"{'x': 338.6259954133234, 'y': 194.5472264945292, 'elapsedTime': 112852.39999997616}",936804333801,5262735884,POINT (0.1763677059444393 0.1801363208282678),,,,,,,,,,,,,,,,,,,,,,,,,,,,,,,,,,,,,,,,,,,,,,,,,,,,,,,,,,,,,,,,,,,,,,,,,,,,,,,,,,,,,,,,,,,,,,,,,,,,,
0,15,28,"{'x': 338.6259954133234, 'y': 194.5472264945292, 'elapsedTime': 112852.39999997616}",936804350468,5262752550,POINT (0.1763677059444393 0.1801363208282678),,,,,,,,,,,,,,,,,,,,,,,,,,,,,,,,,,,,,,,,,,,,,,,,,,,,,,,,,,,,,,,,,,,,,,,,,,,,,,,,,,,,,,,,,,,,,,,,,,,,,
0,15,28,"{'x': 364.17223959454725, 'y': 191.46090974523813, 'elapsedTime': 112905.80000007153}",936804367136,5262769217,POINT (0.1896730414554934 0.1772786201344798),,,,,,,,,,,,,,,,,,,,,,,,,,,,,,,,,,,,,,,,,,,,,,,,,,,,,,,,,,,,,,,,,,,,,,,,,,,,,,,,,,,,,,,,,,,,,,,,,,,,,
0,15,28,"{'x': 364.17223959454725, 'y': 191.46090974523813, 'elapsedTime': 112905.80000007153}",936804383802,5262785883,POINT (0.1896730414554934 0.1772786201344798),,,,,,,,,,,,,,,,,,,,,,,,,,,,,,,,,,,,,,,,,,,,,,,,,,,,,,,,,,,,,,,,,,,,,,,,,,,,,,,,,,,,,,,,,,,,,,,,,,,,,
0,15,28,"{'x': 364.17223959454725, 'y': 191.46090974523813, 'elapsedTime': 112905.80000007153}",936804400470,5262802550,POINT (0.1896730414554934 0.1772786201344798),,,,,,,,,,,,,,,,,,,,,,,,,,,,,,,,,,,,,,,,,,,,,,,,,,,,,,,,,,,,,,,,,,,,,,,,,,,,,,,,,,,,,,,,,,,,,,,,,,,,,
0,15,28,"{'x': 384.6886562526998, 'y': 190.37702092195852, 'elapsedTime': 112955.60000002384}",936804417137,5262819217,POINT (0.2003586751316145 0.1762750193721838),,,,,,,,,,,,,,,1,,,,,,,,,,,,,,,,,,,,,,,,,,,,,,,,,,,,,,,,,,,,,,,,,,,,,,,,,,,,,,,,,,,,,,,,,,,,,,,,,,,,,,
0,15,28,"{'x': 384.6886562526998, 'y': 190.37702092195852, 'elapsedTime': 112955.60000002384}",936804433810,5262835889,POINT (0.2003586751316145 0.1762750193721838),,,,,,,,,,,,,,,1,,,,,,,,,,,,,,,,,,,,,,,,,,,,,,,,,,,,,,,,,,,,,,,,,,,,,,,,,,,,,,,,,,,,,,,,,,,,,,,,,,,,,,
0,15,28,"{'x': 384.6886562526998, 'y': 190.37702092195852, 'elapsedTime': 112955.60000002384}",936804450478,5262852556,POINT (0.2003586751316145 0.1762750193721838),,,,,,,,,,,,,,,1,,,,,,,,,,,,,,,,,,,,,,,,,,,,,,,,,,,,,,,,,,,,,,,,,,,,,,,,,,,,,,,,,,,,,,,,,,,,,,,,,,,,,,
0,15,28,"{'x': 510.46905698076444, 'y': 239.01173067007238, 'elapsedTime': 113008.5}",936804467145,5262869223,POINT (0.2658693005108148 0.2213071580278448),,,,,,,,,,,,,,,,,,,,,,,,,,,,,,,,,,,,,,,,,,,,,,,,,,,,,,,,,,,,,,,,,,,,,,,,,,,,,,,,,,,,,,,,,,,,,,,,,,,,1,
0,15,28,"{'x': 510.46905698076444, 'y': 239.01173067007238, 'elapsedTime': 113008.5}",936804483812,5262885889,POINT (0.2658693005108148 0.2213071580278448),,,,,,,,,,,,,,,,,,,,,,,,,,,,,,,,,,,,,,,,,,,,,,,,,,,,,,,,,,,,,,,,,,,,,,,,,,,,,,,,,,,,,,,,,,,,,,,,,,,,1,
0,15,28,"{'x': 510.46905698076444, 'y': 239.01173067007238, 'elapsedTime': 113008.5}",936804500479,5262902556,POINT (0.2658693005108148 0.2213071580278448),,,,,,,,,,,,,,,,,,,,,,,,,,,,,,,,,,,,,,,,,,,,,,,,,,,,,,,,,,,,,,,,,,,,,,,,,,,,,,,,,,,,,,,,,,,,,,,,,,,,1,
0,15,28,"{'x': 510.46905698076444, 'y': 239.01173067007238, 'elapsedTime': 113008.5}",936804517147,5262919223,POINT (0.2658693005108148 0.2213071580278448),,,,,,,,,,,,,,,,,,,,,,,,,,,,,,,,,,,,,,,,,,,,,,,,,,,,,,,,,,,,,,,,,,,,,,,,,,,,,,,,,,,,,,,,,,,,,,,,,,,,1,
0,15,28,"{'x': 542.3204610287213, 'y': 217.21459090995478, 'elapsedTime': 113058.89999997616}",936804533813,5262935889,POINT (0.282458573452459 0.2011246212129211),,,,,,,,,,,,,,,,,,,,,,,,,,,,,,,,1,,,,,,,,,,,,,,,,,,,,,,,,,,,,,,,,,,,,,,,,,,,,,,,,,,,,,,,,,,,,,,,,,,,,,
0,15,28,"{'x': 542.3204610287213, 'y': 217.21459090995478, 'elapsedTime': 113058.89999997616}",936804550481,5262952556,POINT (0.282458573452459 0.2011246212129211),,,,,,,,,,,,,,,,,,,,,,,,,,,,,,,,1,,,,,,,,,,,,,,,,,,,,,,,,,,,,,,,,,,,,,,,,,,,,,,,,,,,,,,,,,,,,,,,,,,,,,
0,15,28,"{'x': 542.3204610287213, 'y': 217.21459090995478, 'elapsedTime': 113058.89999997616}",936804567153,5262969228,POINT (0.282458573452459 0.2011246212129211),,,,,,,,,,,,,,,,,,,,,,,,,,,,,,,,1,,,,,,,,,,,,,,,,,,,,,,,,,,,,,,,,,,,,,,,,,,,,,,,,,,,,,,,,,,,,,,,,,,,,,
0,15,28,"{'x': 504.4509633463065, 'y': 269.3623487142557, 'elapsedTime': 113108.70000004768}",936804583820,5262985894,POINT (0.2627348767428679 0.2494095821428294),,,,,,,,,,,,,,,,,,,,,,,,,,,,,,,,,,,,,,,,,,,,,,,,,,,,,,,,,,,,,,,,,,,,,,,,,,,,,,,,,,,,,,,,,,,,,,,,,,,,1,
0,15,28,"{'x': 504.4509633463065, 'y': 269.3623487142557, 'elapsedTime': 113108.70000004768}",936804600488,5263002561,POINT (0.2627348767428679 0.2494095821428294),,,,,,,,,,,,,,,,,,,,,,,,,,,,,,,,,,,,,,,,,,,,,,,,,,,,,,,,,,,,,,,,,,,,,,,,,,,,,,,,,,,,,,,,,,,,,,,,,,,,1,
0,15,28,"{'x': 504.4509633463065, 'y': 269.3623487142557, 'elapsedTime': 113108.70000004768}",936804617155,5263019228,POINT (0.2627348767428679 0.2494095821428294),,,,,,,,,,,,,,,,,,,,,,,,,,,,,,,,,,,,,,,,,,,,,,,,,,,,,,,,,,,,,,,,,,,,,,,,,,,,,,,,,,,,,,,,,,,,,,,,,,,,1,
0,15,28,"{'x': 444.74625522007346, 'y': 244.71220789620804, 'elapsedTime': 113162.80000007153}",936804633822,5263035894,POINT (0.2316386745937883 0.2265853776816741),,,,,,,,,,,,,,,,,,,,,,,,,,,,,,,,,,,,,,,,,,,,,,,,,,,,,,,,,,,,,,,,,,,,,,,,,,,,,,,,,,,,,,,,,,,,,,,,,,,,1,
0,15,28,"{'x': 444.74625522007346, 'y': 244.71220789620804, 'elapsedTime': 113162.80000007153}",936804650489,5263052561,POINT (0.2316386745937883 0.2265853776816741),,,,,,,,,,,,,,,,,,,,,,,,,,,,,,,,,,,,,,,,,,,,,,,,,,,,,,,,,,,,,,,,,,,,,,,,,,,,,,,,,,,,,,,,,,,,,,,,,,,,1,
0,15,28,"{'x': 444.74625522007346, 'y': 244.71220789620804, 'elapsedTime': 113162.80000007153}",936804667157,5263069228,POINT (0.2316386745937883 0.2265853776816741),,,,,,,,,,,,,,,,,,,,,,,,,,,,,,,,,,,,,,,,,,,,,,,,,,,,,,,,,,,,,,,,,,,,,,,,,,,,,,,,,,,,,,,,,,,,,,,,,,,,1,
0,15,28,"{'x': 495.4272915976586, 'y': 202.25775750162765, 'elapsedTime': 113221.60000002384}",936804683824,5263085894,POINT (0.2580350477071139 0.187275701390396),,,,,,,,,,,,,,,,,1,,,,,,,,,,,,,,,,,,,,,,,,,,,,,,,,,,,,,,,,,,,,,,,,,,,,,,,,,,,,,,,,,,,,,,,,,,,,,,,,,,,,
0,15,28,"{'x': 495.4272915976586, 'y': 202.25775750162765, 'elapsedTime': 113221.60000002384}",936804700497,5263102567,POINT (0.2580350477071139 0.187275701390396),,,,,,,,,,,,,,,,,1,,,,,,,,,,,,,,,,,,,,,,,,,,,,,,,,,,,,,,,,,,,,,,,,,,,,,,,,,,,,,,,,,,,,,,,,,,,,,,,,,,,,
0,15,28,"{'x': 495.4272915976586, 'y': 202.25775750162765, 'elapsedTime': 113221.60000002384}",936804717165,5263119234,POINT (0.2580350477071139 0.187275701390396),,,,,,,,,,,,,,,,,1,,,,,,,,,,,,,,,,,,,,,,,,,,,,,,,,,,,,,,,,,,,,,,,,,,,,,,,,,,,,,,,,,,,,,,,,,,,,,,,,,,,,
0,15,28,"{'x': 495.4272915976586, 'y': 202.25775750162765, 'elapsedTime': 113221.60000002384}",936804733831,5263135900,POINT (0.2580350477071139 0.187275701390396),,,,,,,,,,,,,,,,,1,,,,,,,,,,,,,,,,,,,,,,,,,,,,,,,,,,,,,,,,,,,,,,,,,,,,,,,,,,,,,,,,,,,,,,,,,,,,,,,,,,,,
0,15,28,"{'x': 555.5462330992686, 'y': 242.2713188696123, 'elapsedTime': 113275.60000002384}",936804750499,5263152567,POINT (0.2893469964058691 0.224325295249641),,,,,,,,,,,,,,,,,,,,,,,,,,,,,,,,,,,,,,,,,,,,,,,,,,,,,,,,,,,,,,,,,,,,,,,,,,,,,,,,,,,,,,,,,,,,,,,,,,,,1,
0,15,28,"{'x': 555.5462330992686, 'y': 242.2713188696123, 'elapsedTime': 113275.60000002384}",936804767166,5263169234,POINT (0.2893469964058691 0.224325295249641),,,,,,,,,,,,,,,,,,,,,,,,,,,,,,,,,,,,,,,,,,,,,,,,,,,,,,,,,,,,,,,,,,,,,,,,,,,,,,,,,,,,,,,,,,,,,,,,,,,,1,
0,15,28,"{'x': 555.5462330992686, 'y': 242.2713188696123, 'elapsedTime': 113275.60000002384}",936804783833,5263185900,POINT (0.2893469964058691 0.224325295249641),,,,,,,,,,,,,,,,,,,,,,,,,,,,,,,,,,,,,,,,,,,,,,,,,,,,,,,,,,,,,,,,,,,,,,,,,,,,,,,,,,,,,,,,,,,,,,,,,,,,1,
0,15,28,"{'x': 654.2335570989574, 'y': 253.92191432813954, 'elapsedTime': 113329}",936804800500,5263202567,POINT (0.3407466443223736 0.2351128836371662),,,,,,,,,,,,,,,,,,,,,,,,,,,,,,,,,,,,,,,,,,,,,,,,,,,,,,,,,,,,,,,,,,,,,,,,,,,,,,,,,,,,,,,,,,,,,,,,,,,,1,
0,15,28,"{'x': 654.2335570989574, 'y': 253.92191432813954, 'elapsedTime': 113329}",936804817168,5263219234,POINT (0.3407466443223736 0.2351128836371662),,,,,,,,,,,,,,,,,,,,,,,,,,,,,,,,,,,,,,,,,,,,,,,,,,,,,,,,,,,,,,,,,,,,,,,,,,,,,,,,,,,,,,,,,,,,,,,,,,,,1,
0,15,28,"{'x': 654.2335570989574, 'y': 253.92191432813954, 'elapsedTime': 113329}",936804833834,5263235900,POINT (0.3407466443223736 0.2351128836371662),,,,,,,,,,,,,,,,,,,,,,,,,,,,,,,,,,,,,,,,,,,,,,,,,,,,,,,,,,,,,,,,,,,,,,,,,,,,,,,,,,,,,,,,,,,,,,,,,,,,1,
0,15,28,"{'x': 729.8531941898805, 'y': 347.20607226539016, 'elapsedTime': 113383.60000002384}",936804850502,5263252567,POINT (0.3801318719738961 0.3214871039494354),,,,,,,,,,,,,,,,,,,,,,,,,,,,,,,,,,,,,,,,,,,,,,,,,,,,,,,,,,,,,,,,,,,,,,,,,,,,,,,,,,,,,,,,,,,,,,,,,,,,1,
0,15,28,"{'x': 729.8531941898805, 'y': 347.20607226539016, 'elapsedTime': 113383.60000002384}",936804867169,5263269233,POINT (0.3801318719738961 0.3214871039494354),,,,,,,,,,,,,,,,,,,,,,,,,,,,,,,,,,,,,,,,,,,,,,,,,,,,,,,,,,,,,,,,,,,,,,,,,,,,,,,,,,,,,,,,,,,,,,,,,,,,1,
0,15,28,"{'x': 729.8531941898805, 'y': 347.20607226539016, 'elapsedTime': 113383.60000002384}",936804883836,5263285900,POINT (0.3801318719738961 0.3214871039494354),,,,,,,,,,,,,,,,,,,,,,,,,,,,,,,,,,,,,,,,,,,,,,,,,,,,,,,,,,,,,,,,,,,,,,,,,,,,,,,,,,,,,,,,,,,,,,,,,,,,1,
0,15,28,"{'x': 729.8531941898805, 'y': 347.20607226539016, 'elapsedTime': 113383.60000002384}",936804900504,5263302567,POINT (0.3801318719738961 0.3214871039494354),,,,,,,,,,,,,,,,,,,,,,,,,,,,,,,,,,,,,,,,,,,,,,,,,,,,,,,,,,,,,,,,,,,,,,,,,,,,,,,,,,,,,,,,,,,,,,,,,,,,1,
0,15,28,"{'x': 829.2099085144722, 'y': 361.5668094254904, 'elapsedTime': 113438.80000007153}",936804917170,5263319233,POINT (0.4318801606846209 0.33478408280138),,,,,,,,,,,,,,,,,,,,,,,,,,,,,,,,,,,,,,,,,,,,,,,,,,,,,,,,,,,,,,,,,,,,,,,,,,,,,,,,,,,,,,,,,,,,,,,,,,,,1,
0,15,28,"{'x': 829.2099085144722, 'y': 361.5668094254904, 'elapsedTime': 113438.80000007153}",936804933838,5263335900,POINT (0.4318801606846209 0.33478408280138),,,,,,,,,,,,,,,,,,,,,,,,,,,,,,,,,,,,,,,,,,,,,,,,,,,,,,,,,,,,,,,,,,,,,,,,,,,,,,,,,,,,,,,,,,,,,,,,,,,,1,
0,15,28,"{'x': 829.2099085144722, 'y': 361.5668094254904, 'elapsedTime': 113438.80000007153}",936804950506,5263352567,POINT (0.4318801606846209 0.33478408280138),,,,,,,,,,,,,,,,,,,,,,,,,,,,,,,,,,,,,,,,,,,,,,,,,,,,,,,,,,,,,,,,,,,,,,,,,,,,,,,,,,,,,,,,,,,,,,,,,,,,1,
0,15,28,"{'x': 748.5041454736531, 'y': 417.7504606085084, 'elapsedTime': 113492.30000007153}",936804967180,5263369241,POINT (0.389845909100861 0.3868059820449152),,,,,,,,,,,,,,,,,,,,,,,,,,,,,,,,,,,,,,,,,,,,,,,,,,,,,,,,,,,,,,,,,,,,,,,,,,,,,,,,,,,,,,,,,,,,,,,,,,,,,
0,15,28,"{'x': 748.5041454736531, 'y': 417.7504606085084, 'elapsedTime': 113492.30000007153}",936804983848,5263385908,POINT (0.389845909100861 0.3868059820449152),,,,,,,,,,,,,,,,,,,,,,,,,,,,,,,,,,,,,,,,,,,,,,,,,,,,,,,,,,,,,,,,,,,,,,,,,,,,,,,,,,,,,,,,,,,,,,,,,,,,,
0,15,28,"{'x': 748.5041454736531, 'y': 417.7504606085084, 'elapsedTime': 113492.30000007153}",936805000515,5263402575,POINT (0.389845909100861 0.3868059820449152),,,,,,,,,,,,,,,,,,,,,,,,,,,,,,,,,,,,,,,,,,,,,,,,,,,,,,,,,,,,,,,,,,,,,,,,,,,,,,,,,,,,,,,,,,,,,,,,,,,,,
0,15,28,"{'x': 774.8505688503176, 'y': 437.54516613799046, 'elapsedTime': 113546.30000007153}",936805017182,5263419241,POINT (0.4035680046095404 0.4051344130907319),,,,,,,,,,,,,,,,,,,,,,,,,,,,,,,,,,,,,,,,,,,,,,,,,,,,,,,,,,,,,,,,,,,,,,,,,,,,,,,,,,,,,,,,,,,,,,,,,,,,,
0,15,28,"{'x': 774.8505688503176, 'y': 437.54516613799046, 'elapsedTime': 113546.30000007153}",936805033849,5263435908,POINT (0.4035680046095404 0.4051344130907319),,,,,,,,,,,,,,,,,,,,,,,,,,,,,,,,,,,,,,,,,,,,,,,,,,,,,,,,,,,,,,,,,,,,,,,,,,,,,,,,,,,,,,,,,,,,,,,,,,,,,
0,15,28,"{'x': 774.8505688503176, 'y': 437.54516613799046, 'elapsedTime': 113546.30000007153}",936805050517,5263452575,POINT (0.4035680046095404 0.4051344130907319),,,,,,,,,,,,,,,,,,,,,,,,,,,,,,,,,,,,,,,,,,,,,,,,,,,,,,,,,,,,,,,,,,,,,,,,,,,,,,,,,,,,,,,,,,,,,,,,,,,,,
0,15,28,"{'x': 774.8505688503176, 'y': 437.54516613799046, 'elapsedTime': 113546.30000007153}",936805067183,5263469241,POINT (0.4035680046095404 0.4051344130907319),,,,,,,,,,,,,,,,,,,,,,,,,,,,,,,,,,,,,,,,,,,,,,,,,,,,,,,,,,,,,,,,,,,,,,,,,,,,,,,,,,,,,,,,,,,,,,,,,,,,,
0,15,28,"{'x': 821.5665432481703, 'y': 466.5563488120582, 'elapsedTime': 113611.60000002384}",936805083855,5263485912,POINT (0.4278992412750887 0.4319966192704243),,,,,,,,,,,,,,,,,,,,,,,,,,,,,,,,,,,,,,,,,,,,,,,,,,,,,,,,,,,,,,,,,,,,,,,,,,,,,,,,,,,,,,,,,,,,,,,,,,,,,
0,15,28,"{'x': 821.5665432481703, 'y': 466.5563488120582, 'elapsedTime': 113611.60000002384}",936805100523,5263502579,POINT (0.4278992412750887 0.4319966192704243),,,,,,,,,,,,,,,,,,,,,,,,,,,,,,,,,,,,,,,,,,,,,,,,,,,,,,,,,,,,,,,,,,,,,,,,,,,,,,,,,,,,,,,,,,,,,,,,,,,,,
0,15,28,"{'x': 821.5665432481703, 'y': 466.5563488120582, 'elapsedTime': 113611.60000002384}",936805117189,5263519245,POINT (0.4278992412750887 0.4319966192704243),,,,,,,,,,,,,,,,,,,,,,,,,,,,,,,,,,,,,,,,,,,,,,,,,,,,,,,,,,,,,,,,,,,,,,,,,,,,,,,,,,,,,,,,,,,,,,,,,,,,,
0,15,28,"{'x': 810.737404472181, 'y': 472.29601923587416, 'elapsedTime': 113666.60000002384}",936805133857,5263535912,POINT (0.4222590648292609 0.4373111289221057),,,,,,,,,,,,,,,,,,,,,,,,,,,,,,,,,,,,,,,,,,,,,,,,,,,,,,,,,,,,,,,,,,,,,,,,,,,,,,,,,,,,,,,,,,,,,,,,,,,,,
0,15,28,"{'x': 810.737404472181, 'y': 472.29601923587416, 'elapsedTime': 113666.60000002384}",936805150524,5263552579,POINT (0.4222590648292609 0.4373111289221057),,,,,,,,,,,,,,,,,,,,,,,,,,,,,,,,,,,,,,,,,,,,,,,,,,,,,,,,,,,,,,,,,,,,,,,,,,,,,,,,,,,,,,,,,,,,,,,,,,,,,
0,15,28,"{'x': 810.737404472181, 'y': 472.29601923587416, 'elapsedTime': 113666.60000002384}",936805167191,5263569245,POINT (0.4222590648292609 0.4373111289221057),,,,,,,,,,,,,,,,,,,,,,,,,,,,,,,,,,,,,,,,,,,,,,,,,,,,,,,,,,,,,,,,,,,,,,,,,,,,,,,,,,,,,,,,,,,,,,,,,,,,,
0,15,28,"{'x': 829.4198358180911, 'y': 447.13805992587675, 'elapsedTime': 113720.60000002384}",936805183859,5263585912,POINT (0.4319894978219224 0.4140167221535896),,,,,,,,,,,,,,,,,,,,,,,,,,,,,,,,,,,,,,,,,,,,,,,,,,,,,,,,,,,,,,,,,,,,,,,,,,,,,,,,,,,,,,,,,,,,,,,,,,,,,
0,15,28,"{'x': 829.4198358180911, 'y': 447.13805992587675, 'elapsedTime': 113720.60000002384}",936805200526,5263602579,POINT (0.4319894978219224 0.4140167221535896),,,,,,,,,,,,,,,,,,,,,,,,,,,,,,,,,,,,,,,,,,,,,,,,,,,,,,,,,,,,,,,,,,,,,,,,,,,,,,,,,,,,,,,,,,,,,,,,,,,,,
0,15,28,"{'x': 829.4198358180911, 'y': 447.13805992587675, 'elapsedTime': 113720.60000002384}",936805217197,5263619249,POINT (0.4319894978219224 0.4140167221535896),,,,,,,,,,,,,,,,,,,,,,,,,,,,,,,,,,,,,,,,,,,,,,,,,,,,,,,,,,,,,,,,,,,,,,,,,,,,,,,,,,,,,,,,,,,,,,,,,,,,,
0,15,28,"{'x': 829.4198358180911, 'y': 447.13805992587675, 'elapsedTime': 113720.60000002384}",936805233864,5263635916,POINT (0.4319894978219224 0.4140167221535896),,,,,,,,,,,,,,,,,,,,,,,,,,,,,,,,,,,,,,,,,,,,,,,,,,,,,,,,,,,,,,,,,,,,,,,,,,,,,,,,,,,,,,,,,,,,,,,,,,,,,
0,15,28,"{'x': 806.8638178067577, 'y': 512.4730706073077, 'elapsedTime': 113775.39999997616}",936805250532,5263652583,POINT (0.420241571774353 0.4745121024141738),,,,,,,,,,,,,,,,,,,,,,,,,,,,,,,,,,,,,,,,,,,,,,,,,,,,,,,,,,,,,,,,,,,,,,,,,,,,,,,,,,,,,,,,,,,,,,,,,,,,1,
0,15,28,"{'x': 806.8638178067577, 'y': 512.4730706073077, 'elapsedTime': 113775.39999997616}",936805267198,5263669249,POINT (0.420241571774353 0.4745121024141738),,,,,,,,,,,,,,,,,,,,,,,,,,,,,,,,,,,,,,,,,,,,,,,,,,,,,,,,,,,,,,,,,,,,,,,,,,,,,,,,,,,,,,,,,,,,,,,,,,,,1,
0,15,28,"{'x': 806.8638178067577, 'y': 512.4730706073077, 'elapsedTime': 113775.39999997616}",936805283866,5263685916,POINT (0.420241571774353 0.4745121024141738),,,,,,,,,,,,,,,,,,,,,,,,,,,,,,,,,,,,,,,,,,,,,,,,,,,,,,,,,,,,,,,,,,,,,,,,,,,,,,,,,,,,,,,,,,,,,,,,,,,,1,
0,15,28,"{'x': 908.7181673312074, 'y': 574.629039587326, 'elapsedTime': 113833.70000004768}",936805300533,5263702583,POINT (0.4732907121516705 0.5320639255438204),,,,,,,,,,,,,,,,,,,,,,,,,,,,,,,,,,,,,,,,,,,,,,,,,,,,,,,,,,,,,,,,,,,,,,,,,,,,,,,,,,,,,,,,,,,,,,,,,,,,1,
0,15,28,"{'x': 908.7181673312074, 'y': 574.629039587326, 'elapsedTime': 113833.70000004768}",936805317200,5263719249,POINT (0.4732907121516705 0.5320639255438204),,,,,,,,,,,,,,,,,,,,,,,,,,,,,,,,,,,,,,,,,,,,,,,,,,,,,,,,,,,,,,,,,,,,,,,,,,,,,,,,,,,,,,,,,,,,,,,,,,,,1,
0,15,28,"{'x': 908.7181673312074, 'y': 574.629039587326, 'elapsedTime': 113833.70000004768}",936805333867,5263735916,POINT (0.4732907121516705 0.5320639255438204),,,,,,,,,,,,,,,,,,,,,,,,,,,,,,,,,,,,,,,,,,,,,,,,,,,,,,,,,,,,,,,,,,,,,,,,,,,,,,,,,,,,,,,,,,,,,,,,,,,,1,
0,15,28,"{'x': 890.6980927562387, 'y': 571.17402393929, 'elapsedTime': 113886.89999997616}",936805350540,5263752588,POINT (0.4639052566438743 0.5288648369808241),,,,,,,,,,,,,,,,,,,,,,,,,,,,,,,,,,,,,,,,,,,,,,,,,,,,,,,,,,,,,,,,,,,,,,,,,,,,,,,,,,,,,,,,,,,,,,,,,,,,1,
0,15,28,"{'x': 890.6980927562387, 'y': 571.17402393929, 'elapsedTime': 113886.89999997616}",936805367206,5263769254,POINT (0.4639052566438743 0.5288648369808241),,,,,,,,,,,,,,,,,,,,,,,,,,,,,,,,,,,,,,,,,,,,,,,,,,,,,,,,,,,,,,,,,,,,,,,,,,,,,,,,,,,,,,,,,,,,,,,,,,,,1,
0,15,28,"{'x': 890.6980927562387, 'y': 571.17402393929, 'elapsedTime': 113886.89999997616}",936805383874,5263785921,POINT (0.4639052566438743 0.5288648369808241),,,,,,,,,,,,,,,,,,,,,,,,,,,,,,,,,,,,,,,,,,,,,,,,,,,,,,,,,,,,,,,,,,,,,,,,,,,,,,,,,,,,,,,,,,,,,,,,,,,,1,
0,15,28,"{'x': 900.1794552143444, 'y': 584.7977712287652, 'elapsedTime': 113939.30000007153}",936805400542,5263802588,POINT (0.4688434662574711 0.5414794178044122),,,,,,,,,,,,,,,,,,,,,,,,,,,,,,,,,,,,,,,,,,,,,,,,,,,,,,,,,,,,,,,,,,,,,,,,,,,,,,,,,,,,,,,,,,,,,,,,,,,,1,
0,15,28,"{'x': 900.1794552143444, 'y': 584.7977712287652, 'elapsedTime': 113939.30000007153}",936805417209,5263819254,POINT (0.4688434662574711 0.5414794178044122),,,,,,,,,,,,,,,,,,,,,,,,,,,,,,,,,,,,,,,,,,,,,,,,,,,,,,,,,,,,,,,,,,,,,,,,,,,,,,,,,,,,,,,,,,,,,,,,,,,,1,
0,15,28,"{'x': 900.1794552143444, 'y': 584.7977712287652, 'elapsedTime': 113939.30000007153}",936805433876,5263835921,POINT (0.4688434662574711 0.5414794178044122),,,,,,,,,,,,,,,,,,,,,,,,,,,,,,,,,,,,,,,,,,,,,,,,,,,,,,,,,,,,,,,,,,,,,,,,,,,,,,,,,,,,,,,,,,,,,,,,,,,,1,
0,15,28,"{'x': 900.1794552143444, 'y': 584.7977712287652, 'elapsedTime': 113939.30000007153}",936805450543,5263852587,POINT (0.4688434662574711 0.5414794178044122),,,,,,,,,,,,,,,,,,,,,,,,,,,,,,,,,,,,,,,,,,,,,,,,,,,,,,,,,,,,,,,,,,,,,,,,,,,,,,,,,,,,,,,,,,,,,,,,,,,,1,
0,15,28,"{'x': 954.7674983566121, 'y': 566.0903696054977, 'elapsedTime': 113992.39999997616}",936805467210,5263869254,POINT (0.4972747387274021 0.5241577496347201),,,,,,,,,,,,,,,,,,,,,,,,,,,,,,,,,,,,,,,,,,,,,,,,,,,,,,,,,,,,,,,,,,,,,,,,,,,,,,,,,,,,,,,,,,,,,,,,,,,,1,
0,15,28,"{'x': 954.7674983566121, 'y': 566.0903696054977, 'elapsedTime': 113992.39999997616}",936805483883,5263885927,POINT (0.4972747387274021 0.5241577496347201),,,,,,,,,,,,,,,,,,,,,,,,,,,,,,,,,,,,,,,,,,,,,,,,,,,,,,,,,,,,,,,,,,,,,,,,,,,,,,,,,,,,,,,,,,,,,,,,,,,,1,
0,15,28,"{'x': 954.7674983566121, 'y': 566.0903696054977, 'elapsedTime': 113992.39999997616}",936805500550,5263902593,POINT (0.4972747387274021 0.5241577496347201),,,,,,,,,,,,,,,,,,,,,,,,,,,,,,,,,,,,,,,,,,,,,,,,,,,,,,,,,,,,,,,,,,,,,,,,,,,,,,,,,,,,,,,,,,,,,,,,,,,,1,
0,15,28,"{'x': 954.7674983566121, 'y': 566.0903696054977, 'elapsedTime': 113992.39999997616}",936805517217,5263919260,POINT (0.4972747387274021 0.5241577496347201),,,,,,,,,,,,,,,,,,,,,,,,,,,,,,,,,,,,,,,,,,,,,,,,,,,,,,,,,,,,,,,,,,,,,,,,,,,,,,,,,,,,,,,,,,,,,,,,,,,,1,
0,15,28,"{'x': 953.6830034060756, 'y': 620.5570050936433, 'elapsedTime': 114048.89999997616}",936805533885,5263935927,POINT (0.496709897607331 0.5745898195311512),,,,,,,,,,,,,,,,,,,,,,,,,,,,,,,,,,,,,,,,,,,,,,,,,,,,,,,,,,,,,,,,,,,,,,,,,,,,,,,,,,,,,,,,,,,,,,,,,,,,1,
0,15,28,"{'x': 953.6830034060756, 'y': 620.5570050936433, 'elapsedTime': 114048.89999997616}",936805550551,5263952593,POINT (0.496709897607331 0.5745898195311512),,,,,,,,,,,,,,,,,,,,,,,,,,,,,,,,,,,,,,,,,,,,,,,,,,,,,,,,,,,,,,,,,,,,,,,,,,,,,,,,,,,,,,,,,,,,,,,,,,,,1,
0,15,28,"{'x': 953.6830034060756, 'y': 620.5570050936433, 'elapsedTime': 114048.89999997616}",936805567219,5263969260,POINT (0.496709897607331 0.5745898195311512),,,,,,,,,,,,,,,,,,,,,,,,,,,,,,,,,,,,,,,,,,,,,,,,,,,,,,,,,,,,,,,,,,,,,,,,,,,,,,,,,,,,,,,,,,,,,,,,,,,,1,
0,15,28,"{'x': 871.4441158374834, 'y': 609.9212143690293, 'elapsedTime': 114113.20000004768}",936805583885,5263985926,POINT (0.453877143665356 0.5647418651565086),,,,,,,,,,,,,,,,,,,,,,,,,,,,,,,,,,,,,,,,,,,,,,,,,,,,,,,,,,,,,,,,,,,,,,,,,,,,,,,,,,,,,,,,,,,,,,,,,,,,1,
0,15,28,"{'x': 871.4441158374834, 'y': 609.9212143690293, 'elapsedTime': 114113.20000004768}",936805600553,5264002593,POINT (0.453877143665356 0.5647418651565086),,,,,,,,,,,,,,,,,,,,,,,,,,,,,,,,,,,,,,,,,,,,,,,,,,,,,,,,,,,,,,,,,,,,,,,,,,,,,,,,,,,,,,,,,,,,,,,,,,,,1,
0,15,28,"{'x': 871.4441158374834, 'y': 609.9212143690293, 'elapsedTime': 114113.20000004768}",936805617225,5264019264,POINT (0.453877143665356 0.5647418651565086),,,,,,,,,,,,,,,,,,,,,,,,,,,,,,,,,,,,,,,,,,,,,,,,,,,,,,,,,,,,,,,,,,,,,,,,,,,,,,,,,,,,,,,,,,,,,,,,,,,,1,
0,15,28,"{'x': 712.8087121327087, 'y': 605.3101089987508, 'elapsedTime': 114165.5}",936805633892,5264035931,POINT (0.3712545375691191 0.5604723231469915),,,,,,,,,,,,,,,,,,,,,,,,,,,,,,,,,,,,,,,,,,,,,,,,,,,,,,,,,,,,,,,,,,,,,,,,,,,,,,,,,,,,,,,,,,,,,,,,,,,,1,
0,15,28,"{'x': 712.8087121327087, 'y': 605.3101089987508, 'elapsedTime': 114165.5}",936805650559,5264052597,POINT (0.3712545375691191 0.5604723231469915),,,,,,,,,,,,,,,,,,,,,,,,,,,,,,,,,,,,,,,,,,,,,,,,,,,,,,,,,,,,,,,,,,,,,,,,,,,,,,,,,,,,,,,,,,,,,,,,,,,,1,
0,15,28,"{'x': 712.8087121327087, 'y': 605.3101089987508, 'elapsedTime': 114165.5}",936805667226,5264069263,POINT (0.3712545375691191 0.5604723231469915),,,,,,,,,,,,,,,,,,,,,,,,,,,,,,,,,,,,,,,,,,,,,,,,,,,,,,,,,,,,,,,,,,,,,,,,,,,,,,,,,,,,,,,,,,,,,,,,,,,,1,
0,15,28,"{'x': 542.5401567882277, 'y': 607.4069929592051, 'elapsedTime': 114219.60000002384}",936805683894,5264085931,POINT (0.282572998327202 0.5624138823696344),,,,,,,,,,,,,,,,,,,,,,,,,,,,,,,,,,,,,,,,,,,,,,,,,,,,,,,,,,,,,,,,,,,,,,,,,,,,,,,,,,,,,,,,,,,,,,,,,,,,1,
0,15,28,"{'x': 542.5401567882277, 'y': 607.4069929592051, 'elapsedTime': 114219.60000002384}",936805700561,5264102597,POINT (0.282572998327202 0.5624138823696344),,,,,,,,,,,,,,,,,,,,,,,,,,,,,,,,,,,,,,,,,,,,,,,,,,,,,,,,,,,,,,,,,,,,,,,,,,,,,,,,,,,,,,,,,,,,,,,,,,,,1,
0,15,28,"{'x': 542.5401567882277, 'y': 607.4069929592051, 'elapsedTime': 114219.60000002384}",936805717228,5264119264,POINT (0.282572998327202 0.5624138823696344),,,,,,,,,,,,,,,,,,,,,,,,,,,,,,,,,,,,,,,,,,,,,,,,,,,,,,,,,,,,,,,,,,,,,,,,,,,,,,,,,,,,,,,,,,,,,,,,,,,,1,
0,15,28,"{'x': 299.4668872446173, 'y': 654.035888132277, 'elapsedTime': 114273.5}",936805733895,5264135930,POINT (0.1559723371065715 0.6055887853076639),,,,,,,,,,,,,,,,,,,,,,,,,,,,,,,,,,,,,,,,,,,,,,,,,,,,,,,,,,,,,,,,,,,,,,,,,,,,,,,,,,,,,,,,,,,,,,,,,,,,,
0,15,28,"{'x': 299.4668872446173, 'y': 654.035888132277, 'elapsedTime': 114273.5}",936805750567,5264152602,POINT (0.1559723371065715 0.6055887853076639),,,,,,,,,,,,,,,,,,,,,,,,,,,,,,,,,,,,,,,,,,,,,,,,,,,,,,,,,,,,,,,,,,,,,,,,,,,,,,,,,,,,,,,,,,,,,,,,,,,,,
0,15,28,"{'x': 299.4668872446173, 'y': 654.035888132277, 'elapsedTime': 114273.5}",936805767235,5264169269,POINT (0.1559723371065715 0.6055887853076639),,,,,,,,,,,,,,,,,,,,,,,,,,,,,,,,,,,,,,,,,,,,,,,,,,,,,,,,,,,,,,,,,,,,,,,,,,,,,,,,,,,,,,,,,,,,,,,,,,,,,
0,15,28,"{'x': 341.49045316900117, 'y': 676.4177238448254, 'elapsedTime': 114324.30000007153}",936805783902,5264185936,POINT (0.1778596110255214 0.6263127072637272),,,,,,,,,,,,,,,,,,,,,,,,,,,,,,,,,,,,,,,,,,,,,,,,,,,,,,,,,,,,,,,,,,,,,,,,,,,,,,,,,,,,,,,,,,,,,,,,,,,,,1
0,15,28,"{'x': 341.49045316900117, 'y': 676.4177238448254, 'elapsedTime': 114324.30000007153}",936805800569,5264202602,POINT (0.1778596110255214 0.6263127072637272),,,,,,,,,,,,,,,,,,,,,,,,,,,,,,,,,,,,,,,,,,,,,,,,,,,,,,,,,,,,,,,,,,,,,,,,,,,,,,,,,,,,,,,,,,,,,,,,,,,,,1
0,15,28,"{'x': 341.49045316900117, 'y': 676.4177238448254, 'elapsedTime': 114324.30000007153}",936805817236,5264219269,POINT (0.1778596110255214 0.6263127072637272),,,,,,,,,,,,,,,,,,,,,,,,,,,,,,,,,,,,,,,,,,,,,,,,,,,,,,,,,,,,,,,,,,,,,,,,,,,,,,,,,,,,,,,,,,,,,,,,,,,,,1
0,15,28,"{'x': 438.99099928057035, 'y': 644.3546438065724, 'elapsedTime': 114376.89999997616}",936805833904,5264235936,POINT (0.2286411454586304 0.5966246701912707),,,,,,,,,,,,,,,,,,,,,,,,,,,,,,,,,,,,,,,,,,,,,,,,,,,,,,,,,,,,,,,,,,,,,,,,,,,,,,,,,,,,,,,,,,,,,,,,,,,,1,
0,15,28,"{'x': 438.99099928057035, 'y': 644.3546438065724, 'elapsedTime': 114376.89999997616}",936805850571,5264252602,POINT (0.2286411454586304 0.5966246701912707),,,,,,,,,,,,,,,,,,,,,,,,,,,,,,,,,,,,,,,,,,,,,,,,,,,,,,,,,,,,,,,,,,,,,,,,,,,,,,,,,,,,,,,,,,,,,,,,,,,,1,
