,pid,stimulus_number,coordinates,current_time,current_time1,geometry,using.1,std;.1,namespace.1,n>0.1,n==3.1,n=10.1,n--.1,n.1,main.1,int.1,int.2,if.1,for.1,cout.1,cout.2,countdown.1,break.1,aborted.1,<<.1,<<.2,<<.3,-----------.2,-----------.5,-----------.9,-----------.12,-----------.13,-----------.14,-----------.15,",.8",question,code,choices
0,30,17,"{'x': 595.8945898419755, 'y': 204.43100224781074, 'elapsedTime': 22892.5}",2550828279,14434545461,POINT (0.3103617655426956 0.1892879650442692),,,,,,1,,,,,,,,,,,,,,,,,,,,,,,,,,
0,30,17,"{'x': 595.8945898419755, 'y': 204.43100224781074, 'elapsedTime': 22892.5}",2550844946,14434562127,POINT (0.3103617655426956 0.1892879650442692),,,,,,1,,,,,,,,,,,,,,,,,,,,,,,,,,
0,30,17,"{'x': 595.8945898419755, 'y': 204.43100224781074, 'elapsedTime': 22892.5}",2550861613,14434578794,POINT (0.3103617655426956 0.1892879650442692),,,,,,1,,,,,,,,,,,,,,,,,,,,,,,,,,
0,30,17,"{'x': 595.8945898419755, 'y': 204.43100224781074, 'elapsedTime': 22892.5}",2550878281,14434595461,POINT (0.3103617655426956 0.1892879650442692),,,,,,1,,,,,,,,,,,,,,,,,,,,,,,,,,
0,30,17,"{'x': 595.8945898419755, 'y': 204.43100224781074, 'elapsedTime': 22892.5}",2550894947,14434612127,POINT (0.3103617655426956 0.1892879650442692),,,,,,1,,,,,,,,,,,,,,,,,,,,,,,,,,
0,30,17,"{'x': 595.8945898419755, 'y': 204.43100224781074, 'elapsedTime': 22892.5}",2550911615,14434628794,POINT (0.3103617655426956 0.1892879650442692),,,,,,1,,,,,,,,,,,,,,,,,,,,,,,,,,
0,30,17,"{'x': 595.8945898419755, 'y': 204.43100224781074, 'elapsedTime': 22892.5}",2550928281,14434645460,POINT (0.3103617655426956 0.1892879650442692),,,,,,1,,,,,,,,,,,,,,,,,,,,,,,,,,
0,30,17,"{'x': 595.8945898419755, 'y': 204.43100224781074, 'elapsedTime': 22892.5}",2550944955,14434662133,POINT (0.3103617655426956 0.1892879650442692),,,,,,1,,,,,,,,,,,,,,,,,,,,,,,,,,
0,30,17,"{'x': 595.8945898419755, 'y': 204.43100224781074, 'elapsedTime': 22892.5}",2550961622,14434678800,POINT (0.3103617655426956 0.1892879650442692),,,,,,1,,,,,,,,,,,,,,,,,,,,,,,,,,
0,30,17,"{'x': 595.8945898419755, 'y': 204.43100224781074, 'elapsedTime': 22892.5}",2550978289,14434695466,POINT (0.3103617655426956 0.1892879650442692),,,,,,1,,,,,,,,,,,,,,,,,,,,,,,,,,
0,30,17,"{'x': 595.8945898419755, 'y': 204.43100224781074, 'elapsedTime': 22892.5}",2550994957,14434712134,POINT (0.3103617655426956 0.1892879650442692),,,,,,1,,,,,,,,,,,,,,,,,,,,,,,,,,
0,30,17,"{'x': 595.8945898419755, 'y': 204.43100224781074, 'elapsedTime': 22892.5}",2551011624,14434728800,POINT (0.3103617655426956 0.1892879650442692),,,,,,1,,,,,,,,,,,,,,,,,,,,,,,,,,
0,30,17,"{'x': 595.8945898419755, 'y': 204.43100224781074, 'elapsedTime': 22892.5}",2551028290,14434745466,POINT (0.3103617655426956 0.1892879650442692),,,,,,1,,,,,,,,,,,,,,,,,,,,,,,,,,
0,30,17,"{'x': 595.8945898419755, 'y': 204.43100224781074, 'elapsedTime': 22892.5}",2551044959,14434762134,POINT (0.3103617655426956 0.1892879650442692),,,,,,1,,,,,,,,,,,,,,,,,,,,,,,,,,
0,30,17,"{'x': 595.8945898419755, 'y': 204.43100224781074, 'elapsedTime': 22892.5}",2551061625,14434778800,POINT (0.3103617655426956 0.1892879650442692),,,,,,1,,,,,,,,,,,,,,,,,,,,,,,,,,
0,30,17,"{'x': 595.8945898419755, 'y': 204.43100224781074, 'elapsedTime': 22892.5}",2551078297,14434795471,POINT (0.3103617655426956 0.1892879650442692),,,,,,1,,,,,,,,,,,,,,,,,,,,,,,,,,
0,30,17,"{'x': 595.8945898419755, 'y': 204.43100224781074, 'elapsedTime': 22892.5}",2551094963,14434812137,POINT (0.3103617655426956 0.1892879650442692),,,,,,1,,,,,,,,,,,,,,,,,,,,,,,,,,
0,30,17,"{'x': 595.8945898419755, 'y': 204.43100224781074, 'elapsedTime': 22892.5}",2551111630,14434828804,POINT (0.3103617655426956 0.1892879650442692),,,,,,1,,,,,,,,,,,,,,,,,,,,,,,,,,
0,30,17,"{'x': 595.8945898419755, 'y': 204.43100224781074, 'elapsedTime': 22892.5}",2551128298,14434845471,POINT (0.3103617655426956 0.1892879650442692),,,,,,1,,,,,,,,,,,,,,,,,,,,,,,,,,
0,30,17,"{'x': 595.8945898419755, 'y': 204.43100224781074, 'elapsedTime': 22892.5}",2551144964,14434862137,POINT (0.3103617655426956 0.1892879650442692),,,,,,1,,,,,,,,,,,,,,,,,,,,,,,,,,
0,30,17,"{'x': 595.8945898419755, 'y': 204.43100224781074, 'elapsedTime': 22892.5}",2551161632,14434878804,POINT (0.3103617655426956 0.1892879650442692),,,,,,1,,,,,,,,,,,,,,,,,,,,,,,,,,
0,30,17,"{'x': 595.8945898419755, 'y': 204.43100224781074, 'elapsedTime': 22892.5}",2551178298,14434895470,POINT (0.3103617655426956 0.1892879650442692),,,,,,1,,,,,,,,,,,,,,,,,,,,,,,,,,
0,30,17,"{'x': 595.8945898419755, 'y': 204.43100224781074, 'elapsedTime': 22892.5}",2551194970,14434912141,POINT (0.3103617655426956 0.1892879650442692),,,,,,1,,,,,,,,,,,,,,,,,,,,,,,,,,
0,30,17,"{'x': 595.8945898419755, 'y': 204.43100224781074, 'elapsedTime': 22892.5}",2551211637,14434928808,POINT (0.3103617655426956 0.1892879650442692),,,,,,1,,,,,,,,,,,,,,,,,,,,,,,,,,
0,30,17,"{'x': 595.8945898419755, 'y': 204.43100224781074, 'elapsedTime': 22892.5}",2551228304,14434945474,POINT (0.3103617655426956 0.1892879650442692),,,,,,1,,,,,,,,,,,,,,,,,,,,,,,,,,
0,30,17,"{'x': 595.8945898419755, 'y': 204.43100224781074, 'elapsedTime': 22892.5}",2551244971,14434962141,POINT (0.3103617655426956 0.1892879650442692),,,,,,1,,,,,,,,,,,,,,,,,,,,,,,,,,
0,30,17,"{'x': 595.8945898419755, 'y': 204.43100224781074, 'elapsedTime': 22892.5}",2551261639,14434978808,POINT (0.3103617655426956 0.1892879650442692),,,,,,1,,,,,,,,,,,,,,,,,,,,,,,,,,
0,30,17,"{'x': 595.8945898419755, 'y': 204.43100224781074, 'elapsedTime': 22892.5}",2551278305,14434995474,POINT (0.3103617655426956 0.1892879650442692),,,,,,1,,,,,,,,,,,,,,,,,,,,,,,,,,
0,30,17,"{'x': 595.8945898419755, 'y': 204.43100224781074, 'elapsedTime': 22892.5}",2551294973,14435012141,POINT (0.3103617655426956 0.1892879650442692),,,,,,1,,,,,,,,,,,,,,,,,,,,,,,,,,
0,30,17,"{'x': 595.8945898419755, 'y': 204.43100224781074, 'elapsedTime': 22892.5}",2551311640,14435028808,POINT (0.3103617655426956 0.1892879650442692),,,,,,1,,,,,,,,,,,,,,,,,,,,,,,,,,
0,30,17,"{'x': 595.8945898419755, 'y': 204.43100224781074, 'elapsedTime': 22892.5}",2551328315,14435045482,POINT (0.3103617655426956 0.1892879650442692),,,,,,1,,,,,,,,,,,,,,,,,,,,,,,,,,
0,30,17,"{'x': 595.8945898419755, 'y': 204.43100224781074, 'elapsedTime': 22892.5}",2551344981,14435062148,POINT (0.3103617655426956 0.1892879650442692),,,,,,1,,,,,,,,,,,,,,,,,,,,,,,,,,
0,30,17,"{'x': 595.8945898419755, 'y': 204.43100224781074, 'elapsedTime': 22892.5}",2551361649,14435078815,POINT (0.3103617655426956 0.1892879650442692),,,,,,1,,,,,,,,,,,,,,,,,,,,,,,,,,
0,30,17,"{'x': 595.8945898419755, 'y': 204.43100224781074, 'elapsedTime': 22892.5}",2551378316,14435095482,POINT (0.3103617655426956 0.1892879650442692),,,,,,1,,,,,,,,,,,,,,,,,,,,,,,,,,
0,30,17,"{'x': 595.8945898419755, 'y': 204.43100224781074, 'elapsedTime': 22892.5}",2551394983,14435112148,POINT (0.3103617655426956 0.1892879650442692),,,,,,1,,,,,,,,,,,,,,,,,,,,,,,,,,
0,30,17,"{'x': 595.8945898419755, 'y': 204.43100224781074, 'elapsedTime': 22892.5}",2551411650,14435128815,POINT (0.3103617655426956 0.1892879650442692),,,,,,1,,,,,,,,,,,,,,,,,,,,,,,,,,
0,30,17,"{'x': 595.8945898419755, 'y': 204.43100224781074, 'elapsedTime': 22892.5}",2551428317,14435145481,POINT (0.3103617655426956 0.1892879650442692),,,,,,1,,,,,,,,,,,,,,,,,,,,,,,,,,
0,30,17,"{'x': 595.8945898419755, 'y': 204.43100224781074, 'elapsedTime': 22892.5}",2551444984,14435162148,POINT (0.3103617655426956 0.1892879650442692),,,,,,1,,,,,,,,,,,,,,,,,,,,,,,,,,
0,30,17,"{'x': 595.8945898419755, 'y': 204.43100224781074, 'elapsedTime': 22892.5}",2551461654,14435178817,POINT (0.3103617655426956 0.1892879650442692),,,,,,1,,,,,,,,,,,,,,,,,,,,,,,,,,
0,30,17,"{'x': 595.8945898419755, 'y': 204.43100224781074, 'elapsedTime': 22892.5}",2551478320,14435195483,POINT (0.3103617655426956 0.1892879650442692),,,,,,1,,,,,,,,,,,,,,,,,,,,,,,,,,
0,30,17,"{'x': 595.8945898419755, 'y': 204.43100224781074, 'elapsedTime': 22892.5}",2551494988,14435212150,POINT (0.3103617655426956 0.1892879650442692),,,,,,1,,,,,,,,,,,,,,,,,,,,,,,,,,
0,30,17,"{'x': 595.8945898419755, 'y': 204.43100224781074, 'elapsedTime': 22892.5}",2551511654,14435228816,POINT (0.3103617655426956 0.1892879650442692),,,,,,1,,,,,,,,,,,,,,,,,,,,,,,,,,
0,30,17,"{'x': 595.8945898419755, 'y': 204.43100224781074, 'elapsedTime': 22892.5}",2551528322,14435245483,POINT (0.3103617655426956 0.1892879650442692),,,,,,1,,,,,,,,,,,,,,,,,,,,,,,,,,
0,30,17,"{'x': 595.8945898419755, 'y': 204.43100224781074, 'elapsedTime': 22892.5}",2551544989,14435262150,POINT (0.3103617655426956 0.1892879650442692),,,,,,1,,,,,,,,,,,,,,,,,,,,,,,,,,
0,30,17,"{'x': 595.8945898419755, 'y': 204.43100224781074, 'elapsedTime': 22892.5}",2551561657,14435278817,POINT (0.3103617655426956 0.1892879650442692),,,,,,1,,,,,,,,,,,,,,,,,,,,,,,,,,
0,30,17,"{'x': 595.8945898419755, 'y': 204.43100224781074, 'elapsedTime': 22892.5}",2551578324,14435295484,POINT (0.3103617655426956 0.1892879650442692),,,,,,1,,,,,,,,,,,,,,,,,,,,,,,,,,
0,30,17,"{'x': 595.8945898419755, 'y': 204.43100224781074, 'elapsedTime': 22892.5}",2551594997,14435312156,POINT (0.3103617655426956 0.1892879650442692),,,,,,1,,,,,,,,,,,,,,,,,,,,,,,,,,
0,30,17,"{'x': 595.8945898419755, 'y': 204.43100224781074, 'elapsedTime': 22892.5}",2551611664,14435328823,POINT (0.3103617655426956 0.1892879650442692),,,,,,1,,,,,,,,,,,,,,,,,,,,,,,,,,
0,30,17,"{'x': 595.8945898419755, 'y': 204.43100224781074, 'elapsedTime': 22892.5}",2551628331,14435345489,POINT (0.3103617655426956 0.1892879650442692),,,,,,1,,,,,,,,,,,,,,,,,,,,,,,,,,
0,30,17,"{'x': 595.8945898419755, 'y': 204.43100224781074, 'elapsedTime': 22892.5}",2551644998,14435362156,POINT (0.3103617655426956 0.1892879650442692),,,,,,1,,,,,,,,,,,,,,,,,,,,,,,,,,
0,30,17,"{'x': 595.8945898419755, 'y': 204.43100224781074, 'elapsedTime': 22892.5}",2551661665,14435378822,POINT (0.3103617655426956 0.1892879650442692),,,,,,1,,,,,,,,,,,,,,,,,,,,,,,,,,
0,30,17,"{'x': 595.8945898419755, 'y': 204.43100224781074, 'elapsedTime': 22892.5}",2551678331,14435395488,POINT (0.3103617655426956 0.1892879650442692),,,,,,1,,,,,,,,,,,,,,,,,,,,,,,,,,
0,30,17,"{'x': 595.8945898419755, 'y': 204.43100224781074, 'elapsedTime': 22892.5}",2551694999,14435412155,POINT (0.3103617655426956 0.1892879650442692),,,,,,1,,,,,,,,,,,,,,,,,,,,,,,,,,
0,30,17,"{'x': 595.8945898419755, 'y': 204.43100224781074, 'elapsedTime': 22892.5}",2551711666,14435428822,POINT (0.3103617655426956 0.1892879650442692),,,,,,1,,,,,,,,,,,,,,,,,,,,,,,,,,
0,30,17,"{'x': 595.8945898419755, 'y': 204.43100224781074, 'elapsedTime': 22892.5}",2551728337,14435445492,POINT (0.3103617655426956 0.1892879650442692),,,,,,1,,,,,,,,,,,,,,,,,,,,,,,,,,
0,30,17,"{'x': 595.8945898419755, 'y': 204.43100224781074, 'elapsedTime': 22892.5}",2551745004,14435462159,POINT (0.3103617655426956 0.1892879650442692),,,,,,1,,,,,,,,,,,,,,,,,,,,,,,,,,
0,30,17,"{'x': 595.8945898419755, 'y': 204.43100224781074, 'elapsedTime': 22892.5}",2551761672,14435478826,POINT (0.3103617655426956 0.1892879650442692),,,,,,1,,,,,,,,,,,,,,,,,,,,,,,,,,
0,30,17,"{'x': 595.8945898419755, 'y': 204.43100224781074, 'elapsedTime': 22892.5}",2551778338,14435495492,POINT (0.3103617655426956 0.1892879650442692),,,,,,1,,,,,,,,,,,,,,,,,,,,,,,,,,
0,30,17,"{'x': 595.8945898419755, 'y': 204.43100224781074, 'elapsedTime': 22892.5}",2551795006,14435512159,POINT (0.3103617655426956 0.1892879650442692),,,,,,1,,,,,,,,,,,,,,,,,,,,,,,,,,
0,30,17,"{'x': 595.8945898419755, 'y': 204.43100224781074, 'elapsedTime': 22892.5}",2551811672,14435528825,POINT (0.3103617655426956 0.1892879650442692),,,,,,1,,,,,,,,,,,,,,,,,,,,,,,,,,
0,30,17,"{'x': 595.8945898419755, 'y': 204.43100224781074, 'elapsedTime': 22892.5}",2551828340,14435545492,POINT (0.3103617655426956 0.1892879650442692),,,,,,1,,,,,,,,,,,,,,,,,,,,,,,,,,
0,30,17,"{'x': 595.8945898419755, 'y': 204.43100224781074, 'elapsedTime': 22892.5}",2551845007,14435562159,POINT (0.3103617655426956 0.1892879650442692),,,,,,1,,,,,,,,,,,,,,,,,,,,,,,,,,
0,30,17,"{'x': 595.8945898419755, 'y': 204.43100224781074, 'elapsedTime': 22892.5}",2551861678,14435578830,POINT (0.3103617655426956 0.1892879650442692),,,,,,1,,,,,,,,,,,,,,,,,,,,,,,,,,
0,30,17,"{'x': 595.8945898419755, 'y': 204.43100224781074, 'elapsedTime': 22892.5}",2551878345,14435595496,POINT (0.3103617655426956 0.1892879650442692),,,,,,1,,,,,,,,,,,,,,,,,,,,,,,,,,
0,30,17,"{'x': 595.8945898419755, 'y': 204.43100224781074, 'elapsedTime': 22892.5}",2551895012,14435612163,POINT (0.3103617655426956 0.1892879650442692),,,,,,1,,,,,,,,,,,,,,,,,,,,,,,,,,
0,30,17,"{'x': 595.8945898419755, 'y': 204.43100224781074, 'elapsedTime': 22892.5}",2551911679,14435628829,POINT (0.3103617655426956 0.1892879650442692),,,,,,1,,,,,,,,,,,,,,,,,,,,,,,,,,
0,30,17,"{'x': 595.8945898419755, 'y': 204.43100224781074, 'elapsedTime': 22892.5}",2551928346,14435645496,POINT (0.3103617655426956 0.1892879650442692),,,,,,1,,,,,,,,,,,,,,,,,,,,,,,,,,
0,30,17,"{'x': 595.8945898419755, 'y': 204.43100224781074, 'elapsedTime': 22892.5}",2551945014,14435662163,POINT (0.3103617655426956 0.1892879650442692),,,,,,1,,,,,,,,,,,,,,,,,,,,,,,,,,
0,30,17,"{'x': 595.8945898419755, 'y': 204.43100224781074, 'elapsedTime': 22892.5}",2551961681,14435678830,POINT (0.3103617655426956 0.1892879650442692),,,,,,1,,,,,,,,,,,,,,,,,,,,,,,,,,
0,30,17,"{'x': 595.8945898419755, 'y': 204.43100224781074, 'elapsedTime': 22892.5}",2551978348,14435695496,POINT (0.3103617655426956 0.1892879650442692),,,,,,1,,,,,,,,,,,,,,,,,,,,,,,,,,
0,30,17,"{'x': 595.8945898419755, 'y': 204.43100224781074, 'elapsedTime': 22892.5}",2551995021,14435712169,POINT (0.3103617655426956 0.1892879650442692),,,,,,1,,,,,,,,,,,,,,,,,,,,,,,,,,
0,30,17,"{'x': 595.8945898419755, 'y': 204.43100224781074, 'elapsedTime': 22892.5}",2552011690,14435728837,POINT (0.3103617655426956 0.1892879650442692),,,,,,1,,,,,,,,,,,,,,,,,,,,,,,,,,
0,30,17,"{'x': 595.8945898419755, 'y': 204.43100224781074, 'elapsedTime': 22892.5}",2552028356,14435745503,POINT (0.3103617655426956 0.1892879650442692),,,,,,1,,,,,,,,,,,,,,,,,,,,,,,,,,
0,30,17,"{'x': 595.8945898419755, 'y': 204.43100224781074, 'elapsedTime': 22892.5}",2552045024,14435762170,POINT (0.3103617655426956 0.1892879650442692),,,,,,1,,,,,,,,,,,,,,,,,,,,,,,,,,
0,30,17,"{'x': 595.8945898419755, 'y': 204.43100224781074, 'elapsedTime': 22892.5}",2552061690,14435778836,POINT (0.3103617655426956 0.1892879650442692),,,,,,1,,,,,,,,,,,,,,,,,,,,,,,,,,
0,30,17,"{'x': 595.8945898419755, 'y': 204.43100224781074, 'elapsedTime': 22892.5}",2552078358,14435795503,POINT (0.3103617655426956 0.1892879650442692),,,,,,1,,,,,,,,,,,,,,,,,,,,,,,,,,
0,30,17,"{'x': 595.8945898419755, 'y': 204.43100224781074, 'elapsedTime': 22892.5}",2552095024,14435812169,POINT (0.3103617655426956 0.1892879650442692),,,,,,1,,,,,,,,,,,,,,,,,,,,,,,,,,
0,30,17,"{'x': 595.8945898419755, 'y': 204.43100224781074, 'elapsedTime': 22892.5}",2552111697,14435828841,POINT (0.3103617655426956 0.1892879650442692),,,,,,1,,,,,,,,,,,,,,,,,,,,,,,,,,
0,30,17,"{'x': 595.8945898419755, 'y': 204.43100224781074, 'elapsedTime': 22892.5}",2552128364,14435845508,POINT (0.3103617655426956 0.1892879650442692),,,,,,1,,,,,,,,,,,,,,,,,,,,,,,,,,
0,30,17,"{'x': 595.8945898419755, 'y': 204.43100224781074, 'elapsedTime': 22892.5}",2552145031,14435862174,POINT (0.3103617655426956 0.1892879650442692),,,,,,1,,,,,,,,,,,,,,,,,,,,,,,,,,
0,30,17,"{'x': 595.8945898419755, 'y': 204.43100224781074, 'elapsedTime': 22892.5}",2552161697,14435878840,POINT (0.3103617655426956 0.1892879650442692),,,,,,1,,,,,,,,,,,,,,,,,,,,,,,,,,
0,30,17,"{'x': 595.8945898419755, 'y': 204.43100224781074, 'elapsedTime': 22892.5}",2552178365,14435895507,POINT (0.3103617655426956 0.1892879650442692),,,,,,1,,,,,,,,,,,,,,,,,,,,,,,,,,
0,30,17,"{'x': 595.8945898419755, 'y': 204.43100224781074, 'elapsedTime': 22892.5}",2552195032,14435912174,POINT (0.3103617655426956 0.1892879650442692),,,,,,1,,,,,,,,,,,,,,,,,,,,,,,,,,
0,30,17,"{'x': 595.8945898419755, 'y': 204.43100224781074, 'elapsedTime': 22892.5}",2552211699,14435928840,POINT (0.3103617655426956 0.1892879650442692),,,,,,1,,,,,,,,,,,,,,,,,,,,,,,,,,
0,30,17,"{'x': 595.8945898419755, 'y': 204.43100224781074, 'elapsedTime': 22892.5}",2552228366,14435945507,POINT (0.3103617655426956 0.1892879650442692),,,,,,1,,,,,,,,,,,,,,,,,,,,,,,,,,
0,30,17,"{'x': 595.8945898419755, 'y': 204.43100224781074, 'elapsedTime': 22892.5}",2552245039,14435962179,POINT (0.3103617655426956 0.1892879650442692),,,,,,1,,,,,,,,,,,,,,,,,,,,,,,,,,
0,30,17,"{'x': 595.8945898419755, 'y': 204.43100224781074, 'elapsedTime': 22892.5}",2552261706,14435978846,POINT (0.3103617655426956 0.1892879650442692),,,,,,1,,,,,,,,,,,,,,,,,,,,,,,,,,
0,30,17,"{'x': 595.8945898419755, 'y': 204.43100224781074, 'elapsedTime': 22892.5}",2552278375,14435995514,POINT (0.3103617655426956 0.1892879650442692),,,,,,1,,,,,,,,,,,,,,,,,,,,,,,,,,
0,30,17,"{'x': 595.8945898419755, 'y': 204.43100224781074, 'elapsedTime': 22892.5}",2552295042,14436012181,POINT (0.3103617655426956 0.1892879650442692),,,,,,1,,,,,,,,,,,,,,,,,,,,,,,,,,
0,30,17,"{'x': 595.8945898419755, 'y': 204.43100224781074, 'elapsedTime': 22892.5}",2552311709,14436028847,POINT (0.3103617655426956 0.1892879650442692),,,,,,1,,,,,,,,,,,,,,,,,,,,,,,,,,
0,30,17,"{'x': 595.8945898419755, 'y': 204.43100224781074, 'elapsedTime': 22892.5}",2552328376,14436045514,POINT (0.3103617655426956 0.1892879650442692),,,,,,1,,,,,,,,,,,,,,,,,,,,,,,,,,
0,30,17,"{'x': 595.8945898419755, 'y': 204.43100224781074, 'elapsedTime': 22892.5}",2552345043,14436062180,POINT (0.3103617655426956 0.1892879650442692),,,,,,1,,,,,,,,,,,,,,,,,,,,,,,,,,
0,30,17,"{'x': 595.8945898419755, 'y': 204.43100224781074, 'elapsedTime': 22892.5}",2552361710,14436078847,POINT (0.3103617655426956 0.1892879650442692),,,,,,1,,,,,,,,,,,,,,,,,,,,,,,,,,
0,30,17,"{'x': 595.8945898419755, 'y': 204.43100224781074, 'elapsedTime': 22892.5}",2552378381,14436095517,POINT (0.3103617655426956 0.1892879650442692),,,,,,1,,,,,,,,,,,,,,,,,,,,,,,,,,
0,30,17,"{'x': 595.8945898419755, 'y': 204.43100224781074, 'elapsedTime': 22892.5}",2552395048,14436112184,POINT (0.3103617655426956 0.1892879650442692),,,,,,1,,,,,,,,,,,,,,,,,,,,,,,,,,
0,30,17,"{'x': 595.8945898419755, 'y': 204.43100224781074, 'elapsedTime': 22892.5}",2552411715,14436128850,POINT (0.3103617655426956 0.1892879650442692),,,,,,1,,,,,,,,,,,,,,,,,,,,,,,,,,
0,30,17,"{'x': 595.8945898419755, 'y': 204.43100224781074, 'elapsedTime': 22892.5}",2552428381,14436145516,POINT (0.3103617655426956 0.1892879650442692),,,,,,1,,,,,,,,,,,,,,,,,,,,,,,,,,
0,30,17,"{'x': 595.8945898419755, 'y': 204.43100224781074, 'elapsedTime': 22892.5}",2552445049,14436162183,POINT (0.3103617655426956 0.1892879650442692),,,,,,1,,,,,,,,,,,,,,,,,,,,,,,,,,
0,30,17,"{'x': 595.8945898419755, 'y': 204.43100224781074, 'elapsedTime': 22892.5}",2552461716,14436178850,POINT (0.3103617655426956 0.1892879650442692),,,,,,1,,,,,,,,,,,,,,,,,,,,,,,,,,
0,30,17,"{'x': 595.8945898419755, 'y': 204.43100224781074, 'elapsedTime': 22892.5}",2552478383,14436195516,POINT (0.3103617655426956 0.1892879650442692),,,,,,1,,,,,,,,,,,,,,,,,,,,,,,,,,
0,30,17,"{'x': 595.8945898419755, 'y': 204.43100224781074, 'elapsedTime': 22892.5}",2552495050,14436212183,POINT (0.3103617655426956 0.1892879650442692),,,,,,1,,,,,,,,,,,,,,,,,,,,,,,,,,
0,30,17,"{'x': 595.8945898419755, 'y': 204.43100224781074, 'elapsedTime': 22892.5}",2552511722,14436228854,POINT (0.3103617655426956 0.1892879650442692),,,,,,1,,,,,,,,,,,,,,,,,,,,,,,,,,
0,30,17,"{'x': 595.8945898419755, 'y': 204.43100224781074, 'elapsedTime': 22892.5}",2552528390,14436245522,POINT (0.3103617655426956 0.1892879650442692),,,,,,1,,,,,,,,,,,,,,,,,,,,,,,,,,
0,30,17,"{'x': 595.8945898419755, 'y': 204.43100224781074, 'elapsedTime': 22892.5}",2552545056,14436262187,POINT (0.3103617655426956 0.1892879650442692),,,,,,1,,,,,,,,,,,,,,,,,,,,,,,,,,
0,30,17,"{'x': 595.8945898419755, 'y': 204.43100224781074, 'elapsedTime': 22892.5}",2552561724,14436278855,POINT (0.3103617655426956 0.1892879650442692),,,,,,1,,,,,,,,,,,,,,,,,,,,,,,,,,
0,30,17,"{'x': 595.8945898419755, 'y': 204.43100224781074, 'elapsedTime': 22892.5}",2552578391,14436295521,POINT (0.3103617655426956 0.1892879650442692),,,,,,1,,,,,,,,,,,,,,,,,,,,,,,,,,
0,30,17,"{'x': 595.8945898419755, 'y': 204.43100224781074, 'elapsedTime': 22892.5}",2552595059,14436312189,POINT (0.3103617655426956 0.1892879650442692),,,,,,1,,,,,,,,,,,,,,,,,,,,,,,,,,
0,30,17,"{'x': 500.24275494841066, 'y': 499.65328377125456, 'elapsedTime': 11.299999999813735}",2552611726,14436328855,POINT (0.2605431015356305 0.4626419294178283),,,,,,,,,,,,,,,,,,,,,,,,,,,,,,,,
0,30,17,"{'x': 500.24275494841066, 'y': 499.65328377125456, 'elapsedTime': 11.299999999813735}",2552628392,14436345521,POINT (0.2605431015356305 0.4626419294178283),,,,,,,,,,,,,,,,,,,,,,,,,,,,,,,,
0,30,17,"{'x': 500.24275494841066, 'y': 499.65328377125456, 'elapsedTime': 11.299999999813735}",2552645064,14436362193,POINT (0.2605431015356305 0.4626419294178283),,,,,,,,,,,,,,,,,,,,,,,,,,,,,,,,
0,30,17,"{'x': 502.5072917515269, 'y': 497.607627584687, 'elapsedTime': 940.3999999999069}",2552661731,14436378859,POINT (0.2617225477872536 0.4607478033191547),,,,,,,,,,,,,,,,,,,,,,,,,,,,,,,,
0,30,17,"{'x': 502.5072917515269, 'y': 497.607627584687, 'elapsedTime': 940.3999999999069}",2552678398,14436395526,POINT (0.2617225477872536 0.4607478033191547),,,,,,,,,,,,,,,,,,,,,,,,,,,,,,,,
0,30,17,"{'x': 502.5072917515269, 'y': 497.607627584687, 'elapsedTime': 940.3999999999069}",2552695065,14436412192,POINT (0.2617225477872536 0.4607478033191547),,,,,,,,,,,,,,,,,,,,,,,,,,,,,,,,
0,30,17,"{'x': 509.7034766838937, 'y': 493.50735636517715, 'elapsedTime': 988}",2552711732,14436428859,POINT (0.2654705607728613 0.4569512558936825),,,,,,,,,,,,,,,,,,,,,,,,,,,,,,,,
0,30,17,"{'x': 509.7034766838937, 'y': 493.50735636517715, 'elapsedTime': 988}",2552728400,14436445526,POINT (0.2654705607728613 0.4569512558936825),,,,,,,,,,,,,,,,,,,,,,,,,,,,,,,,
0,30,17,"{'x': 509.7034766838937, 'y': 493.50735636517715, 'elapsedTime': 988}",2552745066,14436462192,POINT (0.2654705607728613 0.4569512558936825),,,,,,,,,,,,,,,,,,,,,,,,,,,,,,,,
0,30,17,"{'x': 522.2375885449472, 'y': 475.13509204473644, 'elapsedTime': 1039.1999999997206}",2552761734,14436478859,POINT (0.2719987440338267 0.4399399000414226),,,,,,,,,,,,,,,,,,,,,,,,,,,,,,,,
0,30,17,"{'x': 522.2375885449472, 'y': 475.13509204473644, 'elapsedTime': 1039.1999999997206}",2552778404,14436495529,POINT (0.2719987440338267 0.4399399000414226),,,,,,,,,,,,,,,,,,,,,,,,,,,,,,,,
0,30,17,"{'x': 522.2375885449472, 'y': 475.13509204473644, 'elapsedTime': 1039.1999999997206}",2552795072,14436512196,POINT (0.2719987440338267 0.4399399000414226),,,,,,,,,,,,,,,,,,,,,,,,,,,,,,,,
0,30,17,"{'x': 531.2668064614284, 'y': 461.37884301681765, 'elapsedTime': 1092.1999999997206}",2552811739,14436528863,POINT (0.2767014616986606 0.4272026324229793),,,,,,,,,,,,,,,,,,,,,,,,,,,,,,,,
0,30,17,"{'x': 531.2668064614284, 'y': 461.37884301681765, 'elapsedTime': 1092.1999999997206}",2552828407,14436545530,POINT (0.2767014616986606 0.4272026324229793),,,,,,,,,,,,,,,,,,,,,,,,,,,,,,,,
0,30,17,"{'x': 531.2668064614284, 'y': 461.37884301681765, 'elapsedTime': 1092.1999999997206}",2552845073,14436562196,POINT (0.2767014616986606 0.4272026324229793),,,,,,,,,,,,,,,,,,,,,,,,,,,,,,,,
0,30,17,"{'x': 531.2668064614284, 'y': 461.37884301681765, 'elapsedTime': 1092.1999999997206}",2552861740,14436578862,POINT (0.2767014616986606 0.4272026324229793),,,,,,,,,,,,,,,,,,,,,,,,,,,,,,,,
0,30,17,"{'x': 581.8069789900075, 'y': 433.05899870477936, 'elapsedTime': 1144.2999999998137}",2552878406,14436595528,POINT (0.3030244682239622 0.4009805543562772),,,,,,,,,,,,,,,,,,,,,,,,,,,,,,,,
0,30,17,"{'x': 581.8069789900075, 'y': 433.05899870477936, 'elapsedTime': 1144.2999999998137}",2552895074,14436612195,POINT (0.3030244682239622 0.4009805543562772),,,,,,,,,,,,,,,,,,,,,,,,,,,,,,,,
0,30,17,"{'x': 581.8069789900075, 'y': 433.05899870477936, 'elapsedTime': 1144.2999999998137}",2552911748,14436628869,POINT (0.3030244682239622 0.4009805543562772),,,,,,,,,,,,,,,,,,,,,,,,,,,,,,,,
0,30,17,"{'x': 624.7598442750058, 'y': 409.67894538320616, 'elapsedTime': 1197.2999999998137}",2552928415,14436645535,POINT (0.3253957522265655 0.379332356836302),,,,,,,,,,,,,,,,,,,,,,,,,,,,,,,,
0,30,17,"{'x': 624.7598442750058, 'y': 409.67894538320616, 'elapsedTime': 1197.2999999998137}",2552945082,14436662202,POINT (0.3253957522265655 0.379332356836302),,,,,,,,,,,,,,,,,,,,,,,,,,,,,,,,
0,30,17,"{'x': 624.7598442750058, 'y': 409.67894538320616, 'elapsedTime': 1197.2999999998137}",2552961749,14436678868,POINT (0.3253957522265655 0.379332356836302),,,,,,,,,,,,,,,,,,,,,,,,,,,,,,,,
0,30,17,"{'x': 668.449330185704, 'y': 405.3286150886647, 'elapsedTime': 1255.5}",2552978416,14436695535,POINT (0.3481506928050541 0.3753042732302451),,,,,,,,,,,,,,,,,,,,,,,,,,,,,,,,
0,30,17,"{'x': 668.449330185704, 'y': 405.3286150886647, 'elapsedTime': 1255.5}",2552995084,14436712202,POINT (0.3481506928050541 0.3753042732302451),,,,,,,,,,,,,,,,,,,,,,,,,,,,,,,,
0,30,17,"{'x': 668.449330185704, 'y': 405.3286150886647, 'elapsedTime': 1255.5}",2553011751,14436728869,POINT (0.3481506928050541 0.3753042732302451),,,,,,,,,,,,,,,,,,,,,,,,,,,,,,,,
0,30,17,"{'x': 668.449330185704, 'y': 405.3286150886647, 'elapsedTime': 1255.5}",2553028418,14436745535,POINT (0.3481506928050541 0.3753042732302451),,,,,,,,,,,,,,,,,,,,,,,,,,,,,,,,
0,30,17,"{'x': 668.449330185704, 'y': 405.3286150886647, 'elapsedTime': 1255.5}",2553045085,14436762202,POINT (0.3481506928050541 0.3753042732302451),,,,,,,,,,,,,,,,,,,,,,,,,,,,,,,,
0,30,17,"{'x': 728.4583190771602, 'y': 370.22030152060483, 'elapsedTime': 1319}",2553061753,14436778869,POINT (0.3794053745193543 0.3427965754820415),,,,,,,,,,,,,,,,,,,,,,,,,,,,,,,,
0,30,17,"{'x': 728.4583190771602, 'y': 370.22030152060483, 'elapsedTime': 1319}",2553078419,14436795535,POINT (0.3794053745193543 0.3427965754820415),,,,,,,,,,,,,,,,,,,,,,,,,,,,,,,,
0,30,17,"{'x': 728.4583190771602, 'y': 370.22030152060483, 'elapsedTime': 1319}",2553095087,14436812202,POINT (0.3794053745193543 0.3427965754820415),,,,,,,,,,,,,,,,,,,,,,,,,,,,,,,,
0,30,17,"{'x': 723.861780755538, 'y': 337.7847007568706, 'elapsedTime': 1394.0999999996275}",2553111754,14436828869,POINT (0.3770113441435094 0.3127636118119172),,,,,,,,,,,,,,,,,,,,,,,,,,,,,,,1,
0,30,17,"{'x': 723.861780755538, 'y': 337.7847007568706, 'elapsedTime': 1394.0999999996275}",2553128421,14436845535,POINT (0.3770113441435094 0.3127636118119172),,,,,,,,,,,,,,,,,,,,,,,,,,,,,,,1,
0,30,17,"{'x': 723.861780755538, 'y': 337.7847007568706, 'elapsedTime': 1394.0999999996275}",2553145087,14436862201,POINT (0.3770113441435094 0.3127636118119172),,,,,,,,,,,,,,,,,,,,,,,,,,,,,,,1,
0,30,17,"{'x': 753.4222698035545, 'y': 378.15497950743656, 'elapsedTime': 1447.5}",2553161764,14436878877,POINT (0.3924074321893513 0.3501434995439228),,,,,,,,,,,,,,,,,,,,,,,,,,,,,,,,
0,30,17,"{'x': 753.4222698035545, 'y': 378.15497950743656, 'elapsedTime': 1447.5}",2553178432,14436895545,POINT (0.3924074321893513 0.3501434995439228),,,,,,,,,,,,,,,,,,,,,,,,,,,,,,,,
0,30,17,"{'x': 753.4222698035545, 'y': 378.15497950743656, 'elapsedTime': 1447.5}",2553195099,14436912211,POINT (0.3924074321893513 0.3501434995439228),,,,,,,,,,,,,,,,,,,,,,,,,,,,,,,,
0,30,17,"{'x': 753.4222698035545, 'y': 378.15497950743656, 'elapsedTime': 1447.5}",2553211765,14436928877,POINT (0.3924074321893513 0.3501434995439228),,,,,,,,,,,,,,,,,,,,,,,,,,,,,,,,
0,30,17,"{'x': 789.5043759792653, 'y': 358.1429171778097, 'elapsedTime': 1500.3999999999069}",2553228433,14436945544,POINT (0.411200195822534 0.3316138122016756),,,,,,,,,,,,,,,,,,1,,,,,,,,,,,,,1,
0,30,17,"{'x': 789.5043759792653, 'y': 358.1429171778097, 'elapsedTime': 1500.3999999999069}",2553245100,14436962211,POINT (0.411200195822534 0.3316138122016756),,,,,,,,,,,,,,,,,,1,,,,,,,,,,,,,1,
0,30,17,"{'x': 789.5043759792653, 'y': 358.1429171778097, 'elapsedTime': 1500.3999999999069}",2553261768,14436978878,POINT (0.411200195822534 0.3316138122016756),,,,,,,,,,,,,,,,,,1,,,,,,,,,,,,,1,
0,30,17,"{'x': 770.3891059082646, 'y': 311.82277221557536, 'elapsedTime': 1552.2999999998137}",2553278434,14436995544,POINT (0.4012443259938878 0.2887247890884957),,,,,,,,,,,,,,,,,,,,,,,,,,,,,,1,1,
0,30,17,"{'x': 770.3891059082646, 'y': 311.82277221557536, 'elapsedTime': 1552.2999999998137}",2553295107,14437012216,POINT (0.4012443259938878 0.2887247890884957),,,,,,,,,,,,,,,,,,,,,,,,,,,,,,1,1,
0,30,17,"{'x': 770.3891059082646, 'y': 311.82277221557536, 'elapsedTime': 1552.2999999998137}",2553311773,14437028882,POINT (0.4012443259938878 0.2887247890884957),,,,,,,,,,,,,,,,,,,,,,,,,,,,,,1,1,
0,30,17,"{'x': 787.9704836175054, 'y': 301.29909977178204, 'elapsedTime': 1609.3999999999069}",2553328441,14437045549,POINT (0.410401293550784 0.2789806479368352),,,,,,,,,,,,,,,,,,,,,,,,,,,,,,1,1,
0,30,17,"{'x': 787.9704836175054, 'y': 301.29909977178204, 'elapsedTime': 1609.3999999999069}",2553345108,14437062216,POINT (0.410401293550784 0.2789806479368352),,,,,,,,,,,,,,,,,,,,,,,,,,,,,,1,1,
0,30,17,"{'x': 787.9704836175054, 'y': 301.29909977178204, 'elapsedTime': 1609.3999999999069}",2553361776,14437078883,POINT (0.410401293550784 0.2789806479368352),,,,,,,,,,,,,,,,,,,,,,,,,,,,,,1,1,
0,30,17,"{'x': 813.9596422829391, 'y': 241.15221289024387, 'elapsedTime': 1661.0999999996275}",2553378442,14437095549,POINT (0.4239373136890308 0.2232890860094851),,,,,,,,,,,,,,,,,,,,,,,,,,,,,,,1,
0,30,17,"{'x': 813.9596422829391, 'y': 241.15221289024387, 'elapsedTime': 1661.0999999996275}",2553395110,14437112216,POINT (0.4239373136890308 0.2232890860094851),,,,,,,,,,,,,,,,,,,,,,,,,,,,,,,1,
0,30,17,"{'x': 813.9596422829391, 'y': 241.15221289024387, 'elapsedTime': 1661.0999999996275}",2553411776,14437128882,POINT (0.4239373136890308 0.2232890860094851),,,,,,,,,,,,,,,,,,,,,,,,,,,,,,,1,
0,30,17,"{'x': 813.9596422829391, 'y': 241.15221289024387, 'elapsedTime': 1661.0999999996275}",2553428447,14437145553,POINT (0.4239373136890308 0.2232890860094851),,,,,,,,,,,,,,,,,,,,,,,,,,,,,,,1,
0,30,17,"{'x': 834.0462056708889, 'y': 217.96045041788426, 'elapsedTime': 1714.0999999996275}",2553445115,14437162220,POINT (0.434399065453588 0.2018152318684114),,,,,,,,,,,,,,,,,,,,,,,,,,,,,,,,
0,30,17,"{'x': 834.0462056708889, 'y': 217.96045041788426, 'elapsedTime': 1714.0999999996275}",2553461781,14437178886,POINT (0.434399065453588 0.2018152318684114),,,,,,,,,,,,,,,,,,,,,,,,,,,,,,,,
0,30,17,"{'x': 834.0462056708889, 'y': 217.96045041788426, 'elapsedTime': 1714.0999999996275}",2553478449,14437195553,POINT (0.434399065453588 0.2018152318684114),,,,,,,,,,,,,,,,,,,,,,,,,,,,,,,,
0,30,17,"{'x': 862.1670940597527, 'y': 216.9547823021523, 'elapsedTime': 1768.3999999999069}",2553495116,14437212220,POINT (0.4490453614894545 0.200884057687178),,,,,,,,,,,,,,,,,,,,,,,,,,,,,,,,
0,30,17,"{'x': 862.1670940597527, 'y': 216.9547823021523, 'elapsedTime': 1768.3999999999069}",2553511784,14437228887,POINT (0.4490453614894545 0.200884057687178),,,,,,,,,,,,,,,,,,,,,,,,,,,,,,,,
0,30,17,"{'x': 862.1670940597527, 'y': 216.9547823021523, 'elapsedTime': 1768.3999999999069}",2553528450,14437245553,POINT (0.4490453614894545 0.200884057687178),,,,,,,,,,,,,,,,,,,,,,,,,,,,,,,,
0,30,17,"{'x': 913.4361483713965, 'y': 231.81062232313107, 'elapsedTime': 1822.7999999998137}",2553545118,14437262220,POINT (0.4757479939434356 0.2146394651140102),,,,,,,,,,,,,,,,,,,,,,,,,,,,,,,1,
0,30,17,"{'x': 913.4361483713965, 'y': 231.81062232313107, 'elapsedTime': 1822.7999999998137}",2553561791,14437278893,POINT (0.4757479939434356 0.2146394651140102),,,,,,,,,,,,,,,,,,,,,,,,,,,,,,,1,
0,30,17,"{'x': 913.4361483713965, 'y': 231.81062232313107, 'elapsedTime': 1822.7999999998137}",2553578458,14437295559,POINT (0.4757479939434356 0.2146394651140102),,,,,,,,,,,,,,,,,,,,,,,,,,,,,,,1,
0,30,17,"{'x': 958.5592887338521, 'y': 232.4912415368293, 'elapsedTime': 1876.5}",2553595125,14437312226,POINT (0.4992496295488813 0.2152696680896568),,,,,,,,,,,,,,,,,,,,,,,,,,,,,,,1,
0,30,17,"{'x': 958.5592887338521, 'y': 232.4912415368293, 'elapsedTime': 1876.5}",2553611793,14437328893,POINT (0.4992496295488813 0.2152696680896568),,,,,,,,,,,,,,,,,,,,,,,,,,,,,,,1,
0,30,17,"{'x': 958.5592887338521, 'y': 232.4912415368293, 'elapsedTime': 1876.5}",2553628460,14437345559,POINT (0.4992496295488813 0.2152696680896568),,,,,,,,,,,,,,,,,,,,,,,,,,,,,,,1,
0,30,17,"{'x': 975.9473212282919, 'y': 225.13165099875656, 'elapsedTime': 1928.0999999996275}",2553645127,14437362225,POINT (0.5083058964730687 0.2084552324062561),,,,,,,,,,,,,,,,,,,,,,,,,,,,,,1,,
0,30,17,"{'x': 975.9473212282919, 'y': 225.13165099875656, 'elapsedTime': 1928.0999999996275}",2553661794,14437378892,POINT (0.5083058964730687 0.2084552324062561),,,,,,,,,,,,,,,,,,,,,,,,,,,,,,1,,
0,30,17,"{'x': 975.9473212282919, 'y': 225.13165099875656, 'elapsedTime': 1928.0999999996275}",2553678462,14437395559,POINT (0.5083058964730687 0.2084552324062561),,,,,,,,,,,,,,,,,,,,,,,,,,,,,,1,,
0,30,17,"{'x': 1034.903047693675, 'y': 236.31061163151583, 'elapsedTime': 1981.5999999996275}",2553695131,14437412228,POINT (0.5390120040071225 0.2188061218810332),,,,,,,,,,,,,,,,,,,,,,,,,,,,,,,1,
0,30,17,"{'x': 1034.903047693675, 'y': 236.31061163151583, 'elapsedTime': 1981.5999999996275}",2553711799,14437428895,POINT (0.5390120040071225 0.2188061218810332),,,,,,,,,,,,,,,,,,,,,,,,,,,,,,,1,
0,30,17,"{'x': 1034.903047693675, 'y': 236.31061163151583, 'elapsedTime': 1981.5999999996275}",2553728466,14437445562,POINT (0.5390120040071225 0.2188061218810332),,,,,,,,,,,,,,,,,,,,,,,,,,,,,,,1,
0,30,17,"{'x': 945.9241527108687, 'y': 210.78009269450962, 'elapsedTime': 2032.7999999998137}",2553745133,14437462228,POINT (0.4926688295369108 0.1951667524949163),,,,,,,,,,,,,,,,,,,,,,,,,,,,,,1,,
0,30,17,"{'x': 945.9241527108687, 'y': 210.78009269450962, 'elapsedTime': 2032.7999999998137}",2553761800,14437478895,POINT (0.4926688295369108 0.1951667524949163),,,,,,,,,,,,,,,,,,,,,,,,,,,,,,1,,
0,30,17,"{'x': 945.9241527108687, 'y': 210.78009269450962, 'elapsedTime': 2032.7999999998137}",2553778468,14437495562,POINT (0.4926688295369108 0.1951667524949163),,,,,,,,,,,,,,,,,,,,,,,,,,,,,,1,,
0,30,17,"{'x': 945.9241527108687, 'y': 210.78009269450962, 'elapsedTime': 2032.7999999998137}",2553795134,14437512228,POINT (0.4926688295369108 0.1951667524949163),,,,,,,,,,,,,,,,,,,,,,,,,,,,,,1,,
0,30,17,"{'x': 894.4233652778021, 'y': 153.2083572002601, 'elapsedTime': 2087.1999999997206}",2553811803,14437528896,POINT (0.4658455027488552 0.1418595900002408),,,,,,,,,,,,,,,,,,,,,,,,,,,,,,1,,
0,30,17,"{'x': 894.4233652778021, 'y': 153.2083572002601, 'elapsedTime': 2087.1999999997206}",2553828474,14437545567,POINT (0.4658455027488552 0.1418595900002408),,,,,,,,,,,,,,,,,,,,,,,,,,,,,,1,,
0,30,17,"{'x': 894.4233652778021, 'y': 153.2083572002601, 'elapsedTime': 2087.1999999997206}",2553845142,14437562234,POINT (0.4658455027488552 0.1418595900002408),,,,,,,,,,,,,,,,,,,,,,,,,,,,,,1,,
0,30,17,"{'x': 896.3515803375196, 'y': 188.22385340863173, 'elapsedTime': 2139.5}",2553861808,14437578900,POINT (0.4668497814257915 0.1742813457487331),,,,,,,,,,,,,,,,,,,,,,,,,,,,,,1,,
0,30,17,"{'x': 896.3515803375196, 'y': 188.22385340863173, 'elapsedTime': 2139.5}",2553878476,14437595567,POINT (0.4668497814257915 0.1742813457487331),,,,,,,,,,,,,,,,,,,,,,,,,,,,,,1,,
0,30,17,"{'x': 896.3515803375196, 'y': 188.22385340863173, 'elapsedTime': 2139.5}",2553895142,14437612233,POINT (0.4668497814257915 0.1742813457487331),,,,,,,,,,,,,,,,,,,,,,,,,,,,,,1,,
0,30,17,"{'x': 896.3515803375196, 'y': 188.22385340863173, 'elapsedTime': 2139.5}",2553911810,14437628900,POINT (0.4668497814257915 0.1742813457487331),,,,,,,,,,,,,,,,,,,,,,,,,,,,,,1,,
0,30,17,"{'x': 892.0424399550695, 'y': 205.19977824697958, 'elapsedTime': 2195.6999999997206}",2553928477,14437645567,POINT (0.4646054374765987 0.1899997946731292),,,,,,,,,,,,,,,,,,,,,,,,,,,,,,1,,
0,30,17,"{'x': 892.0424399550695, 'y': 205.19977824697958, 'elapsedTime': 2195.6999999997206}",2553945145,14437662234,POINT (0.4646054374765987 0.1899997946731292),,,,,,,,,,,,,,,,,,,,,,,,,,,,,,1,,
0,30,17,"{'x': 892.0424399550695, 'y': 205.19977824697958, 'elapsedTime': 2195.6999999997206}",2553961817,14437678906,POINT (0.4646054374765987 0.1899997946731292),,,,,,,,,,,,,,,,,,,,,,,,,,,,,,1,,
0,30,17,"{'x': 892.0424399550695, 'y': 205.19977824697958, 'elapsedTime': 2195.6999999997206}",2553978485,14437695573,POINT (0.4646054374765987 0.1899997946731292),,,,,,,,,,,,,,,,,,,,,,,,,,,,,,1,,
0,30,17,"{'x': 897.0833579232919, 'y': 252.8933599921797, 'elapsedTime': 2253.7999999998137}",2553995151,14437712239,POINT (0.4672309155850479 0.2341605185112775),,,,,,,,,,,,,,,,,,,,,,,,,,,,,,1,1,
0,30,17,"{'x': 897.0833579232919, 'y': 252.8933599921797, 'elapsedTime': 2253.7999999998137}",2554011819,14437728906,POINT (0.4672309155850479 0.2341605185112775),,,,,,,,,,,,,,,,,,,,,,,,,,,,,,1,1,
0,30,17,"{'x': 897.0833579232919, 'y': 252.8933599921797, 'elapsedTime': 2253.7999999998137}",2554028486,14437745573,POINT (0.4672309155850479 0.2341605185112775),,,,,,,,,,,,,,,,,,,,,,,,,,,,,,1,1,
0,30,17,"{'x': 897.0833579232919, 'y': 252.8933599921797, 'elapsedTime': 2253.7999999998137}",2554045153,14437762239,POINT (0.4672309155850479 0.2341605185112775),,,,,,,,,,,,,,,,,,,,,,,,,,,,,,1,1,
0,30,17,"{'x': 869.9752510583633, 'y': 240.28782628301218, 'elapsedTime': 2319.5999999996275}",2554061820,14437778906,POINT (0.4531121099262308 0.2224887280398261),,,,,,,,,,,,,,,,,,,,,,,,,,,,,,,1,
0,30,17,"{'x': 869.9752510583633, 'y': 240.28782628301218, 'elapsedTime': 2319.5999999996275}",2554078492,14437795577,POINT (0.4531121099262308 0.2224887280398261),,,,,,,,,,,,,,,,,,,,,,,,,,,,,,,1,
0,30,17,"{'x': 869.9752510583633, 'y': 240.28782628301218, 'elapsedTime': 2319.5999999996275}",2554095159,14437812244,POINT (0.4531121099262308 0.2224887280398261),,,,,,,,,,,,,,,,,,,,,,,,,,,,,,,1,
0,30,17,"{'x': 869.9752510583633, 'y': 240.28782628301218, 'elapsedTime': 2319.5999999996275}",2554111827,14437828911,POINT (0.4531121099262308 0.2224887280398261),,,,,,,,,,,,,,,,,,,,,,,,,,,,,,,1,
0,30,17,"{'x': 901.2354296135449, 'y': 202.62157605594496, 'elapsedTime': 2399.5999999996275}",2554128495,14437845578,POINT (0.4693934529237212 0.1876125704221712),,,,,,,,,,,,,,,,,,,,,,,,,,,,,,1,,
0,30,17,"{'x': 901.2354296135449, 'y': 202.62157605594496, 'elapsedTime': 2399.5999999996275}",2554145162,14437862245,POINT (0.4693934529237212 0.1876125704221712),,,,,,,,,,,,,,,,,,,,,,,,,,,,,,1,,
0,30,17,"{'x': 901.2354296135449, 'y': 202.62157605594496, 'elapsedTime': 2399.5999999996275}",2554161829,14437878911,POINT (0.4693934529237212 0.1876125704221712),,,,,,,,,,,,,,,,,,,,,,,,,,,,,,1,,
0,30,17,"{'x': 901.2354296135449, 'y': 202.62157605594496, 'elapsedTime': 2399.5999999996275}",2554178496,14437895578,POINT (0.4693934529237212 0.1876125704221712),,,,,,,,,,,,,,,,,,,,,,,,,,,,,,1,,
0,30,17,"{'x': 931.9276178421114, 'y': 214.52257822515085, 'elapsedTime': 2470}",2554195164,14437912245,POINT (0.4853789676260997 0.1986320168751397),,,,,,,,,,,,,,,,,,,,,,,,,,,,,,1,,
0,30,17,"{'x': 931.9276178421114, 'y': 214.52257822515085, 'elapsedTime': 2470}",2554211834,14437928915,POINT (0.4853789676260997 0.1986320168751397),,,,,,,,,,,,,,,,,,,,,,,,,,,,,,1,,
0,30,17,"{'x': 931.9276178421114, 'y': 214.52257822515085, 'elapsedTime': 2470}",2554228502,14437945582,POINT (0.4853789676260997 0.1986320168751397),,,,,,,,,,,,,,,,,,,,,,,,,,,,,,1,,
0,30,17,"{'x': 931.9276178421114, 'y': 214.52257822515085, 'elapsedTime': 2470}",2554245168,14437962248,POINT (0.4853789676260997 0.1986320168751397),,,,,,,,,,,,,,,,,,,,,,,,,,,,,,1,,
0,30,17,"{'x': 920.7548553853402, 'y': 277.0821608604064, 'elapsedTime': 2528.899999999907}",2554261836,14437978915,POINT (0.479559820513198 0.2565575563522282),,,,,,,,,,,,,,,,,,,,,,,,,,,,,,1,1,
0,30,17,"{'x': 920.7548553853402, 'y': 277.0821608604064, 'elapsedTime': 2528.899999999907}",2554278503,14437995582,POINT (0.479559820513198 0.2565575563522282),,,,,,,,,,,,,,,,,,,,,,,,,,,,,,1,1,
0,30,17,"{'x': 920.7548553853402, 'y': 277.0821608604064, 'elapsedTime': 2528.899999999907}",2554295170,14438012248,POINT (0.479559820513198 0.2565575563522282),,,,,,,,,,,,,,,,,,,,,,,,,,,,,,1,1,
0,30,17,"{'x': 884.505654691385, 'y': 353.11231847786905, 'elapsedTime': 2586}",2554311837,14438028915,POINT (0.4606800284850963 0.3269558504424713),,,,,,,,,,,,,,,,,,,,,,,,,,,,,,,1,
0,30,17,"{'x': 884.505654691385, 'y': 353.11231847786905, 'elapsedTime': 2586}",2554328504,14438045581,POINT (0.4606800284850963 0.3269558504424713),,,,,,,,,,,,,,,,,,,,,,,,,,,,,,,1,
0,30,17,"{'x': 884.505654691385, 'y': 353.11231847786905, 'elapsedTime': 2586}",2554345175,14438062252,POINT (0.4606800284850963 0.3269558504424713),,,,,,,,,,,,,,,,,,,,,,,,,,,,,,,1,
0,30,17,"{'x': 819.6642167661513, 'y': 430.3204309748804, 'elapsedTime': 2644.6999999997206}",2554361843,14438078919,POINT (0.4269084462323704 0.3984448434952597),,,,,,,,,,,,,,,,,,,,,,,,,,,,,,,,
0,30,17,"{'x': 819.6642167661513, 'y': 430.3204309748804, 'elapsedTime': 2644.6999999997206}",2554378510,14438095586,POINT (0.4269084462323704 0.3984448434952597),,,,,,,,,,,,,,,,,,,,,,,,,,,,,,,,
0,30,17,"{'x': 819.6642167661513, 'y': 430.3204309748804, 'elapsedTime': 2644.6999999997206}",2554395177,14438112252,POINT (0.4269084462323704 0.3984448434952597),,,,,,,,,,,,,,,,,,,,,,,,,,,,,,,,
0,30,17,"{'x': 819.6642167661513, 'y': 430.3204309748804, 'elapsedTime': 2644.6999999997206}",2554411843,14438128918,POINT (0.4269084462323704 0.3984448434952597),,,,,,,,,,,,,,,,,,,,,,,,,,,,,,,,
0,30,17,"{'x': 794.021702924693, 'y': 494.5326689941248, 'elapsedTime': 2703.2999999998137}",2554428511,14438145585,POINT (0.4135529702732776 0.4579006194390044),,,,,,,,,,,,,,,,,,,,,,,,,,,,,,,,
0,30,17,"{'x': 794.021702924693, 'y': 494.5326689941248, 'elapsedTime': 2703.2999999998137}",2554445177,14438162251,POINT (0.4135529702732776 0.4579006194390044),,,,,,,,,,,,,,,,,,,,,,,,,,,,,,,,
0,30,17,"{'x': 794.021702924693, 'y': 494.5326689941248, 'elapsedTime': 2703.2999999998137}",2554461845,14438178918,POINT (0.4135529702732776 0.4579006194390044),,,,,,,,,,,,,,,,,,,,,,,,,,,,,,,,
0,30,17,"{'x': 754.3589319144139, 'y': 518.4173918193854, 'elapsedTime': 2759.399999999907}",2554478518,14438195591,POINT (0.3928952770387573 0.480016103536468),,,,,,,,,,,,,,,,,,,,,,,,,,,,,,,,
0,30,17,"{'x': 754.3589319144139, 'y': 518.4173918193854, 'elapsedTime': 2759.399999999907}",2554495185,14438212257,POINT (0.3928952770387573 0.480016103536468),,,,,,,,,,,,,,,,,,,,,,,,,,,,,,,,
0,30,17,"{'x': 754.3589319144139, 'y': 518.4173918193854, 'elapsedTime': 2759.399999999907}",2554511852,14438228924,POINT (0.3928952770387573 0.480016103536468),,,,,,,,,,,,,,,,,,,,,,,,,,,,,,,,
0,30,17,"{'x': 754.3589319144139, 'y': 518.4173918193854, 'elapsedTime': 2759.399999999907}",2554528521,14438245592,POINT (0.3928952770387573 0.480016103536468),,,,,,,,,,,,,,,,,,,,,,,,,,,,,,,,
0,30,17,"{'x': 717.156937448833, 'y': 531.4588779487204, 'elapsedTime': 2818.2999999998137}",2554545187,14438262258,POINT (0.3735192382546005 0.4920915536562226),,,,,,,,,,,,,,,,,,,,,,,,,,,,,,,1,
0,30,17,"{'x': 717.156937448833, 'y': 531.4588779487204, 'elapsedTime': 2818.2999999998137}",2554561855,14438278925,POINT (0.3735192382546005 0.4920915536562226),,,,,,,,,,,,,,,,,,,,,,,,,,,,,,,1,
0,30,17,"{'x': 717.156937448833, 'y': 531.4588779487204, 'elapsedTime': 2818.2999999998137}",2554578522,14438295592,POINT (0.3735192382546005 0.4920915536562226),,,,,,,,,,,,,,,,,,,,,,,,,,,,,,,1,
0,30,17,"{'x': 702.1220938904977, 'y': 514.2241339901942, 'elapsedTime': 2874.2999999998137}",2554595189,14438312258,POINT (0.3656885905679675 0.476133457398328),,,,,,,,,,,,,,,,,,,,,,,,,,,,,,,,
0,30,17,"{'x': 702.1220938904977, 'y': 514.2241339901942, 'elapsedTime': 2874.2999999998137}",2554611859,14438328928,POINT (0.3656885905679675 0.476133457398328),,,,,,,,,,,,,,,,,,,,,,,,,,,,,,,,
0,30,17,"{'x': 702.1220938904977, 'y': 514.2241339901942, 'elapsedTime': 2874.2999999998137}",2554628526,14438345594,POINT (0.3656885905679675 0.476133457398328),,,,,,,,,,,,,,,,,,,,,,,,,,,,,,,,
0,30,17,"{'x': 702.1220938904977, 'y': 514.2241339901942, 'elapsedTime': 2874.2999999998137}",2554645194,14438362261,POINT (0.3656885905679675 0.476133457398328),,,,,,,,,,,,,,,,,,,,,,,,,,,,,,,,
0,30,17,"{'x': 770.912574481837, 'y': 527.3012455665224, 'elapsedTime': 2933.5999999996275}",2554661861,14438378928,POINT (0.4015169658759568 0.4882418940430763),,,,,,,,,,,,,,,,,,,,,,,,,,,,,,,1,
0,30,17,"{'x': 770.912574481837, 'y': 527.3012455665224, 'elapsedTime': 2933.5999999996275}",2554678528,14438395594,POINT (0.4015169658759568 0.4882418940430763),,,,,,,,,,,,,,,,,,,,,,,,,,,,,,,1,
0,30,17,"{'x': 770.912574481837, 'y': 527.3012455665224, 'elapsedTime': 2933.5999999996275}",2554695194,14438412260,POINT (0.4015169658759568 0.4882418940430763),,,,,,,,,,,,,,,,,,,,,,,,,,,,,,,1,
0,30,17,"{'x': 770.912574481837, 'y': 527.3012455665224, 'elapsedTime': 2933.5999999996275}",2554711862,14438428927,POINT (0.4015169658759568 0.4882418940430763),,,,,,,,,,,,,,,,,,,,,,,,,,,,,,,1,
0,30,17,"{'x': 754.6254900084239, 'y': 515.0948498502144, 'elapsedTime': 2995.5}",2554728530,14438445595,POINT (0.3930341093793874 0.4769396757872355),,,,,,,,,,,,,,,,,,,,,,,,,,,,,,,,
0,30,17,"{'x': 754.6254900084239, 'y': 515.0948498502144, 'elapsedTime': 2995.5}",2554745202,14438462266,POINT (0.3930341093793874 0.4769396757872355),,,,,,,,,,,,,,,,,,,,,,,,,,,,,,,,
0,30,17,"{'x': 754.6254900084239, 'y': 515.0948498502144, 'elapsedTime': 2995.5}",2554761868,14438478932,POINT (0.3930341093793874 0.4769396757872355),,,,,,,,,,,,,,,,,,,,,,,,,,,,,,,,
0,30,17,"{'x': 793.0253335774497, 'y': 500.37910139854455, 'elapsedTime': 3056.0999999996275}",2554778536,14438495599,POINT (0.4130340279049217 0.4633139827764302),,,,,,,,,,,,,,,,,,,,,,,,,,,,,,,,
0,30,17,"{'x': 793.0253335774497, 'y': 500.37910139854455, 'elapsedTime': 3056.0999999996275}",2554795204,14438512266,POINT (0.4130340279049217 0.4633139827764302),,,,,,,,,,,,,,,,,,,,,,,,,,,,,,,,
0,30,17,"{'x': 793.0253335774497, 'y': 500.37910139854455, 'elapsedTime': 3056.0999999996275}",2554811878,14438528940,POINT (0.4130340279049217 0.4633139827764302),,,,,,,,,,,,,,,,,,,,,,,,,,,,,,,,
0,30,17,"{'x': 793.0253335774497, 'y': 500.37910139854455, 'elapsedTime': 3056.0999999996275}",2554828537,14438545598,POINT (0.4130340279049217 0.4633139827764302),,,,,,,,,,,,,,,,,,,,,,,,,,,,,,,,
0,30,17,"{'x': 811.8700263497834, 'y': 531.709959477479, 'elapsedTime': 3115.899999999907}",2554845205,14438562266,POINT (0.4228489720571789 0.4923240365532213),,,,,,,,,,,,,,,,,,,,,,,,,,,,,,,1,
0,30,17,"{'x': 811.8700263497834, 'y': 531.709959477479, 'elapsedTime': 3115.899999999907}",2554861872,14438578932,POINT (0.4228489720571789 0.4923240365532213),,,,,,,,,,,,,,,,,,,,,,,,,,,,,,,1,
0,30,17,"{'x': 811.8700263497834, 'y': 531.709959477479, 'elapsedTime': 3115.899999999907}",2554878544,14438595604,POINT (0.4228489720571789 0.4923240365532213),,,,,,,,,,,,,,,,,,,,,,,,,,,,,,,1,
0,30,17,"{'x': 811.8700263497834, 'y': 531.709959477479, 'elapsedTime': 3115.899999999907}",2554895212,14438612271,POINT (0.4228489720571789 0.4923240365532213),,,,,,,,,,,,,,,,,,,,,,,,,,,,,,,1,
0,30,17,"{'x': 811.8700263497834, 'y': 531.709959477479, 'elapsedTime': 3115.899999999907}",2554911879,14438628938,POINT (0.4228489720571789 0.4923240365532213),,,,,,,,,,,,,,,,,,,,,,,,,,,,,,,1,
0,30,17,"{'x': 811.8700263497834, 'y': 531.709959477479, 'elapsedTime': 3115.899999999907}",2554928546,14438645604,POINT (0.4228489720571789 0.4923240365532213),,,,,,,,,,,,,,,,,,,,,,,,,,,,,,,1,
0,30,17,"{'x': 829.7996760452507, 'y': 447.48985066832483, 'elapsedTime': 3178.0999999996275}",2554945213,14438662271,POINT (0.4321873312735681 0.414342454322523),,,,,,,,,,,,,,,,,,,,,,,,,,,,,,,,
0,30,17,"{'x': 829.7996760452507, 'y': 447.48985066832483, 'elapsedTime': 3178.0999999996275}",2554961880,14438678938,POINT (0.4321873312735681 0.414342454322523),,,,,,,,,,,,,,,,,,,,,,,,,,,,,,,,
0,30,17,"{'x': 829.7996760452507, 'y': 447.48985066832483, 'elapsedTime': 3178.0999999996275}",2554978547,14438695604,POINT (0.4321873312735681 0.414342454322523),,,,,,,,,,,,,,,,,,,,,,,,,,,,,,,,
0,30,17,"{'x': 829.7996760452507, 'y': 447.48985066832483, 'elapsedTime': 3178.0999999996275}",2554995220,14438712277,POINT (0.4321873312735681 0.414342454322523),,,,,,,,,,,,,,,,,,,,,,,,,,,,,,,,
0,30,17,"{'x': 829.7996760452507, 'y': 447.48985066832483, 'elapsedTime': 3178.0999999996275}",2555011888,14438728944,POINT (0.4321873312735681 0.414342454322523),,,,,,,,,,,,,,,,,,,,,,,,,,,,,,,,
0,30,17,"{'x': 781.7134808124836, 'y': 447.63602322543784, 'elapsedTime': 3281.1999999997206}",2555028554,14438745610,POINT (0.4071424379231685 0.4144777992828128),,,,,,,,,,,,,,,,,,,,,,,,,,,,,,,,
0,30,17,"{'x': 781.7134808124836, 'y': 447.63602322543784, 'elapsedTime': 3281.1999999997206}",2555045222,14438762277,POINT (0.4071424379231685 0.4144777992828128),,,,,,,,,,,,,,,,,,,,,,,,,,,,,,,,
0,30,17,"{'x': 781.7134808124836, 'y': 447.63602322543784, 'elapsedTime': 3281.1999999997206}",2555061889,14438778944,POINT (0.4071424379231685 0.4144777992828128),,,,,,,,,,,,,,,,,,,,,,,,,,,,,,,,
0,30,17,"{'x': 706.2944881891777, 'y': 469.0768433275265, 'elapsedTime': 3356}",2555078556,14438795610,POINT (0.3678617125985301 0.4343304104884504),,,,,,,,,,,,,,,,,,,,,,,,,,,,,,,,
0,30,17,"{'x': 706.2944881891777, 'y': 469.0768433275265, 'elapsedTime': 3356}",2555095222,14438812276,POINT (0.3678617125985301 0.4343304104884504),,,,,,,,,,,,,,,,,,,,,,,,,,,,,,,,
0,30,17,"{'x': 706.2944881891777, 'y': 469.0768433275265, 'elapsedTime': 3356}",2555111891,14438828944,POINT (0.3678617125985301 0.4343304104884504),,,,,,,,,,,,,,,,,,,,,,,,,,,,,,,,
0,30,17,"{'x': 706.2944881891777, 'y': 469.0768433275265, 'elapsedTime': 3356}",2555128562,14438845614,POINT (0.3678617125985301 0.4343304104884504),,,,,,,,,,,,,,,,,,,,,,,,,,,,,,,,
0,30,17,"{'x': 684.6946956788837, 'y': 409.4062162323276, 'elapsedTime': 3416.0999999996275}",2555145230,14438862281,POINT (0.3566118206660853 0.3790798298447478),,,,,,,,,,,,,,,,,,,,,,,,,,,,,,,,
0,30,17,"{'x': 684.6946956788837, 'y': 409.4062162323276, 'elapsedTime': 3416.0999999996275}",2555161896,14438878947,POINT (0.3566118206660853 0.3790798298447478),,,,,,,,,,,,,,,,,,,,,,,,,,,,,,,,
0,30,17,"{'x': 684.6946956788837, 'y': 409.4062162323276, 'elapsedTime': 3416.0999999996275}",2555178564,14438895614,POINT (0.3566118206660853 0.3790798298447478),,,,,,,,,,,,,,,,,,,,,,,,,,,,,,,,
0,30,17,"{'x': 697.2410569807142, 'y': 408.1285433913701, 'elapsedTime': 3474.1999999997206}",2555195231,14438912281,POINT (0.363146383844122 0.3778967994364538),,,,,,,,,,,,,,,,,,,,,,,,,,,,,,,,
0,30,17,"{'x': 697.2410569807142, 'y': 408.1285433913701, 'elapsedTime': 3474.1999999997206}",2555211898,14438928947,POINT (0.363146383844122 0.3778967994364538),,,,,,,,,,,,,,,,,,,,,,,,,,,,,,,,
0,30,17,"{'x': 697.2410569807142, 'y': 408.1285433913701, 'elapsedTime': 3474.1999999997206}",2555228565,14438945614,POINT (0.363146383844122 0.3778967994364538),,,,,,,,,,,,,,,,,,,,,,,,,,,,,,,,
0,30,17,"{'x': 697.2410569807142, 'y': 408.1285433913701, 'elapsedTime': 3474.1999999997206}",2555245233,14438962281,POINT (0.363146383844122 0.3778967994364538),,,,,,,,,,,,,,,,,,,,,,,,,,,,,,,,
0,30,17,"{'x': 709.1017795727436, 'y': 343.42991072875446, 'elapsedTime': 3538.399999999907}",2555261902,14438978950,POINT (0.3693238435274706 0.3179906580821801),,,,,,,,,,,,,,,,,,,,,,,,,,,,,,,1,
0,30,17,"{'x': 709.1017795727436, 'y': 343.42991072875446, 'elapsedTime': 3538.399999999907}",2555278569,14438995616,POINT (0.3693238435274706 0.3179906580821801),,,,,,,,,,,,,,,,,,,,,,,,,,,,,,,1,
0,30,17,"{'x': 709.1017795727436, 'y': 343.42991072875446, 'elapsedTime': 3538.399999999907}",2555295236,14439012283,POINT (0.3693238435274706 0.3179906580821801),,,,,,,,,,,,,,,,,,,,,,,,,,,,,,,1,
0,30,17,"{'x': 709.1017795727436, 'y': 343.42991072875446, 'elapsedTime': 3538.399999999907}",2555311903,14439028949,POINT (0.3693238435274706 0.3179906580821801),,,,,,,,,,,,,,,,,,,,,,,,,,,,,,,1,
0,30,17,"{'x': 713.1020833490464, 'y': 372.0750006451337, 'elapsedTime': 3598.399999999907}",2555328570,14439045616,POINT (0.3714073350776284 0.3445138894862349),,,,,,,,,,,,,,,,,,,,,,,,,,,,,,,,
0,30,17,"{'x': 713.1020833490464, 'y': 372.0750006451337, 'elapsedTime': 3598.399999999907}",2555345237,14439062282,POINT (0.3714073350776284 0.3445138894862349),,,,,,,,,,,,,,,,,,,,,,,,,,,,,,,,
0,30,17,"{'x': 713.1020833490464, 'y': 372.0750006451337, 'elapsedTime': 3598.399999999907}",2555361905,14439078950,POINT (0.3714073350776284 0.3445138894862349),,,,,,,,,,,,,,,,,,,,,,,,,,,,,,,,
0,30,17,"{'x': 713.1020833490464, 'y': 372.0750006451337, 'elapsedTime': 3598.399999999907}",2555378572,14439095616,POINT (0.3714073350776284 0.3445138894862349),,,,,,,,,,,,,,,,,,,,,,,,,,,,,,,,
0,30,17,"{'x': 740.9145993507674, 'y': 397.57143298230505, 'elapsedTime': 3659.899999999907}",2555395245,14439112289,POINT (0.3858930204951914 0.368121697205838),,,,,,,,,,,,,,,,,,,,,,,,,,,,,,,,
0,30,17,"{'x': 740.9145993507674, 'y': 397.57143298230505, 'elapsedTime': 3659.899999999907}",2555411913,14439128956,POINT (0.3858930204951914 0.368121697205838),,,,,,,,,,,,,,,,,,,,,,,,,,,,,,,,
0,30,17,"{'x': 740.9145993507674, 'y': 397.57143298230505, 'elapsedTime': 3659.899999999907}",2555428580,14439145623,POINT (0.3858930204951914 0.368121697205838),,,,,,,,,,,,,,,,,,,,,,,,,,,,,,,,
0,30,17,"{'x': 740.9145993507674, 'y': 397.57143298230505, 'elapsedTime': 3659.899999999907}",2555445248,14439162290,POINT (0.3858930204951914 0.368121697205838),,,,,,,,,,,,,,,,,,,,,,,,,,,,,,,,
0,30,17,"{'x': 787.2014145483272, 'y': 340.08875357539665, 'elapsedTime': 3725.5}",2555461914,14439178956,POINT (0.4100007367439204 0.3148969940512932),,,,,,,,,,,,,,,,,,,,,,,,,,,,,,,1,
0,30,17,"{'x': 787.2014145483272, 'y': 340.08875357539665, 'elapsedTime': 3725.5}",2555478582,14439195623,POINT (0.4100007367439204 0.3148969940512932),,,,,,,,,,,,,,,,,,,,,,,,,,,,,,,1,
0,30,17,"{'x': 787.2014145483272, 'y': 340.08875357539665, 'elapsedTime': 3725.5}",2555495248,14439212289,POINT (0.4100007367439204 0.3148969940512932),,,,,,,,,,,,,,,,,,,,,,,,,,,,,,,1,
0,30,17,"{'x': 787.2014145483272, 'y': 340.08875357539665, 'elapsedTime': 3725.5}",2555511916,14439228956,POINT (0.4100007367439204 0.3148969940512932),,,,,,,,,,,,,,,,,,,,,,,,,,,,,,,1,
0,30,17,"{'x': 787.2014145483272, 'y': 340.08875357539665, 'elapsedTime': 3725.5}",2555528587,14439245627,POINT (0.4100007367439204 0.3148969940512932),,,,,,,,,,,,,,,,,,,,,,,,,,,,,,,1,
0,30,17,"{'x': 787.2014145483272, 'y': 340.08875357539665, 'elapsedTime': 3725.5}",2555545255,14439262294,POINT (0.4100007367439204 0.3148969940512932),,,,,,,,,,,,,,,,,,,,,,,,,,,,,,,1,
0,30,17,"{'x': 860.1379784584562, 'y': 269.07491163723284, 'elapsedTime': 3798.6999999997206}",2555561921,14439278960,POINT (0.4479885304471126 0.2491434367011415),,,,,,,,,,,,,,,,,,,,,,,,,,,,,,1,1,
0,30,17,"{'x': 860.1379784584562, 'y': 269.07491163723284, 'elapsedTime': 3798.6999999997206}",2555578589,14439295627,POINT (0.4479885304471126 0.2491434367011415),,,,,,,,,,,,,,,,,,,,,,,,,,,,,,1,1,
0,30,17,"{'x': 860.1379784584562, 'y': 269.07491163723284, 'elapsedTime': 3798.6999999997206}",2555595255,14439312293,POINT (0.4479885304471126 0.2491434367011415),,,,,,,,,,,,,,,,,,,,,,,,,,,,,,1,1,
0,30,17,"{'x': 860.1379784584562, 'y': 269.07491163723284, 'elapsedTime': 3798.6999999997206}",2555611923,14439328960,POINT (0.4479885304471126 0.2491434367011415),,,,,,,,,,,,,,,,,,,,,,,,,,,,,,1,1,
0,30,17,"{'x': 900.2308908343474, 'y': 290.07415248487735, 'elapsedTime': 3901.5999999996275}",2555628591,14439345627,POINT (0.4688702556428893 0.2685871782267383),,,,,,,,,,,,,,,,,,,,,,,,,,,,,,1,1,
0,30,17,"{'x': 900.2308908343474, 'y': 290.07415248487735, 'elapsedTime': 3901.5999999996275}",2555645257,14439362293,POINT (0.4688702556428893 0.2685871782267383),,,,,,,,,,,,,,,,,,,,,,,,,,,,,,1,1,
0,30,17,"{'x': 900.2308908343474, 'y': 290.07415248487735, 'elapsedTime': 3901.5999999996275}",2555661930,14439378965,POINT (0.4688702556428893 0.2685871782267383),,,,,,,,,,,,,,,,,,,,,,,,,,,,,,1,1,
0,30,17,"{'x': 900.2308908343474, 'y': 290.07415248487735, 'elapsedTime': 3901.5999999996275}",2555678596,14439395631,POINT (0.4688702556428893 0.2685871782267383),,,,,,,,,,,,,,,,,,,,,,,,,,,,,,1,1,
0,30,17,"{'x': 900.2308908343474, 'y': 290.07415248487735, 'elapsedTime': 3901.5999999996275}",2555695265,14439412299,POINT (0.4688702556428893 0.2685871782267383),,,,,,,,,,,,,,,,,,,,,,,,,,,,,,1,1,
0,30,17,"{'x': 951.8444644382726, 'y': 290.582017187624, 'elapsedTime': 3971.5999999996275}",2555711931,14439428965,POINT (0.495752325228267 0.269057423321874),,,,,,,,,,,,,,,,,,,,,,,,,,,,,,1,1,
0,30,17,"{'x': 951.8444644382726, 'y': 290.582017187624, 'elapsedTime': 3971.5999999996275}",2555728598,14439445631,POINT (0.495752325228267 0.269057423321874),,,,,,,,,,,,,,,,,,,,,,,,,,,,,,1,1,
0,30,17,"{'x': 951.8444644382726, 'y': 290.582017187624, 'elapsedTime': 3971.5999999996275}",2555745265,14439462298,POINT (0.495752325228267 0.269057423321874),,,,,,,,,,,,,,,,,,,,,,,,,,,,,,1,1,
0,30,17,"{'x': 951.8444644382726, 'y': 290.582017187624, 'elapsedTime': 3971.5999999996275}",2555761933,14439478965,POINT (0.495752325228267 0.269057423321874),,,,,,,,,,,,,,,,,,,,,,,,,,,,,,1,1,
0,30,17,"{'x': 995.3150140328869, 'y': 247.05809356015487, 'elapsedTime': 4047.5}",2555778599,14439495631,POINT (0.5183932364754619 0.2287574940371804),,,,,,,,,,,,,,,,,,,,,,,,,,,,,,1,1,
0,30,17,"{'x': 995.3150140328869, 'y': 247.05809356015487, 'elapsedTime': 4047.5}",2555795273,14439512304,POINT (0.5183932364754619 0.2287574940371804),,,,,,,,,,,,,,,,,,,,,,,,,,,,,,1,1,
0,30,17,"{'x': 995.3150140328869, 'y': 247.05809356015487, 'elapsedTime': 4047.5}",2555811939,14439528970,POINT (0.5183932364754619 0.2287574940371804),,,,,,,,,,,,,,,,,,,,,,,,,,,,,,1,1,
0,30,17,"{'x': 995.3150140328869, 'y': 247.05809356015487, 'elapsedTime': 4047.5}",2555828614,14439545644,POINT (0.5183932364754619 0.2287574940371804),,,,,,,,,,,,,,,,,,,,,,,,,,,,,,1,1,
0,30,17,"{'x': 932.9191954732112, 'y': 311.37536599325347, 'elapsedTime': 4110.199999999721}",2555845280,14439562310,POINT (0.4858954143089642 0.2883105240678273),,,,,,,,,,,,,,,,,,,,,,,,,,,,,,1,1,
0,30,17,"{'x': 932.9191954732112, 'y': 311.37536599325347, 'elapsedTime': 4110.199999999721}",2555861948,14439578977,POINT (0.4858954143089642 0.2883105240678273),,,,,,,,,,,,,,,,,,,,,,,,,,,,,,1,1,
0,30,17,"{'x': 932.9191954732112, 'y': 311.37536599325347, 'elapsedTime': 4110.199999999721}",2555878615,14439595644,POINT (0.4858954143089642 0.2883105240678273),,,,,,,,,,,,,,,,,,,,,,,,,,,,,,1,1,
0,30,17,"{'x': 888.0446044732012, 'y': 323.9502048252561, 'elapsedTime': 4168.399999999907}",2555895283,14439612311,POINT (0.462523231496459 0.2999538933567186),,,,,,,,,,,,,,,,,,,,,,,,,,,,,,,1,
0,30,17,"{'x': 888.0446044732012, 'y': 323.9502048252561, 'elapsedTime': 4168.399999999907}",2555911942,14439628970,POINT (0.462523231496459 0.2999538933567186),,,,,,,,,,,,,,,,,,,,,,,,,,,,,,,1,
0,30,17,"{'x': 888.0446044732012, 'y': 323.9502048252561, 'elapsedTime': 4168.399999999907}",2555928615,14439645642,POINT (0.462523231496459 0.2999538933567186),,,,,,,,,,,,,,,,,,,,,,,,,,,,,,,1,
0,30,17,"{'x': 888.0446044732012, 'y': 323.9502048252561, 'elapsedTime': 4168.399999999907}",2555945282,14439662309,POINT (0.462523231496459 0.2999538933567186),,,,,,,,,,,,,,,,,,,,,,,,,,,,,,,1,
0,30,17,"{'x': 888.0446044732012, 'y': 323.9502048252561, 'elapsedTime': 4168.399999999907}",2555961950,14439678976,POINT (0.462523231496459 0.2999538933567186),,,,,,,,,,,,,,,,,,,,,,,,,,,,,,,1,
0,30,17,"{'x': 798.6059692441672, 'y': 360.5257101728396, 'elapsedTime': 4229.699999999721}",2555978617,14439695643,POINT (0.4159406089813371 0.3338201020118885),,,,,,,,,,,,,,,,,,,,,,,,,,,,,,,1,
0,30,17,"{'x': 798.6059692441672, 'y': 360.5257101728396, 'elapsedTime': 4229.699999999721}",2555995284,14439712309,POINT (0.4159406089813371 0.3338201020118885),,,,,,,,,,,,,,,,,,,,,,,,,,,,,,,1,
0,30,17,"{'x': 798.6059692441672, 'y': 360.5257101728396, 'elapsedTime': 4229.699999999721}",2556011951,14439728976,POINT (0.4159406089813371 0.3338201020118885),,,,,,,,,,,,,,,,,,,,,,,,,,,,,,,1,
0,30,17,"{'x': 798.6059692441672, 'y': 360.5257101728396, 'elapsedTime': 4229.699999999721}",2556028618,14439745642,POINT (0.4159406089813371 0.3338201020118885),,,,,,,,,,,,,,,,,,,,,,,,,,,,,,,1,
0,30,17,"{'x': 758.9127570087354, 'y': 435.7976692326799, 'elapsedTime': 4305.299999999814}",2556045288,14439762312,POINT (0.3952670609420497 0.4035163604006295),,,,,,,,,,,,,,,,,,,,,,,,,,,,,,,,
0,30,17,"{'x': 758.9127570087354, 'y': 435.7976692326799, 'elapsedTime': 4305.299999999814}",2556061956,14439778979,POINT (0.3952670609420497 0.4035163604006295),,,,,,,,,,,,,,,,,,,,,,,,,,,,,,,,
0,30,17,"{'x': 758.9127570087354, 'y': 435.7976692326799, 'elapsedTime': 4305.299999999814}",2556078623,14439795646,POINT (0.3952670609420497 0.4035163604006295),,,,,,,,,,,,,,,,,,,,,,,,,,,,,,,,
0,30,17,"{'x': 755.7783940392429, 'y': 499.3432684131055, 'elapsedTime': 4375.5999999996275}",2556095290,14439812312,POINT (0.3936345802287724 0.4623548781602829),,,,,,,,,,,,,,,,,,,,,,,,,,,,,,,,
0,30,17,"{'x': 755.7783940392429, 'y': 499.3432684131055, 'elapsedTime': 4375.5999999996275}",2556111956,14439828978,POINT (0.3936345802287724 0.4623548781602829),,,,,,,,,,,,,,,,,,,,,,,,,,,,,,,,
0,30,17,"{'x': 755.7783940392429, 'y': 499.3432684131055, 'elapsedTime': 4375.5999999996275}",2556128624,14439845645,POINT (0.3936345802287724 0.4623548781602829),,,,,,,,,,,,,,,,,,,,,,,,,,,,,,,,
0,30,17,"{'x': 755.7783940392429, 'y': 499.3432684131055, 'elapsedTime': 4375.5999999996275}",2556145292,14439862312,POINT (0.3936345802287724 0.4623548781602829),,,,,,,,,,,,,,,,,,,,,,,,,,,,,,,,
0,30,17,"{'x': 745.7634581902931, 'y': 400.69693109270514, 'elapsedTime': 4439.199999999721}",2556161959,14439878979,POINT (0.3884184678074443 0.3710156769376899),,,,,,,,,,,,,,,,,,,,,,,,,,,,,,,,
0,30,17,"{'x': 745.7634581902931, 'y': 400.69693109270514, 'elapsedTime': 4439.199999999721}",2556178631,14439895650,POINT (0.3884184678074443 0.3710156769376899),,,,,,,,,,,,,,,,,,,,,,,,,,,,,,,,
0,30,17,"{'x': 745.7634581902931, 'y': 400.69693109270514, 'elapsedTime': 4439.199999999721}",2556195298,14439912317,POINT (0.3884184678074443 0.3710156769376899),,,,,,,,,,,,,,,,,,,,,,,,,,,,,,,,
0,30,17,"{'x': 745.7634581902931, 'y': 400.69693109270514, 'elapsedTime': 4439.199999999721}",2556211965,14439928983,POINT (0.3884184678074443 0.3710156769376899),,,,,,,,,,,,,,,,,,,,,,,,,,,,,,,,
0,30,17,"{'x': 745.7634581902931, 'y': 400.69693109270514, 'elapsedTime': 4439.199999999721}",2556228633,14439945651,POINT (0.3884184678074443 0.3710156769376899),,,,,,,,,,,,,,,,,,,,,,,,,,,,,,,,
0,30,17,"{'x': 725.2688217355458, 'y': 372.73101836678205, 'elapsedTime': 4511.799999999814}",2556245300,14439962317,POINT (0.3777441779872634 0.345121313302576),,,,,,,,,,,,,,,,,,1,,,,,,,,,,,,,,
0,30,17,"{'x': 725.2688217355458, 'y': 372.73101836678205, 'elapsedTime': 4511.799999999814}",2556261966,14439978983,POINT (0.3777441779872634 0.345121313302576),,,,,,,,,,,,,,,,,,1,,,,,,,,,,,,,,
0,30,17,"{'x': 710.2232270445411, 'y': 378.8884599552117, 'elapsedTime': 4569.799999999814}",2556278635,14439995651,POINT (0.3699079307523652 0.3508226481066775),,,,,,,,,,,,,,,,,,,,,,,,,,,,,,,,
0,30,17,"{'x': 710.2232270445411, 'y': 378.8884599552117, 'elapsedTime': 4569.799999999814}",2556295301,14440012317,POINT (0.3699079307523652 0.3508226481066775),,,,,,,,,,,,,,,,,,,,,,,,,,,,,,,,
0,30,17,"{'x': 710.2232270445411, 'y': 378.8884599552117, 'elapsedTime': 4569.799999999814}",2556311973,14440028988,POINT (0.3699079307523652 0.3508226481066775),,,,,,,,,,,,,,,,,,,,,,,,,,,,,,,,
0,30,17,"{'x': 734.2415190834414, 'y': 323.24916012335945, 'elapsedTime': 4617.199999999721}",2556328640,14440045655,POINT (0.382417457855959 0.2993047778919995),,,,,,,,,,,,,,,,,,,,,,,,,,,,,,,1,
0,30,17,"{'x': 734.2415190834414, 'y': 323.24916012335945, 'elapsedTime': 4617.199999999721}",2556345307,14440062321,POINT (0.382417457855959 0.2993047778919995),,,,,,,,,,,,,,,,,,,,,,,,,,,,,,,1,
0,30,17,"{'x': 734.2415190834414, 'y': 323.24916012335945, 'elapsedTime': 4617.199999999721}",2556361974,14440078988,POINT (0.382417457855959 0.2993047778919995),,,,,,,,,,,,,,,,,,,,,,,,,,,,,,,1,
0,30,17,"{'x': 826.3078295572656, 'y': 320.69506324893496, 'elapsedTime': 4664}",2556378641,14440095654,POINT (0.4303686612277425 0.2969398733786435),,,,,,,,,,,,,,,,,,,,,,,,,,,,,,,1,
0,30,17,"{'x': 826.3078295572656, 'y': 320.69506324893496, 'elapsedTime': 4664}",2556395308,14440112321,POINT (0.4303686612277425 0.2969398733786435),,,,,,,,,,,,,,,,,,,,,,,,,,,,,,,1,
0,30,17,"{'x': 826.3078295572656, 'y': 320.69506324893496, 'elapsedTime': 4664}",2556411975,14440128987,POINT (0.4303686612277425 0.2969398733786435),,,,,,,,,,,,,,,,,,,,,,,,,,,,,,,1,
0,30,17,"{'x': 826.3078295572656, 'y': 320.69506324893496, 'elapsedTime': 4664}",2556428642,14440145654,POINT (0.4303686612277425 0.2969398733786435),,,,,,,,,,,,,,,,,,,,,,,,,,,,,,,1,
0,30,17,"{'x': 829.2799321459343, 'y': 354.0035500942962, 'elapsedTime': 4710.0999999996275}",2556445314,14440162325,POINT (0.4319166313260074 0.3277810649021261),,,,,,,,,,,,,,,,,,,,,,,,,1,,,,,,1,
0,30,17,"{'x': 829.2799321459343, 'y': 354.0035500942962, 'elapsedTime': 4710.0999999996275}",2556461982,14440178992,POINT (0.4319166313260074 0.3277810649021261),,,,,,,,,,,,,,,,,,,,,,,,,1,,,,,,1,
0,30,17,"{'x': 828.3701986902535, 'y': 304.1106203150689, 'elapsedTime': 4760.699999999721}",2556478648,14440195658,POINT (0.4314428118178403 0.2815839076991379),,,,,,,,,,,,,,,,,,,,,,,,,,,,,,1,1,
0,30,17,"{'x': 828.3701986902535, 'y': 304.1106203150689, 'elapsedTime': 4760.699999999721}",2556495315,14440212325,POINT (0.4314428118178403 0.2815839076991379),,,,,,,,,,,,,,,,,,,,,,,,,,,,,,1,1,
0,30,17,"{'x': 828.3701986902535, 'y': 304.1106203150689, 'elapsedTime': 4760.699999999721}",2556511983,14440228992,POINT (0.4314428118178403 0.2815839076991379),,,,,,,,,,,,,,,,,,,,,,,,,,,,,,1,1,
0,30,17,"{'x': 872.915451571492, 'y': 301.3625441804443, 'elapsedTime': 4817.799999999814}",2556528649,14440245658,POINT (0.4546434643601521 0.2790393927596706),,,,,,,,,,,,,,,,,,,,,,,,,,,,,,1,1,
0,30,17,"{'x': 872.915451571492, 'y': 301.3625441804443, 'elapsedTime': 4817.799999999814}",2556545317,14440262325,POINT (0.4546434643601521 0.2790393927596706),,,,,,,,,,,,,,,,,,,,,,,,,,,,,,1,1,
0,30,17,"{'x': 872.915451571492, 'y': 301.3625441804443, 'elapsedTime': 4817.799999999814}",2556561984,14440278992,POINT (0.4546434643601521 0.2790393927596706),,,,,,,,,,,,,,,,,,,,,,,,,,,,,,1,1,
0,30,17,"{'x': 892.1059170711444, 'y': 331.1385566791977, 'elapsedTime': 4863.299999999814}",2556578656,14440295663,POINT (0.4646384984745544 0.3066097747029608),,,,,,,,,,,,,,,,,,,,,,,,,,,,,,,1,
0,30,17,"{'x': 892.1059170711444, 'y': 331.1385566791977, 'elapsedTime': 4863.299999999814}",2556595323,14440312330,POINT (0.4646384984745544 0.3066097747029608),,,,,,,,,,,,,,,,,,,,,,,,,,,,,,,1,
0,30,17,"{'x': 892.1059170711444, 'y': 331.1385566791977, 'elapsedTime': 4863.299999999814}",2556611990,14440328996,POINT (0.4646384984745544 0.3066097747029608),,,,,,,,,,,,,,,,,,,,,,,,,,,,,,,1,
0,30,17,"{'x': 862.9096931837094, 'y': 318.5815173744884, 'elapsedTime': 4908}",2556628658,14440345663,POINT (0.4494321318665153 0.2949828864578596),,,,,,,,,,,,,,,,,,,,,,,,,,,,,,1,1,
0,30,17,"{'x': 862.9096931837094, 'y': 318.5815173744884, 'elapsedTime': 4908}",2556645326,14440362330,POINT (0.4494321318665153 0.2949828864578596),,,,,,,,,,,,,,,,,,,,,,,,,,,,,,1,1,
0,30,17,"{'x': 861.8074882273735, 'y': 278.8252127892643, 'elapsedTime': 4953.199999999721}",2556661992,14440378996,POINT (0.4488580667850904 0.2581714933233928),,,,,,,,,,,,,,,,,,,,,,,,,,,,,,1,1,
0,30,17,"{'x': 861.8074882273735, 'y': 278.8252127892643, 'elapsedTime': 4953.199999999721}",2556678660,14440395663,POINT (0.4488580667850904 0.2581714933233928),,,,,,,,,,,,,,,,,,,,,,,,,,,,,,1,1,
0,30,17,"{'x': 861.8074882273735, 'y': 278.8252127892643, 'elapsedTime': 4953.199999999721}",2556695326,14440412329,POINT (0.4488580667850904 0.2581714933233928),,,,,,,,,,,,,,,,,,,,,,,,,,,,,,1,1,
0,30,17,"{'x': 858.8604587317844, 'y': 292.02582923429856, 'elapsedTime': 4994.899999999907}",2556712000,14440429002,POINT (0.4473231555894711 0.2703942863280542),,,,,,,,,,,,,,,,,,,,,,,,,,,,,,1,1,
0,30,17,"{'x': 858.8604587317844, 'y': 292.02582923429856, 'elapsedTime': 4994.899999999907}",2556728666,14440445668,POINT (0.4473231555894711 0.2703942863280542),,,,,,,,,,,,,,,,,,,,,,,,,,,,,,1,1,
0,30,17,"{'x': 860.2280601868429, 'y': 312.9043394279466, 'elapsedTime': 5038.699999999721}",2556745333,14440462335,POINT (0.4480354480139806 0.2897262402110616),,,,,,,,,,,,,,,,,,,,,,,,,,,,,,1,1,
0,30,17,"{'x': 860.2280601868429, 'y': 312.9043394279466, 'elapsedTime': 5038.699999999721}",2556762001,14440479002,POINT (0.4480354480139806 0.2897262402110616),,,,,,,,,,,,,,,,,,,,,,,,,,,,,,1,1,
0,30,17,"{'x': 860.2280601868429, 'y': 312.9043394279466, 'elapsedTime': 5038.699999999721}",2556778668,14440495669,POINT (0.4480354480139806 0.2897262402110616),,,,,,,,,,,,,,,,,,,,,,,,,,,,,,1,1,
0,30,17,"{'x': 860.2280601868429, 'y': 312.9043394279466, 'elapsedTime': 5038.699999999721}",2556795335,14440512335,POINT (0.4480354480139806 0.2897262402110616),,,,,,,,,,,,,,,,,,,,,,,,,,,,,,1,1,
0,30,17,"{'x': 848.9118356981414, 'y': 316.376268602462, 'elapsedTime': 5081.899999999907}",2556812002,14440529002,POINT (0.442141581092782 0.2929409894467241),,,,,,,,,,,,,,,,,,,,,,,,,,,,,,1,1,
0,30,17,"{'x': 848.9118356981414, 'y': 316.376268602462, 'elapsedTime': 5081.899999999907}",2556828670,14440545669,POINT (0.442141581092782 0.2929409894467241),,,,,,,,,,,,,,,,,,,,,,,,,,,,,,1,1,
0,30,17,"{'x': 848.9118356981414, 'y': 316.376268602462, 'elapsedTime': 5081.899999999907}",2556845339,14440562338,POINT (0.442141581092782 0.2929409894467241),,,,,,,,,,,,,,,,,,,,,,,,,,,,,,1,1,
0,30,17,"{'x': 816.6495154530961, 'y': 304.0772272786452, 'elapsedTime': 5132.399999999907}",2556862007,14440579005,POINT (0.4253382892984876 0.2815529882209678),,,,,,,,,,,,,,,,,,,,,,,,,,,,,,1,1,
0,30,17,"{'x': 816.6495154530961, 'y': 304.0772272786452, 'elapsedTime': 5132.399999999907}",2556878674,14440595672,POINT (0.4253382892984876 0.2815529882209678),,,,,,,,,,,,,,,,,,,,,,,,,,,,,,1,1,
0,30,17,"{'x': 793.5291794098378, 'y': 276.71362599045267, 'elapsedTime': 5189.799999999814}",2556895341,14440612338,POINT (0.4132964476092905 0.2562163203615302),,,,,,,,,,,,,,,,,,,,,,,,,,,,,,1,1,
0,30,17,"{'x': 793.5291794098378, 'y': 276.71362599045267, 'elapsedTime': 5189.799999999814}",2556912008,14440629005,POINT (0.4132964476092905 0.2562163203615302),,,,,,,,,,,,,,,,,,,,,,,,,,,,,,1,1,
0,30,17,"{'x': 793.5291794098378, 'y': 276.71362599045267, 'elapsedTime': 5189.799999999814}",2556928677,14440645673,POINT (0.4132964476092905 0.2562163203615302),,,,,,,,,,,,,,,,,,,,,,,,,,,,,,1,1,
0,30,17,"{'x': 757.8101115078475, 'y': 273.9017622843311, 'elapsedTime': 5233.699999999721}",2556945342,14440662338,POINT (0.3946927664103372 0.2536127428558621),,,,,,,,,,,,,,,,,,,,,,,,,,,,,,1,1,
0,30,17,"{'x': 757.8101115078475, 'y': 273.9017622843311, 'elapsedTime': 5233.699999999721}",2556962015,14440679010,POINT (0.3946927664103372 0.2536127428558621),,,,,,,,,,,,,,,,,,,,,,,,,,,,,,1,1,
0,30,17,"{'x': 757.8101115078475, 'y': 273.9017622843311, 'elapsedTime': 5233.699999999721}",2556978682,14440695677,POINT (0.3946927664103372 0.2536127428558621),,,,,,,,,,,,,,,,,,,,,,,,,,,,,,1,1,
0,30,17,"{'x': 759.6044423322857, 'y': 313.3171171376448, 'elapsedTime': 5278.799999999814}",2556995350,14440712344,POINT (0.3956273137147321 0.2901084417941156),,,,,,,,,,,,,,,,,,,,,,,,,,,,,,1,1,
0,30,17,"{'x': 759.6044423322857, 'y': 313.3171171376448, 'elapsedTime': 5278.799999999814}",2557012018,14440729011,POINT (0.3956273137147321 0.2901084417941156),,,,,,,,,,,,,,,,,,,,,,,,,,,,,,1,1,
0,30,17,"{'x': 759.6044423322857, 'y': 313.3171171376448, 'elapsedTime': 5278.799999999814}",2557028685,14440745678,POINT (0.3956273137147321 0.2901084417941156),,,,,,,,,,,,,,,,,,,,,,,,,,,,,,1,1,
0,30,17,"{'x': 756.6136416625659, 'y': 327.84743482763224, 'elapsedTime': 5327.0999999996275}",2557045351,14440762343,POINT (0.3940696050325864 0.3035624396552151),,,,,,,,,,,,,,,,,,,,,,,,,,,,,,,1,
0,30,17,"{'x': 756.6136416625659, 'y': 327.84743482763224, 'elapsedTime': 5327.0999999996275}",2557062018,14440779010,POINT (0.3940696050325864 0.3035624396552151),,,,,,,,,,,,,,,,,,,,,,,,,,,,,,,1,
0,30,17,"{'x': 756.6136416625659, 'y': 327.84743482763224, 'elapsedTime': 5327.0999999996275}",2557078686,14440795677,POINT (0.3940696050325864 0.3035624396552151),,,,,,,,,,,,,,,,,,,,,,,,,,,,,,,1,
0,30,17,"{'x': 756.6136416625659, 'y': 327.84743482763224, 'elapsedTime': 5327.0999999996275}",2557095357,14440812348,POINT (0.3940696050325864 0.3035624396552151),,,,,,,,,,,,,,,,,,,,,,,,,,,,,,,1,
0,30,17,"{'x': 755.6181435053304, 'y': 348.72386727625116, 'elapsedTime': 5381.0999999996275}",2557112025,14440829015,POINT (0.3935511164090262 0.3228924697002326),,,,,,,,,,,,,,,,,,,,,,,,,,,,,,,1,
0,30,17,"{'x': 755.6181435053304, 'y': 348.72386727625116, 'elapsedTime': 5381.0999999996275}",2557128693,14440845682,POINT (0.3935511164090262 0.3228924697002326),,,,,,,,,,,,,,,,,,,,,,,,,,,,,,,1,
0,30,17,"{'x': 773.4883917710844, 'y': 318.75650343291795, 'elapsedTime': 5435.0999999996275}",2557145360,14440862349,POINT (0.4028585373807731 0.2951449105860352),,,,,,,,,,,,,,,,,,,,,,,,,,,,,,1,1,
0,30,17,"{'x': 773.4883917710844, 'y': 318.75650343291795, 'elapsedTime': 5435.0999999996275}",2557162027,14440879015,POINT (0.4028585373807731 0.2951449105860352),,,,,,,,,,,,,,,,,,,,,,,,,,,,,,1,1,
0,30,17,"{'x': 773.4883917710844, 'y': 318.75650343291795, 'elapsedTime': 5435.0999999996275}",2557178694,14440895682,POINT (0.4028585373807731 0.2951449105860352),,,,,,,,,,,,,,,,,,,,,,,,,,,,,,1,1,
0,30,17,"{'x': 720.1186171872947, 'y': 323.52280514172213, 'elapsedTime': 5482.199999999721}",2557195361,14440912348,POINT (0.3750617797850493 0.299558152909002),,,,,,,,,,,,,,,,,,,,,,,,,,,,,,,1,
0,30,17,"{'x': 720.1186171872947, 'y': 323.52280514172213, 'elapsedTime': 5482.199999999721}",2557212029,14440929016,POINT (0.3750617797850493 0.299558152909002),,,,,,,,,,,,,,,,,,,,,,,,,,,,,,,1,
0,30,17,"{'x': 739.5088425060559, 'y': 349.2594471872119, 'elapsedTime': 5523.299999999814}",2557228701,14440945687,POINT (0.3851608554719041 0.3233883770251962),,,,,,,,,,,,,,,,,,,,,,,,,,,,,,,1,
0,30,17,"{'x': 739.5088425060559, 'y': 349.2594471872119, 'elapsedTime': 5523.299999999814}",2557245367,14440962353,POINT (0.3851608554719041 0.3233883770251962),,,,,,,,,,,,,,,,,,,,,,,,,,,,,,,1,
0,30,17,"{'x': 739.5088425060559, 'y': 349.2594471872119, 'elapsedTime': 5523.299999999814}",2557262035,14440979020,POINT (0.3851608554719041 0.3233883770251962),,,,,,,,,,,,,,,,,,,,,,,,,,,,,,,1,
0,30,17,"{'x': 696.2301615987279, 'y': 343.80462283651633, 'elapsedTime': 5565.799999999814}",2557278701,14440995686,POINT (0.3626198758326708 0.3183376137375151),,,,,,,,,,,,,,,,,,,,,,,,,,,,,,,1,
0,30,17,"{'x': 696.2301615987279, 'y': 343.80462283651633, 'elapsedTime': 5565.799999999814}",2557295370,14441012354,POINT (0.3626198758326708 0.3183376137375151),,,,,,,,,,,,,,,,,,,,,,,,,,,,,,,1,
0,30,17,"{'x': 650.463797178372, 'y': 396.21566949817577, 'elapsedTime': 5608.0999999996275}",2557312036,14441029020,POINT (0.3387832276970688 0.3668663606464591),,,,,,,,,,,,,,,,,,,,,,,,,,,,,,,,
0,30,17,"{'x': 650.463797178372, 'y': 396.21566949817577, 'elapsedTime': 5608.0999999996275}",2557328704,14441045687,POINT (0.3387832276970688 0.3668663606464591),,,,,,,,,,,,,,,,,,,,,,,,,,,,,,,,
0,30,17,"{'x': 650.463797178372, 'y': 396.21566949817577, 'elapsedTime': 5608.0999999996275}",2557345371,14441062354,POINT (0.3387832276970688 0.3668663606464591),,,,,,,,,,,,,,,,,,,,,,,,,,,,,,,,
0,30,17,"{'x': 628.8574739599949, 'y': 426.01487823582113, 'elapsedTime': 5651.0999999996275}",2557362044,14441079026,POINT (0.327529934354164 0.3944582205887233),,,,,,,,,,,,,,,,,,,,,,,,,,,,,,,,
0,30,17,"{'x': 628.8574739599949, 'y': 426.01487823582113, 'elapsedTime': 5651.0999999996275}",2557378711,14441095693,POINT (0.327529934354164 0.3944582205887233),,,,,,,,,,,,,,,,,,,,,,,,,,,,,,,,
0,30,17,"{'x': 630.7173654454264, 'y': 417.96209776215153, 'elapsedTime': 5691.5}",2557395379,14441112360,POINT (0.3284986278361596 0.3870019423723625),,,,,,,,,,,,,,,,,,,,,,,,,,,,,,,,
0,30,17,"{'x': 630.7173654454264, 'y': 417.96209776215153, 'elapsedTime': 5691.5}",2557412046,14441129027,POINT (0.3284986278361596 0.3870019423723625),,,,,,,,,,,,,,,,,,,,,,,,,,,,,,,,
0,30,17,"{'x': 630.7173654454264, 'y': 417.96209776215153, 'elapsedTime': 5691.5}",2557428713,14441145693,POINT (0.3284986278361596 0.3870019423723625),,,,,,,,,,,,,,,,,,,,,,,,,,,,,,,,
0,30,17,"{'x': 614.6520206689015, 'y': 372.1739336453984, 'elapsedTime': 5734.299999999814}",2557445380,14441162360,POINT (0.3201312607650529 0.3446054941161096),,,,,,,,,,,,,,,,1,,,,,,,,,,,,,,,,
0,30,17,"{'x': 614.6520206689015, 'y': 372.1739336453984, 'elapsedTime': 5734.299999999814}",2557462047,14441179027,POINT (0.3201312607650529 0.3446054941161096),,,,,,,,,,,,,,,,1,,,,,,,,,,,,,,,,
0,30,17,"{'x': 634.8390141281496, 'y': 378.4263783335322, 'elapsedTime': 5778.5}",2557478715,14441195694,POINT (0.3306453198584113 0.3503947947532706),,,,,,,,,,,,,,,,,,,,,,,,,,,,,,,,
0,30,17,"{'x': 634.8390141281496, 'y': 378.4263783335322, 'elapsedTime': 5778.5}",2557495384,14441212363,POINT (0.3306453198584113 0.3503947947532706),,,,,,,,,,,,,,,,,,,,,,,,,,,,,,,,
0,30,17,"{'x': 634.8390141281496, 'y': 378.4263783335322, 'elapsedTime': 5778.5}",2557512052,14441229030,POINT (0.3306453198584113 0.3503947947532706),,,,,,,,,,,,,,,,,,,,,,,,,,,,,,,,
0,30,17,"{'x': 665.9737532188324, 'y': 423.5848739819722, 'elapsedTime': 5819.899999999907}",2557528719,14441245697,POINT (0.3468613298014752 0.3922082166499742),,,,,,,,,,,,,,,,,,,,,,,,,,,,,,,,
0,30,17,"{'x': 665.9737532188324, 'y': 423.5848739819722, 'elapsedTime': 5819.899999999907}",2557545386,14441262363,POINT (0.3468613298014752 0.3922082166499742),,,,,,,,,,,,,,,,,,,,,,,,,,,,,,,,
0,30,17,"{'x': 665.9737532188324, 'y': 423.5848739819722, 'elapsedTime': 5819.899999999907}",2557562053,14441279030,POINT (0.3468613298014752 0.3922082166499742),,,,,,,,,,,,,,,,,,,,,,,,,,,,,,,,
0,30,17,"{'x': 710.7925178375278, 'y': 458.81764885342403, 'elapsedTime': 5862.0999999996275}",2557578720,14441295696,POINT (0.3702044363737124 0.424831156345763),,,,,,,,,,,,,,,,,,,,,,,,,,,,,,,,
0,30,17,"{'x': 710.7925178375278, 'y': 458.81764885342403, 'elapsedTime': 5862.0999999996275}",2557595388,14441312363,POINT (0.3702044363737124 0.424831156345763),,,,,,,,,,,,,,,,,,,,,,,,,,,,,,,,
0,30,17,"{'x': 738.8103135363907, 'y': 461.0730639750209, 'elapsedTime': 5905.0999999996275}",2557612055,14441329030,POINT (0.3847970383002035 0.4269195036805749),,,,,,,,,,,,,,,,,,,,,,,,,,,,,,,,
0,30,17,"{'x': 738.8103135363907, 'y': 461.0730639750209, 'elapsedTime': 5905.0999999996275}",2557628727,14441345701,POINT (0.3847970383002035 0.4269195036805749),,,,,,,,,,,,,,,,,,,,,,,,,,,,,,,,
0,30,17,"{'x': 738.8103135363907, 'y': 461.0730639750209, 'elapsedTime': 5905.0999999996275}",2557645395,14441362368,POINT (0.3847970383002035 0.4269195036805749),,,,,,,,,,,,,,,,,,,,,,,,,,,,,,,,
0,30,17,"{'x': 745.9706498074064, 'y': 469.65980403065805, 'elapsedTime': 5947.199999999721}",2557662062,14441379035,POINT (0.3885263801080242 0.434870188917276),,,,,,,,,,,,,,,,,,,,,,,,,,,,,,,,
0,30,17,"{'x': 745.9706498074064, 'y': 469.65980403065805, 'elapsedTime': 5947.199999999721}",2557678729,14441395701,POINT (0.3885263801080242 0.434870188917276),,,,,,,,,,,,,,,,,,,,,,,,,,,,,,,,
0,30,17,"{'x': 745.9706498074064, 'y': 469.65980403065805, 'elapsedTime': 5947.199999999721}",2557695396,14441412368,POINT (0.3885263801080242 0.434870188917276),,,,,,,,,,,,,,,,,,,,,,,,,,,,,,,,
0,30,17,"{'x': 745.9706498074064, 'y': 469.65980403065805, 'elapsedTime': 5947.199999999721}",2557712064,14441429035,POINT (0.3885263801080242 0.434870188917276),,,,,,,,,,,,,,,,,,,,,,,,,,,,,,,,
0,30,17,"{'x': 733.9445206122402, 'y': 448.73775923594695, 'elapsedTime': 5989}",2557728730,14441445701,POINT (0.3822627711522085 0.4154979252184694),,,,,,,,,,,,,,,,,,,,,,,,,,,,,,,,
0,30,17,"{'x': 733.9445206122402, 'y': 448.73775923594695, 'elapsedTime': 5989}",2557745398,14441462368,POINT (0.3822627711522085 0.4154979252184694),,,,,,,,,,,,,,,,,,,,,,,,,,,,,,,,
0,30,17,"{'x': 733.9445206122402, 'y': 448.73775923594695, 'elapsedTime': 5989}",2557762068,14441479038,POINT (0.3822627711522085 0.4154979252184694),,,,,,,,,,,,,,,,,,,,,,,,,,,,,,,,
0,30,17,"{'x': 718.9624206443067, 'y': 462.450774573694, 'elapsedTime': 6046.399999999907}",2557778736,14441495705,POINT (0.3744595940855764 0.4281951616423092),,,,,,,,,,,,,,,,,,,,,,,,,,,,,,,,
0,30,17,"{'x': 718.9624206443067, 'y': 462.450774573694, 'elapsedTime': 6046.399999999907}",2557795403,14441512372,POINT (0.3744595940855764 0.4281951616423092),,,,,,,,,,,,,,,,,,,,,,,,,,,,,,,,
0,30,17,"{'x': 752.5722284820436, 'y': 384.70352869870686, 'elapsedTime': 6102.399999999907}",2557812070,14441529038,POINT (0.3919647023343977 0.3562069710173212),,,,,,,,,,,,,,,,,,,,,,,,,,,,,,,,
0,30,17,"{'x': 752.5722284820436, 'y': 384.70352869870686, 'elapsedTime': 6102.399999999907}",2557828738,14441545706,POINT (0.3919647023343977 0.3562069710173212),,,,,,,,,,,,,,,,,,,,,,,,,,,,,,,,
0,30,17,"{'x': 752.5722284820436, 'y': 384.70352869870686, 'elapsedTime': 6102.399999999907}",2557845405,14441562372,POINT (0.3919647023343977 0.3562069710173212),,,,,,,,,,,,,,,,,,,,,,,,,,,,,,,,
0,30,17,"{'x': 779.3990485172808, 'y': 400.51012294098075, 'elapsedTime': 6143.5}",2557862071,14441579038,POINT (0.4059370044360838 0.370842706426834),,,,,,,,,,,,,,,,,,,,,,,,,,,,,,,,
0,30,17,"{'x': 779.3990485172808, 'y': 400.51012294098075, 'elapsedTime': 6143.5}",2557878744,14441595710,POINT (0.4059370044360838 0.370842706426834),,,,,,,,,,,,,,,,,,,,,,,,,,,,,,,,
0,30,17,"{'x': 779.3990485172808, 'y': 400.51012294098075, 'elapsedTime': 6143.5}",2557895411,14441612377,POINT (0.4059370044360838 0.370842706426834),,,,,,,,,,,,,,,,,,,,,,,,,,,,,,,,
0,30,17,"{'x': 779.3990485172808, 'y': 400.51012294098075, 'elapsedTime': 6143.5}",2557912079,14441629044,POINT (0.4059370044360838 0.370842706426834),,,,,,,,,,,,,,,,,,,,,,,,,,,,,,,,
0,30,17,"{'x': 779.3990485172808, 'y': 400.51012294098075, 'elapsedTime': 6143.5}",2557928745,14441645710,POINT (0.4059370044360838 0.370842706426834),,,,,,,,,,,,,,,,,,,,,,,,,,,,,,,,
0,30,17,"{'x': 774.2679418374382, 'y': 412.22158583925295, 'elapsedTime': 6186.299999999814}",2557945413,14441662377,POINT (0.4032645530403324 0.3816866535548639),,,,,,,,,,,,,,,,,,,,,,,,,,,,,,,,
0,30,17,"{'x': 774.2679418374382, 'y': 412.22158583925295, 'elapsedTime': 6186.299999999814}",2557962080,14441679044,POINT (0.4032645530403324 0.3816866535548639),,,,,,,,,,,,,,,,,,,,,,,,,,,,,,,,
0,30,17,"{'x': 815.4315077061373, 'y': 374.8101822357585, 'elapsedTime': 6274.399999999907}",2557978747,14441695710,POINT (0.4247039102636132 0.3470464650331097),,,,,,,,,,,,,,,,,,,,,,,,,,,,,,,,
0,30,17,"{'x': 815.4315077061373, 'y': 374.8101822357585, 'elapsedTime': 6274.399999999907}",2557995414,14441712377,POINT (0.4247039102636132 0.3470464650331097),,,,,,,,,,,,,,,,,,,,,,,,,,,,,,,,
0,30,17,"{'x': 815.4315077061373, 'y': 374.8101822357585, 'elapsedTime': 6274.399999999907}",2558012085,14441729047,POINT (0.4247039102636132 0.3470464650331097),,,,,,,,,,,,,,,,,,,,,,,,,,,,,,,,
0,30,17,"{'x': 767.6887892755856, 'y': 341.4660054293864, 'elapsedTime': 6314.399999999907}",2558028752,14441745714,POINT (0.3998379110810342 0.3161722272494319),,,,,,,,,,,,,,,,,,,,,,,,,,,,,,,1,
0,30,17,"{'x': 767.6887892755856, 'y': 341.4660054293864, 'elapsedTime': 6314.399999999907}",2558045420,14441762381,POINT (0.3998379110810342 0.3161722272494319),,,,,,,,,,,,,,,,,,,,,,,,,,,,,,,1,
0,30,17,"{'x': 767.6887892755856, 'y': 341.4660054293864, 'elapsedTime': 6314.399999999907}",2558062086,14441779047,POINT (0.3998379110810342 0.3161722272494319),,,,,,,,,,,,,,,,,,,,,,,,,,,,,,,1,
0,30,17,"{'x': 780.6788400455252, 'y': 345.70927949369684, 'elapsedTime': 6368.799999999814}",2558078754,14441795714,POINT (0.406603562523711 0.320101184716386),,,,,,,,,,,,,,,,,,,,,,,,,,,,,,,1,
0,30,17,"{'x': 780.6788400455252, 'y': 345.70927949369684, 'elapsedTime': 6368.799999999814}",2558095421,14441812381,POINT (0.406603562523711 0.320101184716386),,,,,,,,,,,,,,,,,,,,,,,,,,,,,,,1,
0,30,17,"{'x': 780.6788400455252, 'y': 345.70927949369684, 'elapsedTime': 6368.799999999814}",2558112088,14441829047,POINT (0.406603562523711 0.320101184716386),,,,,,,,,,,,,,,,,,,,,,,,,,,,,,,1,
0,30,17,"{'x': 780.6788400455252, 'y': 345.70927949369684, 'elapsedTime': 6368.799999999814}",2558128756,14441845714,POINT (0.406603562523711 0.320101184716386),,,,,,,,,,,,,,,,,,,,,,,,,,,,,,,1,
0,30,17,"{'x': 816.2158905556864, 'y': 319.8168335848594, 'elapsedTime': 6416.5999999996275}",2558145427,14441862384,POINT (0.4251124429977534 0.2961266977637587),,,,,,,,,,,,,,,,,,,,,,,,,,,,,,1,1,
0,30,17,"{'x': 816.2158905556864, 'y': 319.8168335848594, 'elapsedTime': 6416.5999999996275}",2558162093,14441879050,POINT (0.4251124429977534 0.2961266977637587),,,,,,,,,,,,,,,,,,,,,,,,,,,,,,1,1,
0,30,17,"{'x': 792.4992946049996, 'y': 316.74621470342, 'elapsedTime': 6465.299999999814}",2558178760,14441895717,POINT (0.4127600492734373 0.2932835321327963),,,,,,,,,,,,,,,,,,,,,,,,,,,,,,1,1,
0,30,17,"{'x': 792.4992946049996, 'y': 316.74621470342, 'elapsedTime': 6465.299999999814}",2558195428,14441912384,POINT (0.4127600492734373 0.2932835321327963),,,,,,,,,,,,,,,,,,,,,,,,,,,,,,1,1,
0,30,17,"{'x': 774.6867219132605, 'y': 358.5064797447408, 'elapsedTime': 6505.0999999996275}",2558212095,14441929051,POINT (0.4034826676631565 0.3319504442080933),,,,,,,,,,,,,,,,,,1,,,,,,,,,,,,,1,
0,30,17,"{'x': 774.6867219132605, 'y': 358.5064797447408, 'elapsedTime': 6505.0999999996275}",2558228762,14441945717,POINT (0.4034826676631565 0.3319504442080933),,,,,,,,,,,,,,,,,,1,,,,,,,,,,,,,1,
0,30,17,"{'x': 774.6867219132605, 'y': 358.5064797447408, 'elapsedTime': 6505.0999999996275}",2558245429,14441962384,POINT (0.4034826676631565 0.3319504442080933),,,,,,,,,,,,,,,,,,1,,,,,,,,,,,,,1,
0,30,17,"{'x': 759.3134184452745, 'y': 374.9107899316899, 'elapsedTime': 6550.199999999721}",2558262096,14441979050,POINT (0.3954757387735804 0.3471396203071203),,,,,,,,,,,,,,,,,,,,,,,,,,,,,,,,
0,30,17,"{'x': 759.3134184452745, 'y': 374.9107899316899, 'elapsedTime': 6550.199999999721}",2558278770,14441995724,POINT (0.3954757387735804 0.3471396203071203),,,,,,,,,,,,,,,,,,,,,,,,,,,,,,,,
0,30,17,"{'x': 756.3354954888198, 'y': 352.1430596265395, 'elapsedTime': 6593.299999999814}",2558295438,14442012391,POINT (0.3939247372337603 0.3260583885430922),,,,,,,,,,,,,,,,,,,,,,,,,,,,,,,1,
0,30,17,"{'x': 756.3354954888198, 'y': 352.1430596265395, 'elapsedTime': 6593.299999999814}",2558312104,14442029057,POINT (0.3939247372337603 0.3260583885430922),,,,,,,,,,,,,,,,,,,,,,,,,,,,,,,1,
0,30,17,"{'x': 756.3354954888198, 'y': 352.1430596265395, 'elapsedTime': 6593.299999999814}",2558328772,14442045724,POINT (0.3939247372337603 0.3260583885430922),,,,,,,,,,,,,,,,,,,,,,,,,,,,,,,1,
0,30,17,"{'x': 822.0140222509607, 'y': 298.3869831635294, 'elapsedTime': 6635.5999999996275}",2558345438,14442062390,POINT (0.4281323032557087 0.2762842436699346),,,,,,,,,,,,,,,,,,,,,,,,,,,,,,1,1,
0,30,17,"{'x': 822.0140222509607, 'y': 298.3869831635294, 'elapsedTime': 6635.5999999996275}",2558362107,14442079058,POINT (0.4281323032557087 0.2762842436699346),,,,,,,,,,,,,,,,,,,,,,,,,,,,,,1,1,
0,30,17,"{'x': 822.0140222509607, 'y': 298.3869831635294, 'elapsedTime': 6635.5999999996275}",2558378773,14442095724,POINT (0.4281323032557087 0.2762842436699346),,,,,,,,,,,,,,,,,,,,,,,,,,,,,,1,1,
0,30,17,"{'x': 881.1732208981921, 'y': 270.77516706959625, 'elapsedTime': 6674.399999999907}",2558395440,14442112390,POINT (0.4589443858844751 0.2507177472866632),,,,,,,,,,,,,,,,,,,,,,,,,,,,,,1,1,
0,30,17,"{'x': 881.1732208981921, 'y': 270.77516706959625, 'elapsedTime': 6674.399999999907}",2558412110,14442129060,POINT (0.4589443858844751 0.2507177472866632),,,,,,,,,,,,,,,,,,,,,,,,,,,,,,1,1,
0,30,17,"{'x': 908.7862863738434, 'y': 289.28630213492295, 'elapsedTime': 6715.199999999721}",2558428777,14442145726,POINT (0.4733261908197101 0.2678576871619657),,,,,,,,,,,,,,,,,,,,,,,,,,,,,,1,1,
0,30,17,"{'x': 908.7862863738434, 'y': 289.28630213492295, 'elapsedTime': 6715.199999999721}",2558445444,14442162393,POINT (0.4733261908197101 0.2678576871619657),,,,,,,,,,,,,,,,,,,,,,,,,,,,,,1,1,
0,30,17,"{'x': 908.7862863738434, 'y': 289.28630213492295, 'elapsedTime': 6715.199999999721}",2558462112,14442179060,POINT (0.4733261908197101 0.2678576871619657),,,,,,,,,,,,,,,,,,,,,,,,,,,,,,1,1,
0,30,17,"{'x': 883.3382544934454, 'y': 284.74530014923846, 'elapsedTime': 6759.699999999721}",2558478778,14442195726,POINT (0.4600720075486695 0.2636530556937393),,,,,,,,,,,,,,,,,,,,,,,,,,,,,,1,1,
0,30,17,"{'x': 883.3382544934454, 'y': 284.74530014923846, 'elapsedTime': 6759.699999999721}",2558495446,14442212393,POINT (0.4600720075486695 0.2636530556937393),,,,,,,,,,,,,,,,,,,,,,,,,,,,,,1,1,
0,30,17,"{'x': 852.1119155456303, 'y': 312.15949440938493, 'elapsedTime': 6802}",2558512113,14442229060,POINT (0.4438082893466824 0.2890365688975786),,,,,,,,,,,,,,,,,,,,,,,,,,,,,,1,1,
0,30,17,"{'x': 852.1119155456303, 'y': 312.15949440938493, 'elapsedTime': 6802}",2558528781,14442245727,POINT (0.4438082893466824 0.2890365688975786),,,,,,,,,,,,,,,,,,,,,,,,,,,,,,1,1,
0,30,17,"{'x': 852.1119155456303, 'y': 312.15949440938493, 'elapsedTime': 6802}",2558545453,14442262399,POINT (0.4438082893466824 0.2890365688975786),,,,,,,,,,,,,,,,,,,,,,,,,,,,,,1,1,
0,30,17,"{'x': 832.6731561635769, 'y': 327.1556136724424, 'elapsedTime': 6849.0999999996275}",2558562119,14442279064,POINT (0.433683935501863 0.3029218645115208),,,,,,,,,,,,,,,,,,,,,,,,,,,,,,,1,
0,30,17,"{'x': 832.6731561635769, 'y': 327.1556136724424, 'elapsedTime': 6849.0999999996275}",2558578786,14442295731,POINT (0.433683935501863 0.3029218645115208),,,,,,,,,,,,,,,,,,,,,,,,,,,,,,,1,
0,30,17,"{'x': 832.6731561635769, 'y': 327.1556136724424, 'elapsedTime': 6849.0999999996275}",2558595454,14442312398,POINT (0.433683935501863 0.3029218645115208),,,,,,,,,,,,,,,,,,,,,,,,,,,,,,,1,
0,30,17,"{'x': 754.0945768448801, 'y': 349.584866122804, 'elapsedTime': 6898.0999999996275}",2558612121,14442329065,POINT (0.3927575921067084 0.3236896908544482),,,,,,,,,,,,,,,,,,,,,,,,,,,,,,,1,
0,30,17,"{'x': 754.0945768448801, 'y': 349.584866122804, 'elapsedTime': 6898.0999999996275}",2558628789,14442345732,POINT (0.3927575921067084 0.3236896908544482),,,,,,,,,,,,,,,,,,,,,,,,,,,,,,,1,
0,30,17,"{'x': 718.0445818061456, 'y': 378.8248364036951, 'elapsedTime': 6940}",2558645456,14442362399,POINT (0.3739815530240342 0.3507637374108288),,,,,,,,,,,,,,,,,,,,,,,,,,,,,,,,
0,30,17,"{'x': 718.0445818061456, 'y': 378.8248364036951, 'elapsedTime': 6940}",2558662123,14442379065,POINT (0.3739815530240342 0.3507637374108288),,,,,,,,,,,,,,,,,,,,,,,,,,,,,,,,
0,30,17,"{'x': 718.0445818061456, 'y': 378.8248364036951, 'elapsedTime': 6940}",2558678794,14442395736,POINT (0.3739815530240342 0.3507637374108288),,,,,,,,,,,,,,,,,,,,,,,,,,,,,,,,
0,30,17,"{'x': 718.0445818061456, 'y': 378.8248364036951, 'elapsedTime': 6940}",2558695462,14442412403,POINT (0.3739815530240342 0.3507637374108288),,,,,,,,,,,,,,,,,,,,,,,,,,,,,,,,
0,30,17,"{'x': 696.4658899046442, 'y': 373.1739271478577, 'elapsedTime': 6981}",2558712129,14442429070,POINT (0.3627426509920022 0.3455314140257941),,,,,,,,,,,,,,,,1,,,,,,,,,,,,,,,,
0,30,17,"{'x': 696.4658899046442, 'y': 373.1739271478577, 'elapsedTime': 6981}",2558728796,14442445736,POINT (0.3627426509920022 0.3455314140257941),,,,,,,,,,,,,,,,1,,,,,,,,,,,,,,,,
0,30,17,"{'x': 696.4658899046442, 'y': 373.1739271478577, 'elapsedTime': 6981}",2558745463,14442462403,POINT (0.3627426509920022 0.3455314140257941),,,,,,,,,,,,,,,,1,,,,,,,,,,,,,,,,
0,30,17,"{'x': 702.7953440268184, 'y': 342.92639989670823, 'elapsedTime': 7037.0999999996275}",2558762130,14442479069,POINT (0.3660392416806346 0.317524444348804),,,,,,,,,,,,,,,,,,,,,,,,,,,,,,,1,
0,30,17,"{'x': 702.7953440268184, 'y': 342.92639989670823, 'elapsedTime': 7037.0999999996275}",2558778797,14442495736,POINT (0.3660392416806346 0.317524444348804),,,,,,,,,,,,,,,,,,,,,,,,,,,,,,,1,
0,30,17,"{'x': 681.4054018624, 'y': 385.4294667969892, 'elapsedTime': 7082}",2558795465,14442512403,POINT (0.3548986468033333 0.3568791359231381),,,,,,,,,,,,,,,,,,,,,,,,,,,,,,,,
0,30,17,"{'x': 681.4054018624, 'y': 385.4294667969892, 'elapsedTime': 7082}",2558812138,14442529076,POINT (0.3548986468033333 0.3568791359231381),,,,,,,,,,,,,,,,,,,,,,,,,,,,,,,,
0,30,17,"{'x': 681.4054018624, 'y': 385.4294667969892, 'elapsedTime': 7082}",2558828805,14442545742,POINT (0.3548986468033333 0.3568791359231381),,,,,,,,,,,,,,,,,,,,,,,,,,,,,,,,
0,30,17,"{'x': 699.6782196679688, 'y': 334.3924164121922, 'elapsedTime': 7136.199999999721}",2558845471,14442562408,POINT (0.3644157394104004 0.3096226077890668),,,,,,,,,,,,,,,,,,,,,,,,,,,,,,,1,
0,30,17,"{'x': 699.6782196679688, 'y': 334.3924164121922, 'elapsedTime': 7136.199999999721}",2558862139,14442579075,POINT (0.3644157394104004 0.3096226077890668),,,,,,,,,,,,,,,,,,,,,,,,,,,,,,,1,
0,30,17,"{'x': 699.6782196679688, 'y': 334.3924164121922, 'elapsedTime': 7136.199999999721}",2558878806,14442595742,POINT (0.3644157394104004 0.3096226077890668),,,,,,,,,,,,,,,,,,,,,,,,,,,,,,,1,
0,30,17,"{'x': 667.282003667497, 'y': 338.9580931272981, 'elapsedTime': 7178.299999999814}",2558895473,14442612409,POINT (0.347542710243488 0.3138500862289798),,,,,,,,,,,,,,,,,,,,,,,,,,,,,,,1,
0,30,17,"{'x': 667.282003667497, 'y': 338.9580931272981, 'elapsedTime': 7178.299999999814}",2558912140,14442629075,POINT (0.347542710243488 0.3138500862289798),,,,,,,,,,,,,,,,,,,,,,,,,,,,,,,1,
0,30,17,"{'x': 648.5895566356428, 'y': 381.81901951705714, 'elapsedTime': 7222}",2558928812,14442645747,POINT (0.3378070607477306 0.3535361291824603),,,,,,,,,,,,,,,,,,,,,,,,,,,,,,,,
0,30,17,"{'x': 648.5895566356428, 'y': 381.81901951705714, 'elapsedTime': 7222}",2558945481,14442662415,POINT (0.3378070607477306 0.3535361291824603),,,,,,,,,,,,,,,,,,,,,,,,,,,,,,,,
0,30,17,"{'x': 648.5895566356428, 'y': 381.81901951705714, 'elapsedTime': 7222}",2558962148,14442679082,POINT (0.3378070607477306 0.3535361291824603),,,,,,,,,,,,,,,,,,,,,,,,,,,,,,,,
0,30,17,"{'x': 641.4206268834877, 'y': 382.26555307019663, 'elapsedTime': 7265.899999999907}",2558978816,14442695749,POINT (0.3340732431684831 0.353949586176108),,,,,,,,,,,,,,,,,,,,,,,,,,,,,,,,
0,30,17,"{'x': 641.4206268834877, 'y': 382.26555307019663, 'elapsedTime': 7265.899999999907}",2558995482,14442712415,POINT (0.3340732431684831 0.353949586176108),,,,,,,,,,,,,,,,,,,,,,,,,,,,,,,,
0,30,17,"{'x': 641.4206268834877, 'y': 382.26555307019663, 'elapsedTime': 7265.899999999907}",2559012150,14442729082,POINT (0.3340732431684831 0.353949586176108),,,,,,,,,,,,,,,,,,,,,,,,,,,,,,,,
0,30,17,"{'x': 641.4206268834877, 'y': 382.26555307019663, 'elapsedTime': 7265.899999999907}",2559028816,14442745748,POINT (0.3340732431684831 0.353949586176108),,,,,,,,,,,,,,,,,,,,,,,,,,,,,,,,
0,30,17,"{'x': 641.4206268834877, 'y': 382.26555307019663, 'elapsedTime': 7265.899999999907}",2559045484,14442762415,POINT (0.3340732431684831 0.353949586176108),,,,,,,,,,,,,,,,,,,,,,,,,,,,,,,,
0,30,17,"{'x': 633.4222795363938, 'y': 390.4050732583875, 'elapsedTime': 7305.199999999721}",2559062151,14442779082,POINT (0.3299074372585384 0.3614861789429514),,,,,,,,,,,,,,,,,,,,,,,,,,,,,,,,
0,30,17,"{'x': 633.4222795363938, 'y': 390.4050732583875, 'elapsedTime': 7305.199999999721}",2559078819,14442795749,POINT (0.3299074372585384 0.3614861789429514),,,,,,,,,,,,,,,,,,,,,,,,,,,,,,,,
0,30,17,"{'x': 633.4222795363938, 'y': 390.4050732583875, 'elapsedTime': 7305.199999999721}",2559095485,14442812415,POINT (0.3299074372585384 0.3614861789429514),,,,,,,,,,,,,,,,,,,,,,,,,,,,,,,,
0,30,17,"{'x': 625.6602691739284, 'y': 390.25138247150966, 'elapsedTime': 7394}",2559112153,14442829082,POINT (0.3258647235280877 0.3613438726588052),,,,,,,,,,,,,,,,,,,,,,,,,,,,,,,,
0,30,17,"{'x': 625.6602691739284, 'y': 390.25138247150966, 'elapsedTime': 7394}",2559128819,14442845748,POINT (0.3258647235280877 0.3613438726588052),,,,,,,,,,,,,,,,,,,,,,,,,,,,,,,,
0,30,17,"{'x': 694.7095259032598, 'y': 456.7971536494936, 'elapsedTime': 7440.799999999814}",2559145487,14442862415,POINT (0.3618278780746145 0.4229603274532349),,,,,,,,,,,,,,,,,,,,,,,,,,,,,,,,
0,30,17,"{'x': 694.7095259032598, 'y': 456.7971536494936, 'elapsedTime': 7440.799999999814}",2559162154,14442879082,POINT (0.3618278780746145 0.4229603274532349),,,,,,,,,,,,,,,,,,,,,,,,,,,,,,,,
0,30,17,"{'x': 694.7095259032598, 'y': 456.7971536494936, 'elapsedTime': 7440.799999999814}",2559178822,14442895749,POINT (0.3618278780746145 0.4229603274532349),,,,,,,,,,,,,,,,,,,,,,,,,,,,,,,,
0,30,17,"{'x': 684.2509767709919, 'y': 386.97957001416205, 'elapsedTime': 7484.5999999996275}",2559195495,14442912422,POINT (0.3563807170682249 0.3583144166797797),,,,,,,,,,,,,,,,,,,,,,,,,,,,,,,,
0,30,17,"{'x': 684.2509767709919, 'y': 386.97957001416205, 'elapsedTime': 7484.5999999996275}",2559212163,14442929089,POINT (0.3563807170682249 0.3583144166797797),,,,,,,,,,,,,,,,,,,,,,,,,,,,,,,,
0,30,17,"{'x': 684.2509767709919, 'y': 386.97957001416205, 'elapsedTime': 7484.5999999996275}",2559228830,14442945756,POINT (0.3563807170682249 0.3583144166797797),,,,,,,,,,,,,,,,,,,,,,,,,,,,,,,,
0,30,17,"{'x': 713.2018314620337, 'y': 342.30949714568993, 'elapsedTime': 7524.5}",2559245497,14442962422,POINT (0.3714592872198092 0.316953238097861),,,,,,,,,,,,,,,,,,,,,,,,,,,,,,,1,
0,30,17,"{'x': 713.2018314620337, 'y': 342.30949714568993, 'elapsedTime': 7524.5}",2559262164,14442979089,POINT (0.3714592872198092 0.316953238097861),,,,,,,,,,,,,,,,,,,,,,,,,,,,,,,1,
0,30,17,"{'x': 737.8966756363302, 'y': 378.79784768783105, 'elapsedTime': 7569.199999999721}",2559278832,14442995756,POINT (0.3843211852272553 0.3507387478591028),,,,,,,,,,,,,,,,,,,,,,,,,,,,,,,,
0,30,17,"{'x': 737.8966756363302, 'y': 378.79784768783105, 'elapsedTime': 7569.199999999721}",2559295498,14443012422,POINT (0.3843211852272553 0.3507387478591028),,,,,,,,,,,,,,,,,,,,,,,,,,,,,,,,
0,30,17,"{'x': 737.8966756363302, 'y': 378.79784768783105, 'elapsedTime': 7569.199999999721}",2559312166,14443029089,POINT (0.3843211852272553 0.3507387478591028),,,,,,,,,,,,,,,,,,,,,,,,,,,,,,,,
0,30,17,"{'x': 783.5964224982453, 'y': 413.07786525546624, 'elapsedTime': 7612.5}",2559328836,14443045759,POINT (0.4081231367178361 0.3824795048661724),,,,,,,,,,,,,,,,,,,,,,,,,,,,,,,,
0,30,17,"{'x': 783.5964224982453, 'y': 413.07786525546624, 'elapsedTime': 7612.5}",2559345504,14443062426,POINT (0.4081231367178361 0.3824795048661724),,,,,,,,,,,,,,,,,,,,,,,,,,,,,,,,
0,30,17,"{'x': 785.029652637896, 'y': 417.28395514854765, 'elapsedTime': 7652.5999999996275}",2559362171,14443079093,POINT (0.4088696107489042 0.3863740325449515),,,,,,,,,,,,,,,,,,,,,,,,,,,,,,,,
0,30,17,"{'x': 785.029652637896, 'y': 417.28395514854765, 'elapsedTime': 7652.5999999996275}",2559378839,14443095760,POINT (0.4088696107489042 0.3863740325449515),,,,,,,,,,,,,,,,,,,,,,,,,,,,,,,,
0,30,17,"{'x': 785.029652637896, 'y': 417.28395514854765, 'elapsedTime': 7652.5999999996275}",2559395505,14443112426,POINT (0.4088696107489042 0.3863740325449515),,,,,,,,,,,,,,,,,,,,,,,,,,,,,,,,
0,30,17,"{'x': 825.9093826238261, 'y': 422.574951059301, 'elapsedTime': 7695}",2559412173,14443129093,POINT (0.4301611367832428 0.3912731028326861),,,,,,,,,,,,,,,,,,,,,,,,,,,,,,,,
0,30,17,"{'x': 825.9093826238261, 'y': 422.574951059301, 'elapsedTime': 7695}",2559428847,14443145767,POINT (0.4301611367832428 0.3912731028326861),,,,,,,,,,,,,,,,,,,,,,,,,,,,,,,,
0,30,17,"{'x': 817.2846312995441, 'y': 433.52498047016235, 'elapsedTime': 7741}",2559445515,14443162434,POINT (0.4256690788018459 0.401412018953854),,,,,,,,,,,,,,,,,,,,,,,,,,,,,,,,
0,30,17,"{'x': 817.2846312995441, 'y': 433.52498047016235, 'elapsedTime': 7741}",2559462187,14443179106,POINT (0.4256690788018459 0.401412018953854),,,,,,,,,,,,,,,,,,,,,,,,,,,,,,,,
0,30,17,"{'x': 817.2846312995441, 'y': 433.52498047016235, 'elapsedTime': 7741}",2559478855,14443195773,POINT (0.4256690788018459 0.401412018953854),,,,,,,,,,,,,,,,,,,,,,,,,,,,,,,,
0,30,17,"{'x': 779.4209534209591, 'y': 390.66231124371654, 'elapsedTime': 7781.399999999907}",2559495522,14443212440,POINT (0.4059484132400828 0.3617243622627005),,,,,,,,,,,,,,,,,,,,,,,,,,,,,,,,
0,30,17,"{'x': 779.4209534209591, 'y': 390.66231124371654, 'elapsedTime': 7781.399999999907}",2559512189,14443229106,POINT (0.4059484132400828 0.3617243622627005),,,,,,,,,,,,,,,,,,,,,,,,,,,,,,,,
0,30,17,"{'x': 813.165561419674, 'y': 419.2156381597407, 'elapsedTime': 7824.0999999996275}",2559528849,14443245766,POINT (0.4235237299060802 0.3881626279256858),,,,,,,,,,,,,,,,,,,,,,,,,,,,,,,,
0,30,17,"{'x': 813.165561419674, 'y': 419.2156381597407, 'elapsedTime': 7824.0999999996275}",2559545516,14443262432,POINT (0.4235237299060802 0.3881626279256858),,,,,,,,,,,,,,,,,,,,,,,,,,,,,,,,
0,30,17,"{'x': 813.165561419674, 'y': 419.2156381597407, 'elapsedTime': 7824.0999999996275}",2559562182,14443279098,POINT (0.4235237299060802 0.3881626279256858),,,,,,,,,,,,,,,,,,,,,,,,,,,,,,,,
0,30,17,"{'x': 802.1023428437301, 'y': 441.2609127952726, 'elapsedTime': 7863.5}",2559578851,14443295766,POINT (0.4177616368977761 0.408574919254882),,,,,,,,,,,,,,,,,,,,,,,,,,,,,,,,
0,30,17,"{'x': 802.1023428437301, 'y': 441.2609127952726, 'elapsedTime': 7863.5}",2559595522,14443312437,POINT (0.4177616368977761 0.408574919254882),,,,,,,,,,,,,,,,,,,,,,,,,,,,,,,,
0,30,17,"{'x': 692.7785428972302, 'y': 459.88830391496936, 'elapsedTime': 7904}",2559612189,14443329104,POINT (0.360822157758974 0.4258225036249716),,,,,,,,,,,,,,,,,,,,,,,,,,,,,,,,
0,30,17,"{'x': 692.7785428972302, 'y': 459.88830391496936, 'elapsedTime': 7904}",2559628856,14443345770,POINT (0.360822157758974 0.4258225036249716),,,,,,,,,,,,,,,,,,,,,,,,,,,,,,,,
0,30,17,"{'x': 692.7785428972302, 'y': 459.88830391496936, 'elapsedTime': 7904}",2559645523,14443362437,POINT (0.360822157758974 0.4258225036249716),,,,,,,,,,,,,,,,,,,,,,,,,,,,,,,,
0,30,17,"{'x': 622.2275712952983, 'y': 428.444695756422, 'elapsedTime': 7944.5}",2559662190,14443379103,POINT (0.3240768600496345 0.3967080516263167),,,,,,,,,,,,,,,,,,,,,,,,,,,,,,,,
0,30,17,"{'x': 622.2275712952983, 'y': 428.444695756422, 'elapsedTime': 7944.5}",2559678857,14443395770,POINT (0.3240768600496345 0.3967080516263167),,,,,,,,,,,,,,,,,,,,,,,,,,,,,,,,
0,30,17,"{'x': 629.5085825783808, 'y': 440.0727640684105, 'elapsedTime': 7986.799999999814}",2559695525,14443412437,POINT (0.32786905342624 0.4074747815448245),,,,,,,,,,,,,,,,,,,,,,,,,,,,,,,,
0,30,17,"{'x': 629.5085825783808, 'y': 440.0727640684105, 'elapsedTime': 7986.799999999814}",2559712192,14443429104,POINT (0.32786905342624 0.4074747815448245),,,,,,,,,,,,,,,,,,,,,,,,,,,,,,,,
0,30,17,"{'x': 629.5085825783808, 'y': 440.0727640684105, 'elapsedTime': 7986.799999999814}",2559728864,14443445775,POINT (0.32786905342624 0.4074747815448245),,,,,,,,,,,,,,,,,,,,,,,,,,,,,,,,
0,30,17,"{'x': 646.3700773866923, 'y': 440.82597377968506, 'elapsedTime': 8029.199999999721}",2559745531,14443462442,POINT (0.3366510819722356 0.4081721979441528),,,,,,,,,,,,,,,,,,,,,,,,,,,,,,,,
0,30,17,"{'x': 646.3700773866923, 'y': 440.82597377968506, 'elapsedTime': 8029.199999999721}",2559762198,14443479108,POINT (0.3366510819722356 0.4081721979441528),,,,,,,,,,,,,,,,,,,,,,,,,,,,,,,,
0,30,17,"{'x': 646.3700773866923, 'y': 440.82597377968506, 'elapsedTime': 8029.199999999721}",2559778864,14443495774,POINT (0.3366510819722356 0.4081721979441528),,,,,,,,,,,,,,,,,,,,,,,,,,,,,,,,
0,30,17,"{'x': 607.3050493859556, 'y': 382.7068803236415, 'elapsedTime': 8069.199999999721}",2559795532,14443512441,POINT (0.3163047132218519 0.3543582225218902),,,,,,,,,,,,,,,,,,,,,,,,,,,,,,,,
0,30,17,"{'x': 607.3050493859556, 'y': 382.7068803236415, 'elapsedTime': 8069.199999999721}",2559812199,14443529108,POINT (0.3163047132218519 0.3543582225218902),,,,,,,,,,,,,,,,,,,,,,,,,,,,,,,,
0,30,17,"{'x': 607.3050493859556, 'y': 382.7068803236415, 'elapsedTime': 8069.199999999721}",2559828866,14443545774,POINT (0.3163047132218519 0.3543582225218902),,,,,,,,,,,,,,,,,,,,,,,,,,,,,,,,
0,30,17,"{'x': 611.2174131411492, 'y': 327.19617359920454, 'elapsedTime': 8124.199999999721}",2559845538,14443562446,POINT (0.3183424026776819 0.3029594199992635),,,,,,,,,,,,,,,,,,,,,,,,,,,,,,,,
0,30,17,"{'x': 611.2174131411492, 'y': 327.19617359920454, 'elapsedTime': 8124.199999999721}",2559862206,14443579113,POINT (0.3183424026776819 0.3029594199992635),,,,,,,,,,,,,,,,,,,,,,,,,,,,,,,,
0,30,17,"{'x': 660.7705172925542, 'y': 282.79110177483926, 'elapsedTime': 8165.299999999814}",2559878872,14443595779,POINT (0.344151311089872 0.2618436127544808),,,,,,,,,,,,,,,,,,,,,,,,,,,,,1,1,1,
0,30,17,"{'x': 660.7705172925542, 'y': 282.79110177483926, 'elapsedTime': 8165.299999999814}",2559895540,14443612446,POINT (0.344151311089872 0.2618436127544808),,,,,,,,,,,,,,,,,,,,,,,,,,,,,1,1,1,
0,30,17,"{'x': 660.7705172925542, 'y': 282.79110177483926, 'elapsedTime': 8165.299999999814}",2559912206,14443629112,POINT (0.344151311089872 0.2618436127544808),,,,,,,,,,,,,,,,,,,,,,,,,,,,,1,1,1,
0,30,17,"{'x': 705.6078099314564, 'y': 263.31869136826606, 'elapsedTime': 8211.69999999972}",2559928874,14443645779,POINT (0.3675040676726335 0.2438136031187649),,,,,,,,,,,,,,,,,,,,,,,,,,,,,,,1,
0,30,17,"{'x': 705.6078099314564, 'y': 263.31869136826606, 'elapsedTime': 8211.69999999972}",2559945540,14443662445,POINT (0.3675040676726335 0.2438136031187649),,,,,,,,,,,,,,,,,,,,,,,,,,,,,,,1,
0,30,17,"{'x': 768.4165902096933, 'y': 252.73709219555545, 'elapsedTime': 8257.399999999907}",2559962209,14443679113,POINT (0.4002169740675486 0.2340158261069958),,,,,,,,,,,,,,,,,,,,,,,,,,,,,,,1,
0,30,17,"{'x': 768.4165902096933, 'y': 252.73709219555545, 'elapsedTime': 8257.399999999907}",2559978883,14443695787,POINT (0.4002169740675486 0.2340158261069958),,,,,,,,,,,,,,,,,,,,,,,,,,,,,,,1,
0,30,17,"{'x': 768.4165902096933, 'y': 252.73709219555545, 'elapsedTime': 8257.399999999907}",2559995551,14443712454,POINT (0.4002169740675486 0.2340158261069958),,,,,,,,,,,,,,,,,,,,,,,,,,,,,,,1,
0,30,17,"{'x': 768.4165902096933, 'y': 252.73709219555545, 'elapsedTime': 8257.399999999907}",2560012218,14443729121,POINT (0.4002169740675486 0.2340158261069958),,,,,,,,,,,,,,,,,,,,,,,,,,,,,,,1,
0,30,17,"{'x': 735.7647095530383, 'y': 218.06432470256877, 'elapsedTime': 8298}",2560028884,14443745786,POINT (0.3832107862255408 0.2019114117616377),,,,,,,,,,,,,,,,,,,,,,,,,,,,,,,,
0,30,17,"{'x': 735.7647095530383, 'y': 218.06432470256877, 'elapsedTime': 8298}",2560045552,14443762454,POINT (0.3832107862255408 0.2019114117616377),,,,,,,,,,,,,,,,,,,,,,,,,,,,,,,,
0,30,17,"{'x': 776.1745625246283, 'y': 182.14651235564753, 'elapsedTime': 8354.399999999907}",2560062219,14443779120,POINT (0.4042575846482439 0.168654178107081),,,,,,,,,,,,,,,,,,,,,,,,,,,,,,1,,
0,30,17,"{'x': 776.1745625246283, 'y': 182.14651235564753, 'elapsedTime': 8354.399999999907}",2560078886,14443795787,POINT (0.4042575846482439 0.168654178107081),,,,,,,,,,,,,,,,,,,,,,,,,,,,,,1,,
0,30,17,"{'x': 776.1745625246283, 'y': 182.14651235564753, 'elapsedTime': 8354.399999999907}",2560095554,14443812454,POINT (0.4042575846482439 0.168654178107081),,,,,,,,,,,,,,,,,,,,,,,,,,,,,,1,,
0,30,17,"{'x': 798.5913574696127, 'y': 218.48647291611417, 'elapsedTime': 8398.19999999972}",2560112223,14443829123,POINT (0.4159329986820899 0.2023022897371428),,,,,,,,,,,,,,,,,,,,,,,,,,,,,,,,
0,30,17,"{'x': 798.5913574696127, 'y': 218.48647291611417, 'elapsedTime': 8398.19999999972}",2560128890,14443845789,POINT (0.4159329986820899 0.2023022897371428),,,,,,,,,,,,,,,,,,,,,,,,,,,,,,,,
0,30,17,"{'x': 798.5913574696127, 'y': 218.48647291611417, 'elapsedTime': 8398.19999999972}",2560145557,14443862456,POINT (0.4159329986820899 0.2023022897371428),,,,,,,,,,,,,,,,,,,,,,,,,,,,,,,,
0,30,17,"{'x': 798.5885118931462, 'y': 252.92204980869133, 'elapsedTime': 8439.399999999907}",2560162224,14443879122,POINT (0.4159315166110137 0.2341870831561957),,,,,,,,,,,,,,,,,,,,,,,,,,,,,,,1,
0,30,17,"{'x': 798.5885118931462, 'y': 252.92204980869133, 'elapsedTime': 8439.399999999907}",2560178891,14443895789,POINT (0.4159315166110137 0.2341870831561957),,,,,,,,,,,,,,,,,,,,,,,,,,,,,,,1,
0,30,17,"{'x': 762.0649443495982, 'y': 250.7209705419743, 'elapsedTime': 8487.299999999814}",2560195559,14443912456,POINT (0.3969088251820824 0.2321490467981244),,,,,,,,,,,,,,,,,,,,,,,,,,,,,,,1,
0,30,17,"{'x': 762.0649443495982, 'y': 250.7209705419743, 'elapsedTime': 8487.299999999814}",2560212225,14443929122,POINT (0.3969088251820824 0.2321490467981244),,,,,,,,,,,,,,,,,,,,,,,,,,,,,,,1,
0,30,17,"{'x': 762.0649443495982, 'y': 250.7209705419743, 'elapsedTime': 8487.299999999814}",2560228892,14443945788,POINT (0.3969088251820824 0.2321490467981244),,,,,,,,,,,,,,,,,,,,,,,,,,,,,,,1,
0,30,17,"{'x': 764.3350228034709, 'y': 278.8563595379985, 'elapsedTime': 8533.299999999814}",2560245565,14443962461,POINT (0.3980911577101411 0.2582003329055542),,,,,,,,,,,,,,,,,,,,,,,,,,,,,,1,1,
0,30,17,"{'x': 764.3350228034709, 'y': 278.8563595379985, 'elapsedTime': 8533.299999999814}",2560262231,14443979126,POINT (0.3980911577101411 0.2582003329055542),,,,,,,,,,,,,,,,,,,,,,,,,,,,,,1,1,
0,30,17,"{'x': 772.1205855329732, 'y': 288.4804169935917, 'elapsedTime': 8578.399999999907}",2560278898,14443995793,POINT (0.4021461382984236 0.2671114972162886),,,,,,,,,,,,,,,,,,,,,,,,,,,,,,1,1,
0,30,17,"{'x': 772.1205855329732, 'y': 288.4804169935917, 'elapsedTime': 8578.399999999907}",2560295566,14444012460,POINT (0.4021461382984236 0.2671114972162886),,,,,,,,,,,,,,,,,,,,,,,,,,,,,,1,1,
0,30,17,"{'x': 772.1205855329732, 'y': 288.4804169935917, 'elapsedTime': 8578.399999999907}",2560312233,14444029127,POINT (0.4021461382984236 0.2671114972162886),,,,,,,,,,,,,,,,,,,,,,,,,,,,,,1,1,
0,30,17,"{'x': 755.5690787912731, 'y': 270.2815559179825, 'elapsedTime': 8619.69999999972}",2560328900,14444045794,POINT (0.3935255618704547 0.2502606999240579),,,,,,,,,,,,,,,,,,,,,,,,,,,,,,1,1,
0,30,17,"{'x': 755.5690787912731, 'y': 270.2815559179825, 'elapsedTime': 8619.69999999972}",2560345568,14444062461,POINT (0.3935255618704547 0.2502606999240579),,,,,,,,,,,,,,,,,,,,,,,,,,,,,,1,1,
0,30,17,"{'x': 755.5690787912731, 'y': 270.2815559179825, 'elapsedTime': 8619.69999999972}",2560362233,14444079126,POINT (0.3935255618704547 0.2502606999240579),,,,,,,,,,,,,,,,,,,,,,,,,,,,,,1,1,
0,30,17,"{'x': 759.3491079388226, 'y': 225.642827073043, 'elapsedTime': 8662.599999999627}",2560378906,14444095798,POINT (0.3954943270514701 0.2089285435861509),,,,,,,,,,,,,,,,,,,,,,,,,,,,,,,,
0,30,17,"{'x': 759.3491079388226, 'y': 225.642827073043, 'elapsedTime': 8662.599999999627}",2560395573,14444112465,POINT (0.3954943270514701 0.2089285435861509),,,,,,,,,,,,,,,,,,,,,,,,,,,,,,,,
0,30,17,"{'x': 759.3491079388226, 'y': 225.642827073043, 'elapsedTime': 8662.599999999627}",2560412241,14444129132,POINT (0.3954943270514701 0.2089285435861509),,,,,,,,,,,,,,,,,,,,,,,,,,,,,,,,
0,30,17,"{'x': 759.0405892872897, 'y': 236.58688736810547, 'elapsedTime': 8711.099999999627}",2560428908,14444145799,POINT (0.3953336402537967 0.2190619327482458),,,,,,,,,,,,,,,,,,,,,,,,,,,,,,,1,
0,30,17,"{'x': 759.0405892872897, 'y': 236.58688736810547, 'elapsedTime': 8711.099999999627}",2560445575,14444162465,POINT (0.3953336402537967 0.2190619327482458),,,,,,,,,,,,,,,,,,,,,,,,,,,,,,,1,
0,30,17,"{'x': 759.0405892872897, 'y': 236.58688736810547, 'elapsedTime': 8711.099999999627}",2560462241,14444179131,POINT (0.3953336402537967 0.2190619327482458),,,,,,,,,,,,,,,,,,,,,,,,,,,,,,,1,
0,30,17,"{'x': 762.0154870906763, 'y': 240.2800048673354, 'elapsedTime': 8758.099999999627}",2560478908,14444195797,POINT (0.3968830661930606 0.2224814859882735),,,,,,,,,,,,,,,,,,,,,,,,,,,,,,,1,
0,30,17,"{'x': 762.0154870906763, 'y': 240.2800048673354, 'elapsedTime': 8758.099999999627}",2560495575,14444212464,POINT (0.3968830661930606 0.2224814859882735),,,,,,,,,,,,,,,,,,,,,,,,,,,,,,,1,
0,30,17,"{'x': 762.0154870906763, 'y': 240.2800048673354, 'elapsedTime': 8758.099999999627}",2560512245,14444229133,POINT (0.3968830661930606 0.2224814859882735),,,,,,,,,,,,,,,,,,,,,,,,,,,,,,,1,
0,30,17,"{'x': 773.0463009153195, 'y': 241.1469118961343, 'elapsedTime': 8812.099999999627}",2560528911,14444245799,POINT (0.4026282817267289 0.2232841776816058),,,,,,,,,,,,,,,,,,,,,,,,,,,,,,,1,
0,30,17,"{'x': 773.0463009153195, 'y': 241.1469118961343, 'elapsedTime': 8812.099999999627}",2560545580,14444262467,POINT (0.4026282817267289 0.2232841776816058),,,,,,,,,,,,,,,,,,,,,,,,,,,,,,,1,
0,30,17,"{'x': 767.863366705478, 'y': 219.5657677908315, 'elapsedTime': 8852.399999999907}",2560562246,14444279133,POINT (0.3999288368257698 0.2033016368433625),,,,,,,,,,,,,,,,,,,,,,,,,,,,,,,,
0,30,17,"{'x': 767.863366705478, 'y': 219.5657677908315, 'elapsedTime': 8852.399999999907}",2560578914,14444295800,POINT (0.3999288368257698 0.2033016368433625),,,,,,,,,,,,,,,,,,,,,,,,,,,,,,,,
0,30,17,"{'x': 767.863366705478, 'y': 219.5657677908315, 'elapsedTime': 8852.399999999907}",2560595580,14444312466,POINT (0.3999288368257698 0.2033016368433625),,,,,,,,,,,,,,,,,,,,,,,,,,,,,,,,
0,30,17,"{'x': 796.8935065767898, 'y': 216.7693952717793, 'elapsedTime': 8897.69999999972}",2560612248,14444329133,POINT (0.415048701342078 0.2007124030294253),,,,,,,,,,,,,,,,,,,,,,,,,,,,,,,,
0,30,17,"{'x': 796.8935065767898, 'y': 216.7693952717793, 'elapsedTime': 8897.69999999972}",2560628915,14444345800,POINT (0.415048701342078 0.2007124030294253),,,,,,,,,,,,,,,,,,,,,,,,,,,,,,,,
0,30,17,"{'x': 796.8935065767898, 'y': 216.7693952717793, 'elapsedTime': 8897.69999999972}",2560645589,14444362473,POINT (0.415048701342078 0.2007124030294253),,,,,,,,,,,,,,,,,,,,,,,,,,,,,,,,
0,30,17,"{'x': 795.7324794597857, 'y': 230.2508807034144, 'elapsedTime': 8943.19999999972}",2560662255,14444379139,POINT (0.4144439997186384 0.2131952599105689),,,,,,,,,,,,,,,,,,,,,,,,,,,,,,,1,
0,30,17,"{'x': 795.7324794597857, 'y': 230.2508807034144, 'elapsedTime': 8943.19999999972}",2560678923,14444395806,POINT (0.4144439997186384 0.2131952599105689),,,,,,,,,,,,,,,,,,,,,,,,,,,,,,,1,
0,30,17,"{'x': 821.5745392667468, 'y': 257.25256514465434, 'elapsedTime': 8991.69999999972}",2560695590,14444412473,POINT (0.4279034058680973 0.2381968195783836),,,,,,,,,,,,,,,,,,,,,,,,,,,,,,,1,
0,30,17,"{'x': 821.5745392667468, 'y': 257.25256514465434, 'elapsedTime': 8991.69999999972}",2560712258,14444429140,POINT (0.4279034058680973 0.2381968195783836),,,,,,,,,,,,,,,,,,,,,,,,,,,,,,,1,
0,30,17,"{'x': 821.5745392667468, 'y': 257.25256514465434, 'elapsedTime': 8991.69999999972}",2560728924,14444445806,POINT (0.4279034058680973 0.2381968195783836),,,,,,,,,,,,,,,,,,,,,,,,,,,,,,,1,
0,30,17,"{'x': 856.0945954645899, 'y': 295.42478568098306, 'elapsedTime': 9031.799999999814}",2560745592,14444462473,POINT (0.4458826018044739 0.2735414682231325),,,,,,,,,,,,,,,,,,,,,,,,,,,,,,1,1,
0,30,17,"{'x': 856.0945954645899, 'y': 295.42478568098306, 'elapsedTime': 9031.799999999814}",2560762259,14444479140,POINT (0.4458826018044739 0.2735414682231325),,,,,,,,,,,,,,,,,,,,,,,,,,,,,,1,1,
0,30,17,"{'x': 856.0945954645899, 'y': 295.42478568098306, 'elapsedTime': 9031.799999999814}",2560778930,14444495810,POINT (0.4458826018044739 0.2735414682231325),,,,,,,,,,,,,,,,,,,,,,,,,,,,,,1,1,
0,30,17,"{'x': 825.9218586963592, 'y': 346.51602047947995, 'elapsedTime': 9074.5}",2560795598,14444512478,POINT (0.4301676347376871 0.3208481671106296),,,,,,,,,,,,,,,,,,,,,,,,,,,,,,,1,
0,30,17,"{'x': 825.9218586963592, 'y': 346.51602047947995, 'elapsedTime': 9074.5}",2560812266,14444529145,POINT (0.4301676347376871 0.3208481671106296),,,,,,,,,,,,,,,,,,,,,,,,,,,,,,,1,
0,30,17,"{'x': 825.9218586963592, 'y': 346.51602047947995, 'elapsedTime': 9074.5}",2560828933,14444545812,POINT (0.4301676347376871 0.3208481671106296),,,,,,,,,,,,,,,,,,,,,,,,,,,,,,,1,
0,30,17,"{'x': 854.9423265591917, 'y': 362.433300961291, 'elapsedTime': 9115.599999999627}",2560845599,14444562477,POINT (0.445282461749579 0.3355863897789732),,,,,,,,,,,,,,,,,,,,,,,,,,,,,,,1,
0,30,17,"{'x': 854.9423265591917, 'y': 362.433300961291, 'elapsedTime': 9115.599999999627}",2560862267,14444579145,POINT (0.445282461749579 0.3355863897789732),,,,,,,,,,,,,,,,,,,,,,,,,,,,,,,1,
0,30,17,"{'x': 851.5041729870738, 'y': 360.7954587853044, 'elapsedTime': 9161.399999999907}",2560878934,14444595811,POINT (0.443491756764101 0.3340698692456522),,,,,,,,,,,,,,,,,,,,,,,,,,,,,,,1,
0,30,17,"{'x': 851.5041729870738, 'y': 360.7954587853044, 'elapsedTime': 9161.399999999907}",2560895606,14444612483,POINT (0.443491756764101 0.3340698692456522),,,,,,,,,,,,,,,,,,,,,,,,,,,,,,,1,
0,30,17,"{'x': 851.5041729870738, 'y': 360.7954587853044, 'elapsedTime': 9161.399999999907}",2560912274,14444629150,POINT (0.443491756764101 0.3340698692456522),,,,,,,,,,,,,,,,,,,,,,,,,,,,,,,1,
0,30,17,"{'x': 772.9666896099178, 'y': 360.95161092533016, 'elapsedTime': 9211.599999999627}",2560928941,14444645817,POINT (0.4025868175051655 0.3342144545604909),,,,,,,,,,,,,,,,,,1,,,,,,,,,,,,,1,
0,30,17,"{'x': 772.9666896099178, 'y': 360.95161092533016, 'elapsedTime': 9211.599999999627}",2560945608,14444662483,POINT (0.4025868175051655 0.3342144545604909),,,,,,,,,,,,,,,,,,1,,,,,,,,,,,,,1,
0,30,17,"{'x': 702.7773516608892, 'y': 389.0742773292241, 'elapsedTime': 9256.399999999907}",2560962275,14444679150,POINT (0.3660298706567131 0.3602539604900223),,,,,,,,,,,,,,,,,,,,,,,,,,,,,,,,
0,30,17,"{'x': 702.7773516608892, 'y': 389.0742773292241, 'elapsedTime': 9256.399999999907}",2560978942,14444695816,POINT (0.3660298706567131 0.3602539604900223),,,,,,,,,,,,,,,,,,,,,,,,,,,,,,,,
0,30,17,"{'x': 702.7773516608892, 'y': 389.0742773292241, 'elapsedTime': 9256.399999999907}",2560995609,14444712483,POINT (0.3660298706567131 0.3602539604900223),,,,,,,,,,,,,,,,,,,,,,,,,,,,,,,,
0,30,17,"{'x': 702.7773516608892, 'y': 389.0742773292241, 'elapsedTime': 9256.399999999907}",2561012276,14444729150,POINT (0.3660298706567131 0.3602539604900223),,,,,,,,,,,,,,,,,,,,,,,,,,,,,,,,
0,30,17,"{'x': 664.1686559527662, 'y': 382.54148706690034, 'elapsedTime': 9300}",2561028949,14444745822,POINT (0.3459211749753991 0.3542050806175003),,,,,,,,,,,,,,,,,,,,,,,,,,,,,,,,
0,30,17,"{'x': 664.1686559527662, 'y': 382.54148706690034, 'elapsedTime': 9300}",2561045615,14444762488,POINT (0.3459211749753991 0.3542050806175003),,,,,,,,,,,,,,,,,,,,,,,,,,,,,,,,
0,30,17,"{'x': 650.6177039296061, 'y': 380.26792045155247, 'elapsedTime': 9352.299999999814}",2561062283,14444779155,POINT (0.3388633874633366 0.3520999263440301),,,,,,,,,,,,,,,,,,,,,,,,,,,,,,,,
0,30,17,"{'x': 650.6177039296061, 'y': 380.26792045155247, 'elapsedTime': 9352.299999999814}",2561078949,14444795821,POINT (0.3388633874633366 0.3520999263440301),,,,,,,,,,,,,,,,,,,,,,,,,,,,,,,,
0,30,17,"{'x': 650.6177039296061, 'y': 380.26792045155247, 'elapsedTime': 9352.299999999814}",2561095617,14444812488,POINT (0.3388633874633366 0.3520999263440301),,,,,,,,,,,,,,,,,,,,,,,,,,,,,,,,
0,30,17,"{'x': 657.9735380971352, 'y': 368.07083126728384, 'elapsedTime': 9395.5}",2561112284,14444829155,POINT (0.3426945510922579 0.340806325247485),,,,,,,,,,,,,,,,1,,,,,,,,,,,,,,,,
0,30,17,"{'x': 657.9735380971352, 'y': 368.07083126728384, 'elapsedTime': 9395.5}",2561128952,14444845822,POINT (0.3426945510922579 0.340806325247485),,,,,,,,,,,,,,,,1,,,,,,,,,,,,,,,,
0,30,17,"{'x': 656.8366465034071, 'y': 315.9748133027449, 'elapsedTime': 9437.099999999627}",2561145618,14444862488,POINT (0.3421024200538579 0.2925692715766157),,,,,,,,,,,,,,,,,,,,,,,,,,,,,,1,1,
0,30,17,"{'x': 656.8366465034071, 'y': 315.9748133027449, 'elapsedTime': 9437.099999999627}",2561162290,14444879159,POINT (0.3421024200538579 0.2925692715766157),,,,,,,,,,,,,,,,,,,,,,,,,,,,,,1,1,
0,30,17,"{'x': 656.8366465034071, 'y': 315.9748133027449, 'elapsedTime': 9437.099999999627}",2561178958,14444895827,POINT (0.3421024200538579 0.2925692715766157),,,,,,,,,,,,,,,,,,,,,,,,,,,,,,1,1,
0,30,17,"{'x': 656.8366465034071, 'y': 315.9748133027449, 'elapsedTime': 9437.099999999627}",2561195625,14444912493,POINT (0.3421024200538579 0.2925692715766157),,,,,,,,,,,,,,,,,,,,,,,,,,,,,,1,1,
0,30,17,"{'x': 652.4974114788849, 'y': 378.17986594963554, 'elapsedTime': 9479.5}",2561212292,14444929160,POINT (0.3398424018119192 0.3501665425459589),,,,,,,,,,,,,,,,,,,,,,,,,,,,,,,,
0,30,17,"{'x': 652.4974114788849, 'y': 378.17986594963554, 'elapsedTime': 9479.5}",2561228959,14444945826,POINT (0.3398424018119192 0.3501665425459589),,,,,,,,,,,,,,,,,,,,,,,,,,,,,,,,
0,30,17,"{'x': 652.4974114788849, 'y': 378.17986594963554, 'elapsedTime': 9479.5}",2561245626,14444962493,POINT (0.3398424018119192 0.3501665425459589),,,,,,,,,,,,,,,,,,,,,,,,,,,,,,,,
0,30,17,"{'x': 651.7560785778696, 'y': 397.9678809138034, 'elapsedTime': 9536.299999999814}",2561262293,14444979159,POINT (0.3394562909259738 0.3684887786238921),,,,,,,,,,,,,,,,,,,,,,,,,,,,,,,,
0,30,17,"{'x': 651.7560785778696, 'y': 397.9678809138034, 'elapsedTime': 9536.299999999814}",2561278960,14444995826,POINT (0.3394562909259738 0.3684887786238921),,,,,,,,,,,,,,,,,,,,,,,,,,,,,,,,
0,30,17,"{'x': 686.6539694584036, 'y': 312.27259450219844, 'elapsedTime': 9589.899999999907}",2561295632,14445012497,POINT (0.3576322757595852 0.2891412912057393),,,,,,,,,,,,,,,,,,,,,,,,,,,,,,1,1,
0,30,17,"{'x': 686.6539694584036, 'y': 312.27259450219844, 'elapsedTime': 9589.899999999907}",2561312299,14445029164,POINT (0.3576322757595852 0.2891412912057393),,,,,,,,,,,,,,,,,,,,,,,,,,,,,,1,1,
0,30,17,"{'x': 686.6539694584036, 'y': 312.27259450219844, 'elapsedTime': 9589.899999999907}",2561328966,14445045830,POINT (0.3576322757595852 0.2891412912057393),,,,,,,,,,,,,,,,,,,,,,,,,,,,,,1,1,
0,30,17,"{'x': 695.9244607593058, 'y': 324.6004193313552, 'elapsedTime': 9634}",2561345633,14445062497,POINT (0.3624606566454718 0.3005559438253289),,,,,,,,,,,,,,,,,,,,,,,,,,,,,,,1,
0,30,17,"{'x': 695.9244607593058, 'y': 324.6004193313552, 'elapsedTime': 9634}",2561362300,14445079163,POINT (0.3624606566454718 0.3005559438253289),,,,,,,,,,,,,,,,,,,,,,,,,,,,,,,1,
0,30,17,"{'x': 695.9244607593058, 'y': 324.6004193313552, 'elapsedTime': 9634}",2561378967,14445095830,POINT (0.3624606566454718 0.3005559438253289),,,,,,,,,,,,,,,,,,,,,,,,,,,,,,,1,
0,30,17,"{'x': 737.6201299541665, 'y': 269.52206577016716, 'elapsedTime': 9677.599999999627}",2561395635,14445112497,POINT (0.384177151017795 0.2495574683057103),,,,,,,,,,,,,,,,,,,,,,,,,,,,,,1,1,
0,30,17,"{'x': 737.6201299541665, 'y': 269.52206577016716, 'elapsedTime': 9677.599999999627}",2561412301,14445129163,POINT (0.384177151017795 0.2495574683057103),,,,,,,,,,,,,,,,,,,,,,,,,,,,,,1,1,
0,30,17,"{'x': 727.1101292851705, 'y': 297.12061502335985, 'elapsedTime': 9720.799999999814}",2561428973,14445145834,POINT (0.3787031923360263 0.275111680577185),,,,,,,,,,,,,,,,,,,,,,,,,,,,,,1,1,
0,30,17,"{'x': 727.1101292851705, 'y': 297.12061502335985, 'elapsedTime': 9720.799999999814}",2561445640,14445162501,POINT (0.3787031923360263 0.275111680577185),,,,,,,,,,,,,,,,,,,,,,,,,,,,,,1,1,
0,30,17,"{'x': 727.1101292851705, 'y': 297.12061502335985, 'elapsedTime': 9720.799999999814}",2561462308,14445179168,POINT (0.3787031923360263 0.275111680577185),,,,,,,,,,,,,,,,,,,,,,,,,,,,,,1,1,
0,30,17,"{'x': 725.414806296212, 'y': 299.8261158580489, 'elapsedTime': 9760.299999999814}",2561478974,14445195834,POINT (0.3778202116126104 0.2776167739426379),,,,,,,,,,,,,,,,,,,,,,,,,,,,,,1,1,
0,30,17,"{'x': 725.414806296212, 'y': 299.8261158580489, 'elapsedTime': 9760.299999999814}",2561495642,14445212501,POINT (0.3778202116126104 0.2776167739426379),,,,,,,,,,,,,,,,,,,,,,,,,,,,,,1,1,
0,30,17,"{'x': 756.6090550915162, 'y': 333.3243339510252, 'elapsedTime': 9804.399999999907}",2561512308,14445229167,POINT (0.394067216193498 0.3086336425472456),,,,,,,,,,,,,,,,,,,,,,,,,,,,,,,1,
0,30,17,"{'x': 756.6090550915162, 'y': 333.3243339510252, 'elapsedTime': 9804.399999999907}",2561528976,14445245834,POINT (0.394067216193498 0.3086336425472456),,,,,,,,,,,,,,,,,,,,,,,,,,,,,,,1,
0,30,17,"{'x': 756.6090550915162, 'y': 333.3243339510252, 'elapsedTime': 9804.399999999907}",2561545643,14445262501,POINT (0.394067216193498 0.3086336425472456),,,,,,,,,,,,,,,,,,,,,,,,,,,,,,,1,
0,30,17,"{'x': 749.6254718991006, 'y': 324.2931166574394, 'elapsedTime': 9843.69999999972}",2561562315,14445279172,POINT (0.3904299332807816 0.3002714043124439),,,,,,,,,,,,,,,,,,,,,,,,,,,,,,,1,
0,30,17,"{'x': 749.6254718991006, 'y': 324.2931166574394, 'elapsedTime': 9843.69999999972}",2561578981,14445295838,POINT (0.3904299332807816 0.3002714043124439),,,,,,,,,,,,,,,,,,,,,,,,,,,,,,,1,
0,30,17,"{'x': 742.9388240623542, 'y': 285.27954493968286, 'elapsedTime': 9888.899999999907}",2561595649,14445312505,POINT (0.3869473041991428 0.2641477267960027),,,,,,,,,,,,,,,,,,,,,,,,,,,,,,1,1,
0,30,17,"{'x': 742.9388240623542, 'y': 285.27954493968286, 'elapsedTime': 9888.899999999907}",2561612315,14445329171,POINT (0.3869473041991428 0.2641477267960027),,,,,,,,,,,,,,,,,,,,,,,,,,,,,,1,1,
0,30,17,"{'x': 742.9388240623542, 'y': 285.27954493968286, 'elapsedTime': 9888.899999999907}",2561628983,14445345838,POINT (0.3869473041991428 0.2641477267960027),,,,,,,,,,,,,,,,,,,,,,,,,,,,,,1,1,
0,30,17,"{'x': 743.5412971806736, 'y': 272.7825098339707, 'elapsedTime': 9937}",2561645648,14445362503,POINT (0.3872610922816008 0.2525763979944173),,,,,,,,,,,,,,,,,,,,,,,,,,,,,,1,1,
0,30,17,"{'x': 743.5412971806736, 'y': 272.7825098339707, 'elapsedTime': 9937}",2561662318,14445379172,POINT (0.3872610922816008 0.2525763979944173),,,,,,,,,,,,,,,,,,,,,,,,,,,,,,1,1,
0,30,17,"{'x': 743.5412971806736, 'y': 272.7825098339707, 'elapsedTime': 9937}",2561678984,14445395838,POINT (0.3872610922816008 0.2525763979944173),,,,,,,,,,,,,,,,,,,,,,,,,,,,,,1,1,
0,30,17,"{'x': 742.9416548917627, 'y': 319.6065081798272, 'elapsedTime': 9978.599999999627}",2561695657,14445412510,POINT (0.3869487785894598 0.2959319520183585),,,,,,,,,,,,,,,,,,,,,,,,,,,,,,1,1,
0,30,17,"{'x': 742.9416548917627, 'y': 319.6065081798272, 'elapsedTime': 9978.599999999627}",2561712324,14445429177,POINT (0.3869487785894598 0.2959319520183585),,,,,,,,,,,,,,,,,,,,,,,,,,,,,,1,1,
0,30,17,"{'x': 744.5001060737603, 'y': 338.4523482964342, 'elapsedTime': 10021.69999999972}",2561728991,14445445844,POINT (0.3877604719134168 0.3133818039781798),,,,,,,,,,,,,,,,,,,,,,,,,,,,,,,1,
0,30,17,"{'x': 744.5001060737603, 'y': 338.4523482964342, 'elapsedTime': 10021.69999999972}",2561745659,14445462511,POINT (0.3877604719134168 0.3133818039781798),,,,,,,,,,,,,,,,,,,,,,,,,,,,,,,1,
0,30,17,"{'x': 744.5001060737603, 'y': 338.4523482964342, 'elapsedTime': 10021.69999999972}",2561762325,14445479177,POINT (0.3877604719134168 0.3133818039781798),,,,,,,,,,,,,,,,,,,,,,,,,,,,,,,1,
0,30,17,"{'x': 750.8257443678184, 'y': 347.26285384067256, 'elapsedTime': 10063.599999999627}",2561778993,14445495844,POINT (0.3910550751915721 0.3215396794821042),,,,,,,,,,,,,,,,,,,,,,,,,,,,,,,1,
0,30,17,"{'x': 750.8257443678184, 'y': 347.26285384067256, 'elapsedTime': 10063.599999999627}",2561795660,14445512511,POINT (0.3910550751915721 0.3215396794821042),,,,,,,,,,,,,,,,,,,,,,,,,,,,,,,1,
0,30,17,"{'x': 750.8257443678184, 'y': 347.26285384067256, 'elapsedTime': 10063.599999999627}",2561812331,14445529181,POINT (0.3910550751915721 0.3215396794821042),,,,,,,,,,,,,,,,,,,,,,,,,,,,,,,1,
0,30,17,"{'x': 763.0449154185528, 'y': 392.52392722255223, 'elapsedTime': 10107.299999999814}",2561828998,14445545848,POINT (0.3974192267804962 0.3634480807616224),,,,,,,,,,,,,,,,,,,,,,,,,,,,,,,,
0,30,17,"{'x': 763.0449154185528, 'y': 392.52392722255223, 'elapsedTime': 10107.299999999814}",2561845665,14445562514,POINT (0.3974192267804962 0.3634480807616224),,,,,,,,,,,,,,,,,,,,,,,,,,,,,,,,
0,30,17,"{'x': 763.0449154185528, 'y': 392.52392722255223, 'elapsedTime': 10107.299999999814}",2561862332,14445579181,POINT (0.3974192267804962 0.3634480807616224),,,,,,,,,,,,,,,,,,,,,,,,,,,,,,,,
0,30,17,"{'x': 763.0449154185528, 'y': 392.52392722255223, 'elapsedTime': 10107.299999999814}",2561878999,14445595847,POINT (0.3974192267804962 0.3634480807616224),,,,,,,,,,,,,,,,,,,,,,,,,,,,,,,,
0,30,17,"{'x': 745.1295931642368, 'y': 404.56512048137165, 'elapsedTime': 10149.299999999814}",2561895666,14445612514,POINT (0.38808832977304 0.3745973337790478),,,,,,,,,,,,,,,,,,,,,,,,,,,,,,,,
0,30,17,"{'x': 745.1295931642368, 'y': 404.56512048137165, 'elapsedTime': 10149.299999999814}",2561912334,14445629181,POINT (0.38808832977304 0.3745973337790478),,,,,,,,,,,,,,,,,,,,,,,,,,,,,,,,
0,30,17,"{'x': 745.1295931642368, 'y': 404.56512048137165, 'elapsedTime': 10149.299999999814}",2561929001,14445645848,POINT (0.38808832977304 0.3745973337790478),,,,,,,,,,,,,,,,,,,,,,,,,,,,,,,,
0,30,17,"{'x': 775.2429164016152, 'y': 373.0233498455106, 'elapsedTime': 10224.899999999907}",2561945671,14445662517,POINT (0.4037723522925079 0.345391990597695),,,,,,,,,,,,,,,,,,1,,,,,,,,,,,,,,
0,30,17,"{'x': 775.2429164016152, 'y': 373.0233498455106, 'elapsedTime': 10224.899999999907}",2561962338,14445679184,POINT (0.4037723522925079 0.345391990597695),,,,,,,,,,,,,,,,,,1,,,,,,,,,,,,,,
0,30,17,"{'x': 772.4882616309126, 'y': 392.0907410748808, 'elapsedTime': 10271.399999999907}",2561979006,14445695851,POINT (0.4023376362661003 0.3630469824767414),,,,,,,,,,,,,,,,,,,,,,,,,,,,,,,,
0,30,17,"{'x': 772.4882616309126, 'y': 392.0907410748808, 'elapsedTime': 10271.399999999907}",2561995673,14445712518,POINT (0.4023376362661003 0.3630469824767414),,,,,,,,,,,,,,,,,,,,,,,,,,,,,,,,
0,30,17,"{'x': 772.4882616309126, 'y': 392.0907410748808, 'elapsedTime': 10271.399999999907}",2562012339,14445729183,POINT (0.4023376362661003 0.3630469824767414),,,,,,,,,,,,,,,,,,,,,,,,,,,,,,,,
0,30,17,"{'x': 772.4882616309126, 'y': 392.0907410748808, 'elapsedTime': 10271.399999999907}",2562029006,14445745850,POINT (0.4023376362661003 0.3630469824767414),,,,,,,,,,,,,,,,,,,,,,,,,,,,,,,,
0,30,17,"{'x': 716.9562724674148, 'y': 424.80127819138966, 'elapsedTime': 10316.19999999972}",2562045673,14445762516,POINT (0.3734147252434452 0.3933345168438793),,,,,,,,,,,,,,,,,,,,,,,,,,,,,,,,
0,30,17,"{'x': 716.9562724674148, 'y': 424.80127819138966, 'elapsedTime': 10316.19999999972}",2562062341,14445779184,POINT (0.3734147252434452 0.3933345168438793),,,,,,,,,,,,,,,,,,,,,,,,,,,,,,,,
0,30,17,"{'x': 716.9562724674148, 'y': 424.80127819138966, 'elapsedTime': 10316.19999999972}",2562079016,14445795858,POINT (0.3734147252434452 0.3933345168438793),,,,,,,,,,,,,,,,,,,,,,,,,,,,,,,,
0,30,17,"{'x': 692.072022036888, 'y': 435.10121276189926, 'elapsedTime': 10378.69999999972}",2562095682,14445812524,POINT (0.3604541781442125 0.4028714932980549),,,,,,,,,,,,,,,,,,,,,,,,,,,,,,,,
0,30,17,"{'x': 692.072022036888, 'y': 435.10121276189926, 'elapsedTime': 10378.69999999972}",2562112349,14445829190,POINT (0.3604541781442125 0.4028714932980549),,,,,,,,,,,,,,,,,,,,,,,,,,,,,,,,
0,30,17,"{'x': 689.7991734445882, 'y': 415.44218600983277, 'elapsedTime': 10421.799999999814}",2562129015,14445845856,POINT (0.359270402835723 0.3846686907498452),,,,,,,,,,,,,,,,,,,,,,,,,,,,,,,,
0,30,17,"{'x': 689.7991734445882, 'y': 415.44218600983277, 'elapsedTime': 10421.799999999814}",2562145683,14445862523,POINT (0.359270402835723 0.3846686907498452),,,,,,,,,,,,,,,,,,,,,,,,,,,,,,,,
0,30,17,"{'x': 689.7991734445882, 'y': 415.44218600983277, 'elapsedTime': 10421.799999999814}",2562162350,14445879190,POINT (0.359270402835723 0.3846686907498452),,,,,,,,,,,,,,,,,,,,,,,,,,,,,,,,
0,30,17,"{'x': 689.0250073764817, 'y': 404.60870911090194, 'elapsedTime': 10463.69999999972}",2562179018,14445895857,POINT (0.3588671913419175 0.3746376936212055),,,,,,,,,,,,,,,,,,,,,,,,,,,,,,,,
0,30,17,"{'x': 689.0250073764817, 'y': 404.60870911090194, 'elapsedTime': 10463.69999999972}",2562195686,14445912525,POINT (0.3588671913419175 0.3746376936212055),,,,,,,,,,,,,,,,,,,,,,,,,,,,,,,,
0,30,17,"{'x': 689.0250073764817, 'y': 404.60870911090194, 'elapsedTime': 10463.69999999972}",2562212358,14445929196,POINT (0.3588671913419175 0.3746376936212055),,,,,,,,,,,,,,,,,,,,,,,,,,,,,,,,
0,30,17,"{'x': 686.2868774821712, 'y': 377.7115321096347, 'elapsedTime': 10509.799999999814}",2562229024,14445945862,POINT (0.3574410820219642 0.3497329001015136),,,,,,,,,,,,,,,,,,,,,,,,,,,,,,,,
0,30,17,"{'x': 686.2868774821712, 'y': 377.7115321096347, 'elapsedTime': 10509.799999999814}",2562245693,14445962530,POINT (0.3574410820219642 0.3497329001015136),,,,,,,,,,,,,,,,,,,,,,,,,,,,,,,,
0,30,17,"{'x': 686.2868774821712, 'y': 377.7115321096347, 'elapsedTime': 10509.799999999814}",2562262359,14445979196,POINT (0.3574410820219642 0.3497329001015136),,,,,,,,,,,,,,,,,,,,,,,,,,,,,,,,
0,30,17,"{'x': 693.0255978235364, 'y': 387.1728378912933, 'elapsedTime': 10555.099999999627}",2562279027,14445995863,POINT (0.3609508321997585 0.3584933684178642),,,,,,,,,,,,,,,,,,,,,,,,,,,,,,,,
0,30,17,"{'x': 693.0255978235364, 'y': 387.1728378912933, 'elapsedTime': 10555.099999999627}",2562295693,14446012529,POINT (0.3609508321997585 0.3584933684178642),,,,,,,,,,,,,,,,,,,,,,,,,,,,,,,,
0,30,17,"{'x': 690.4880666547367, 'y': 414.7077747935842, 'elapsedTime': 10602.799999999814}",2562312361,14446029196,POINT (0.3596292013826754 0.3839886803644298),,,,,,,,,,,,,,,,,,,,,,,,,,,,,,,,
0,30,17,"{'x': 690.4880666547367, 'y': 414.7077747935842, 'elapsedTime': 10602.799999999814}",2562329028,14446045863,POINT (0.3596292013826754 0.3839886803644298),,,,,,,,,,,,,,,,,,,,,,,,,,,,,,,,
0,30,17,"{'x': 690.4880666547367, 'y': 414.7077747935842, 'elapsedTime': 10602.799999999814}",2562345699,14446062533,POINT (0.3596292013826754 0.3839886803644298),,,,,,,,,,,,,,,,,,,,,,,,,,,,,,,,
0,30,17,"{'x': 691.3711284170544, 'y': 424.7117501649642, 'elapsedTime': 10647.799999999814}",2562362366,14446079200,POINT (0.3600891293838825 0.393251620523115),,,,,,,,,,,,,,,,,,,,,,,,,,,,,,,,
0,30,17,"{'x': 691.3711284170544, 'y': 424.7117501649642, 'elapsedTime': 10647.799999999814}",2562379033,14446095866,POINT (0.3600891293838825 0.393251620523115),,,,,,,,,,,,,,,,,,,,,,,,,,,,,,,,
0,30,17,"{'x': 691.3711284170544, 'y': 424.7117501649642, 'elapsedTime': 10647.799999999814}",2562395700,14446112533,POINT (0.3600891293838825 0.393251620523115),,,,,,,,,,,,,,,,,,,,,,,,,,,,,,,,
0,30,17,"{'x': 716.3407002246697, 'y': 445.2662134452992, 'elapsedTime': 10690.5}",2562412368,14446129200,POINT (0.3730941147003488 0.4122835309678696),,,,,,,,,,,,,,,,,,,,,,,,,,,,,,,,
0,30,17,"{'x': 716.3407002246697, 'y': 445.2662134452992, 'elapsedTime': 10690.5}",2562429034,14446145866,POINT (0.3730941147003488 0.4122835309678696),,,,,,,,,,,,,,,,,,,,,,,,,,,,,,,,
0,30,17,"{'x': 716.3407002246697, 'y': 445.2662134452992, 'elapsedTime': 10690.5}",2562445701,14446162533,POINT (0.3730941147003488 0.4122835309678696),,,,,,,,,,,,,,,,,,,,,,,,,,,,,,,,
0,30,17,"{'x': 693.6608275934329, 'y': 433.0830724082937, 'elapsedTime': 10741.69999999972}",2562462369,14446179200,POINT (0.3612816810382463 0.4010028448224942),,,,,,,,,,,,,,,,,,,,,,,,,,,,,,,,
0,30,17,"{'x': 693.6608275934329, 'y': 433.0830724082937, 'elapsedTime': 10741.69999999972}",2562479041,14446195872,POINT (0.3612816810382463 0.4010028448224942),,,,,,,,,,,,,,,,,,,,,,,,,,,,,,,,
0,30,17,"{'x': 693.6608275934329, 'y': 433.0830724082937, 'elapsedTime': 10741.69999999972}",2562495708,14446212538,POINT (0.3612816810382463 0.4010028448224942),,,,,,,,,,,,,,,,,,,,,,,,,,,,,,,,
0,30,17,"{'x': 693.6608275934329, 'y': 433.0830724082937, 'elapsedTime': 10741.69999999972}",2562512374,14446229204,POINT (0.3612816810382463 0.4010028448224942),,,,,,,,,,,,,,,,,,,,,,,,,,,,,,,,
0,30,17,"{'x': 710.8769625938464, 'y': 423.9596387036668, 'elapsedTime': 10791.399999999907}",2562529043,14446245872,POINT (0.3702484180176284 0.3925552210219137),,,,,,,,,,,,,,,,,,,,,,,,,,,,,,,,
0,30,17,"{'x': 710.8769625938464, 'y': 423.9596387036668, 'elapsedTime': 10791.399999999907}",2562545709,14446262538,POINT (0.3702484180176284 0.3925552210219137),,,,,,,,,,,,,,,,,,,,,,,,,,,,,,,,
0,30,17,"{'x': 710.8769625938464, 'y': 423.9596387036668, 'elapsedTime': 10791.399999999907}",2562562377,14446279205,POINT (0.3702484180176284 0.3925552210219137),,,,,,,,,,,,,,,,,,,,,,,,,,,,,,,,
0,30,17,"{'x': 725.5101584682054, 'y': 407.8281580767659, 'elapsedTime': 10857.899999999907}",2562579043,14446295871,POINT (0.3778698742021903 0.3776186648858944),,,,,,,,,,,,,,,,,,,,,,,,,,,,,,,,
0,30,17,"{'x': 725.5101584682054, 'y': 407.8281580767659, 'elapsedTime': 10857.899999999907}",2562595711,14446312538,POINT (0.3778698742021903 0.3776186648858944),,,,,,,,,,,,,,,,,,,,,,,,,,,,,,,,
0,30,17,"{'x': 725.5101584682054, 'y': 407.8281580767659, 'elapsedTime': 10857.899999999907}",2562612383,14446329210,POINT (0.3778698742021903 0.3776186648858944),,,,,,,,,,,,,,,,,,,,,,,,,,,,,,,,
0,30,17,"{'x': 734.4761268439073, 'y': 363.72641858971866, 'elapsedTime': 10910.399999999907}",2562629051,14446345877,POINT (0.3825396493978684 0.3367837209164062),,,,,,,,,,,,,,,,,,,,,,,,,,,,,,,,
0,30,17,"{'x': 734.4761268439073, 'y': 363.72641858971866, 'elapsedTime': 10910.399999999907}",2562645716,14446362542,POINT (0.3825396493978684 0.3367837209164062),,,,,,,,,,,,,,,,,,,,,,,,,,,,,,,,
0,30,17,"{'x': 734.4761268439073, 'y': 363.72641858971866, 'elapsedTime': 10910.399999999907}",2562662383,14446379208,POINT (0.3825396493978684 0.3367837209164062),,,,,,,,,,,,,,,,,,,,,,,,,,,,,,,,
0,30,17,"{'x': 710.3828176109317, 'y': 333.8536577278133, 'elapsedTime': 10954.399999999907}",2562679052,14446395877,POINT (0.369991050839027 0.3091237571553827),,,,,,,,,,,,,,,,,,,,,,,,,,,,,,,1,
0,30,17,"{'x': 710.3828176109317, 'y': 333.8536577278133, 'elapsedTime': 10954.399999999907}",2562695719,14446412543,POINT (0.369991050839027 0.3091237571553827),,,,,,,,,,,,,,,,,,,,,,,,,,,,,,,1,
0,30,17,"{'x': 710.3828176109317, 'y': 333.8536577278133, 'elapsedTime': 10954.399999999907}",2562712386,14446429210,POINT (0.369991050839027 0.3091237571553827),,,,,,,,,,,,,,,,,,,,,,,,,,,,,,,1,
0,30,17,"{'x': 732.4119373323796, 'y': 346.39418381975753, 'elapsedTime': 11005.799999999814}",2562729059,14446445882,POINT (0.3814645506939477 0.3207353553886644),,,,,,,,,,,,,,,,,,,,,,,,,,,,,,,1,
0,30,17,"{'x': 732.4119373323796, 'y': 346.39418381975753, 'elapsedTime': 11005.799999999814}",2562745725,14446462548,POINT (0.3814645506939477 0.3207353553886644),,,,,,,,,,,,,,,,,,,,,,,,,,,,,,,1,
0,30,17,"{'x': 732.4119373323796, 'y': 346.39418381975753, 'elapsedTime': 11005.799999999814}",2562762393,14446479215,POINT (0.3814645506939477 0.3207353553886644),,,,,,,,,,,,,,,,,,,,,,,,,,,,,,,1,
0,30,17,"{'x': 653.3099612875822, 'y': 338.32185058181966, 'elapsedTime': 11062.599999999627}",2562779060,14446495882,POINT (0.3402656048372824 0.3132609727609441),,,,,,,,,,,,,,,,,,,,,,,,,,,,,,,,
0,30,17,"{'x': 653.3099612875822, 'y': 338.32185058181966, 'elapsedTime': 11062.599999999627}",2562795727,14446512548,POINT (0.3402656048372824 0.3132609727609441),,,,,,,,,,,,,,,,,,,,,,,,,,,,,,,,
0,30,17,"{'x': 610.8692383764134, 'y': 381.43517829344773, 'elapsedTime': 11107.899999999907}",2562812394,14446529215,POINT (0.318161061654382 0.3531807206420812),,,,,,,,,,,,,,,,,,,,,,,,,,,,,,,,
0,30,17,"{'x': 610.8692383764134, 'y': 381.43517829344773, 'elapsedTime': 11107.899999999907}",2562829061,14446545881,POINT (0.318161061654382 0.3531807206420812),,,,,,,,,,,,,,,,,,,,,,,,,,,,,,,,
0,30,17,"{'x': 610.8692383764134, 'y': 381.43517829344773, 'elapsedTime': 11107.899999999907}",2562845728,14446562548,POINT (0.318161061654382 0.3531807206420812),,,,,,,,,,,,,,,,,,,,,,,,,,,,,,,,
0,30,17,"{'x': 593.9147907522504, 'y': 328.84138152665685, 'elapsedTime': 11153.19999999972}",2562862399,14446579218,POINT (0.3093306201834637 0.3044827606728304),,,,,,,,,,,,,,,,,,,,,,,,,,,,,,,,
0,30,17,"{'x': 593.9147907522504, 'y': 328.84138152665685, 'elapsedTime': 11153.19999999972}",2562879065,14446595884,POINT (0.3093306201834637 0.3044827606728304),,,,,,,,,,,,,,,,,,,,,,,,,,,,,,,,
0,30,17,"{'x': 593.9147907522504, 'y': 328.84138152665685, 'elapsedTime': 11153.19999999972}",2562895733,14446612551,POINT (0.3093306201834637 0.3044827606728304),,,,,,,,,,,,,,,,,,,,,,,,,,,,,,,,
0,30,17,"{'x': 640.2738937690253, 'y': 314.69606652518274, 'elapsedTime': 11195.099999999627}",2562912400,14446629218,POINT (0.333475986338034 0.2913852467825766),,,,,,,,,,,,,,,,,,,,,,,,,,,,,,1,1,
0,30,17,"{'x': 640.2738937690253, 'y': 314.69606652518274, 'elapsedTime': 11195.099999999627}",2562929067,14446645884,POINT (0.333475986338034 0.2913852467825766),,,,,,,,,,,,,,,,,,,,,,,,,,,,,,1,1,
0,30,17,"{'x': 660.145447785954, 'y': 363.1856004633907, 'elapsedTime': 11236.19999999972}",2562945734,14446662551,POINT (0.3438257540551844 0.3362829633920284),,,,,,,,,,,,,,,,,,,,,,,,,,,,,,,,
0,30,17,"{'x': 660.145447785954, 'y': 363.1856004633907, 'elapsedTime': 11236.19999999972}",2562962402,14446679218,POINT (0.3438257540551844 0.3362829633920284),,,,,,,,,,,,,,,,,,,,,,,,,,,,,,,,
0,30,17,"{'x': 660.145447785954, 'y': 363.1856004633907, 'elapsedTime': 11236.19999999972}",2562979068,14446695884,POINT (0.3438257540551844 0.3362829633920284),,,,,,,,,,,,,,,,,,,,,,,,,,,,,,,,
0,30,17,"{'x': 659.3430682449357, 'y': 375.2591961101668, 'elapsedTime': 11277.099999999627}",2562995738,14446712553,POINT (0.3434078480442374 0.3474622186205248),,,,,,,,,,,,,,,,,,,,,,,,,,,,,,,,
0,30,17,"{'x': 659.3430682449357, 'y': 375.2591961101668, 'elapsedTime': 11277.099999999627}",2563012404,14446729219,POINT (0.3434078480442374 0.3474622186205248),,,,,,,,,,,,,,,,,,,,,,,,,,,,,,,,
0,30,17,"{'x': 659.3430682449357, 'y': 375.2591961101668, 'elapsedTime': 11277.099999999627}",2563029072,14446745886,POINT (0.3434078480442374 0.3474622186205248),,,,,,,,,,,,,,,,,,,,,,,,,,,,,,,,
0,30,17,"{'x': 686.075546822876, 'y': 389.17424057031064, 'elapsedTime': 11318.399999999907}",2563045739,14446762553,POINT (0.357331013970248 0.3603465190465839),,,,,,,,,,,,,,,,,,,,,,,,,,,,,,,,
0,30,17,"{'x': 686.075546822876, 'y': 389.17424057031064, 'elapsedTime': 11318.399999999907}",2563062407,14446779220,POINT (0.357331013970248 0.3603465190465839),,,,,,,,,,,,,,,,,,,,,,,,,,,,,,,,
0,30,17,"{'x': 686.075546822876, 'y': 389.17424057031064, 'elapsedTime': 11318.399999999907}",2563079073,14446795886,POINT (0.357331013970248 0.3603465190465839),,,,,,,,,,,,,,,,,,,,,,,,,,,,,,,,
0,30,17,"{'x': 739.8628163434844, 'y': 340.8526164813244, 'elapsedTime': 11378.19999999972}",2563095741,14446812553,POINT (0.3853452168455648 0.3156042745197448),,,,,,,,,,,,,,,,,,,,,,,,,,,,,,,1,
0,30,17,"{'x': 739.8628163434844, 'y': 340.8526164813244, 'elapsedTime': 11378.19999999972}",2563112408,14446829220,POINT (0.3853452168455648 0.3156042745197448),,,,,,,,,,,,,,,,,,,,,,,,,,,,,,,1,
0,30,17,"{'x': 739.8628163434844, 'y': 340.8526164813244, 'elapsedTime': 11378.19999999972}",2563129084,14446845895,POINT (0.3853452168455648 0.3156042745197448),,,,,,,,,,,,,,,,,,,,,,,,,,,,,,,1,
0,30,17,"{'x': 736.3423129383744, 'y': 375.5201911944211, 'elapsedTime': 11427.099999999627}",2563145751,14446862562,POINT (0.38351162132207 0.3477038807355751),,,,,,,,,,,,,,,,,,,,,,,,,,,,,,,,
0,30,17,"{'x': 736.3423129383744, 'y': 375.5201911944211, 'elapsedTime': 11427.099999999627}",2563162417,14446879228,POINT (0.38351162132207 0.3477038807355751),,,,,,,,,,,,,,,,,,,,,,,,,,,,,,,,
0,30,17,"{'x': 699.4681476794711, 'y': 278.51605482327426, 'elapsedTime': 11470.099999999627}",2563179085,14446895895,POINT (0.3643063269163912 0.2578852359474761),,,,,,,,,,,,,,,,,,,,,,,,,,,,,,1,1,
0,30,17,"{'x': 699.4681476794711, 'y': 278.51605482327426, 'elapsedTime': 11470.099999999627}",2563195751,14446912561,POINT (0.3643063269163912 0.2578852359474761),,,,,,,,,,,,,,,,,,,,,,,,,,,,,,1,1,
0,30,17,"{'x': 709.5926352783501, 'y': 334.5769909318833, 'elapsedTime': 11511.5}",2563212420,14446929229,POINT (0.3695794975408074 0.3097935101221142),,,,,,,,,,,,,,,,,,,,,,,,,,,,,,,1,
0,30,17,"{'x': 709.5926352783501, 'y': 334.5769909318833, 'elapsedTime': 11511.5}",2563229086,14446945895,POINT (0.3695794975408074 0.3097935101221142),,,,,,,,,,,,,,,,,,,,,,,,,,,,,,,1,
0,30,17,"{'x': 709.5926352783501, 'y': 334.5769909318833, 'elapsedTime': 11511.5}",2563245754,14446962561,POINT (0.3695794975408074 0.3097935101221142),,,,,,,,,,,,,,,,,,,,,,,,,,,,,,,1,
0,30,17,"{'x': 709.5926352783501, 'y': 334.5769909318833, 'elapsedTime': 11511.5}",2563262424,14446979231,POINT (0.3695794975408074 0.3097935101221142),,,,,,,,,,,,,,,,,,,,,,,,,,,,,,,1,
0,30,17,"{'x': 709.5926352783501, 'y': 334.5769909318833, 'elapsedTime': 11511.5}",2563279092,14446995898,POINT (0.3695794975408074 0.3097935101221142),,,,,,,,,,,,,,,,,,,,,,,,,,,,,,,1,
0,30,17,"{'x': 757.0318616910492, 'y': 279.8051439912217, 'elapsedTime': 11553.299999999814}",2563295758,14447012564,POINT (0.3942874279640882 0.259078837028909),,,,,,,,,,,,,,,,,,,,,,,,,,,,,,1,1,
0,30,17,"{'x': 757.0318616910492, 'y': 279.8051439912217, 'elapsedTime': 11553.299999999814}",2563312426,14447029231,POINT (0.3942874279640882 0.259078837028909),,,,,,,,,,,,,,,,,,,,,,,,,,,,,,1,1,
0,30,17,"{'x': 757.0318616910492, 'y': 279.8051439912217, 'elapsedTime': 11553.299999999814}",2563329093,14447045898,POINT (0.3942874279640882 0.259078837028909),,,,,,,,,,,,,,,,,,,,,,,,,,,,,,1,1,
0,30,17,"{'x': 744.9639501583739, 'y': 301.3373247436426, 'elapsedTime': 11625.299999999814}",2563345760,14447062564,POINT (0.388002057374153 0.2790160414292987),,,,,,,,,,,,,,,,,,,,,,,,,,,,,,1,1,
0,30,17,"{'x': 744.9639501583739, 'y': 301.3373247436426, 'elapsedTime': 11625.299999999814}",2563362428,14447079231,POINT (0.388002057374153 0.2790160414292987),,,,,,,,,,,,,,,,,,,,,,,,,,,,,,1,1,
0,30,17,"{'x': 766.0924110598065, 'y': 324.2296648587775, 'elapsedTime': 11672}",2563379096,14447095898,POINT (0.3990064640936492 0.3002126526470162),,,,,,,,,,,,,,,,,,,,,,,,,,,,,,,1,
0,30,17,"{'x': 766.0924110598065, 'y': 324.2296648587775, 'elapsedTime': 11672}",2563395767,14447112569,POINT (0.3990064640936492 0.3002126526470162),,,,,,,,,,,,,,,,,,,,,,,,,,,,,,,1,
0,30,17,"{'x': 766.0924110598065, 'y': 324.2296648587775, 'elapsedTime': 11672}",2563412435,14447129236,POINT (0.3990064640936492 0.3002126526470162),,,,,,,,,,,,,,,,,,,,,,,,,,,,,,,1,
0,30,17,"{'x': 760.8434537561164, 'y': 331.76879527273644, 'elapsedTime': 11712.599999999627}",2563429102,14447145903,POINT (0.396272632164644 0.3071933289562375),,,,,,,,,,,,,,,,,,,,,,,,,,,,,,,1,
0,30,17,"{'x': 760.8434537561164, 'y': 331.76879527273644, 'elapsedTime': 11712.599999999627}",2563445770,14447162570,POINT (0.396272632164644 0.3071933289562375),,,,,,,,,,,,,,,,,,,,,,,,,,,,,,,1,
0,30,17,"{'x': 750.1942658940226, 'y': 333.8853808065252, 'elapsedTime': 11756.099999999627}",2563462437,14447179236,POINT (0.3907261801531368 0.3091531303764122),,,,,,,,,,,,,,,,,,,,,,,,,,,,,,,1,
0,30,17,"{'x': 750.1942658940226, 'y': 333.8853808065252, 'elapsedTime': 11756.099999999627}",2563479105,14447195903,POINT (0.3907261801531368 0.3091531303764122),,,,,,,,,,,,,,,,,,,,,,,,,,,,,,,1,
0,30,17,"{'x': 750.1942658940226, 'y': 333.8853808065252, 'elapsedTime': 11756.099999999627}",2563495771,14447212569,POINT (0.3907261801531368 0.3091531303764122),,,,,,,,,,,,,,,,,,,,,,,,,,,,,,,1,
0,30,17,"{'x': 750.1942658940226, 'y': 333.8853808065252, 'elapsedTime': 11756.099999999627}",2563512439,14447229236,POINT (0.3907261801531368 0.3091531303764122),,,,,,,,,,,,,,,,,,,,,,,,,,,,,,,1,
0,30,17,"{'x': 717.3902286286703, 'y': 289.36475963480154, 'elapsedTime': 11802.19999999972}",2563529110,14447245907,POINT (0.3736407440774325 0.2679303329951866),,,,,,,,,,,,,,,,,,,,,,,,,,,,,,1,1,
0,30,17,"{'x': 717.3902286286703, 'y': 289.36475963480154, 'elapsedTime': 11802.19999999972}",2563545777,14447262573,POINT (0.3736407440774325 0.2679303329951866),,,,,,,,,,,,,,,,,,,,,,,,,,,,,,1,1,
0,30,17,"{'x': 717.3902286286703, 'y': 289.36475963480154, 'elapsedTime': 11802.19999999972}",2563562444,14447279240,POINT (0.3736407440774325 0.2679303329951866),,,,,,,,,,,,,,,,,,,,,,,,,,,,,,1,1,
0,30,17,"{'x': 710.9992082848175, 'y': 316.54884506445615, 'elapsedTime': 11896.69999999972}",2563579113,14447295907,POINT (0.3703120876483424 0.293100782467089),,,,,,,,,,,,,,,,,,,,,,,,,,,,,,1,1,
0,30,17,"{'x': 710.9992082848175, 'y': 316.54884506445615, 'elapsedTime': 11896.69999999972}",2563595780,14447312574,POINT (0.3703120876483424 0.293100782467089),,,,,,,,,,,,,,,,,,,,,,,,,,,,,,1,1,
0,30,17,"{'x': 710.9992082848175, 'y': 316.54884506445615, 'elapsedTime': 11896.69999999972}",2563612447,14447329240,POINT (0.3703120876483424 0.293100782467089),,,,,,,,,,,,,,,,,,,,,,,,,,,,,,1,1,
0,30,17,"{'x': 710.9992082848175, 'y': 316.54884506445615, 'elapsedTime': 11896.69999999972}",2563629114,14447345907,POINT (0.3703120876483424 0.293100782467089),,,,,,,,,,,,,,,,,,,,,,,,,,,,,,1,1,
0,30,17,"{'x': 709.0622655374816, 'y': 270.32938998773363, 'elapsedTime': 11936.69999999972}",2563645783,14447362575,POINT (0.3693032633007717 0.250304990729383),,,,,,,,,,,,,,,,,,,,,,,,,,,,,,1,1,
0,30,17,"{'x': 709.0622655374816, 'y': 270.32938998773363, 'elapsedTime': 11936.69999999972}",2563662453,14447379245,POINT (0.3693032633007717 0.250304990729383),,,,,,,,,,,,,,,,,,,,,,,,,,,,,,1,1,
0,30,17,"{'x': 699.0720976559788, 'y': 284.37004792270494, 'elapsedTime': 11976.69999999972}",2563679121,14447395912,POINT (0.364100050862489 0.2633055999284305),,,,,,,,,,,,,,,,,,,,,,,,1,,,,,,1,1,
0,30,17,"{'x': 699.0720976559788, 'y': 284.37004792270494, 'elapsedTime': 11976.69999999972}",2563695789,14447412579,POINT (0.364100050862489 0.2633055999284305),,,,,,,,,,,,,,,,,,,,,,,,1,,,,,,1,1,
0,30,17,"{'x': 699.0720976559788, 'y': 284.37004792270494, 'elapsedTime': 11976.69999999972}",2563712456,14447429245,POINT (0.364100050862489 0.2633055999284305),,,,,,,,,,,,,,,,,,,,,,,,1,,,,,,1,1,
0,30,17,"{'x': 678.0368689187454, 'y': 287.3121509579905, 'elapsedTime': 12020.399999999907}",2563729122,14447445911,POINT (0.3531442025618466 0.2660297694055468),,,,,,,,,,,,,,,,,,,,,,,,,,,,,,1,1,
0,30,17,"{'x': 678.0368689187454, 'y': 287.3121509579905, 'elapsedTime': 12020.399999999907}",2563745790,14447462578,POINT (0.3531442025618466 0.2660297694055468),,,,,,,,,,,,,,,,,,,,,,,,,,,,,,1,1,
0,30,17,"{'x': 678.0368689187454, 'y': 287.3121509579905, 'elapsedTime': 12020.399999999907}",2563762457,14447479245,POINT (0.3531442025618466 0.2660297694055468),,,,,,,,,,,,,,,,,,,,,,,,,,,,,,1,1,
0,30,17,"{'x': 651.9266523616284, 'y': 299.5438469901923, 'elapsedTime': 12063.299999999814}",2563779128,14447495915,POINT (0.3395451314383481 0.2773554138798077),,,,,,,,,,,,,,,,,,,,,,,,,,,,,,1,1,
0,30,17,"{'x': 651.9266523616284, 'y': 299.5438469901923, 'elapsedTime': 12063.299999999814}",2563795795,14447512581,POINT (0.3395451314383481 0.2773554138798077),,,,,,,,,,,,,,,,,,,,,,,,,,,,,,1,1,
0,30,17,"{'x': 651.9266523616284, 'y': 299.5438469901923, 'elapsedTime': 12063.299999999814}",2563812463,14447529248,POINT (0.3395451314383481 0.2773554138798077),,,,,,,,,,,,,,,,,,,,,,,,,,,,,,1,1,
0,30,17,"{'x': 629.9101621265064, 'y': 364.814862446556, 'elapsedTime': 12104.399999999907}",2563829130,14447545915,POINT (0.3280782094408888 0.3377915393023667),,,,,,,,,,,,,,,,,,,,,,,,,,,,,,,,
0,30,17,"{'x': 696.5086517749384, 'y': 335.4000177976651, 'elapsedTime': 12149.69999999972}",2563845798,14447562582,POINT (0.362764922799447 0.3105555720348751),,,,,,,,,,,,,,,,,,,,,,,,,,,,,,,1,
0,30,17,"{'x': 696.5086517749384, 'y': 335.4000177976651, 'elapsedTime': 12149.69999999972}",2563862464,14447579248,POINT (0.362764922799447 0.3105555720348751),,,,,,,,,,,,,,,,,,,,,,,,,,,,,,,1,
0,30,17,"{'x': 696.5086517749384, 'y': 335.4000177976651, 'elapsedTime': 12149.69999999972}",2563879130,14447595914,POINT (0.362764922799447 0.3105555720348751),,,,,,,,,,,,,,,,,,,,,,,,,,,,,,,1,
0,30,17,"{'x': 696.5086517749384, 'y': 335.4000177976651, 'elapsedTime': 12149.69999999972}",2563895799,14447612581,POINT (0.362764922799447 0.3105555720348751),,,,,,,,,,,,,,,,,,,,,,,,,,,,,,,1,
0,30,17,"{'x': 743.3831999406356, 'y': 367.26875058716945, 'elapsedTime': 12187.099999999627}",2563912471,14447629253,POINT (0.387178749969081 0.3400636579510828),,,,,,,,,,,,,,,,,,,,,,,,,,,,,,,,
0,30,17,"{'x': 743.3831999406356, 'y': 367.26875058716945, 'elapsedTime': 12187.099999999627}",2563929139,14447645920,POINT (0.387178749969081 0.3400636579510828),,,,,,,,,,,,,,,,,,,,,,,,,,,,,,,,
0,30,17,"{'x': 781.3341223396507, 'y': 293.7946359872958, 'elapsedTime': 12229.799999999814}",2563945805,14447662586,POINT (0.4069448553852347 0.2720320703586072),,,,,,,,,,,,,,,,,,,,,,,,,,,,,,1,1,
0,30,17,"{'x': 781.3341223396507, 'y': 293.7946359872958, 'elapsedTime': 12229.799999999814}",2563962474,14447679254,POINT (0.4069448553852347 0.2720320703586072),,,,,,,,,,,,,,,,,,,,,,,,,,,,,,1,1,
0,30,17,"{'x': 781.3341223396507, 'y': 293.7946359872958, 'elapsedTime': 12229.799999999814}",2563979140,14447695920,POINT (0.4069448553852347 0.2720320703586072),,,,,,,,,,,,,,,,,,,,,,,,,,,,,,1,1,
0,30,17,"{'x': 816.6733986197179, 'y': 263.2382052685519, 'elapsedTime': 12270.69999999972}",2563995808,14447712587,POINT (0.4253507284477697 0.2437390789523628),,,,,,,,,,,,,,,,,,,,,,,,,,,,,,1,1,
0,30,17,"{'x': 816.6733986197179, 'y': 263.2382052685519, 'elapsedTime': 12270.69999999972}",2564012476,14447729254,POINT (0.4253507284477697 0.2437390789523628),,,,,,,,,,,,,,,,,,,,,,,,,,,,,,1,1,
0,30,17,"{'x': 816.6733986197179, 'y': 263.2382052685519, 'elapsedTime': 12270.69999999972}",2564029144,14447745921,POINT (0.4253507284477697 0.2437390789523628),,,,,,,,,,,,,,,,,,,,,,,,,,,,,,1,1,
0,30,17,"{'x': 816.6733986197179, 'y': 263.2382052685519, 'elapsedTime': 12270.69999999972}",2564045817,14447762594,POINT (0.4253507284477697 0.2437390789523628),,,,,,,,,,,,,,,,,,,,,,,,,,,,,,1,1,
0,30,17,"{'x': 857.9154269839031, 'y': 217.40150225481221, 'elapsedTime': 12316.69999999972}",2564062485,14447779261,POINT (0.4468309515541162 0.2012976872729743),,,,,,,,,,,,,,,,,,,,,,,,,,,,,,,,
0,30,17,"{'x': 857.9154269839031, 'y': 217.40150225481221, 'elapsedTime': 12316.69999999972}",2564079152,14447795928,POINT (0.4468309515541162 0.2012976872729743),,,,,,,,,,,,,,,,,,,,,,,,,,,,,,,,
0,30,17,"{'x': 857.9154269839031, 'y': 217.40150225481221, 'elapsedTime': 12316.69999999972}",2564095819,14447812594,POINT (0.4468309515541162 0.2012976872729743),,,,,,,,,,,,,,,,,,,,,,,,,,,,,,,,
0,30,17,"{'x': 849.3440388239658, 'y': 225.22583545117817, 'elapsedTime': 12396.19999999972}",2564112486,14447829261,POINT (0.4423666868874822 0.2085424402325724),,,,,,,,,,,,,,,,,,,,,,,,,,,,,,,,
0,30,17,"{'x': 849.3440388239658, 'y': 225.22583545117817, 'elapsedTime': 12396.19999999972}",2564129154,14447845927,POINT (0.4423666868874822 0.2085424402325724),,,,,,,,,,,,,,,,,,,,,,,,,,,,,,,,
0,30,17,"{'x': 854.5280287813471, 'y': 201.55965052338945, 'elapsedTime': 12439.5}",2564145821,14447862594,POINT (0.4450666816569516 0.1866293060401754),,,,,,,,,,,,,,,,,,,,,,,,,,,,,,1,,
0,30,17,"{'x': 854.5280287813471, 'y': 201.55965052338945, 'elapsedTime': 12439.5}",2564162489,14447879261,POINT (0.4450666816569516 0.1866293060401754),,,,,,,,,,,,,,,,,,,,,,,,,,,,,,1,,
0,30,17,"{'x': 854.5280287813471, 'y': 201.55965052338945, 'elapsedTime': 12439.5}",2564179159,14447895931,POINT (0.4450666816569516 0.1866293060401754),,,,,,,,,,,,,,,,,,,,,,,,,,,,,,1,,
0,30,17,"{'x': 861.6739225647706, 'y': 187.91271673796456, 'elapsedTime': 12486.19999999972}",2564195826,14447912597,POINT (0.448788501335818 0.1739932562388561),,,,,,,,,,,,,,,,,,,,,,,,,,,,,,1,,
0,30,17,"{'x': 861.6739225647706, 'y': 187.91271673796456, 'elapsedTime': 12486.19999999972}",2564212492,14447929263,POINT (0.448788501335818 0.1739932562388561),,,,,,,,,,,,,,,,,,,,,,,,,,,,,,1,,
0,30,17,"{'x': 861.6739225647706, 'y': 187.91271673796456, 'elapsedTime': 12486.19999999972}",2564229162,14447945931,POINT (0.448788501335818 0.1739932562388561),,,,,,,,,,,,,,,,,,,,,,,,,,,,,,1,,
0,30,17,"{'x': 861.6739225647706, 'y': 187.91271673796456, 'elapsedTime': 12486.19999999972}",2564245828,14447962597,POINT (0.448788501335818 0.1739932562388561),,,,,,,,,,,,,,,,,,,,,,,,,,,,,,1,,
0,30,17,"{'x': 860.4514565860522, 'y': 164.67541661781692, 'elapsedTime': 12537.69999999972}",2564262496,14447979264,POINT (0.4481518003052356 0.1524772376090897),,,,,,,,,,,,,,,,,,,,,,,,,,,,,,1,,
0,30,17,"{'x': 860.4514565860522, 'y': 164.67541661781692, 'elapsedTime': 12537.69999999972}",2564279162,14447995930,POINT (0.4481518003052356 0.1524772376090897),,,,,,,,,,,,,,,,,,,,,,,,,,,,,,1,,
0,30,17,"{'x': 860.4514565860522, 'y': 164.67541661781692, 'elapsedTime': 12537.69999999972}",2564295830,14448012597,POINT (0.4481518003052356 0.1524772376090897),,,,,,,,,,,,,,,,,,,,,,,,,,,,,,1,,
0,30,17,"{'x': 866.8840521864753, 'y': 301.84894687785504, 'elapsedTime': 12604.299999999814}",2564312503,14448029270,POINT (0.4515021105137892 0.2794897656276436),,,,,,,,,,,,,,,,,,,,,,,,,,,,,,1,1,
0,30,17,"{'x': 866.8840521864753, 'y': 301.84894687785504, 'elapsedTime': 12604.299999999814}",2564329171,14448045937,POINT (0.4515021105137892 0.2794897656276436),,,,,,,,,,,,,,,,,,,,,,,,,,,,,,1,1,
0,30,17,"{'x': 866.8840521864753, 'y': 301.84894687785504, 'elapsedTime': 12604.299999999814}",2564345838,14448062603,POINT (0.4515021105137892 0.2794897656276436),,,,,,,,,,,,,,,,,,,,,,,,,,,,,,1,1,
0,30,17,"{'x': 917.2259197664123, 'y': 328.22356884463824, 'elapsedTime': 12647}",2564362505,14448079269,POINT (0.477721833211673 0.3039107118931835),,,,,,,,,,,,,,,,,,,,,,,,,,,,,,,1,
0,30,17,"{'x': 917.2259197664123, 'y': 328.22356884463824, 'elapsedTime': 12647}",2564379172,14448095936,POINT (0.477721833211673 0.3039107118931835),,,,,,,,,,,,,,,,,,,,,,,,,,,,,,,1,
0,30,17,"{'x': 967.538198776685, 'y': 330.863384909075, 'elapsedTime': 12689.69999999972}",2564395840,14448112603,POINT (0.5039261451961902 0.3063549860269213),,,,,,,,,,,,,,,,,,,,,,,,,,,,,,,1,
0,30,17,"{'x': 967.538198776685, 'y': 330.863384909075, 'elapsedTime': 12689.69999999972}",2564412507,14448129270,POINT (0.5039261451961902 0.3063549860269213),,,,,,,,,,,,,,,,,,,,,,,,,,,,,,,1,
0,30,17,"{'x': 949.8787924608927, 'y': 336.5775838810459, 'elapsedTime': 12738.599999999627}",2564429173,14448145935,POINT (0.4947285377400483 0.3116459110009684),,,,,,,,,,,,,,,,,,,,,,,,,,,,,,,1,
0,30,17,"{'x': 949.8787924608927, 'y': 336.5775838810459, 'elapsedTime': 12738.599999999627}",2564445846,14448162607,POINT (0.4947285377400483 0.3116459110009684),,,,,,,,,,,,,,,,,,,,,,,,,,,,,,,1,
0,30,17,"{'x': 949.8787924608927, 'y': 336.5775838810459, 'elapsedTime': 12738.599999999627}",2564462514,14448179274,POINT (0.4947285377400483 0.3116459110009684),,,,,,,,,,,,,,,,,,,,,,,,,,,,,,,1,
0,30,17,"{'x': 949.8787924608927, 'y': 336.5775838810459, 'elapsedTime': 12738.599999999627}",2564479181,14448195941,POINT (0.4947285377400483 0.3116459110009684),,,,,,,,,,,,,,,,,,,,,,,,,,,,,,,1,
0,30,17,"{'x': 949.8787924608927, 'y': 336.5775838810459, 'elapsedTime': 12738.599999999627}",2564495849,14448212608,POINT (0.4947285377400483 0.3116459110009684),,,,,,,,,,,,,,,,,,,,,,,,,,,,,,,1,
0,30,17,"{'x': 912.8569818073198, 'y': 317.043714005081, 'elapsedTime': 12784.399999999907}",2564512516,14448229275,POINT (0.4754463446913124 0.2935589944491491),,,,,,,,,,,,,,,,,,,,,,,,,,,,,,1,1,
0,30,17,"{'x': 912.8569818073198, 'y': 317.043714005081, 'elapsedTime': 12784.399999999907}",2564529183,14448245941,POINT (0.4754463446913124 0.2935589944491491),,,,,,,,,,,,,,,,,,,,,,,,,,,,,,1,1,
0,30,17,"{'x': 912.8569818073198, 'y': 317.043714005081, 'elapsedTime': 12784.399999999907}",2564545850,14448262608,POINT (0.4754463446913124 0.2935589944491491),,,,,,,,,,,,,,,,,,,,,,,,,,,,,,1,1,
0,30,17,"{'x': 866.8401088892738, 'y': 339.45449619823887, 'elapsedTime': 12832.799999999814}",2564562519,14448279275,POINT (0.4514792233798301 0.314309718702073),,,,,,,,,,,,,,,,,,,,,,,,,,,,,,,1,
0,30,17,"{'x': 866.8401088892738, 'y': 339.45449619823887, 'elapsedTime': 12832.799999999814}",2564579189,14448295945,POINT (0.4514792233798301 0.314309718702073),,,,,,,,,,,,,,,,,,,,,,,,,,,,,,,1,
0,30,17,"{'x': 866.8401088892738, 'y': 339.45449619823887, 'elapsedTime': 12832.799999999814}",2564595855,14448312611,POINT (0.4514792233798301 0.314309718702073),,,,,,,,,,,,,,,,,,,,,,,,,,,,,,,1,
0,30,17,"{'x': 866.8401088892738, 'y': 339.45449619823887, 'elapsedTime': 12832.799999999814}",2564612523,14448329278,POINT (0.4514792233798301 0.314309718702073),,,,,,,,,,,,,,,,,,,,,,,,,,,,,,,1,
0,30,17,"{'x': 898.0783804782685, 'y': 342.25984602491747, 'elapsedTime': 12899.19999999972}",2564629191,14448345945,POINT (0.4677491564990982 0.3169072648378866),,,,,,,,,,,,,,,,,,,,,,,,,,,,,,,1,
0,30,17,"{'x': 898.0783804782685, 'y': 342.25984602491747, 'elapsedTime': 12899.19999999972}",2564645858,14448362612,POINT (0.4677491564990982 0.3169072648378866),,,,,,,,,,,,,,,,,,,,,,,,,,,,,,,1,
0,30,17,"{'x': 898.0783804782685, 'y': 342.25984602491747, 'elapsedTime': 12899.19999999972}",2564662525,14448379278,POINT (0.4677491564990982 0.3169072648378866),,,,,,,,,,,,,,,,,,,,,,,,,,,,,,,1,
0,30,17,"{'x': 926.7984679591672, 'y': 322.6055878963617, 'elapsedTime': 12962.599999999627}",2564679193,14448395945,POINT (0.4827075353953996 0.2987088776818164),,,,,,,,,,,,,,,,,,,,,,,,,,,,,,,1,
0,30,17,"{'x': 926.7984679591672, 'y': 322.6055878963617, 'elapsedTime': 12962.599999999627}",2564695862,14448412614,POINT (0.4827075353953996 0.2987088776818164),,,,,,,,,,,,,,,,,,,,,,,,,,,,,,,1,
0,30,17,"{'x': 926.7984679591672, 'y': 322.6055878963617, 'elapsedTime': 12962.599999999627}",2564712530,14448429281,POINT (0.4827075353953996 0.2987088776818164),,,,,,,,,,,,,,,,,,,,,,,,,,,,,,,1,
0,30,17,"{'x': 932.6853052210494, 'y': 300.42743071173777, 'elapsedTime': 13007.899999999907}",2564729197,14448445948,POINT (0.4857735964692965 0.2781735469553128),,,,,,,,,,,,,,,,,,,,,,,,,,,,,,1,1,
0,30,17,"{'x': 932.6853052210494, 'y': 300.42743071173777, 'elapsedTime': 13007.899999999907}",2564745864,14448462614,POINT (0.4857735964692965 0.2781735469553128),,,,,,,,,,,,,,,,,,,,,,,,,,,,,,1,1,
0,30,17,"{'x': 932.6853052210494, 'y': 300.42743071173777, 'elapsedTime': 13007.899999999907}",2564762533,14448479282,POINT (0.4857735964692965 0.2781735469553128),,,,,,,,,,,,,,,,,,,,,,,,,,,,,,1,1,
0,30,17,"{'x': 908.277890701397, 'y': 331.7758215842769, 'elapsedTime': 13065.19999999972}",2564779199,14448495947,POINT (0.4730614014069776 0.3071998348002564),,,,,,,,,,,,,,,,,,,,,,,,,,,,,,,1,
0,30,17,"{'x': 908.277890701397, 'y': 331.7758215842769, 'elapsedTime': 13065.19999999972}",2564795865,14448512613,POINT (0.4730614014069776 0.3071998348002564),,,,,,,,,,,,,,,,,,,,,,,,,,,,,,,1,
0,30,17,"{'x': 908.277890701397, 'y': 331.7758215842769, 'elapsedTime': 13065.19999999972}",2564812535,14448529282,POINT (0.4730614014069776 0.3071998348002564),,,,,,,,,,,,,,,,,,,,,,,,,,,,,,,1,
0,30,17,"{'x': 908.277890701397, 'y': 331.7758215842769, 'elapsedTime': 13065.19999999972}",2564829206,14448545953,POINT (0.4730614014069776 0.3071998348002564),,,,,,,,,,,,,,,,,,,,,,,,,,,,,,,1,
0,30,17,"{'x': 919.6580690643399, 'y': 271.64183717693084, 'elapsedTime': 13115.399999999907}",2564845875,14448562620,POINT (0.478988577637677 0.2515202196082693),,,,,,,,,,,,,,,,,,,,,,,,,,,,,,1,1,
0,30,17,"{'x': 919.6580690643399, 'y': 271.64183717693084, 'elapsedTime': 13115.399999999907}",2564862541,14448579286,POINT (0.478988577637677 0.2515202196082693),,,,,,,,,,,,,,,,,,,,,,,,,,,,,,1,1,
0,30,17,"{'x': 922.4813422307866, 'y': 265.10403387479977, 'elapsedTime': 13166.799999999814}",2564879209,14448595953,POINT (0.480459032411868 0.245466698032222),,,,,,,,,,,,,,,,,,,,,,,,,,,,,,1,1,
0,30,17,"{'x': 922.4813422307866, 'y': 265.10403387479977, 'elapsedTime': 13166.799999999814}",2564895876,14448612620,POINT (0.480459032411868 0.245466698032222),,,,,,,,,,,,,,,,,,,,,,,,,,,,,,1,1,
0,30,17,"{'x': 922.4813422307866, 'y': 265.10403387479977, 'elapsedTime': 13166.799999999814}",2564912544,14448629287,POINT (0.480459032411868 0.245466698032222),,,,,,,,,,,,,,,,,,,,,,,,,,,,,,1,1,
0,30,17,"{'x': 922.4813422307866, 'y': 265.10403387479977, 'elapsedTime': 13166.799999999814}",2564929209,14448645952,POINT (0.480459032411868 0.245466698032222),,,,,,,,,,,,,,,,,,,,,,,,,,,,,,1,1,
0,30,17,"{'x': 937.5140359494568, 'y': 369.3338886677361, 'elapsedTime': 13215.69999999972}",2564945877,14448662618,POINT (0.4882885603903421 0.3419758228404964),,,,,,,,,,,,,,,,,,,,,,,,,,,,,,,1,
0,30,17,"{'x': 937.5140359494568, 'y': 369.3338886677361, 'elapsedTime': 13215.69999999972}",2564962550,14448679291,POINT (0.4882885603903421 0.3419758228404964),,,,,,,,,,,,,,,,,,,,,,,,,,,,,,,1,
0,30,17,"{'x': 937.5140359494568, 'y': 369.3338886677361, 'elapsedTime': 13215.69999999972}",2564979218,14448695958,POINT (0.4882885603903421 0.3419758228404964),,,,,,,,,,,,,,,,,,,,,,,,,,,,,,,1,
0,30,17,"{'x': 937.5140359494568, 'y': 369.3338886677361, 'elapsedTime': 13215.69999999972}",2564995885,14448712625,POINT (0.4882885603903421 0.3419758228404964),,,,,,,,,,,,,,,,,,,,,,,,,,,,,,,1,
0,30,17,"{'x': 937.5140359494568, 'y': 369.3338886677361, 'elapsedTime': 13215.69999999972}",2565012552,14448729291,POINT (0.4882885603903421 0.3419758228404964),,,,,,,,,,,,,,,,,,,,,,,,,,,,,,,1,
0,30,17,"{'x': 920.5468042686072, 'y': 441.06106930066454, 'elapsedTime': 13282.69999999972}",2565029219,14448745958,POINT (0.4794514605565662 0.4083898789820968),,,,,,,,,,,,,,,,,,,,,,,,,,,,,,,,
0,30,17,"{'x': 920.5468042686072, 'y': 441.06106930066454, 'elapsedTime': 13282.69999999972}",2565045886,14448762624,POINT (0.4794514605565662 0.4083898789820968),,,,,,,,,,,,,,,,,,,,,,,,,,,,,,,,
0,30,17,"{'x': 920.9436402316346, 'y': 391.42819025868585, 'elapsedTime': 13350.5}",2565062555,14448779292,POINT (0.4796581459539764 0.3624335094987832),,,,,,,,,,,,,,,,,,,,,,,,,,,,,,,1,
0,30,17,"{'x': 920.9436402316346, 'y': 391.42819025868585, 'elapsedTime': 13350.5}",2565079223,14448795959,POINT (0.4796581459539764 0.3624335094987832),,,,,,,,,,,,,,,,,,,,,,,,,,,,,,,1,
0,30,17,"{'x': 920.9436402316346, 'y': 391.42819025868585, 'elapsedTime': 13350.5}",2565095895,14448812631,POINT (0.4796581459539764 0.3624335094987832),,,,,,,,,,,,,,,,,,,,,,,,,,,,,,,1,
0,30,17,"{'x': 938.5763536615347, 'y': 437.8195403283867, 'elapsedTime': 13404.299999999814}",2565112562,14448829297,POINT (0.4888418508653826 0.4053884632670248),,,,,,,,,,,,,,,,,,,,,,,,,,,,,,,,
0,30,17,"{'x': 938.5763536615347, 'y': 437.8195403283867, 'elapsedTime': 13404.299999999814}",2565129228,14448845963,POINT (0.4888418508653826 0.4053884632670248),,,,,,,,,,,,,,,,,,,,,,,,,,,,,,,,
0,30,17,"{'x': 938.5763536615347, 'y': 437.8195403283867, 'elapsedTime': 13404.299999999814}",2565145896,14448862630,POINT (0.4888418508653826 0.4053884632670248),,,,,,,,,,,,,,,,,,,,,,,,,,,,,,,,
0,30,17,"{'x': 872.4812985623123, 'y': 437.72426848263035, 'elapsedTime': 13450.899999999907}",2565162563,14448879296,POINT (0.4544173430012043 0.4053002485950281),,,,,,,,,,,,,,,,,,,,,,,,,,,,,,,,
0,30,17,"{'x': 872.4812985623123, 'y': 437.72426848263035, 'elapsedTime': 13450.899999999907}",2565179231,14448895963,POINT (0.4544173430012043 0.4053002485950281),,,,,,,,,,,,,,,,,,,,,,,,,,,,,,,,
0,30,17,"{'x': 861.6207379392339, 'y': 466.84435172548064, 'elapsedTime': 13493.69999999972}",2565195897,14448912629,POINT (0.4487608010100176 0.4322632886347043),,,,,,,,,,,,,,,,,,,,,,,,,,,,,,,,
0,30,17,"{'x': 861.6207379392339, 'y': 466.84435172548064, 'elapsedTime': 13493.69999999972}",2565212565,14448929296,POINT (0.4487608010100176 0.4322632886347043),,,,,,,,,,,,,,,,,,,,,,,,,,,,,,,,
0,30,17,"{'x': 861.6207379392339, 'y': 466.84435172548064, 'elapsedTime': 13493.69999999972}",2565229236,14448945967,POINT (0.4487608010100176 0.4322632886347043),,,,,,,,,,,,,,,,,,,,,,,,,,,,,,,,
0,30,17,"{'x': 861.6207379392339, 'y': 466.84435172548064, 'elapsedTime': 13493.69999999972}",2565245904,14448962634,POINT (0.4487608010100176 0.4322632886347043),,,,,,,,,,,,,,,,,,,,,,,,,,,,,,,,
0,30,17,"{'x': 861.6207379392339, 'y': 466.84435172548064, 'elapsedTime': 13493.69999999972}",2565262571,14448979300,POINT (0.4487608010100176 0.4322632886347043),,,,,,,,,,,,,,,,,,,,,,,,,,,,,,,,
0,30,17,"{'x': 779.5573385961312, 'y': 456.4095246269076, 'elapsedTime': 13544}",2565279237,14448995966,POINT (0.406019447185485 0.4226014116915811),,,,,,,,,,,,,,,,,,,,,,,,,,,,,,,,
0,30,17,"{'x': 779.5573385961312, 'y': 456.4095246269076, 'elapsedTime': 13544}",2565295906,14449012634,POINT (0.406019447185485 0.4226014116915811),,,,,,,,,,,,,,,,,,,,,,,,,,,,,,,,
0,30,17,"{'x': 779.5573385961312, 'y': 456.4095246269076, 'elapsedTime': 13544}",2565312572,14449029300,POINT (0.406019447185485 0.4226014116915811),,,,,,,,,,,,,,,,,,,,,,,,,,,,,,,,
0,30,17,"{'x': 780.9918126183356, 'y': 495.30224278225575, 'elapsedTime': 13609}",2565329240,14449045967,POINT (0.4067665690720498 0.4586131877613479),,,,,,,,,,,,,,,,,,,,,,,,,,,,,,,,
0,30,17,"{'x': 780.9918126183356, 'y': 495.30224278225575, 'elapsedTime': 13609}",2565345908,14449062634,POINT (0.4067665690720498 0.4586131877613479),,,,,,,,,,,,,,,,,,,,,,,,,,,,,,,,
0,30,17,"{'x': 780.9918126183356, 'y': 495.30224278225575, 'elapsedTime': 13609}",2565362579,14449079305,POINT (0.4067665690720498 0.4586131877613479),,,,,,,,,,,,,,,,,,,,,,,,,,,,,,,,
0,30,17,"{'x': 723.81182242666, 'y': 459.04624430130343, 'elapsedTime': 13664.399999999907}",2565379247,14449095972,POINT (0.3769853241805521 0.4250428187975032),,,,,,,,,,,,,,,,,,,,,,,,,,,,,,,,
0,30,17,"{'x': 723.81182242666, 'y': 459.04624430130343, 'elapsedTime': 13664.399999999907}",2565395915,14449112639,POINT (0.3769853241805521 0.4250428187975032),,,,,,,,,,,,,,,,,,,,,,,,,,,,,,,,
0,30,17,"{'x': 713.3080597892124, 'y': 392.7283992718503, 'elapsedTime': 13709.399999999907}",2565412581,14449129305,POINT (0.3715146144735481 0.3636374067331947),,,,,,,,,,,,,,,,,,,,,,,,,,,,,,,,
0,30,17,"{'x': 713.3080597892124, 'y': 392.7283992718503, 'elapsedTime': 13709.399999999907}",2565429249,14449145972,POINT (0.3715146144735481 0.3636374067331947),,,,,,,,,,,,,,,,,,,,,,,,,,,,,,,,
0,30,17,"{'x': 713.3080597892124, 'y': 392.7283992718503, 'elapsedTime': 13709.399999999907}",2565445916,14449162638,POINT (0.3715146144735481 0.3636374067331947),,,,,,,,,,,,,,,,,,,,,,,,,,,,,,,,
0,30,17,"{'x': 750.7795088429082, 'y': 340.2061793681006, 'elapsedTime': 13754.299999999814}",2565462583,14449179305,POINT (0.3910309941890147 0.3150057216371302),,,,,,,,,,,,,,,,,,,,,,,,,,,,,,,1,
0,30,17,"{'x': 750.7795088429082, 'y': 340.2061793681006, 'elapsedTime': 13754.299999999814}",2565479250,14449195971,POINT (0.3910309941890147 0.3150057216371302),,,,,,,,,,,,,,,,,,,,,,,,,,,,,,,1,
0,30,17,"{'x': 750.7795088429082, 'y': 340.2061793681006, 'elapsedTime': 13754.299999999814}",2565495922,14449212642,POINT (0.3910309941890147 0.3150057216371302),,,,,,,,,,,,,,,,,,,,,,,,,,,,,,,1,
0,30,17,"{'x': 750.7795088429082, 'y': 340.2061793681006, 'elapsedTime': 13754.299999999814}",2565512590,14449229310,POINT (0.3910309941890147 0.3150057216371302),,,,,,,,,,,,,,,,,,,,,,,,,,,,,,,1,
0,30,17,"{'x': 804.2407718768362, 'y': 318.19960202784284, 'elapsedTime': 13806}",2565529256,14449245975,POINT (0.4188754020191856 0.2946292611368915),,,,,,,,,,,,,,,,,,,,,,,,,,,,,,1,1,
0,30,17,"{'x': 804.2407718768362, 'y': 318.19960202784284, 'elapsedTime': 13806}",2565545924,14449262642,POINT (0.4188754020191856 0.2946292611368915),,,,,,,,,,,,,,,,,,,,,,,,,,,,,,1,1,
0,30,17,"{'x': 804.2407718768362, 'y': 318.19960202784284, 'elapsedTime': 13806}",2565562592,14449279310,POINT (0.4188754020191856 0.2946292611368915),,,,,,,,,,,,,,,,,,,,,,,,,,,,,,1,1,
0,30,17,"{'x': 833.4174783791074, 'y': 324.5332938290422, 'elapsedTime': 13857.5}",2565579258,14449295975,POINT (0.4340716033224518 0.3004937905824465),,,,,,,,,,,,,,,,,,,,,,,,,,,,,,,1,
0,30,17,"{'x': 833.4174783791074, 'y': 324.5332938290422, 'elapsedTime': 13857.5}",2565595927,14449312643,POINT (0.4340716033224518 0.3004937905824465),,,,,,,,,,,,,,,,,,,,,,,,,,,,,,,1,
0,30,17,"{'x': 833.4174783791074, 'y': 324.5332938290422, 'elapsedTime': 13857.5}",2565612594,14449329310,POINT (0.4340716033224518 0.3004937905824465),,,,,,,,,,,,,,,,,,,,,,,,,,,,,,,1,
0,30,17,"{'x': 811.0169275930288, 'y': 354.09855202561357, 'elapsedTime': 13908.799999999814}",2565629266,14449345981,POINT (0.4224046497880358 0.3278690296533459),,,,,,,,,,,,,,,,,,1,,,,,,,,,,,,,1,
0,30,17,"{'x': 811.0169275930288, 'y': 354.09855202561357, 'elapsedTime': 13908.799999999814}",2565645933,14449362647,POINT (0.4224046497880358 0.3278690296533459),,,,,,,,,,,,,,,,,,1,,,,,,,,,,,,,1,
0,30,17,"{'x': 811.0169275930288, 'y': 354.09855202561357, 'elapsedTime': 13908.799999999814}",2565662600,14449379314,POINT (0.4224046497880358 0.3278690296533459),,,,,,,,,,,,,,,,,,1,,,,,,,,,,,,,1,
0,30,17,"{'x': 773.5658030189347, 'y': 348.1288312354819, 'elapsedTime': 13956.899999999907}",2565679268,14449395981,POINT (0.4028988557390285 0.322341510403224),,,,,,,,,,,,,,,,,,,,,,,,,,,,,,,1,
0,30,17,"{'x': 773.5658030189347, 'y': 348.1288312354819, 'elapsedTime': 13956.899999999907}",2565695936,14449412648,POINT (0.4028988557390285 0.322341510403224),,,,,,,,,,,,,,,,,,,,,,,,,,,,,,,1,
0,30,17,"{'x': 773.5658030189347, 'y': 348.1288312354819, 'elapsedTime': 13956.899999999907}",2565712603,14449429315,POINT (0.4028988557390285 0.322341510403224),,,,,,,,,,,,,,,,,,,,,,,,,,,,,,,1,
0,30,17,"{'x': 775.3129650332326, 'y': 370.17473719001697, 'elapsedTime': 14014}",2565729271,14449445982,POINT (0.4038088359548086 0.3427543862870527),,,,,,,,,,,,,,,,,,1,,,,,,,,,,,,,,
0,30,17,"{'x': 775.3129650332326, 'y': 370.17473719001697, 'elapsedTime': 14014}",2565745944,14449462654,POINT (0.4038088359548086 0.3427543862870527),,,,,,,,,,,,,,,,,,1,,,,,,,,,,,,,,
0,30,17,"{'x': 775.3129650332326, 'y': 370.17473719001697, 'elapsedTime': 14014}",2565762610,14449479320,POINT (0.4038088359548086 0.3427543862870527),,,,,,,,,,,,,,,,,,1,,,,,,,,,,,,,,
0,30,17,"{'x': 784.30689736261, 'y': 370.5322769246566, 'elapsedTime': 14059.399999999907}",2565779278,14449495987,POINT (0.4084931757096927 0.3430854415969043),,,,,,,,,,,,,,,,,,1,,,,,,,,,,,,,,
0,30,17,"{'x': 784.30689736261, 'y': 370.5322769246566, 'elapsedTime': 14059.399999999907}",2565795945,14449512653,POINT (0.4084931757096927 0.3430854415969043),,,,,,,,,,,,,,,,,,1,,,,,,,,,,,,,,
0,30,17,"{'x': 809.5322660359283, 'y': 490.20167315764564, 'elapsedTime': 14105.399999999907}",2565812612,14449529320,POINT (0.4216313885603793 0.4538904381089312),,,,,,,,,,,,,,,,,,,,,,,,,,,,,,,,
0,30,17,"{'x': 809.5322660359283, 'y': 490.20167315764564, 'elapsedTime': 14105.399999999907}",2565829279,14449545986,POINT (0.4216313885603793 0.4538904381089312),,,,,,,,,,,,,,,,,,,,,,,,,,,,,,,,
0,30,17,"{'x': 809.5322660359283, 'y': 490.20167315764564, 'elapsedTime': 14105.399999999907}",2565845947,14449562653,POINT (0.4216313885603793 0.4538904381089312),,,,,,,,,,,,,,,,,,,,,,,,,,,,,,,,
0,30,17,"{'x': 809.5322660359283, 'y': 490.20167315764564, 'elapsedTime': 14105.399999999907}",2565862615,14449579321,POINT (0.4216313885603793 0.4538904381089312),,,,,,,,,,,,,,,,,,,,,,,,,,,,,,,,
0,30,17,"{'x': 795.9719818095007, 'y': 525.1982232225449, 'elapsedTime': 14152.399999999907}",2565879284,14449595989,POINT (0.4145687405257816 0.4862946511319861),,,,,,,,,,,,,,,,,,,,,,,,,,,,,,,1,
0,30,17,"{'x': 795.9719818095007, 'y': 525.1982232225449, 'elapsedTime': 14152.399999999907}",2565895950,14449612655,POINT (0.4145687405257816 0.4862946511319861),,,,,,,,,,,,,,,,,,,,,,,,,,,,,,,1,
0,30,17,"{'x': 807.067498092541, 'y': 572.8210008133344, 'elapsedTime': 14199.899999999907}",2565912617,14449629321,POINT (0.4203476552565318 0.5303898155679022),,,,,,,,,,,,,,,,,,,,,,,,,,,,,,,1,
0,30,17,"{'x': 807.067498092541, 'y': 572.8210008133344, 'elapsedTime': 14199.899999999907}",2565929285,14449645988,POINT (0.4203476552565318 0.5303898155679022),,,,,,,,,,,,,,,,,,,,,,,,,,,,,,,1,
0,30,17,"{'x': 807.067498092541, 'y': 572.8210008133344, 'elapsedTime': 14199.899999999907}",2565945952,14449662655,POINT (0.4203476552565318 0.5303898155679022),,,,,,,,,,,,,,,,,,,,,,,,,,,,,,,1,
0,30,17,"{'x': 739.9180283747004, 'y': 537.7154518388609, 'elapsedTime': 14250.19999999972}",2565962620,14449679322,POINT (0.3853739731118231 0.4978846776285749),,,,,,,,,,,,,,,,,,,,,,,,,,,,,,,1,
0,30,17,"{'x': 739.9180283747004, 'y': 537.7154518388609, 'elapsedTime': 14250.19999999972}",2565979287,14449695988,POINT (0.3853739731118231 0.4978846776285749),,,,,,,,,,,,,,,,,,,,,,,,,,,,,,,1,
0,30,17,"{'x': 739.9180283747004, 'y': 537.7154518388609, 'elapsedTime': 14250.19999999972}",2565995954,14449712655,POINT (0.3853739731118231 0.4978846776285749),,,,,,,,,,,,,,,,,,,,,,,,,,,,,,,1,
0,30,17,"{'x': 739.9180283747004, 'y': 537.7154518388609, 'elapsedTime': 14250.19999999972}",2566012628,14449729328,POINT (0.3853739731118231 0.4978846776285749),,,,,,,,,,,,,,,,,,,,,,,,,,,,,,,1,
0,30,17,"{'x': 739.9180283747004, 'y': 537.7154518388609, 'elapsedTime': 14250.19999999972}",2566029295,14449745995,POINT (0.3853739731118231 0.4978846776285749),,,,,,,,,,,,,,,,,,,,,,,,,,,,,,,1,
0,30,17,"{'x': 673.8383159956807, 'y': 488.8841712805649, 'elapsedTime': 14303.099999999627}",2566045963,14449762662,POINT (0.3509574562477503 0.452670528963486),,,,,,,,,,,,,,,,,,,,,,,,,,,,,,,,
0,30,17,"{'x': 673.8383159956807, 'y': 488.8841712805649, 'elapsedTime': 14303.099999999627}",2566062631,14449779329,POINT (0.3509574562477503 0.452670528963486),,,,,,,,,,,,,,,,,,,,,,,,,,,,,,,,
0,30,17,"{'x': 673.8383159956807, 'y': 488.8841712805649, 'elapsedTime': 14303.099999999627}",2566079298,14449795995,POINT (0.3509574562477503 0.452670528963486),,,,,,,,,,,,,,,,,,,,,,,,,,,,,,,,
0,30,17,"{'x': 669.2317058074186, 'y': 522.3105185261895, 'elapsedTime': 14382.5}",2566095965,14449812662,POINT (0.3485581801080305 0.4836208504872125),,,,,,,,,,,,,,,,,,,,,,,,,,,,,,,,
0,30,17,"{'x': 669.2317058074186, 'y': 522.3105185261895, 'elapsedTime': 14382.5}",2566112633,14449829329,POINT (0.3485581801080305 0.4836208504872125),,,,,,,,,,,,,,,,,,,,,,,,,,,,,,,,
0,30,17,"{'x': 669.2317058074186, 'y': 522.3105185261895, 'elapsedTime': 14382.5}",2566129299,14449845995,POINT (0.3485581801080305 0.4836208504872125),,,,,,,,,,,,,,,,,,,,,,,,,,,,,,,,
0,30,17,"{'x': 696.3792842494785, 'y': 535.4107118338887, 'elapsedTime': 14432.69999999972}",2566145971,14449862666,POINT (0.3626975438799367 0.4957506591054525),,,,,,,,,,,,,,,,,,,,,,,,,,,,,,,1,
0,30,17,"{'x': 696.3792842494785, 'y': 535.4107118338887, 'elapsedTime': 14432.69999999972}",2566162639,14449879333,POINT (0.3626975438799367 0.4957506591054525),,,,,,,,,,,,,,,,,,,,,,,,,,,,,,,1,
0,30,17,"{'x': 696.3792842494785, 'y': 535.4107118338887, 'elapsedTime': 14432.69999999972}",2566179306,14449895999,POINT (0.3626975438799367 0.4957506591054525),,,,,,,,,,,,,,,,,,,,,,,,,,,,,,,1,
0,30,17,"{'x': 756.5749192939986, 'y': 507.73404990709935, 'elapsedTime': 14481.599999999627}",2566195973,14449912666,POINT (0.394049437132291 0.4701241202843512),,,,,,,,,,,,,,,,,,,,,,,,,,,,,,,,
0,30,17,"{'x': 756.5749192939986, 'y': 507.73404990709935, 'elapsedTime': 14481.599999999627}",2566212640,14449929332,POINT (0.394049437132291 0.4701241202843512),,,,,,,,,,,,,,,,,,,,,,,,,,,,,,,,
0,30,17,"{'x': 756.5749192939986, 'y': 507.73404990709935, 'elapsedTime': 14481.599999999627}",2566229307,14449945999,POINT (0.394049437132291 0.4701241202843512),,,,,,,,,,,,,,,,,,,,,,,,,,,,,,,,
0,30,17,"{'x': 784.1984424086053, 'y': 491.92995115866773, 'elapsedTime': 14527.5}",2566245975,14449962666,POINT (0.4084366887544819 0.4554906955172849),,,,,,,,,,,,,,,,,,,,,,,,,,,,,,,,
0,30,17,"{'x': 784.1984424086053, 'y': 491.92995115866773, 'elapsedTime': 14527.5}",2566262643,14449979333,POINT (0.4084366887544819 0.4554906955172849),,,,,,,,,,,,,,,,,,,,,,,,,,,,,,,,
0,30,17,"{'x': 784.1984424086053, 'y': 491.92995115866773, 'elapsedTime': 14527.5}",2566279315,14449996004,POINT (0.4084366887544819 0.4554906955172849),,,,,,,,,,,,,,,,,,,,,,,,,,,,,,,,
0,30,17,"{'x': 784.1984424086053, 'y': 491.92995115866773, 'elapsedTime': 14527.5}",2566295981,14450012670,POINT (0.4084366887544819 0.4554906955172849),,,,,,,,,,,,,,,,,,,,,,,,,,,,,,,,
0,30,17,"{'x': 784.1984424086053, 'y': 491.92995115866773, 'elapsedTime': 14527.5}",2566312650,14450029338,POINT (0.4084366887544819 0.4554906955172849),,,,,,,,,,,,,,,,,,,,,,,,,,,,,,,,
0,30,17,"{'x': 784.1984424086053, 'y': 491.92995115866773, 'elapsedTime': 14527.5}",2566329316,14450046004,POINT (0.4084366887544819 0.4554906955172849),,,,,,,,,,,,,,,,,,,,,,,,,,,,,,,,
0,30,17,"{'x': 798.1346354541483, 'y': 530.0498152531839, 'elapsedTime': 14578.19999999972}",2566345984,14450062671,POINT (0.4156951226323689 0.4907868659751702),,,,,,,,,,,,,,,,,,,,,,,,,,,,,,,1,
0,30,17,"{'x': 798.1346354541483, 'y': 530.0498152531839, 'elapsedTime': 14578.19999999972}",2566362651,14450079338,POINT (0.4156951226323689 0.4907868659751702),,,,,,,,,,,,,,,,,,,,,,,,,,,,,,,1,
0,30,17,"{'x': 798.1346354541483, 'y': 530.0498152531839, 'elapsedTime': 14578.19999999972}",2566379319,14450096004,POINT (0.4156951226323689 0.4907868659751702),,,,,,,,,,,,,,,,,,,,,,,,,,,,,,,1,
0,30,17,"{'x': 802.3422391084614, 'y': 446.32813366569707, 'elapsedTime': 14681.799999999814}",2566395986,14450112671,POINT (0.4178865828689903 0.413266790431201),,,,,,,,,,,,,,,,,,,,,,,,,,,,,,,,
0,30,17,"{'x': 802.3422391084614, 'y': 446.32813366569707, 'elapsedTime': 14681.799999999814}",2566412658,14450129342,POINT (0.4178865828689903 0.413266790431201),,,,,,,,,,,,,,,,,,,,,,,,,,,,,,,,
0,30,17,"{'x': 802.3422391084614, 'y': 446.32813366569707, 'elapsedTime': 14681.799999999814}",2566429324,14450146008,POINT (0.4178865828689903 0.413266790431201),,,,,,,,,,,,,,,,,,,,,,,,,,,,,,,,
0,30,17,"{'x': 812.2638522887, 'y': 480.62045384035815, 'elapsedTime': 14726.399999999907}",2566445991,14450162674,POINT (0.423054089733698 0.4450189387410724),,,,,,,,,,,,,,,,,,,,,,,,,,,,,,,,
0,30,17,"{'x': 812.2638522887, 'y': 480.62045384035815, 'elapsedTime': 14726.399999999907}",2566462658,14450179341,POINT (0.423054089733698 0.4450189387410724),,,,,,,,,,,,,,,,,,,,,,,,,,,,,,,,
0,30,17,"{'x': 805.6192702635258, 'y': 437.22702602475806, 'elapsedTime': 14769.799999999814}",2566479335,14450196016,POINT (0.4195933699289197 0.404839838911813),,,,,,,,,,,,,,,,,,,,,,,,,,,,,,,,
0,30,17,"{'x': 805.6192702635258, 'y': 437.22702602475806, 'elapsedTime': 14769.799999999814}",2566495993,14450212674,POINT (0.4195933699289197 0.404839838911813),,,,,,,,,,,,,,,,,,,,,,,,,,,,,,,,
0,30,17,"{'x': 805.6192702635258, 'y': 437.22702602475806, 'elapsedTime': 14769.799999999814}",2566512661,14450229341,POINT (0.4195933699289197 0.404839838911813),,,,,,,,,,,,,,,,,,,,,,,,,,,,,,,,
0,30,17,"{'x': 807.0745707137171, 'y': 443.5710498659731, 'elapsedTime': 14817.799999999814}",2566529327,14450246007,POINT (0.4203513389133943 0.4107139350610862),,,,,,,,,,,,,,,,,,,,,,,,,,,,,,,,
0,30,17,"{'x': 807.0745707137171, 'y': 443.5710498659731, 'elapsedTime': 14817.799999999814}",2566546001,14450262680,POINT (0.4203513389133943 0.4107139350610862),,,,,,,,,,,,,,,,,,,,,,,,,,,,,,,,
0,30,17,"{'x': 807.0745707137171, 'y': 443.5710498659731, 'elapsedTime': 14817.799999999814}",2566562669,14450279347,POINT (0.4203513389133943 0.4107139350610862),,,,,,,,,,,,,,,,,,,,,,,,,,,,,,,,
0,30,17,"{'x': 769.315536895224, 'y': 446.0739355333722, 'elapsedTime': 14863.399999999907}",2566579337,14450296014,POINT (0.4006851754662625 0.4130314217901594),,,,,,,,,,,,,,,,,,,,,,,,,,,,,,,,
0,30,17,"{'x': 769.315536895224, 'y': 446.0739355333722, 'elapsedTime': 14863.399999999907}",2566596004,14450312681,POINT (0.4006851754662625 0.4130314217901594),,,,,,,,,,,,,,,,,,,,,,,,,,,,,,,,
0,30,17,"{'x': 769.315536895224, 'y': 446.0739355333722, 'elapsedTime': 14863.399999999907}",2566612671,14450329347,POINT (0.4006851754662625 0.4130314217901594),,,,,,,,,,,,,,,,,,,,,,,,,,,,,,,,
0,30,17,"{'x': 769.315536895224, 'y': 446.0739355333722, 'elapsedTime': 14863.399999999907}",2566629339,14450346014,POINT (0.4006851754662625 0.4130314217901594),,,,,,,,,,,,,,,,,,,,,,,,,,,,,,,,
0,30,17,"{'x': 715.5499686313824, 'y': 439.06723899016333, 'elapsedTime': 14915.099999999627}",2566646006,14450362681,POINT (0.372682275328845 0.4065437398057068),,,,,,,,,,,,,,,,,,,,,,,,,,,,,,,,
0,30,17,"{'x': 715.5499686313824, 'y': 439.06723899016333, 'elapsedTime': 14915.099999999627}",2566662678,14450379352,POINT (0.372682275328845 0.4065437398057068),,,,,,,,,,,,,,,,,,,,,,,,,,,,,,,,
0,30,17,"{'x': 691.8109489187387, 'y': 429.34739283404673, 'elapsedTime': 14972.899999999907}",2566679346,14450396019,POINT (0.3603182025618431 0.397543882253747),,,,,,,,,,,,,,,,,,,,,,,,,,,,,,,,
0,30,17,"{'x': 691.8109489187387, 'y': 429.34739283404673, 'elapsedTime': 14972.899999999907}",2566696012,14450412685,POINT (0.3603182025618431 0.397543882253747),,,,,,,,,,,,,,,,,,,,,,,,,,,,,,,,
0,30,17,"{'x': 691.8109489187387, 'y': 429.34739283404673, 'elapsedTime': 14972.899999999907}",2566712680,14450429352,POINT (0.3603182025618431 0.397543882253747),,,,,,,,,,,,,,,,,,,,,,,,,,,,,,,,
0,30,17,"{'x': 691.8109489187387, 'y': 429.34739283404673, 'elapsedTime': 14972.899999999907}",2566729348,14450446019,POINT (0.3603182025618431 0.397543882253747),,,,,,,,,,,,,,,,,,,,,,,,,,,,,,,,
0,30,17,"{'x': 709.3885582013053, 'y': 497.2021659311663, 'elapsedTime': 15017.799999999814}",2566746015,14450462686,POINT (0.3694732073965132 0.460372375862191),,,,,,,,,,,,,,,,,,,,,,,,,,,,,,,,
0,30,17,"{'x': 709.3885582013053, 'y': 497.2021659311663, 'elapsedTime': 15017.799999999814}",2566762682,14450479352,POINT (0.3694732073965132 0.460372375862191),,,,,,,,,,,,,,,,,,,,,,,,,,,,,,,,
0,30,17,"{'x': 675.6896826824584, 'y': 525.6171716576928, 'elapsedTime': 15062.399999999907}",2566779349,14450496019,POINT (0.3519217097304471 0.4866825663497155),,,,,,,,,,,,,,,,,,,,,,,,,,,,,,,,
0,30,17,"{'x': 675.6896826824584, 'y': 525.6171716576928, 'elapsedTime': 15062.399999999907}",2566796020,14450512689,POINT (0.3519217097304471 0.4866825663497155),,,,,,,,,,,,,,,,,,,,,,,,,,,,,,,,
0,30,17,"{'x': 675.6896826824584, 'y': 525.6171716576928, 'elapsedTime': 15062.399999999907}",2566812688,14450529356,POINT (0.3519217097304471 0.4866825663497155),,,,,,,,,,,,,,,,,,,,,,,,,,,,,,,,
0,30,17,"{'x': 675.6896826824584, 'y': 525.6171716576928, 'elapsedTime': 15062.399999999907}",2566829356,14450546023,POINT (0.3519217097304471 0.4866825663497155),,,,,,,,,,,,,,,,,,,,,,,,,,,,,,,,
0,30,17,"{'x': 638.7297065974842, 'y': 547.7986540908856, 'elapsedTime': 15120.899999999907}",2566846023,14450562690,POINT (0.3326717221861897 0.5072209760100793),,,,,,,,,,,,,,,,,,,,,,,,,,,,,,,1,
0,30,17,"{'x': 638.7297065974842, 'y': 547.7986540908856, 'elapsedTime': 15120.899999999907}",2566862690,14450579356,POINT (0.3326717221861897 0.5072209760100793),,,,,,,,,,,,,,,,,,,,,,,,,,,,,,,1,
0,30,17,"{'x': 633.2025391564794, 'y': 549.6441191244949, 'elapsedTime': 15166.19999999972}",2566879356,14450596022,POINT (0.3297929891439997 0.5089297399300878),,,,,,,,,,,,,,,,,,,,,,,,,,,,,,,1,
0,30,17,"{'x': 633.2025391564794, 'y': 549.6441191244949, 'elapsedTime': 15166.19999999972}",2566896024,14450612689,POINT (0.3297929891439997 0.5089297399300878),,,,,,,,,,,,,,,,,,,,,,,,,,,,,,,1,
0,30,17,"{'x': 633.2025391564794, 'y': 549.6441191244949, 'elapsedTime': 15166.19999999972}",2566912692,14450629356,POINT (0.3297929891439997 0.5089297399300878),,,,,,,,,,,,,,,,,,,,,,,,,,,,,,,1,
0,30,17,"{'x': 673.6702729904098, 'y': 525.8717501546981, 'elapsedTime': 15209.899999999907}",2566929363,14450646026,POINT (0.3508699338491718 0.4869182871802761),,,,,,,,,,,,,,,,,,,,,,,,,,,,,,,,
0,30,17,"{'x': 673.6702729904098, 'y': 525.8717501546981, 'elapsedTime': 15209.899999999907}",2566946030,14450662693,POINT (0.3508699338491718 0.4869182871802761),,,,,,,,,,,,,,,,,,,,,,,,,,,,,,,,
0,30,17,"{'x': 673.6702729904098, 'y': 525.8717501546981, 'elapsedTime': 15209.899999999907}",2566962697,14450679359,POINT (0.3508699338491718 0.4869182871802761),,,,,,,,,,,,,,,,,,,,,,,,,,,,,,,,
0,30,17,"{'x': 717.2135534288922, 'y': 535.1831581563969, 'elapsedTime': 15253.599999999627}",2566979363,14450696025,POINT (0.3735487257442147 0.495539961255923),,,,,,,,,,,,,,,,,,,,,,,,,,,,,,,1,
0,30,17,"{'x': 717.2135534288922, 'y': 535.1831581563969, 'elapsedTime': 15253.599999999627}",2566996031,14450712692,POINT (0.3735487257442147 0.495539961255923),,,,,,,,,,,,,,,,,,,,,,,,,,,,,,,1,
0,30,17,"{'x': 717.2135534288922, 'y': 535.1831581563969, 'elapsedTime': 15253.599999999627}",2567012699,14450729359,POINT (0.3735487257442147 0.495539961255923),,,,,,,,,,,,,,,,,,,,,,,,,,,,,,,1,
0,30,17,"{'x': 717.2135534288922, 'y': 535.1831581563969, 'elapsedTime': 15253.599999999627}",2567029366,14450746025,POINT (0.3735487257442147 0.495539961255923),,,,,,,,,,,,,,,,,,,,,,,,,,,,,,,1,
0,30,17,"{'x': 716.3871749686376, 'y': 513.2521345355734, 'elapsedTime': 15314.5}",2567046033,14450762692,POINT (0.3731183202961654 0.4752334579033087),,,,,,,,,,,,,,,,,,,,,,,,,,,,,,,,
0,30,17,"{'x': 716.3871749686376, 'y': 513.2521345355734, 'elapsedTime': 15314.5}",2567062708,14450779366,POINT (0.3731183202961654 0.4752334579033087),,,,,,,,,,,,,,,,,,,,,,,,,,,,,,,,
0,30,17,"{'x': 716.3871749686376, 'y': 513.2521345355734, 'elapsedTime': 15314.5}",2567079374,14450796032,POINT (0.3731183202961654 0.4752334579033087),,,,,,,,,,,,,,,,,,,,,,,,,,,,,,,,
0,30,17,"{'x': 752.3877339860209, 'y': 515.4608558628373, 'elapsedTime': 15376.599999999627}",2567096042,14450812699,POINT (0.3918686114510525 0.4772785702433679),,,,,,,,,,,,,,,,,,,,,,,,,,,,,,,,
0,30,17,"{'x': 752.3877339860209, 'y': 515.4608558628373, 'elapsedTime': 15376.599999999627}",2567112709,14450829366,POINT (0.3918686114510525 0.4772785702433679),,,,,,,,,,,,,,,,,,,,,,,,,,,,,,,,
0,30,17,"{'x': 752.3877339860209, 'y': 515.4608558628373, 'elapsedTime': 15376.599999999627}",2567129377,14450846032,POINT (0.3918686114510525 0.4772785702433679),,,,,,,,,,,,,,,,,,,,,,,,,,,,,,,,
0,30,17,"{'x': 769.74836324244, 'y': 529.2315478586526, 'elapsedTime': 15432.69999999972}",2567146044,14450862699,POINT (0.4009106058554375 0.4900292109802338),,,,,,,,,,,,,,,,,,,,,,,,,,,,,,,1,
0,30,17,"{'x': 769.74836324244, 'y': 529.2315478586526, 'elapsedTime': 15432.69999999972}",2567162712,14450879366,POINT (0.4009106058554375 0.4900292109802338),,,,,,,,,,,,,,,,,,,,,,,,,,,,,,,1,
0,30,17,"{'x': 769.74836324244, 'y': 529.2315478586526, 'elapsedTime': 15432.69999999972}",2567179379,14450896033,POINT (0.4009106058554375 0.4900292109802338),,,,,,,,,,,,,,,,,,,,,,,,,,,,,,,1,
0,30,17,"{'x': 795.5419178070854, 'y': 592.3361839592275, 'elapsedTime': 15484.899999999907}",2567196051,14450912704,POINT (0.414344748857857 0.5484594295918773),,,,,,,,,,,,,,,,,,,,,,,,,,,,,,,1,
0,30,17,"{'x': 795.5419178070854, 'y': 592.3361839592275, 'elapsedTime': 15484.899999999907}",2567212718,14450929371,POINT (0.414344748857857 0.5484594295918773),,,,,,,,,,,,,,,,,,,,,,,,,,,,,,,1,
0,30,17,"{'x': 786.4462591585315, 'y': 597.7134218661769, 'elapsedTime': 15524.5}",2567229387,14450946038,POINT (0.4096074266450685 0.5534383535797934),,,,,,,,,,,,,,,,,,,,,,,,,,,,,,,1,
0,30,17,"{'x': 786.4462591585315, 'y': 597.7134218661769, 'elapsedTime': 15524.5}",2567246053,14450962704,POINT (0.4096074266450685 0.5534383535797934),,,,,,,,,,,,,,,,,,,,,,,,,,,,,,,1,
0,30,17,"{'x': 786.4462591585315, 'y': 597.7134218661769, 'elapsedTime': 15524.5}",2567262720,14450979370,POINT (0.4096074266450685 0.5534383535797934),,,,,,,,,,,,,,,,,,,,,,,,,,,,,,,1,
0,30,17,"{'x': 800.2642276919454, 'y': 600.6402608586579, 'elapsedTime': 15567.5}",2567279386,14450996036,POINT (0.4168042852562215 0.5561483896839425),,,,,,,,,,,,,,,,,,,,,,,,,,,,,,,1,
0,30,17,"{'x': 800.2642276919454, 'y': 600.6402608586579, 'elapsedTime': 15567.5}",2567296054,14451012703,POINT (0.4168042852562215 0.5561483896839425),,,,,,,,,,,,,,,,,,,,,,,,,,,,,,,1,
0,30,17,"{'x': 800.2642276919454, 'y': 600.6402608586579, 'elapsedTime': 15567.5}",2567312721,14451029370,POINT (0.4168042852562215 0.5561483896839425),,,,,,,,,,,,,,,,,,,,,,,,,,,,,,,1,
0,30,17,"{'x': 772.6551725311607, 'y': 622.2787916952838, 'elapsedTime': 15619.399999999907}",2567329393,14451046040,POINT (0.4024245690266462 0.576184066384522),,,,,,,,,,,,,,,,,,,,,,,,,,,,,,,1,
0,30,17,"{'x': 772.6551725311607, 'y': 622.2787916952838, 'elapsedTime': 15619.399999999907}",2567346060,14451062707,POINT (0.4024245690266462 0.576184066384522),,,,,,,,,,,,,,,,,,,,,,,,,,,,,,,1,
0,30,17,"{'x': 772.6551725311607, 'y': 622.2787916952838, 'elapsedTime': 15619.399999999907}",2567362729,14451079375,POINT (0.4024245690266462 0.576184066384522),,,,,,,,,,,,,,,,,,,,,,,,,,,,,,,1,
0,30,17,"{'x': 777.7786684460691, 'y': 572.2870955797448, 'elapsedTime': 15663.19999999972}",2567379395,14451096041,POINT (0.4050930564823277 0.5298954588701341),,,,,,,,,,,,,,,,,,,,,,,,,,,,,,,1,
0,30,17,"{'x': 777.7786684460691, 'y': 572.2870955797448, 'elapsedTime': 15663.19999999972}",2567396063,14451112708,POINT (0.4050930564823277 0.5298954588701341),,,,,,,,,,,,,,,,,,,,,,,,,,,,,,,1,
0,30,17,"{'x': 777.7786684460691, 'y': 572.2870955797448, 'elapsedTime': 15663.19999999972}",2567412729,14451129374,POINT (0.4050930564823277 0.5298954588701341),,,,,,,,,,,,,,,,,,,,,,,,,,,,,,,1,
0,30,17,"{'x': 755.8572292530517, 'y': 582.1259075076076, 'elapsedTime': 15710.399999999907}",2567429397,14451146041,POINT (0.3936756402359645 0.5390054699144515),,,,,,,,,,,,,,,,,,,,,,,,,,,,,,,1,
0,30,17,"{'x': 755.8572292530517, 'y': 582.1259075076076, 'elapsedTime': 15710.399999999907}",2567446065,14451162708,POINT (0.3936756402359645 0.5390054699144515),,,,,,,,,,,,,,,,,,,,,,,,,,,,,,,1,
0,30,17,"{'x': 755.8572292530517, 'y': 582.1259075076076, 'elapsedTime': 15710.399999999907}",2567462737,14451179379,POINT (0.3936756402359645 0.5390054699144515),,,,,,,,,,,,,,,,,,,,,,,,,,,,,,,1,
0,30,17,"{'x': 751.7436827838708, 'y': 559.0715021250809, 'elapsedTime': 15761}",2567479405,14451196047,POINT (0.3915331681165994 0.5176587982639638),,,,,,,,,,,,,,,,,,,,,,,,,,,,,,,1,
0,30,17,"{'x': 751.7436827838708, 'y': 559.0715021250809, 'elapsedTime': 15761}",2567496072,14451212713,POINT (0.3915331681165994 0.5176587982639638),,,,,,,,,,,,,,,,,,,,,,,,,,,,,,,1,
0,30,17,"{'x': 735.9798097635172, 'y': 542.2164341259489, 'elapsedTime': 15806.599999999627}",2567512738,14451229379,POINT (0.3833228175851652 0.502052253820323),,,,,,,,,,,,,,,,,,,,,,,,,,,,,,,1,
0,30,17,"{'x': 701.216393599141, 'y': 592.3257835984841, 'elapsedTime': 15852.099999999627}",2567529406,14451246046,POINT (0.3652168716662193 0.548449799628226),,,,,,,,,,,,,,,,,,,,,,,,,,,,,,,1,
0,30,17,"{'x': 701.216393599141, 'y': 592.3257835984841, 'elapsedTime': 15852.099999999627}",2567546074,14451262713,POINT (0.3652168716662193 0.548449799628226),,,,,,,,,,,,,,,,,,,,,,,,,,,,,,,1,
0,30,17,"{'x': 701.216393599141, 'y': 592.3257835984841, 'elapsedTime': 15852.099999999627}",2567562742,14451279380,POINT (0.3652168716662193 0.548449799628226),,,,,,,,,,,,,,,,,,,,,,,,,,,,,,,1,
0,30,17,"{'x': 701.216393599141, 'y': 592.3257835984841, 'elapsedTime': 15852.099999999627}",2567579411,14451296049,POINT (0.3652168716662193 0.548449799628226),,,,,,,,,,,,,,,,,,,,,,,,,,,,,,,1,
0,30,17,"{'x': 701.216393599141, 'y': 592.3257835984841, 'elapsedTime': 15852.099999999627}",2567596079,14451312716,POINT (0.3652168716662193 0.548449799628226),,,,,,,,,,,,,,,,,,,,,,,,,,,,,,,1,
0,30,17,"{'x': 687.9808609262625, 'y': 633.15845518223, 'elapsedTime': 15894.099999999627}",2567612746,14451329383,POINT (0.3583233650657617 0.5862578288724352),,,,,,,,,,,,,,,,,,,,,,,,,,,,,,,1,
0,30,17,"{'x': 687.9808609262625, 'y': 633.15845518223, 'elapsedTime': 15894.099999999627}",2567629413,14451346049,POINT (0.3583233650657617 0.5862578288724352),,,,,,,,,,,,,,,,,,,,,,,,,,,,,,,1,
0,30,17,"{'x': 687.9808609262625, 'y': 633.15845518223, 'elapsedTime': 15894.099999999627}",2567646080,14451362715,POINT (0.3583233650657617 0.5862578288724352),,,,,,,,,,,,,,,,,,,,,,,,,,,,,,,1,
0,30,17,"{'x': 642.5443320763202, 'y': 647.6713307640324, 'elapsedTime': 15949.19999999972}",2567662747,14451379381,POINT (0.3346585062897501 0.5996956766333633),,,,,,,,,,,,,,,,,,,,,,,,,,,,,,,1,
0,30,17,"{'x': 642.5443320763202, 'y': 647.6713307640324, 'elapsedTime': 15949.19999999972}",2567679414,14451396048,POINT (0.3346585062897501 0.5996956766333633),,,,,,,,,,,,,,,,,,,,,,,,,,,,,,,1,
0,30,17,"{'x': 642.5443320763202, 'y': 647.6713307640324, 'elapsedTime': 15949.19999999972}",2567696082,14451412715,POINT (0.3346585062897501 0.5996956766333633),,,,,,,,,,,,,,,,,,,,,,,,,,,,,,,1,
0,30,17,"{'x': 642.5443320763202, 'y': 647.6713307640324, 'elapsedTime': 15949.19999999972}",2567712757,14451429390,POINT (0.3346585062897501 0.5996956766333633),,,,,,,,,,,,,,,,,,,,,,,,,,,,,,,1,
0,30,17,"{'x': 632.6389503213999, 'y': 640.5139430394737, 'elapsedTime': 16005.5}",2567729424,14451446056,POINT (0.3294994532923958 0.5930684657772904),,,,,,,,,,,,,,,,,,,,,,,,,,,,,,,1,
0,30,17,"{'x': 632.6389503213999, 'y': 640.5139430394737, 'elapsedTime': 16005.5}",2567746092,14451462723,POINT (0.3294994532923958 0.5930684657772904),,,,,,,,,,,,,,,,,,,,,,,,,,,,,,,1,
0,30,17,"{'x': 632.6389503213999, 'y': 640.5139430394737, 'elapsedTime': 16005.5}",2567762760,14451479390,POINT (0.3294994532923958 0.5930684657772904),,,,,,,,,,,,,,,,,,,,,,,,,,,,,,,1,
0,30,17,"{'x': 624.2456189029392, 'y': 570.3738186796236, 'elapsedTime': 16056.299999999814}",2567779426,14451496056,POINT (0.3251279265119475 0.5281239061848366),,,,,,,,,,,,,,,,,,,,,,,,,,,,,,,1,
0,30,17,"{'x': 624.2456189029392, 'y': 570.3738186796236, 'elapsedTime': 16056.299999999814}",2567796094,14451512723,POINT (0.3251279265119475 0.5281239061848366),,,,,,,,,,,,,,,,,,,,,,,,,,,,,,,1,
0,30,17,"{'x': 622.2979788566136, 'y': 544.8888007287104, 'elapsedTime': 16102.799999999814}",2567812761,14451529390,POINT (0.3241135306544862 0.5045266673413985),,,,,,,,,,,,,,,,,,,,,,,,,,,,,,,,
0,30,17,"{'x': 622.2979788566136, 'y': 544.8888007287104, 'elapsedTime': 16102.799999999814}",2567829428,14451546056,POINT (0.3241135306544862 0.5045266673413985),,,,,,,,,,,,,,,,,,,,,,,,,,,,,,,,
0,30,17,"{'x': 622.2979788566136, 'y': 544.8888007287104, 'elapsedTime': 16102.799999999814}",2567846101,14451562728,POINT (0.3241135306544862 0.5045266673413985),,,,,,,,,,,,,,,,,,,,,,,,,,,,,,,,
0,30,17,"{'x': 635.4249579229748, 'y': 551.1023094292618, 'elapsedTime': 16150.299999999814}",2567862769,14451579395,POINT (0.330950498918216 0.5102799161382053),,,,,,,,,,,,,,,,,,,,,,,,,,,,,,,1,
0,30,17,"{'x': 635.4249579229748, 'y': 551.1023094292618, 'elapsedTime': 16150.299999999814}",2567879435,14451596061,POINT (0.330950498918216 0.5102799161382053),,,,,,,,,,,,,,,,,,,,,,,,,,,,,,,1,
0,30,17,"{'x': 635.4249579229748, 'y': 551.1023094292618, 'elapsedTime': 16150.299999999814}",2567896103,14451612728,POINT (0.330950498918216 0.5102799161382053),,,,,,,,,,,,,,,,,,,,,,,,,,,,,,,1,
0,30,17,"{'x': 664.0611515227677, 'y': 488.84134929929814, 'elapsedTime': 16196.899999999907}",2567912769,14451629394,POINT (0.3458651830847748 0.4526308789808316),,,,,,,,,,,,,,,,,,,,,,,,,,,,,,,,
0,30,17,"{'x': 664.0611515227677, 'y': 488.84134929929814, 'elapsedTime': 16196.899999999907}",2567929437,14451646061,POINT (0.3458651830847748 0.4526308789808316),,,,,,,,,,,,,,,,,,,,,,,,,,,,,,,,
0,30,17,"{'x': 664.0611515227677, 'y': 488.84134929929814, 'elapsedTime': 16196.899999999907}",2567946105,14451662728,POINT (0.3458651830847748 0.4526308789808316),,,,,,,,,,,,,,,,,,,,,,,,,,,,,,,,
0,30,17,"{'x': 650.7688750228226, 'y': 466.0365197476474, 'elapsedTime': 16242.399999999907}",2567962773,14451679395,POINT (0.3389421224077201 0.4315152960626364),,,,,,,,,,,,,,,,,,,,,,,,,,,,,,,,
0,30,17,"{'x': 650.7688750228226, 'y': 466.0365197476474, 'elapsedTime': 16242.399999999907}",2567979443,14451696065,POINT (0.3389421224077201 0.4315152960626364),,,,,,,,,,,,,,,,,,,,,,,,,,,,,,,,
0,30,17,"{'x': 650.7688750228226, 'y': 466.0365197476474, 'elapsedTime': 16242.399999999907}",2567996110,14451712731,POINT (0.3389421224077201 0.4315152960626364),,,,,,,,,,,,,,,,,,,,,,,,,,,,,,,,
0,30,17,"{'x': 650.7688750228226, 'y': 466.0365197476474, 'elapsedTime': 16242.399999999907}",2568012778,14451729399,POINT (0.3389421224077201 0.4315152960626364),,,,,,,,,,,,,,,,,,,,,,,,,,,,,,,,
0,30,17,"{'x': 621.3755832072995, 'y': 461.7781810636333, 'elapsedTime': 16290.5}",2568029445,14451746065,POINT (0.3236331162538019 0.4275723898737346),,,,,,,,,,,,,,,,,,,,,,,,,,,,,,,,
0,30,17,"{'x': 621.3755832072995, 'y': 461.7781810636333, 'elapsedTime': 16290.5}",2568046112,14451762731,POINT (0.3236331162538019 0.4275723898737346),,,,,,,,,,,,,,,,,,,,,,,,,,,,,,,,
0,30,17,"{'x': 663.8087860993668, 'y': 467.4222184702052, 'elapsedTime': 16355.299999999814}",2568062781,14451779399,POINT (0.3457337427600869 0.4327983504353752),,,,,,,,,,,,,,,,,,,,,,,,,,,,,,,,
0,30,17,"{'x': 663.8087860993668, 'y': 467.4222184702052, 'elapsedTime': 16355.299999999814}",2568079447,14451796065,POINT (0.3457337427600869 0.4327983504353752),,,,,,,,,,,,,,,,,,,,,,,,,,,,,,,,
0,30,17,"{'x': 663.8087860993668, 'y': 467.4222184702052, 'elapsedTime': 16355.299999999814}",2568096114,14451812731,POINT (0.3457337427600869 0.4327983504353752),,,,,,,,,,,,,,,,,,,,,,,,,,,,,,,,
0,30,17,"{'x': 718.005910414645, 'y': 535.7416935949225, 'elapsedTime': 16402}",2568112786,14451829403,POINT (0.3739614116742942 0.4960571236990023),,,,,,,,,,,,,,,,,,,,,,,,,,,,,,,1,
0,30,17,"{'x': 718.005910414645, 'y': 535.7416935949225, 'elapsedTime': 16402}",2568129454,14451846070,POINT (0.3739614116742942 0.4960571236990023),,,,,,,,,,,,,,,,,,,,,,,,,,,,,,,1,
0,30,17,"{'x': 718.005910414645, 'y': 535.7416935949225, 'elapsedTime': 16402}",2568146121,14451862736,POINT (0.3739614116742942 0.4960571236990023),,,,,,,,,,,,,,,,,,,,,,,,,,,,,,,1,
0,30,17,"{'x': 718.005910414645, 'y': 535.7416935949225, 'elapsedTime': 16402}",2568162789,14451879403,POINT (0.3739614116742942 0.4960571236990023),,,,,,,,,,,,,,,,,,,,,,,,,,,,,,,1,
0,30,17,"{'x': 738.9561273609495, 'y': 540.5498718393551, 'elapsedTime': 16452.099999999627}",2568179456,14451896070,POINT (0.3848729830004946 0.5005091405919955),,,,,,,,,,,,,,,,,,,,,,,,,,,,,,,1,
0,30,17,"{'x': 738.9561273609495, 'y': 540.5498718393551, 'elapsedTime': 16452.099999999627}",2568196124,14451912737,POINT (0.3848729830004946 0.5005091405919955),,,,,,,,,,,,,,,,,,,,,,,,,,,,,,,1,
0,30,17,"{'x': 738.9561273609495, 'y': 540.5498718393551, 'elapsedTime': 16452.099999999627}",2568212790,14451929403,POINT (0.3848729830004946 0.5005091405919955),,,,,,,,,,,,,,,,,,,,,,,,,,,,,,,1,
0,30,17,"{'x': 768.4145240720746, 'y': 541.3334445016604, 'elapsedTime': 16508.099999999627}",2568229458,14451946070,POINT (0.4002158979542055 0.5012346708348707),,,,,,,,,,,,,,,,,,,,,,,,,,,,,,,1,
0,30,17,"{'x': 768.4145240720746, 'y': 541.3334445016604, 'elapsedTime': 16508.099999999627}",2568246126,14451962738,POINT (0.4002158979542055 0.5012346708348707),,,,,,,,,,,,,,,,,,,,,,,,,,,,,,,1,
0,30,17,"{'x': 768.4145240720746, 'y': 541.3334445016604, 'elapsedTime': 16508.099999999627}",2568262794,14451979405,POINT (0.4002158979542055 0.5012346708348707),,,,,,,,,,,,,,,,,,,,,,,,,,,,,,,1,
0,30,17,"{'x': 768.4145240720746, 'y': 541.3334445016604, 'elapsedTime': 16508.099999999627}",2568279462,14451996072,POINT (0.4002158979542055 0.5012346708348707),,,,,,,,,,,,,,,,,,,,,,,,,,,,,,,1,
0,30,17,"{'x': 768.4145240720746, 'y': 541.3334445016604, 'elapsedTime': 16508.099999999627}",2568296129,14452012739,POINT (0.4002158979542055 0.5012346708348707),,,,,,,,,,,,,,,,,,,,,,,,,,,,,,,1,
0,30,17,"{'x': 768.4145240720746, 'y': 541.3334445016604, 'elapsedTime': 16508.099999999627}",2568312796,14452029405,POINT (0.4002158979542055 0.5012346708348707),,,,,,,,,,,,,,,,,,,,,,,,,,,,,,,1,
0,30,17,"{'x': 763.0129160871741, 'y': 598.8361874009892, 'elapsedTime': 16566.19999999972}",2568329463,14452046072,POINT (0.3974025604620698 0.5544779512972122),,,,,,,,,,,,,,,,,,,,,,,,,,,,,,,1,
0,30,17,"{'x': 763.0129160871741, 'y': 598.8361874009892, 'elapsedTime': 16566.19999999972}",2568346130,14452062738,POINT (0.3974025604620698 0.5544779512972122),,,,,,,,,,,,,,,,,,,,,,,,,,,,,,,1,
0,30,17,"{'x': 763.0129160871741, 'y': 598.8361874009892, 'elapsedTime': 16566.19999999972}",2568362797,14452079405,POINT (0.3974025604620698 0.5544779512972122),,,,,,,,,,,,,,,,,,,,,,,,,,,,,,,1,
0,30,17,"{'x': 784.1831620434612, 'y': 568.999917973465, 'elapsedTime': 16663.099999999627}",2568379472,14452096079,POINT (0.4084287302309694 0.5268517759013565),,,,,,,,,,,,,,,,,,,,,,,,,,,,,,,1,
0,30,17,"{'x': 784.1831620434612, 'y': 568.999917973465, 'elapsedTime': 16663.099999999627}",2568396139,14452112746,POINT (0.4084287302309694 0.5268517759013565),,,,,,,,,,,,,,,,,,,,,,,,,,,,,,,1,
0,30,17,"{'x': 784.1831620434612, 'y': 568.999917973465, 'elapsedTime': 16663.099999999627}",2568412806,14452129412,POINT (0.4084287302309694 0.5268517759013565),,,,,,,,,,,,,,,,,,,,,,,,,,,,,,,1,
0,30,17,"{'x': 754.7083835939844, 'y': 463.45264578707963, 'elapsedTime': 16709.69999999972}",2568429473,14452146079,POINT (0.3930772831218669 0.4291228201732219),,,,,,,,,,,,,,,,,,,,,,,,,,,,,,,,
0,30,17,"{'x': 754.7083835939844, 'y': 463.45264578707963, 'elapsedTime': 16709.69999999972}",2568446140,14452162745,POINT (0.3930772831218669 0.4291228201732219),,,,,,,,,,,,,,,,,,,,,,,,,,,,,,,,
0,30,17,"{'x': 780.4059660142532, 'y': 437.12652686145236, 'elapsedTime': 16754.599999999627}",2568462807,14452179412,POINT (0.4064614406324235 0.4047467841309744),,,,,,,,,,,,,,,,,,,,,,,,,,,,,,,,
0,30,17,"{'x': 780.4059660142532, 'y': 437.12652686145236, 'elapsedTime': 16754.599999999627}",2568479475,14452196079,POINT (0.4064614406324235 0.4047467841309744),,,,,,,,,,,,,,,,,,,,,,,,,,,,,,,,
0,30,17,"{'x': 780.4059660142532, 'y': 437.12652686145236, 'elapsedTime': 16754.599999999627}",2568496142,14452212746,POINT (0.4064614406324235 0.4047467841309744),,,,,,,,,,,,,,,,,,,,,,,,,,,,,,,,
0,30,17,"{'x': 759.4828577277572, 'y': 459.0630767753315, 'elapsedTime': 16798.899999999907}",2568512815,14452229418,POINT (0.3955639883998735 0.4250584044216032),,,,,,,,,,,,,,,,,,,,,,,,,,,,,,,,
0,30,17,"{'x': 759.4828577277572, 'y': 459.0630767753315, 'elapsedTime': 16798.899999999907}",2568529482,14452246085,POINT (0.3955639883998735 0.4250584044216032),,,,,,,,,,,,,,,,,,,,,,,,,,,,,,,,
0,30,17,"{'x': 759.4828577277572, 'y': 459.0630767753315, 'elapsedTime': 16798.899999999907}",2568546150,14452262752,POINT (0.3955639883998735 0.4250584044216032),,,,,,,,,,,,,,,,,,,,,,,,,,,,,,,,
0,30,17,"{'x': 761.665299540787, 'y': 472.0096356714156, 'elapsedTime': 16843}",2568562816,14452279418,POINT (0.3967006768441599 0.4370459589550144),,,,,,,,,,,,,,,,,,,,,,,,,,,,,,,,
0,30,17,"{'x': 761.665299540787, 'y': 472.0096356714156, 'elapsedTime': 16843}",2568579484,14452296085,POINT (0.3967006768441599 0.4370459589550144),,,,,,,,,,,,,,,,,,,,,,,,,,,,,,,,
0,30,17,"{'x': 694.2179466861646, 'y': 457.85197192593364, 'elapsedTime': 16889.69999999972}",2568596151,14452312752,POINT (0.3615718472323774 0.4239370110425312),,,,,,,,,,,,,,,,,,,,,,,,,,,,,,,,
0,30,17,"{'x': 694.2179466861646, 'y': 457.85197192593364, 'elapsedTime': 16889.69999999972}",2568612818,14452329418,POINT (0.3615718472323774 0.4239370110425312),,,,,,,,,,,,,,,,,,,,,,,,,,,,,,,,
0,30,17,"{'x': 694.2179466861646, 'y': 457.85197192593364, 'elapsedTime': 16889.69999999972}",2568629488,14452346088,POINT (0.3615718472323774 0.4239370110425312),,,,,,,,,,,,,,,,,,,,,,,,,,,,,,,,
0,30,17,"{'x': 694.2179466861646, 'y': 457.85197192593364, 'elapsedTime': 16889.69999999972}",2568646156,14452362755,POINT (0.3615718472323774 0.4239370110425312),,,,,,,,,,,,,,,,,,,,,,,,,,,,,,,,
0,30,17,"{'x': 706.3293919936284, 'y': 494.08862687928, 'elapsedTime': 16934.299999999814}",2568662822,14452379421,POINT (0.3678798916633481 0.4574894693326666),,,,,,,,,,,,,,,,,,,,,,,,,,,,,,,,
0,30,17,"{'x': 706.3293919936284, 'y': 494.08862687928, 'elapsedTime': 16934.299999999814}",2568679490,14452396088,POINT (0.3678798916633481 0.4574894693326666),,,,,,,,,,,,,,,,,,,,,,,,,,,,,,,,
0,30,17,"{'x': 709.8080252705247, 'y': 458.93268892089384, 'elapsedTime': 16977.799999999814}",2568696156,14452412754,POINT (0.3696916798283983 0.4249376749267536),,,,,,,,,,,,,,,,,,,,,,,,,,,,,,,,
0,30,17,"{'x': 709.8080252705247, 'y': 458.93268892089384, 'elapsedTime': 16977.799999999814}",2568712824,14452429421,POINT (0.3696916798283983 0.4249376749267536),,,,,,,,,,,,,,,,,,,,,,,,,,,,,,,,
0,30,17,"{'x': 709.8080252705247, 'y': 458.93268892089384, 'elapsedTime': 16977.799999999814}",2568729491,14452446088,POINT (0.3696916798283983 0.4249376749267536),,,,,,,,,,,,,,,,,,,,,,,,,,,,,,,,
0,30,17,"{'x': 749.3343658821186, 'y': 408.15848249991177, 'elapsedTime': 17021.69999999972}",2568746158,14452462754,POINT (0.3902783155636034 0.3779245208332516),,,,,,,,,,,,,,,,,,,,,,,,,,,,,,,,
0,30,17,"{'x': 749.3343658821186, 'y': 408.15848249991177, 'elapsedTime': 17021.69999999972}",2568762830,14452479426,POINT (0.3902783155636034 0.3779245208332516),,,,,,,,,,,,,,,,,,,,,,,,,,,,,,,,
0,30,17,"{'x': 711.5453072293002, 'y': 431.0651385096043, 'elapsedTime': 17074.899999999907}",2568779497,14452496092,POINT (0.3705965141819272 0.3991343875088929),,,,,,,,,,,,,,,,,,,,,,,,,,,,,,,,
0,30,17,"{'x': 711.5453072293002, 'y': 431.0651385096043, 'elapsedTime': 17074.899999999907}",2568796164,14452512759,POINT (0.3705965141819272 0.3991343875088929),,,,,,,,,,,,,,,,,,,,,,,,,,,,,,,,
0,30,17,"{'x': 711.5453072293002, 'y': 431.0651385096043, 'elapsedTime': 17074.899999999907}",2568812832,14452529426,POINT (0.3705965141819272 0.3991343875088929),,,,,,,,,,,,,,,,,,,,,,,,,,,,,,,,
0,30,17,"{'x': 704.6767678246597, 'y': 362.950265648861, 'elapsedTime': 17118.69999999972}",2568829498,14452546092,POINT (0.3670191499086769 0.3360650607859824),,,,,,,,,,,,,,,,,,,,,,,,,,,,,,,,
0,30,17,"{'x': 704.6767678246597, 'y': 362.950265648861, 'elapsedTime': 17118.69999999972}",2568846166,14452562759,POINT (0.3670191499086769 0.3360650607859824),,,,,,,,,,,,,,,,,,,,,,,,,,,,,,,,
0,30,17,"{'x': 704.6767678246597, 'y': 362.950265648861, 'elapsedTime': 17118.69999999972}",2568862833,14452579426,POINT (0.3670191499086769 0.3360650607859824),,,,,,,,,,,,,,,,,,,,,,,,,,,,,,,,
0,30,17,"{'x': 681.34571965311, 'y': 321.2897693814342, 'elapsedTime': 17161.599999999627}",2568879501,14452596093,POINT (0.3548675623193281 0.2974905272050317),,,,,,,,,,,,,,,,,,,,,,,,,,,,,,,1,
0,30,17,"{'x': 681.34571965311, 'y': 321.2897693814342, 'elapsedTime': 17161.599999999627}",2568896171,14452612763,POINT (0.3548675623193281 0.2974905272050317),,,,,,,,,,,,,,,,,,,,,,,,,,,,,,,1,
0,30,17,"{'x': 681.34571965311, 'y': 321.2897693814342, 'elapsedTime': 17161.599999999627}",2568912839,14452629430,POINT (0.3548675623193281 0.2974905272050317),,,,,,,,,,,,,,,,,,,,,,,,,,,,,,,1,
0,30,17,"{'x': 674.18900320747, 'y': 341.6231313413226, 'elapsedTime': 17214.19999999972}",2568929506,14452646097,POINT (0.351140105837224 0.3163177142049283),,,,,,,,,,,,,,,,,,,,,,,,,,,,,,,,
0,30,17,"{'x': 674.18900320747, 'y': 341.6231313413226, 'elapsedTime': 17214.19999999972}",2568946173,14452662763,POINT (0.351140105837224 0.3163177142049283),,,,,,,,,,,,,,,,,,,,,,,,,,,,,,,,
0,30,17,"{'x': 674.18900320747, 'y': 341.6231313413226, 'elapsedTime': 17214.19999999972}",2568962839,14452679429,POINT (0.351140105837224 0.3163177142049283),,,,,,,,,,,,,,,,,,,,,,,,,,,,,,,,
0,30,17,"{'x': 678.2407838463098, 'y': 305.9435599807741, 'elapsedTime': 17260}",2568979507,14452696096,POINT (0.3532504082532864 0.2832810740562723),,,,,,,,,,,,,,,,,,,,,,,,,,,,,,1,1,
0,30,17,"{'x': 678.2407838463098, 'y': 305.9435599807741, 'elapsedTime': 17260}",2568996174,14452712763,POINT (0.3532504082532864 0.2832810740562723),,,,,,,,,,,,,,,,,,,,,,,,,,,,,,1,1,
0,30,17,"{'x': 678.2407838463098, 'y': 305.9435599807741, 'elapsedTime': 17260}",2569012842,14452729430,POINT (0.3532504082532864 0.2832810740562723),,,,,,,,,,,,,,,,,,,,,,,,,,,,,,1,1,
0,30,17,"{'x': 638.7032428781353, 'y': 376.38121122266654, 'elapsedTime': 17301.69999999972}",2569029515,14452746103,POINT (0.3326579389990288 0.348501121502469),,,,,,,,,,,,,,,,,,,,,,,,,,,,,,,,
0,30,17,"{'x': 638.7032428781353, 'y': 376.38121122266654, 'elapsedTime': 17301.69999999972}",2569046182,14452762769,POINT (0.3326579389990288 0.348501121502469),,,,,,,,,,,,,,,,,,,,,,,,,,,,,,,,
0,30,17,"{'x': 658.2484424091122, 'y': 330.6278309245197, 'elapsedTime': 17359.599999999627}",2569062848,14452779435,POINT (0.3428377304214126 0.3061368804856664),,,,,,,,,,,,,,,,,,,,,,,,,,,,,,,1,
0,30,17,"{'x': 658.2484424091122, 'y': 330.6278309245197, 'elapsedTime': 17359.599999999627}",2569079517,14452796103,POINT (0.3428377304214126 0.3061368804856664),,,,,,,,,,,,,,,,,,,,,,,,,,,,,,,1,
0,30,17,"{'x': 658.2484424091122, 'y': 330.6278309245197, 'elapsedTime': 17359.599999999627}",2569096183,14452812769,POINT (0.3428377304214126 0.3061368804856664),,,,,,,,,,,,,,,,,,,,,,,,,,,,,,,1,
0,30,17,"{'x': 695.3652505291207, 'y': 374.3694538819543, 'elapsedTime': 17401.5}",2569112850,14452829435,POINT (0.3621694013172503 0.3466383832240318),,,,,,,,,,,,,,,,,,,,,,,,,,,,,,,,
0,30,17,"{'x': 695.3652505291207, 'y': 374.3694538819543, 'elapsedTime': 17401.5}",2569129518,14452846103,POINT (0.3621694013172503 0.3466383832240318),,,,,,,,,,,,,,,,,,,,,,,,,,,,,,,,
0,30,17,"{'x': 695.3652505291207, 'y': 374.3694538819543, 'elapsedTime': 17401.5}",2569146185,14452862769,POINT (0.3621694013172503 0.3466383832240318),,,,,,,,,,,,,,,,,,,,,,,,,,,,,,,,
0,30,17,"{'x': 750.3189572193797, 'y': 329.74469581760303, 'elapsedTime': 17443.799999999814}",2569162855,14452879439,POINT (0.3907911235517603 0.3053191627940769),,,,,,,,,,,,,,,,,,,,,,,,,,,,,,,1,
0,30,17,"{'x': 750.3189572193797, 'y': 329.74469581760303, 'elapsedTime': 17443.799999999814}",2569179523,14452896106,POINT (0.3907911235517603 0.3053191627940769),,,,,,,,,,,,,,,,,,,,,,,,,,,,,,,1,
0,30,17,"{'x': 750.3189572193797, 'y': 329.74469581760303, 'elapsedTime': 17443.799999999814}",2569196190,14452912773,POINT (0.3907911235517603 0.3053191627940769),,,,,,,,,,,,,,,,,,,,,,,,,,,,,,,1,
0,30,17,"{'x': 769.1980673047551, 'y': 393.60341013738866, 'elapsedTime': 17489.5}",2569212858,14452929440,POINT (0.4006239933878933 0.3644476019790636),,,,,,,,,,,,,,,,,,,,,,,,,,,,,,,,
0,30,17,"{'x': 769.1980673047551, 'y': 393.60341013738866, 'elapsedTime': 17489.5}",2569229524,14452946106,POINT (0.4006239933878933 0.3644476019790636),,,,,,,,,,,,,,,,,,,,,,,,,,,,,,,,
0,30,17,"{'x': 781.6206313289603, 'y': 366.6674045240586, 'elapsedTime': 17538.099999999627}",2569246192,14452962773,POINT (0.4070940788171668 0.339506856040795),,,,,,,,,,,,,,,,,,1,,,,,,,,,,,,,,
0,30,17,"{'x': 781.6206313289603, 'y': 366.6674045240586, 'elapsedTime': 17538.099999999627}",2569262859,14452979440,POINT (0.4070940788171668 0.339506856040795),,,,,,,,,,,,,,,,,,1,,,,,,,,,,,,,,
0,30,17,"{'x': 781.6206313289603, 'y': 366.6674045240586, 'elapsedTime': 17538.099999999627}",2569279526,14452996106,POINT (0.4070940788171668 0.339506856040795),,,,,,,,,,,,,,,,,,1,,,,,,,,,,,,,,
0,30,17,"{'x': 762.4768999998706, 'y': 343.24315952282507, 'elapsedTime': 17579.599999999627}",2569296197,14453012777,POINT (0.3971233854165993 0.3178177402989121),,,,,,,,,,,,,,,,,,,,,,,,,,,,,,,1,
0,30,17,"{'x': 762.4768999998706, 'y': 343.24315952282507, 'elapsedTime': 17579.599999999627}",2569312864,14453029443,POINT (0.3971233854165993 0.3178177402989121),,,,,,,,,,,,,,,,,,,,,,,,,,,,,,,1,
0,30,17,"{'x': 781.8989253709086, 'y': 333.2459055516311, 'elapsedTime': 17622.599999999627}",2569329531,14453046110,POINT (0.4072390236306816 0.3085610236589177),,,,,,,,,,,,,,,,,,,,,,,,,,,,,,,1,
0,30,17,"{'x': 781.8989253709086, 'y': 333.2459055516311, 'elapsedTime': 17622.599999999627}",2569346199,14453062777,POINT (0.4072390236306816 0.3085610236589177),,,,,,,,,,,,,,,,,,,,,,,,,,,,,,,1,
0,30,17,"{'x': 781.8989253709086, 'y': 333.2459055516311, 'elapsedTime': 17622.599999999627}",2569362866,14453079444,POINT (0.4072390236306816 0.3085610236589177),,,,,,,,,,,,,,,,,,,,,,,,,,,,,,,1,
0,30,17,"{'x': 776.5082863339004, 'y': 368.78681061476004, 'elapsedTime': 17665}",2569379533,14453096110,POINT (0.4044313991322398 0.3414692690877408),,,,,,,,,,,,,,,,,,1,,,,,,,,,,,,,,
0,30,17,"{'x': 776.5082863339004, 'y': 368.78681061476004, 'elapsedTime': 17665}",2569396200,14453112777,POINT (0.4044313991322398 0.3414692690877408),,,,,,,,,,,,,,,,,,1,,,,,,,,,,,,,,
0,30,17,"{'x': 749.0172892537698, 'y': 392.6046463443695, 'elapsedTime': 17707.5}",2569412868,14453129444,POINT (0.3901131714863384 0.363522820689231),,,,,,,,,,,,,,,,,,,,,,,,,,,,,,,,
0,30,17,"{'x': 749.0172892537698, 'y': 392.6046463443695, 'elapsedTime': 17707.5}",2569429539,14453146115,POINT (0.3901131714863384 0.363522820689231),,,,,,,,,,,,,,,,,,,,,,,,,,,,,,,,
0,30,17,"{'x': 749.0172892537698, 'y': 392.6046463443695, 'elapsedTime': 17707.5}",2569446207,14453162782,POINT (0.3901131714863384 0.363522820689231),,,,,,,,,,,,,,,,,,,,,,,,,,,,,,,,
0,30,17,"{'x': 721.8148516190378, 'y': 395.5462422130023, 'elapsedTime': 17753.899999999907}",2569462872,14453179447,POINT (0.3759452352182488 0.3662465205675947),,,,,,,,,,,,,,,,,,,,,,,,,,,,,,,,
0,30,17,"{'x': 721.8148516190378, 'y': 395.5462422130023, 'elapsedTime': 17753.899999999907}",2569479541,14453196115,POINT (0.3759452352182488 0.3662465205675947),,,,,,,,,,,,,,,,,,,,,,,,,,,,,,,,
0,30,17,"{'x': 721.8148516190378, 'y': 395.5462422130023, 'elapsedTime': 17753.899999999907}",2569496207,14453212781,POINT (0.3759452352182488 0.3662465205675947),,,,,,,,,,,,,,,,,,,,,,,,,,,,,,,,
0,30,17,"{'x': 676.5836670947609, 'y': 375.8937329978232, 'elapsedTime': 17796.5}",2569512874,14453229447,POINT (0.3523873266118546 0.3480497527757622),,,,,,,,,,,,,,,,,,,,,,,,,,,,,,,,
0,30,17,"{'x': 676.5836670947609, 'y': 375.8937329978232, 'elapsedTime': 17796.5}",2569529541,14453246114,POINT (0.3523873266118546 0.3480497527757622),,,,,,,,,,,,,,,,,,,,,,,,,,,,,,,,
0,30,17,"{'x': 712.5594103762274, 'y': 396.72355830227315, 'elapsedTime': 17836.799999999814}",2569546213,14453262785,POINT (0.3711246929042851 0.3673366280576603),,,,,,,,,,,,,,,,,,,,,,,,,,,,,,,,
0,30,17,"{'x': 712.5594103762274, 'y': 396.72355830227315, 'elapsedTime': 17836.799999999814}",2569562881,14453279453,POINT (0.3711246929042851 0.3673366280576603),,,,,,,,,,,,,,,,,,,,,,,,,,,,,,,,
0,30,17,"{'x': 712.5594103762274, 'y': 396.72355830227315, 'elapsedTime': 17836.799999999814}",2569579548,14453296119,POINT (0.3711246929042851 0.3673366280576603),,,,,,,,,,,,,,,,,,,,,,,,,,,,,,,,
0,30,17,"{'x': 712.5594103762274, 'y': 396.72355830227315, 'elapsedTime': 17836.799999999814}",2569596214,14453312785,POINT (0.3711246929042851 0.3673366280576603),,,,,,,,,,,,,,,,,,,,,,,,,,,,,,,,
0,30,17,"{'x': 702.0719090921127, 'y': 392.42633003719646, 'elapsedTime': 17878.099999999627}",2569612883,14453329453,POINT (0.365662452652142 0.3633577129974042),,,,,,,,,,,,,,,,,,,,,,,,,,,,,,,,
0,30,17,"{'x': 702.0719090921127, 'y': 392.42633003719646, 'elapsedTime': 17878.099999999627}",2569629549,14453346119,POINT (0.365662452652142 0.3633577129974042),,,,,,,,,,,,,,,,,,,,,,,,,,,,,,,,
0,30,17,"{'x': 702.0719090921127, 'y': 392.42633003719646, 'elapsedTime': 17878.099999999627}",2569646217,14453362786,POINT (0.365662452652142 0.3633577129974042),,,,,,,,,,,,,,,,,,,,,,,,,,,,,,,,
0,30,17,"{'x': 702.0719090921127, 'y': 392.42633003719646, 'elapsedTime': 17878.099999999627}",2569662884,14453379453,POINT (0.365662452652142 0.3633577129974042),,,,,,,,,,,,,,,,,,,,,,,,,,,,,,,,
0,30,17,"{'x': 699.4741912382823, 'y': 430.80429062856985, 'elapsedTime': 17938.5}",2569679555,14453396123,POINT (0.364309474603272 0.3988928616931202),,,,,,,,,,,,,,,,,,,,,,,,,,,,,,,,
0,30,17,"{'x': 699.4741912382823, 'y': 430.80429062856985, 'elapsedTime': 17938.5}",2569696222,14453412790,POINT (0.364309474603272 0.3988928616931202),,,,,,,,,,,,,,,,,,,,,,,,,,,,,,,,
0,30,17,"{'x': 699.4741912382823, 'y': 430.80429062856985, 'elapsedTime': 17938.5}",2569712889,14453429456,POINT (0.364309474603272 0.3988928616931202),,,,,,,,,,,,,,,,,,,,,,,,,,,,,,,,
0,30,17,"{'x': 662.8864856308757, 'y': 406.91688427553186, 'elapsedTime': 17996.19999999972}",2569729556,14453446123,POINT (0.3452533779327477 0.3767748928477147),,,,,,,,,,,,,,,,,,,,,,,,,,,,,,,,
0,30,17,"{'x': 662.8864856308757, 'y': 406.91688427553186, 'elapsedTime': 17996.19999999972}",2569746224,14453462790,POINT (0.3452533779327477 0.3767748928477147),,,,,,,,,,,,,,,,,,,,,,,,,,,,,,,,
0,30,17,"{'x': 679.8275716871785, 'y': 411.14484482962314, 'elapsedTime': 18053.5}",2569762890,14453479456,POINT (0.3540768602537388 0.38068967113854),,,,,,,,,,,,,,,,,,,,,,,,,,,,,,,,
0,30,17,"{'x': 679.8275716871785, 'y': 411.14484482962314, 'elapsedTime': 18053.5}",2569779558,14453496123,POINT (0.3540768602537388 0.38068967113854),,,,,,,,,,,,,,,,,,,,,,,,,,,,,,,,
0,30,17,"{'x': 679.8275716871785, 'y': 411.14484482962314, 'elapsedTime': 18053.5}",2569796224,14453512789,POINT (0.3540768602537388 0.38068967113854),,,,,,,,,,,,,,,,,,,,,,,,,,,,,,,,
0,30,17,"{'x': 691.2692586634349, 'y': 443.208938644377, 'elapsedTime': 18094.69999999972}",2569812898,14453529462,POINT (0.360036072220539 0.4103786468929417),,,,,,,,,,,,,,,,,,,,,,,,,,,,,,,,
0,30,17,"{'x': 691.2692586634349, 'y': 443.208938644377, 'elapsedTime': 18094.69999999972}",2569829564,14453546128,POINT (0.360036072220539 0.4103786468929417),,,,,,,,,,,,,,,,,,,,,,,,,,,,,,,,
0,30,17,"{'x': 691.2692586634349, 'y': 443.208938644377, 'elapsedTime': 18094.69999999972}",2569846232,14453562795,POINT (0.360036072220539 0.4103786468929417),,,,,,,,,,,,,,,,,,,,,,,,,,,,,,,,
0,30,17,"{'x': 700.7436321641339, 'y': 454.6807958724115, 'elapsedTime': 18138.69999999972}",2569862898,14453579461,POINT (0.3649706417521531 0.4210007369188996),,,,,,,,,,,,,,,,,,,,,,,,,,,,,,,,
0,30,17,"{'x': 700.7436321641339, 'y': 454.6807958724115, 'elapsedTime': 18138.69999999972}",2569879566,14453596128,POINT (0.3649706417521531 0.4210007369188996),,,,,,,,,,,,,,,,,,,,,,,,,,,,,,,,
0,30,17,"{'x': 700.7436321641339, 'y': 454.6807958724115, 'elapsedTime': 18138.69999999972}",2569896232,14453612794,POINT (0.3649706417521531 0.4210007369188996),,,,,,,,,,,,,,,,,,,,,,,,,,,,,,,,
0,30,17,"{'x': 706.7008314350289, 'y': 441.875485699695, 'elapsedTime': 18193.19999999972}",2569912900,14453629461,POINT (0.3680733497057442 0.4091439682404583),,,,,,,,,,,,,,,,,,,,,,,,,,,,,,,,
0,30,17,"{'x': 706.7008314350289, 'y': 441.875485699695, 'elapsedTime': 18193.19999999972}",2569929568,14453646129,POINT (0.3680733497057442 0.4091439682404583),,,,,,,,,,,,,,,,,,,,,,,,,,,,,,,,
0,30,17,"{'x': 662.6195561105131, 'y': 429.30305755336633, 'elapsedTime': 18237.899999999907}",2569946241,14453662801,POINT (0.3451143521408923 0.3975028310679318),,,,,,,,,,,,,,,,,,,,,,,,,,,,,,,,
0,30,17,"{'x': 662.6195561105131, 'y': 429.30305755336633, 'elapsedTime': 18237.899999999907}",2569962908,14453679467,POINT (0.3451143521408923 0.3975028310679318),,,,,,,,,,,,,,,,,,,,,,,,,,,,,,,,
0,30,17,"{'x': 662.6195561105131, 'y': 429.30305755336633, 'elapsedTime': 18237.899999999907}",2569979575,14453696134,POINT (0.3451143521408923 0.3975028310679318),,,,,,,,,,,,,,,,,,,,,,,,,,,,,,,,
0,30,17,"{'x': 612.0104822569019, 'y': 428.27445762542254, 'elapsedTime': 18278.599999999627}",2569996242,14453712800,POINT (0.3187554595088031 0.3965504237272431),,,,,,,,,,,,,,,,,,,,,,,,,,,,,,,,
0,30,17,"{'x': 612.0104822569019, 'y': 428.27445762542254, 'elapsedTime': 18278.599999999627}",2570012908,14453729466,POINT (0.3187554595088031 0.3965504237272431),,,,,,,,,,,,,,,,,,,,,,,,,,,,,,,,
0,30,17,"{'x': 612.0104822569019, 'y': 428.27445762542254, 'elapsedTime': 18278.599999999627}",2570029577,14453746134,POINT (0.3187554595088031 0.3965504237272431),,,,,,,,,,,,,,,,,,,,,,,,,,,,,,,,
0,30,17,"{'x': 612.0104822569019, 'y': 428.27445762542254, 'elapsedTime': 18278.599999999627}",2570046244,14453762801,POINT (0.3187554595088031 0.3965504237272431),,,,,,,,,,,,,,,,,,,,,,,,,,,,,,,,
0,30,17,"{'x': 668.3634432913109, 'y': 414.0611698324397, 'elapsedTime': 18320}",2570062911,14453779467,POINT (0.3481059600475577 0.3833899720670738),,,,,,,,,,,,,,,,,,,,,,,,,,,,,,,,
0,30,17,"{'x': 668.3634432913109, 'y': 414.0611698324397, 'elapsedTime': 18320}",2570079582,14453796138,POINT (0.3481059600475577 0.3833899720670738),,,,,,,,,,,,,,,,,,,,,,,,,,,,,,,,
0,30,17,"{'x': 668.3634432913109, 'y': 414.0611698324397, 'elapsedTime': 18320}",2570096251,14453812806,POINT (0.3481059600475577 0.3833899720670738),,,,,,,,,,,,,,,,,,,,,,,,,,,,,,,,
0,30,17,"{'x': 714.8420658329254, 'y': 403.6140398883343, 'elapsedTime': 18397.899999999907}",2570112916,14453829471,POINT (0.3723135759546486 0.3737167036003095),,,,,,,,,,,,,,,,,,,,,,,,,,,,,,,,
0,30,17,"{'x': 714.8420658329254, 'y': 403.6140398883343, 'elapsedTime': 18397.899999999907}",2570129584,14453846138,POINT (0.3723135759546486 0.3737167036003095),,,,,,,,,,,,,,,,,,,,,,,,,,,,,,,,
0,30,17,"{'x': 714.8420658329254, 'y': 403.6140398883343, 'elapsedTime': 18397.899999999907}",2570146251,14453862805,POINT (0.3723135759546486 0.3737167036003095),,,,,,,,,,,,,,,,,,,,,,,,,,,,,,,,
0,30,17,"{'x': 714.8420658329254, 'y': 403.6140398883343, 'elapsedTime': 18397.899999999907}",2570162918,14453879471,POINT (0.3723135759546486 0.3737167036003095),,,,,,,,,,,,,,,,,,,,,,,,,,,,,,,,
0,30,17,"{'x': 696.5283786791131, 'y': 377.5328199604016, 'elapsedTime': 18446.69999999972}",2570179584,14453896137,POINT (0.3627751972287047 0.3495674258892607),,,,,,,,,,,,,,,,,,,,,,,,,,,,,,,,
0,30,17,"{'x': 638.0110793983695, 'y': 373.3985988355217, 'elapsedTime': 18490.899999999907}",2570196253,14453912805,POINT (0.3322974371866508 0.3457394433662238),,,,,,,,,,,,,,,,1,,,,,,,,,,,,,,,,
0,30,17,"{'x': 638.0110793983695, 'y': 373.3985988355217, 'elapsedTime': 18490.899999999907}",2570212922,14453929474,POINT (0.3322974371866508 0.3457394433662238),,,,,,,,,,,,,,,,1,,,,,,,,,,,,,,,,
0,30,17,"{'x': 638.0110793983695, 'y': 373.3985988355217, 'elapsedTime': 18490.899999999907}",2570229590,14453946141,POINT (0.3322974371866508 0.3457394433662238),,,,,,,,,,,,,,,,1,,,,,,,,,,,,,,,,
0,30,17,"{'x': 638.0110793983695, 'y': 373.3985988355217, 'elapsedTime': 18490.899999999907}",2570246257,14453962808,POINT (0.3322974371866508 0.3457394433662238),,,,,,,,,,,,,,,,1,,,,,,,,,,,,,,,,
0,30,17,"{'x': 566.1258242547782, 'y': 361.1066288693297, 'elapsedTime': 18535.19999999972}",2570262924,14453979474,POINT (0.294857200132697 0.3343579896938238),,,,,,,,,,,,,,,,,,,,,,,,,,,,,,,,
0,30,17,"{'x': 566.1258242547782, 'y': 361.1066288693297, 'elapsedTime': 18535.19999999972}",2570279590,14453996140,POINT (0.294857200132697 0.3343579896938238),,,,,,,,,,,,,,,,,,,,,,,,,,,,,,,,
0,30,17,"{'x': 566.1258242547782, 'y': 361.1066288693297, 'elapsedTime': 18535.19999999972}",2570296258,14454012807,POINT (0.294857200132697 0.3343579896938238),,,,,,,,,,,,,,,,,,,,,,,,,,,,,,,,
0,30,17,"{'x': 566.1258242547782, 'y': 361.1066288693297, 'elapsedTime': 18535.19999999972}",2570312925,14454029474,POINT (0.294857200132697 0.3343579896938238),,,,,,,,,,,,,,,,,,,,,,,,,,,,,,,,
0,30,17,"{'x': 543.3031194710032, 'y': 413.5654310451454, 'elapsedTime': 18580.19999999972}",2570329592,14454046140,POINT (0.2829703747244808 0.3829309546714309),,,,,,,,,,,,,,,,,,,,,,,,,,,,,,,,
0,30,17,"{'x': 543.3031194710032, 'y': 413.5654310451454, 'elapsedTime': 18580.19999999972}",2570346266,14454062814,POINT (0.2829703747244808 0.3829309546714309),,,,,,,,,,,,,,,,,,,,,,,,,,,,,,,,
0,30,17,"{'x': 543.3031194710032, 'y': 413.5654310451454, 'elapsedTime': 18580.19999999972}",2570362934,14454079481,POINT (0.2829703747244808 0.3829309546714309),,,,,,,,,,,,,,,,,,,,,,,,,,,,,,,,
0,30,17,"{'x': 543.3031194710032, 'y': 413.5654310451454, 'elapsedTime': 18580.19999999972}",2570379600,14454096147,POINT (0.2829703747244808 0.3829309546714309),,,,,,,,,,,,,,,,,,,,,,,,,,,,,,,,
0,30,17,"{'x': 531.0817369902767, 'y': 378.5406986700152, 'elapsedTime': 18659.799999999814}",2570396268,14454112814,POINT (0.2766050713491024 0.3505006469166808),,,,,,,,,,,,,,,,,,,,,,,,,,,,,,,,
0,30,17,"{'x': 531.0817369902767, 'y': 378.5406986700152, 'elapsedTime': 18659.799999999814}",2570412935,14454129481,POINT (0.2766050713491024 0.3505006469166808),,,,,,,,,,,,,,,,,,,,,,,,,,,,,,,,
0,30,17,"{'x': 534.2455034448747, 'y': 381.2157509499632, 'elapsedTime': 18722.69999999972}",2570429603,14454146148,POINT (0.2782528663775389 0.3529775471758919),,,,,,,,,,,,,,,,,,,,,,,,,,,,,,,,
0,30,17,"{'x': 534.2455034448747, 'y': 381.2157509499632, 'elapsedTime': 18722.69999999972}",2570446269,14454162814,POINT (0.2782528663775389 0.3529775471758919),,,,,,,,,,,,,,,,,,,,,,,,,,,,,,,,
0,30,17,"{'x': 534.2455034448747, 'y': 381.2157509499632, 'elapsedTime': 18722.69999999972}",2570462944,14454179488,POINT (0.2782528663775389 0.3529775471758919),,,,,,,,,,,,,,,,,,,,,,,,,,,,,,,,
0,30,17,"{'x': 532.0653392899438, 'y': 388.8286883202711, 'elapsedTime': 18764.5}",2570479611,14454196155,POINT (0.2771173642135124 0.3600265632595103),,,,,,,,,,,,,,,,,1,,,,,,,,,,,,,,,
0,30,17,"{'x': 532.0653392899438, 'y': 388.8286883202711, 'elapsedTime': 18764.5}",2570496277,14454212820,POINT (0.2771173642135124 0.3600265632595103),,,,,,,,,,,,,,,,,1,,,,,,,,,,,,,,,
0,30,17,"{'x': 532.0653392899438, 'y': 388.8286883202711, 'elapsedTime': 18764.5}",2570512945,14454229488,POINT (0.2771173642135124 0.3600265632595103),,,,,,,,,,,,,,,,,1,,,,,,,,,,,,,,,
0,30,17,"{'x': 568.1807000186088, 'y': 404.2026123296575, 'elapsedTime': 18812}",2570529611,14454246153,POINT (0.2959274479263588 0.3742616780830162),,,,,,,,,,,,,,,,,,,,,,,,,,,,,,,,
0,30,17,"{'x': 568.1807000186088, 'y': 404.2026123296575, 'elapsedTime': 18812}",2570546278,14454262820,POINT (0.2959274479263588 0.3742616780830162),,,,,,,,,,,,,,,,,,,,,,,,,,,,,,,,
0,30,17,"{'x': 568.1807000186088, 'y': 404.2026123296575, 'elapsedTime': 18812}",2570562946,14454279487,POINT (0.2959274479263588 0.3742616780830162),,,,,,,,,,,,,,,,,,,,,,,,,,,,,,,,
0,30,17,"{'x': 575.6640226359209, 'y': 369.9953848316022, 'elapsedTime': 18861.799999999814}",2570579613,14454296154,POINT (0.2998250117895421 0.3425883192885206),,,,,,,,,,,,,,,,,,,,,,,,,,,,,,,,
0,30,17,"{'x': 575.6640226359209, 'y': 369.9953848316022, 'elapsedTime': 18861.799999999814}",2570596284,14454312824,POINT (0.2998250117895421 0.3425883192885206),,,,,,,,,,,,,,,,,,,,,,,,,,,,,,,,
0,30,17,"{'x': 575.6640226359209, 'y': 369.9953848316022, 'elapsedTime': 18861.799999999814}",2570612950,14454329490,POINT (0.2998250117895421 0.3425883192885206),,,,,,,,,,,,,,,,,,,,,,,,,,,,,,,,
0,30,17,"{'x': 579.4485240393421, 'y': 354.08636724289437, 'elapsedTime': 18911.399999999907}",2570629618,14454346157,POINT (0.3017961062704907 0.3278577474471244),,,,,,,,,,,,,,,,,,,,,,,,,,,,,,,,
0,30,17,"{'x': 579.4485240393421, 'y': 354.08636724289437, 'elapsedTime': 18911.399999999907}",2570646284,14454362823,POINT (0.3017961062704907 0.3278577474471244),,,,,,,,,,,,,,,,,,,,,,,,,,,,,,,,
0,30,17,"{'x': 579.4485240393421, 'y': 354.08636724289437, 'elapsedTime': 18911.399999999907}",2570662951,14454379489,POINT (0.3017961062704907 0.3278577474471244),,,,,,,,,,,,,,,,,,,,,,,,,,,,,,,,
0,30,17,"{'x': 607.3579702200575, 'y': 385.2219776880236, 'elapsedTime': 18955.599999999627}",2570679619,14454396157,POINT (0.31633227615628 0.3566870163777996),,,,,,,,,,,,,,,,,,,,,,,,,,,,,,,,
0,30,17,"{'x': 607.3579702200575, 'y': 385.2219776880236, 'elapsedTime': 18955.599999999627}",2570696287,14454412824,POINT (0.31633227615628 0.3566870163777996),,,,,,,,,,,,,,,,,,,,,,,,,,,,,,,,
0,30,17,"{'x': 607.3579702200575, 'y': 385.2219776880236, 'elapsedTime': 18955.599999999627}",2570712954,14454429491,POINT (0.31633227615628 0.3566870163777996),,,,,,,,,,,,,,,,,,,,,,,,,,,,,,,,
0,30,17,"{'x': 645.1889171213204, 'y': 424.88450568426623, 'elapsedTime': 19004.399999999907}",2570729622,14454446158,POINT (0.336035894334021 0.3934115793372836),,,,,,,,,,,,,,,,,,,,,,,,,,,,,,,,
0,30,17,"{'x': 645.1889171213204, 'y': 424.88450568426623, 'elapsedTime': 19004.399999999907}",2570746288,14454462824,POINT (0.336035894334021 0.3934115793372836),,,,,,,,,,,,,,,,,,,,,,,,,,,,,,,,
0,30,17,"{'x': 675.2422571591662, 'y': 406.2645116381326, 'elapsedTime': 19054.299999999814}",2570762955,14454479490,POINT (0.3516886756037324 0.3761708441093821),,,,,,,,,,,,,,,,,,,,,,,,,,,,,,,,
0,30,17,"{'x': 675.2422571591662, 'y': 406.2645116381326, 'elapsedTime': 19054.299999999814}",2570779624,14454496159,POINT (0.3516886756037324 0.3761708441093821),,,,,,,,,,,,,,,,,,,,,,,,,,,,,,,,
0,30,17,"{'x': 675.2422571591662, 'y': 406.2645116381326, 'elapsedTime': 19054.299999999814}",2570796290,14454512824,POINT (0.3516886756037324 0.3761708441093821),,,,,,,,,,,,,,,,,,,,,,,,,,,,,,,,
0,30,17,"{'x': 713.2651857783958, 'y': 373.0221915645294, 'elapsedTime': 19095.19999999972}",2570812956,14454529490,POINT (0.3714922842595811 0.345390918115305),,,,,,,,,,,,,,,,,,,,,,,,,,,,,,,,
0,30,17,"{'x': 713.2651857783958, 'y': 373.0221915645294, 'elapsedTime': 19095.19999999972}",2570829624,14454546157,POINT (0.3714922842595811 0.345390918115305),,,,,,,,,,,,,,,,,,,,,,,,,,,,,,,,
0,30,17,"{'x': 740.9356812528463, 'y': 345.0395141226917, 'elapsedTime': 19136.5}",2570846292,14454562825,POINT (0.3859040006525241 0.3194810315950849),,,,,,,,,,,,,,,,,,,,,,,,,,,,,,,1,
0,30,17,"{'x': 740.9356812528463, 'y': 345.0395141226917, 'elapsedTime': 19136.5}",2570862968,14454579500,POINT (0.3859040006525241 0.3194810315950849),,,,,,,,,,,,,,,,,,,,,,,,,,,,,,,1,
0,30,17,"{'x': 740.9356812528463, 'y': 345.0395141226917, 'elapsedTime': 19136.5}",2570879634,14454596166,POINT (0.3859040006525241 0.3194810315950849),,,,,,,,,,,,,,,,,,,,,,,,,,,,,,,1,
0,30,17,"{'x': 740.9356812528463, 'y': 345.0395141226917, 'elapsedTime': 19136.5}",2570896302,14454612833,POINT (0.3859040006525241 0.3194810315950849),,,,,,,,,,,,,,,,,,,,,,,,,,,,,,,1,
0,30,17,"{'x': 798.8720398559593, 'y': 313.229503276598, 'elapsedTime': 19179.399999999907}",2570912970,14454629501,POINT (0.4160791874249788 0.2900273178487018),,,,,,,,,,,,,,,,,,,,,,,,,,,,,,1,1,
0,30,17,"{'x': 798.8720398559593, 'y': 313.229503276598, 'elapsedTime': 19179.399999999907}",2570929637,14454646167,POINT (0.4160791874249788 0.2900273178487018),,,,,,,,,,,,,,,,,,,,,,,,,,,,,,1,1,
0,30,17,"{'x': 811.1364713627136, 'y': 297.6923747544381, 'elapsedTime': 19227.399999999907}",2570946304,14454662834,POINT (0.42246691216808 0.2756410877355908),,,,,,,,,,,,,,,,,,,,,,,,,,,,,,1,1,
0,30,17,"{'x': 811.1364713627136, 'y': 297.6923747544381, 'elapsedTime': 19227.399999999907}",2570962970,14454679499,POINT (0.42246691216808 0.2756410877355908),,,,,,,,,,,,,,,,,,,,,,,,,,,,,,1,1,
0,30,17,"{'x': 752.7401439222066, 'y': 234.9041181785625, 'elapsedTime': 19277.599999999627}",2570979638,14454696167,POINT (0.3920521582928159 0.2175038131282986),,,,,,,,,,,,,,,,,,,,,,,,,,,,,,,1,
0,30,17,"{'x': 752.7401439222066, 'y': 234.9041181785625, 'elapsedTime': 19277.599999999627}",2570996310,14454712838,POINT (0.3920521582928159 0.2175038131282986),,,,,,,,,,,,,,,,,,,,,,,,,,,,,,,1,
0,30,17,"{'x': 752.7401439222066, 'y': 234.9041181785625, 'elapsedTime': 19277.599999999627}",2571012977,14454729505,POINT (0.3920521582928159 0.2175038131282986),,,,,,,,,,,,,,,,,,,,,,,,,,,,,,,1,
0,30,17,"{'x': 752.7401439222066, 'y': 234.9041181785625, 'elapsedTime': 19277.599999999627}",2571029644,14454746171,POINT (0.3920521582928159 0.2175038131282986),,,,,,,,,,,,,,,,,,,,,,,,,,,,,,,1,
0,30,17,"{'x': 731.0411326908206, 'y': 181.49755549762762, 'elapsedTime': 19317.799999999814}",2571046311,14454762838,POINT (0.3807505899431358 0.168053292127433),,,,,,,,,,,,,,,,,,,,,,,,,,,,,,1,,
0,30,17,"{'x': 731.0411326908206, 'y': 181.49755549762762, 'elapsedTime': 19317.799999999814}",2571062978,14454779504,POINT (0.3807505899431358 0.168053292127433),,,,,,,,,,,,,,,,,,,,,,,,,,,,,,1,,
0,30,17,"{'x': 725.9269252451771, 'y': 151.33071381604776, 'elapsedTime': 19373.19999999972}",2571079645,14454796171,POINT (0.3780869402318631 0.1401210313111553),,,,,,,,,,,,,,,,,,,,,,,,,,,,,,1,,
0,30,17,"{'x': 725.9269252451771, 'y': 151.33071381604776, 'elapsedTime': 19373.19999999972}",2571096313,14454812838,POINT (0.3780869402318631 0.1401210313111553),,,,,,,,,,,,,,,,,,,,,,,,,,,,,,1,,
0,30,17,"{'x': 725.9269252451771, 'y': 151.33071381604776, 'elapsedTime': 19373.19999999972}",2571112979,14454829504,POINT (0.3780869402318631 0.1401210313111553),,,,,,,,,,,,,,,,,,,,,,,,,,,,,,1,,
0,30,17,"{'x': 738.8418052165256, 'y': 135.47870763025156, 'elapsedTime': 19415.5}",2571129650,14454846174,POINT (0.3848134402169404 0.1254432478057885),,,,,,,,,,,,,,,,,,,,,,,,,,,,,,,,
0,30,17,"{'x': 738.8418052165256, 'y': 135.47870763025156, 'elapsedTime': 19415.5}",2571146316,14454862840,POINT (0.3848134402169404 0.1254432478057885),,,,,,,,,,,,,,,,,,,,,,,,,,,,,,,,
0,30,17,"{'x': 706.7914748932922, 'y': 126.13534820393653, 'elapsedTime': 19457.799999999814}",2571162983,14454879506,POINT (0.3681205598402563 0.116791989077719),,,,,,,,,,,,,,,,,,,,,,,,,,,,,,,,
0,30,17,"{'x': 706.7914748932922, 'y': 126.13534820393653, 'elapsedTime': 19457.799999999814}",2571179650,14454896173,POINT (0.3681205598402563 0.116791989077719),,,,,,,,,,,,,,,,,,,,,,,,,,,,,,,,
0,30,17,"{'x': 706.7914748932922, 'y': 126.13534820393653, 'elapsedTime': 19457.799999999814}",2571196317,14454912839,POINT (0.3681205598402563 0.116791989077719),,,,,,,,,,,,,,,,,,,,,,,,,,,,,,,,
0,30,17,"{'x': 679.2776965337545, 'y': 179.2219916759839, 'elapsedTime': 19499}",2571212984,14454929506,POINT (0.3537904669446638 0.165946288588874),,,,,,,,,,,,,,,,,,,,,,,,,,,,,,1,,
0,30,17,"{'x': 679.2776965337545, 'y': 179.2219916759839, 'elapsedTime': 19499}",2571229652,14454946173,POINT (0.3537904669446638 0.165946288588874),,,,,,,,,,,,,,,,,,,,,,,,,,,,,,1,,
0,30,17,"{'x': 710.1588780015983, 'y': 236.1904267441049, 'elapsedTime': 19544.899999999907}",2571246319,14454962840,POINT (0.3698744156258324 0.2186948395778749),,,,,,,,,,,,,,,,,,,,,,,,,,,,,,,1,
0,30,17,"{'x': 710.1588780015983, 'y': 236.1904267441049, 'elapsedTime': 19544.899999999907}",2571262994,14454979514,POINT (0.3698744156258324 0.2186948395778749),,,,,,,,,,,,,,,,,,,,,,,,,,,,,,,1,
0,30,17,"{'x': 710.1588780015983, 'y': 236.1904267441049, 'elapsedTime': 19544.899999999907}",2571279660,14454996180,POINT (0.3698744156258324 0.2186948395778749),,,,,,,,,,,,,,,,,,,,,,,,,,,,,,,1,
0,30,17,"{'x': 710.1588780015983, 'y': 236.1904267441049, 'elapsedTime': 19544.899999999907}",2571296328,14455012847,POINT (0.3698744156258324 0.2186948395778749),,,,,,,,,,,,,,,,,,,,,,,,,,,,,,,1,
0,30,17,"{'x': 725.1766085884806, 'y': 288.12702426994673, 'elapsedTime': 19588.299999999814}",2571312995,14455029514,POINT (0.3776961503065003 0.2667842817314322),,,,,,,,,,,,,,,,,,,,,,,,,,,,,,1,1,
0,30,17,"{'x': 725.1766085884806, 'y': 288.12702426994673, 'elapsedTime': 19588.299999999814}",2571329662,14455046180,POINT (0.3776961503065003 0.2667842817314322),,,,,,,,,,,,,,,,,,,,,,,,,,,,,,1,1,
0,30,17,"{'x': 725.1766085884806, 'y': 288.12702426994673, 'elapsedTime': 19588.299999999814}",2571346328,14455062846,POINT (0.3776961503065003 0.2667842817314322),,,,,,,,,,,,,,,,,,,,,,,,,,,,,,1,1,
0,30,17,"{'x': 777.1407338495588, 'y': 329.41250310533746, 'elapsedTime': 19635.799999999814}",2571362996,14455079513,POINT (0.4047607988799786 0.3050115769493865),,,,,,,,,,,,,,,,,,,,,,,,,,,,,,,1,
0,30,17,"{'x': 777.1407338495588, 'y': 329.41250310533746, 'elapsedTime': 19635.799999999814}",2571379663,14455096180,POINT (0.4047607988799786 0.3050115769493865),,,,,,,,,,,,,,,,,,,,,,,,,,,,,,,1,
0,30,17,"{'x': 777.1407338495588, 'y': 329.41250310533746, 'elapsedTime': 19635.799999999814}",2571396336,14455112852,POINT (0.4047607988799786 0.3050115769493865),,,,,,,,,,,,,,,,,,,,,,,,,,,,,,,1,
0,30,17,"{'x': 770.4947114970075, 'y': 398.7126351239199, 'elapsedTime': 19680.69999999972}",2571413002,14455129518,POINT (0.4012993289046914 0.3691783658554814),,,,,,,,,,,,,,,,,,,,,,,,,,,,,,,,
0,30,17,"{'x': 770.4947114970075, 'y': 398.7126351239199, 'elapsedTime': 19680.69999999972}",2571429670,14455146185,POINT (0.4012993289046914 0.3691783658554814),,,,,,,,,,,,,,,,,,,,,,,,,,,,,,,,
0,30,17,"{'x': 770.4947114970075, 'y': 398.7126351239199, 'elapsedTime': 19680.69999999972}",2571446336,14455162851,POINT (0.4012993289046914 0.3691783658554814),,,,,,,,,,,,,,,,,,,,,,,,,,,,,,,,
0,30,17,"{'x': 778.1007141007362, 'y': 438.6524932764883, 'elapsedTime': 19741}",2571463003,14455179517,POINT (0.4052607885941334 0.4061597159967484),,,,,,,,,,,,,,,,,,,,,,,,,,,,,,,,
0,30,17,"{'x': 778.1007141007362, 'y': 438.6524932764883, 'elapsedTime': 19741}",2571479670,14455196184,POINT (0.4052607885941334 0.4061597159967484),,,,,,,,,,,,,,,,,,,,,,,,,,,,,,,,
0,30,17,"{'x': 778.1007141007362, 'y': 438.6524932764883, 'elapsedTime': 19741}",2571496337,14455212850,POINT (0.4052607885941334 0.4061597159967484),,,,,,,,,,,,,,,,,,,,,,,,,,,,,,,,
0,30,17,"{'x': 758.0628403922641, 'y': 457.65086610435867, 'elapsedTime': 19791.5}",2571513009,14455229522,POINT (0.3948243960376375 0.4237508019484802),,,,,,,,,,,,,,,,,,,,,,,,,,,,,,,,
0,30,17,"{'x': 758.0628403922641, 'y': 457.65086610435867, 'elapsedTime': 19791.5}",2571529678,14455246190,POINT (0.3948243960376375 0.4237508019484802),,,,,,,,,,,,,,,,,,,,,,,,,,,,,,,,
0,30,17,"{'x': 765.0395372205035, 'y': 464.81476575349694, 'elapsedTime': 19836.19999999972}",2571546345,14455262857,POINT (0.3984580923023456 0.430384042364349),,,,,,,,,,,,,,,,,,,,,,,,,,,,,,,,
0,30,17,"{'x': 765.0395372205035, 'y': 464.81476575349694, 'elapsedTime': 19836.19999999972}",2571563012,14455279523,POINT (0.3984580923023456 0.430384042364349),,,,,,,,,,,,,,,,,,,,,,,,,,,,,,,,
0,30,17,"{'x': 765.0395372205035, 'y': 464.81476575349694, 'elapsedTime': 19836.19999999972}",2571579679,14455296190,POINT (0.3984580923023456 0.430384042364349),,,,,,,,,,,,,,,,,,,,,,,,,,,,,,,,
0,30,17,"{'x': 761.4245875421796, 'y': 469.85825385203566, 'elapsedTime': 19878.19999999972}",2571596347,14455312857,POINT (0.3965753060115518 0.4350539387518849),,,,,,,,,,,,,,,,,,,,,,,,,,,,,,,,
0,30,17,"{'x': 761.4245875421796, 'y': 469.85825385203566, 'elapsedTime': 19878.19999999972}",2571613013,14455329523,POINT (0.3965753060115518 0.4350539387518849),,,,,,,,,,,,,,,,,,,,,,,,,,,,,,,,
0,30,17,"{'x': 764.711527549712, 'y': 469.18658459730057, 'elapsedTime': 19921.599999999627}",2571629681,14455346190,POINT (0.3982872539321416 0.4344320227752783),,,,,,,,,,,,,,,,,,,,,,,,,,,,,,,,
0,30,17,"{'x': 764.711527549712, 'y': 469.18658459730057, 'elapsedTime': 19921.599999999627}",2571646351,14455362860,POINT (0.3982872539321416 0.4344320227752783),,,,,,,,,,,,,,,,,,,,,,,,,,,,,,,,
0,30,17,"{'x': 764.711527549712, 'y': 469.18658459730057, 'elapsedTime': 19921.599999999627}",2571663019,14455379527,POINT (0.3982872539321416 0.4344320227752783),,,,,,,,,,,,,,,,,,,,,,,,,,,,,,,,
0,30,17,"{'x': 747.5597706339958, 'y': 480.9380733393927, 'elapsedTime': 19968.799999999814}",2571679687,14455396194,POINT (0.3893540472052061 0.4453130308698081),,,,,,,,,,,,,,,,,,,,,,,,,,,,,,,,
0,30,17,"{'x': 747.5597706339958, 'y': 480.9380733393927, 'elapsedTime': 19968.799999999814}",2571696353,14455412860,POINT (0.3893540472052061 0.4453130308698081),,,,,,,,,,,,,,,,,,,,,,,,,,,,,,,,
0,30,17,"{'x': 747.5597706339958, 'y': 480.9380733393927, 'elapsedTime': 19968.799999999814}",2571713021,14455429527,POINT (0.3893540472052061 0.4453130308698081),,,,,,,,,,,,,,,,,,,,,,,,,,,,,,,,
0,30,17,"{'x': 747.5597706339958, 'y': 480.9380733393927, 'elapsedTime': 19968.799999999814}",2571729687,14455446193,POINT (0.3893540472052061 0.4453130308698081),,,,,,,,,,,,,,,,,,,,,,,,,,,,,,,,
0,30,17,"{'x': 735.5344255340037, 'y': 471.1212497671107, 'elapsedTime': 20016.19999999972}",2571746356,14455462861,POINT (0.3830908466322936 0.4362233794139914),,,,,,,,,,,,,,,,,,,,,,,,,,,,,,,,
0,30,17,"{'x': 735.5344255340037, 'y': 471.1212497671107, 'elapsedTime': 20016.19999999972}",2571763022,14455479527,POINT (0.3830908466322936 0.4362233794139914),,,,,,,,,,,,,,,,,,,,,,,,,,,,,,,,
0,30,17,"{'x': 735.5344255340037, 'y': 471.1212497671107, 'elapsedTime': 20016.19999999972}",2571779694,14455496198,POINT (0.3830908466322936 0.4362233794139914),,,,,,,,,,,,,,,,,,,,,,,,,,,,,,,,
0,30,17,"{'x': 735.5344255340037, 'y': 471.1212497671107, 'elapsedTime': 20016.19999999972}",2571796362,14455512866,POINT (0.3830908466322936 0.4362233794139914),,,,,,,,,,,,,,,,,,,,,,,,,,,,,,,,
0,30,17,"{'x': 730.5618820906433, 'y': 455.3366333560056, 'elapsedTime': 20073.399999999907}",2571813029,14455529532,POINT (0.3805009802555434 0.4216079938481533),,,,,,,,,,,,,,,,,,,,,,,,,,,,,,,,
0,30,17,"{'x': 730.5618820906433, 'y': 455.3366333560056, 'elapsedTime': 20073.399999999907}",2571829696,14455546199,POINT (0.3805009802555434 0.4216079938481533),,,,,,,,,,,,,,,,,,,,,,,,,,,,,,,,
0,30,17,"{'x': 754.0327273437802, 'y': 470.49461537240825, 'elapsedTime': 20136.599999999627}",2571846363,14455562865,POINT (0.3927253788248855 0.4356431623818595),,,,,,,,,,,,,,,,,,,,,,,,,,,,,,,,
0,30,17,"{'x': 754.0327273437802, 'y': 470.49461537240825, 'elapsedTime': 20136.599999999627}",2571863030,14455579532,POINT (0.3927253788248855 0.4356431623818595),,,,,,,,,,,,,,,,,,,,,,,,,,,,,,,,
0,30,17,"{'x': 754.0327273437802, 'y': 470.49461537240825, 'elapsedTime': 20136.599999999627}",2571879698,14455596199,POINT (0.3927253788248855 0.4356431623818595),,,,,,,,,,,,,,,,,,,,,,,,,,,,,,,,
0,30,17,"{'x': 790.4796020902545, 'y': 508.74995960017844, 'elapsedTime': 20182.19999999972}",2571896364,14455612865,POINT (0.4117081260886742 0.4710647774075726),,,,,,,,,,,,,,,,,,,,,,,,,,,,,,,,
0,30,17,"{'x': 790.4796020902545, 'y': 508.74995960017844, 'elapsedTime': 20182.19999999972}",2571913034,14455629534,POINT (0.4117081260886742 0.4710647774075726),,,,,,,,,,,,,,,,,,,,,,,,,,,,,,,,
0,30,17,"{'x': 790.4796020902545, 'y': 508.74995960017844, 'elapsedTime': 20182.19999999972}",2571929701,14455646201,POINT (0.4117081260886742 0.4710647774075726),,,,,,,,,,,,,,,,,,,,,,,,,,,,,,,,
0,30,17,"{'x': 781.7713547120774, 'y': 535.0974423021484, 'elapsedTime': 20226.899999999907}",2571946368,14455662867,POINT (0.407172580579207 0.4954605947242114),,,,,,,,,,,,,,,,,,,,,,,,,,,,,,,1,
0,30,17,"{'x': 781.7713547120774, 'y': 535.0974423021484, 'elapsedTime': 20226.899999999907}",2571963035,14455679534,POINT (0.407172580579207 0.4954605947242114),,,,,,,,,,,,,,,,,,,,,,,,,,,,,,,1,
0,30,17,"{'x': 781.7713547120774, 'y': 535.0974423021484, 'elapsedTime': 20226.899999999907}",2571979702,14455696200,POINT (0.407172580579207 0.4954605947242114),,,,,,,,,,,,,,,,,,,,,,,,,,,,,,,1,
0,30,17,"{'x': 781.7713547120774, 'y': 535.0974423021484, 'elapsedTime': 20226.899999999907}",2571996369,14455712867,POINT (0.407172580579207 0.4954605947242114),,,,,,,,,,,,,,,,,,,,,,,,,,,,,,,1,
0,30,17,"{'x': 787.7407134235453, 'y': 507.10844635488155, 'elapsedTime': 20276.5}",2572013037,14455729534,POINT (0.4102816215747632 0.4695448577360014),,,,,,,,,,,,,,,,,,,,,,,,,,,,,,,,
0,30,17,"{'x': 787.7407134235453, 'y': 507.10844635488155, 'elapsedTime': 20276.5}",2572029703,14455746200,POINT (0.4102816215747632 0.4695448577360014),,,,,,,,,,,,,,,,,,,,,,,,,,,,,,,,
0,30,17,"{'x': 787.7407134235453, 'y': 507.10844635488155, 'elapsedTime': 20276.5}",2572046378,14455762874,POINT (0.4102816215747632 0.4695448577360014),,,,,,,,,,,,,,,,,,,,,,,,,,,,,,,,
0,30,17,"{'x': 728.1935609583608, 'y': 464.89449623138256, 'elapsedTime': 20352.299999999814}",2572063045,14455779541,POINT (0.3792674796658129 0.4304578668809098),,,,,,,,,,,,,,,,,,,,,,,,,,,,,,,,
0,30,17,"{'x': 728.1935609583608, 'y': 464.89449623138256, 'elapsedTime': 20352.299999999814}",2572079713,14455796208,POINT (0.3792674796658129 0.4304578668809098),,,,,,,,,,,,,,,,,,,,,,,,,,,,,,,,
0,30,17,"{'x': 701.6524700586244, 'y': 509.98606024709477, 'elapsedTime': 20394.099999999627}",2572096379,14455812874,POINT (0.3654439948222002 0.4722093150436062),,,,,,,,,,,,,,,,,,,,,,,,,,,,,,,,
0,30,17,"{'x': 701.6524700586244, 'y': 509.98606024709477, 'elapsedTime': 20394.099999999627}",2572113047,14455829541,POINT (0.3654439948222002 0.4722093150436062),,,,,,,,,,,,,,,,,,,,,,,,,,,,,,,,
0,30,17,"{'x': 701.6524700586244, 'y': 509.98606024709477, 'elapsedTime': 20394.099999999627}",2572129714,14455846208,POINT (0.3654439948222002 0.4722093150436062),,,,,,,,,,,,,,,,,,,,,,,,,,,,,,,,
0,30,17,"{'x': 687.2440972686917, 'y': 535.9295348358743, 'elapsedTime': 20435.899999999907}",2572146381,14455862874,POINT (0.3579396339941103 0.4962310507739577),,,,,,,,,,,,,,,,,,,,,,,,,,,,,,,,
0,30,17,"{'x': 687.2440972686917, 'y': 535.9295348358743, 'elapsedTime': 20435.899999999907}",2572163048,14455879541,POINT (0.3579396339941103 0.4962310507739577),,,,,,,,,,,,,,,,,,,,,,,,,,,,,,,,
0,30,17,"{'x': 687.2440972686917, 'y': 535.9295348358743, 'elapsedTime': 20435.899999999907}",2572179719,14455896211,POINT (0.3579396339941103 0.4962310507739577),,,,,,,,,,,,,,,,,,,,,,,,,,,,,,,,
0,30,17,"{'x': 733.2414307716625, 'y': 556.0997319126889, 'elapsedTime': 20483.299999999814}",2572196385,14455912877,POINT (0.3818965785269076 0.5149071591784156),,,,,,,,,,,,,,,,,,,,,,,,,,,,,,,1,
0,30,17,"{'x': 733.2414307716625, 'y': 556.0997319126889, 'elapsedTime': 20483.299999999814}",2572213053,14455929544,POINT (0.3818965785269076 0.5149071591784156),,,,,,,,,,,,,,,,,,,,,,,,,,,,,,,1,
0,30,17,"{'x': 743.5364482192937, 'y': 548.2795258061861, 'elapsedTime': 20523.399999999907}",2572229719,14455946210,POINT (0.3872585667808821 0.5076662275983205),,,,,,,,,,,,,,,,,,,,,,,,,,,,,,,1,
0,30,17,"{'x': 743.5364482192937, 'y': 548.2795258061861, 'elapsedTime': 20523.399999999907}",2572246387,14455962877,POINT (0.3872585667808821 0.5076662275983205),,,,,,,,,,,,,,,,,,,,,,,,,,,,,,,1,
0,30,17,"{'x': 743.5364482192937, 'y': 548.2795258061861, 'elapsedTime': 20523.399999999907}",2572263054,14455979544,POINT (0.3872585667808821 0.5076662275983205),,,,,,,,,,,,,,,,,,,,,,,,,,,,,,,1,
0,30,17,"{'x': 755.0012547174256, 'y': 563.0853686479687, 'elapsedTime': 20565.599999999627}",2572279721,14455996210,POINT (0.3932298201653258 0.5213753413407117),,,,,,,,,,,,,,,,,,,,,,,,,,,,,,,1,
0,30,17,"{'x': 755.0012547174256, 'y': 563.0853686479687, 'elapsedTime': 20565.599999999627}",2572296388,14456012877,POINT (0.3932298201653258 0.5213753413407117),,,,,,,,,,,,,,,,,,,,,,,,,,,,,,,1,
0,30,17,"{'x': 755.0012547174256, 'y': 563.0853686479687, 'elapsedTime': 20565.599999999627}",2572313062,14456029550,POINT (0.3932298201653258 0.5213753413407117),,,,,,,,,,,,,,,,,,,,,,,,,,,,,,,1,
0,30,17,"{'x': 755.0012547174256, 'y': 563.0853686479687, 'elapsedTime': 20565.599999999627}",2572329730,14456046218,POINT (0.3932298201653258 0.5213753413407117),,,,,,,,,,,,,,,,,,,,,,,,,,,,,,,1,
0,30,17,"{'x': 775.6468770366075, 'y': 571.8075215962161, 'elapsedTime': 20611.799999999814}",2572346397,14456062884,POINT (0.4039827484565664 0.5294514088853853),,,,,,,,,,,,,,,,,,,,,,,,,,,,,,,1,
0,30,17,"{'x': 775.6468770366075, 'y': 571.8075215962161, 'elapsedTime': 20611.799999999814}",2572363063,14456079550,POINT (0.4039827484565664 0.5294514088853853),,,,,,,,,,,,,,,,,,,,,,,,,,,,,,,1,
0,30,17,"{'x': 775.6468770366075, 'y': 571.8075215962161, 'elapsedTime': 20611.799999999814}",2572379731,14456096217,POINT (0.4039827484565664 0.5294514088853853),,,,,,,,,,,,,,,,,,,,,,,,,,,,,,,1,
0,30,17,"{'x': 835.5856973115659, 'y': 588.8663698123846, 'elapsedTime': 20674.5}",2572396398,14456112884,POINT (0.4352008840164406 0.545246638715171),,,,,,,,,,,,,,,,,,,,,,,,,,,,,,,1,
0,30,17,"{'x': 835.5856973115659, 'y': 588.8663698123846, 'elapsedTime': 20674.5}",2572413066,14456129551,POINT (0.4352008840164406 0.545246638715171),,,,,,,,,,,,,,,,,,,,,,,,,,,,,,,1,
0,30,17,"{'x': 835.5856973115659, 'y': 588.8663698123846, 'elapsedTime': 20674.5}",2572429736,14456146221,POINT (0.4352008840164406 0.545246638715171),,,,,,,,,,,,,,,,,,,,,,,,,,,,,,,1,
0,30,17,"{'x': 811.364844165562, 'y': 583.7154823773603, 'elapsedTime': 20736.69999999972}",2572446403,14456162887,POINT (0.4225858563362302 0.5404772984975559),,,,,,,,,,,,,,,,,,,,,,,,,,,,,,,1,
0,30,17,"{'x': 811.364844165562, 'y': 583.7154823773603, 'elapsedTime': 20736.69999999972}",2572463070,14456179554,POINT (0.4225858563362302 0.5404772984975559),,,,,,,,,,,,,,,,,,,,,,,,,,,,,,,1,
0,30,17,"{'x': 811.364844165562, 'y': 583.7154823773603, 'elapsedTime': 20736.69999999972}",2572479737,14456196220,POINT (0.4225858563362302 0.5404772984975559),,,,,,,,,,,,,,,,,,,,,,,,,,,,,,,1,
0,30,17,"{'x': 787.4355590411628, 'y': 618.1846460157443, 'elapsedTime': 20780.599999999627}",2572496404,14456212887,POINT (0.4101226870006057 0.5723931907553188),,,,,,,,,,,,,,,,,,,,,,,,,,,,,,,1,
0,30,17,"{'x': 787.4355590411628, 'y': 618.1846460157443, 'elapsedTime': 20780.599999999627}",2572513071,14456229553,POINT (0.4101226870006057 0.5723931907553188),,,,,,,,,,,,,,,,,,,,,,,,,,,,,,,1,
0,30,17,"{'x': 736.3877628397667, 'y': 621.9555735132179, 'elapsedTime': 20822.099999999627}",2572529738,14456246220,POINT (0.3835352931457118 0.5758847902900166),,,,,,,,,,,,,,,,,,,,,,,,,,,,,,,1,
0,30,17,"{'x': 736.3877628397667, 'y': 621.9555735132179, 'elapsedTime': 20822.099999999627}",2572546406,14456262887,POINT (0.3835352931457118 0.5758847902900166),,,,,,,,,,,,,,,,,,,,,,,,,,,,,,,1,
0,30,17,"{'x': 736.3877628397667, 'y': 621.9555735132179, 'elapsedTime': 20822.099999999627}",2572563077,14456279558,POINT (0.3835352931457118 0.5758847902900166),,,,,,,,,,,,,,,,,,,,,,,,,,,,,,,1,
0,30,17,"{'x': 735.5840411638976, 'y': 691.0538111355175, 'elapsedTime': 20869.5}",2572579745,14456296225,POINT (0.3831166881061966 0.6398646399402941),,,,,,,,,,,,,,,,,,,,,,,,,,,,,,,,1
0,30,17,"{'x': 735.5840411638976, 'y': 691.0538111355175, 'elapsedTime': 20869.5}",2572596412,14456312892,POINT (0.3831166881061966 0.6398646399402941),,,,,,,,,,,,,,,,,,,,,,,,,,,,,,,,1
0,30,17,"{'x': 735.5840411638976, 'y': 691.0538111355175, 'elapsedTime': 20869.5}",2572613079,14456329558,POINT (0.3831166881061966 0.6398646399402941),,,,,,,,,,,,,,,,,,,,,,,,,,,,,,,,1
0,30,17,"{'x': 726.0606071772227, 'y': 696.7430947474984, 'elapsedTime': 20914.099999999627}",2572629746,14456346225,POINT (0.3781565662381368 0.6451324951365726),,,,,,,,,,,,,,,,,,,,,,,,,,,,,,,,1
0,30,17,"{'x': 726.0606071772227, 'y': 696.7430947474984, 'elapsedTime': 20914.099999999627}",2572646413,14456362891,POINT (0.3781565662381368 0.6451324951365726),,,,,,,,,,,,,,,,,,,,,,,,,,,,,,,,1
0,30,17,"{'x': 726.0606071772227, 'y': 696.7430947474984, 'elapsedTime': 20914.099999999627}",2572663081,14456379559,POINT (0.3781565662381368 0.6451324951365726),,,,,,,,,,,,,,,,,,,,,,,,,,,,,,,,1
0,30,17,"{'x': 688.1121714233108, 'y': 725.8025661342643, 'elapsedTime': 20955}",2572679748,14456396225,POINT (0.358391755949641 0.6720394130872818),,,,,,,,,,,,,,,,,,,,,,,,,,,,,,,,1
0,30,17,"{'x': 688.1121714233108, 'y': 725.8025661342643, 'elapsedTime': 20955}",2572696420,14456412897,POINT (0.358391755949641 0.6720394130872818),,,,,,,,,,,,,,,,,,,,,,,,,,,,,,,,1
0,30,17,"{'x': 677.9067095050224, 'y': 658.7603200939072, 'elapsedTime': 21004.799999999814}",2572713088,14456429564,POINT (0.3530764112005325 0.6099632593462104),,,,,,,,,,,,,,,,,,,,,,,,,,,,,,,,
0,30,17,"{'x': 677.9067095050224, 'y': 658.7603200939072, 'elapsedTime': 21004.799999999814}",2572729753,14456446229,POINT (0.3530764112005325 0.6099632593462104),,,,,,,,,,,,,,,,,,,,,,,,,,,,,,,,
0,30,17,"{'x': 677.9067095050224, 'y': 658.7603200939072, 'elapsedTime': 21004.799999999814}",2572746421,14456462896,POINT (0.3530764112005325 0.6099632593462104),,,,,,,,,,,,,,,,,,,,,,,,,,,,,,,,
0,30,17,"{'x': 689.4820155743391, 'y': 633.8899545033624, 'elapsedTime': 21050}",2572763088,14456479563,POINT (0.3591052164449683 0.5869351430586689),,,,,,,,,,,,,,,,,,,,,,,,,,,,,,,1,
0,30,17,"{'x': 689.4820155743391, 'y': 633.8899545033624, 'elapsedTime': 21050}",2572779755,14456496229,POINT (0.3591052164449683 0.5869351430586689),,,,,,,,,,,,,,,,,,,,,,,,,,,,,,,1,
0,30,17,"{'x': 689.4820155743391, 'y': 633.8899545033624, 'elapsedTime': 21050}",2572796422,14456512896,POINT (0.3591052164449683 0.5869351430586689),,,,,,,,,,,,,,,,,,,,,,,,,,,,,,,1,
0,30,17,"{'x': 676.3870818306373, 'y': 636.6477434595605, 'elapsedTime': 21094.799999999814}",2572813090,14456529563,POINT (0.3522849384534569 0.5894886513514449),,,,,,,,,,,,,,,,,,,,,,,,,,,,,,,1,
0,30,17,"{'x': 676.3870818306373, 'y': 636.6477434595605, 'elapsedTime': 21094.799999999814}",2572829763,14456546236,POINT (0.3522849384534569 0.5894886513514449),,,,,,,,,,,,,,,,,,,,,,,,,,,,,,,1,
0,30,17,"{'x': 676.3870818306373, 'y': 636.6477434595605, 'elapsedTime': 21094.799999999814}",2572846431,14456562903,POINT (0.3522849384534569 0.5894886513514449),,,,,,,,,,,,,,,,,,,,,,,,,,,,,,,1,
0,30,17,"{'x': 676.3870818306373, 'y': 636.6477434595605, 'elapsedTime': 21094.799999999814}",2572863097,14456579569,POINT (0.3522849384534569 0.5894886513514449),,,,,,,,,,,,,,,,,,,,,,,,,,,,,,,1,
0,30,17,"{'x': 695.6054214645591, 'y': 633.8438042773265, 'elapsedTime': 21149.5}",2572879765,14456596236,POINT (0.3622944903461245 0.5868924113678949),,,,,,,,,,,,,,,,,,,,,,,,,,,,,,,1,
0,30,17,"{'x': 695.6054214645591, 'y': 633.8438042773265, 'elapsedTime': 21149.5}",2572896431,14456612902,POINT (0.3622944903461245 0.5868924113678949),,,,,,,,,,,,,,,,,,,,,,,,,,,,,,,1,
0,30,17,"{'x': 695.6054214645591, 'y': 633.8438042773265, 'elapsedTime': 21149.5}",2572913100,14456629570,POINT (0.3622944903461245 0.5868924113678949),,,,,,,,,,,,,,,,,,,,,,,,,,,,,,,1,
0,30,17,"{'x': 647.1282386900114, 'y': 606.924128095457, 'elapsedTime': 21198.19999999972}",2572929766,14456646236,POINT (0.3370459576510476 0.5619667852735714),,,,,,,,,,,,,,,,,,,,,,,,,,,,,,,1,
0,30,17,"{'x': 647.1282386900114, 'y': 606.924128095457, 'elapsedTime': 21198.19999999972}",2572946433,14456662902,POINT (0.3370459576510476 0.5619667852735714),,,,,,,,,,,,,,,,,,,,,,,,,,,,,,,1,
0,30,17,"{'x': 647.1282386900114, 'y': 606.924128095457, 'elapsedTime': 21198.19999999972}",2572963104,14456679573,POINT (0.3370459576510476 0.5619667852735714),,,,,,,,,,,,,,,,,,,,,,,,,,,,,,,1,
0,30,17,"{'x': 646.9075451823064, 'y': 591.2503640988394, 'elapsedTime': 21256.5}",2572979771,14456696239,POINT (0.3369310131157846 0.5474540408322588),,,,,,,,,,,,,,,,,,,,,,,,,,,,,,,1,
0,30,17,"{'x': 646.9075451823064, 'y': 591.2503640988394, 'elapsedTime': 21256.5}",2572996438,14456712906,POINT (0.3369310131157846 0.5474540408322588),,,,,,,,,,,,,,,,,,,,,,,,,,,,,,,1,
0,30,17,"{'x': 646.9075451823064, 'y': 591.2503640988394, 'elapsedTime': 21256.5}",2573013105,14456729572,POINT (0.3369310131157846 0.5474540408322588),,,,,,,,,,,,,,,,,,,,,,,,,,,,,,,1,
0,30,17,"{'x': 656.7963411072935, 'y': 606.0247564020818, 'elapsedTime': 21305.5}",2573029772,14456746239,POINT (0.3420814276600487 0.5611340337056313),,,,,,,,,,,,,,,,,,,,,,,,,,,,,,,1,
0,30,17,"{'x': 656.7963411072935, 'y': 606.0247564020818, 'elapsedTime': 21305.5}",2573046440,14456762906,POINT (0.3420814276600487 0.5611340337056313),,,,,,,,,,,,,,,,,,,,,,,,,,,,,,,1,
0,30,17,"{'x': 656.7963411072935, 'y': 606.0247564020818, 'elapsedTime': 21305.5}",2573063106,14456779572,POINT (0.3420814276600487 0.5611340337056313),,,,,,,,,,,,,,,,,,,,,,,,,,,,,,,1,
0,30,17,"{'x': 663.85007353201, 'y': 581.4621708830072, 'elapsedTime': 21364.599999999627}",2573079774,14456796239,POINT (0.3457552466312552 0.5383908989657473),,,,,,,,,,,,,,,,,,,,,,,,,,,,,,,1,
0,30,17,"{'x': 663.85007353201, 'y': 581.4621708830072, 'elapsedTime': 21364.599999999627}",2573096447,14456812912,POINT (0.3457552466312552 0.5383908989657473),,,,,,,,,,,,,,,,,,,,,,,,,,,,,,,1,
0,30,17,"{'x': 663.85007353201, 'y': 581.4621708830072, 'elapsedTime': 21364.599999999627}",2573113114,14456829578,POINT (0.3457552466312552 0.5383908989657473),,,,,,,,,,,,,,,,,,,,,,,,,,,,,,,1,
0,30,17,"{'x': 674.7176533046386, 'y': 589.6029615418521, 'elapsedTime': 21413}",2573129781,14456846245,POINT (0.3514154444294993 0.5459286680943075),,,,,,,,,,,,,,,,,,,,,,,,,,,,,,,1,
0,30,17,"{'x': 674.7176533046386, 'y': 589.6029615418521, 'elapsedTime': 21413}",2573146449,14456862912,POINT (0.3514154444294993 0.5459286680943075),,,,,,,,,,,,,,,,,,,,,,,,,,,,,,,1,
0,30,17,"{'x': 674.7176533046386, 'y': 589.6029615418521, 'elapsedTime': 21413}",2573163114,14456879577,POINT (0.3514154444294993 0.5459286680943075),,,,,,,,,,,,,,,,,,,,,,,,,,,,,,,1,
0,30,17,"{'x': 700.9054535740096, 'y': 653.6678057496227, 'elapsedTime': 21461.599999999627}",2573179782,14456896244,POINT (0.3650549237364633 0.6052479682866877),,,,,,,,,,,,,,,,,,,,,,,,,,,,,,,,
0,30,17,"{'x': 700.9054535740096, 'y': 653.6678057496227, 'elapsedTime': 21461.599999999627}",2573196449,14456912911,POINT (0.3650549237364633 0.6052479682866877),,,,,,,,,,,,,,,,,,,,,,,,,,,,,,,,
0,30,17,"{'x': 700.9054535740096, 'y': 653.6678057496227, 'elapsedTime': 21461.599999999627}",2573213116,14456929577,POINT (0.3650549237364633 0.6052479682866877),,,,,,,,,,,,,,,,,,,,,,,,,,,,,,,,
0,30,17,"{'x': 680.4508493035346, 'y': 635.2252620928142, 'elapsedTime': 21508.299999999814}",2573229787,14456946248,POINT (0.3544014840122576 0.588171538974828),,,,,,,,,,,,,,,,,,,,,,,,,,,,,,,1,
0,30,17,"{'x': 680.4508493035346, 'y': 635.2252620928142, 'elapsedTime': 21508.299999999814}",2573246455,14456962915,POINT (0.3544014840122576 0.588171538974828),,,,,,,,,,,,,,,,,,,,,,,,,,,,,,,1,
0,30,17,"{'x': 680.4508493035346, 'y': 635.2252620928142, 'elapsedTime': 21508.299999999814}",2573263122,14456979582,POINT (0.3544014840122576 0.588171538974828),,,,,,,,,,,,,,,,,,,,,,,,,,,,,,,1,
0,30,17,"{'x': 762.5131385954119, 'y': 584.5005655447438, 'elapsedTime': 21560.799999999814}",2573279790,14456996249,POINT (0.3971422596851104 0.5412042273562443),,,,,,,,,,,,,,,,,,,,,,,,,,,,,,,1,
0,30,17,"{'x': 762.5131385954119, 'y': 584.5005655447438, 'elapsedTime': 21560.799999999814}",2573296456,14457012915,POINT (0.3971422596851104 0.5412042273562443),,,,,,,,,,,,,,,,,,,,,,,,,,,,,,,1,
0,30,17,"{'x': 762.5131385954119, 'y': 584.5005655447438, 'elapsedTime': 21560.799999999814}",2573313124,14457029582,POINT (0.3971422596851104 0.5412042273562443),,,,,,,,,,,,,,,,,,,,,,,,,,,,,,,1,
0,30,17,"{'x': 762.5131385954119, 'y': 584.5005655447438, 'elapsedTime': 21560.799999999814}",2573329790,14457046248,POINT (0.3971422596851104 0.5412042273562443),,,,,,,,,,,,,,,,,,,,,,,,,,,,,,,1,
0,30,17,"{'x': 724.5597335797253, 'y': 450.4900502773261, 'elapsedTime': 21613.299999999814}",2573346463,14457062920,POINT (0.3773748612394402 0.4171204169234501),,,,,,,,,,,,,,,,,,,,,,,,,,,,,,,,
0,30,17,"{'x': 724.5597335797253, 'y': 450.4900502773261, 'elapsedTime': 21613.299999999814}",2573363130,14457079587,POINT (0.3773748612394402 0.4171204169234501),,,,,,,,,,,,,,,,,,,,,,,,,,,,,,,,
0,30,17,"{'x': 724.5597335797253, 'y': 450.4900502773261, 'elapsedTime': 21613.299999999814}",2573379797,14457096253,POINT (0.3773748612394402 0.4171204169234501),,,,,,,,,,,,,,,,,,,,,,,,,,,,,,,,
0,30,17,"{'x': 696.7665144337892, 'y': 399.4382351030009, 'elapsedTime': 21675.599999999627}",2573396465,14457112920,POINT (0.3628992262675986 0.3698502176879638),,,,,,,,,,,,,,,,,,,,,,,,,,,,,,,,
0,30,17,"{'x': 696.7665144337892, 'y': 399.4382351030009, 'elapsedTime': 21675.599999999627}",2573413132,14457129587,POINT (0.3628992262675986 0.3698502176879638),,,,,,,,,,,,,,,,,,,,,,,,,,,,,,,,
0,30,17,"{'x': 696.7665144337892, 'y': 399.4382351030009, 'elapsedTime': 21675.599999999627}",2573429799,14457146253,POINT (0.3628992262675986 0.3698502176879638),,,,,,,,,,,,,,,,,,,,,,,,,,,,,,,,
0,30,17,"{'x': 673.21322990178, 'y': 323.20300322237364, 'elapsedTime': 21733.69999999972}",2573446467,14457162921,POINT (0.3506318905738438 0.2992620400207163),,,,,,,,,,,,,,,,,,,,,,,,,,,,,,,1,
0,30,17,"{'x': 673.21322990178, 'y': 323.20300322237364, 'elapsedTime': 21733.69999999972}",2573463134,14457179587,POINT (0.3506318905738438 0.2992620400207163),,,,,,,,,,,,,,,,,,,,,,,,,,,,,,,1,
0,30,17,"{'x': 673.21322990178, 'y': 323.20300322237364, 'elapsedTime': 21733.69999999972}",2573479805,14457196258,POINT (0.3506318905738438 0.2992620400207163),,,,,,,,,,,,,,,,,,,,,,,,,,,,,,,1,
0,30,17,"{'x': 673.21322990178, 'y': 323.20300322237364, 'elapsedTime': 21733.69999999972}",2573496472,14457212924,POINT (0.3506318905738438 0.2992620400207163),,,,,,,,,,,,,,,,,,,,,,,,,,,,,,,1,
0,30,17,"{'x': 708.5037658176063, 'y': 308.45068212811873, 'elapsedTime': 21780.5}",2573513140,14457229591,POINT (0.3690123780300033 0.2856024834519618),,,,,,,,,,,,,,,,,,,,,,,,,,,,,,1,1,
0,30,17,"{'x': 708.5037658176063, 'y': 308.45068212811873, 'elapsedTime': 21780.5}",2573529807,14457246257,POINT (0.3690123780300033 0.2856024834519618),,,,,,,,,,,,,,,,,,,,,,,,,,,,,,1,1,
0,30,17,"{'x': 740.2854256538719, 'y': 261.96923097237953, 'elapsedTime': 21839}",2573546474,14457262924,POINT (0.3855653258613916 0.2425641027522033),,,,,,,,,,,,,,,,,,,,,,,,,,,,,,,1,
0,30,17,"{'x': 740.2854256538719, 'y': 261.96923097237953, 'elapsedTime': 21839}",2573563142,14457279591,POINT (0.3855653258613916 0.2425641027522033),,,,,,,,,,,,,,,,,,,,,,,,,,,,,,,1,
0,30,17,"{'x': 740.2854256538719, 'y': 261.96923097237953, 'elapsedTime': 21839}",2573579809,14457296258,POINT (0.3855653258613916 0.2425641027522033),,,,,,,,,,,,,,,,,,,,,,,,,,,,,,,1,
0,30,17,"{'x': 792.232238198505, 'y': 250.18756169961895, 'elapsedTime': 21886.099999999627}",2573596476,14457312924,POINT (0.4126209573950547 0.2316551497218694),,,,,,,,,,,,,,,,,,,,,,,,,,,,,,,1,
0,30,17,"{'x': 792.232238198505, 'y': 250.18756169961895, 'elapsedTime': 21886.099999999627}",2573613148,14457329596,POINT (0.4126209573950547 0.2316551497218694),,,,,,,,,,,,,,,,,,,,,,,,,,,,,,,1,
0,30,17,"{'x': 792.232238198505, 'y': 250.18756169961895, 'elapsedTime': 21886.099999999627}",2573629816,14457346263,POINT (0.4126209573950547 0.2316551497218694),,,,,,,,,,,,,,,,,,,,,,,,,,,,,,,1,
0,30,17,"{'x': 838.8273984444188, 'y': 267.6135756981914, 'elapsedTime': 21934.19999999972}",2573646482,14457362929,POINT (0.4368892700231348 0.2477903478686958),,,,,,,,,,,,,,,,,,,,,,,,,,,,,,1,1,
0,30,17,"{'x': 838.8273984444188, 'y': 267.6135756981914, 'elapsedTime': 21934.19999999972}",2573663150,14457379596,POINT (0.4368892700231348 0.2477903478686958),,,,,,,,,,,,,,,,,,,,,,,,,,,,,,1,1,
0,30,17,"{'x': 838.8273984444188, 'y': 267.6135756981914, 'elapsedTime': 21934.19999999972}",2573679816,14457396262,POINT (0.4368892700231348 0.2477903478686958),,,,,,,,,,,,,,,,,,,,,,,,,,,,,,1,1,
0,30,17,"{'x': 880.6239095327711, 'y': 226.5119065220133, 'elapsedTime': 21982.5}",2573696484,14457412929,POINT (0.4586582862149849 0.209733246779642),,,,,,,,,,,,,,,,,,,,,,,,,,,,,,,,
0,30,17,"{'x': 880.6239095327711, 'y': 226.5119065220133, 'elapsedTime': 21982.5}",2573713151,14457429596,POINT (0.4586582862149849 0.209733246779642),,,,,,,,,,,,,,,,,,,,,,,,,,,,,,,,
0,30,17,"{'x': 898.4082810604733, 'y': 215.96824258973822, 'elapsedTime': 22027.899999999907}",2573729819,14457446263,POINT (0.4679209797189965 0.1999705949904984),,,,,,,,,,,,,,,,,,,,,,,,,,,,,,1,,
0,30,17,"{'x': 898.4082810604733, 'y': 215.96824258973822, 'elapsedTime': 22027.899999999907}",2573746491,14457462935,POINT (0.4679209797189965 0.1999705949904984),,,,,,,,,,,,,,,,,,,,,,,,,,,,,,1,,
0,30,17,"{'x': 898.4082810604733, 'y': 215.96824258973822, 'elapsedTime': 22027.899999999907}",2573763159,14457479602,POINT (0.4679209797189965 0.1999705949904984),,,,,,,,,,,,,,,,,,,,,,,,,,,,,,1,,
0,30,17,"{'x': 876.5379727243926, 'y': 209.70716303925067, 'elapsedTime': 22072.399999999907}",2573779825,14457496268,POINT (0.4565301941272878 0.1941732991104173),,,,,,,,,,,,,,,,,,,,,,,,,,,,,,1,,
0,30,17,"{'x': 876.5379727243926, 'y': 209.70716303925067, 'elapsedTime': 22072.399999999907}",2573796493,14457512935,POINT (0.4565301941272878 0.1941732991104173),,,,,,,,,,,,,,,,,,,,,,,,,,,,,,1,,
0,30,17,"{'x': 876.5379727243926, 'y': 209.70716303925067, 'elapsedTime': 22072.399999999907}",2573813160,14457529602,POINT (0.4565301941272878 0.1941732991104173),,,,,,,,,,,,,,,,,,,,,,,,,,,,,,1,,
0,30,17,"{'x': 876.5379727243926, 'y': 209.70716303925067, 'elapsedTime': 22072.399999999907}",2573829828,14457546269,POINT (0.4565301941272878 0.1941732991104173),,,,,,,,,,,,,,,,,,,,,,,,,,,,,,1,,
0,30,17,"{'x': 871.8017975929574, 'y': 222.25817678435646, 'elapsedTime': 22115.099999999627}",2573846495,14457562935,POINT (0.454063436246332 0.2057946081336634),,,,,,,,,,,,,,,,,,,,,,,,,,,,,,,,
0,30,17,"{'x': 871.8017975929574, 'y': 222.25817678435646, 'elapsedTime': 22115.099999999627}",2573863162,14457579601,POINT (0.454063436246332 0.2057946081336634),,,,,,,,,,,,,,,,,,,,,,,,,,,,,,,,
0,30,17,"{'x': 889.9503386589037, 'y': 251.54585834608662, 'elapsedTime': 22167.69999999972}",2573879833,14457596272,POINT (0.4635158013848457 0.2329128318019321),,,,,,,,,,,,,,,,,,,,,,,,,,,,,,1,1,
0,30,17,"{'x': 889.9503386589037, 'y': 251.54585834608662, 'elapsedTime': 22167.69999999972}",2573896500,14457612938,POINT (0.4635158013848457 0.2329128318019321),,,,,,,,,,,,,,,,,,,,,,,,,,,,,,1,1,
0,30,17,"{'x': 889.9503386589037, 'y': 251.54585834608662, 'elapsedTime': 22167.69999999972}",2573913166,14457629604,POINT (0.4635158013848457 0.2329128318019321),,,,,,,,,,,,,,,,,,,,,,,,,,,,,,1,1,
0,30,17,"{'x': 926.0493154281528, 'y': 242.92616296693376, 'elapsedTime': 22213.899999999907}",2573929835,14457646272,POINT (0.4823173517854962 0.2249316323767905),,,,,,,,,,,,,,,,,,,,,,,,,,,,,,,1,
0,30,17,"{'x': 926.0493154281528, 'y': 242.92616296693376, 'elapsedTime': 22213.899999999907}",2573946501,14457662938,POINT (0.4823173517854962 0.2249316323767905),,,,,,,,,,,,,,,,,,,,,,,,,,,,,,,1,
0,30,17,"{'x': 926.0493154281528, 'y': 242.92616296693376, 'elapsedTime': 22213.899999999907}",2573963169,14457679605,POINT (0.4823173517854962 0.2249316323767905),,,,,,,,,,,,,,,,,,,,,,,,,,,,,,,1,
0,30,17,"{'x': 929.4031561327681, 'y': 261.508676032824, 'elapsedTime': 22259.399999999907}",2573979836,14457696272,POINT (0.4840641438191501 0.2421376629933555),,,,,,,,,,,,,,,,,,,,,,,,,,,,,,1,1,
0,30,17,"{'x': 929.4031561327681, 'y': 261.508676032824, 'elapsedTime': 22259.399999999907}",2573996503,14457712938,POINT (0.4840641438191501 0.2421376629933555),,,,,,,,,,,,,,,,,,,,,,,,,,,,,,1,1,
0,30,17,"{'x': 929.4031561327681, 'y': 261.508676032824, 'elapsedTime': 22259.399999999907}",2574013178,14457729613,POINT (0.4840641438191501 0.2421376629933555),,,,,,,,,,,,,,,,,,,,,,,,,,,,,,1,1,
0,30,17,"{'x': 929.4031561327681, 'y': 261.508676032824, 'elapsedTime': 22259.399999999907}",2574029853,14457746287,POINT (0.4840641438191501 0.2421376629933555),,,,,,,,,,,,,,,,,,,,,,,,,,,,,,1,1,
0,30,17,"{'x': 893.2712758816045, 'y': 295.87419284647, 'elapsedTime': 22302.799999999814}",2574046521,14457762955,POINT (0.4652454561883357 0.2739575859689537),,,,,,,,,,,,,,,,,,,,,,,,,,,,,,1,1,
0,30,17,"{'x': 893.2712758816045, 'y': 295.87419284647, 'elapsedTime': 22302.799999999814}",2574063188,14457779621,POINT (0.4652454561883357 0.2739575859689537),,,,,,,,,,,,,,,,,,,,,,,,,,,,,,1,1,
0,30,17,"{'x': 893.2712758816045, 'y': 295.87419284647, 'elapsedTime': 22302.799999999814}",2574079855,14457796288,POINT (0.4652454561883357 0.2739575859689537),,,,,,,,,,,,,,,,,,,,,,,,,,,,,,1,1,
0,30,17,"{'x': 882.4189603357559, 'y': 271.7339723245731, 'elapsedTime': 22378.099999999627}",2574096515,14457812947,POINT (0.4595932085082062 0.2516055299301603),,,,,,,,,,,,,,,,,,,,,,,,,,,,,,1,1,
0,30,17,"{'x': 882.4189603357559, 'y': 271.7339723245731, 'elapsedTime': 22378.099999999627}",2574113181,14457829613,POINT (0.4595932085082062 0.2516055299301603),,,,,,,,,,,,,,,,,,,,,,,,,,,,,,1,1,
0,30,17,"{'x': 853.3423174745592, 'y': 262.36270625502993, 'elapsedTime': 22425.5}",2574129849,14457846280,POINT (0.4444491236846663 0.2429284317176203),,,,,,,,,,,,,,,,,,,,,,,,,,,,,,1,1,
0,30,17,"{'x': 853.3423174745592, 'y': 262.36270625502993, 'elapsedTime': 22425.5}",2574146517,14457862948,POINT (0.4444491236846663 0.2429284317176203),,,,,,,,,,,,,,,,,,,,,,,,,,,,,,1,1,
0,30,17,"{'x': 853.3423174745592, 'y': 262.36270625502993, 'elapsedTime': 22425.5}",2574163185,14457879615,POINT (0.4444491236846663 0.2429284317176203),,,,,,,,,,,,,,,,,,,,,,,,,,,,,,1,1,
0,30,17,"{'x': 853.3423174745592, 'y': 262.36270625502993, 'elapsedTime': 22425.5}",2574179852,14457896281,POINT (0.4444491236846663 0.2429284317176203),,,,,,,,,,,,,,,,,,,,,,,,,,,,,,1,1,
0,30,17,"{'x': 770.3347950007402, 'y': 352.07861588970866, 'elapsedTime': 22465.899999999907}",2574196520,14457912948,POINT (0.4012160390628855 0.3259987184163969),,,,,,,,,,,,,,,,,,,,,,,,,,,,,,,1,
0,30,17,"{'x': 770.3347950007402, 'y': 352.07861588970866, 'elapsedTime': 22465.899999999907}",2574213187,14457929615,POINT (0.4012160390628855 0.3259987184163969),,,,,,,,,,,,,,,,,,,,,,,,,,,,,,,1,
0,30,17,"{'x': 695.9580897399288, 'y': 389.77631985088885, 'elapsedTime': 22507.599999999627}",2574229854,14457946281,POINT (0.3624781717395463 0.3609039998619341),,,,,,,,,,,,,,,,,,,,,,,,,,,,,,,,
0,30,17,"{'x': 695.9580897399288, 'y': 389.77631985088885, 'elapsedTime': 22507.599999999627}",2574246521,14457962948,POINT (0.3624781717395463 0.3609039998619341),,,,,,,,,,,,,,,,,,,,,,,,,,,,,,,,
0,30,17,"{'x': 641.0373651600028, 'y': 348.95511441830195, 'elapsedTime': 22552.5}",2574263188,14457979614,POINT (0.3338736276875014 0.3231065874243537),,,,,,,,,,,,,,,,,,,,,,,,,,,,,,,,
0,30,17,"{'x': 641.0373651600028, 'y': 348.95511441830195, 'elapsedTime': 22552.5}",2574279861,14457996287,POINT (0.3338736276875014 0.3231065874243537),,,,,,,,,,,,,,,,,,,,,,,,,,,,,,,,
0,30,17,"{'x': 620.1763946565924, 'y': 418.63610406084933, 'elapsedTime': 22594.099999999627}",2574296528,14458012953,POINT (0.3230085388836418 0.3876260222785642),,,,,,,,,,,,,,,,,,,,,,,,,,,,,,,,
0,30,17,"{'x': 620.1763946565924, 'y': 418.63610406084933, 'elapsedTime': 22594.099999999627}",2574313196,14458029621,POINT (0.3230085388836418 0.3876260222785642),,,,,,,,,,,,,,,,,,,,,,,,,,,,,,,,
0,30,17,"{'x': 620.1763946565924, 'y': 418.63610406084933, 'elapsedTime': 22594.099999999627}",2574329863,14458046287,POINT (0.3230085388836418 0.3876260222785642),,,,,,,,,,,,,,,,,,,,,,,,,,,,,,,,
0,30,17,"{'x': 620.1763946565924, 'y': 418.63610406084933, 'elapsedTime': 22594.099999999627}",2574346529,14458062953,POINT (0.3230085388836418 0.3876260222785642),,,,,,,,,,,,,,,,,,,,,,,,,,,,,,,,
0,30,17,"{'x': 615.9903909297548, 'y': 432.17155979348684, 'elapsedTime': 22636.69999999972}",2574363197,14458079620,POINT (0.3208283286092473 0.400158851660636),,,,,,,,,,,,,,,,,,,,,,,,,,,,,,,,
0,30,17,"{'x': 615.9903909297548, 'y': 432.17155979348684, 'elapsedTime': 22636.69999999972}",2574379864,14458096287,POINT (0.3208283286092473 0.400158851660636),,,,,,,,,,,,,,,,,,,,,,,,,,,,,,,,
0,30,17,"{'x': 645.2340667892597, 'y': 460.2406815352628, 'elapsedTime': 22679.899999999907}",2574396533,14458112955,POINT (0.3360594097860728 0.4261487791993174),,,,,,,,,,,,,,,,,,,,,,,,,,,,,,,,
0,30,17,"{'x': 645.2340667892597, 'y': 460.2406815352628, 'elapsedTime': 22679.899999999907}",2574413200,14458129622,POINT (0.3360594097860728 0.4261487791993174),,,,,,,,,,,,,,,,,,,,,,,,,,,,,,,,
0,30,17,"{'x': 653.5743125010541, 'y': 405.4330519200318, 'elapsedTime': 22725.19999999972}",2574429868,14458146289,POINT (0.3404032877609657 0.3754009740000294),,,,,,,,,,,,,,,,,,,,,,,,,,,,,,,,
0,30,17,"{'x': 653.5743125010541, 'y': 405.4330519200318, 'elapsedTime': 22725.19999999972}",2574446535,14458162956,POINT (0.3404032877609657 0.3754009740000294),,,,,,,,,,,,,,,,,,,,,,,,,,,,,,,,
0,30,17,"{'x': 653.5743125010541, 'y': 405.4330519200318, 'elapsedTime': 22725.19999999972}",2574463203,14458179623,POINT (0.3404032877609657 0.3754009740000294),,,,,,,,,,,,,,,,,,,,,,,,,,,,,,,,
0,30,17,"{'x': 690.630818511849, 'y': 400.87735964284354, 'elapsedTime': 22768.5}",2574479869,14458196289,POINT (0.3597035513082547 0.3711827404100404),,,,,,,,,,,,,,,,,,,,,,,,,,,,,,,,
0,30,17,"{'x': 690.630818511849, 'y': 400.87735964284354, 'elapsedTime': 22768.5}",2574496537,14458212956,POINT (0.3597035513082547 0.3711827404100404),,,,,,,,,,,,,,,,,,,,,,,,,,,,,,,,
0,30,17,"{'x': 690.630818511849, 'y': 400.87735964284354, 'elapsedTime': 22768.5}",2574513204,14458229622,POINT (0.3597035513082547 0.3711827404100404),,,,,,,,,,,,,,,,,,,,,,,,,,,,,,,,
0,30,17,"{'x': 716.8898827788304, 'y': 394.98161006077936, 'elapsedTime': 22809.69999999972}",2574529879,14458246296,POINT (0.3733801472806408 0.3657237130192402),,,,,,,,,,,,,,,,,,,,,,,,,,,,,,,,
0,30,17,"{'x': 716.8898827788304, 'y': 394.98161006077936, 'elapsedTime': 22809.69999999972}",2574546546,14458262963,POINT (0.3733801472806408 0.3657237130192402),,,,,,,,,,,,,,,,,,,,,,,,,,,,,,,,
0,30,17,"{'x': 717.9657835800543, 'y': 368.7642754243167, 'elapsedTime': 22852.599999999627}",2574563213,14458279629,POINT (0.3739405122812783 0.3414484031706636),,,,,,,,,,,,,,,,,,,,,,,,,,,,,,,,
0,30,17,"{'x': 717.9657835800543, 'y': 368.7642754243167, 'elapsedTime': 22852.599999999627}",2574579880,14458296296,POINT (0.3739405122812783 0.3414484031706636),,,,,,,,,,,,,,,,,,,,,,,,,,,,,,,,
0,30,17,"{'x': 747.3688988849779, 'y': 357.1210044475348, 'elapsedTime': 22893.599999999627}",2574596547,14458312962,POINT (0.389254634835926 0.3306675967106804),,,,,,,,,,,,,,,,,,1,,,,,,,,,,,,,1,
0,30,17,"{'x': 747.3688988849779, 'y': 357.1210044475348, 'elapsedTime': 22893.599999999627}",2574613214,14458329629,POINT (0.389254634835926 0.3306675967106804),,,,,,,,,,,,,,,,,,1,,,,,,,,,,,,,1,
0,30,17,"{'x': 747.3688988849779, 'y': 357.1210044475348, 'elapsedTime': 22893.599999999627}",2574629882,14458346296,POINT (0.389254634835926 0.3306675967106804),,,,,,,,,,,,,,,,,,1,,,,,,,,,,,,,1,
0,30,17,"{'x': 767.0772180742688, 'y': 342.659849169201, 'elapsedTime': 22939.399999999907}",2574646549,14458362963,POINT (0.3995193844136817 0.3172776381196306),,,,,,,,,,,,,,,,,,,,,,,,,,,,,,,1,
0,30,17,"{'x': 767.0772180742688, 'y': 342.659849169201, 'elapsedTime': 22939.399999999907}",2574663219,14458379632,POINT (0.3995193844136817 0.3172776381196306),,,,,,,,,,,,,,,,,,,,,,,,,,,,,,,1,
0,30,17,"{'x': 767.0772180742688, 'y': 342.659849169201, 'elapsedTime': 22939.399999999907}",2574679886,14458396299,POINT (0.3995193844136817 0.3172776381196306),,,,,,,,,,,,,,,,,,,,,,,,,,,,,,,1,
0,30,17,"{'x': 780.1481675293205, 'y': 385.1282473509707, 'elapsedTime': 22981.899999999907}",2574696554,14458412966,POINT (0.4063271705881878 0.3566002290286766),,,,,,,,,,,,,,,,,,,,,,,,,,,,,,,,
0,30,17,"{'x': 780.1481675293205, 'y': 385.1282473509707, 'elapsedTime': 22981.899999999907}",2574713220,14458429632,POINT (0.4063271705881878 0.3566002290286766),,,,,,,,,,,,,,,,,,,,,,,,,,,,,,,,
0,30,17,"{'x': 780.1481675293205, 'y': 385.1282473509707, 'elapsedTime': 22981.899999999907}",2574729888,14458446299,POINT (0.4063271705881878 0.3566002290286766),,,,,,,,,,,,,,,,,,,,,,,,,,,,,,,,
0,30,17,"{'x': 783.9228352931732, 'y': 466.2411794180235, 'elapsedTime': 23027.599999999627}",2574746555,14458462965,POINT (0.408293143381861 0.4317047957574292),,,,,,,,,,,,,,,,,,,,,,,,,,,,,,,,
0,30,17,"{'x': 783.9228352931732, 'y': 466.2411794180235, 'elapsedTime': 23027.599999999627}",2574763222,14458479632,POINT (0.408293143381861 0.4317047957574292),,,,,,,,,,,,,,,,,,,,,,,,,,,,,,,,
0,30,17,"{'x': 783.9228352931732, 'y': 466.2411794180235, 'elapsedTime': 23027.599999999627}",2574779890,14458496299,POINT (0.408293143381861 0.4317047957574292),,,,,,,,,,,,,,,,,,,,,,,,,,,,,,,,
0,30,17,"{'x': 779.6938705176747, 'y': 462.15378037659383, 'elapsedTime': 23077.099999999627}",2574796562,14458512971,POINT (0.4060905575612889 0.4279201670153647),,,,,,,,,,,,,,,,,,,,,,,,,,,,,,,,
0,30,17,"{'x': 779.6938705176747, 'y': 462.15378037659383, 'elapsedTime': 23077.099999999627}",2574813230,14458529638,POINT (0.4060905575612889 0.4279201670153647),,,,,,,,,,,,,,,,,,,,,,,,,,,,,,,,
0,30,17,"{'x': 797.5227219177417, 'y': 505.226805515781, 'elapsedTime': 23123.599999999627}",2574829897,14458546305,POINT (0.4153764176654905 0.4678025976997972),,,,,,,,,,,,,,,,,,,,,,,,,,,,,,,,
0,30,17,"{'x': 797.5227219177417, 'y': 505.226805515781, 'elapsedTime': 23123.599999999627}",2574846565,14458562972,POINT (0.4153764176654905 0.4678025976997972),,,,,,,,,,,,,,,,,,,,,,,,,,,,,,,,
0,30,17,"{'x': 797.5227219177417, 'y': 505.226805515781, 'elapsedTime': 23123.599999999627}",2574863232,14458579638,POINT (0.4153764176654905 0.4678025976997972),,,,,,,,,,,,,,,,,,,,,,,,,,,,,,,,
0,30,17,"{'x': 817.2862670435471, 'y': 549.7052769183374, 'elapsedTime': 23168}",2574879898,14458596304,POINT (0.4256699307518474 0.5089863675169791),,,,,,,,,,,,,,,,,,,,,,,,,,,,,,,1,
0,30,17,"{'x': 817.2862670435471, 'y': 549.7052769183374, 'elapsedTime': 23168}",2574896566,14458612971,POINT (0.4256699307518474 0.5089863675169791),,,,,,,,,,,,,,,,,,,,,,,,,,,,,,,1,
0,30,17,"{'x': 796.3495575910499, 'y': 546.6880217430197, 'elapsedTime': 23211.399999999907}",2574913233,14458629638,POINT (0.4147653945786718 0.5061926127250183),,,,,,,,,,,,,,,,,,,,,,,,,,,,,,,1,
0,30,17,"{'x': 796.3495575910499, 'y': 546.6880217430197, 'elapsedTime': 23211.399999999907}",2574929906,14458646310,POINT (0.4147653945786718 0.5061926127250183),,,,,,,,,,,,,,,,,,,,,,,,,,,,,,,1,
0,30,17,"{'x': 796.3495575910499, 'y': 546.6880217430197, 'elapsedTime': 23211.399999999907}",2574946573,14458662977,POINT (0.4147653945786718 0.5061926127250183),,,,,,,,,,,,,,,,,,,,,,,,,,,,,,,1,
0,30,17,"{'x': 795.0455307197255, 'y': 553.5950892761605, 'elapsedTime': 23251.399999999907}",2574963240,14458679643,POINT (0.4140862139165237 0.5125880456260745),,,,,,,,,,,,,,,,,,,,,,,,,,,,,,,1,
0,30,17,"{'x': 795.0455307197255, 'y': 553.5950892761605, 'elapsedTime': 23251.399999999907}",2574979907,14458696310,POINT (0.4140862139165237 0.5125880456260745),,,,,,,,,,,,,,,,,,,,,,,,,,,,,,,1,
0,30,17,"{'x': 795.0455307197255, 'y': 553.5950892761605, 'elapsedTime': 23251.399999999907}",2574996575,14458712977,POINT (0.4140862139165237 0.5125880456260745),,,,,,,,,,,,,,,,,,,,,,,,,,,,,,,1,
0,30,17,"{'x': 795.0455307197255, 'y': 553.5950892761605, 'elapsedTime': 23251.399999999907}",2575013241,14458729643,POINT (0.4140862139165237 0.5125880456260745),,,,,,,,,,,,,,,,,,,,,,,,,,,,,,,1,
0,30,17,"{'x': 767.7580397531405, 'y': 573.5263918427747, 'elapsedTime': 23293.69999999972}",2575029909,14458746310,POINT (0.399873979038094 0.5310429554099766),,,,,,,,,,,,,,,,,,,,,,,,,,,,,,,1,
0,30,17,"{'x': 767.7580397531405, 'y': 573.5263918427747, 'elapsedTime': 23293.69999999972}",2575046576,14458762976,POINT (0.399873979038094 0.5310429554099766),,,,,,,,,,,,,,,,,,,,,,,,,,,,,,,1,
0,30,17,"{'x': 767.7580397531405, 'y': 573.5263918427747, 'elapsedTime': 23293.69999999972}",2575063247,14458779647,POINT (0.399873979038094 0.5310429554099766),,,,,,,,,,,,,,,,,,,,,,,,,,,,,,,1,
0,30,17,"{'x': 740.99355297339, 'y': 544.7654704844331, 'elapsedTime': 23355.799999999814}",2575079915,14458796314,POINT (0.3859341421736406 0.5044124726707714),,,,,,,,,,,,,,,,,,,,,,,,,,,,,,,1,
0,30,17,"{'x': 740.99355297339, 'y': 544.7654704844331, 'elapsedTime': 23355.799999999814}",2575096581,14458812980,POINT (0.3859341421736406 0.5044124726707714),,,,,,,,,,,,,,,,,,,,,,,,,,,,,,,1,
0,30,17,"{'x': 705.5164721610975, 'y': 505.68331880477547, 'elapsedTime': 23400.599999999627}",2575113249,14458829647,POINT (0.3674564959172383 0.4682252951896069),,,,,,,,,,,,,,,,,,,,,,,,,,,,,,,,
0,30,17,"{'x': 705.5164721610975, 'y': 505.68331880477547, 'elapsedTime': 23400.599999999627}",2575129916,14458846314,POINT (0.3674564959172383 0.4682252951896069),,,,,,,,,,,,,,,,,,,,,,,,,,,,,,,,
0,30,17,"{'x': 638.7305960708784, 'y': 513.0273018639991, 'elapsedTime': 23440.599999999627}",2575146583,14458862980,POINT (0.3326721854535825 0.4750252795037029),,,,,,,,,,,,,,,,,,,,,,,,,,,,,,,,
0,30,17,"{'x': 638.7305960708784, 'y': 513.0273018639991, 'elapsedTime': 23440.599999999627}",2575163258,14458879655,POINT (0.3326721854535825 0.4750252795037029),,,,,,,,,,,,,,,,,,,,,,,,,,,,,,,,
0,30,17,"{'x': 638.7305960708784, 'y': 513.0273018639991, 'elapsedTime': 23440.599999999627}",2575179926,14458896321,POINT (0.3326721854535825 0.4750252795037029),,,,,,,,,,,,,,,,,,,,,,,,,,,,,,,,
0,30,17,"{'x': 667.290359371173, 'y': 550.7114880624237, 'elapsedTime': 23482.399999999907}",2575196588,14458912983,POINT (0.347547062172486 0.5099180445022441),,,,,,,,,,,,,,,,,,,,,,,,,,,,,,,1,
0,30,17,"{'x': 667.290359371173, 'y': 550.7114880624237, 'elapsedTime': 23482.399999999907}",2575213265,14458929659,POINT (0.347547062172486 0.5099180445022441),,,,,,,,,,,,,,,,,,,,,,,,,,,,,,,1,
0,30,17,"{'x': 736.7802237026765, 'y': 499.98438598607896, 'elapsedTime': 23525.69999999972}",2575229931,14458946325,POINT (0.383739699845144 0.4629485055426657),,,,,,,,,,,,,,,,,,,,,,,,,,,,,,,,
0,30,17,"{'x': 736.7802237026765, 'y': 499.98438598607896, 'elapsedTime': 23525.69999999972}",2575246591,14458962984,POINT (0.383739699845144 0.4629485055426657),,,,,,,,,,,,,,,,,,,,,,,,,,,,,,,,
0,30,17,"{'x': 736.7802237026765, 'y': 499.98438598607896, 'elapsedTime': 23525.69999999972}",2575263258,14458979651,POINT (0.383739699845144 0.4629485055426657),,,,,,,,,,,,,,,,,,,,,,,,,,,,,,,,
0,30,17,"{'x': 707.5777635638519, 'y': 504.1130749873094, 'elapsedTime': 23568.899999999907}",2575279926,14458996318,POINT (0.3685300851895062 0.4667713657289902),,,,,,,,,,,,,,,,,,,,,,,,,,,,,,,,
0,30,17,"{'x': 707.5777635638519, 'y': 504.1130749873094, 'elapsedTime': 23568.899999999907}",2575296591,14459012983,POINT (0.3685300851895062 0.4667713657289902),,,,,,,,,,,,,,,,,,,,,,,,,,,,,,,,
0,30,17,"{'x': 707.5777635638519, 'y': 504.1130749873094, 'elapsedTime': 23568.899999999907}",2575313264,14459029655,POINT (0.3685300851895062 0.4667713657289902),,,,,,,,,,,,,,,,,,,,,,,,,,,,,,,,
0,30,17,"{'x': 664.044056300359, 'y': 528.1262243582767, 'elapsedTime': 23612.299999999814}",2575329930,14459046321,POINT (0.3458562793231036 0.4890057632947006),,,,,,,,,,,,,,,,,,,,,,,,,,,,,,,,
0,30,17,"{'x': 664.044056300359, 'y': 528.1262243582767, 'elapsedTime': 23612.299999999814}",2575346599,14459062989,POINT (0.3458562793231036 0.4890057632947006),,,,,,,,,,,,,,,,,,,,,,,,,,,,,,,,
0,30,17,"{'x': 664.044056300359, 'y': 528.1262243582767, 'elapsedTime': 23612.299999999814}",2575363265,14459079655,POINT (0.3458562793231036 0.4890057632947006),,,,,,,,,,,,,,,,,,,,,,,,,,,,,,,,
0,30,17,"{'x': 630.8264120940959, 'y': 539.3841298985257, 'elapsedTime': 23658.399999999907}",2575379933,14459096322,POINT (0.3285554229656749 0.4994297499060423),,,,,,,,,,,,,,,,,,,,,,,,,,,,,,,,
0,30,17,"{'x': 630.8264120940959, 'y': 539.3841298985257, 'elapsedTime': 23658.399999999907}",2575396600,14459112989,POINT (0.3285554229656749 0.4994297499060423),,,,,,,,,,,,,,,,,,,,,,,,,,,,,,,,
0,30,17,"{'x': 630.8264120940959, 'y': 539.3841298985257, 'elapsedTime': 23658.399999999907}",2575413268,14459129656,POINT (0.3285554229656749 0.4994297499060423),,,,,,,,,,,,,,,,,,,,,,,,,,,,,,,,
0,30,17,"{'x': 572.5087078815245, 'y': 501.70321554988317, 'elapsedTime': 23708.399999999907}",2575429934,14459146322,POINT (0.298181618688294 0.46454001439804),,,,,,,,,,,,,,,,,,,,,,,,,,,,,,,,
0,30,17,"{'x': 572.5087078815245, 'y': 501.70321554988317, 'elapsedTime': 23708.399999999907}",2575446607,14459162994,POINT (0.298181618688294 0.46454001439804),,,,,,,,,,,,,,,,,,,,,,,,,,,,,,,,
0,30,17,"{'x': 577.5311750799141, 'y': 524.1027209996329, 'elapsedTime': 23754.5}",2575463273,14459179660,POINT (0.3007974870207886 0.4852802972218823),,,,,,,,,,,,,,,,,,,,,,,,,,,,,,,,
0,30,17,"{'x': 577.5311750799141, 'y': 524.1027209996329, 'elapsedTime': 23754.5}",2575479942,14459196328,POINT (0.3007974870207886 0.4852802972218823),,,,,,,,,,,,,,,,,,,,,,,,,,,,,,,,
0,30,17,"{'x': 577.5311750799141, 'y': 524.1027209996329, 'elapsedTime': 23754.5}",2575496609,14459212994,POINT (0.3007974870207886 0.4852802972218823),,,,,,,,,,,,,,,,,,,,,,,,,,,,,,,,
0,30,17,"{'x': 533.2571062759353, 'y': 487.3212119971971, 'elapsedTime': 23799.69999999972}",2575513276,14459229660,POINT (0.2777380761853829 0.4512233444418492),,,,,,,,,,,,,,,,,,,,,,,,,,,,,,,,
0,30,17,"{'x': 533.2571062759353, 'y': 487.3212119971971, 'elapsedTime': 23799.69999999972}",2575529943,14459246327,POINT (0.2777380761853829 0.4512233444418492),,,,,,,,,,,,,,,,,,,,,,,,,,,,,,,,
0,30,17,"{'x': 533.2571062759353, 'y': 487.3212119971971, 'elapsedTime': 23799.69999999972}",2575546611,14459262994,POINT (0.2777380761853829 0.4512233444418492),,,,,,,,,,,,,,,,,,,,,,,,,,,,,,,,
0,30,17,"{'x': 522.031802335521, 'y': 478.0803903272337, 'elapsedTime': 23845.599999999627}",2575563278,14459279661,POINT (0.2718915637164172 0.442667028080772),,,,,,,,,,,,,,,,,,,,,,,,,,,,,,,,
0,30,17,"{'x': 522.031802335521, 'y': 478.0803903272337, 'elapsedTime': 23845.599999999627}",2575579948,14459296330,POINT (0.2718915637164172 0.442667028080772),,,,,,,,,,,,,,,,,,,,,,,,,,,,,,,,
0,30,17,"{'x': 522.031802335521, 'y': 478.0803903272337, 'elapsedTime': 23845.599999999627}",2575596614,14459312996,POINT (0.2718915637164172 0.442667028080772),,,,,,,,,,,,,,,,,,,,,,,,,,,,,,,,
0,30,17,"{'x': 547.2277419761846, 'y': 492.90719989462525, 'elapsedTime': 23894.799999999814}",2575613281,14459329662,POINT (0.2850144489459295 0.4563955554579863),,,,,,,,,,,,,,,,,,,,,,,,,,,,,,,,
0,30,17,"{'x': 547.2277419761846, 'y': 492.90719989462525, 'elapsedTime': 23894.799999999814}",2575629948,14459346329,POINT (0.2850144489459295 0.4563955554579863),,,,,,,,,,,,,,,,,,,,,,,,,,,,,,,,
0,30,17,"{'x': 547.2277419761846, 'y': 492.90719989462525, 'elapsedTime': 23894.799999999814}",2575646616,14459362996,POINT (0.2850144489459295 0.4563955554579863),,,,,,,,,,,,,,,,,,,,,,,,,,,,,,,,
0,30,17,"{'x': 563.9694803480483, 'y': 447.9336750609699, 'elapsedTime': 23945.299999999814}",2575663282,14459379662,POINT (0.2937341043479418 0.4147534028342314),,,,,,,,,,,,,,,,,,,,,,,,,,,,,,,,
0,30,17,"{'x': 563.9694803480483, 'y': 447.9336750609699, 'elapsedTime': 23945.299999999814}",2575679950,14459396329,POINT (0.2937341043479418 0.4147534028342314),,,,,,,,,,,,,,,,,,,,,,,,,,,,,,,,
0,30,17,"{'x': 563.9694803480483, 'y': 447.9336750609699, 'elapsedTime': 23945.299999999814}",2575696618,14459412996,POINT (0.2937341043479418 0.4147534028342314),,,,,,,,,,,,,,,,,,,,,,,,,,,,,,,,
0,30,17,"{'x': 579.318872804442, 'y': 450.727610180134, 'elapsedTime': 23990.19999999972}",2575713293,14459429671,POINT (0.3017285795856469 0.4173403797964204),,,,,,,,,,,,,,,,,,,,,,,,,,,,,,,,
0,30,17,"{'x': 579.318872804442, 'y': 450.727610180134, 'elapsedTime': 23990.19999999972}",2575729960,14459446337,POINT (0.3017285795856469 0.4173403797964204),,,,,,,,,,,,,,,,,,,,,,,,,,,,,,,,
0,30,17,"{'x': 579.9060307430635, 'y': 417.9114743304718, 'elapsedTime': 24037.5}",2575746627,14459463004,POINT (0.3020343910120122 0.3869550688245109),,,,,,,,,,,,,,,,,,,,,,,,,,,,,,,,
0,30,17,"{'x': 579.9060307430635, 'y': 417.9114743304718, 'elapsedTime': 24037.5}",2575763295,14459479671,POINT (0.3020343910120122 0.3869550688245109),,,,,,,,,,,,,,,,,,,,,,,,,,,,,,,,
0,30,17,"{'x': 579.9060307430635, 'y': 417.9114743304718, 'elapsedTime': 24037.5}",2575779961,14459496337,POINT (0.3020343910120122 0.3869550688245109),,,,,,,,,,,,,,,,,,,,,,,,,,,,,,,,
0,30,17,"{'x': 635.5989328592897, 'y': 389.1844784598622, 'elapsedTime': 24078.19999999972}",2575796629,14459513004,POINT (0.3310411108642134 0.3603559985739465),,,,,,,,,,,,,,,,,,,,,,,,,,,,,,,,
0,30,17,"{'x': 635.5989328592897, 'y': 389.1844784598622, 'elapsedTime': 24078.19999999972}",2575813296,14459529671,POINT (0.3310411108642134 0.3603559985739465),,,,,,,,,,,,,,,,,,,,,,,,,,,,,,,,
0,30,17,"{'x': 670.7873082161735, 'y': 386.8856063717151, 'elapsedTime': 24119.5}",2575829963,14459546337,POINT (0.3493683896959237 0.3582274133071436),,,,,,,,,,,,,,,,,,,,,,,,,,,,,,,,
0,30,17,"{'x': 670.7873082161735, 'y': 386.8856063717151, 'elapsedTime': 24119.5}",2575846633,14459563006,POINT (0.3493683896959237 0.3582274133071436),,,,,,,,,,,,,,,,,,,,,,,,,,,,,,,,
0,30,17,"{'x': 670.7873082161735, 'y': 386.8856063717151, 'elapsedTime': 24119.5}",2575863299,14459579672,POINT (0.3493683896959237 0.3582274133071436),,,,,,,,,,,,,,,,,,,,,,,,,,,,,,,,
0,30,17,"{'x': 670.7873082161735, 'y': 386.8856063717151, 'elapsedTime': 24119.5}",2575879967,14459596339,POINT (0.3493683896959237 0.3582274133071436),,,,,,,,,,,,,,,,,,,,,,,,,,,,,,,,
0,30,17,"{'x': 699.5801248795744, 'y': 419.3991078991639, 'elapsedTime': 24165.599999999627}",2575896634,14459613006,POINT (0.3643646483747783 0.3883325073140406),,,,,,,,,,,,,,,,,,,,,,,,,,,,,,,,
0,30,17,"{'x': 699.5801248795744, 'y': 419.3991078991639, 'elapsedTime': 24165.599999999627}",2575913301,14459629672,POINT (0.3643646483747783 0.3883325073140406),,,,,,,,,,,,,,,,,,,,,,,,,,,,,,,,
0,30,17,"{'x': 716.6728682382544, 'y': 369.2999152662012, 'elapsedTime': 24219.5}",2575929968,14459646339,POINT (0.3732671188740909 0.3419443659872233),,,,,,,,,,,,,,,,,,,,,,,,,,,,,,,,
0,30,17,"{'x': 716.6728682382544, 'y': 369.2999152662012, 'elapsedTime': 24219.5}",2575946636,14459663006,POINT (0.3732671188740909 0.3419443659872233),,,,,,,,,,,,,,,,,,,,,,,,,,,,,,,,
0,30,17,"{'x': 716.6728682382544, 'y': 369.2999152662012, 'elapsedTime': 24219.5}",2575963303,14459679673,POINT (0.3732671188740909 0.3419443659872233),,,,,,,,,,,,,,,,,,,,,,,,,,,,,,,,
0,30,17,"{'x': 766.4222565044589, 'y': 371.76119426008233, 'elapsedTime': 24260.69999999972}",2575979976,14459696345,POINT (0.3991782585960724 0.3442233280185947),,,,,,,,,,,,,,,,,,1,,,,,,,,,,,,,,
0,30,17,"{'x': 766.4222565044589, 'y': 371.76119426008233, 'elapsedTime': 24260.69999999972}",2575996643,14459713011,POINT (0.3991782585960724 0.3442233280185947),,,,,,,,,,,,,,,,,,1,,,,,,,,,,,,,,
0,30,17,"{'x': 789.1572780534603, 'y': 389.3063147816492, 'elapsedTime': 24303.099999999627}",2576013310,14459729678,POINT (0.4110194156528439 0.3604688099830085),,,,,,,,,,,,,,,,,,,,,,,,,,,,,,,,
0,30,17,"{'x': 789.1572780534603, 'y': 389.3063147816492, 'elapsedTime': 24303.099999999627}",2576029978,14459746345,POINT (0.4110194156528439 0.3604688099830085),,,,,,,,,,,,,,,,,,,,,,,,,,,,,,,,
0,30,17,"{'x': 789.1572780534603, 'y': 389.3063147816492, 'elapsedTime': 24303.099999999627}",2576046644,14459763011,POINT (0.4110194156528439 0.3604688099830085),,,,,,,,,,,,,,,,,,,,,,,,,,,,,,,,
0,30,17,"{'x': 867.3539393628528, 'y': 417.33845029760715, 'elapsedTime': 24347}",2576063313,14459779679,POINT (0.4517468434181525 0.3864244910163029),,,,,,,,,,,,,,,,,,,,,,,,,,,,,,,,
0,30,17,"{'x': 867.3539393628528, 'y': 417.33845029760715, 'elapsedTime': 24347}",2576079979,14459796345,POINT (0.4517468434181525 0.3864244910163029),,,,,,,,,,,,,,,,,,,,,,,,,,,,,,,,
0,30,17,"{'x': 867.3539393628528, 'y': 417.33845029760715, 'elapsedTime': 24347}",2576096647,14459813012,POINT (0.4517468434181525 0.3864244910163029),,,,,,,,,,,,,,,,,,,,,,,,,,,,,,,,
0,30,17,"{'x': 911.7583474392521, 'y': 432.10170071453047, 'elapsedTime': 24391.19999999972}",2576113319,14459829684,POINT (0.4748741392912771 0.400094167328269),,,,,,,,,,,,,,,,,,,,,,,,,,,,,,,,
0,30,17,"{'x': 911.7583474392521, 'y': 432.10170071453047, 'elapsedTime': 24391.19999999972}",2576129986,14459846350,POINT (0.4748741392912771 0.400094167328269),,,,,,,,,,,,,,,,,,,,,,,,,,,,,,,,
0,30,17,"{'x': 906.8133263859517, 'y': 421.40756261084033, 'elapsedTime': 24435.599999999627}",2576146653,14459863017,POINT (0.4722986074926832 0.3901921876026299),,,,,,,,,,,,,,,,,,,,,,,,,,,,,,,,
0,30,17,"{'x': 906.8133263859517, 'y': 421.40756261084033, 'elapsedTime': 24435.599999999627}",2576163320,14459879683,POINT (0.4722986074926832 0.3901921876026299),,,,,,,,,,,,,,,,,,,,,,,,,,,,,,,,
0,30,17,"{'x': 906.8133263859517, 'y': 421.40756261084033, 'elapsedTime': 24435.599999999627}",2576179988,14459896350,POINT (0.4722986074926832 0.3901921876026299),,,,,,,,,,,,,,,,,,,,,,,,,,,,,,,,
0,30,17,"{'x': 911.9915843432761, 'y': 458.69635544416167, 'elapsedTime': 24480.899999999907}",2576196654,14459913016,POINT (0.4749956168454563 0.424718847633483),,,,,,,,,,,,,,,,,,,,,,,,,,,,,,,,
0,30,17,"{'x': 911.9915843432761, 'y': 458.69635544416167, 'elapsedTime': 24480.899999999907}",2576213322,14459929683,POINT (0.4749956168454563 0.424718847633483),,,,,,,,,,,,,,,,,,,,,,,,,,,,,,,,
0,30,17,"{'x': 926.9038425007556, 'y': 448.52297795522026, 'elapsedTime': 24530.599999999627}",2576229989,14459946350,POINT (0.4827624179691435 0.415299053662241),,,,,,,,,,,,,,,,,,,,,,,,,,,,,,,,
0,30,17,"{'x': 926.9038425007556, 'y': 448.52297795522026, 'elapsedTime': 24530.599999999627}",2576246661,14459963021,POINT (0.4827624179691435 0.415299053662241),,,,,,,,,,,,,,,,,,,,,,,,,,,,,,,,
0,30,17,"{'x': 926.9038425007556, 'y': 448.52297795522026, 'elapsedTime': 24530.599999999627}",2576263328,14459979688,POINT (0.4827624179691435 0.415299053662241),,,,,,,,,,,,,,,,,,,,,,,,,,,,,,,,
0,30,17,"{'x': 926.9038425007556, 'y': 448.52297795522026, 'elapsedTime': 24530.599999999627}",2576279996,14459996355,POINT (0.4827624179691435 0.415299053662241),,,,,,,,,,,,,,,,,,,,,,,,,,,,,,,,
0,30,17,"{'x': 887.6183809190486, 'y': 431.13413191920193, 'elapsedTime': 24573.899999999907}",2576296664,14460013022,POINT (0.4623012400620045 0.3991982702955573),,,,,,,,,,,,,,,,,,,,,,,,,,,,,,,,
0,30,17,"{'x': 887.6183809190486, 'y': 431.13413191920193, 'elapsedTime': 24573.899999999907}",2576313330,14460029688,POINT (0.4623012400620045 0.3991982702955573),,,,,,,,,,,,,,,,,,,,,,,,,,,,,,,,
0,30,17,"{'x': 887.6183809190486, 'y': 431.13413191920193, 'elapsedTime': 24573.899999999907}",2576329998,14460046355,POINT (0.4623012400620045 0.3991982702955573),,,,,,,,,,,,,,,,,,,,,,,,,,,,,,,,
0,30,17,"{'x': 887.6183809190486, 'y': 431.13413191920193, 'elapsedTime': 24573.899999999907}",2576346665,14460063022,POINT (0.4623012400620045 0.3991982702955573),,,,,,,,,,,,,,,,,,,,,,,,,,,,,,,,
0,30,17,"{'x': 923.0423981508281, 'y': 428.81695842283517, 'elapsedTime': 24634.69999999972}",2576363336,14460079692,POINT (0.4807512490368896 0.3970527392804029),,,,,,,,,,,,,,,,,,,,,,,,,,,,,,,,
0,30,17,"{'x': 923.0423981508281, 'y': 428.81695842283517, 'elapsedTime': 24634.69999999972}",2576380003,14460096359,POINT (0.4807512490368896 0.3970527392804029),,,,,,,,,,,,,,,,,,,,,,,,,,,,,,,,
0,30,17,"{'x': 923.0423981508281, 'y': 428.81695842283517, 'elapsedTime': 24634.69999999972}",2576396671,14460113026,POINT (0.4807512490368896 0.3970527392804029),,,,,,,,,,,,,,,,,,,,,,,,,,,,,,,,
0,30,17,"{'x': 948.9301362762745, 'y': 416.10528763683715, 'elapsedTime': 24699.69999999972}",2576413338,14460129692,POINT (0.4942344459772263 0.3852826737378122),,,,,,,,,,,,,,,,,,,,,,,,,,,,,,,,
0,30,17,"{'x': 948.9301362762745, 'y': 416.10528763683715, 'elapsedTime': 24699.69999999972}",2576430005,14460146359,POINT (0.4942344459772263 0.3852826737378122),,,,,,,,,,,,,,,,,,,,,,,,,,,,,,,,
0,30,17,"{'x': 948.9301362762745, 'y': 416.10528763683715, 'elapsedTime': 24699.69999999972}",2576446673,14460163026,POINT (0.4942344459772263 0.3852826737378122),,,,,,,,,,,,,,,,,,,,,,,,,,,,,,,,
0,30,17,"{'x': 911.8764081130809, 'y': 396.95401406212153, 'elapsedTime': 24743.799999999814}",2576463339,14460179692,POINT (0.4749356292255629 0.3675500130204829),,,,,,,,,,,,,,,,,,,,,,,,,,,,,,,,
0,30,17,"{'x': 911.8764081130809, 'y': 396.95401406212153, 'elapsedTime': 24743.799999999814}",2576480006,14460196358,POINT (0.4749356292255629 0.3675500130204829),,,,,,,,,,,,,,,,,,,,,,,,,,,,,,,,
0,30,17,"{'x': 905.9429092121964, 'y': 354.2184634297373, 'elapsedTime': 24785}",2576496685,14460213037,POINT (0.4718452652146856 0.3279800587312383),,,,,,,,,,,,,,,,,,,,,,,,,,,,,,,1,
0,30,17,"{'x': 905.9429092121964, 'y': 354.2184634297373, 'elapsedTime': 24785}",2576513353,14460229704,POINT (0.4718452652146856 0.3279800587312383),,,,,,,,,,,,,,,,,,,,,,,,,,,,,,,1,
0,30,17,"{'x': 905.9429092121964, 'y': 354.2184634297373, 'elapsedTime': 24785}",2576530019,14460246370,POINT (0.4718452652146856 0.3279800587312383),,,,,,,,,,,,,,,,,,,,,,,,,,,,,,,1,
0,30,17,"{'x': 915.3418908372671, 'y': 364.2206500522531, 'elapsedTime': 24828.099999999627}",2576546687,14460263037,POINT (0.47674056814441 0.3372413426409751),,,,,,,,,,,,,,,,,,,,,,,,,,,,,,,1,
0,30,17,"{'x': 915.3418908372671, 'y': 364.2206500522531, 'elapsedTime': 24828.099999999627}",2576563346,14460279696,POINT (0.47674056814441 0.3372413426409751),,,,,,,,,,,,,,,,,,,,,,,,,,,,,,,1,
0,30,17,"{'x': 915.3418908372671, 'y': 364.2206500522531, 'elapsedTime': 24828.099999999627}",2576580014,14460296363,POINT (0.47674056814441 0.3372413426409751),,,,,,,,,,,,,,,,,,,,,,,,,,,,,,,1,
0,30,17,"{'x': 890.1303456865486, 'y': 417.8650278815464, 'elapsedTime': 24876.599999999627}",2576596681,14460313030,POINT (0.4636095550450774 0.3869120628532837),,,,,,,,,,,,,,,,,,,,,,,,,,,,,,,,
0,30,17,"{'x': 890.1303456865486, 'y': 417.8650278815464, 'elapsedTime': 24876.599999999627}",2576613349,14460329696,POINT (0.4636095550450774 0.3869120628532837),,,,,,,,,,,,,,,,,,,,,,,,,,,,,,,,
0,30,17,"{'x': 837.2835415563566, 'y': 445.18549063250185, 'elapsedTime': 24921}",2576630022,14460346369,POINT (0.4360851778939357 0.4122087876226869),,,,,,,,,,,,,,,,,,,,,,,,,,,,,,,,
0,30,17,"{'x': 837.2835415563566, 'y': 445.18549063250185, 'elapsedTime': 24921}",2576646689,14460363035,POINT (0.4360851778939357 0.4122087876226869),,,,,,,,,,,,,,,,,,,,,,,,,,,,,,,,
0,30,17,"{'x': 751.807878108083, 'y': 381.3085251195071, 'elapsedTime': 24961.799999999814}",2576663356,14460379702,POINT (0.3915666031812932 0.3530634491847288),,,,,,,,,,,,,,,,,,,,,,,,,,,,,,,,
0,30,17,"{'x': 751.807878108083, 'y': 381.3085251195071, 'elapsedTime': 24961.799999999814}",2576680024,14460396369,POINT (0.3915666031812932 0.3530634491847288),,,,,,,,,,,,,,,,,,,,,,,,,,,,,,,,
0,30,17,"{'x': 751.807878108083, 'y': 381.3085251195071, 'elapsedTime': 24961.799999999814}",2576696690,14460413035,POINT (0.3915666031812932 0.3530634491847288),,,,,,,,,,,,,,,,,,,,,,,,,,,,,,,,
0,30,17,"{'x': 684.0208459690801, 'y': 377.6678909932464, 'elapsedTime': 25004.899999999907}",2576713358,14460429702,POINT (0.3562608572755626 0.3496924916604133),,,,,,,,,,,,,,,,,,,,,,,,,,,,,,,,
0,30,17,"{'x': 684.0208459690801, 'y': 377.6678909932464, 'elapsedTime': 25004.899999999907}",2576730024,14460446368,POINT (0.3562608572755626 0.3496924916604133),,,,,,,,,,,,,,,,,,,,,,,,,,,,,,,,
0,30,17,"{'x': 684.0208459690801, 'y': 377.6678909932464, 'elapsedTime': 25004.899999999907}",2576746692,14460463035,POINT (0.3562608572755626 0.3496924916604133),,,,,,,,,,,,,,,,,,,,,,,,,,,,,,,,
0,30,17,"{'x': 685.7440854099665, 'y': 406.5193440474279, 'elapsedTime': 25049.69999999972}",2576763362,14460479705,POINT (0.3571583778176909 0.3764068000439148),,,,,,,,,,,,,,,,,,,,,,,,,,,,,,,,
0,30,17,"{'x': 685.7440854099665, 'y': 406.5193440474279, 'elapsedTime': 25049.69999999972}",2576780030,14460496372,POINT (0.3571583778176909 0.3764068000439148),,,,,,,,,,,,,,,,,,,,,,,,,,,,,,,,
0,30,17,"{'x': 598.21222504862, 'y': 382.35961081993787, 'elapsedTime': 25094.099999999627}",2576796696,14460513038,POINT (0.3115688672128229 0.3540366766851277),,,,,,,,,,,,,,,,,,,,,,,,,,,,,,,,
0,30,17,"{'x': 622.2631808639811, 'y': 307.5967957120852, 'elapsedTime': 25139.19999999972}",2576813364,14460529705,POINT (0.3240954066999902 0.2848118478815604),,,,,,,,,,,,,,,,,,,,,,,,,,,,,,1,1,
0,30,17,"{'x': 622.2631808639811, 'y': 307.5967957120852, 'elapsedTime': 25139.19999999972}",2576830030,14460546371,POINT (0.3240954066999902 0.2848118478815604),,,,,,,,,,,,,,,,,,,,,,,,,,,,,,1,1,
0,30,17,"{'x': 622.2631808639811, 'y': 307.5967957120852, 'elapsedTime': 25139.19999999972}",2576846698,14460563038,POINT (0.3240954066999902 0.2848118478815604),,,,,,,,,,,,,,,,,,,,,,,,,,,,,,1,1,
0,30,17,"{'x': 622.2631808639811, 'y': 307.5967957120852, 'elapsedTime': 25139.19999999972}",2576863366,14460579705,POINT (0.3240954066999902 0.2848118478815604),,,,,,,,,,,,,,,,,,,,,,,,,,,,,,1,1,
0,30,17,"{'x': 622.2631808639811, 'y': 307.5967957120852, 'elapsedTime': 25139.19999999972}",2576880032,14460596371,POINT (0.3240954066999902 0.2848118478815604),,,,,,,,,,,,,,,,,,,,,,,,,,,,,,1,1,
0,30,17,"{'x': 608.542745833036, 'y': 269.5371899494712, 'elapsedTime': 25179.799999999814}",2576896706,14460613044,POINT (0.3169493467880395 0.2495714721754363),,,,,,,,,,,,,,,,,,,,,,,,,,,,,,,1,
0,30,17,"{'x': 608.542745833036, 'y': 269.5371899494712, 'elapsedTime': 25179.799999999814}",2576913373,14460629711,POINT (0.3169493467880395 0.2495714721754363),,,,,,,,,,,,,,,,,,,,,,,,,,,,,,,1,
0,30,17,"{'x': 600.2470780474489, 'y': 217.30050200869601, 'elapsedTime': 25222.299999999814}",2576930040,14460646377,POINT (0.3126286864830463 0.2012041685265704),,,,,,,,,,,,,,,,,,,,,,,,,,,,,,,,
0,30,17,"{'x': 600.2470780474489, 'y': 217.30050200869601, 'elapsedTime': 25222.299999999814}",2576946708,14460663044,POINT (0.3126286864830463 0.2012041685265704),,,,,,,,,,,,,,,,,,,,,,,,,,,,,,,,
0,30,17,"{'x': 600.2470780474489, 'y': 217.30050200869601, 'elapsedTime': 25222.299999999814}",2576963375,14460679711,POINT (0.3126286864830463 0.2012041685265704),,,,,,,,,,,,,,,,,,,,,,,,,,,,,,,,
0,30,17,"{'x': 582.7942808126758, 'y': 283.75740703419143, 'elapsedTime': 25263.099999999627}",2576980042,14460696377,POINT (0.3035386879232686 0.2627383398464736),,,,,,,,,,,,,,,,,,,,,,,,,,,,,,1,1,
0,30,17,"{'x': 582.7942808126758, 'y': 283.75740703419143, 'elapsedTime': 25263.099999999627}",2576996708,14460713043,POINT (0.3035386879232686 0.2627383398464736),,,,,,,,,,,,,,,,,,,,,,,,,,,,,,1,1,
0,30,17,"{'x': 582.7942808126758, 'y': 283.75740703419143, 'elapsedTime': 25263.099999999627}",2577013375,14460729709,POINT (0.3035386879232686 0.2627383398464736),,,,,,,,,,,,,,,,,,,,,,,,,,,,,,1,1,
0,30,17,"{'x': 582.7942808126758, 'y': 283.75740703419143, 'elapsedTime': 25263.099999999627}",2577030050,14460746384,POINT (0.3035386879232686 0.2627383398464736),,,,,,,,,,,,,,,,,,,,,,,,,,,,,,1,1,
0,30,17,"{'x': 568.3232099838555, 'y': 293.3516765208586, 'elapsedTime': 25305.099999999627}",2577046717,14460763050,POINT (0.2960016718665914 0.2716219227044987),,,,,,,,,,,,,,,,,,,,,,,,,,,,,,1,1,
0,30,17,"{'x': 568.3232099838555, 'y': 293.3516765208586, 'elapsedTime': 25305.099999999627}",2577063384,14460779717,POINT (0.2960016718665914 0.2716219227044987),,,,,,,,,,,,,,,,,,,,,,,,,,,,,,1,1,
0,30,17,"{'x': 597.702351607361, 'y': 272.7243136005432, 'elapsedTime': 25372.19999999972}",2577080051,14460796383,POINT (0.3113033081288339 0.2525225125930956),,,,,,,,,,,,,,,,,,,,,,,,,,,,,,,1,
0,30,17,"{'x': 597.702351607361, 'y': 272.7243136005432, 'elapsedTime': 25372.19999999972}",2577096718,14460813050,POINT (0.3113033081288339 0.2525225125930956),,,,,,,,,,,,,,,,,,,,,,,,,,,,,,,1,
0,30,17,"{'x': 597.702351607361, 'y': 272.7243136005432, 'elapsedTime': 25372.19999999972}",2577113386,14460829717,POINT (0.3113033081288339 0.2525225125930956),,,,,,,,,,,,,,,,,,,,,,,,,,,,,,,1,
0,30,17,"{'x': 597.702351607361, 'y': 272.7243136005432, 'elapsedTime': 25372.19999999972}",2577130053,14460846384,POINT (0.3113033081288339 0.2525225125930956),,,,,,,,,,,,,,,,,,,,,,,,,,,,,,,1,
0,30,17,"{'x': 643.3370589323309, 'y': 200.69699146674645, 'elapsedTime': 25418.69999999972}",2577146720,14460863050,POINT (0.335071384860589 0.1858305476543949),,,,,,,,,,,,,,,,,,,,,,,,,,,,,,,,
0,30,17,"{'x': 643.3370589323309, 'y': 200.69699146674645, 'elapsedTime': 25418.69999999972}",2577163389,14460879719,POINT (0.335071384860589 0.1858305476543949),,,,,,,,,,,,,,,,,,,,,,,,,,,,,,,,
0,30,17,"{'x': 657.2229056475223, 'y': 191.7371670411414, 'elapsedTime': 25462.799999999814}",2577180059,14460896388,POINT (0.3423035966914179 0.1775344139269828),,,,,,,,,,,,,,,,,,,,,,,,,,,,,,1,,
0,30,17,"{'x': 657.2229056475223, 'y': 191.7371670411414, 'elapsedTime': 25462.799999999814}",2577196726,14460913054,POINT (0.3423035966914179 0.1775344139269828),,,,,,,,,,,,,,,,,,,,,,,,,,,,,,1,,
0,30,17,"{'x': 675.6098222816707, 'y': 196.63230541245244, 'elapsedTime': 25509.899999999907}",2577213393,14460929721,POINT (0.3518801157717035 0.1820669494559745),,,,,,,,,,,,,,,,,,,,,,,,,,,,,,1,,
0,30,17,"{'x': 675.6098222816707, 'y': 196.63230541245244, 'elapsedTime': 25509.899999999907}",2577230060,14460946387,POINT (0.3518801157717035 0.1820669494559745),,,,,,,,,,,,,,,,,,,,,,,,,,,,,,1,,
0,30,17,"{'x': 675.6098222816707, 'y': 196.63230541245244, 'elapsedTime': 25509.899999999907}",2577246728,14460963054,POINT (0.3518801157717035 0.1820669494559745),,,,,,,,,,,,,,,,,,,,,,,,,,,,,,1,,
0,30,17,"{'x': 699.6360361565727, 'y': 169.1774717268727, 'elapsedTime': 25552.5}",2577263393,14460979719,POINT (0.3643937688315483 0.1566458071545118),,,,,,,,,,,,,,,,,,,,,,,,,,,,,,1,,
0,30,17,"{'x': 699.6360361565727, 'y': 169.1774717268727, 'elapsedTime': 25552.5}",2577280065,14460996390,POINT (0.3643937688315483 0.1566458071545118),,,,,,,,,,,,,,,,,,,,,,,,,,,,,,1,,
0,30,17,"{'x': 744.3686612910758, 'y': 241.31536100141932, 'elapsedTime': 25593.399999999907}",2577296733,14461013057,POINT (0.387692011089102 0.2234401490753883),,,,,,,,,,,,,,,,,,,,,,,,,,,,,,,1,
0,30,17,"{'x': 744.3686612910758, 'y': 241.31536100141932, 'elapsedTime': 25593.399999999907}",2577313399,14461029723,POINT (0.387692011089102 0.2234401490753883),,,,,,,,,,,,,,,,,,,,,,,,,,,,,,,1,
0,30,17,"{'x': 744.3686612910758, 'y': 241.31536100141932, 'elapsedTime': 25593.399999999907}",2577330067,14461046390,POINT (0.387692011089102 0.2234401490753883),,,,,,,,,,,,,,,,,,,,,,,,,,,,,,,1,
0,30,17,"{'x': 744.3686612910758, 'y': 241.31536100141932, 'elapsedTime': 25593.399999999907}",2577346734,14461063057,POINT (0.387692011089102 0.2234401490753883),,,,,,,,,,,,,,,,,,,,,,,,,,,,,,,1,
0,30,17,"{'x': 719.9711782853504, 'y': 305.69803658787185, 'elapsedTime': 25637.899999999907}",2577363401,14461079723,POINT (0.3749849886902867 0.2830537375813628),,,,,,,,,,,,,,,,,,,,,,,,,,,,,,1,1,
0,30,17,"{'x': 719.9711782853504, 'y': 305.69803658787185, 'elapsedTime': 25637.899999999907}",2577380068,14461096390,POINT (0.3749849886902867 0.2830537375813628),,,,,,,,,,,,,,,,,,,,,,,,,,,,,,1,1,
0,30,17,"{'x': 719.9711782853504, 'y': 305.69803658787185, 'elapsedTime': 25637.899999999907}",2577396736,14461113057,POINT (0.3749849886902867 0.2830537375813628),,,,,,,,,,,,,,,,,,,,,,,,,,,,,,1,1,
0,30,17,"{'x': 749.2160976398571, 'y': 356.50545888773377, 'elapsedTime': 25685.799999999814}",2577413407,14461129728,POINT (0.3902167175207589 0.330097647118272),,,,,,,,,,,,,,,,,,1,,,,,,,,,,,,,1,
0,30,17,"{'x': 749.2160976398571, 'y': 356.50545888773377, 'elapsedTime': 25685.799999999814}",2577430075,14461146395,POINT (0.3902167175207589 0.330097647118272),,,,,,,,,,,,,,,,,,1,,,,,,,,,,,,,1,
0,30,17,"{'x': 774.6830770205305, 'y': 294.1398766132504, 'elapsedTime': 25738.299999999814}",2577446741,14461163061,POINT (0.4034807692815263 0.2723517376048615),,,,,,,,,,,,,,,,,,,,,,,,,,,,,,1,1,
0,30,17,"{'x': 774.6830770205305, 'y': 294.1398766132504, 'elapsedTime': 25738.299999999814}",2577463409,14461179728,POINT (0.4034807692815263 0.2723517376048615),,,,,,,,,,,,,,,,,,,,,,,,,,,,,,1,1,
0,30,17,"{'x': 774.6830770205305, 'y': 294.1398766132504, 'elapsedTime': 25738.299999999814}",2577480076,14461196395,POINT (0.4034807692815263 0.2723517376048615),,,,,,,,,,,,,,,,,,,,,,,,,,,,,,1,1,
0,30,17,"{'x': 774.6830770205305, 'y': 294.1398766132504, 'elapsedTime': 25738.299999999814}",2577496743,14461213061,POINT (0.4034807692815263 0.2723517376048615),,,,,,,,,,,,,,,,,,,,,,,,,,,,,,1,1,
0,30,17,"{'x': 778.4906048905295, 'y': 350.5027075014786, 'elapsedTime': 25781.19999999972}",2577513410,14461229728,POINT (0.4054638567138175 0.3245395439828506),,,,,,,,,,,,,,,,,,,,,,,,,,,,,,,1,
0,30,17,"{'x': 778.4906048905295, 'y': 350.5027075014786, 'elapsedTime': 25781.19999999972}",2577530078,14461246395,POINT (0.4054638567138175 0.3245395439828506),,,,,,,,,,,,,,,,,,,,,,,,,,,,,,,1,
0,30,17,"{'x': 790.3161981810572, 'y': 324.573091209716, 'elapsedTime': 25838.899999999907}",2577546752,14461263068,POINT (0.4116230198859673 0.3005306400089963),,,,,,,,,,,,,,,,,,,,,,,,,,,,,,,1,
0,30,17,"{'x': 790.3161981810572, 'y': 324.573091209716, 'elapsedTime': 25838.899999999907}",2577563421,14461279736,POINT (0.4116230198859673 0.3005306400089963),,,,,,,,,,,,,,,,,,,,,,,,,,,,,,,1,
0,30,17,"{'x': 790.3161981810572, 'y': 324.573091209716, 'elapsedTime': 25838.899999999907}",2577580087,14461296402,POINT (0.4116230198859673 0.3005306400089963),,,,,,,,,,,,,,,,,,,,,,,,,,,,,,,1,
0,30,17,"{'x': 790.3161981810572, 'y': 324.573091209716, 'elapsedTime': 25838.899999999907}",2577596754,14461313068,POINT (0.4116230198859673 0.3005306400089963),,,,,,,,,,,,,,,,,,,,,,,,,,,,,,,1,
0,30,17,"{'x': 848.8811151031462, 'y': 324.0952044793718, 'elapsedTime': 25886.899999999907}",2577613420,14461329734,POINT (0.4421255807828886 0.3000881522957146),,,,,,,,,,,,,,,,,,,,,,,,,,,,,,,1,
0,30,17,"{'x': 848.8811151031462, 'y': 324.0952044793718, 'elapsedTime': 25886.899999999907}",2577630089,14461346402,POINT (0.4421255807828886 0.3000881522957146),,,,,,,,,,,,,,,,,,,,,,,,,,,,,,,1,
0,30,17,"{'x': 848.8811151031462, 'y': 324.0952044793718, 'elapsedTime': 25886.899999999907}",2577646756,14461363069,POINT (0.4421255807828886 0.3000881522957146),,,,,,,,,,,,,,,,,,,,,,,,,,,,,,,1,
0,30,17,"{'x': 880.6831185694208, 'y': 395.34098960178386, 'elapsedTime': 25939.899999999907}",2577663423,14461379735,POINT (0.4586891242549066 0.3660564718535036),,,,,,,,,,,,,,,,,,,,,,,,,,,,,,,,
0,30,17,"{'x': 880.6831185694208, 'y': 395.34098960178386, 'elapsedTime': 25939.899999999907}",2577680094,14461396406,POINT (0.4586891242549066 0.3660564718535036),,,,,,,,,,,,,,,,,,,,,,,,,,,,,,,,
0,30,17,"{'x': 880.6831185694208, 'y': 395.34098960178386, 'elapsedTime': 25939.899999999907}",2577696761,14461413072,POINT (0.4586891242549066 0.3660564718535036),,,,,,,,,,,,,,,,,,,,,,,,,,,,,,,,
0,30,17,"{'x': 879.50767358291, 'y': 419.8222404463346, 'elapsedTime': 25994}",2577713429,14461429740,POINT (0.4580769133244323 0.3887242967095691),,,,,,,,,,,,,,,,,,,,,,,,,,,,,,,,
0,30,17,"{'x': 879.50767358291, 'y': 419.8222404463346, 'elapsedTime': 25994}",2577730096,14461446406,POINT (0.4580769133244323 0.3887242967095691),,,,,,,,,,,,,,,,,,,,,,,,,,,,,,,,
0,30,17,"{'x': 879.50767358291, 'y': 419.8222404463346, 'elapsedTime': 25994}",2577746763,14461463073,POINT (0.4580769133244323 0.3887242967095691),,,,,,,,,,,,,,,,,,,,,,,,,,,,,,,,
0,30,17,"{'x': 807.6694264833646, 'y': 468.8496924456351, 'elapsedTime': 26043.399999999907}",2577763430,14461479739,POINT (0.4206611596267524 0.4341200855978103),,,,,,,,,,,,,,,,,,,,,,,,,,,,,,,,
0,30,17,"{'x': 807.6694264833646, 'y': 468.8496924456351, 'elapsedTime': 26043.399999999907}",2577780097,14461496406,POINT (0.4206611596267524 0.4341200855978103),,,,,,,,,,,,,,,,,,,,,,,,,,,,,,,,
0,30,17,"{'x': 807.6694264833646, 'y': 468.8496924456351, 'elapsedTime': 26043.399999999907}",2577796765,14461513073,POINT (0.4206611596267524 0.4341200855978103),,,,,,,,,,,,,,,,,,,,,,,,,,,,,,,,
0,30,17,"{'x': 807.2509269608814, 'y': 510.8310246222916, 'elapsedTime': 26094.899999999907}",2577813434,14461529742,POINT (0.4204431911254591 0.4729916894650848),,,,,,,,,,,,,,,,,,,,,,,,,,,,,,,1,
0,30,17,"{'x': 807.2509269608814, 'y': 510.8310246222916, 'elapsedTime': 26094.899999999907}",2577830102,14461546409,POINT (0.4204431911254591 0.4729916894650848),,,,,,,,,,,,,,,,,,,,,,,,,,,,,,,1,
0,30,17,"{'x': 807.2509269608814, 'y': 510.8310246222916, 'elapsedTime': 26094.899999999907}",2577846768,14461563075,POINT (0.4204431911254591 0.4729916894650848),,,,,,,,,,,,,,,,,,,,,,,,,,,,,,,1,
0,30,17,"{'x': 807.2509269608814, 'y': 510.8310246222916, 'elapsedTime': 26094.899999999907}",2577863437,14461579742,POINT (0.4204431911254591 0.4729916894650848),,,,,,,,,,,,,,,,,,,,,,,,,,,,,,,1,
0,30,17,"{'x': 769.3308923900387, 'y': 522.7082212420049, 'elapsedTime': 26153.799999999814}",2577880104,14461596409,POINT (0.4006931731198118 0.4839890937425971),,,,,,,,,,,,,,,,,,,,,,,,,,,,,,,1,
0,30,17,"{'x': 769.3308923900387, 'y': 522.7082212420049, 'elapsedTime': 26153.799999999814}",2577896772,14461613076,POINT (0.4006931731198118 0.4839890937425971),,,,,,,,,,,,,,,,,,,,,,,,,,,,,,,1,
0,30,17,"{'x': 769.3308923900387, 'y': 522.7082212420049, 'elapsedTime': 26153.799999999814}",2577913438,14461629742,POINT (0.4006931731198118 0.4839890937425971),,,,,,,,,,,,,,,,,,,,,,,,,,,,,,,1,
0,30,17,"{'x': 755.0854474020864, 'y': 576.4268240964279, 'elapsedTime': 26202.799999999814}",2577930106,14461646409,POINT (0.39327367052192 0.5337285408300259),,,,,,,,,,,,,,,,,,,,,,,,,,,,,,,1,
0,30,17,"{'x': 755.0854474020864, 'y': 576.4268240964279, 'elapsedTime': 26202.799999999814}",2577946778,14461663081,POINT (0.39327367052192 0.5337285408300259),,,,,,,,,,,,,,,,,,,,,,,,,,,,,,,1,
0,30,17,"{'x': 755.0854474020864, 'y': 576.4268240964279, 'elapsedTime': 26202.799999999814}",2577963446,14461679748,POINT (0.39327367052192 0.5337285408300259),,,,,,,,,,,,,,,,,,,,,,,,,,,,,,,1,
0,30,17,"{'x': 739.4104979911875, 'y': 583.7397662562927, 'elapsedTime': 26252.5}",2577980112,14461696414,POINT (0.3851096343704102 0.5404997835706413),,,,,,,,,,,,,,,,,,,,,,,,,,,,,,,1,
0,30,17,"{'x': 739.4104979911875, 'y': 583.7397662562927, 'elapsedTime': 26252.5}",2577996780,14461713081,POINT (0.3851096343704102 0.5404997835706413),,,,,,,,,,,,,,,,,,,,,,,,,,,,,,,1,
0,30,17,"{'x': 739.4104979911875, 'y': 583.7397662562927, 'elapsedTime': 26252.5}",2578013446,14461729747,POINT (0.3851096343704102 0.5404997835706413),,,,,,,,,,,,,,,,,,,,,,,,,,,,,,,1,
0,30,17,"{'x': 739.4104979911875, 'y': 583.7397662562927, 'elapsedTime': 26252.5}",2578030113,14461746413,POINT (0.3851096343704102 0.5404997835706413),,,,,,,,,,,,,,,,,,,,,,,,,,,,,,,1,
0,30,17,"{'x': 756.7313728690946, 'y': 585.6209374328253, 'elapsedTime': 26308.599999999627}",2578046781,14461763081,POINT (0.3941309233693201 0.5422416087340974),,,,,,,,,,,,,,,,,,,,,,,,,,,,,,,1,
0,30,17,"{'x': 756.7313728690946, 'y': 585.6209374328253, 'elapsedTime': 26308.599999999627}",2578063448,14461779747,POINT (0.3941309233693201 0.5422416087340974),,,,,,,,,,,,,,,,,,,,,,,,,,,,,,,1,
0,30,17,"{'x': 756.7313728690946, 'y': 585.6209374328253, 'elapsedTime': 26308.599999999627}",2578080120,14461796419,POINT (0.3941309233693201 0.5422416087340974),,,,,,,,,,,,,,,,,,,,,,,,,,,,,,,1,
0,30,17,"{'x': 713.8199916569126, 'y': 659.3816509840541, 'elapsedTime': 26373.799999999814}",2578096788,14461813086,POINT (0.371781245654642 0.610538565725976),,,,,,,,,,,,,,,,,,,,,,,,,,,,,,,,
0,30,17,"{'x': 713.8199916569126, 'y': 659.3816509840541, 'elapsedTime': 26373.799999999814}",2578113454,14461829752,POINT (0.371781245654642 0.610538565725976),,,,,,,,,,,,,,,,,,,,,,,,,,,,,,,,
0,30,17,"{'x': 713.8199916569126, 'y': 659.3816509840541, 'elapsedTime': 26373.799999999814}",2578130122,14461846419,POINT (0.371781245654642 0.610538565725976),,,,,,,,,,,,,,,,,,,,,,,,,,,,,,,,
0,30,17,"{'x': 675.8361456221709, 'y': 636.276357270013, 'elapsedTime': 26426.599999999627}",2578146788,14461863085,POINT (0.3519979925115473 0.5891447752500121),,,,,,,,,,,,,,,,,,,,,,,,,,,,,,,1,
0,30,17,"{'x': 675.8361456221709, 'y': 636.276357270013, 'elapsedTime': 26426.599999999627}",2578163456,14461879752,POINT (0.3519979925115473 0.5891447752500121),,,,,,,,,,,,,,,,,,,,,,,,,,,,,,,1,
0,30,17,"{'x': 675.8361456221709, 'y': 636.276357270013, 'elapsedTime': 26426.599999999627}",2578180124,14461896419,POINT (0.3519979925115473 0.5891447752500121),,,,,,,,,,,,,,,,,,,,,,,,,,,,,,,1,
0,30,17,"{'x': 645.8588765325833, 'y': 666.2896661370237, 'elapsedTime': 26475.69999999972}",2578196798,14461913092,POINT (0.3363848315273871 0.6169348760527997),,,,,,,,,,,,,,,,,,,,,,,,,,,,,,,,1
0,30,17,"{'x': 645.8588765325833, 'y': 666.2896661370237, 'elapsedTime': 26475.69999999972}",2578213465,14461929758,POINT (0.3363848315273871 0.6169348760527997),,,,,,,,,,,,,,,,,,,,,,,,,,,,,,,,1
0,30,17,"{'x': 645.8588765325833, 'y': 666.2896661370237, 'elapsedTime': 26475.69999999972}",2578230131,14461946424,POINT (0.3363848315273871 0.6169348760527997),,,,,,,,,,,,,,,,,,,,,,,,,,,,,,,,1
0,30,17,"{'x': 651.7070979490626, 'y': 679.2593505062281, 'elapsedTime': 26533.5}",2578246800,14461963092,POINT (0.3394307801818034 0.6289438430613223),,,,,,,,,,,,,,,,,,,,,,,,,,,,,,,,1
0,30,17,"{'x': 651.7070979490626, 'y': 679.2593505062281, 'elapsedTime': 26533.5}",2578263466,14461979758,POINT (0.3394307801818034 0.6289438430613223),,,,,,,,,,,,,,,,,,,,,,,,,,,,,,,,1
0,30,17,"{'x': 651.7070979490626, 'y': 679.2593505062281, 'elapsedTime': 26533.5}",2578280134,14461996425,POINT (0.3394307801818034 0.6289438430613223),,,,,,,,,,,,,,,,,,,,,,,,,,,,,,,,1
0,30,17,"{'x': 695.3573523765501, 'y': 626.0263384979337, 'elapsedTime': 26584.899999999907}",2578296802,14462013093,POINT (0.3621652876961198 0.5796540171277164),,,,,,,,,,,,,,,,,,,,,,,,,,,,,,,1,
0,30,17,"{'x': 695.3573523765501, 'y': 626.0263384979337, 'elapsedTime': 26584.899999999907}",2578313468,14462029758,POINT (0.3621652876961198 0.5796540171277164),,,,,,,,,,,,,,,,,,,,,,,,,,,,,,,1,
0,30,17,"{'x': 695.3573523765501, 'y': 626.0263384979337, 'elapsedTime': 26584.899999999907}",2578330137,14462046427,POINT (0.3621652876961198 0.5796540171277164),,,,,,,,,,,,,,,,,,,,,,,,,,,,,,,1,
0,30,17,"{'x': 695.3573523765501, 'y': 626.0263384979337, 'elapsedTime': 26584.899999999907}",2578346804,14462063093,POINT (0.3621652876961198 0.5796540171277164),,,,,,,,,,,,,,,,,,,,,,,,,,,,,,,1,
0,30,17,"{'x': 694.3500100107851, 'y': 606.7078773010685, 'elapsedTime': 26632.69999999972}",2578363472,14462079761,POINT (0.3616406302139506 0.5617665530565449),,,,,,,,,,,,,,,,,,,,,,,,,,,,,,,1,
0,30,17,"{'x': 694.3500100107851, 'y': 606.7078773010685, 'elapsedTime': 26632.69999999972}",2578380139,14462096427,POINT (0.3616406302139506 0.5617665530565449),,,,,,,,,,,,,,,,,,,,,,,,,,,,,,,1,
0,30,17,"{'x': 694.3500100107851, 'y': 606.7078773010685, 'elapsedTime': 26632.69999999972}",2578396806,14462113094,POINT (0.3616406302139506 0.5617665530565449),,,,,,,,,,,,,,,,,,,,,,,,,,,,,,,1,
0,30,17,"{'x': 770.8967207970103, 'y': 526.9163231790067, 'elapsedTime': 26695.899999999907}",2578413474,14462129761,POINT (0.4015087087484429 0.4878854844250062),,,,,,,,,,,,,,,,,,,,,,,,,,,,,,,1,
0,30,17,"{'x': 770.8967207970103, 'y': 526.9163231790067, 'elapsedTime': 26695.899999999907}",2578430141,14462146428,POINT (0.4015087087484429 0.4878854844250062),,,,,,,,,,,,,,,,,,,,,,,,,,,,,,,1,
0,30,17,"{'x': 770.8967207970103, 'y': 526.9163231790067, 'elapsedTime': 26695.899999999907}",2578446808,14462163094,POINT (0.4015087087484429 0.4878854844250062),,,,,,,,,,,,,,,,,,,,,,,,,,,,,,,1,
0,30,17,"{'x': 799.7286371981431, 'y': 478.91432870488217, 'elapsedTime': 26748.899999999907}",2578463478,14462179764,POINT (0.4165253318740329 0.4434391932452613),,,,,,,,,,,,,,,,,,,,,,,,,,,,,,,,
0,30,17,"{'x': 799.7286371981431, 'y': 478.91432870488217, 'elapsedTime': 26748.899999999907}",2578480146,14462196431,POINT (0.4165253318740329 0.4434391932452613),,,,,,,,,,,,,,,,,,,,,,,,,,,,,,,,
0,30,17,"{'x': 799.7286371981431, 'y': 478.91432870488217, 'elapsedTime': 26748.899999999907}",2578496812,14462213097,POINT (0.4165253318740329 0.4434391932452613),,,,,,,,,,,,,,,,,,,,,,,,,,,,,,,,
0,30,17,"{'x': 788.474710254714, 'y': 447.33617717702344, 'elapsedTime': 26795.69999999972}",2578513480,14462229764,POINT (0.4106639115909969 0.4142001640527995),,,,,,,,,,,,,,,,,,,,,,,,,,,,,,,,
0,30,17,"{'x': 788.474710254714, 'y': 447.33617717702344, 'elapsedTime': 26795.69999999972}",2578530147,14462246431,POINT (0.4106639115909969 0.4142001640527995),,,,,,,,,,,,,,,,,,,,,,,,,,,,,,,,
0,30,17,"{'x': 788.474710254714, 'y': 447.33617717702344, 'elapsedTime': 26795.69999999972}",2578546814,14462263097,POINT (0.4106639115909969 0.4142001640527995),,,,,,,,,,,,,,,,,,,,,,,,,,,,,,,,
0,30,17,"{'x': 835.7141641866344, 'y': 405.2773837188113, 'elapsedTime': 26845.19999999972}",2578563481,14462279764,POINT (0.4352677938472054 0.3752568367766771),,,,,,,,,,,,,,,,,,,,,,,,,,,,,,,,
0,30,17,"{'x': 835.7141641866344, 'y': 405.2773837188113, 'elapsedTime': 26845.19999999972}",2578580149,14462296431,POINT (0.4352677938472054 0.3752568367766771),,,,,,,,,,,,,,,,,,,,,,,,,,,,,,,,
0,30,17,"{'x': 835.7141641866344, 'y': 405.2773837188113, 'elapsedTime': 26845.19999999972}",2578596823,14462313105,POINT (0.4352677938472054 0.3752568367766771),,,,,,,,,,,,,,,,,,,,,,,,,,,,,,,,
0,30,17,"{'x': 835.7141641866344, 'y': 405.2773837188113, 'elapsedTime': 26845.19999999972}",2578613489,14462329770,POINT (0.4352677938472054 0.3752568367766771),,,,,,,,,,,,,,,,,,,,,,,,,,,,,,,,
0,30,17,"{'x': 845.3857003745287, 'y': 409.31223727737245, 'elapsedTime': 26891.69999999972}",2578630157,14462346438,POINT (0.4403050522784004 0.3789928122938634),,,,,,,,,,,,,,,,,,,,,,,,,,,,,,,,
0,30,17,"{'x': 845.3857003745287, 'y': 409.31223727737245, 'elapsedTime': 26891.69999999972}",2578646825,14462363105,POINT (0.4403050522784004 0.3789928122938634),,,,,,,,,,,,,,,,,,,,,,,,,,,,,,,,
0,30,17,"{'x': 845.3857003745287, 'y': 409.31223727737245, 'elapsedTime': 26891.69999999972}",2578663490,14462379770,POINT (0.4403050522784004 0.3789928122938634),,,,,,,,,,,,,,,,,,,,,,,,,,,,,,,,
0,30,17,"{'x': 842.6129017013328, 'y': 441.70948083123596, 'elapsedTime': 26949.399999999907}",2578680159,14462396438,POINT (0.4388608863027775 0.4089902600289222),,,,,,,,,,,,,,,,,,,,,,,,,,,,,,,,
0,30,17,"{'x': 842.6129017013328, 'y': 441.70948083123596, 'elapsedTime': 26949.399999999907}",2578696825,14462413104,POINT (0.4388608863027775 0.4089902600289222),,,,,,,,,,,,,,,,,,,,,,,,,,,,,,,,
0,30,17,"{'x': 842.6129017013328, 'y': 441.70948083123596, 'elapsedTime': 26949.399999999907}",2578713494,14462429772,POINT (0.4388608863027775 0.4089902600289222),,,,,,,,,,,,,,,,,,,,,,,,,,,,,,,,
0,30,17,"{'x': 778.5609454604131, 'y': 467.18251504635265, 'elapsedTime': 27011.399999999907}",2578730162,14462446440,POINT (0.4055004924272985 0.4325764028206969),,,,,,,,,,,,,,,,,,,,,,,,,,,,,,,,
0,30,17,"{'x': 778.5609454604131, 'y': 467.18251504635265, 'elapsedTime': 27011.399999999907}",2578746829,14462463106,POINT (0.4055004924272985 0.4325764028206969),,,,,,,,,,,,,,,,,,,,,,,,,,,,,,,,
0,30,17,"{'x': 778.5609454604131, 'y': 467.18251504635265, 'elapsedTime': 27011.399999999907}",2578763494,14462479771,POINT (0.4055004924272985 0.4325764028206969),,,,,,,,,,,,,,,,,,,,,,,,,,,,,,,,
0,30,17,"{'x': 753.2485008710873, 'y': 507.40107997197754, 'elapsedTime': 27058.299999999814}",2578780162,14462496438,POINT (0.3923169275370247 0.4698158147888681),,,,,,,,,,,,,,,,,,,,,,,,,,,,,,,,
0,30,17,"{'x': 753.2485008710873, 'y': 507.40107997197754, 'elapsedTime': 27058.299999999814}",2578796829,14462513105,POINT (0.3923169275370247 0.4698158147888681),,,,,,,,,,,,,,,,,,,,,,,,,,,,,,,,
0,30,17,"{'x': 754.2852911604415, 'y': 532.0860377603498, 'elapsedTime': 27107.19999999972}",2578813497,14462529772,POINT (0.3928569224793966 0.492672257185509),,,,,,,,,,,,,,,,,,,,,,,,,,,,,,,1,
0,30,17,"{'x': 754.2852911604415, 'y': 532.0860377603498, 'elapsedTime': 27107.19999999972}",2578830163,14462546438,POINT (0.3928569224793966 0.492672257185509),,,,,,,,,,,,,,,,,,,,,,,,,,,,,,,1,
0,30,17,"{'x': 754.2852911604415, 'y': 532.0860377603498, 'elapsedTime': 27107.19999999972}",2578846831,14462563105,POINT (0.3928569224793966 0.492672257185509),,,,,,,,,,,,,,,,,,,,,,,,,,,,,,,1,
0,30,17,"{'x': 761.3918997965374, 'y': 552.2406879015134, 'elapsedTime': 27154.599999999627}",2578863504,14462579778,POINT (0.3965582811440299 0.511333970279179),,,,,,,,,,,,,,,,,,,,,,,,,,,,,,,1,
0,30,17,"{'x': 761.3918997965374, 'y': 552.2406879015134, 'elapsedTime': 27154.599999999627}",2578880173,14462596446,POINT (0.3965582811440299 0.511333970279179),,,,,,,,,,,,,,,,,,,,,,,,,,,,,,,1,
0,30,17,"{'x': 761.3918997965374, 'y': 552.2406879015134, 'elapsedTime': 27154.599999999627}",2578896840,14462613113,POINT (0.3965582811440299 0.511333970279179),,,,,,,,,,,,,,,,,,,,,,,,,,,,,,,1,
0,30,17,"{'x': 704.9976370940111, 'y': 608.7402714123083, 'elapsedTime': 27205}",2578913508,14462629780,POINT (0.3671862693197975 0.563648399455841),,,,,,,,,,,,,,,,,,,,,,,,,,,,,,,1,
0,30,17,"{'x': 704.9976370940111, 'y': 608.7402714123083, 'elapsedTime': 27205}",2578930174,14462646446,POINT (0.3671862693197975 0.563648399455841),,,,,,,,,,,,,,,,,,,,,,,,,,,,,,,1,
0,30,17,"{'x': 704.9976370940111, 'y': 608.7402714123083, 'elapsedTime': 27205}",2578946842,14462663113,POINT (0.3671862693197975 0.563648399455841),,,,,,,,,,,,,,,,,,,,,,,,,,,,,,,1,
0,30,17,"{'x': 656.9980910170839, 'y': 553.7795181406, 'elapsedTime': 27253.5}",2578963508,14462679779,POINT (0.3421865057380645 0.5127588130931481),,,,,,,,,,,,,,,,,,,,,,,,,,,,,,,1,
0,30,17,"{'x': 656.9980910170839, 'y': 553.7795181406, 'elapsedTime': 27253.5}",2578980176,14462696446,POINT (0.3421865057380645 0.5127588130931481),,,,,,,,,,,,,,,,,,,,,,,,,,,,,,,1,
0,30,17,"{'x': 656.9980910170839, 'y': 553.7795181406, 'elapsedTime': 27253.5}",2578996848,14462713118,POINT (0.3421865057380645 0.5127588130931481),,,,,,,,,,,,,,,,,,,,,,,,,,,,,,,1,
0,30,17,"{'x': 656.9980910170839, 'y': 553.7795181406, 'elapsedTime': 27253.5}",2579013515,14462729784,POINT (0.3421865057380645 0.5127588130931481),,,,,,,,,,,,,,,,,,,,,,,,,,,,,,,1,
0,30,17,"{'x': 656.9980910170839, 'y': 553.7795181406, 'elapsedTime': 27253.5}",2579030182,14462746451,POINT (0.3421865057380645 0.5127588130931481),,,,,,,,,,,,,,,,,,,,,,,,,,,,,,,1,
0,30,17,"{'x': 620.9847838876899, 'y': 526.0015589102208, 'elapsedTime': 27300.099999999627}",2579046850,14462763118,POINT (0.3234295749415052 0.4870384804724266),,,,,,,,,,,,,,,,,,,,,,,,,,,,,,,,
0,30,17,"{'x': 620.9847838876899, 'y': 526.0015589102208, 'elapsedTime': 27300.099999999627}",2579063517,14462779785,POINT (0.3234295749415052 0.4870384804724266),,,,,,,,,,,,,,,,,,,,,,,,,,,,,,,,
0,30,17,"{'x': 620.9847838876899, 'y': 526.0015589102208, 'elapsedTime': 27300.099999999627}",2579080183,14462796450,POINT (0.3234295749415052 0.4870384804724266),,,,,,,,,,,,,,,,,,,,,,,,,,,,,,,,
0,30,17,"{'x': 620.9847838876899, 'y': 526.0015589102208, 'elapsedTime': 27300.099999999627}",2579096851,14462813117,POINT (0.3234295749415052 0.4870384804724266),,,,,,,,,,,,,,,,,,,,,,,,,,,,,,,,
0,30,17,"{'x': 620.9847838876899, 'y': 526.0015589102208, 'elapsedTime': 27300.099999999627}",2579113518,14462829784,POINT (0.3234295749415052 0.4870384804724266),,,,,,,,,,,,,,,,,,,,,,,,,,,,,,,,
0,30,17,"{'x': 620.9847838876899, 'y': 526.0015589102208, 'elapsedTime': 27300.099999999627}",2579130187,14462846452,POINT (0.3234295749415052 0.4870384804724266),,,,,,,,,,,,,,,,,,,,,,,,,,,,,,,,
0,30,17,"{'x': 656.261601050948, 'y': 535.6102180668523, 'elapsedTime': 27417.399999999907}",2579146853,14462863118,POINT (0.3418029172140354 0.4959353870989374),,,,,,,,,,,,,,,,,,,,,,,,,,,,,,,,
0,30,17,"{'x': 656.261601050948, 'y': 535.6102180668523, 'elapsedTime': 27417.399999999907}",2579163521,14462879785,POINT (0.3418029172140354 0.4959353870989374),,,,,,,,,,,,,,,,,,,,,,,,,,,,,,,,
0,30,17,"{'x': 656.261601050948, 'y': 535.6102180668523, 'elapsedTime': 27417.399999999907}",2579180187,14462896451,POINT (0.3418029172140354 0.4959353870989374),,,,,,,,,,,,,,,,,,,,,,,,,,,,,,,,
0,30,17,"{'x': 675.5344652946892, 'y': 510.5503233130849, 'elapsedTime': 27487.799999999814}",2579196854,14462913117,POINT (0.351840867340984 0.472731780845449),,,,,,,,,,,,,,,,,,,,,,,,,,,,,,,,
0,30,17,"{'x': 675.5344652946892, 'y': 510.5503233130849, 'elapsedTime': 27487.799999999814}",2579213521,14462929784,POINT (0.351840867340984 0.472731780845449),,,,,,,,,,,,,,,,,,,,,,,,,,,,,,,,
0,30,17,"{'x': 675.5344652946892, 'y': 510.5503233130849, 'elapsedTime': 27487.799999999814}",2579230189,14462946451,POINT (0.351840867340984 0.472731780845449),,,,,,,,,,,,,,,,,,,,,,,,,,,,,,,,
0,30,17,"{'x': 675.5344652946892, 'y': 510.5503233130849, 'elapsedTime': 27487.799999999814}",2579246864,14462963126,POINT (0.351840867340984 0.472731780845449),,,,,,,,,,,,,,,,,,,,,,,,,,,,,,,,
0,30,17,"{'x': 699.1304635093411, 'y': 444.60109677423696, 'elapsedTime': 27539.399999999907}",2579263531,14462979792,POINT (0.3641304497444485 0.4116676821983676),,,,,,,,,,,,,,,,,,,,,,,,,,,,,,,,
0,30,17,"{'x': 699.1304635093411, 'y': 444.60109677423696, 'elapsedTime': 27539.399999999907}",2579280198,14462996459,POINT (0.3641304497444485 0.4116676821983676),,,,,,,,,,,,,,,,,,,,,,,,,,,,,,,,
0,30,17,"{'x': 699.1304635093411, 'y': 444.60109677423696, 'elapsedTime': 27539.399999999907}",2579296867,14463013127,POINT (0.3641304497444485 0.4116676821983676),,,,,,,,,,,,,,,,,,,,,,,,,,,,,,,,
0,30,17,"{'x': 699.1304635093411, 'y': 444.60109677423696, 'elapsedTime': 27539.399999999907}",2579313532,14463029792,POINT (0.3641304497444485 0.4116676821983676),,,,,,,,,,,,,,,,,,,,,,,,,,,,,,,,
0,30,17,"{'x': 673.5492048246443, 'y': 517.0799479095492, 'elapsedTime': 27597.19999999972}",2579330200,14463046459,POINT (0.3508068775128356 0.4787777295458789),,,,,,,,,,,,,,,,,,,,,,,,,,,,,,,,
0,30,17,"{'x': 673.5492048246443, 'y': 517.0799479095492, 'elapsedTime': 27597.19999999972}",2579346868,14463063127,POINT (0.3508068775128356 0.4787777295458789),,,,,,,,,,,,,,,,,,,,,,,,,,,,,,,,
0,30,17,"{'x': 682.6080387670997, 'y': 487.14545373545104, 'elapsedTime': 27646.099999999627}",2579363535,14463079793,POINT (0.3555250201911978 0.4510606053106028),,,,,,,,,,,,,,,,,,,,,,,,,,,,,,,,
0,30,17,"{'x': 682.6080387670997, 'y': 487.14545373545104, 'elapsedTime': 27646.099999999627}",2579380206,14463096464,POINT (0.3555250201911978 0.4510606053106028),,,,,,,,,,,,,,,,,,,,,,,,,,,,,,,,
0,30,17,"{'x': 682.6080387670997, 'y': 487.14545373545104, 'elapsedTime': 27646.099999999627}",2579396873,14463113130,POINT (0.3555250201911978 0.4510606053106028),,,,,,,,,,,,,,,,,,,,,,,,,,,,,,,,
0,30,17,"{'x': 758.1604999778929, 'y': 448.02160834559226, 'elapsedTime': 27699.099999999627}",2579413540,14463129797,POINT (0.3948752604051525 0.414834822542215),,,,,,,,,,,,,,,,,,,,,,,,,,,,,,,,
0,30,17,"{'x': 758.1604999778929, 'y': 448.02160834559226, 'elapsedTime': 27699.099999999627}",2579430208,14463146464,POINT (0.3948752604051525 0.414834822542215),,,,,,,,,,,,,,,,,,,,,,,,,,,,,,,,
0,30,17,"{'x': 758.1604999778929, 'y': 448.02160834559226, 'elapsedTime': 27699.099999999627}",2579446874,14463163130,POINT (0.3948752604051525 0.414834822542215),,,,,,,,,,,,,,,,,,,,,,,,,,,,,,,,
0,30,17,"{'x': 821.160745745116, 'y': 420.97094182594856, 'elapsedTime': 27746.19999999972}",2579463542,14463179797,POINT (0.4276878884089145 0.3897879090981005),,,,,,,,,,,,,,,,,,,,,,,,,,,,,,,,
0,30,17,"{'x': 821.160745745116, 'y': 420.97094182594856, 'elapsedTime': 27746.19999999972}",2579480208,14463196463,POINT (0.4276878884089145 0.3897879090981005),,,,,,,,,,,,,,,,,,,,,,,,,,,,,,,,
0,30,17,"{'x': 821.160745745116, 'y': 420.97094182594856, 'elapsedTime': 27746.19999999972}",2579496875,14463213129,POINT (0.4276878884089145 0.3897879090981005),,,,,,,,,,,,,,,,,,,,,,,,,,,,,,,,
0,30,17,"{'x': 883.6752827108071, 'y': 425.19228485467085, 'elapsedTime': 27795.599999999627}",2579513549,14463229803,POINT (0.4602475430785454 0.3936965600506212),,,,,,,,,,,,,,,,,,,,,,,,,,,,,,,,
0,30,17,"{'x': 883.6752827108071, 'y': 425.19228485467085, 'elapsedTime': 27795.599999999627}",2579530217,14463246470,POINT (0.4602475430785454 0.3936965600506212),,,,,,,,,,,,,,,,,,,,,,,,,,,,,,,,
0,30,17,"{'x': 883.6752827108071, 'y': 425.19228485467085, 'elapsedTime': 27795.599999999627}",2579546884,14463263137,POINT (0.4602475430785454 0.3936965600506212),,,,,,,,,,,,,,,,,,,,,,,,,,,,,,,,
0,30,17,"{'x': 833.1024465907346, 'y': 344.539748745987, 'elapsedTime': 27847}",2579563551,14463279803,POINT (0.4339075242660076 0.3190182858759139),,,,,,,,,,,,,,,,,,,,,,,,,,,,,,,1,
0,30,17,"{'x': 833.1024465907346, 'y': 344.539748745987, 'elapsedTime': 27847}",2579580218,14463296470,POINT (0.4339075242660076 0.3190182858759139),,,,,,,,,,,,,,,,,,,,,,,,,,,,,,,1,
0,30,17,"{'x': 833.1024465907346, 'y': 344.539748745987, 'elapsedTime': 27847}",2579596885,14463313136,POINT (0.4339075242660076 0.3190182858759139),,,,,,,,,,,,,,,,,,,,,,,,,,,,,,,1,
0,30,17,"{'x': 860.9839499218418, 'y': 366.0350670030987, 'elapsedTime': 27900.599999999627}",2579613552,14463329803,POINT (0.4484291405842926 0.3389213583362025),,,,,,,,,,,,,,,,,,,,,,,,,,,,,,,1,
0,30,17,"{'x': 860.9839499218418, 'y': 366.0350670030987, 'elapsedTime': 27900.599999999627}",2579630219,14463346469,POINT (0.4484291405842926 0.3389213583362025),,,,,,,,,,,,,,,,,,,,,,,,,,,,,,,1,
0,30,17,"{'x': 860.9839499218418, 'y': 366.0350670030987, 'elapsedTime': 27900.599999999627}",2579646888,14463363138,POINT (0.4484291405842926 0.3389213583362025),,,,,,,,,,,,,,,,,,,,,,,,,,,,,,,1,
0,30,17,"{'x': 871.7570282222719, 'y': 449.13244863568707, 'elapsedTime': 27951.099999999627}",2579663556,14463379805,POINT (0.4540401188657666 0.4158633783663769),,,,,,,,,,,,,,,,,,,,,,,,,,,,,,,,
0,30,17,"{'x': 871.7570282222719, 'y': 449.13244863568707, 'elapsedTime': 27951.099999999627}",2579680222,14463396471,POINT (0.4540401188657666 0.4158633783663769),,,,,,,,,,,,,,,,,,,,,,,,,,,,,,,,
0,30,17,"{'x': 871.7570282222719, 'y': 449.13244863568707, 'elapsedTime': 27951.099999999627}",2579696890,14463413138,POINT (0.4540401188657666 0.4158633783663769),,,,,,,,,,,,,,,,,,,,,,,,,,,,,,,,
0,30,17,"{'x': 825.3288879278173, 'y': 445.95809019277164, 'elapsedTime': 28001.599999999627}",2579713557,14463429805,POINT (0.4298587957957382 0.4129241575858997),,,,,,,,,,,,,,,,,,,,,,,,,,,,,,,,
0,30,17,"{'x': 825.3288879278173, 'y': 445.95809019277164, 'elapsedTime': 28001.599999999627}",2579730224,14463446471,POINT (0.4298587957957382 0.4129241575858997),,,,,,,,,,,,,,,,,,,,,,,,,,,,,,,,
0,30,17,"{'x': 825.3288879278173, 'y': 445.95809019277164, 'elapsedTime': 28001.599999999627}",2579746891,14463463138,POINT (0.4298587957957382 0.4129241575858997),,,,,,,,,,,,,,,,,,,,,,,,,,,,,,,,
0,30,17,"{'x': 752.0695450089547, 'y': 469.09115960805025, 'elapsedTime': 28047.599999999627}",2579763559,14463479805,POINT (0.3917028880254972 0.4343436663037502),,,,,,,,,,,,,,,,,,,,,,,,,,,,,,,,
0,30,17,"{'x': 752.0695450089547, 'y': 469.09115960805025, 'elapsedTime': 28047.599999999627}",2579780231,14463496477,POINT (0.3917028880254972 0.4343436663037502),,,,,,,,,,,,,,,,,,,,,,,,,,,,,,,,
0,30,17,"{'x': 752.0695450089547, 'y': 469.09115960805025, 'elapsedTime': 28047.599999999627}",2579796900,14463513145,POINT (0.3917028880254972 0.4343436663037502),,,,,,,,,,,,,,,,,,,,,,,,,,,,,,,,
0,30,17,"{'x': 752.0695450089547, 'y': 469.09115960805025, 'elapsedTime': 28047.599999999627}",2579813566,14463529811,POINT (0.3917028880254972 0.4343436663037502),,,,,,,,,,,,,,,,,,,,,,,,,,,,,,,,
0,30,17,"{'x': 749.9429424570244, 'y': 389.28618840571255, 'elapsedTime': 28101.69999999972}",2579830233,14463546477,POINT (0.3905952825297002 0.3604501744497338),,,,,,,,,,,,,,,,,,,,,,,,,,,,,,,,
0,30,17,"{'x': 749.9429424570244, 'y': 389.28618840571255, 'elapsedTime': 28101.69999999972}",2579846901,14463563145,POINT (0.3905952825297002 0.3604501744497338),,,,,,,,,,,,,,,,,,,,,,,,,,,,,,,,
0,30,17,"{'x': 805.423335995557, 'y': 344.5985132206138, 'elapsedTime': 28149.69999999972}",2579863568,14463579811,POINT (0.4194913208310192 0.3190726974264943),,,,,,,,,,,,,,,,,,,,,,,,,,,,,,,1,
0,30,17,"{'x': 805.423335995557, 'y': 344.5985132206138, 'elapsedTime': 28149.69999999972}",2579880235,14463596478,POINT (0.4194913208310192 0.3190726974264943),,,,,,,,,,,,,,,,,,,,,,,,,,,,,,,1,
0,30,17,"{'x': 805.423335995557, 'y': 344.5985132206138, 'elapsedTime': 28149.69999999972}",2579896908,14463613150,POINT (0.4194913208310192 0.3190726974264943),,,,,,,,,,,,,,,,,,,,,,,,,,,,,,,1,
0,30,17,"{'x': 805.423335995557, 'y': 344.5985132206138, 'elapsedTime': 28149.69999999972}",2579913580,14463629822,POINT (0.4194913208310192 0.3190726974264943),,,,,,,,,,,,,,,,,,,,,,,,,,,,,,,1,
0,30,17,"{'x': 771.6037967756359, 'y': 397.1301860730289, 'elapsedTime': 28196.299999999814}",2579930248,14463646489,POINT (0.4018769774873104 0.3677131352528045),,,,,,,,,,,,,,,,,,,,,,,,,,,,,,,,
0,30,17,"{'x': 771.6037967756359, 'y': 397.1301860730289, 'elapsedTime': 28196.299999999814}",2579946908,14463663149,POINT (0.4018769774873104 0.3677131352528045),,,,,,,,,,,,,,,,,,,,,,,,,,,,,,,,
0,30,17,"{'x': 790.3858781370327, 'y': 408.327110649477, 'elapsedTime': 28250.599999999627}",2579963577,14463679817,POINT (0.4116593115297045 0.378080658008775),,,,,,,,,,,,,,,,,,,,,,,,,,,,,,,,
0,30,17,"{'x': 790.3858781370327, 'y': 408.327110649477, 'elapsedTime': 28250.599999999627}",2579980245,14463696484,POINT (0.4116593115297045 0.378080658008775),,,,,,,,,,,,,,,,,,,,,,,,,,,,,,,,
0,30,17,"{'x': 790.3858781370327, 'y': 408.327110649477, 'elapsedTime': 28250.599999999627}",2579996911,14463713150,POINT (0.4116593115297045 0.378080658008775),,,,,,,,,,,,,,,,,,,,,,,,,,,,,,,,
0,30,17,"{'x': 790.3858781370327, 'y': 408.327110649477, 'elapsedTime': 28250.599999999627}",2580013579,14463729817,POINT (0.4116593115297045 0.378080658008775),,,,,,,,,,,,,,,,,,,,,,,,,,,,,,,,
0,30,17,"{'x': 779.9187951193744, 'y': 404.7146268829257, 'elapsedTime': 28302.799999999814}",2580030246,14463746484,POINT (0.4062077057913409 0.3747357656323386),,,,,,,,,,,,,,,,,,,,,,,,,,,,,,,,
0,30,17,"{'x': 779.9187951193744, 'y': 404.7146268829257, 'elapsedTime': 28302.799999999814}",2580046918,14463763155,POINT (0.4062077057913409 0.3747357656323386),,,,,,,,,,,,,,,,,,,,,,,,,,,,,,,,
0,30,17,"{'x': 779.9187951193744, 'y': 404.7146268829257, 'elapsedTime': 28302.799999999814}",2580063585,14463779822,POINT (0.4062077057913409 0.3747357656323386),,,,,,,,,,,,,,,,,,,,,,,,,,,,,,,,
0,30,17,"{'x': 762.8126588339615, 'y': 418.61126280208396, 'elapsedTime': 28359.799999999814}",2580080252,14463796488,POINT (0.3972982598093549 0.3876030211130407),,,,,,,,,,,,,,,,,,,,,,,,,,,,,,,,
0,30,17,"{'x': 762.8126588339615, 'y': 418.61126280208396, 'elapsedTime': 28359.799999999814}",2580096918,14463813154,POINT (0.3972982598093549 0.3876030211130407),,,,,,,,,,,,,,,,,,,,,,,,,,,,,,,,
0,30,17,"{'x': 704.1361753498522, 'y': 458.4126890164532, 'elapsedTime': 28408.299999999814}",2580113586,14463829821,POINT (0.3667375913280481 0.424456193533753),,,,,,,,,,,,,,,,,,,,,,,,,,,,,,,,
0,30,17,"{'x': 704.1361753498522, 'y': 458.4126890164532, 'elapsedTime': 28408.299999999814}",2580130253,14463846488,POINT (0.3667375913280481 0.424456193533753),,,,,,,,,,,,,,,,,,,,,,,,,,,,,,,,
0,30,17,"{'x': 704.1361753498522, 'y': 458.4126890164532, 'elapsedTime': 28408.299999999814}",2580146920,14463863154,POINT (0.3667375913280481 0.424456193533753),,,,,,,,,,,,,,,,,,,,,,,,,,,,,,,,
0,30,17,"{'x': 653.8435159073815, 'y': 449.2964586051745, 'elapsedTime': 28454.899999999907}",2580163592,14463879826,POINT (0.3405434978684279 0.4160152394492356),,,,,,,,,,,,,,,,,,,,,,,,,,,,,,,,
0,30,17,"{'x': 653.8435159073815, 'y': 449.2964586051745, 'elapsedTime': 28454.899999999907}",2580180260,14463896493,POINT (0.3405434978684279 0.4160152394492356),,,,,,,,,,,,,,,,,,,,,,,,,,,,,,,,
0,30,17,"{'x': 653.8435159073815, 'y': 449.2964586051745, 'elapsedTime': 28454.899999999907}",2580196927,14463913160,POINT (0.3405434978684279 0.4160152394492356),,,,,,,,,,,,,,,,,,,,,,,,,,,,,,,,
0,30,17,"{'x': 653.8435159073815, 'y': 449.2964586051745, 'elapsedTime': 28454.899999999907}",2580213595,14463929827,POINT (0.3405434978684279 0.4160152394492356),,,,,,,,,,,,,,,,,,,,,,,,,,,,,,,,
0,30,17,"{'x': 626.7949083057526, 'y': 451.31926554469464, 'elapsedTime': 28503.899999999907}",2580230261,14463946493,POINT (0.3264556814092462 0.4178882088376802),,,,,,,,,,,,,,,,,,,,,,,,,,,,,,,,
0,30,17,"{'x': 626.7949083057526, 'y': 451.31926554469464, 'elapsedTime': 28503.899999999907}",2580246929,14463963160,POINT (0.3264556814092462 0.4178882088376802),,,,,,,,,,,,,,,,,,,,,,,,,,,,,,,,
0,30,17,"{'x': 626.7949083057526, 'y': 451.31926554469464, 'elapsedTime': 28503.899999999907}",2580263596,14463979827,POINT (0.3264556814092462 0.4178882088376802),,,,,,,,,,,,,,,,,,,,,,,,,,,,,,,,
0,30,17,"{'x': 616.7561786008629, 'y': 506.5174803187379, 'elapsedTime': 28556.19999999972}",2580280264,14463996494,POINT (0.3212271763546161 0.4689976669617944),,,,,,,,,,,,,,,,,,,,,,,,,,,,,,,,
0,30,17,"{'x': 616.7561786008629, 'y': 506.5174803187379, 'elapsedTime': 28556.19999999972}",2580296931,14464013161,POINT (0.3212271763546161 0.4689976669617944),,,,,,,,,,,,,,,,,,,,,,,,,,,,,,,,
0,30,17,"{'x': 616.7561786008629, 'y': 506.5174803187379, 'elapsedTime': 28556.19999999972}",2580313599,14464029828,POINT (0.3212271763546161 0.4689976669617944),,,,,,,,,,,,,,,,,,,,,,,,,,,,,,,,
0,30,17,"{'x': 580.7702553935266, 'y': 569.0001213431806, 'elapsedTime': 28606.399999999907}",2580330266,14464046495,POINT (0.3024845080174617 0.5268519642066487),,,,,,,,,,,,,,,,,,,,,,,,,,,,,,,1,
0,30,17,"{'x': 580.7702553935266, 'y': 569.0001213431806, 'elapsedTime': 28606.399999999907}",2580346933,14464063161,POINT (0.3024845080174617 0.5268519642066487),,,,,,,,,,,,,,,,,,,,,,,,,,,,,,,1,
0,30,17,"{'x': 580.7702553935266, 'y': 569.0001213431806, 'elapsedTime': 28606.399999999907}",2580363599,14464079827,POINT (0.3024845080174617 0.5268519642066487),,,,,,,,,,,,,,,,,,,,,,,,,,,,,,,1,
0,30,17,"{'x': 632.762724774204, 'y': 536.0372145092388, 'elapsedTime': 28656}",2580380267,14464096494,POINT (0.3295639191532312 0.4963307541752211),,,,,,,,,,,,,,,,,,,,,,,,,,,,,,,,
0,30,17,"{'x': 632.762724774204, 'y': 536.0372145092388, 'elapsedTime': 28656}",2580396933,14464113160,POINT (0.3295639191532312 0.4963307541752211),,,,,,,,,,,,,,,,,,,,,,,,,,,,,,,,
0,30,17,"{'x': 632.762724774204, 'y': 536.0372145092388, 'elapsedTime': 28656}",2580413600,14464129826,POINT (0.3295639191532312 0.4963307541752211),,,,,,,,,,,,,,,,,,,,,,,,,,,,,,,,
0,30,17,"{'x': 607.5289284847609, 'y': 465.8298616315482, 'elapsedTime': 28704.5}",2580430275,14464146501,POINT (0.3164213169191463 0.4313239459551372),,,,,,,,,,,,,,,,,,,,,,,,,,,,,,,,
0,30,17,"{'x': 607.5289284847609, 'y': 465.8298616315482, 'elapsedTime': 28704.5}",2580446943,14464163168,POINT (0.3164213169191463 0.4313239459551372),,,,,,,,,,,,,,,,,,,,,,,,,,,,,,,,
0,30,17,"{'x': 616.4480208926707, 'y': 481.05112358103565, 'elapsedTime': 28752.5}",2580463609,14464179834,POINT (0.321066677548266 0.4454177070194775),,,,,,,,,,,,,,,,,,,,,,,,,,,,,,,,
0,30,17,"{'x': 616.4480208926707, 'y': 481.05112358103565, 'elapsedTime': 28752.5}",2580480276,14464196500,POINT (0.321066677548266 0.4454177070194775),,,,,,,,,,,,,,,,,,,,,,,,,,,,,,,,
0,30,17,"{'x': 616.4480208926707, 'y': 481.05112358103565, 'elapsedTime': 28752.5}",2580496944,14464213168,POINT (0.321066677548266 0.4454177070194775),,,,,,,,,,,,,,,,,,,,,,,,,,,,,,,,
0,30,17,"{'x': 669.5851271787908, 'y': 426.06080377238806, 'elapsedTime': 28800}",2580513612,14464229835,POINT (0.3487422537389536 0.3945007442336926),,,,,,,,,,,,,,,,,,,,,,,,,,,,,,,,
0,30,17,"{'x': 669.5851271787908, 'y': 426.06080377238806, 'elapsedTime': 28800}",2580530278,14464246501,POINT (0.3487422537389536 0.3945007442336926),,,,,,,,,,,,,,,,,,,,,,,,,,,,,,,,
0,30,17,"{'x': 669.5851271787908, 'y': 426.06080377238806, 'elapsedTime': 28800}",2580546946,14464263168,POINT (0.3487422537389536 0.3945007442336926),,,,,,,,,,,,,,,,,,,,,,,,,,,,,,,,
0,30,17,"{'x': 666.2611758754116, 'y': 429.14856117836456, 'elapsedTime': 28849.19999999972}",2580563617,14464279839,POINT (0.3470110291017769 0.3973597788688561),,,,,,,,,,,,,,,,,,,,,,,,,,,,,,,,
0,30,17,"{'x': 666.2611758754116, 'y': 429.14856117836456, 'elapsedTime': 28849.19999999972}",2580580285,14464296506,POINT (0.3470110291017769 0.3973597788688561),,,,,,,,,,,,,,,,,,,,,,,,,,,,,,,,
0,30,17,"{'x': 666.2611758754116, 'y': 429.14856117836456, 'elapsedTime': 28849.19999999972}",2580596952,14464313173,POINT (0.3470110291017769 0.3973597788688561),,,,,,,,,,,,,,,,,,,,,,,,,,,,,,,,
0,30,17,"{'x': 726.1752227179812, 'y': 392.2657731060923, 'elapsedTime': 28896.69999999972}",2580613619,14464329839,POINT (0.3782162618322819 0.3632090491723077),,,,,,,,,,,,,,,,,,,,,,,,,,,,,,,,
0,30,17,"{'x': 726.1752227179812, 'y': 392.2657731060923, 'elapsedTime': 28896.69999999972}",2580630286,14464346506,POINT (0.3782162618322819 0.3632090491723077),,,,,,,,,,,,,,,,,,,,,,,,,,,,,,,,
0,30,17,"{'x': 690.9912499751434, 'y': 351.3305949077227, 'elapsedTime': 28942.299999999814}",2580646953,14464363172,POINT (0.3598912760287206 0.3253061063960395),,,,,,,,,,,,,,,,,,,,,,,,,,,,,,,,
0,30,17,"{'x': 690.9912499751434, 'y': 351.3305949077227, 'elapsedTime': 28942.299999999814}",2580663620,14464379839,POINT (0.3598912760287206 0.3253061063960395),,,,,,,,,,,,,,,,,,,,,,,,,,,,,,,,
0,30,17,"{'x': 690.9912499751434, 'y': 351.3305949077227, 'elapsedTime': 28942.299999999814}",2580680288,14464396506,POINT (0.3598912760287206 0.3253061063960395),,,,,,,,,,,,,,,,,,,,,,,,,,,,,,,,
0,30,17,"{'x': 690.945765490504, 'y': 382.334107813651, 'elapsedTime': 28987.299999999814}",2580696959,14464413177,POINT (0.3598675861929708 0.3540130627904176),,,,,,,,,,,,,,,,,,,,,,,,,,,,,,,,
0,30,17,"{'x': 690.945765490504, 'y': 382.334107813651, 'elapsedTime': 28987.299999999814}",2580713626,14464429843,POINT (0.3598675861929708 0.3540130627904176),,,,,,,,,,,,,,,,,,,,,,,,,,,,,,,,
0,30,17,"{'x': 690.945765490504, 'y': 382.334107813651, 'elapsedTime': 28987.299999999814}",2580730293,14464446510,POINT (0.3598675861929708 0.3540130627904176),,,,,,,,,,,,,,,,,,,,,,,,,,,,,,,,
0,30,17,"{'x': 690.945765490504, 'y': 382.334107813651, 'elapsedTime': 28987.299999999814}",2580746961,14464463177,POINT (0.3598675861929708 0.3540130627904176),,,,,,,,,,,,,,,,,,,,,,,,,,,,,,,,
0,30,17,"{'x': 711.8367450672406, 'y': 408.5301771753843, 'elapsedTime': 29032.69999999972}",2580763627,14464479843,POINT (0.3707483047225211 0.3782686825698003),,,,,,,,,,,,,,,,,,,,,,,,,,,,,,,,
0,30,17,"{'x': 711.8367450672406, 'y': 408.5301771753843, 'elapsedTime': 29032.69999999972}",2580780295,14464496510,POINT (0.3707483047225211 0.3782686825698003),,,,,,,,,,,,,,,,,,,,,,,,,,,,,,,,
0,30,17,"{'x': 711.8367450672406, 'y': 408.5301771753843, 'elapsedTime': 29032.69999999972}",2580796960,14464513175,POINT (0.3707483047225211 0.3782686825698003),,,,,,,,,,,,,,,,,,,,,,,,,,,,,,,,
0,30,17,"{'x': 689.5846142189537, 'y': 355.53105670896844, 'elapsedTime': 29081.899999999907}",2580813630,14464529844,POINT (0.3591586532390384 0.3291954228786745),,,,,,,,,,,,,,,,1,,,,,,,,,,,,,,,,
0,30,17,"{'x': 689.5846142189537, 'y': 355.53105670896844, 'elapsedTime': 29081.899999999907}",2580830301,14464546515,POINT (0.3591586532390384 0.3291954228786745),,,,,,,,,,,,,,,,1,,,,,,,,,,,,,,,,
0,30,17,"{'x': 689.5846142189537, 'y': 355.53105670896844, 'elapsedTime': 29081.899999999907}",2580846968,14464563181,POINT (0.3591586532390384 0.3291954228786745),,,,,,,,,,,,,,,,1,,,,,,,,,,,,,,,,
0,30,17,"{'x': 689.7506413921641, 'y': 345.34176397689646, 'elapsedTime': 29140.899999999907}",2580863643,14464579856,POINT (0.3592451257250854 0.3197608925712004),,,,,,,,,,,,,,,,,,,,,,,,,,,,,,,,
0,30,17,"{'x': 689.7506413921641, 'y': 345.34176397689646, 'elapsedTime': 29140.899999999907}",2580880310,14464596522,POINT (0.3592451257250854 0.3197608925712004),,,,,,,,,,,,,,,,,,,,,,,,,,,,,,,,
0,30,17,"{'x': 689.7506413921641, 'y': 345.34176397689646, 'elapsedTime': 29140.899999999907}",2580896978,14464613189,POINT (0.3592451257250854 0.3197608925712004),,,,,,,,,,,,,,,,,,,,,,,,,,,,,,,,
0,30,17,"{'x': 691.1124635227942, 'y': 361.13902123740047, 'elapsedTime': 29199.399999999907}",2580913645,14464629856,POINT (0.3599544080847886 0.3343879826272226),,,,,,,,,,,,,,,,,,,,,,,,,,,,,,,,
0,30,17,"{'x': 691.1124635227942, 'y': 361.13902123740047, 'elapsedTime': 29199.399999999907}",2580930312,14464646522,POINT (0.3599544080847886 0.3343879826272226),,,,,,,,,,,,,,,,,,,,,,,,,,,,,,,,
0,30,17,"{'x': 691.1124635227942, 'y': 361.13902123740047, 'elapsedTime': 29199.399999999907}",2580946971,14464663181,POINT (0.3599544080847886 0.3343879826272226),,,,,,,,,,,,,,,,,,,,,,,,,,,,,,,,
0,30,17,"{'x': 700.5679165453677, 'y': 356.88476448843403, 'elapsedTime': 29248.799999999814}",2580963644,14464679853,POINT (0.3648791232007123 0.3304488560078093),,,,,,,,,,,,,,,,,,,,,,,,,,,,,,,,
0,30,17,"{'x': 700.5679165453677, 'y': 356.88476448843403, 'elapsedTime': 29248.799999999814}",2580980311,14464696520,POINT (0.3648791232007123 0.3304488560078093),,,,,,,,,,,,,,,,,,,,,,,,,,,,,,,,
0,30,17,"{'x': 700.5679165453677, 'y': 356.88476448843403, 'elapsedTime': 29248.799999999814}",2580996979,14464713187,POINT (0.3648791232007123 0.3304488560078093),,,,,,,,,,,,,,,,,,,,,,,,,,,,,,,,
0,30,17,"{'x': 732.3340577253832, 'y': 394.29220002058617, 'elapsedTime': 29291.099999999627}",2581013645,14464729853,POINT (0.3814239883986371 0.3650853703894316),,,,,,,,,,,,,,,,,,,,,,,,,,,,,,,,
0,30,17,"{'x': 732.3340577253832, 'y': 394.29220002058617, 'elapsedTime': 29291.099999999627}",2581030313,14464746520,POINT (0.3814239883986371 0.3650853703894316),,,,,,,,,,,,,,,,,,,,,,,,,,,,,,,,
0,30,17,"{'x': 695.2408578671938, 'y': 461.58204790533784, 'elapsedTime': 29334.399999999907}",2581046979,14464763186,POINT (0.3621046134724967 0.427390785097535),,,,,,,,,,,,,,,,,,,,,,,,,,,,,,,,
0,30,17,"{'x': 695.2408578671938, 'y': 461.58204790533784, 'elapsedTime': 29334.399999999907}",2581063647,14464779853,POINT (0.3621046134724967 0.427390785097535),,,,,,,,,,,,,,,,,,,,,,,,,,,,,,,,
0,30,17,"{'x': 695.2408578671938, 'y': 461.58204790533784, 'elapsedTime': 29334.399999999907}",2581080317,14464796523,POINT (0.3621046134724967 0.427390785097535),,,,,,,,,,,,,,,,,,,,,,,,,,,,,,,,
0,30,17,"{'x': 715.0550580981671, 'y': 409.3263207159493, 'elapsedTime': 29383.299999999814}",2581096984,14464813189,POINT (0.3724245094261287 0.3790058525147679),,,,,,,,,,,,,,,,,,,,,,,,,,,,,,,,
0,30,17,"{'x': 715.0550580981671, 'y': 409.3263207159493, 'elapsedTime': 29383.299999999814}",2581113652,14464829857,POINT (0.3724245094261287 0.3790058525147679),,,,,,,,,,,,,,,,,,,,,,,,,,,,,,,,
0,30,17,"{'x': 715.0550580981671, 'y': 409.3263207159493, 'elapsedTime': 29383.299999999814}",2581130320,14464846524,POINT (0.3724245094261287 0.3790058525147679),,,,,,,,,,,,,,,,,,,,,,,,,,,,,,,,
0,30,17,"{'x': 693.688575579449, 'y': 387.79811460554697, 'elapsedTime': 29433.19999999972}",2581146987,14464863191,POINT (0.3612961331142964 0.3590723283384694),,,,,,,,,,,,,,,,,,,,,,,,,,,,,,,,
0,30,17,"{'x': 693.688575579449, 'y': 387.79811460554697, 'elapsedTime': 29433.19999999972}",2581163654,14464879857,POINT (0.3612961331142964 0.3590723283384694),,,,,,,,,,,,,,,,,,,,,,,,,,,,,,,,
0,30,17,"{'x': 693.688575579449, 'y': 387.79811460554697, 'elapsedTime': 29433.19999999972}",2581180321,14464896524,POINT (0.3612961331142964 0.3590723283384694),,,,,,,,,,,,,,,,,,,,,,,,,,,,,,,,
0,30,17,"{'x': 642.7378346465388, 'y': 393.1929901203414, 'elapsedTime': 29481.799999999814}",2581196987,14464913189,POINT (0.3347592888784056 0.3640675834447605),,,,,,,,,,,,,,,,,,,,,,,,,,,,,,,,
0,30,17,"{'x': 642.7378346465388, 'y': 393.1929901203414, 'elapsedTime': 29481.799999999814}",2581213659,14464929861,POINT (0.3347592888784056 0.3640675834447605),,,,,,,,,,,,,,,,,,,,,,,,,,,,,,,,
0,30,17,"{'x': 642.7378346465388, 'y': 393.1929901203414, 'elapsedTime': 29481.799999999814}",2581230328,14464946529,POINT (0.3347592888784056 0.3640675834447605),,,,,,,,,,,,,,,,,,,,,,,,,,,,,,,,
0,30,17,"{'x': 615.2083062942062, 'y': 332.87027945374075, 'elapsedTime': 29532.599999999627}",2581246995,14464963196,POINT (0.3204209928615657 0.3082132217164266),,,,,,,,,,,,,,,,,,,,,,,,,,,,,,,,
0,30,17,"{'x': 615.2083062942062, 'y': 332.87027945374075, 'elapsedTime': 29532.599999999627}",2581263662,14464979862,POINT (0.3204209928615657 0.3082132217164266),,,,,,,,,,,,,,,,,,,,,,,,,,,,,,,,
0,30,17,"{'x': 615.2083062942062, 'y': 332.87027945374075, 'elapsedTime': 29532.599999999627}",2581280328,14464996528,POINT (0.3204209928615657 0.3082132217164266),,,,,,,,,,,,,,,,,,,,,,,,,,,,,,,,
0,30,17,"{'x': 607.1304872868035, 'y': 347.41534612678566, 'elapsedTime': 29575.099999999627}",2581296996,14465013195,POINT (0.3162137954618768 0.3216808760433201),,,,,,,,,,,,,,,,,,,,,,,,,,,,,,,,
0,30,17,"{'x': 607.1304872868035, 'y': 347.41534612678566, 'elapsedTime': 29575.099999999627}",2581313663,14465029862,POINT (0.3162137954618768 0.3216808760433201),,,,,,,,,,,,,,,,,,,,,,,,,,,,,,,,
0,30,17,"{'x': 596.8072986677414, 'y': 361.4349031932786, 'elapsedTime': 29619.799999999814}",2581330331,14465046529,POINT (0.310837134722782 0.3346619474011839),,,,,,,,,,,,,,,,,,,,,,,,,,,,,,,,
0,30,17,"{'x': 596.8072986677414, 'y': 361.4349031932786, 'elapsedTime': 29619.799999999814}",2581347000,14465063198,POINT (0.310837134722782 0.3346619474011839),,,,,,,,,,,,,,,,,,,,,,,,,,,,,,,,
0,30,17,"{'x': 596.8072986677414, 'y': 361.4349031932786, 'elapsedTime': 29619.799999999814}",2581363668,14465079865,POINT (0.310837134722782 0.3346619474011839),,,,,,,,,,,,,,,,,,,,,,,,,,,,,,,,
0,30,17,"{'x': 582.4283444149141, 'y': 395.5282326657497, 'elapsedTime': 29666.099999999627}",2581380334,14465096531,POINT (0.3033480960494345 0.3662298450608794),,,,,,,,,,,,,,,,,,,,,,,,,,,,,,,,
0,30,17,"{'x': 582.4283444149141, 'y': 395.5282326657497, 'elapsedTime': 29666.099999999627}",2581397002,14465113198,POINT (0.3033480960494345 0.3662298450608794),,,,,,,,,,,,,,,,,,,,,,,,,,,,,,,,
0,30,17,"{'x': 582.4283444149141, 'y': 395.5282326657497, 'elapsedTime': 29666.099999999627}",2581413669,14465129865,POINT (0.3033480960494345 0.3662298450608794),,,,,,,,,,,,,,,,,,,,,,,,,,,,,,,,
0,30,17,"{'x': 582.4283444149141, 'y': 395.5282326657497, 'elapsedTime': 29666.099999999627}",2581430336,14465146531,POINT (0.3033480960494345 0.3662298450608794),,,,,,,,,,,,,,,,,,,,,,,,,,,,,,,,
0,30,17,"{'x': 605.947325723526, 'y': 384.31102464088895, 'elapsedTime': 29723.299999999814}",2581447003,14465163198,POINT (0.3155975654810031 0.3558435413341564),,,,,,,,,,,,,,,,,,,,,,,,,,,,,,,,
0,30,17,"{'x': 605.947325723526, 'y': 384.31102464088895, 'elapsedTime': 29723.299999999814}",2581463670,14465179864,POINT (0.3155975654810031 0.3558435413341564),,,,,,,,,,,,,,,,,,,,,,,,,,,,,,,,
0,30,17,"{'x': 605.947325723526, 'y': 384.31102464088895, 'elapsedTime': 29723.299999999814}",2581480345,14465196539,POINT (0.3155975654810031 0.3558435413341564),,,,,,,,,,,,,,,,,,,,,,,,,,,,,,,,
0,30,17,"{'x': 659.9127207888105, 'y': 353.0496968513213, 'elapsedTime': 29773.299999999814}",2581497012,14465213205,POINT (0.3437045420775054 0.3268978674549271),,,,,,,,,,,,,,,,,,,,,,,,,,,,,,,,
0,30,17,"{'x': 659.9127207888105, 'y': 353.0496968513213, 'elapsedTime': 29773.299999999814}",2581513678,14465229871,POINT (0.3437045420775054 0.3268978674549271),,,,,,,,,,,,,,,,,,,,,,,,,,,,,,,,
0,30,17,"{'x': 659.9127207888105, 'y': 353.0496968513213, 'elapsedTime': 29773.299999999814}",2581530347,14465246539,POINT (0.3437045420775054 0.3268978674549271),,,,,,,,,,,,,,,,,,,,,,,,,,,,,,,,
0,30,17,"{'x': 720.0651989581486, 'y': 326.7026828143539, 'elapsedTime': 29829.799999999814}",2581547012,14465263204,POINT (0.3750339577907024 0.3025024840873647),,,,,,,,,,,,,,,,,,,,,,,,,,,,,,,1,
0,30,17,"{'x': 720.0651989581486, 'y': 326.7026828143539, 'elapsedTime': 29829.799999999814}",2581563680,14465279871,POINT (0.3750339577907024 0.3025024840873647),,,,,,,,,,,,,,,,,,,,,,,,,,,,,,,1,
0,30,17,"{'x': 720.0651989581486, 'y': 326.7026828143539, 'elapsedTime': 29829.799999999814}",2581580347,14465296538,POINT (0.3750339577907024 0.3025024840873647),,,,,,,,,,,,,,,,,,,,,,,,,,,,,,,1,
0,30,17,"{'x': 739.7071038714627, 'y': 299.0479192862901, 'elapsedTime': 29880.599999999627}",2581597014,14465313204,POINT (0.3852641165997202 0.2768962215613797),,,,,,,,,,,,,,,,,,,,,,,,,,,,,,1,1,
0,30,17,"{'x': 739.7071038714627, 'y': 299.0479192862901, 'elapsedTime': 29880.599999999627}",2581613686,14465329876,POINT (0.3852641165997202 0.2768962215613797),,,,,,,,,,,,,,,,,,,,,,,,,,,,,,1,1,
0,30,17,"{'x': 764.7756214785288, 'y': 305.7231405469535, 'elapsedTime': 29926.19999999972}",2581630354,14465346543,POINT (0.3983206361867338 0.2830769819879199),,,,,,,,,,,,,,,,,,,,,,,,,,,,,,1,1,
0,30,17,"{'x': 764.7756214785288, 'y': 305.7231405469535, 'elapsedTime': 29926.19999999972}",2581647021,14465363210,POINT (0.3983206361867338 0.2830769819879199),,,,,,,,,,,,,,,,,,,,,,,,,,,,,,1,1,
0,30,17,"{'x': 764.7756214785288, 'y': 305.7231405469535, 'elapsedTime': 29926.19999999972}",2581663689,14465379877,POINT (0.3983206361867338 0.2830769819879199),,,,,,,,,,,,,,,,,,,,,,,,,,,,,,1,1,
0,30,17,"{'x': 816.3083693591276, 'y': 294.02170376672774, 'elapsedTime': 29974.5}",2581680355,14465396543,POINT (0.4251606090412123 0.2722423183025257),,,,,,,,,,,,,,,,,,,,,,,,,,,,,,1,1,
0,30,17,"{'x': 816.3083693591276, 'y': 294.02170376672774, 'elapsedTime': 29974.5}",2581697023,14465413210,POINT (0.4251606090412123 0.2722423183025257),,,,,,,,,,,,,,,,,,,,,,,,,,,,,,1,1,
0,30,17,"{'x': 816.3083693591276, 'y': 294.02170376672774, 'elapsedTime': 29974.5}",2581713689,14465429876,POINT (0.4251606090412123 0.2722423183025257),,,,,,,,,,,,,,,,,,,,,,,,,,,,,,1,1,
0,30,17,"{'x': 824.1771048962667, 'y': 263.78580697558664, 'elapsedTime': 30020.19999999972}",2581730357,14465446543,POINT (0.4292589088001389 0.2442461175699876),,,,,,,,,,,,,,,,,,,,,,,,,,,,,,1,1,
0,30,17,"{'x': 824.1771048962667, 'y': 263.78580697558664, 'elapsedTime': 30020.19999999972}",2581747029,14465463215,POINT (0.4292589088001389 0.2442461175699876),,,,,,,,,,,,,,,,,,,,,,,,,,,,,,1,1,
0,30,17,"{'x': 824.1771048962667, 'y': 263.78580697558664, 'elapsedTime': 30020.19999999972}",2581763696,14465479881,POINT (0.4292589088001389 0.2442461175699876),,,,,,,,,,,,,,,,,,,,,,,,,,,,,,1,1,
0,30,17,"{'x': 803.7281878413783, 'y': 285.9033404112473, 'elapsedTime': 30065.19999999972}",2581780365,14465496549,POINT (0.4186084311673845 0.2647253151955994),,,,,,,,,,,,,,,,,,,,,,,,,,,,,,1,1,
0,30,17,"{'x': 803.7281878413783, 'y': 285.9033404112473, 'elapsedTime': 30065.19999999972}",2581797031,14465513215,POINT (0.4186084311673845 0.2647253151955994),,,,,,,,,,,,,,,,,,,,,,,,,,,,,,1,1,
0,30,17,"{'x': 803.7281878413783, 'y': 285.9033404112473, 'elapsedTime': 30065.19999999972}",2581813699,14465529882,POINT (0.4186084311673845 0.2647253151955994),,,,,,,,,,,,,,,,,,,,,,,,,,,,,,1,1,
0,30,17,"{'x': 813.0723183255159, 'y': 317.03326459910573, 'elapsedTime': 30114.299999999814}",2581830365,14465546548,POINT (0.4234751657945395 0.293549319073246),,,,,,,,,,,,,,,,,,,,,,,,,,,,,,1,1,
0,30,17,"{'x': 813.0723183255159, 'y': 317.03326459910573, 'elapsedTime': 30114.299999999814}",2581847033,14465563215,POINT (0.4234751657945395 0.293549319073246),,,,,,,,,,,,,,,,,,,,,,,,,,,,,,1,1,
0,30,17,"{'x': 813.0723183255159, 'y': 317.03326459910573, 'elapsedTime': 30114.299999999814}",2581863700,14465579882,POINT (0.4234751657945395 0.293549319073246),,,,,,,,,,,,,,,,,,,,,,,,,,,,,,1,1,
0,30,17,"{'x': 802.0756046891889, 'y': 326.1959784248182, 'elapsedTime': 30159.299999999814}",2581880371,14465596552,POINT (0.4177477107756192 0.3020333133563131),,,,,,,,,,,,,,,,,,,,,,,,,,,,,,,1,
0,30,17,"{'x': 802.0756046891889, 'y': 326.1959784248182, 'elapsedTime': 30159.299999999814}",2581897038,14465613219,POINT (0.4177477107756192 0.3020333133563131),,,,,,,,,,,,,,,,,,,,,,,,,,,,,,,1,
0,30,17,"{'x': 802.0756046891889, 'y': 326.1959784248182, 'elapsedTime': 30159.299999999814}",2581913705,14465629885,POINT (0.4177477107756192 0.3020333133563131),,,,,,,,,,,,,,,,,,,,,,,,,,,,,,,1,
0,30,17,"{'x': 791.6395904520376, 'y': 280.4482414613958, 'elapsedTime': 30208.899999999907}",2581930373,14465646553,POINT (0.4123122866937696 0.2596742976494406),,,,,,,,,,,,,,,,,,,,,,,,,,,,,,1,1,
0,30,17,"{'x': 791.6395904520376, 'y': 280.4482414613958, 'elapsedTime': 30208.899999999907}",2581947040,14465663219,POINT (0.4123122866937696 0.2596742976494406),,,,,,,,,,,,,,,,,,,,,,,,,,,,,,1,1,
0,30,17,"{'x': 791.6395904520376, 'y': 280.4482414613958, 'elapsedTime': 30208.899999999907}",2581963706,14465679885,POINT (0.4123122866937696 0.2596742976494406),,,,,,,,,,,,,,,,,,,,,,,,,,,,,,1,1,
0,30,17,"{'x': 771.863440454673, 'y': 256.68394369221994, 'elapsedTime': 30258}",2581980375,14465696553,POINT (0.4020122085701422 0.237670318233537),,,,,,,,,,,,,,,,,,,,,,,,,,,,,,,1,
0,30,17,"{'x': 771.863440454673, 'y': 256.68394369221994, 'elapsedTime': 30258}",2581997040,14465713218,POINT (0.4020122085701422 0.237670318233537),,,,,,,,,,,,,,,,,,,,,,,,,,,,,,,1,
0,30,17,"{'x': 771.863440454673, 'y': 256.68394369221994, 'elapsedTime': 30258}",2582013713,14465729890,POINT (0.4020122085701422 0.237670318233537),,,,,,,,,,,,,,,,,,,,,,,,,,,,,,,1,
0,30,17,"{'x': 771.863440454673, 'y': 256.68394369221994, 'elapsedTime': 30258}",2582030379,14465746556,POINT (0.4020122085701422 0.237670318233537),,,,,,,,,,,,,,,,,,,,,,,,,,,,,,,1,
0,30,17,"{'x': 771.863440454673, 'y': 256.68394369221994, 'elapsedTime': 30258}",2582047047,14465763223,POINT (0.4020122085701422 0.237670318233537),,,,,,,,,,,,,,,,,,,,,,,,,,,,,,,1,
0,30,17,"{'x': 796.8147358465078, 'y': 247.94067290876004, 'elapsedTime': 30314.299999999814}",2582063714,14465779890,POINT (0.4150076749200561 0.2295746971377408),,,,,,,,,,,,,,,,,,,,,,,,,,,,,,,1,
0,30,17,"{'x': 796.8147358465078, 'y': 247.94067290876004, 'elapsedTime': 30314.299999999814}",2582080381,14465796556,POINT (0.4150076749200561 0.2295746971377408),,,,,,,,,,,,,,,,,,,,,,,,,,,,,,,1,
0,30,17,"{'x': 796.8147358465078, 'y': 247.94067290876004, 'elapsedTime': 30314.299999999814}",2582097049,14465813224,POINT (0.4150076749200561 0.2295746971377408),,,,,,,,,,,,,,,,,,,,,,,,,,,,,,,1,
0,30,17,"{'x': 781.7008704565909, 'y': 332.8702647548627, 'elapsedTime': 30404.099999999627}",2582113716,14465829890,POINT (0.4071358700294744 0.3082132081063544),,,,,,,,,,,,,,,,,,,,,,,,,,,,,,,1,
0,30,17,"{'x': 781.7008704565909, 'y': 332.8702647548627, 'elapsedTime': 30404.099999999627}",2582130387,14465846561,POINT (0.4071358700294744 0.3082132081063544),,,,,,,,,,,,,,,,,,,,,,,,,,,,,,,1,
0,30,17,"{'x': 793.9050228414368, 'y': 395.872157847749, 'elapsedTime': 30445.599999999627}",2582147055,14465863228,POINT (0.4134921993965817 0.3665482943034713),,,,,,,,,,,,,,,,,,,,,,,,,,,,,,,,
0,30,17,"{'x': 793.9050228414368, 'y': 395.872157847749, 'elapsedTime': 30445.599999999627}",2582163722,14465879895,POINT (0.4134921993965817 0.3665482943034713),,,,,,,,,,,,,,,,,,,,,,,,,,,,,,,,
0,30,17,"{'x': 793.9050228414368, 'y': 395.872157847749, 'elapsedTime': 30445.599999999627}",2582180389,14465896561,POINT (0.4134921993965817 0.3665482943034713),,,,,,,,,,,,,,,,,,,,,,,,,,,,,,,,
0,30,17,"{'x': 793.9050228414368, 'y': 395.872157847749, 'elapsedTime': 30445.599999999627}",2582197056,14465913228,POINT (0.4134921993965817 0.3665482943034713),,,,,,,,,,,,,,,,,,,,,,,,,,,,,,,,
0,30,17,"{'x': 801.9347093965399, 'y': 319.55720715935655, 'elapsedTime': 30486.099999999627}",2582213725,14465929896,POINT (0.4176743278106978 0.2958863029253301),,,,,,,,,,,,,,,,,,,,,,,,,,,,,,1,1,
0,30,17,"{'x': 837.9160906864389, 'y': 319.86721369097427, 'elapsedTime': 30531.599999999627}",2582230391,14465946562,POINT (0.4364146305658536 0.2961733460101614),,,,,,,,,,,,,,,,,,,,,,,,,,,,,,1,1,
0,30,17,"{'x': 837.9160906864389, 'y': 319.86721369097427, 'elapsedTime': 30531.599999999627}",2582247059,14465963229,POINT (0.4364146305658536 0.2961733460101614),,,,,,,,,,,,,,,,,,,,,,,,,,,,,,1,1,
0,30,17,"{'x': 837.9160906864389, 'y': 319.86721369097427, 'elapsedTime': 30531.599999999627}",2582263730,14465979900,POINT (0.4364146305658536 0.2961733460101614),,,,,,,,,,,,,,,,,,,,,,,,,,,,,,1,1,
0,30,17,"{'x': 837.9160906864389, 'y': 319.86721369097427, 'elapsedTime': 30531.599999999627}",2582280397,14465996566,POINT (0.4364146305658536 0.2961733460101614),,,,,,,,,,,,,,,,,,,,,,,,,,,,,,1,1,
0,30,17,"{'x': 782.1646005307756, 'y': 254.14627941377483, 'elapsedTime': 30575.299999999814}",2582297063,14466013232,POINT (0.407377396109779 0.2353206290868286),,,,,,,,,,,,,,,,,,,,,,,,,,,,,,,1,
0,30,17,"{'x': 782.1646005307756, 'y': 254.14627941377483, 'elapsedTime': 30575.299999999814}",2582313731,14466029899,POINT (0.407377396109779 0.2353206290868286),,,,,,,,,,,,,,,,,,,,,,,,,,,,,,,1,
0,30,17,"{'x': 812.7867306223254, 'y': 318.3811124467628, 'elapsedTime': 30623}",2582330398,14466046566,POINT (0.4233264221991278 0.2947973263395952),,,,,,,,,,,,,,,,,,,,,,,,,,,,,,1,1,
0,30,17,"{'x': 812.7867306223254, 'y': 318.3811124467628, 'elapsedTime': 30623}",2582347066,14466063233,POINT (0.4233264221991278 0.2947973263395952),,,,,,,,,,,,,,,,,,,,,,,,,,,,,,1,1,
0,30,17,"{'x': 812.7867306223254, 'y': 318.3811124467628, 'elapsedTime': 30623}",2582363732,14466079899,POINT (0.4233264221991278 0.2947973263395952),,,,,,,,,,,,,,,,,,,,,,,,,,,,,,1,1,
0,30,17,"{'x': 773.7205307349217, 'y': 305.76163083682763, 'elapsedTime': 30666.5}",2582380400,14466096566,POINT (0.4029794430911051 0.2831126211452108),,,,,,,,,,,,,,,,,,,,,,,,,,,,,,1,1,
0,30,17,"{'x': 773.7205307349217, 'y': 305.76163083682763, 'elapsedTime': 30666.5}",2582397071,14466113237,POINT (0.4029794430911051 0.2831126211452108),,,,,,,,,,,,,,,,,,,,,,,,,,,,,,1,1,
0,30,17,"{'x': 773.7205307349217, 'y': 305.76163083682763, 'elapsedTime': 30666.5}",2582413739,14466129904,POINT (0.4029794430911051 0.2831126211452108),,,,,,,,,,,,,,,,,,,,,,,,,,,,,,1,1,
0,30,17,"{'x': 761.2546510643707, 'y': 305.0764503645473, 'elapsedTime': 30709.69999999972}",2582430406,14466146571,POINT (0.3964867974293597 0.2824781947819883),,,,,,,,,,,,,,,,,,,,,,,,,,,,,,1,1,
0,30,17,"{'x': 761.2546510643707, 'y': 305.0764503645473, 'elapsedTime': 30709.69999999972}",2582447081,14466163245,POINT (0.3964867974293597 0.2824781947819883),,,,,,,,,,,,,,,,,,,,,,,,,,,,,,1,1,
0,30,17,"{'x': 768.2055441699383, 'y': 334.14265918290306, 'elapsedTime': 30754.399999999907}",2582463748,14466179912,POINT (0.4001070542551762 0.3093913510952806),,,,,,,,,,,,,,,,,,,,,,,,,,,,,,,1,
0,30,17,"{'x': 768.2055441699383, 'y': 334.14265918290306, 'elapsedTime': 30754.399999999907}",2582480415,14466196578,POINT (0.4001070542551762 0.3093913510952806),,,,,,,,,,,,,,,,,,,,,,,,,,,,,,,1,
0,30,17,"{'x': 768.2055441699383, 'y': 334.14265918290306, 'elapsedTime': 30754.399999999907}",2582497074,14466213237,POINT (0.4001070542551762 0.3093913510952806),,,,,,,,,,,,,,,,,,,,,,,,,,,,,,,1,
0,30,17,"{'x': 785.550200244598, 'y': 400.0160648774792, 'elapsedTime': 30799.599999999627}",2582513743,14466229905,POINT (0.4091407292940615 0.3703852452569252),,,,,,,,,,,,,,,,,,,,,,,,,,,,,,,,
0,30,17,"{'x': 785.550200244598, 'y': 400.0160648774792, 'elapsedTime': 30799.599999999627}",2582530413,14466246575,POINT (0.4091407292940615 0.3703852452569252),,,,,,,,,,,,,,,,,,,,,,,,,,,,,,,,
0,30,17,"{'x': 785.550200244598, 'y': 400.0160648774792, 'elapsedTime': 30799.599999999627}",2582547081,14466263242,POINT (0.4091407292940615 0.3703852452569252),,,,,,,,,,,,,,,,,,,,,,,,,,,,,,,,
0,30,17,"{'x': 748.2076659445896, 'y': 435.9543561456334, 'elapsedTime': 30851.399999999907}",2582563748,14466279909,POINT (0.3896914926794738 0.4036614408755865),,,,,,,,,,,,,,,,,,,,,,,,,,,,,,,,
0,30,17,"{'x': 748.2076659445896, 'y': 435.9543561456334, 'elapsedTime': 30851.399999999907}",2582580415,14466296575,POINT (0.3896914926794738 0.4036614408755865),,,,,,,,,,,,,,,,,,,,,,,,,,,,,,,,
0,30,17,"{'x': 748.2076659445896, 'y': 435.9543561456334, 'elapsedTime': 30851.399999999907}",2582597082,14466313242,POINT (0.3896914926794738 0.4036614408755865),,,,,,,,,,,,,,,,,,,,,,,,,,,,,,,,
0,30,17,"{'x': 716.6513986284134, 'y': 469.47433281037536, 'elapsedTime': 30894.799999999814}",2582613749,14466329908,POINT (0.373255936785632 0.4346984563059031),,,,,,,,,,,,,,,,,,,,,,,,,,,,,,,,
0,30,17,"{'x': 716.6513986284134, 'y': 469.47433281037536, 'elapsedTime': 30894.799999999814}",2582630416,14466346575,POINT (0.373255936785632 0.4346984563059031),,,,,,,,,,,,,,,,,,,,,,,,,,,,,,,,
0,30,17,"{'x': 716.6513986284134, 'y': 469.47433281037536, 'elapsedTime': 30894.799999999814}",2582647083,14466363241,POINT (0.373255936785632 0.4346984563059031),,,,,,,,,,,,,,,,,,,,,,,,,,,,,,,,
0,30,17,"{'x': 705.8374243319472, 'y': 470.45564903698283, 'elapsedTime': 30943.19999999972}",2582663756,14466379914,POINT (0.3676236585062225 0.4356070824416508),,,,,,,,,,,,,,,,,,,,,,,,,,,,,,,,
0,30,17,"{'x': 705.8374243319472, 'y': 470.45564903698283, 'elapsedTime': 30943.19999999972}",2582680424,14466396581,POINT (0.3676236585062225 0.4356070824416508),,,,,,,,,,,,,,,,,,,,,,,,,,,,,,,,
0,30,17,"{'x': 735.6123662979857, 'y': 482.4888232715413, 'elapsedTime': 30987.399999999907}",2582697092,14466413248,POINT (0.3831314407802008 0.4467489104366124),,,,,,,,,,,,,,,,,,,,,,,,,,,,,,,,
0,30,17,"{'x': 735.6123662979857, 'y': 482.4888232715413, 'elapsedTime': 30987.399999999907}",2582713758,14466429914,POINT (0.3831314407802008 0.4467489104366124),,,,,,,,,,,,,,,,,,,,,,,,,,,,,,,,
0,30,17,"{'x': 735.6123662979857, 'y': 482.4888232715413, 'elapsedTime': 30987.399999999907}",2582730426,14466446581,POINT (0.3831314407802008 0.4467489104366124),,,,,,,,,,,,,,,,,,,,,,,,,,,,,,,,
0,30,17,"{'x': 730.823991176275, 'y': 451.35693007401005, 'elapsedTime': 31034.899999999907}",2582747092,14466463247,POINT (0.3806374954043099 0.4179230834018612),,,,,,,,,,,,,,,,,,,,,,,,,,,,,,,,
0,30,17,"{'x': 730.823991176275, 'y': 451.35693007401005, 'elapsedTime': 31034.899999999907}",2582763760,14466479914,POINT (0.3806374954043099 0.4179230834018612),,,,,,,,,,,,,,,,,,,,,,,,,,,,,,,,
0,30,17,"{'x': 730.823991176275, 'y': 451.35693007401005, 'elapsedTime': 31034.899999999907}",2582780427,14466496581,POINT (0.3806374954043099 0.4179230834018612),,,,,,,,,,,,,,,,,,,,,,,,,,,,,,,,
0,30,17,"{'x': 716.4065186352044, 'y': 513.1612416766402, 'elapsedTime': 31081.5}",2582797099,14466513252,POINT (0.3731283951225023 0.4751492978487409),,,,,,,,,,,,,,,,,,,,,,,,,,,,,,,,
0,30,17,"{'x': 716.4065186352044, 'y': 513.1612416766402, 'elapsedTime': 31081.5}",2582813765,14466529918,POINT (0.3731283951225023 0.4751492978487409),,,,,,,,,,,,,,,,,,,,,,,,,,,,,,,,
0,30,17,"{'x': 716.4065186352044, 'y': 513.1612416766402, 'elapsedTime': 31081.5}",2582830433,14466546585,POINT (0.3731283951225023 0.4751492978487409),,,,,,,,,,,,,,,,,,,,,,,,,,,,,,,,
0,30,17,"{'x': 705.342550178102, 'y': 543.2667580753157, 'elapsedTime': 31125.099999999627}",2582847100,14466563252,POINT (0.3673659115510948 0.5030247759956626),,,,,,,,,,,,,,,,,,,,,,,,,,,,,,,1,
0,30,17,"{'x': 705.342550178102, 'y': 543.2667580753157, 'elapsedTime': 31125.099999999627}",2582863767,14466579918,POINT (0.3673659115510948 0.5030247759956626),,,,,,,,,,,,,,,,,,,,,,,,,,,,,,,1,
0,30,17,"{'x': 705.342550178102, 'y': 543.2667580753157, 'elapsedTime': 31125.099999999627}",2582880434,14466596585,POINT (0.3673659115510948 0.5030247759956626),,,,,,,,,,,,,,,,,,,,,,,,,,,,,,,1,
0,30,17,"{'x': 705.342550178102, 'y': 543.2667580753157, 'elapsedTime': 31125.099999999627}",2582897101,14466613251,POINT (0.3673659115510948 0.5030247759956626),,,,,,,,,,,,,,,,,,,,,,,,,,,,,,,1,
0,30,17,"{'x': 694.432794890668, 'y': 574.8401491805897, 'elapsedTime': 31174.599999999627}",2582913768,14466629918,POINT (0.3616837473388896 0.532259397389435),,,,,,,,,,,,,,,,,,,,,,,,,,,,,,,1,
0,30,17,"{'x': 694.432794890668, 'y': 574.8401491805897, 'elapsedTime': 31174.599999999627}",2582930441,14466646590,POINT (0.3616837473388896 0.532259397389435),,,,,,,,,,,,,,,,,,,,,,,,,,,,,,,1,
0,30,17,"{'x': 694.432794890668, 'y': 574.8401491805897, 'elapsedTime': 31174.599999999627}",2582947107,14466663256,POINT (0.3616837473388896 0.532259397389435),,,,,,,,,,,,,,,,,,,,,,,,,,,,,,,1,
0,30,17,"{'x': 720.6556443257583, 'y': 566.3438213109248, 'elapsedTime': 31247.19999999972}",2582963775,14466679923,POINT (0.3753414814196658 0.5243924271397452),,,,,,,,,,,,,,,,,,,,,,,,,,,,,,,1,
0,30,17,"{'x': 720.6556443257583, 'y': 566.3438213109248, 'elapsedTime': 31247.19999999972}",2582980441,14466696589,POINT (0.3753414814196658 0.5243924271397452),,,,,,,,,,,,,,,,,,,,,,,,,,,,,,,1,
0,30,17,"{'x': 720.6556443257583, 'y': 566.3438213109248, 'elapsedTime': 31247.19999999972}",2582997109,14466713256,POINT (0.3753414814196658 0.5243924271397452),,,,,,,,,,,,,,,,,,,,,,,,,,,,,,,1,
0,30,17,"{'x': 694.248520854056, 'y': 645.7946483660502, 'elapsedTime': 31298.69999999972}",2583013776,14466729923,POINT (0.3615877712781542 0.5979580077463428),,,,,,,,,,,,,,,,,,,,,,,,,,,,,,,1,
0,30,17,"{'x': 694.248520854056, 'y': 645.7946483660502, 'elapsedTime': 31298.69999999972}",2583030443,14466746589,POINT (0.3615877712781542 0.5979580077463428),,,,,,,,,,,,,,,,,,,,,,,,,,,,,,,1,
0,30,17,"{'x': 694.248520854056, 'y': 645.7946483660502, 'elapsedTime': 31298.69999999972}",2583047114,14466763260,POINT (0.3615877712781542 0.5979580077463428),,,,,,,,,,,,,,,,,,,,,,,,,,,,,,,1,
0,30,17,"{'x': 694.248520854056, 'y': 645.7946483660502, 'elapsedTime': 31298.69999999972}",2583063781,14466779926,POINT (0.3615877712781542 0.5979580077463428),,,,,,,,,,,,,,,,,,,,,,,,,,,,,,,1,
0,30,17,"{'x': 700.2747531549524, 'y': 603.9443769824761, 'elapsedTime': 31355.69999999972}",2583080447,14466796592,POINT (0.364726433934871 0.5592077564652557),,,,,,,,,,,,,,,,,,,,,,,,,,,,,,,1,
0,30,17,"{'x': 700.2747531549524, 'y': 603.9443769824761, 'elapsedTime': 31355.69999999972}",2583097115,14466813259,POINT (0.364726433934871 0.5592077564652557),,,,,,,,,,,,,,,,,,,,,,,,,,,,,,,1,
0,30,17,"{'x': 670.4259711648438, 'y': 599.2423945761981, 'elapsedTime': 31403.5}",2583113782,14466829926,POINT (0.3491801933150228 0.5548540690520353),,,,,,,,,,,,,,,,,,,,,,,,,,,,,,,1,
0,30,17,"{'x': 670.4259711648438, 'y': 599.2423945761981, 'elapsedTime': 31403.5}",2583130450,14466846593,POINT (0.3491801933150228 0.5548540690520353),,,,,,,,,,,,,,,,,,,,,,,,,,,,,,,1,
0,30,17,"{'x': 670.4259711648438, 'y': 599.2423945761981, 'elapsedTime': 31403.5}",2583147116,14466863259,POINT (0.3491801933150228 0.5548540690520353),,,,,,,,,,,,,,,,,,,,,,,,,,,,,,,1,
0,30,17,"{'x': 638.6744071181508, 'y': 620.7218943423998, 'elapsedTime': 31449.5}",2583163784,14466879926,POINT (0.3326429203740369 0.5747424947614813),,,,,,,,,,,,,,,,,,,,,,,,,,,,,,,1,
0,30,17,"{'x': 638.6744071181508, 'y': 620.7218943423998, 'elapsedTime': 31449.5}",2583180460,14466896602,POINT (0.3326429203740369 0.5747424947614813),,,,,,,,,,,,,,,,,,,,,,,,,,,,,,,1,
0,30,17,"{'x': 638.6744071181508, 'y': 620.7218943423998, 'elapsedTime': 31449.5}",2583197126,14466913268,POINT (0.3326429203740369 0.5747424947614813),,,,,,,,,,,,,,,,,,,,,,,,,,,,,,,1,
0,30,17,"{'x': 655.735775511265, 'y': 566.9153515067103, 'elapsedTime': 31499.799999999814}",2583213793,14466929935,POINT (0.3415290497454506 0.5249216217654725),,,,,,,,,,,,,,,,,,,,,,,,,,,,,,,1,
0,30,17,"{'x': 655.735775511265, 'y': 566.9153515067103, 'elapsedTime': 31499.799999999814}",2583230460,14466946601,POINT (0.3415290497454506 0.5249216217654725),,,,,,,,,,,,,,,,,,,,,,,,,,,,,,,1,
0,30,17,"{'x': 655.735775511265, 'y': 566.9153515067103, 'elapsedTime': 31499.799999999814}",2583247127,14466963268,POINT (0.3415290497454506 0.5249216217654725),,,,,,,,,,,,,,,,,,,,,,,,,,,,,,,1,
0,30,17,"{'x': 663.1376182287468, 'y': 556.5282380237459, 'elapsedTime': 31550.599999999627}",2583263795,14466979935,POINT (0.3453841761608056 0.515303924096061),,,,,,,,,,,,,,,,,,,,,,,,,,,,,,,1,
0,30,17,"{'x': 663.1376182287468, 'y': 556.5282380237459, 'elapsedTime': 31550.599999999627}",2583280462,14466996602,POINT (0.3453841761608056 0.515303924096061),,,,,,,,,,,,,,,,,,,,,,,,,,,,,,,1,
0,30,17,"{'x': 663.1376182287468, 'y': 556.5282380237459, 'elapsedTime': 31550.599999999627}",2583297129,14467013268,POINT (0.3453841761608056 0.515303924096061),,,,,,,,,,,,,,,,,,,,,,,,,,,,,,,1,
0,30,17,"{'x': 614.7357035706174, 'y': 585.2434102254057, 'elapsedTime': 31602.099999999627}",2583313797,14467029936,POINT (0.3201748456096966 0.5418920465050052),,,,,,,,,,,,,,,,,,,,,,,,,,,,,,,1,
0,30,17,"{'x': 614.7357035706174, 'y': 585.2434102254057, 'elapsedTime': 31602.099999999627}",2583330464,14467046602,POINT (0.3201748456096966 0.5418920465050052),,,,,,,,,,,,,,,,,,,,,,,,,,,,,,,1,
0,30,17,"{'x': 614.7357035706174, 'y': 585.2434102254057, 'elapsedTime': 31602.099999999627}",2583347131,14467063269,POINT (0.3201748456096966 0.5418920465050052),,,,,,,,,,,,,,,,,,,,,,,,,,,,,,,1,
0,30,17,"{'x': 614.7357035706174, 'y': 585.2434102254057, 'elapsedTime': 31602.099999999627}",2583363798,14467079936,POINT (0.3201748456096966 0.5418920465050052),,,,,,,,,,,,,,,,,,,,,,,,,,,,,,,1,
0,30,17,"{'x': 617.0605738208764, 'y': 537.772126916164, 'elapsedTime': 31653.899999999907}",2583380464,14467096602,POINT (0.3213857155317064 0.4979371545520037),,,,,,,,,,,,,,,,,,,,,,,,,,,,,,,,
0,30,17,"{'x': 617.0605738208764, 'y': 537.772126916164, 'elapsedTime': 31653.899999999907}",2583397132,14467113269,POINT (0.3213857155317064 0.4979371545520037),,,,,,,,,,,,,,,,,,,,,,,,,,,,,,,,
0,30,17,"{'x': 617.0605738208764, 'y': 537.772126916164, 'elapsedTime': 31653.899999999907}",2583413798,14467129935,POINT (0.3213857155317064 0.4979371545520037),,,,,,,,,,,,,,,,,,,,,,,,,,,,,,,,
0,30,17,"{'x': 655.9150580435984, 'y': 496.78937763884744, 'elapsedTime': 31706.799999999814}",2583430467,14467146603,POINT (0.3416224260643742 0.4599901644804143),,,,,,,,,,,,,,,,,,,,,,,,,,,,,,,,
0,30,17,"{'x': 655.9150580435984, 'y': 496.78937763884744, 'elapsedTime': 31706.799999999814}",2583447140,14467163276,POINT (0.3416224260643742 0.4599901644804143),,,,,,,,,,,,,,,,,,,,,,,,,,,,,,,,
0,30,17,"{'x': 655.9150580435984, 'y': 496.78937763884744, 'elapsedTime': 31706.799999999814}",2583463807,14467179942,POINT (0.3416224260643742 0.4599901644804143),,,,,,,,,,,,,,,,,,,,,,,,,,,,,,,,
0,30,17,"{'x': 655.9150580435984, 'y': 496.78937763884744, 'elapsedTime': 31706.799999999814}",2583480474,14467196609,POINT (0.3416224260643742 0.4599901644804143),,,,,,,,,,,,,,,,,,,,,,,,,,,,,,,,
0,30,17,"{'x': 704.3887398655473, 'y': 503.0505480461811, 'elapsedTime': 31758.5}",2583497142,14467213276,POINT (0.3668691353466392 0.4657875444872047),,,,,,,,,,,,,,,,,,,,,,,,,,,,,,,,
0,30,17,"{'x': 704.3887398655473, 'y': 503.0505480461811, 'elapsedTime': 31758.5}",2583513808,14467229942,POINT (0.3668691353466392 0.4657875444872047),,,,,,,,,,,,,,,,,,,,,,,,,,,,,,,,
0,30,17,"{'x': 704.3887398655473, 'y': 503.0505480461811, 'elapsedTime': 31758.5}",2583530475,14467246609,POINT (0.3668691353466392 0.4657875444872047),,,,,,,,,,,,,,,,,,,,,,,,,,,,,,,,
0,30,17,"{'x': 717.5612678620587, 'y': 554.8363676898405, 'elapsedTime': 31821.5}",2583547142,14467263276,POINT (0.3737298270114889 0.513737377490593),,,,,,,,,,,,,,,,,,,,,,,,,,,,,,,1,
0,30,17,"{'x': 717.5612678620587, 'y': 554.8363676898405, 'elapsedTime': 31821.5}",2583563810,14467279943,POINT (0.3737298270114889 0.513737377490593),,,,,,,,,,,,,,,,,,,,,,,,,,,,,,,1,
0,30,17,"{'x': 717.5612678620587, 'y': 554.8363676898405, 'elapsedTime': 31821.5}",2583580480,14467296612,POINT (0.3737298270114889 0.513737377490593),,,,,,,,,,,,,,,,,,,,,,,,,,,,,,,1,
0,30,17,"{'x': 725.5186189572462, 'y': 523.3727755334637, 'elapsedTime': 31882.599999999627}",2583597146,14467313278,POINT (0.377874280706899 0.4846044217902442),,,,,,,,,,,,,,,,,,,,,,,,,,,,,,,,
0,30,17,"{'x': 725.5186189572462, 'y': 523.3727755334637, 'elapsedTime': 31882.599999999627}",2583613813,14467329944,POINT (0.377874280706899 0.4846044217902442),,,,,,,,,,,,,,,,,,,,,,,,,,,,,,,,
0,30,17,"{'x': 725.5186189572462, 'y': 523.3727755334637, 'elapsedTime': 31882.599999999627}",2583630480,14467346611,POINT (0.377874280706899 0.4846044217902442),,,,,,,,,,,,,,,,,,,,,,,,,,,,,,,,
0,30,17,"{'x': 764.7705589973065, 'y': 433.24839553010816, 'elapsedTime': 31931.5}",2583647148,14467363278,POINT (0.3983179994777638 0.4011559217871372),,,,,,,,,,,,,,,,,,,,,,,,,,,,,,,,
0,30,17,"{'x': 764.7705589973065, 'y': 433.24839553010816, 'elapsedTime': 31931.5}",2583663815,14467379945,POINT (0.3983179994777638 0.4011559217871372),,,,,,,,,,,,,,,,,,,,,,,,,,,,,,,,
0,30,17,"{'x': 764.7705589973065, 'y': 433.24839553010816, 'elapsedTime': 31931.5}",2583680481,14467396611,POINT (0.3983179994777638 0.4011559217871372),,,,,,,,,,,,,,,,,,,,,,,,,,,,,,,,
0,30,17,"{'x': 811.4981760429627, 'y': 402.19136840268476, 'elapsedTime': 31978.299999999814}",2583697148,14467413278,POINT (0.4226553000223764 0.3723994151876711),,,,,,,,,,,,,,,,,,,,,,,,,,,,,,,,
0,30,17,"{'x': 811.4981760429627, 'y': 402.19136840268476, 'elapsedTime': 31978.299999999814}",2583713821,14467429950,POINT (0.4226553000223764 0.3723994151876711),,,,,,,,,,,,,,,,,,,,,,,,,,,,,,,,
0,30,17,"{'x': 811.4981760429627, 'y': 402.19136840268476, 'elapsedTime': 31978.299999999814}",2583730488,14467446617,POINT (0.4226553000223764 0.3723994151876711),,,,,,,,,,,,,,,,,,,,,,,,,,,,,,,,
0,30,17,"{'x': 828.176591519162, 'y': 294.8454126680605, 'elapsedTime': 32030.5}",2583747156,14467463284,POINT (0.4313419747495635 0.2730050117296856),,,,,,,,,,,,,,,,,,,,,,,,,,,,,,1,1,
0,30,17,"{'x': 828.176591519162, 'y': 294.8454126680605, 'elapsedTime': 32030.5}",2583763822,14467479950,POINT (0.4313419747495635 0.2730050117296856),,,,,,,,,,,,,,,,,,,,,,,,,,,,,,1,1,
0,30,17,"{'x': 828.176591519162, 'y': 294.8454126680605, 'elapsedTime': 32030.5}",2583780490,14467496617,POINT (0.4313419747495635 0.2730050117296856),,,,,,,,,,,,,,,,,,,,,,,,,,,,,,1,1,
0,30,17,"{'x': 828.176591519162, 'y': 294.8454126680605, 'elapsedTime': 32030.5}",2583797157,14467513284,POINT (0.4313419747495635 0.2730050117296856),,,,,,,,,,,,,,,,,,,,,,,,,,,,,,1,1,
0,30,17,"{'x': 799.0904124036495, 'y': 239.3759930107024, 'elapsedTime': 32075.19999999972}",2583813825,14467529951,POINT (0.4161929231269008 0.2216444379728726),,,,,,,,,,,,,,,,,,,,,,,,,,,,,,,1,
0,30,17,"{'x': 799.0904124036495, 'y': 239.3759930107024, 'elapsedTime': 32075.19999999972}",2583830491,14467546617,POINT (0.4161929231269008 0.2216444379728726),,,,,,,,,,,,,,,,,,,,,,,,,,,,,,,1,
0,30,17,"{'x': 805.7002093350789, 'y': 318.7654919484719, 'elapsedTime': 32132.099999999627}",2583847162,14467563288,POINT (0.4196355256953536 0.2951532332856221),,,,,,,,,,,,,,,,,,,,,,,,,,,,,,1,1,
0,30,17,"{'x': 805.7002093350789, 'y': 318.7654919484719, 'elapsedTime': 32132.099999999627}",2583863828,14467579954,POINT (0.4196355256953536 0.2951532332856221),,,,,,,,,,,,,,,,,,,,,,,,,,,,,,1,1,
0,30,17,"{'x': 805.7002093350789, 'y': 318.7654919484719, 'elapsedTime': 32132.099999999627}",2583880496,14467596621,POINT (0.4196355256953536 0.2951532332856221),,,,,,,,,,,,,,,,,,,,,,,,,,,,,,1,1,
0,30,17,"{'x': 829.0399014504203, 'y': 417.93049816590116, 'elapsedTime': 32183.5}",2583897163,14467613288,POINT (0.4317916153387606 0.3869726834869455),,,,,,,,,,,,,,,,,,,,,,,,,,,,,,,,
0,30,17,"{'x': 829.0399014504203, 'y': 417.93049816590116, 'elapsedTime': 32183.5}",2583913831,14467629955,POINT (0.4317916153387606 0.3869726834869455),,,,,,,,,,,,,,,,,,,,,,,,,,,,,,,,
0,30,17,"{'x': 829.0399014504203, 'y': 417.93049816590116, 'elapsedTime': 32183.5}",2583930497,14467646621,POINT (0.4317916153387606 0.3869726834869455),,,,,,,,,,,,,,,,,,,,,,,,,,,,,,,,
0,30,17,"{'x': 812.2202962719491, 'y': 375.4537112178748, 'elapsedTime': 32231.69999999972}",2583947164,14467663287,POINT (0.4230314043083068 0.3476423252017359),,,,,,,,,,,,,,,,,,,,,,,,,,,,,,,,
0,30,17,"{'x': 812.2202962719491, 'y': 375.4537112178748, 'elapsedTime': 32231.69999999972}",2583963834,14467679957,POINT (0.4230314043083068 0.3476423252017359),,,,,,,,,,,,,,,,,,,,,,,,,,,,,,,,
0,30,17,"{'x': 812.2202962719491, 'y': 375.4537112178748, 'elapsedTime': 32231.69999999972}",2583980502,14467696624,POINT (0.4230314043083068 0.3476423252017359),,,,,,,,,,,,,,,,,,,,,,,,,,,,,,,,
0,30,17,"{'x': 812.2202962719491, 'y': 375.4537112178748, 'elapsedTime': 32231.69999999972}",2583997169,14467713291,POINT (0.4230314043083068 0.3476423252017359),,,,,,,,,,,,,,,,,,,,,,,,,,,,,,,,
0,30,17,"{'x': 837.7144888290396, 'y': 321.3007585347423, 'elapsedTime': 32284.299999999814}",2584013835,14467729957,POINT (0.4363096295984582 0.2975007023469836),,,,,,,,,,,,,,,,,,,,,,,,,,,,,,,1,
0,30,17,"{'x': 837.7144888290396, 'y': 321.3007585347423, 'elapsedTime': 32284.299999999814}",2584030502,14467746624,POINT (0.4363096295984582 0.2975007023469836),,,,,,,,,,,,,,,,,,,,,,,,,,,,,,,1,
0,30,17,"{'x': 837.7144888290396, 'y': 321.3007585347423, 'elapsedTime': 32284.299999999814}",2584047169,14467763290,POINT (0.4363096295984582 0.2975007023469836),,,,,,,,,,,,,,,,,,,,,,,,,,,,,,,1,
0,30,17,"{'x': 854.6428915824271, 'y': 252.70463569376867, 'elapsedTime': 32348.299999999814}",2584063836,14467779957,POINT (0.4451265060325141 0.2339857737905265),,,,,,,,,,,,,,,,,,,,,,,,,,,,,,,1,
0,30,17,"{'x': 854.6428915824271, 'y': 252.70463569376867, 'elapsedTime': 32348.299999999814}",2584080504,14467796624,POINT (0.4451265060325141 0.2339857737905265),,,,,,,,,,,,,,,,,,,,,,,,,,,,,,,1,
0,30,17,"{'x': 854.6428915824271, 'y': 252.70463569376867, 'elapsedTime': 32348.299999999814}",2584097176,14467813296,POINT (0.4451265060325141 0.2339857737905265),,,,,,,,,,,,,,,,,,,,,,,,,,,,,,,1,
0,30,17,"{'x': 913.44827184259, 'y': 270.26079808739456, 'elapsedTime': 32398.399999999907}",2584113846,14467829965,POINT (0.475754308251349 0.2502414797105505),,,,,,,,,,,,,,,,,,,,,,,,,,,,,,1,1,
0,30,17,"{'x': 913.44827184259, 'y': 270.26079808739456, 'elapsedTime': 32398.399999999907}",2584130512,14467846631,POINT (0.475754308251349 0.2502414797105505),,,,,,,,,,,,,,,,,,,,,,,,,,,,,,1,1,
0,30,17,"{'x': 913.44827184259, 'y': 270.26079808739456, 'elapsedTime': 32398.399999999907}",2584147180,14467863298,POINT (0.475754308251349 0.2502414797105505),,,,,,,,,,,,,,,,,,,,,,,,,,,,,,1,1,
0,30,17,"{'x': 913.44827184259, 'y': 270.26079808739456, 'elapsedTime': 32398.399999999907}",2584163845,14467879964,POINT (0.475754308251349 0.2502414797105505),,,,,,,,,,,,,,,,,,,,,,,,,,,,,,1,1,
0,30,17,"{'x': 858.8135014224321, 'y': 235.04361899288398, 'elapsedTime': 32449.099999999627}",2584180513,14467896631,POINT (0.4472986986575167 0.2176329805489666),,,,,,,,,,,,,,,,,,,,,,,,,,,,,,,1,
0,30,17,"{'x': 858.8135014224321, 'y': 235.04361899288398, 'elapsedTime': 32449.099999999627}",2584197180,14467913298,POINT (0.4472986986575167 0.2176329805489666),,,,,,,,,,,,,,,,,,,,,,,,,,,,,,,1,
0,30,17,"{'x': 858.8135014224321, 'y': 235.04361899288398, 'elapsedTime': 32449.099999999627}",2584213847,14467929964,POINT (0.4472986986575167 0.2176329805489666),,,,,,,,,,,,,,,,,,,,,,,,,,,,,,,1,
0,30,17,"{'x': 843.2985704489801, 'y': 197.74135696558574, 'elapsedTime': 32500.299999999814}",2584230518,14467946635,POINT (0.4392180054421771 0.183093849042209),,,,,,,,,,,,,,,,,,,,,,,,,,,,,,1,,
0,30,17,"{'x': 843.2985704489801, 'y': 197.74135696558574, 'elapsedTime': 32500.299999999814}",2584247185,14467963301,POINT (0.4392180054421771 0.183093849042209),,,,,,,,,,,,,,,,,,,,,,,,,,,,,,1,,
0,30,17,"{'x': 843.2985704489801, 'y': 197.74135696558574, 'elapsedTime': 32500.299999999814}",2584263851,14467979967,POINT (0.4392180054421771 0.183093849042209),,,,,,,,,,,,,,,,,,,,,,,,,,,,,,1,,
0,30,17,"{'x': 764.6495114442308, 'y': 341.6760450712343, 'elapsedTime': 32556}",2584280520,14467996635,POINT (0.3982549538772036 0.316366708399291),,,,,,,,,,,,,,,,,,,,,,,,,,,,,,,1,
0,30,17,"{'x': 764.6495114442308, 'y': 341.6760450712343, 'elapsedTime': 32556}",2584297187,14468013302,POINT (0.3982549538772036 0.316366708399291),,,,,,,,,,,,,,,,,,,,,,,,,,,,,,,1,
0,30,17,"{'x': 764.6495114442308, 'y': 341.6760450712343, 'elapsedTime': 32556}",2584313854,14468029968,POINT (0.3982549538772036 0.316366708399291),,,,,,,,,,,,,,,,,,,,,,,,,,,,,,,1,
0,30,17,"{'x': 733.220859124649, 'y': 318.06188628082765, 'elapsedTime': 32604}",2584330520,14468046635,POINT (0.3818858641274214 0.2945017465563219),,,,,,,,,,,,,,,,,,,,,,,,,,,,,,1,1,
0,30,17,"{'x': 733.220859124649, 'y': 318.06188628082765, 'elapsedTime': 32604}",2584347188,14468063302,POINT (0.3818858641274214 0.2945017465563219),,,,,,,,,,,,,,,,,,,,,,,,,,,,,,1,1,
0,30,17,"{'x': 711.9219847109601, 'y': 243.17449490991964, 'elapsedTime': 32657.899999999907}",2584363859,14468079973,POINT (0.3707927003702917 0.2251615693610367),,,,,,,,,,,,,,,,,,,,,,,,,,,,,,,1,
0,30,17,"{'x': 711.9219847109601, 'y': 243.17449490991964, 'elapsedTime': 32657.899999999907}",2584380526,14468096639,POINT (0.3707927003702917 0.2251615693610367),,,,,,,,,,,,,,,,,,,,,,,,,,,,,,,1,
0,30,17,"{'x': 711.9219847109601, 'y': 243.17449490991964, 'elapsedTime': 32657.899999999907}",2584397201,14468113314,POINT (0.3707927003702917 0.2251615693610367),,,,,,,,,,,,,,,,,,,,,,,,,,,,,,,1,
0,30,17,"{'x': 711.9219847109601, 'y': 243.17449490991964, 'elapsedTime': 32657.899999999907}",2584413868,14468129980,POINT (0.3707927003702917 0.2251615693610367),,,,,,,,,,,,,,,,,,,,,,,,,,,,,,,1,
0,30,17,"{'x': 724.2218531045047, 'y': 160.22909157089146, 'elapsedTime': 32707.399999999907}",2584430535,14468146647,POINT (0.3771988818252628 0.1483602699730476),,,,,,,,,,,,,,,,,,,,,,,,,,,,,,1,,
0,30,17,"{'x': 724.2218531045047, 'y': 160.22909157089146, 'elapsedTime': 32707.399999999907}",2584447203,14468163314,POINT (0.3771988818252628 0.1483602699730476),,,,,,,,,,,,,,,,,,,,,,,,,,,,,,1,,
0,30,17,"{'x': 724.2218531045047, 'y': 160.22909157089146, 'elapsedTime': 32707.399999999907}",2584463870,14468179981,POINT (0.3771988818252628 0.1483602699730476),,,,,,,,,,,,,,,,,,,,,,,,,,,,,,1,,
0,30,17,"{'x': 724.2218531045047, 'y': 160.22909157089146, 'elapsedTime': 32707.399999999907}",2584480537,14468196647,POINT (0.3771988818252628 0.1483602699730476),,,,,,,,,,,,,,,,,,,,,,,,,,,,,,1,,
0,30,17,"{'x': 736.4486817411696, 'y': 269.2926801079054, 'elapsedTime': 32769.299999999814}",2584497206,14468213316,POINT (0.3835670217401925 0.2493450741739865),,,,,,,,,,,,,,,,,,,,,,,,,,,,,,1,1,
0,30,17,"{'x': 736.4486817411696, 'y': 269.2926801079054, 'elapsedTime': 32769.299999999814}",2584513872,14468229982,POINT (0.3835670217401925 0.2493450741739865),,,,,,,,,,,,,,,,,,,,,,,,,,,,,,1,1,
0,30,17,"{'x': 736.4486817411696, 'y': 269.2926801079054, 'elapsedTime': 32769.299999999814}",2584530540,14468246649,POINT (0.3835670217401925 0.2493450741739865),,,,,,,,,,,,,,,,,,,,,,,,,,,,,,1,1,
0,30,17,"{'x': 823.0303974337321, 'y': 384.9580761459766, 'elapsedTime': 32828.19999999972}",2584547207,14468263316,POINT (0.4286616653300688 0.3564426630981264),,,,,,,,,,,,,,,,,,,,,,,,,,,,,,,,
0,30,17,"{'x': 823.0303974337321, 'y': 384.9580761459766, 'elapsedTime': 32828.19999999972}",2584563875,14468279983,POINT (0.4286616653300688 0.3564426630981264),,,,,,,,,,,,,,,,,,,,,,,,,,,,,,,,
0,30,17,"{'x': 823.0303974337321, 'y': 384.9580761459766, 'elapsedTime': 32828.19999999972}",2584580539,14468296647,POINT (0.4286616653300688 0.3564426630981264),,,,,,,,,,,,,,,,,,,,,,,,,,,,,,,,
0,30,17,"{'x': 905.971068273908, 'y': 484.89857861253034, 'elapsedTime': 32876}",2584597207,14468313314,POINT (0.4718599313926604 0.4489801653819726),,,,,,,,,,,,,,,,,,,,,,,,,,,,,,,,
0,30,17,"{'x': 905.971068273908, 'y': 484.89857861253034, 'elapsedTime': 32876}",2584613873,14468329980,POINT (0.4718599313926604 0.4489801653819726),,,,,,,,,,,,,,,,,,,,,,,,,,,,,,,,
0,30,17,"{'x': 905.971068273908, 'y': 484.89857861253034, 'elapsedTime': 32876}",2584630544,14468346651,POINT (0.4718599313926604 0.4489801653819726),,,,,,,,,,,,,,,,,,,,,,,,,,,,,,,,
0,30,17,"{'x': 908.6053952744077, 'y': 599.303823028935, 'elapsedTime': 32927.19999999972}",2584647211,14468363318,POINT (0.4732319767054207 0.5549109472490139),,,,,,,,,,,,,,,,,,,,,,,,,,,,,,,1,
0,30,17,"{'x': 908.6053952744077, 'y': 599.303823028935, 'elapsedTime': 32927.19999999972}",2584663877,14468379983,POINT (0.4732319767054207 0.5549109472490139),,,,,,,,,,,,,,,,,,,,,,,,,,,,,,,1,
0,30,17,"{'x': 908.6053952744077, 'y': 599.303823028935, 'elapsedTime': 32927.19999999972}",2584680543,14468396649,POINT (0.4732319767054207 0.5549109472490139),,,,,,,,,,,,,,,,,,,,,,,,,,,,,,,1,
0,30,17,"{'x': 908.7031257661855, 'y': 652.8570602140966, 'elapsedTime': 32974.69999999972}",2584697210,14468413315,POINT (0.4732828780032216 0.6044972779760154),,,,,,,,,,,,,,,,,,,,,,,,,,,,,,,,
0,30,17,"{'x': 908.7031257661855, 'y': 652.8570602140966, 'elapsedTime': 32974.69999999972}",2584713877,14468429982,POINT (0.4732828780032216 0.6044972779760154),,,,,,,,,,,,,,,,,,,,,,,,,,,,,,,,
0,30,17,"{'x': 908.7031257661855, 'y': 652.8570602140966, 'elapsedTime': 32974.69999999972}",2584730545,14468446649,POINT (0.4732828780032216 0.6044972779760154),,,,,,,,,,,,,,,,,,,,,,,,,,,,,,,,
0,30,17,"{'x': 961.6251098719339, 'y': 691.4312894225316, 'elapsedTime': 33022.09999999963}",2584747212,14468463316,POINT (0.5008464113916322 0.6402141568727144),,,,,,,,,,,,,,,,,,,,,,,,,,,,,,,,1
0,30,17,"{'x': 961.6251098719339, 'y': 691.4312894225316, 'elapsedTime': 33022.09999999963}",2584763879,14468479983,POINT (0.5008464113916322 0.6402141568727144),,,,,,,,,,,,,,,,,,,,,,,,,,,,,,,,1
0,30,17,"{'x': 921.016701381656, 'y': 588.0302495296323, 'elapsedTime': 33069.59999999963}",2584780547,14468496650,POINT (0.4796961986362792 0.5444724532681781),,,,,,,,,,,,,,,,,,,,,,,,,,,,,,,1,
0,30,17,"{'x': 921.016701381656, 'y': 588.0302495296323, 'elapsedTime': 33069.59999999963}",2584797213,14468513316,POINT (0.4796961986362792 0.5444724532681781),,,,,,,,,,,,,,,,,,,,,,,,,,,,,,,1,
0,30,17,"{'x': 921.016701381656, 'y': 588.0302495296323, 'elapsedTime': 33069.59999999963}",2584813881,14468529984,POINT (0.4796961986362792 0.5444724532681781),,,,,,,,,,,,,,,,,,,,,,,,,,,,,,,1,
0,30,17,"{'x': 950.9988854390767, 'y': 586.4823375334224, 'elapsedTime': 33115.39999999991}",2584830548,14468546650,POINT (0.4953119194995191 0.5430392014198355),,,,,,,,,,,,,,,,,,,,,,,,,,,,,,,1,
0,30,17,"{'x': 950.9988854390767, 'y': 586.4823375334224, 'elapsedTime': 33115.39999999991}",2584847214,14468563316,POINT (0.4953119194995191 0.5430392014198355),,,,,,,,,,,,,,,,,,,,,,,,,,,,,,,1,
0,30,17,"{'x': 950.9988854390767, 'y': 586.4823375334224, 'elapsedTime': 33115.39999999991}",2584863882,14468579983,POINT (0.4953119194995191 0.5430392014198355),,,,,,,,,,,,,,,,,,,,,,,,,,,,,,,1,
0,30,17,"{'x': 972.1334611497347, 'y': 463.29382007227855, 'elapsedTime': 33161.19999999972}",2584880547,14468596648,POINT (0.5063195110154868 0.4289757593261839),,,,,,,,,,,,,,,,,,,,,,,,,,,,,,,,
0,30,17,"{'x': 972.1334611497347, 'y': 463.29382007227855, 'elapsedTime': 33161.19999999972}",2584897225,14468613325,POINT (0.5063195110154868 0.4289757593261839),,,,,,,,,,,,,,,,,,,,,,,,,,,,,,,,
0,30,17,"{'x': 972.1334611497347, 'y': 463.29382007227855, 'elapsedTime': 33161.19999999972}",2584913900,14468630000,POINT (0.5063195110154868 0.4289757593261839),,,,,,,,,,,,,,,,,,,,,,,,,,,,,,,,
0,30,17,"{'x': 972.1334611497347, 'y': 463.29382007227855, 'elapsedTime': 33161.19999999972}",2584930566,14468646666,POINT (0.5063195110154868 0.4289757593261839),,,,,,,,,,,,,,,,,,,,,,,,,,,,,,,,
0,30,17,"{'x': 924.9640395476493, 'y': 396.98609049749086, 'elapsedTime': 33209.19999999972}",2584947234,14468663333,POINT (0.4817521039310674 0.3675797134236026),,,,,,,,,,,,,,,,,,,,,,,,,,,,,,,1,
0,30,17,"{'x': 924.9640395476493, 'y': 396.98609049749086, 'elapsedTime': 33209.19999999972}",2584963900,14468679999,POINT (0.4817521039310674 0.3675797134236026),,,,,,,,,,,,,,,,,,,,,,,,,,,,,,,1,
0,30,17,"{'x': 993.9159997766184, 'y': 342.6679385813462, 'elapsedTime': 33255.89999999991}",2584980568,14468696667,POINT (0.5176645832169887 0.3172851283160613),,,,,,,,,,,,,,,,,,,,,,,,,,,,,,,1,
0,30,17,"{'x': 993.9159997766184, 'y': 342.6679385813462, 'elapsedTime': 33255.89999999991}",2584997233,14468713331,POINT (0.5176645832169887 0.3172851283160613),,,,,,,,,,,,,,,,,,,,,,,,,,,,,,,1,
0,30,17,"{'x': 993.9159997766184, 'y': 342.6679385813462, 'elapsedTime': 33255.89999999991}",2585013906,14468730004,POINT (0.5176645832169887 0.3172851283160613),,,,,,,,,,,,,,,,,,,,,,,,,,,,,,,1,
0,30,17,"{'x': 993.9159997766184, 'y': 342.6679385813462, 'elapsedTime': 33255.89999999991}",2585030571,14468746668,POINT (0.5176645832169887 0.3172851283160613),,,,,,,,,,,,,,,,,,,,,,,,,,,,,,,1,
0,30,17,"{'x': 1018.6798296753467, 'y': 309.5375845561733, 'elapsedTime': 33300.5}",2585047238,14468763335,POINT (0.5305624112892431 0.2866088745890493),,,,,,,,,,,,,,,,,,,,,,,,,,,,,,1,1,
0,30,17,"{'x': 1018.6798296753467, 'y': 309.5375845561733, 'elapsedTime': 33300.5}",2585063905,14468780001,POINT (0.5305624112892431 0.2866088745890493),,,,,,,,,,,,,,,,,,,,,,,,,,,,,,1,1,
0,30,17,"{'x': 1044.8499852263758, 'y': 221.5614142131102, 'elapsedTime': 33372.799999999814}",2585080573,14468796669,POINT (0.5441927006387374 0.2051494576047317),,,,,,,,,,,,,,,,,,,,,,,,,,,,,,1,,
0,30,17,"{'x': 1044.8499852263758, 'y': 221.5614142131102, 'elapsedTime': 33372.799999999814}",2585097239,14468813335,POINT (0.5441927006387374 0.2051494576047317),,,,,,,,,,,,,,,,,,,,,,,,,,,,,,1,,
0,30,17,"{'x': 1044.8499852263758, 'y': 221.5614142131102, 'elapsedTime': 33372.799999999814}",2585113906,14468830001,POINT (0.5441927006387374 0.2051494576047317),,,,,,,,,,,,,,,,,,,,,,,,,,,,,,1,,
0,30,17,"{'x': 1078.0713584483688, 'y': 166.22911882045523, 'elapsedTime': 33421.299999999814}",2585130573,14468846668,POINT (0.5614954991918587 0.1539158507596808),,,,,,,,,,,,,,,,,,,,,,,,,,,,,,1,,
0,30,17,"{'x': 1078.0713584483688, 'y': 166.22911882045523, 'elapsedTime': 33421.299999999814}",2585147244,14468863339,POINT (0.5614954991918587 0.1539158507596808),,,,,,,,,,,,,,,,,,,,,,,,,,,,,,1,,
0,30,17,"{'x': 1078.0713584483688, 'y': 166.22911882045523, 'elapsedTime': 33421.299999999814}",2585163912,14468880006,POINT (0.5614954991918587 0.1539158507596808),,,,,,,,,,,,,,,,,,,,,,,,,,,,,,1,,
0,30,17,"{'x': 1177.320902093257, 'y': 64.91232694837414, 'elapsedTime': 33463.19999999972}",2585180578,14468896672,POINT (0.613187969840238 0.0601040064336798),,,,,,,,,,,,,,,,,,,,,,,,,,,,,,,,
0,30,17,"{'x': 1177.320902093257, 'y': 64.91232694837414, 'elapsedTime': 33463.19999999972}",2585197246,14468913339,POINT (0.613187969840238 0.0601040064336798),,,,,,,,,,,,,,,,,,,,,,,,,,,,,,,,
0,30,17,"{'x': 1177.320902093257, 'y': 64.91232694837414, 'elapsedTime': 33463.19999999972}",2585213912,14468930005,POINT (0.613187969840238 0.0601040064336798),,,,,,,,,,,,,,,,,,,,,,,,,,,,,,,,
0,30,17,"{'x': 1181.686954516334, 'y': 36.39843274200234, 'elapsedTime': 33510.5}",2585230579,14468946672,POINT (0.6154619554772573 0.0337022525388911),,,,,,,,,,,,,,,,,,,,,,,,,,,,,,,,
0,30,17,"{'x': 1181.686954516334, 'y': 36.39843274200234, 'elapsedTime': 33510.5}",2585247247,14468963339,POINT (0.6154619554772573 0.0337022525388911),,,,,,,,,,,,,,,,,,,,,,,,,,,,,,,,
0,30,17,"{'x': 1132.3253755185256, 'y': 31.628938985096525, 'elapsedTime': 33558.89999999991}",2585263914,14468980006,POINT (0.5897527997492321 0.0292860546158301),,,,,,,,,,,,,,,,,,,,,,,,,,,,,,,,
0,30,17,"{'x': 1132.3253755185256, 'y': 31.628938985096525, 'elapsedTime': 33558.89999999991}",2585280586,14468996677,POINT (0.5897527997492321 0.0292860546158301),,,,,,,,,,,,,,,,,,,,,,,,,,,,,,,,
0,30,17,"{'x': 1132.3253755185256, 'y': 31.628938985096525, 'elapsedTime': 33558.89999999991}",2585297253,14469013344,POINT (0.5897527997492321 0.0292860546158301),,,,,,,,,,,,,,,,,,,,,,,,,,,,,,,,
0,30,17,"{'x': 1184.0688710052564, 'y': -88.29268334747906, 'elapsedTime': 33602.59999999963}",2585313919,14469030010,POINT (0.6167025369819044 -0.0817524845809991),,,,,,,,,,,,,,,,,,,,,,,,,,,,,,,,
0,30,17,"{'x': 1184.0688710052564, 'y': -88.29268334747906, 'elapsedTime': 33602.59999999963}",2585330587,14469046677,POINT (0.6167025369819044 -0.0817524845809991),,,,,,,,,,,,,,,,,,,,,,,,,,,,,,,,
0,30,17,"{'x': 1184.0688710052564, 'y': -88.29268334747906, 'elapsedTime': 33602.59999999963}",2585347254,14469063344,POINT (0.6167025369819044 -0.0817524845809991),,,,,,,,,,,,,,,,,,,,,,,,,,,,,,,,
0,30,17,"{'x': 1207.1242893980473, 'y': -151.28060738944677, 'elapsedTime': 33646.5}",2585363921,14469080010,POINT (0.6287105673948162 -0.14007463647171),,,,,,,,,,,,,,,,,,,,,,,,,,,,,,,,
0,30,17,"{'x': 1207.1242893980473, 'y': -151.28060738944677, 'elapsedTime': 33646.5}",2585380591,14469096679,POINT (0.6287105673948162 -0.14007463647171),,,,,,,,,,,,,,,,,,,,,,,,,,,,,,,,
0,30,17,"{'x': 1149.9687886769148, 'y': -198.49268824745823, 'elapsedTime': 33691.5}",2585397255,14469113344,POINT (0.5989420774358931 -0.1837895261550539),,,,,,,,,,,,,,,,,,,,,,,,,,,,,,,,
0,30,17,"{'x': 1149.9687886769148, 'y': -198.49268824745823, 'elapsedTime': 33691.5}",2585413928,14469130016,POINT (0.5989420774358931 -0.1837895261550539),,,,,,,,,,,,,,,,,,,,,,,,,,,,,,,,
0,30,17,"{'x': 1149.9687886769148, 'y': -198.49268824745823, 'elapsedTime': 33691.5}",2585430596,14469146684,POINT (0.5989420774358931 -0.1837895261550539),,,,,,,,,,,,,,,,,,,,,,,,,,,,,,,,
0,30,17,"{'x': 1014.9212239905314, 'y': -238.08752177101306, 'elapsedTime': 33732.5}",2585447264,14469163351,POINT (0.5286048041617352 -0.2204514090472343),,,,,,,,,,,,,,,,,,,,,,,,,,,,,,,,
0,30,17,"{'x': 1014.9212239905314, 'y': -238.08752177101306, 'elapsedTime': 33732.5}",2585463930,14469180017,POINT (0.5286048041617352 -0.2204514090472343),,,,,,,,,,,,,,,,,,,,,,,,,,,,,,,,
0,30,17,"{'x': 1014.9212239905314, 'y': -238.08752177101306, 'elapsedTime': 33732.5}",2585480598,14469196684,POINT (0.5286048041617352 -0.2204514090472343),,,,,,,,,,,,,,,,,,,,,,,,,,,,,,,,
0,30,17,"{'x': 1014.9212239905314, 'y': -238.08752177101306, 'elapsedTime': 33732.5}",2585497265,14469213351,POINT (0.5286048041617352 -0.2204514090472343),,,,,,,,,,,,,,,,,,,,,,,,,,,,,,,,
0,30,17,"{'x': 914.9776149151602, 'y': -174.70507421593118, 'elapsedTime': 33778.799999999814}",2585513933,14469230018,POINT (0.4765508411016459 -0.1617639576073437),,,,,,,,,,,,,,,,,,,,,,,,,,,,,,,,
0,30,17,"{'x': 914.9776149151602, 'y': -174.70507421593118, 'elapsedTime': 33778.799999999814}",2585530597,14469246682,POINT (0.4765508411016459 -0.1617639576073437),,,,,,,,,,,,,,,,,,,,,,,,,,,,,,,,
0,30,17,"{'x': 914.9776149151602, 'y': -174.70507421593118, 'elapsedTime': 33778.799999999814}",2585547269,14469263354,POINT (0.4765508411016459 -0.1617639576073437),,,,,,,,,,,,,,,,,,,,,,,,,,,,,,,,
0,30,17,"{'x': 914.9776149151602, 'y': -174.70507421593118, 'elapsedTime': 33778.799999999814}",2585563936,14469280021,POINT (0.4765508411016459 -0.1617639576073437),,,,,,,,,,,,,,,,,,,,,,,,,,,,,,,,
0,30,17,"{'x': 918.2569157343369, 'y': -61.92760743401959, 'elapsedTime': 33839.5}",2585580604,14469296688,POINT (0.4782588102783005 -0.0573403772537218),,,,,,,,,,,,,,,,,,,,,,,,,,,,,,,,
0,30,17,"{'x': 918.2569157343369, 'y': -61.92760743401959, 'elapsedTime': 33839.5}",2585597271,14469313355,POINT (0.4782588102783005 -0.0573403772537218),,,,,,,,,,,,,,,,,,,,,,,,,,,,,,,,
0,30,17,"{'x': 918.2569157343369, 'y': -61.92760743401959, 'elapsedTime': 33839.5}",2585613938,14469330021,POINT (0.4782588102783005 -0.0573403772537218),,,,,,,,,,,,,,,,,,,,,,,,,,,,,,,,
0,30,17,"{'x': 958.1642134966589, 'y': 20.00447178001886, 'elapsedTime': 33918.59999999963}",2585630605,14469346688,POINT (0.4990438611961766 0.018522659055573),,,,,,,,,,,,,,,,,,,,,,,,,,,,,,,,
0,30,17,"{'x': 958.1642134966589, 'y': 20.00447178001886, 'elapsedTime': 33918.59999999963}",2585647272,14469363354,POINT (0.4990438611961766 0.018522659055573),,,,,,,,,,,,,,,,,,,,,,,,,,,,,,,,
0,30,17,"{'x': 958.1642134966589, 'y': 20.00447178001886, 'elapsedTime': 33918.59999999963}",2585663938,14469380020,POINT (0.4990438611961766 0.018522659055573),,,,,,,,,,,,,,,,,,,,,,,,,,,,,,,,
0,30,17,"{'x': 888.9613656097152, 'y': 53.632070405996515, 'elapsedTime': 33961.39999999991}",2585680612,14469396693,POINT (0.46300071125506 0.0496593244499968),,,,,,,,,,,,,,,,,,,,,,,,,,,,,,,,
0,30,17,"{'x': 888.9613656097152, 'y': 53.632070405996515, 'elapsedTime': 33961.39999999991}",2585697275,14469413357,POINT (0.46300071125506 0.0496593244499968),,,,,,,,,,,,,,,,,,,,,,,,,,,,,,,,
0,30,17,"{'x': 888.9613656097152, 'y': 53.632070405996515, 'elapsedTime': 33961.39999999991}",2585713943,14469430024,POINT (0.46300071125506 0.0496593244499968),,,,,,,,,,,,,,,,,,,,,,,,,,,,,,,,
0,30,17,"{'x': 888.9613656097152, 'y': 53.632070405996515, 'elapsedTime': 33961.39999999991}",2585730612,14469446693,POINT (0.46300071125506 0.0496593244499968),,,,,,,,,,,,,,,,,,,,,,,,,,,,,,,,
0,30,17,"{'x': 851.0811620489023, 'y': 95.15026159199547, 'elapsedTime': 34009}",2585747280,14469463360,POINT (0.4432714385671366 0.0881020940666625),,,,,,,,,,,,,,,,,,,,,,,,,,,,,,,,
0,30,17,"{'x': 851.0811620489023, 'y': 95.15026159199547, 'elapsedTime': 34009}",2585763947,14469480027,POINT (0.4432714385671366 0.0881020940666625),,,,,,,,,,,,,,,,,,,,,,,,,,,,,,,,
0,30,17,"{'x': 851.0811620489023, 'y': 95.15026159199547, 'elapsedTime': 34009}",2585780614,14469496693,POINT (0.4432714385671366 0.0881020940666625),,,,,,,,,,,,,,,,,,,,,,,,,,,,,,,,
0,30,17,"{'x': 788.1924304199964, 'y': 133.97096398241567, 'elapsedTime': 34078}",2585797280,14469513359,POINT (0.4105168908437482 0.1240471888726071),,,,,,,,,,,,,,,,,,,,,,,,,,,,,,,,
0,30,17,"{'x': 788.1924304199964, 'y': 133.97096398241567, 'elapsedTime': 34078}",2585813951,14469530029,POINT (0.4105168908437482 0.1240471888726071),,,,,,,,,,,,,,,,,,,,,,,,,,,,,,,,
0,30,17,"{'x': 771.8646846067062, 'y': 220.4485621380482, 'elapsedTime': 34122.09999999963}",2585830620,14469546698,POINT (0.4020128565659928 0.2041190390167113),,,,,,,,,,,,,,,,,,,,,,,,,,,,,,,,
0,30,17,"{'x': 771.8646846067062, 'y': 220.4485621380482, 'elapsedTime': 34122.09999999963}",2585847288,14469563365,POINT (0.4020128565659928 0.2041190390167113),,,,,,,,,,,,,,,,,,,,,,,,,,,,,,,,
0,30,17,"{'x': 771.8646846067062, 'y': 220.4485621380482, 'elapsedTime': 34122.09999999963}",2585863953,14469580031,POINT (0.4020128565659928 0.2041190390167113),,,,,,,,,,,,,,,,,,,,,,,,,,,,,,,,
0,30,17,"{'x': 771.8646846067062, 'y': 220.4485621380482, 'elapsedTime': 34122.09999999963}",2585880621,14469596698,POINT (0.4020128565659928 0.2041190390167113),,,,,,,,,,,,,,,,,,,,,,,,,,,,,,,,
0,30,17,"{'x': 849.4443172590547, 'y': 327.3760962083546, 'elapsedTime': 34166.19999999972}",2585897287,14469613364,POINT (0.442418915239091 0.3031260150077358),,,,,,,,,,,,,,,,,,,,,,,,,,,,,,,1,
0,30,17,"{'x': 849.4443172590547, 'y': 327.3760962083546, 'elapsedTime': 34166.19999999972}",2585913955,14469630031,POINT (0.442418915239091 0.3031260150077358),,,,,,,,,,,,,,,,,,,,,,,,,,,,,,,1,
0,30,17,"{'x': 855.6187917613778, 'y': 361.0034325196442, 'elapsedTime': 34218.09999999963}",2585930625,14469646701,POINT (0.4456347873757176 0.3342624375181891),,,,,,,,,,,,,,,,,,,,,,,,,,,,,,,1,
0,30,17,"{'x': 855.6187917613778, 'y': 361.0034325196442, 'elapsedTime': 34218.09999999963}",2585947293,14469663368,POINT (0.4456347873757176 0.3342624375181891),,,,,,,,,,,,,,,,,,,,,,,,,,,,,,,1,
0,30,17,"{'x': 855.6187917613778, 'y': 361.0034325196442, 'elapsedTime': 34218.09999999963}",2585963959,14469680034,POINT (0.4456347873757176 0.3342624375181891),,,,,,,,,,,,,,,,,,,,,,,,,,,,,,,1,
0,30,17,"{'x': 855.6187917613778, 'y': 361.0034325196442, 'elapsedTime': 34218.09999999963}",2585980627,14469696701,POINT (0.4456347873757176 0.3342624375181891),,,,,,,,,,,,,,,,,,,,,,,,,,,,,,,1,
0,30,17,"{'x': 855.6187917613778, 'y': 361.0034325196442, 'elapsedTime': 34218.09999999963}",2585997294,14469713368,POINT (0.4456347873757176 0.3342624375181891),,,,,,,,,,,,,,,,,,,,,,,,,,,,,,,1,
0,30,17,"{'x': 855.6187917613778, 'y': 361.0034325196442, 'elapsedTime': 34218.09999999963}",2586013960,14469730034,POINT (0.4456347873757176 0.3342624375181891),,,,,,,,,,,,,,,,,,,,,,,,,,,,,,,1,
0,30,17,"{'x': 855.6187917613778, 'y': 361.0034325196442, 'elapsedTime': 34218.09999999963}",2586030626,14469746700,POINT (0.4456347873757176 0.3342624375181891),,,,,,,,,,,,,,,,,,,,,,,,,,,,,,,1,
0,30,17,"{'x': 812.6680808924499, 'y': 386.98778914289903, 'elapsedTime': 34268.89999999991}",2586047295,14469763368,POINT (0.4232646254648176 0.3583220269841658),,,,,,,,,,,,,,,,,,,,,,,,,,,,,,,,
0,30,17,"{'x': 812.6680808924499, 'y': 386.98778914289903, 'elapsedTime': 34268.89999999991}",2586063965,14469780038,POINT (0.4232646254648176 0.3583220269841658),,,,,,,,,,,,,,,,,,,,,,,,,,,,,,,,
0,30,17,"{'x': 812.6680808924499, 'y': 386.98778914289903, 'elapsedTime': 34268.89999999991}",2586080633,14469796705,POINT (0.4232646254648176 0.3583220269841658),,,,,,,,,,,,,,,,,,,,,,,,,,,,,,,,
0,30,17,"{'x': 812.6680808924499, 'y': 386.98778914289903, 'elapsedTime': 34268.89999999991}",2586097299,14469813371,POINT (0.4232646254648176 0.3583220269841658),,,,,,,,,,,,,,,,,,,,,,,,,,,,,,,,
0,30,17,"{'x': 831.3048129481105, 'y': 332.5085374844888, 'elapsedTime': 34385.5}",2586113967,14469830038,POINT (0.4329712567438075 0.3078782754486008),,,,,,,,,,,,,,,,,,,,,,,,,,,,,,,1,
0,30,17,"{'x': 831.3048129481105, 'y': 332.5085374844888, 'elapsedTime': 34385.5}",2586130633,14469846704,POINT (0.4329712567438075 0.3078782754486008),,,,,,,,,,,,,,,,,,,,,,,,,,,,,,,1,
0,30,17,"{'x': 831.3048129481105, 'y': 332.5085374844888, 'elapsedTime': 34385.5}",2586147302,14469863372,POINT (0.4329712567438075 0.3078782754486008),,,,,,,,,,,,,,,,,,,,,,,,,,,,,,,1,
0,30,17,"{'x': 872.2533787235478, 'y': 327.6224492722023, 'elapsedTime': 34443.39999999991}",2586163968,14469880038,POINT (0.4542986347518478 0.3033541196964836),,,,,,,,,,,,,,,,,,,,,,,,,,,,,,,1,
0,30,17,"{'x': 872.2533787235478, 'y': 327.6224492722023, 'elapsedTime': 34443.39999999991}",2586180635,14469896705,POINT (0.4542986347518478 0.3033541196964836),,,,,,,,,,,,,,,,,,,,,,,,,,,,,,,1,
0,30,17,"{'x': 872.2533787235478, 'y': 327.6224492722023, 'elapsedTime': 34443.39999999991}",2586197303,14469913373,POINT (0.4542986347518478 0.3033541196964836),,,,,,,,,,,,,,,,,,,,,,,,,,,,,,,1,
0,30,17,"{'x': 949.1539214815101, 'y': 346.8100351916021, 'elapsedTime': 34490.39999999991}",2586213968,14469930037,POINT (0.4943510007716199 0.3211204029551871),,,,,,,,,,,,,,,,,,,,,,,,,,,,,,,1,
0,30,17,"{'x': 949.1539214815101, 'y': 346.8100351916021, 'elapsedTime': 34490.39999999991}",2586230635,14469946704,POINT (0.4943510007716199 0.3211204029551871),,,,,,,,,,,,,,,,,,,,,,,,,,,,,,,1,
0,30,17,"{'x': 949.1539214815101, 'y': 346.8100351916021, 'elapsedTime': 34490.39999999991}",2586247305,14469963373,POINT (0.4943510007716199 0.3211204029551871),,,,,,,,,,,,,,,,,,,,,,,,,,,,,,,1,
0,30,17,"{'x': 947.1549810136328, 'y': 316.5293871013405, 'elapsedTime': 34540}",2586263972,14469980040,POINT (0.4933098859446004 0.2930827658345745),,,,,,,,,,,,,,,,,,,,,,,,,,,,,,1,1,
0,30,17,"{'x': 947.1549810136328, 'y': 316.5293871013405, 'elapsedTime': 34540}",2586280639,14469996706,POINT (0.4933098859446004 0.2930827658345745),,,,,,,,,,,,,,,,,,,,,,,,,,,,,,1,1,
0,30,17,"{'x': 947.1549810136328, 'y': 316.5293871013405, 'elapsedTime': 34540}",2586297306,14470013373,POINT (0.4933098859446004 0.2930827658345745),,,,,,,,,,,,,,,,,,,,,,,,,,,,,,1,1,
0,30,17,"{'x': 883.3036458692685, 'y': 327.4191307198601, 'elapsedTime': 34590.59999999963}",2586313974,14470030040,POINT (0.4600539822235774 0.3031658617776483),,,,,,,,,,,,,,,,,,,,,,,,,,,,,,,1,
0,30,17,"{'x': 883.3036458692685, 'y': 327.4191307198601, 'elapsedTime': 34590.59999999963}",2586330644,14470046710,POINT (0.4600539822235774 0.3031658617776483),,,,,,,,,,,,,,,,,,,,,,,,,,,,,,,1,
0,30,17,"{'x': 883.3036458692685, 'y': 327.4191307198601, 'elapsedTime': 34590.59999999963}",2586347311,14470063377,POINT (0.4600539822235774 0.3031658617776483),,,,,,,,,,,,,,,,,,,,,,,,,,,,,,,1,
0,30,17,"{'x': 883.3036458692685, 'y': 327.4191307198601, 'elapsedTime': 34590.59999999963}",2586363978,14470080043,POINT (0.4600539822235774 0.3031658617776483),,,,,,,,,,,,,,,,,,,,,,,,,,,,,,,1,
0,30,17,"{'x': 852.9306893676371, 'y': 406.3303648742391, 'elapsedTime': 34642.09999999963}",2586380646,14470096711,POINT (0.4442347340456443 0.3762318193279992),,,,,,,,,,,,,,,,,,,,,,,,,,,,,,,,
0,30,17,"{'x': 852.9306893676371, 'y': 406.3303648742391, 'elapsedTime': 34642.09999999963}",2586397313,14470113378,POINT (0.4442347340456443 0.3762318193279992),,,,,,,,,,,,,,,,,,,,,,,,,,,,,,,,
0,30,17,"{'x': 852.9306893676371, 'y': 406.3303648742391, 'elapsedTime': 34642.09999999963}",2586413980,14470130044,POINT (0.4442347340456443 0.3762318193279992),,,,,,,,,,,,,,,,,,,,,,,,,,,,,,,,
0,30,17,"{'x': 830.7813029982866, 'y': 518.994334863894, 'elapsedTime': 34716.19999999972}",2586430647,14470146711,POINT (0.4326985953116076 0.4805503100591611),,,,,,,,,,,,,,,,,,,,,,,,,,,,,,,1,
0,30,17,"{'x': 830.7813029982866, 'y': 518.994334863894, 'elapsedTime': 34716.19999999972}",2586447315,14470163378,POINT (0.4326985953116076 0.4805503100591611),,,,,,,,,,,,,,,,,,,,,,,,,,,,,,,1,
0,30,17,"{'x': 830.7813029982866, 'y': 518.994334863894, 'elapsedTime': 34716.19999999972}",2586463985,14470180048,POINT (0.4326985953116076 0.4805503100591611),,,,,,,,,,,,,,,,,,,,,,,,,,,,,,,1,
0,30,17,"{'x': 839.9133528428695, 'y': 549.2810583953085, 'elapsedTime': 34764.39999999991}",2586480652,14470196715,POINT (0.4374548712723278 0.5085935725882486),,,,,,,,,,,,,,,,,,,,,,,,,,,,,,,1,
0,30,17,"{'x': 839.9133528428695, 'y': 549.2810583953085, 'elapsedTime': 34764.39999999991}",2586497319,14470213381,POINT (0.4374548712723278 0.5085935725882486),,,,,,,,,,,,,,,,,,,,,,,,,,,,,,,1,
0,30,17,"{'x': 839.9133528428695, 'y': 549.2810583953085, 'elapsedTime': 34764.39999999991}",2586513988,14470230050,POINT (0.4374548712723278 0.5085935725882486),,,,,,,,,,,,,,,,,,,,,,,,,,,,,,,1,
0,30,17,"{'x': 839.9133528428695, 'y': 549.2810583953085, 'elapsedTime': 34764.39999999991}",2586530655,14470246717,POINT (0.4374548712723278 0.5085935725882486),,,,,,,,,,,,,,,,,,,,,,,,,,,,,,,1,
0,30,17,"{'x': 852.8676569676848, 'y': 563.7465995987075, 'elapsedTime': 34821.89999999991}",2586547323,14470263384,POINT (0.4442019046706692 0.5219875922210254),,,,,,,,,,,,,,,,,,,,,,,,,,,,,,,1,
0,30,17,"{'x': 852.8676569676848, 'y': 563.7465995987075, 'elapsedTime': 34821.89999999991}",2586563989,14470280050,POINT (0.4442019046706692 0.5219875922210254),,,,,,,,,,,,,,,,,,,,,,,,,,,,,,,1,
0,30,17,"{'x': 852.8676569676848, 'y': 563.7465995987075, 'elapsedTime': 34821.89999999991}",2586580657,14470296717,POINT (0.4442019046706692 0.5219875922210254),,,,,,,,,,,,,,,,,,,,,,,,,,,,,,,1,
0,30,17,"{'x': 801.2391157649271, 'y': 670.0627677788389, 'elapsedTime': 34878.59999999963}",2586597326,14470313386,POINT (0.4173120394608995 0.62042848868411),,,,,,,,,,,,,,,,,,,,,,,,,,,,,,,,1
0,30,17,"{'x': 801.2391157649271, 'y': 670.0627677788389, 'elapsedTime': 34878.59999999963}",2586613993,14470330052,POINT (0.4173120394608995 0.62042848868411),,,,,,,,,,,,,,,,,,,,,,,,,,,,,,,,1
0,30,17,"{'x': 801.2391157649271, 'y': 670.0627677788389, 'elapsedTime': 34878.59999999963}",2586630660,14470346719,POINT (0.4173120394608995 0.62042848868411),,,,,,,,,,,,,,,,,,,,,,,,,,,,,,,,1
0,30,17,"{'x': 710.351041876393, 'y': 786.2266738921797, 'elapsedTime': 34927.69999999972}",2586647328,14470363387,POINT (0.369974500977288 0.7279876610112775),,,,,,,,,,,,,,,,,,,,,,,,,,,,,,,,
0,30,17,"{'x': 710.351041876393, 'y': 786.2266738921797, 'elapsedTime': 34927.69999999972}",2586663997,14470380055,POINT (0.369974500977288 0.7279876610112775),,,,,,,,,,,,,,,,,,,,,,,,,,,,,,,,
0,30,17,"{'x': 710.351041876393, 'y': 786.2266738921797, 'elapsedTime': 34927.69999999972}",2586680663,14470396721,POINT (0.369974500977288 0.7279876610112775),,,,,,,,,,,,,,,,,,,,,,,,,,,,,,,,
0,30,17,"{'x': 695.785470078169, 'y': 771.0425805762069, 'elapsedTime': 34975.5}",2586697330,14470413388,POINT (0.362388265665713 0.7139283153483397),,,,,,,,,,,,,,,,,,,,,,,,,,,,,,,,
0,30,17,"{'x': 695.785470078169, 'y': 771.0425805762069, 'elapsedTime': 34975.5}",2586713997,14470430054,POINT (0.362388265665713 0.7139283153483397),,,,,,,,,,,,,,,,,,,,,,,,,,,,,,,,
0,30,17,"{'x': 695.785470078169, 'y': 771.0425805762069, 'elapsedTime': 34975.5}",2586730672,14470446729,POINT (0.362388265665713 0.7139283153483397),,,,,,,,,,,,,,,,,,,,,,,,,,,,,,,,
0,30,17,"{'x': 723.1173177040173, 'y': 853.9139851342304, 'elapsedTime': 35022.69999999972}",2586747340,14470463396,POINT (0.3766236029708424 0.7906610973465097),,,,,,,,,,,,,,,,,,,,,,,,,,,,,,,,
0,30,17,"{'x': 723.1173177040173, 'y': 853.9139851342304, 'elapsedTime': 35022.69999999972}",2586764006,14470480062,POINT (0.3766236029708424 0.7906610973465097),,,,,,,,,,,,,,,,,,,,,,,,,,,,,,,,
0,30,17,"{'x': 723.1173177040173, 'y': 853.9139851342304, 'elapsedTime': 35022.69999999972}",2586780674,14470496729,POINT (0.3766236029708424 0.7906610973465097),,,,,,,,,,,,,,,,,,,,,,,,,,,,,,,,
0,30,17,"{'x': 680.4498322863163, 'y': 871.3407832237933, 'elapsedTime': 35070.69999999972}",2586797340,14470513395,POINT (0.3544009543157898 0.8067970215035123),,,,,,,,,,,,,,,,,,,,,,,,,,,,,,,,
0,30,17,"{'x': 680.4498322863163, 'y': 871.3407832237933, 'elapsedTime': 35070.69999999972}",2586814007,14470530062,POINT (0.3544009543157898 0.8067970215035123),,,,,,,,,,,,,,,,,,,,,,,,,,,,,,,,
0,30,17,"{'x': 691.5631975979875, 'y': 922.2405344120373, 'elapsedTime': 35124.69999999972}",2586830675,14470546729,POINT (0.3601891654156185 0.8539264207518864),,,,,,,,,,,,,,,,,,,,,,,,,,,,,,,,1
0,30,17,"{'x': 691.5631975979875, 'y': 922.2405344120373, 'elapsedTime': 35124.69999999972}",2586847342,14470563396,POINT (0.3601891654156185 0.8539264207518864),,,,,,,,,,,,,,,,,,,,,,,,,,,,,,,,1
0,30,17,"{'x': 691.5631975979875, 'y': 922.2405344120373, 'elapsedTime': 35124.69999999972}",2586864011,14470580065,POINT (0.3601891654156185 0.8539264207518864),,,,,,,,,,,,,,,,,,,,,,,,,,,,,,,,1
0,30,17,"{'x': 697.3167911287692, 'y': 875.4612416990104, 'elapsedTime': 35173.39999999991}",2586880681,14470596734,POINT (0.3631858287129006 0.8106122608324171),,,,,,,,,,,,,,,,,,,,,,,,,,,,,,,,
0,30,17,"{'x': 697.3167911287692, 'y': 875.4612416990104, 'elapsedTime': 35173.39999999991}",2586897348,14470613401,POINT (0.3631858287129006 0.8106122608324171),,,,,,,,,,,,,,,,,,,,,,,,,,,,,,,,
0,30,17,"{'x': 697.3167911287692, 'y': 875.4612416990104, 'elapsedTime': 35173.39999999991}",2586914015,14470630067,POINT (0.3631858287129006 0.8106122608324171),,,,,,,,,,,,,,,,,,,,,,,,,,,,,,,,
0,30,17,"{'x': 732.8230602512094, 'y': 798.4100470742935, 'elapsedTime': 35217}",2586930681,14470646733,POINT (0.3816786772141716 0.7392685621058274),,,,,,,,,,,,,,,,,,,,,,,,,,,,,,,,
0,30,17,"{'x': 732.8230602512094, 'y': 798.4100470742935, 'elapsedTime': 35217}",2586947349,14470663401,POINT (0.3816786772141716 0.7392685621058274),,,,,,,,,,,,,,,,,,,,,,,,,,,,,,,,
0,30,17,"{'x': 719.7418709786559, 'y': 696.927081007587, 'elapsedTime': 35259.89999999991}",2586964016,14470680067,POINT (0.3748655578013833 0.6453028527848028),,,,,,,,,,,,,,,,,,,,,,,,,,,,,,,,1
0,30,17,"{'x': 719.7418709786559, 'y': 696.927081007587, 'elapsedTime': 35259.89999999991}",2586980690,14470696741,POINT (0.3748655578013833 0.6453028527848028),,,,,,,,,,,,,,,,,,,,,,,,,,,,,,,,1
0,30,17,"{'x': 719.7418709786559, 'y': 696.927081007587, 'elapsedTime': 35259.89999999991}",2586997356,14470713407,POINT (0.3748655578013833 0.6453028527848028),,,,,,,,,,,,,,,,,,,,,,,,,,,,,,,,1
0,30,17,"{'x': 719.7418709786559, 'y': 696.927081007587, 'elapsedTime': 35259.89999999991}",2587014015,14470730065,POINT (0.3748655578013833 0.6453028527848028),,,,,,,,,,,,,,,,,,,,,,,,,,,,,,,,1
0,30,17,"{'x': 719.7418709786559, 'y': 696.927081007587, 'elapsedTime': 35259.89999999991}",2587030691,14470746741,POINT (0.3748655578013833 0.6453028527848028),,,,,,,,,,,,,,,,,,,,,,,,,,,,,,,,1
0,30,17,"{'x': 687.6025715978515, 'y': 675.7086875473638, 'elapsedTime': 35307.39999999991}",2587047350,14470763399,POINT (0.358126339373881 0.625656192173485),,,,,,,,,,,,,,,,,,,,,,,,,,,,,,,,1
0,30,17,"{'x': 687.6025715978515, 'y': 675.7086875473638, 'elapsedTime': 35307.39999999991}",2587064017,14470780066,POINT (0.358126339373881 0.625656192173485),,,,,,,,,,,,,,,,,,,,,,,,,,,,,,,,1
0,30,17,"{'x': 687.6025715978515, 'y': 675.7086875473638, 'elapsedTime': 35307.39999999991}",2587080684,14470796732,POINT (0.358126339373881 0.625656192173485),,,,,,,,,,,,,,,,,,,,,,,,,,,,,,,,1
0,30,17,"{'x': 742.7989816344711, 'y': 626.2857911655517, 'elapsedTime': 35373.09999999963}",2587097351,14470813399,POINT (0.3868744696012871 0.5798942510792146),,,,,,,,,,,,,,,,,,,,,,,,,,,,,,,1,
0,30,17,"{'x': 742.7989816344711, 'y': 626.2857911655517, 'elapsedTime': 35373.09999999963}",2587114019,14470830067,POINT (0.3868744696012871 0.5798942510792146),,,,,,,,,,,,,,,,,,,,,,,,,,,,,,,1,
0,30,17,"{'x': 742.7989816344711, 'y': 626.2857911655517, 'elapsedTime': 35373.09999999963}",2587130696,14470846743,POINT (0.3868744696012871 0.5798942510792146),,,,,,,,,,,,,,,,,,,,,,,,,,,,,,,1,
0,30,17,"{'x': 724.5534569729007, 'y': 562.8873017729323, 'elapsedTime': 35427.299999999814}",2587147362,14470863409,POINT (0.3773715921733858 0.5211919460860485),,,,,,,,,,,,,,,,,,,,,,,,,,,,,,,1,
0,30,17,"{'x': 724.5534569729007, 'y': 562.8873017729323, 'elapsedTime': 35427.299999999814}",2587164020,14470880067,POINT (0.3773715921733858 0.5211919460860485),,,,,,,,,,,,,,,,,,,,,,,,,,,,,,,1,
0,30,17,"{'x': 724.5534569729007, 'y': 562.8873017729323, 'elapsedTime': 35427.299999999814}",2587180688,14470896734,POINT (0.3773715921733858 0.5211919460860485),,,,,,,,,,,,,,,,,,,,,,,,,,,,,,,1,
0,30,17,"{'x': 640.689799575286, 'y': 495.94456408759424, 'elapsedTime': 35479.69999999972}",2587197354,14470913400,POINT (0.3336926039454615 0.4592079297107354),,,,,,,,,,,,,,,,,,,,,,,,,,,,,,,,
0,30,17,"{'x': 640.689799575286, 'y': 495.94456408759424, 'elapsedTime': 35479.69999999972}",2587214024,14470930069,POINT (0.3336926039454615 0.4592079297107354),,,,,,,,,,,,,,,,,,,,,,,,,,,,,,,,
0,30,17,"{'x': 640.689799575286, 'y': 495.94456408759424, 'elapsedTime': 35479.69999999972}",2587230690,14470946735,POINT (0.3336926039454615 0.4592079297107354),,,,,,,,,,,,,,,,,,,,,,,,,,,,,,,,
0,30,17,"{'x': 654.7332237586533, 'y': 421.36227564561756, 'elapsedTime': 35525.299999999814}",2587247364,14470963408,POINT (0.3410068873742986 0.3901502552274237),,,,,,,,,,,,,,,,,,,,,,,,,,,,,,,,
0,30,17,"{'x': 654.7332237586533, 'y': 421.36227564561756, 'elapsedTime': 35525.299999999814}",2587264032,14470980076,POINT (0.3410068873742986 0.3901502552274237),,,,,,,,,,,,,,,,,,,,,,,,,,,,,,,,
0,30,17,"{'x': 654.7332237586533, 'y': 421.36227564561756, 'elapsedTime': 35525.299999999814}",2587280699,14470996742,POINT (0.3410068873742986 0.3901502552274237),,,,,,,,,,,,,,,,,,,,,,,,,,,,,,,,
0,30,17,"{'x': 654.7332237586533, 'y': 421.36227564561756, 'elapsedTime': 35525.299999999814}",2587297364,14471013408,POINT (0.3410068873742986 0.3901502552274237),,,,,,,,,,,,,,,,,,,,,,,,,,,,,,,,
0,30,17,"{'x': 727.7338843298583, 'y': 396.83145537062137, 'elapsedTime': 35583}",2587314033,14471030076,POINT (0.3790280647551345 0.3674365327505754),,,,,,,,,,,,,,,,,,,,,,,,,,,,,,,,
0,30,17,"{'x': 727.7338843298583, 'y': 396.83145537062137, 'elapsedTime': 35583}",2587330698,14471046741,POINT (0.3790280647551345 0.3674365327505754),,,,,,,,,,,,,,,,,,,,,,,,,,,,,,,,
0,30,17,"{'x': 727.7338843298583, 'y': 396.83145537062137, 'elapsedTime': 35583}",2587347366,14471063408,POINT (0.3790280647551345 0.3674365327505754),,,,,,,,,,,,,,,,,,,,,,,,,,,,,,,,
0,30,17,"{'x': 758.2368955121406, 'y': 312.7958050664035, 'elapsedTime': 35646.09999999963}",2587364032,14471080074,POINT (0.3949150497459065 0.2896257454318551),,,,,,,,,,,,,,,,,,,,,,,,,,,,,,1,1,
0,30,17,"{'x': 758.2368955121406, 'y': 312.7958050664035, 'elapsedTime': 35646.09999999963}",2587380713,14471096754,POINT (0.3949150497459065 0.2896257454318551),,,,,,,,,,,,,,,,,,,,,,,,,,,,,,1,1,
0,30,17,"{'x': 758.2368955121406, 'y': 312.7958050664035, 'elapsedTime': 35646.09999999963}",2587397372,14471113413,POINT (0.3949150497459065 0.2896257454318551),,,,,,,,,,,,,,,,,,,,,,,,,,,,,,1,1,
0,30,17,"{'x': 794.9102441542259, 'y': 291.34136129997654, 'elapsedTime': 35694.69999999972}",2587414039,14471130079,POINT (0.4140157521636593 0.2697605197222005),,,,,,,,,,,,,,,,,,,,,,,,,,,,,,1,1,
0,30,17,"{'x': 794.9102441542259, 'y': 291.34136129997654, 'elapsedTime': 35694.69999999972}",2587430706,14471146746,POINT (0.4140157521636593 0.2697605197222005),,,,,,,,,,,,,,,,,,,,,,,,,,,,,,1,1,
0,30,17,"{'x': 794.9102441542259, 'y': 291.34136129997654, 'elapsedTime': 35694.69999999972}",2587447381,14471163421,POINT (0.4140157521636593 0.2697605197222005),,,,,,,,,,,,,,,,,,,,,,,,,,,,,,1,1,
0,30,17,"{'x': 816.4588916524565, 'y': 239.67844349937266, 'elapsedTime': 35744.09999999963}",2587464047,14471180087,POINT (0.4252390060689877 0.2219244847216414),,,,,,,,,,,,,,,,,,,,,,,,,,,,,,,1,
0,30,17,"{'x': 816.4588916524565, 'y': 239.67844349937266, 'elapsedTime': 35744.09999999963}",2587480716,14471196755,POINT (0.4252390060689877 0.2219244847216414),,,,,,,,,,,,,,,,,,,,,,,,,,,,,,,1,
0,30,17,"{'x': 816.4588916524565, 'y': 239.67844349937266, 'elapsedTime': 35744.09999999963}",2587497382,14471213421,POINT (0.4252390060689877 0.2219244847216414),,,,,,,,,,,,,,,,,,,,,,,,,,,,,,,1,
0,30,17,"{'x': 779.8845749968277, 'y': 212.0039091499393, 'elapsedTime': 35795.09999999963}",2587514055,14471230093,POINT (0.4061898828108478 0.1962999158795734),,,,,,,,,,,,,,,,,,,,,,,,,,,,,,,,
0,30,17,"{'x': 779.8845749968277, 'y': 212.0039091499393, 'elapsedTime': 35795.09999999963}",2587530721,14471246759,POINT (0.4061898828108478 0.1962999158795734),,,,,,,,,,,,,,,,,,,,,,,,,,,,,,,,
0,30,17,"{'x': 779.8845749968277, 'y': 212.0039091499393, 'elapsedTime': 35795.09999999963}",2587547389,14471263426,POINT (0.4061898828108478 0.1962999158795734),,,,,,,,,,,,,,,,,,,,,,,,,,,,,,,,
0,30,17,"{'x': 779.8845749968277, 'y': 212.0039091499393, 'elapsedTime': 35795.09999999963}",2587564056,14471280093,POINT (0.4061898828108478 0.1962999158795734),,,,,,,,,,,,,,,,,,,,,,,,,,,,,,,,
0,30,17,"{'x': 779.0471780763455, 'y': 221.70981829898815, 'elapsedTime': 35845.5}",2587580723,14471296759,POINT (0.4057537385814299 0.2052868687953594),,,,,,,,,,,,,,,,,,,,,,,,,,,,,,,,
0,30,17,"{'x': 779.0471780763455, 'y': 221.70981829898815, 'elapsedTime': 35845.5}",2587597389,14471313426,POINT (0.4057537385814299 0.2052868687953594),,,,,,,,,,,,,,,,,,,,,,,,,,,,,,,,
0,30,17,"{'x': 731.9511853352159, 'y': 188.3956614381698, 'elapsedTime': 35903.5}",2587614056,14471330092,POINT (0.381224575695425 0.1744404272575646),,,,,,,,,,,,,,,,,,,,,,,,,,,,,,1,,
0,30,17,"{'x': 731.9511853352159, 'y': 188.3956614381698, 'elapsedTime': 35903.5}",2587630723,14471346759,POINT (0.381224575695425 0.1744404272575646),,,,,,,,,,,,,,,,,,,,,,,,,,,,,,1,,
0,30,17,"{'x': 731.9511853352159, 'y': 188.3956614381698, 'elapsedTime': 35903.5}",2587647394,14471363429,POINT (0.381224575695425 0.1744404272575646),,,,,,,,,,,,,,,,,,,,,,,,,,,,,,1,,
0,30,17,"{'x': 744.0435902038312, 'y': 201.4579225989974, 'elapsedTime': 35948.69999999972}",2587664061,14471380096,POINT (0.3875227032311621 0.1865351135175902),,,,,,,,,,,,,,,,,,,,,,,,,,,,,,1,,
0,30,17,"{'x': 744.0435902038312, 'y': 201.4579225989974, 'elapsedTime': 35948.69999999972}",2587680728,14471396762,POINT (0.3875227032311621 0.1865351135175902),,,,,,,,,,,,,,,,,,,,,,,,,,,,,,1,,
0,30,17,"{'x': 744.0435902038312, 'y': 201.4579225989974, 'elapsedTime': 35948.69999999972}",2587697395,14471413429,POINT (0.3875227032311621 0.1865351135175902),,,,,,,,,,,,,,,,,,,,,,,,,,,,,,1,,
0,30,17,"{'x': 790.8314791285118, 'y': 237.499021474757, 'elapsedTime': 35995.89999999991}",2587714054,14471430087,POINT (0.4118913953794332 0.2199065013655157),,,,,,,,,,,,,,,,,,,,,,,,,,,,,,,1,
0,30,17,"{'x': 790.8314791285118, 'y': 237.499021474757, 'elapsedTime': 35995.89999999991}",2587730720,14471446753,POINT (0.4118913953794332 0.2199065013655157),,,,,,,,,,,,,,,,,,,,,,,,,,,,,,,1,
0,30,17,"{'x': 790.8314791285118, 'y': 237.499021474757, 'elapsedTime': 35995.89999999991}",2587747396,14471463429,POINT (0.4118913953794332 0.2199065013655157),,,,,,,,,,,,,,,,,,,,,,,,,,,,,,,1,
0,30,17,"{'x': 635.2212461312208, 'y': 217.47252298562415, 'elapsedTime': 36042.19999999972}",2587764062,14471480095,POINT (0.3308443990266775 0.2013634472089112),,,,,,,,,,,,,,,,,,,,,,,,,,,,,,,,
0,30,17,"{'x': 635.2212461312208, 'y': 217.47252298562415, 'elapsedTime': 36042.19999999972}",2587780735,14471496767,POINT (0.3308443990266775 0.2013634472089112),,,,,,,,,,,,,,,,,,,,,,,,,,,,,,,,
0,30,17,"{'x': 635.2212461312208, 'y': 217.47252298562415, 'elapsedTime': 36042.19999999972}",2587797402,14471513434,POINT (0.3308443990266775 0.2013634472089112),,,,,,,,,,,,,,,,,,,,,,,,,,,,,,,,
0,30,17,"{'x': 638.0928256372853, 'y': 224.1385512509974, 'elapsedTime': 36095.299999999814}",2587814067,14471530098,POINT (0.3323400133527528 0.2075356956027754),,,,1,,,,,,,,,,,,,,,,,,,,,,,,,,,,
0,30,17,"{'x': 638.0928256372853, 'y': 224.1385512509974, 'elapsedTime': 36095.299999999814}",2587830734,14471546765,POINT (0.3323400133527528 0.2075356956027754),,,,1,,,,,,,,,,,,,,,,,,,,,,,,,,,,
0,30,17,"{'x': 638.0928256372853, 'y': 224.1385512509974, 'elapsedTime': 36095.299999999814}",2587847401,14471563431,POINT (0.3323400133527528 0.2075356956027754),,,,1,,,,,,,,,,,,,,,,,,,,,,,,,,,,
0,30,17,"{'x': 736.2852239205058, 'y': 233.68475219154791, 'elapsedTime': 36151.69999999972}",2587864068,14471580098,POINT (0.3834818874585968 0.2163747705477296),,,,,,,,,,,,,,,,,,,,,,,,,,,,,,,1,
0,30,17,"{'x': 736.2852239205058, 'y': 233.68475219154791, 'elapsedTime': 36151.69999999972}",2587880736,14471596765,POINT (0.3834818874585968 0.2163747705477296),,,,,,,,,,,,,,,,,,,,,,,,,,,,,,,1,
0,30,17,"{'x': 736.2852239205058, 'y': 233.68475219154791, 'elapsedTime': 36151.69999999972}",2587897407,14471613437,POINT (0.3834818874585968 0.2163747705477296),,,,,,,,,,,,,,,,,,,,,,,,,,,,,,,1,
0,30,17,"{'x': 736.1265863195791, 'y': 283.76981632976094, 'elapsedTime': 36196.39999999991}",2587914075,14471630104,POINT (0.3833992637081141 0.2627498299349638),,,,,,,,,,,,,,,,,,,,,,,,,,,,,,1,1,
0,30,17,"{'x': 736.1265863195791, 'y': 283.76981632976094, 'elapsedTime': 36196.39999999991}",2587930741,14471646770,POINT (0.3833992637081141 0.2627498299349638),,,,,,,,,,,,,,,,,,,,,,,,,,,,,,1,1,
0,30,17,"{'x': 746.2357100260484, 'y': 315.85820641462504, 'elapsedTime': 36242.799999999814}",2587947409,14471663437,POINT (0.3886644323052336 0.2924613022357639),,,,,,,,,,,,,,,,,,,,,,,,,,,,,,1,1,
0,30,17,"{'x': 746.2357100260484, 'y': 315.85820641462504, 'elapsedTime': 36242.799999999814}",2587964075,14471680103,POINT (0.3886644323052336 0.2924613022357639),,,,,,,,,,,,,,,,,,,,,,,,,,,,,,1,1,
0,30,17,"{'x': 746.2357100260484, 'y': 315.85820641462504, 'elapsedTime': 36242.799999999814}",2587980743,14471696770,POINT (0.3886644323052336 0.2924613022357639),,,,,,,,,,,,,,,,,,,,,,,,,,,,,,1,1,
0,30,17,"{'x': 806.9861557423126, 'y': 254.95864639538883, 'elapsedTime': 36288.89999999991}",2587997409,14471713436,POINT (0.4203052894491212 0.2360728207364711),,,,,,,,,,,,,,,,,,,,,,,,,,,,,,,1,
0,30,17,"{'x': 806.9861557423126, 'y': 254.95864639538883, 'elapsedTime': 36288.89999999991}",2588014077,14471730103,POINT (0.4203052894491212 0.2360728207364711),,,,,,,,,,,,,,,,,,,,,,,,,,,,,,,1,
0,30,17,"{'x': 806.9861557423126, 'y': 254.95864639538883, 'elapsedTime': 36288.89999999991}",2588030747,14471746773,POINT (0.4203052894491212 0.2360728207364711),,,,,,,,,,,,,,,,,,,,,,,,,,,,,,,1,
0,30,17,"{'x': 806.9861557423126, 'y': 254.95864639538883, 'elapsedTime': 36288.89999999991}",2588047413,14471763439,POINT (0.4203052894491212 0.2360728207364711),,,,,,,,,,,,,,,,,,,,,,,,,,,,,,,1,
0,30,17,"{'x': 856.2035600243064, 'y': 268.09921316599144, 'elapsedTime': 36335.09999999963}",2588064081,14471780107,POINT (0.4459393541793262 0.2482400121907328),,,,,,,,,,,,,,,,,,,,,,,,,,,,,,1,1,
0,30,17,"{'x': 856.2035600243064, 'y': 268.09921316599144, 'elapsedTime': 36335.09999999963}",2588080748,14471796773,POINT (0.4459393541793262 0.2482400121907328),,,,,,,,,,,,,,,,,,,,,,,,,,,,,,1,1,
0,30,17,"{'x': 856.2035600243064, 'y': 268.09921316599144, 'elapsedTime': 36335.09999999963}",2588097414,14471813439,POINT (0.4459393541793262 0.2482400121907328),,,,,,,,,,,,,,,,,,,,,,,,,,,,,,1,1,
0,30,17,"{'x': 904.58431832641, 'y': 285.61552502603956, 'elapsedTime': 36394.09999999963}",2588114081,14471830105,POINT (0.4711376657950052 0.2644588194685552),,,,,,,,,,,,,,,,,,,,,,,,,,,,,,1,1,
0,30,17,"{'x': 904.58431832641, 'y': 285.61552502603956, 'elapsedTime': 36394.09999999963}",2588130747,14471846771,POINT (0.4711376657950052 0.2644588194685552),,,,,,,,,,,,,,,,,,,,,,,,,,,,,,1,1,
0,30,17,"{'x': 945.5992053189168, 'y': 243.46396122666232, 'elapsedTime': 36439.19999999972}",2588147414,14471863437,POINT (0.4924995861036025 0.225429593728391),,,,,,,,,,,,,,,,,,,,,,,,,,,,,,,1,
0,30,17,"{'x': 945.5992053189168, 'y': 243.46396122666232, 'elapsedTime': 36439.19999999972}",2588164090,14471880113,POINT (0.4924995861036025 0.225429593728391),,,,,,,,,,,,,,,,,,,,,,,,,,,,,,,1,
0,30,17,"{'x': 945.5992053189168, 'y': 243.46396122666232, 'elapsedTime': 36439.19999999972}",2588180757,14471896779,POINT (0.4924995861036025 0.225429593728391),,,,,,,,,,,,,,,,,,,,,,,,,,,,,,,1,
0,30,17,"{'x': 963.6009035432379, 'y': 182.7061848666484, 'elapsedTime': 36482.69999999972}",2588197420,14471913442,POINT (0.5018754705954364 0.1691723933950448),,,,,,,,,,,,,,,,,,,,,,,,,,,,,,1,,
0,30,17,"{'x': 963.6009035432379, 'y': 182.7061848666484, 'elapsedTime': 36482.69999999972}",2588214085,14471930106,POINT (0.5018754705954364 0.1691723933950448),,,,,,,,,,,,,,,,,,,,,,,,,,,,,,1,,
0,30,17,"{'x': 963.6009035432379, 'y': 182.7061848666484, 'elapsedTime': 36482.69999999972}",2588230759,14471946780,POINT (0.5018754705954364 0.1691723933950448),,,,,,,,,,,,,,,,,,,,,,,,,,,,,,1,,
0,30,17,"{'x': 920.8899515324622, 'y': 232.48350165688706, 'elapsedTime': 36527.39999999991}",2588247427,14471963447,POINT (0.4796301830898241 0.2152625015341547),,,,,,,,,,,,,,,,,,,,,,,,,,,,,,,1,
0,30,17,"{'x': 920.8899515324622, 'y': 232.48350165688706, 'elapsedTime': 36527.39999999991}",2588264086,14471980106,POINT (0.4796301830898241 0.2152625015341547),,,,,,,,,,,,,,,,,,,,,,,,,,,,,,,1,
0,30,17,"{'x': 920.8899515324622, 'y': 232.48350165688706, 'elapsedTime': 36527.39999999991}",2588280754,14471996773,POINT (0.4796301830898241 0.2152625015341547),,,,,,,,,,,,,,,,,,,,,,,,,,,,,,,1,
0,30,17,"{'x': 781.146210353208, 'y': 398.61348838084035, 'elapsedTime': 36580.09999999963}",2588297424,14472013443,POINT (0.4068469845589624 0.3690865633155929),,,,,,,,,,,,,,,,,,,,,,,,,,,,,,,,
0,30,17,"{'x': 781.146210353208, 'y': 398.61348838084035, 'elapsedTime': 36580.09999999963}",2588314101,14472030119,POINT (0.4068469845589624 0.3690865633155929),,,,,,,,,,,,,,,,,,,,,,,,,,,,,,,,
0,30,17,"{'x': 781.146210353208, 'y': 398.61348838084035, 'elapsedTime': 36580.09999999963}",2588330766,14472046784,POINT (0.4068469845589624 0.3690865633155929),,,,,,,,,,,,,,,,,,,,,,,,,,,,,,,,
0,30,17,"{'x': 781.146210353208, 'y': 398.61348838084035, 'elapsedTime': 36580.09999999963}",2588347435,14472063452,POINT (0.4068469845589624 0.3690865633155929),,,,,,,,,,,,,,,,,,,,,,,,,,,,,,,,
0,30,17,"{'x': 509.00876575280364, 'y': 466.0114630131758, 'elapsedTime': 36638.799999999814}",2588364102,14472080119,POINT (0.2651087321629186 0.4314920953825702),,,,,,,,,,,,,,,,,,,,,,,,,,,,,,,,
0,30,17,"{'x': 509.00876575280364, 'y': 466.0114630131758, 'elapsedTime': 36638.799999999814}",2588380761,14472096777,POINT (0.2651087321629186 0.4314920953825702),,,,,,,,,,,,,,,,,,,,,,,,,,,,,,,,
0,30,17,"{'x': 241.8248714414794, 'y': 542.9064955183775, 'elapsedTime': 36691.39999999991}",2588397428,14472113444,POINT (0.1259504538757705 0.5026911995540532),,,,,,,,,,,,,,,,,,,,,,,,,,,,,,,,
0,30,17,"{'x': 241.8248714414794, 'y': 542.9064955183775, 'elapsedTime': 36691.39999999991}",2588414096,14472130111,POINT (0.1259504538757705 0.5026911995540532),,,,,,,,,,,,,,,,,,,,,,,,,,,,,,,,
0,30,17,"{'x': 241.8248714414794, 'y': 542.9064955183775, 'elapsedTime': 36691.39999999991}",2588430769,14472146784,POINT (0.1259504538757705 0.5026911995540532),,,,,,,,,,,,,,,,,,,,,,,,,,,,,,,,
0,30,17,"{'x': 241.8248714414794, 'y': 542.9064955183775, 'elapsedTime': 36691.39999999991}",2588447438,14472163452,POINT (0.1259504538757705 0.5026911995540532),,,,,,,,,,,,,,,,,,,,,,,,,,,,,,,,
0,30,17,"{'x': 74.64166330688275, 'y': 691.7409819609067, 'elapsedTime': 36738.19999999972}",2588464105,14472180119,POINT (0.0388758663056681 0.6405009092230617),,,,,,,,,,,,,,,,,,,,,,,,,,,,,,,,
0,30,17,"{'x': 74.64166330688275, 'y': 691.7409819609067, 'elapsedTime': 36738.19999999972}",2588480775,14472196788,POINT (0.0388758663056681 0.6405009092230617),,,,,,,,,,,,,,,,,,,,,,,,,,,,,,,,
0,30,17,"{'x': 74.64166330688275, 'y': 691.7409819609067, 'elapsedTime': 36738.19999999972}",2588497443,14472213456,POINT (0.0388758663056681 0.6405009092230617),,,,,,,,,,,,,,,,,,,,,,,,,,,,,,,,
0,30,17,"{'x': 92.47138285658453, 'y': 680.2708745154205, 'elapsedTime': 36792.19999999972}",2588514102,14472230114,POINT (0.0481621785711378 0.62988043936613),,,,,,,,,,,,,,,,,,,,,,,,,,,,,,,,
0,30,17,"{'x': 92.47138285658453, 'y': 680.2708745154205, 'elapsedTime': 36792.19999999972}",2588530768,14472246780,POINT (0.0481621785711378 0.62988043936613),,,,,,,,,,,,,,,,,,,,,,,,,,,,,,,,
0,30,17,"{'x': 92.47138285658453, 'y': 680.2708745154205, 'elapsedTime': 36792.19999999972}",2588547438,14472263449,POINT (0.0481621785711378 0.62988043936613),,,,,,,,,,,,,,,,,,,,,,,,,,,,,,,,
0,30,17,"{'x': 172.17456824352763, 'y': 579.0338923481207, 'elapsedTime': 36846}",2588564108,14472280119,POINT (0.089674254293504 0.5361424929149265),,,,,,,,,,,,,,,,,,,,,,,,,,,,,,,,
0,30,17,"{'x': 172.17456824352763, 'y': 579.0338923481207, 'elapsedTime': 36846}",2588580778,14472296788,POINT (0.089674254293504 0.5361424929149265),,,,,,,,,,,,,,,,,,,,,,,,,,,,,,,,
0,30,17,"{'x': 280.05437513014476, 'y': 509.36107208135394, 'elapsedTime': 36890.59999999963}",2588597445,14472313455,POINT (0.1458616537136171 0.4716306222975499),,,,,,,,,,,,,,,,,,,,,,,,,,,,,,,,
0,30,17,"{'x': 280.05437513014476, 'y': 509.36107208135394, 'elapsedTime': 36890.59999999963}",2588614114,14472330123,POINT (0.1458616537136171 0.4716306222975499),,,,,,,,,,,,,,,,,,,,,,,,,,,,,,,,
0,30,17,"{'x': 280.05437513014476, 'y': 509.36107208135394, 'elapsedTime': 36890.59999999963}",2588630780,14472346789,POINT (0.1458616537136171 0.4716306222975499),,,,,,,,,,,,,,,,,,,,,,,,,,,,,,,,
0,30,17,"{'x': 369.4341777885359, 'y': 450.1185868284129, 'elapsedTime': 36937.89999999991}",2588647450,14472363458,POINT (0.1924136342648625 0.4167764692855675),,,,,,,,,,,,,,,,,,,,,,,,,,,,,,,,
0,30,17,"{'x': 369.4341777885359, 'y': 450.1185868284129, 'elapsedTime': 36937.89999999991}",2588664117,14472380125,POINT (0.1924136342648625 0.4167764692855675),,,,,,,,,,,,,,,,,,,,,,,,,,,,,,,,
0,30,17,"{'x': 369.4341777885359, 'y': 450.1185868284129, 'elapsedTime': 36937.89999999991}",2588680784,14472396791,POINT (0.1924136342648625 0.4167764692855675),,,,,,,,,,,,,,,,,,,,,,,,,,,,,,,,
0,30,17,"{'x': 442.1773254481539, 'y': 423.5279623662661, 'elapsedTime': 36986.69999999972}",2588697459,14472413466,POINT (0.2303006903375802 0.3921555207095057),,,,,,,,,,,,,,,,,,,,,,,,,,,,,,,,
0,30,17,"{'x': 442.1773254481539, 'y': 423.5279623662661, 'elapsedTime': 36986.69999999972}",2588714127,14472430133,POINT (0.2303006903375802 0.3921555207095057),,,,,,,,,,,,,,,,,,,,,,,,,,,,,,,,
0,30,17,"{'x': 442.1773254481539, 'y': 423.5279623662661, 'elapsedTime': 36986.69999999972}",2588730793,14472446799,POINT (0.2303006903375802 0.3921555207095057),,,,,,,,,,,,,,,,,,,,,,,,,,,,,,,,
0,30,17,"{'x': 494.314842168621, 'y': 388.3958586411614, 'elapsedTime': 37031.89999999991}",2588747454,14472463459,POINT (0.2574556469628234 0.3596257950381124),,,,,,,,,,,,,,,,,1,,,,,,,,,,,,,,,
0,30,17,"{'x': 494.314842168621, 'y': 388.3958586411614, 'elapsedTime': 37031.89999999991}",2588764121,14472480126,POINT (0.2574556469628234 0.3596257950381124),,,,,,,,,,,,,,,,,1,,,,,,,,,,,,,,,
0,30,17,"{'x': 494.314842168621, 'y': 388.3958586411614, 'elapsedTime': 37031.89999999991}",2588780788,14472496792,POINT (0.2574556469628234 0.3596257950381124),,,,,,,,,,,,,,,,,1,,,,,,,,,,,,,,,
0,30,17,"{'x': 568.8615705162828, 'y': 350.3340737178077, 'elapsedTime': 37078.299999999814}",2588797455,14472513459,POINT (0.2962820679772306 0.3243834015905627),,,,,,,,,,,,,,,,,,,,,,,,,,,,,,,,
0,30,17,"{'x': 568.8615705162828, 'y': 350.3340737178077, 'elapsedTime': 37078.299999999814}",2588814126,14472530129,POINT (0.2962820679772306 0.3243834015905627),,,,,,,,,,,,,,,,,,,,,,,,,,,,,,,,
0,30,17,"{'x': 568.8615705162828, 'y': 350.3340737178077, 'elapsedTime': 37078.299999999814}",2588830796,14472546799,POINT (0.2962820679772306 0.3243834015905627),,,,,,,,,,,,,,,,,,,,,,,,,,,,,,,,
0,30,17,"{'x': 652.4349290699873, 'y': 289.59397447920884, 'elapsedTime': 37125.19999999972}",2588847463,14472563465,POINT (0.3398098588906184 0.2681425689622304),,,,,,,,,,,,,,,,,,,,,,,,,,,,,,1,1,
0,30,17,"{'x': 652.4349290699873, 'y': 289.59397447920884, 'elapsedTime': 37125.19999999972}",2588864130,14472580132,POINT (0.3398098588906184 0.2681425689622304),,,,,,,,,,,,,,,,,,,,,,,,,,,,,,1,1,
0,30,17,"{'x': 652.4349290699873, 'y': 289.59397447920884, 'elapsedTime': 37125.19999999972}",2588880797,14472596798,POINT (0.3398098588906184 0.2681425689622304),,,,,,,,,,,,,,,,,,,,,,,,,,,,,,1,1,
0,30,17,"{'x': 661.9586712040323, 'y': 226.00515959813066, 'elapsedTime': 37171.69999999972}",2588897464,14472613465,POINT (0.3447701412521002 0.2092640366649358),,,,,,,,,,,,,,,,,,,,,,,,,,,,,,,,
0,30,17,"{'x': 661.9586712040323, 'y': 226.00515959813066, 'elapsedTime': 37171.69999999972}",2588914132,14472630132,POINT (0.3447701412521002 0.2092640366649358),,,,,,,,,,,,,,,,,,,,,,,,,,,,,,,,
0,30,17,"{'x': 661.9586712040323, 'y': 226.00515959813066, 'elapsedTime': 37171.69999999972}",2588930800,14472646800,POINT (0.3447701412521002 0.2092640366649358),,,,,,,,,,,,,,,,,,,,,,,,,,,,,,,,
0,30,17,"{'x': 760.2875848045336, 'y': 230.91520568910022, 'elapsedTime': 37227.19999999972}",2588947475,14472663474,POINT (0.3959831170856946 0.2138103756380558),,,,,,,,,,,,,,,,,,,,,,,,,,,,,,,1,
0,30,17,"{'x': 760.2875848045336, 'y': 230.91520568910022, 'elapsedTime': 37227.19999999972}",2588964142,14472680141,POINT (0.3959831170856946 0.2138103756380558),,,,,,,,,,,,,,,,,,,,,,,,,,,,,,,1,
0,30,17,"{'x': 812.9899087758164, 'y': 210.74813829389282, 'elapsedTime': 37274.69999999972}",2588980809,14472696807,POINT (0.423432244154071 0.1951371650869378),,,,,,,,,,,,,,,,,,,,,,,,,,,,,,1,,
0,30,17,"{'x': 812.9899087758164, 'y': 210.74813829389282, 'elapsedTime': 37274.69999999972}",2588997476,14472713474,POINT (0.423432244154071 0.1951371650869378),,,,,,,,,,,,,,,,,,,,,,,,,,,,,,1,,
0,30,17,"{'x': 812.9899087758164, 'y': 210.74813829389282, 'elapsedTime': 37274.69999999972}",2589014143,14472730140,POINT (0.423432244154071 0.1951371650869378),,,,,,,,,,,,,,,,,,,,,,,,,,,,,,1,,
0,30,17,"{'x': 812.9899087758164, 'y': 210.74813829389282, 'elapsedTime': 37274.69999999972}",2589030813,14472746810,POINT (0.423432244154071 0.1951371650869378),,,,,,,,,,,,,,,,,,,,,,,,,,,,,,1,,
0,30,17,"{'x': 888.7538816431136, 'y': 177.3420693236691, 'elapsedTime': 37320.799999999814}",2589047480,14472763476,POINT (0.4628926466891217 0.164205619744138),,,,,,,,,,,,,,,,,,,,,,,,,,,,,,1,,
0,30,17,"{'x': 888.7538816431136, 'y': 177.3420693236691, 'elapsedTime': 37320.799999999814}",2589064146,14472780142,POINT (0.4628926466891217 0.164205619744138),,,,,,,,,,,,,,,,,,,,,,,,,,,,,,1,,
0,30,17,"{'x': 888.7538816431136, 'y': 177.3420693236691, 'elapsedTime': 37320.799999999814}",2589080818,14472796813,POINT (0.4628926466891217 0.164205619744138),,,,,,,,,,,,,,,,,,,,,,,,,,,,,,1,,
0,30,17,"{'x': 848.539165798702, 'y': 161.42230272536366, 'elapsedTime': 37376.89999999991}",2589097485,14472813480,POINT (0.441947482186824 0.1494650951160775),,,,,,,,,,,,,,,,,,,,,,,,,,,,,,1,,
0,30,17,"{'x': 848.539165798702, 'y': 161.42230272536366, 'elapsedTime': 37376.89999999991}",2589114144,14472830138,POINT (0.441947482186824 0.1494650951160775),,,,,,,,,,,,,,,,,,,,,,,,,,,,,,1,,
0,30,17,"{'x': 848.539165798702, 'y': 161.42230272536366, 'elapsedTime': 37376.89999999991}",2589130811,14472846805,POINT (0.441947482186824 0.1494650951160775),,,,,,,,,,,,,,,,,,,,,,,,,,,,,,1,,
0,30,17,"{'x': 802.5511006784625, 'y': 208.18344114665436, 'elapsedTime': 37425.19999999972}",2589147478,14472863471,POINT (0.4179953649366992 0.1927624455061614),,,,,,,,,,,,,,,,,,,,,,,,,,,,,,1,,
0,30,17,"{'x': 802.5511006784625, 'y': 208.18344114665436, 'elapsedTime': 37425.19999999972}",2589164145,14472880138,POINT (0.4179953649366992 0.1927624455061614),,,,,,,,,,,,,,,,,,,,,,,,,,,,,,1,,
0,30,17,"{'x': 802.5511006784625, 'y': 208.18344114665436, 'elapsedTime': 37425.19999999972}",2589180813,14472896805,POINT (0.4179953649366992 0.1927624455061614),,,,,,,,,,,,,,,,,,,,,,,,,,,,,,1,,
0,30,17,"{'x': 830.8256736971707, 'y': 172.25022309785805, 'elapsedTime': 37475.5}",2589197481,14472913473,POINT (0.4327217050506098 0.1594909473128315),,,,,,,,,,,,,,,,,,,,,,,,,,,,,,1,,
0,30,17,"{'x': 830.8256736971707, 'y': 172.25022309785805, 'elapsedTime': 37475.5}",2589214154,14472930145,POINT (0.4327217050506098 0.1594909473128315),,,,,,,,,,,,,,,,,,,,,,,,,,,,,,1,,
0,30,17,"{'x': 830.8256736971707, 'y': 172.25022309785805, 'elapsedTime': 37475.5}",2589230820,14472946811,POINT (0.4327217050506098 0.1594909473128315),,,,,,,,,,,,,,,,,,,,,,,,,,,,,,1,,
0,30,17,"{'x': 830.8256736971707, 'y': 172.25022309785805, 'elapsedTime': 37475.5}",2589247489,14472963479,POINT (0.4327217050506098 0.1594909473128315),,,,,,,,,,,,,,,,,,,,,,,,,,,,,,1,,
0,30,17,"{'x': 830.8256736971707, 'y': 172.25022309785805, 'elapsedTime': 37475.5}",2589264155,14472980145,POINT (0.4327217050506098 0.1594909473128315),,,,,,,,,,,,,,,,,,,,,,,,,,,,,,1,,
0,30,17,"{'x': 827.4927772243401, 'y': 297.51457537396135, 'elapsedTime': 37536.69999999972}",2589280822,14472996811,POINT (0.4309858214710104 0.2754764586795939),,,,,,,,,,,,,,,,,,,,,,,,,,,,,,1,1,
0,30,17,"{'x': 827.4927772243401, 'y': 297.51457537396135, 'elapsedTime': 37536.69999999972}",2589297490,14473013479,POINT (0.4309858214710104 0.2754764586795939),,,,,,,,,,,,,,,,,,,,,,,,,,,,,,1,1,
0,30,17,"{'x': 827.4927772243401, 'y': 297.51457537396135, 'elapsedTime': 37536.69999999972}",2589314157,14473030145,POINT (0.4309858214710104 0.2754764586795939),,,,,,,,,,,,,,,,,,,,,,,,,,,,,,1,1,
0,30,17,"{'x': 827.4927772243401, 'y': 297.51457537396135, 'elapsedTime': 37536.69999999972}",2589330824,14473046812,POINT (0.4309858214710104 0.2754764586795939),,,,,,,,,,,,,,,,,,,,,,,,,,,,,,1,1,
0,30,17,"{'x': 756.3228964277972, 'y': 367.0516912783906, 'elapsedTime': 37608.5}",2589347495,14473063482,POINT (0.393918175222811 0.3398626771096209),,,,,,,,,,,,,,,,,,1,,,,,,,,,,,,,,
0,30,17,"{'x': 756.3228964277972, 'y': 367.0516912783906, 'elapsedTime': 37608.5}",2589364161,14473080148,POINT (0.393918175222811 0.3398626771096209),,,,,,,,,,,,,,,,,,1,,,,,,,,,,,,,,
0,30,17,"{'x': 756.3228964277972, 'y': 367.0516912783906, 'elapsedTime': 37608.5}",2589380828,14473096814,POINT (0.393918175222811 0.3398626771096209),,,,,,,,,,,,,,,,,,1,,,,,,,,,,,,,,
0,30,17,"{'x': 656.9555152912131, 'y': 414.04471050547227, 'elapsedTime': 37674.39999999991}",2589397495,14473113481,POINT (0.3421643308808402 0.3833747319495114),,,,,,,,,,,,,,,,,,,,,,,,,,,,,,,,
0,30,17,"{'x': 656.9555152912131, 'y': 414.04471050547227, 'elapsedTime': 37674.39999999991}",2589414163,14473130148,POINT (0.3421643308808402 0.3833747319495114),,,,,,,,,,,,,,,,,,,,,,,,,,,,,,,,
0,30,17,"{'x': 656.9555152912131, 'y': 414.04471050547227, 'elapsedTime': 37674.39999999991}",2589430830,14473146815,POINT (0.3421643308808402 0.3833747319495114),,,,,,,,,,,,,,,,,,,,,,,,,,,,,,,,
0,30,17,"{'x': 639.8112114704145, 'y': 406.23977811285243, 'elapsedTime': 37735.19999999972}",2589447497,14473163481,POINT (0.3332350059741742 0.3761479426970856),,,,,,,,,,,,,,,,,,,,,,,,,,,,,,,,
0,30,17,"{'x': 639.8112114704145, 'y': 406.23977811285243, 'elapsedTime': 37735.19999999972}",2589464164,14473180148,POINT (0.3332350059741742 0.3761479426970856),,,,,,,,,,,,,,,,,,,,,,,,,,,,,,,,
0,30,17,"{'x': 639.8112114704145, 'y': 406.23977811285243, 'elapsedTime': 37735.19999999972}",2589480837,14473196820,POINT (0.3332350059741742 0.3761479426970856),,,,,,,,,,,,,,,,,,,,,,,,,,,,,,,,
0,30,17,"{'x': 639.8112114704145, 'y': 406.23977811285243, 'elapsedTime': 37735.19999999972}",2589497504,14473213487,POINT (0.3332350059741742 0.3761479426970856),,,,,,,,,,,,,,,,,,,,,,,,,,,,,,,,
0,30,17,"{'x': 643.5395953332898, 'y': 426.6900690094467, 'elapsedTime': 37791.19999999972}",2589514172,14473230154,POINT (0.3351768725694218 0.3950833972309691),,,,,,,,,,,,,,,,,,,,,,,,,,,,,,,,
0,30,17,"{'x': 643.5395953332898, 'y': 426.6900690094467, 'elapsedTime': 37791.19999999972}",2589530839,14473246821,POINT (0.3351768725694218 0.3950833972309691),,,,,,,,,,,,,,,,,,,,,,,,,,,,,,,,
0,30,17,"{'x': 643.5395953332898, 'y': 426.6900690094467, 'elapsedTime': 37791.19999999972}",2589547506,14473263487,POINT (0.3351768725694218 0.3950833972309691),,,,,,,,,,,,,,,,,,,,,,,,,,,,,,,,
0,30,17,"{'x': 628.4644221211815, 'y': 399.9158079299072, 'elapsedTime': 37850.799999999814}",2589564173,14473280154,POINT (0.3273252198547821 0.3702924147499141),,,,,,,,,,,,,,,,,,,,,,,,,,,,,,,,
0,30,17,"{'x': 628.4644221211815, 'y': 399.9158079299072, 'elapsedTime': 37850.799999999814}",2589580840,14473296820,POINT (0.3273252198547821 0.3702924147499141),,,,,,,,,,,,,,,,,,,,,,,,,,,,,,,,
0,30,17,"{'x': 628.4644221211815, 'y': 399.9158079299072, 'elapsedTime': 37850.799999999814}",2589597507,14473313487,POINT (0.3273252198547821 0.3702924147499141),,,,,,,,,,,,,,,,,,,,,,,,,,,,,,,,
0,30,17,"{'x': 624.613342093403, 'y': 445.19812265169526, 'elapsedTime': 37903.89999999991}",2589614179,14473330158,POINT (0.3253194490069807 0.4122204839367549),,,,,,,,,,,,,,,,,,,,,,,,,,,,,,,,
0,30,17,"{'x': 624.613342093403, 'y': 445.19812265169526, 'elapsedTime': 37903.89999999991}",2589630845,14473346824,POINT (0.3253194490069807 0.4122204839367549),,,,,,,,,,,,,,,,,,,,,,,,,,,,,,,,
0,30,17,"{'x': 624.613342093403, 'y': 445.19812265169526, 'elapsedTime': 37903.89999999991}",2589647512,14473363490,POINT (0.3253194490069807 0.4122204839367549),,,,,,,,,,,,,,,,,,,,,,,,,,,,,,,,
0,30,17,"{'x': 624.613342093403, 'y': 445.19812265169526, 'elapsedTime': 37903.89999999991}",2589664179,14473380157,POINT (0.3253194490069807 0.4122204839367549),,,,,,,,,,,,,,,,,,,,,,,,,,,,,,,,
0,30,17,"{'x': 647.9260140466831, 'y': 470.0214609269736, 'elapsedTime': 37960.19999999972}",2589680846,14473396823,POINT (0.3374614656493141 0.4352050564138644),,,,,,,,,,,,,,,,,,,,,,,,,,,,,,,,
0,30,17,"{'x': 647.9260140466831, 'y': 470.0214609269736, 'elapsedTime': 37960.19999999972}",2589697513,14473413490,POINT (0.3374614656493141 0.4352050564138644),,,,,,,,,,,,,,,,,,,,,,,,,,,,,,,,
0,30,17,"{'x': 647.9260140466831, 'y': 470.0214609269736, 'elapsedTime': 37960.19999999972}",2589714181,14473430157,POINT (0.3374614656493141 0.4352050564138644),,,,,,,,,,,,,,,,,,,,,,,,,,,,,,,,
0,30,17,"{'x': 690.0258107382681, 'y': 453.03714491056917, 'elapsedTime': 38010.5}",2589730848,14473446824,POINT (0.359388443092848 0.4194788378801567),,,,,,,,,,,,,,,,,,,,,,,,,,,,,,,,
0,30,17,"{'x': 690.0258107382681, 'y': 453.03714491056917, 'elapsedTime': 38010.5}",2589747518,14473463493,POINT (0.359388443092848 0.4194788378801567),,,,,,,,,,,,,,,,,,,,,,,,,,,,,,,,
0,30,17,"{'x': 690.0258107382681, 'y': 453.03714491056917, 'elapsedTime': 38010.5}",2589764184,14473480159,POINT (0.359388443092848 0.4194788378801567),,,,,,,,,,,,,,,,,,,,,,,,,,,,,,,,
0,30,17,"{'x': 652.268956619159, 'y': 411.8674292447346, 'elapsedTime': 38063.39999999991}",2589780852,14473496826,POINT (0.339723414905812 0.3813587307821616),,,,,,,,,,,,,,,,,,,,,,,,,,,,,,,,
0,30,17,"{'x': 652.268956619159, 'y': 411.8674292447346, 'elapsedTime': 38063.39999999991}",2589797519,14473513493,POINT (0.339723414905812 0.3813587307821616),,,,,,,,,,,,,,,,,,,,,,,,,,,,,,,,
0,30,17,"{'x': 652.268956619159, 'y': 411.8674292447346, 'elapsedTime': 38063.39999999991}",2589814187,14473530160,POINT (0.339723414905812 0.3813587307821616),,,,,,,,,,,,,,,,,,,,,,,,,,,,,,,,
0,30,17,"{'x': 652.268956619159, 'y': 411.8674292447346, 'elapsedTime': 38063.39999999991}",2589830853,14473546826,POINT (0.339723414905812 0.3813587307821616),,,,,,,,,,,,,,,,,,,,,,,,,,,,,,,,
0,30,17,"{'x': 666.4921618011814, 'y': 442.31306277947886, 'elapsedTime': 38122.09999999963}",2589847521,14473563493,POINT (0.3471313342714486 0.4095491322032211),,,,,,,,,,,,,,,,,,,,,,,,,,,,,,,,
0,30,17,"{'x': 666.4921618011814, 'y': 442.31306277947886, 'elapsedTime': 38122.09999999963}",2589864192,14473580164,POINT (0.3471313342714486 0.4095491322032211),,,,,,,,,,,,,,,,,,,,,,,,,,,,,,,,
0,30,17,"{'x': 666.4921618011814, 'y': 442.31306277947886, 'elapsedTime': 38122.09999999963}",2589880860,14473596831,POINT (0.3471313342714486 0.4095491322032211),,,,,,,,,,,,,,,,,,,,,,,,,,,,,,,,
0,30,17,"{'x': 636.3331557040385, 'y': 492.39227491031204, 'elapsedTime': 38174.5}",2589897526,14473613497,POINT (0.3314235185958534 0.4559187730651038),,,,,,,,,,,,,,,,,,,,,,,,,,,,,,,,
0,30,17,"{'x': 636.3331557040385, 'y': 492.39227491031204, 'elapsedTime': 38174.5}",2589914193,14473630163,POINT (0.3314235185958534 0.4559187730651038),,,,,,,,,,,,,,,,,,,,,,,,,,,,,,,,
0,30,17,"{'x': 636.3331557040385, 'y': 492.39227491031204, 'elapsedTime': 38174.5}",2589930861,14473646831,POINT (0.3314235185958534 0.4559187730651038),,,,,,,,,,,,,,,,,,,,,,,,,,,,,,,,
0,30,17,"{'x': 692.2013560279113, 'y': 506.6235978905339, 'elapsedTime': 38227.19999999972}",2589947528,14473663497,POINT (0.3605215395978705 0.4690959239727166),,,,,,,,,,,,,,,,,,,,,,,,,,,,,,,,
0,30,17,"{'x': 692.2013560279113, 'y': 506.6235978905339, 'elapsedTime': 38227.19999999972}",2589964195,14473680164,POINT (0.3605215395978705 0.4690959239727166),,,,,,,,,,,,,,,,,,,,,,,,,,,,,,,,
0,30,17,"{'x': 692.2013560279113, 'y': 506.6235978905339, 'elapsedTime': 38227.19999999972}",2589980863,14473696831,POINT (0.3605215395978705 0.4690959239727166),,,,,,,,,,,,,,,,,,,,,,,,,,,,,,,,
0,30,17,"{'x': 692.2013560279113, 'y': 506.6235978905339, 'elapsedTime': 38227.19999999972}",2589997536,14473713504,POINT (0.3605215395978705 0.4690959239727166),,,,,,,,,,,,,,,,,,,,,,,,,,,,,,,,
0,30,17,"{'x': 728.7799787642736, 'y': 493.32801779583366, 'elapsedTime': 38278.5}",2590014204,14473730171,POINT (0.3795729056063924 0.456785201662809),,,,,,,,,,,,,,,,,,,,,,,,,,,,,,,,
0,30,17,"{'x': 728.7799787642736, 'y': 493.32801779583366, 'elapsedTime': 38278.5}",2590030870,14473746837,POINT (0.3795729056063924 0.456785201662809),,,,,,,,,,,,,,,,,,,,,,,,,,,,,,,,
0,30,17,"{'x': 728.7799787642736, 'y': 493.32801779583366, 'elapsedTime': 38278.5}",2590047538,14473763504,POINT (0.3795729056063924 0.456785201662809),,,,,,,,,,,,,,,,,,,,,,,,,,,,,,,,
0,30,17,"{'x': 714.9464903719028, 'y': 480.44748182027087, 'elapsedTime': 38343.299999999814}",2590064205,14473780171,POINT (0.372367963735366 0.4448587794632138),,,,,,,,,,,,,,,,,,,,,,,,,,,,,,,,
0,30,17,"{'x': 714.9464903719028, 'y': 480.44748182027087, 'elapsedTime': 38343.299999999814}",2590080872,14473796837,POINT (0.372367963735366 0.4448587794632138),,,,,,,,,,,,,,,,,,,,,,,,,,,,,,,,
0,30,17,"{'x': 714.9464903719028, 'y': 480.44748182027087, 'elapsedTime': 38343.299999999814}",2590097539,14473813504,POINT (0.372367963735366 0.4448587794632138),,,,,,,,,,,,,,,,,,,,,,,,,,,,,,,,
0,30,17,"{'x': 740.6729732782254, 'y': 522.8229621175583, 'elapsedTime': 38392.69999999972}",2590114207,14473830171,POINT (0.3857671735824091 0.4840953352940355),,,,,,,,,,,,,,,,,,,,,,,,,,,,,,,,
0,30,17,"{'x': 740.6729732782254, 'y': 522.8229621175583, 'elapsedTime': 38392.69999999972}",2590130878,14473846842,POINT (0.3857671735824091 0.4840953352940355),,,,,,,,,,,,,,,,,,,,,,,,,,,,,,,,
0,30,17,"{'x': 740.6729732782254, 'y': 522.8229621175583, 'elapsedTime': 38392.69999999972}",2590147546,14473863509,POINT (0.3857671735824091 0.4840953352940355),,,,,,,,,,,,,,,,,,,,,,,,,,,,,,,,
0,30,17,"{'x': 759.8443999528545, 'y': 470.9627238577481, 'elapsedTime': 38441.09999999963}",2590164212,14473880175,POINT (0.3957522916421117 0.4360765961645816),,,,,,,,,,,,,,,,,,,,,,,,,,,,,,,,
0,30,17,"{'x': 759.8443999528545, 'y': 470.9627238577481, 'elapsedTime': 38441.09999999963}",2590180880,14473896842,POINT (0.3957522916421117 0.4360765961645816),,,,,,,,,,,,,,,,,,,,,,,,,,,,,,,,
0,30,17,"{'x': 759.8443999528545, 'y': 470.9627238577481, 'elapsedTime': 38441.09999999963}",2590197547,14473913509,POINT (0.3957522916421117 0.4360765961645816),,,,,,,,,,,,,,,,,,,,,,,,,,,,,,,,
0,30,17,"{'x': 768.1267073418633, 'y': 546.9842487753422, 'elapsedTime': 38490}",2590214215,14473930176,POINT (0.4000659934072204 0.5064668970142057),,,,,,,,,,,,,,,,,,,,,,,,,,,,,,,1,
0,30,17,"{'x': 768.1267073418633, 'y': 546.9842487753422, 'elapsedTime': 38490}",2590230881,14473946842,POINT (0.4000659934072204 0.5064668970142057),,,,,,,,,,,,,,,,,,,,,,,,,,,,,,,1,
0,30,17,"{'x': 768.1267073418633, 'y': 546.9842487753422, 'elapsedTime': 38490}",2590247549,14473963509,POINT (0.4000659934072204 0.5064668970142057),,,,,,,,,,,,,,,,,,,,,,,,,,,,,,,1,
0,30,17,"{'x': 723.786648334019, 'y': 592.5089657010952, 'elapsedTime': 38537.69999999972}",2590264222,14473980182,POINT (0.3769722126739682 0.5486194126861993),,,,,,,,,,,,,,,,,,,,,,,,,,,,,,,1,
0,30,17,"{'x': 723.786648334019, 'y': 592.5089657010952, 'elapsedTime': 38537.69999999972}",2590280889,14473996848,POINT (0.3769722126739682 0.5486194126861993),,,,,,,,,,,,,,,,,,,,,,,,,,,,,,,1,
0,30,17,"{'x': 723.786648334019, 'y': 592.5089657010952, 'elapsedTime': 38537.69999999972}",2590297555,14474013514,POINT (0.3769722126739682 0.5486194126861993),,,,,,,,,,,,,,,,,,,,,,,,,,,,,,,1,
0,30,17,"{'x': 723.786648334019, 'y': 592.5089657010952, 'elapsedTime': 38537.69999999972}",2590314223,14474030181,POINT (0.3769722126739682 0.5486194126861993),,,,,,,,,,,,,,,,,,,,,,,,,,,,,,,1,
0,30,17,"{'x': 723.2081862558947, 'y': 609.8139033696069, 'elapsedTime': 38589.5}",2590330890,14474046848,POINT (0.3766709303416118 0.5646425031200064),,,,,,,,,,,,,,,,,,,,,,,,,,,,,,,1,
0,30,17,"{'x': 723.2081862558947, 'y': 609.8139033696069, 'elapsedTime': 38589.5}",2590347557,14474063514,POINT (0.3766709303416118 0.5646425031200064),,,,,,,,,,,,,,,,,,,,,,,,,,,,,,,1,
0,30,17,"{'x': 723.2081862558947, 'y': 609.8139033696069, 'elapsedTime': 38589.5}",2590364224,14474080181,POINT (0.3766709303416118 0.5646425031200064),,,,,,,,,,,,,,,,,,,,,,,,,,,,,,,1,
0,30,17,"{'x': 727.2461485770598, 'y': 460.46948127871167, 'elapsedTime': 38659}",2590380892,14474096848,POINT (0.3787740357172186 0.4263606308136219),,,,,,,,,,,,,,,,,,,,,,,,,,,,,,,,
0,30,17,"{'x': 727.2461485770598, 'y': 460.46948127871167, 'elapsedTime': 38659}",2590397562,14474113518,POINT (0.3787740357172186 0.4263606308136219),,,,,,,,,,,,,,,,,,,,,,,,,,,,,,,,
0,30,17,"{'x': 727.2461485770598, 'y': 460.46948127871167, 'elapsedTime': 38659}",2590414230,14474130185,POINT (0.3787740357172186 0.4263606308136219),,,,,,,,,,,,,,,,,,,,,,,,,,,,,,,,
0,30,17,"{'x': 727.3938622334375, 'y': 552.1223442032656, 'elapsedTime': 38713.39999999991}",2590430897,14474146852,POINT (0.3788509699132487 0.5112243927808015),,,,,,,,,,,,,,,,,,,,,,,,,,,,,,,1,
0,30,17,"{'x': 727.3938622334375, 'y': 552.1223442032656, 'elapsedTime': 38713.39999999991}",2590447565,14474163519,POINT (0.3788509699132487 0.5112243927808015),,,,,,,,,,,,,,,,,,,,,,,,,,,,,,,1,
0,30,17,"{'x': 727.3938622334375, 'y': 552.1223442032656, 'elapsedTime': 38713.39999999991}",2590464232,14474180186,POINT (0.3788509699132487 0.5112243927808015),,,,,,,,,,,,,,,,,,,,,,,,,,,,,,,1,
0,30,17,"{'x': 727.3938622334375, 'y': 552.1223442032656, 'elapsedTime': 38713.39999999991}",2590480899,14474196852,POINT (0.3788509699132487 0.5112243927808015),,,,,,,,,,,,,,,,,,,,,,,,,,,,,,,1,
0,30,17,"{'x': 723.4028754382833, 'y': 496.0509327243252, 'elapsedTime': 38767.19999999972}",2590497565,14474213518,POINT (0.3767723309574392 0.45930641918919),,,,,,,,,,,,,,,,,,,,,,,,,,,,,,,,
0,30,17,"{'x': 723.4028754382833, 'y': 496.0509327243252, 'elapsedTime': 38767.19999999972}",2590514234,14474230186,POINT (0.3767723309574392 0.45930641918919),,,,,,,,,,,,,,,,,,,,,,,,,,,,,,,,
0,30,17,"{'x': 727.959489507182, 'y': 500.91108556486813, 'elapsedTime': 38822.69999999972}",2590530905,14474246857,POINT (0.3791455674516573 0.4638065607082112),,,,,,,,,,,,,,,,,,,,,,,,,,,,,,,,
0,30,17,"{'x': 727.959489507182, 'y': 500.91108556486813, 'elapsedTime': 38822.69999999972}",2590547573,14474263524,POINT (0.3791455674516573 0.4638065607082112),,,,,,,,,,,,,,,,,,,,,,,,,,,,,,,,
0,30,17,"{'x': 727.959489507182, 'y': 500.91108556486813, 'elapsedTime': 38822.69999999972}",2590564240,14474280191,POINT (0.3791455674516573 0.4638065607082112),,,,,,,,,,,,,,,,,,,,,,,,,,,,,,,,
0,30,17,"{'x': 727.959489507182, 'y': 500.91108556486813, 'elapsedTime': 38822.69999999972}",2590580907,14474296857,POINT (0.3791455674516573 0.4638065607082112),,,,,,,,,,,,,,,,,,,,,,,,,,,,,,,,
0,30,17,"{'x': 683.6034207654724, 'y': 491.6459879568897, 'elapsedTime': 38870.799999999814}",2590597573,14474313523,POINT (0.3560434483153502 0.4552277666267497),,,,,,,,,,,,,,,,,,,,,,,,,,,,,,,,
0,30,17,"{'x': 683.6034207654724, 'y': 491.6459879568897, 'elapsedTime': 38870.799999999814}",2590614241,14474330190,POINT (0.3560434483153502 0.4552277666267497),,,,,,,,,,,,,,,,,,,,,,,,,,,,,,,,
0,30,17,"{'x': 683.6034207654724, 'y': 491.6459879568897, 'elapsedTime': 38870.799999999814}",2590630908,14474346857,POINT (0.3560434483153502 0.4552277666267497),,,,,,,,,,,,,,,,,,,,,,,,,,,,,,,,
0,30,17,"{'x': 678.2136171018367, 'y': 543.5422758002122, 'elapsedTime': 38925}",2590647575,14474363523,POINT (0.3532362589072066 0.5032798850001965),,,,,,,,,,,,,,,,,,,,,,,,,,,,,,,1,
0,30,17,"{'x': 678.2136171018367, 'y': 543.5422758002122, 'elapsedTime': 38925}",2590664247,14474380195,POINT (0.3532362589072066 0.5032798850001965),,,,,,,,,,,,,,,,,,,,,,,,,,,,,,,1,
0,30,17,"{'x': 674.5273610117086, 'y': 619.3055024154729, 'elapsedTime': 38971.59999999963}",2590680915,14474396862,POINT (0.3513163338602649 0.5734310207550675),,,,,,,,,,,,,,,,,,,,,,,,,,,,,,,1,
0,30,17,"{'x': 674.5273610117086, 'y': 619.3055024154729, 'elapsedTime': 38971.59999999963}",2590697582,14474413529,POINT (0.3513163338602649 0.5734310207550675),,,,,,,,,,,,,,,,,,,,,,,,,,,,,,,1,
0,30,17,"{'x': 674.5273610117086, 'y': 619.3055024154729, 'elapsedTime': 38971.59999999963}",2590714249,14474430195,POINT (0.3513163338602649 0.5734310207550675),,,,,,,,,,,,,,,,,,,,,,,,,,,,,,,1,
0,30,17,"{'x': 684.5856639864728, 'y': 658.4328444140563, 'elapsedTime': 39018}",2590730916,14474446862,POINT (0.3565550333262879 0.6096600411241262),,,,,,,,,,,,,,,,,,,,,,,,,,,,,,,,
0,30,17,"{'x': 684.5856639864728, 'y': 658.4328444140563, 'elapsedTime': 39018}",2590747584,14474463529,POINT (0.3565550333262879 0.6096600411241262),,,,,,,,,,,,,,,,,,,,,,,,,,,,,,,,
0,30,17,"{'x': 684.5856639864728, 'y': 658.4328444140563, 'elapsedTime': 39018}",2590764250,14474480195,POINT (0.3565550333262879 0.6096600411241262),,,,,,,,,,,,,,,,,,,,,,,,,,,,,,,,
0,30,17,"{'x': 673.8408837844564, 'y': 746.6335398134667, 'elapsedTime': 39068.19999999972}",2590780922,14474496866,POINT (0.3509587936377377 0.6913273516791358),,,,,,,,,,,,,,,,,,,,,,,,,,,,,,,,1
0,30,17,"{'x': 673.8408837844564, 'y': 746.6335398134667, 'elapsedTime': 39068.19999999972}",2590797589,14474513533,POINT (0.3509587936377377 0.6913273516791358),,,,,,,,,,,,,,,,,,,,,,,,,,,,,,,,1
0,30,17,"{'x': 673.8408837844564, 'y': 746.6335398134667, 'elapsedTime': 39068.19999999972}",2590814256,14474530199,POINT (0.3509587936377377 0.6913273516791358),,,,,,,,,,,,,,,,,,,,,,,,,,,,,,,,1
0,30,17,"{'x': 673.8408837844564, 'y': 746.6335398134667, 'elapsedTime': 39068.19999999972}",2590830923,14474546866,POINT (0.3509587936377377 0.6913273516791358),,,,,,,,,,,,,,,,,,,,,,,,,,,,,,,,1
0,30,17,"{'x': 669.2302948116395, 'y': 658.4121187416793, 'elapsedTime': 39121.69999999972}",2590847591,14474563533,POINT (0.3485574452143956 0.60964085068674),,,,,,,,,,,,,,,,,,,,,,,,,,,,,,,,
0,30,17,"{'x': 669.2302948116395, 'y': 658.4121187416793, 'elapsedTime': 39121.69999999972}",2590864257,14474580199,POINT (0.3485574452143956 0.60964085068674),,,,,,,,,,,,,,,,,,,,,,,,,,,,,,,,
0,30,17,"{'x': 669.2302948116395, 'y': 658.4121187416793, 'elapsedTime': 39121.69999999972}",2590880925,14474596866,POINT (0.3485574452143956 0.60964085068674),,,,,,,,,,,,,,,,,,,,,,,,,,,,,,,,
0,30,17,"{'x': 695.8762006811571, 'y': 685.7642250170355, 'elapsedTime': 39171.59999999963}",2590897591,14474613532,POINT (0.3624355211881027 0.6349668750157736),,,,,,,,,,,,,,,,,,,,,,,,,,,,,,,,1
0,30,17,"{'x': 695.8762006811571, 'y': 685.7642250170355, 'elapsedTime': 39171.59999999963}",2590914264,14474630204,POINT (0.3624355211881027 0.6349668750157736),,,,,,,,,,,,,,,,,,,,,,,,,,,,,,,,1
0,30,17,"{'x': 695.8762006811571, 'y': 685.7642250170355, 'elapsedTime': 39171.59999999963}",2590930931,14474646871,POINT (0.3624355211881027 0.6349668750157736),,,,,,,,,,,,,,,,,,,,,,,,,,,,,,,,1
0,30,17,"{'x': 648.073298389296, 'y': 705.2759645596507, 'elapsedTime': 39227.299999999814}",2590947598,14474663537,POINT (0.337538176244425 0.6530333005181951),,,,,,,,,,,,,,,,,,,,,,,,,,,,,,,,1
0,30,17,"{'x': 648.073298389296, 'y': 705.2759645596507, 'elapsedTime': 39227.299999999814}",2590964265,14474680204,POINT (0.337538176244425 0.6530333005181951),,,,,,,,,,,,,,,,,,,,,,,,,,,,,,,,1
0,30,17,"{'x': 648.073298389296, 'y': 705.2759645596507, 'elapsedTime': 39227.299999999814}",2590980932,14474696870,POINT (0.337538176244425 0.6530333005181951),,,,,,,,,,,,,,,,,,,,,,,,,,,,,,,,1
0,30,17,"{'x': 649.7883384373202, 'y': 727.5532345951693, 'elapsedTime': 39273.299999999814}",2590997600,14474713538,POINT (0.3384314262694376 0.6736604024029346),,,,,,,,,,,,,,,,,,,,,,,,,,,,,,,,1
0,30,17,"{'x': 649.7883384373202, 'y': 727.5532345951693, 'elapsedTime': 39273.299999999814}",2591014267,14474730204,POINT (0.3384314262694376 0.6736604024029346),,,,,,,,,,,,,,,,,,,,,,,,,,,,,,,,1
0,30,17,"{'x': 649.7883384373202, 'y': 727.5532345951693, 'elapsedTime': 39273.299999999814}",2591030933,14474746870,POINT (0.3384314262694376 0.6736604024029346),,,,,,,,,,,,,,,,,,,,,,,,,,,,,,,,1
0,30,17,"{'x': 644.9474797677725, 'y': 702.3710065947632, 'elapsedTime': 39319.799999999814}",2591047607,14474763543,POINT (0.3359101457123815 0.6503435246247807),,,,,,,,,,,,,,,,,,,,,,,,,,,,,,,,1
0,30,17,"{'x': 644.9474797677725, 'y': 702.3710065947632, 'elapsedTime': 39319.799999999814}",2591064273,14474780209,POINT (0.3359101457123815 0.6503435246247807),,,,,,,,,,,,,,,,,,,,,,,,,,,,,,,,1
0,30,17,"{'x': 644.9474797677725, 'y': 702.3710065947632, 'elapsedTime': 39319.799999999814}",2591080941,14474796876,POINT (0.3359101457123815 0.6503435246247807),,,,,,,,,,,,,,,,,,,,,,,,,,,,,,,,1
0,30,17,"{'x': 647.9981113054945, 'y': 739.3249236509688, 'elapsedTime': 39381}",2591097607,14474813542,POINT (0.337499016304945 0.6845601144916378),,,,,,,,,,,,,,,,,,,,,,,,,,,,,,,,1
0,30,17,"{'x': 647.9981113054945, 'y': 739.3249236509688, 'elapsedTime': 39381}",2591114275,14474830209,POINT (0.337499016304945 0.6845601144916378),,,,,,,,,,,,,,,,,,,,,,,,,,,,,,,,1
0,30,17,"{'x': 647.9981113054945, 'y': 739.3249236509688, 'elapsedTime': 39381}",2591130942,14474846876,POINT (0.337499016304945 0.6845601144916378),,,,,,,,,,,,,,,,,,,,,,,,,,,,,,,,1
0,30,17,"{'x': 693.3395440523368, 'y': 677.2168338740381, 'elapsedTime': 39429.69999999972}",2591147609,14474863542,POINT (0.3611143458605921 0.6270526239574427),,,,,,,,,,,,,,,,,,,,,,,,,,,,,,,,1
0,30,17,"{'x': 693.3395440523368, 'y': 677.2168338740381, 'elapsedTime': 39429.69999999972}",2591164276,14474880209,POINT (0.3611143458605921 0.6270526239574427),,,,,,,,,,,,,,,,,,,,,,,,,,,,,,,,1
0,30,17,"{'x': 693.3395440523368, 'y': 677.2168338740381, 'elapsedTime': 39429.69999999972}",2591180948,14474896880,POINT (0.3611143458605921 0.6270526239574427),,,,,,,,,,,,,,,,,,,,,,,,,,,,,,,,1
0,30,17,"{'x': 677.6482934984348, 'y': 736.6853388526931, 'elapsedTime': 39475.89999999991}",2591197614,14474913546,POINT (0.3529418195304348 0.6821160544932344),,,,,,,,,,,,,,,,,,,,,,,,,,,,,,,,1
0,30,17,"{'x': 677.6482934984348, 'y': 736.6853388526931, 'elapsedTime': 39475.89999999991}",2591214282,14474930213,POINT (0.3529418195304348 0.6821160544932344),,,,,,,,,,,,,,,,,,,,,,,,,,,,,,,,1
0,30,17,"{'x': 677.8091040274825, 'y': 656.6033798596759, 'elapsedTime': 39522.59999999963}",2591230949,14474946880,POINT (0.3530255750143138 0.6079660924626629),,,,,,,,,,,,,,,,,,,,,,,,,,,,,,,,
0,30,17,"{'x': 677.8091040274825, 'y': 656.6033798596759, 'elapsedTime': 39522.59999999963}",2591247616,14474963546,POINT (0.3530255750143138 0.6079660924626629),,,,,,,,,,,,,,,,,,,,,,,,,,,,,,,,
0,30,17,"{'x': 677.8091040274825, 'y': 656.6033798596759, 'elapsedTime': 39522.59999999963}",2591264283,14474980213,POINT (0.3530255750143138 0.6079660924626629),,,,,,,,,,,,,,,,,,,,,,,,,,,,,,,,
0,30,17,"{'x': 677.8091040274825, 'y': 656.6033798596759, 'elapsedTime': 39522.59999999963}",2591280950,14474996879,POINT (0.3530255750143138 0.6079660924626629),,,,,,,,,,,,,,,,,,,,,,,,,,,,,,,,
0,30,17,"{'x': 675.5402206671724, 'y': 628.6241079496651, 'elapsedTime': 39569}",2591297617,14475013546,POINT (0.351843864930819 0.582059359212653),,,,,,,,,,,,,,,,,,,,,,,,,,,,,,,1,
0,30,17,"{'x': 675.5402206671724, 'y': 628.6241079496651, 'elapsedTime': 39569}",2591314289,14475030217,POINT (0.351843864930819 0.582059359212653),,,,,,,,,,,,,,,,,,,,,,,,,,,,,,,1,
0,30,17,"{'x': 675.5402206671724, 'y': 628.6241079496651, 'elapsedTime': 39569}",2591330956,14475046884,POINT (0.351843864930819 0.582059359212653),,,,,,,,,,,,,,,,,,,,,,,,,,,,,,,1,
0,30,17,"{'x': 660.4799978805879, 'y': 619.2622838360867, 'elapsedTime': 39630.09999999963}",2591347623,14475063550,POINT (0.3439999988961395 0.5733910035519321),,,,,,,,,,,,,,,,,,,,,,,,,,,,,,,1,
0,30,17,"{'x': 660.4799978805879, 'y': 619.2622838360867, 'elapsedTime': 39630.09999999963}",2591364289,14475080216,POINT (0.3439999988961395 0.5733910035519321),,,,,,,,,,,,,,,,,,,,,,,,,,,,,,,1,
0,30,17,"{'x': 657.0999656724794, 'y': 626.6799170488354, 'elapsedTime': 39674.19999999972}",2591380958,14475096884,POINT (0.3422395654544163 0.5802591824526253),,,,,,,,,,,,,,,,,,,,,,,,,,,,,,,1,
0,30,17,"{'x': 657.0999656724794, 'y': 626.6799170488354, 'elapsedTime': 39674.19999999972}",2591397624,14475113550,POINT (0.3422395654544163 0.5802591824526253),,,,,,,,,,,,,,,,,,,,,,,,,,,,,,,1,
0,30,17,"{'x': 657.0999656724794, 'y': 626.6799170488354, 'elapsedTime': 39674.19999999972}",2591414292,14475130217,POINT (0.3422395654544163 0.5802591824526253),,,,,,,,,,,,,,,,,,,,,,,,,,,,,,,1,
0,30,17,"{'x': 657.0999656724794, 'y': 626.6799170488354, 'elapsedTime': 39674.19999999972}",2591430959,14475146884,POINT (0.3422395654544163 0.5802591824526253),,,,,,,,,,,,,,,,,,,,,,,,,,,,,,,1,
0,30,17,"{'x': 650.2940923073085, 'y': 640.5590633112351, 'elapsedTime': 39720.69999999972}",2591447631,14475163555,POINT (0.3386948397433898 0.5931102438066992),,,,,,,,,,,,,,,,,,,,,,,,,,,,,,,1,
0,30,17,"{'x': 650.2940923073085, 'y': 640.5590633112351, 'elapsedTime': 39720.69999999972}",2591464298,14475180222,POINT (0.3386948397433898 0.5931102438066992),,,,,,,,,,,,,,,,,,,,,,,,,,,,,,,1,
0,30,17,"{'x': 650.2940923073085, 'y': 640.5590633112351, 'elapsedTime': 39720.69999999972}",2591480966,14475196889,POINT (0.3386948397433898 0.5931102438066992),,,,,,,,,,,,,,,,,,,,,,,,,,,,,,,1,
0,30,17,"{'x': 650.2940923073085, 'y': 640.5590633112351, 'elapsedTime': 39720.69999999972}",2591497632,14475213555,POINT (0.3386948397433898 0.5931102438066992),,,,,,,,,,,,,,,,,,,,,,,,,,,,,,,1,
0,30,17,"{'x': 650.2940923073085, 'y': 640.5590633112351, 'elapsedTime': 39720.69999999972}",2591514300,14475230222,POINT (0.3386948397433898 0.5931102438066992),,,,,,,,,,,,,,,,,,,,,,,,,,,,,,,1,
0,30,17,"{'x': 650.2940923073085, 'y': 640.5590633112351, 'elapsedTime': 39720.69999999972}",2591530966,14475246888,POINT (0.3386948397433898 0.5931102438066992),,,,,,,,,,,,,,,,,,,,,,,,,,,,,,,1,
0,30,17,"{'x': 610.757802029246, 'y': 640.8446578292945, 'elapsedTime': 39770.69999999972}",2591547634,14475263555,POINT (0.3181030218902323 0.5933746831752728),,,,,,,,,,,,,,,,,,,,,,,,,,,,,,,1,
0,30,17,"{'x': 610.757802029246, 'y': 640.8446578292945, 'elapsedTime': 39770.69999999972}",2591564301,14475280222,POINT (0.3181030218902323 0.5933746831752728),,,,,,,,,,,,,,,,,,,,,,,,,,,,,,,1,
0,30,17,"{'x': 575.4027671997527, 'y': 611.2009186215037, 'elapsedTime': 39833.89999999991}",2591580974,14475296894,POINT (0.2996889412498712 0.5659267765013922),,,,,,,,,,,,,,,,,,,,,,,,,,,,,,,1,
0,30,17,"{'x': 575.4027671997527, 'y': 611.2009186215037, 'elapsedTime': 39833.89999999991}",2591597640,14475313560,POINT (0.2996889412498712 0.5659267765013922),,,,,,,,,,,,,,,,,,,,,,,,,,,,,,,1,
0,30,17,"{'x': 575.4027671997527, 'y': 611.2009186215037, 'elapsedTime': 39833.89999999991}",2591614307,14475330226,POINT (0.2996889412498712 0.5659267765013922),,,,,,,,,,,,,,,,,,,,,,,,,,,,,,,1,
0,30,17,"{'x': 581.383968286009, 'y': 583.297749105065, 'elapsedTime': 39894.59999999963}",2591630975,14475346894,POINT (0.302804150148963 0.5400905084306158),,,,,,,,,,,,,,,,,,,,,,,,,,,,,,,1,
0,30,17,"{'x': 581.383968286009, 'y': 583.297749105065, 'elapsedTime': 39894.59999999963}",2591647642,14475363560,POINT (0.302804150148963 0.5400905084306158),,,,,,,,,,,,,,,,,,,,,,,,,,,,,,,1,
0,30,17,"{'x': 581.383968286009, 'y': 583.297749105065, 'elapsedTime': 39894.59999999963}",2591664309,14475380227,POINT (0.302804150148963 0.5400905084306158),,,,,,,,,,,,,,,,,,,,,,,,,,,,,,,1,
0,30,17,"{'x': 564.0679679323883, 'y': 572.2679316792128, 'elapsedTime': 39959.59999999963}",2591680976,14475396893,POINT (0.2937853999647856 0.5298777145177896),,,,,,,,,,,,,,,,,,,,,,,,,,,,,,,1,
0,30,17,"{'x': 564.0679679323883, 'y': 572.2679316792128, 'elapsedTime': 39959.59999999963}",2591697643,14475413560,POINT (0.2937853999647856 0.5298777145177896),,,,,,,,,,,,,,,,,,,,,,,,,,,,,,,1,
0,30,17,"{'x': 564.0679679323883, 'y': 572.2679316792128, 'elapsedTime': 39959.59999999963}",2591714315,14475430231,POINT (0.2937853999647856 0.5298777145177896),,,,,,,,,,,,,,,,,,,,,,,,,,,,,,,1,
0,30,17,"{'x': 574.5278647103943, 'y': 554.7556980720717, 'elapsedTime': 40010.89999999991}",2591730981,14475446897,POINT (0.299233262869997 0.5136626834000664),,,,,,,,,,,,,,,,,,,,,,,,,,,,,,,,
0,30,17,"{'x': 574.5278647103943, 'y': 554.7556980720717, 'elapsedTime': 40010.89999999991}",2591747649,14475463564,POINT (0.299233262869997 0.5136626834000664),,,,,,,,,,,,,,,,,,,,,,,,,,,,,,,,
0,30,17,"{'x': 599.0417922713532, 'y': 549.5619699509564, 'elapsedTime': 40057.59999999963}",2591764316,14475480231,POINT (0.3120009334746631 0.5088536758805152),,,,,,,,,,,,,,,,,,,,,,,,,,,,,,,,
0,30,17,"{'x': 599.0417922713532, 'y': 549.5619699509564, 'elapsedTime': 40057.59999999963}",2591780983,14475496897,POINT (0.3120009334746631 0.5088536758805152),,,,,,,,,,,,,,,,,,,,,,,,,,,,,,,,
0,30,17,"{'x': 599.0417922713532, 'y': 549.5619699509564, 'elapsedTime': 40057.59999999963}",2591797650,14475513564,POINT (0.3120009334746631 0.5088536758805152),,,,,,,,,,,,,,,,,,,,,,,,,,,,,,,,
0,30,17,"{'x': 569.7080874534231, 'y': 535.608652582633, 'elapsedTime': 40100.299999999814}",2591814318,14475530231,POINT (0.2967229622153245 0.495933937576512),,,,,,,,,,,,,,,,,,,,,,,,,,,,,,,,
0,30,17,"{'x': 569.7080874534231, 'y': 535.608652582633, 'elapsedTime': 40100.299999999814}",2591830988,14475546901,POINT (0.2967229622153245 0.495933937576512),,,,,,,,,,,,,,,,,,,,,,,,,,,,,,,,
0,30,17,"{'x': 569.7080874534231, 'y': 535.608652582633, 'elapsedTime': 40100.299999999814}",2591847656,14475563568,POINT (0.2967229622153245 0.495933937576512),,,,,,,,,,,,,,,,,,,,,,,,,,,,,,,,
0,30,17,"{'x': 616.2804603970251, 'y': 544.73840941198, 'elapsedTime': 40149.5}",2591864322,14475580234,POINT (0.3209794064567839 0.5043874161222037),,,,,,,,,,,,,,,,,,,,,,,,,,,,,,,,
0,30,17,"{'x': 616.2804603970251, 'y': 544.73840941198, 'elapsedTime': 40149.5}",2591880990,14475596901,POINT (0.3209794064567839 0.5043874161222037),,,,,,,,,,,,,,,,,,,,,,,,,,,,,,,,
0,30,17,"{'x': 616.2804603970251, 'y': 544.73840941198, 'elapsedTime': 40149.5}",2591897657,14475613568,POINT (0.3209794064567839 0.5043874161222037),,,,,,,,,,,,,,,,,,,,,,,,,,,,,,,,
0,30,17,"{'x': 611.0967138148634, 'y': 508.1284608115651, 'elapsedTime': 40199.799999999814}",2591914325,14475630235,POINT (0.3182795384452414 0.470489315566264),,,,,,,,,,,,,,,,,,,,,,,,,,,,,,,,
0,30,17,"{'x': 611.0967138148634, 'y': 508.1284608115651, 'elapsedTime': 40199.799999999814}",2591930991,14475646901,POINT (0.3182795384452414 0.470489315566264),,,,,,,,,,,,,,,,,,,,,,,,,,,,,,,,
0,30,17,"{'x': 611.0967138148634, 'y': 508.1284608115651, 'elapsedTime': 40199.799999999814}",2591947658,14475663567,POINT (0.3182795384452414 0.470489315566264),,,,,,,,,,,,,,,,,,,,,,,,,,,,,,,,
0,30,17,"{'x': 641.8855306249648, 'y': 449.3171025830971, 'elapsedTime': 40248.09999999963}",2591964327,14475680236,POINT (0.3343153805338358 0.4160343542436084),,,,,,,,,,,,,,,,,,,,,,,,,,,,,,,,
0,30,17,"{'x': 641.8855306249648, 'y': 449.3171025830971, 'elapsedTime': 40248.09999999963}",2591980994,14475696902,POINT (0.3343153805338358 0.4160343542436084),,,,,,,,,,,,,,,,,,,,,,,,,,,,,,,,
0,30,17,"{'x': 641.8855306249648, 'y': 449.3171025830971, 'elapsedTime': 40248.09999999963}",2591997661,14475713569,POINT (0.3343153805338358 0.4160343542436084),,,,,,,,,,,,,,,,,,,,,,,,,,,,,,,,
0,30,17,"{'x': 632.1725718161118, 'y': 444.3623933765828, 'elapsedTime': 40291.59999999963}",2592014329,14475730236,POINT (0.3292565478208916 0.411446660533873),,,,,,,,,,,,,,,,,,,,,,,,,,,,,,,,
0,30,17,"{'x': 632.1725718161118, 'y': 444.3623933765828, 'elapsedTime': 40291.59999999963}",2592030995,14475746902,POINT (0.3292565478208916 0.411446660533873),,,,,,,,,,,,,,,,,,,,,,,,,,,,,,,,
0,30,17,"{'x': 632.1725718161118, 'y': 444.3623933765828, 'elapsedTime': 40291.59999999963}",2592047662,14475763568,POINT (0.3292565478208916 0.411446660533873),,,,,,,,,,,,,,,,,,,,,,,,,,,,,,,,
